2.06098 6.63372 8.23818 8.46954 
2.06098 4.11006 5.70355 6.63372 
2.06098 4.11006 5.70355 6.63372 
2.06098 4.11006 5.70355 6.63372 
2.06098 4.11006 5.70355 6.63372 
2.06098 4.11006 5.70355 6.63372 
2.06098 3.52431 4.11006 5.70355 
2.06098 3.52431 3.91791 4.11006 
2.06098 3.52431 3.91791 4.11006 
2.06098 3.52431 3.91791 4.11006 
2.06098 3.4873 3.52431 3.91791 
2.06098 3.4873 3.52431 3.91791 
2.06098 3.4873 3.52431 3.91791 
2.06098 3.4873 3.52431 3.91791 
2.06098 3.4873 3.52431 3.91791 
2.06098 3.4873 3.5087 3.52431 
2.06098 3.23315 3.4873 3.5087 
2.06098 3.23315 3.4873 3.5087 
2.06098 3.00543 3.23315 3.4873 
2.06098 3.00543 3.23315 3.4873 
2.06098 3.00543 3.05491 3.23315 
2.06098 3.00543 3.05491 3.23315 
2.06098 3.00543 3.05491 3.23315 
2.06098 3.00543 3.05491 3.23315 
2.06098 3.00543 3.05491 3.23315 
2.06098 3.00543 3.05491 3.23315 
1.58874 2.06098 3.00543 3.05491 
1.58874 2.06098 2.66744 3.00543 
1.58874 2.06098 2.66744 3.00543 
1.58874 2.06098 2.66744 3.00543 
1.58874 2.06098 2.66744 3.00543 
1.58874 2.06098 2.66744 3.00543 
1.58874 2.06098 2.66744 3.00543 
1.58874 1.98536 2.06098 2.66744 
1.58874 1.98536 2.06098 2.66744 
1.58874 1.98536 2.06098 2.66744 
1.58874 1.98536 2.06098 2.66744 
1.58874 1.98536 2.06098 2.64629 
1.58874 1.98536 2.06098 2.64629 
1.58874 1.98536 2.06098 2.64629 
1.58874 1.98536 2.06098 2.64629 
1.58874 1.98536 2.06098 2.64629 
1.58874 1.98536 2.06098 2.64629 
1.58874 1.98536 2.06098 2.64629 
1.58874 1.98536 2.06098 2.64629 
1.58874 1.98536 2.06098 2.64629 
1.58874 1.98536 2.06098 2.64629 
1.58874 1.98536 2.06098 2.64629 
1.58874 1.98536 2.06098 2.64629 
1.58874 1.98536 2.06098 2.64629 
1.58874 1.98536 2.06098 2.64629 
1.1692 1.56445 1.58874 1.98536 
1.1692 1.56445 1.58874 1.98536 
1.1692 1.56445 1.58874 1.98536 
1.1692 1.56445 1.58874 1.98536 
1.1692 1.56445 1.58874 1.98536 
1.1692 1.56445 1.58874 1.98536 
1.1692 1.56445 1.58874 1.98536 
1.1692 1.56445 1.58874 1.67419 
1.1692 1.56445 1.58874 1.67419 
1.1692 1.56445 1.58874 1.67419 
1.1692 1.56445 1.58874 1.67419 
1.1692 1.56445 1.58874 1.67419 
1.1692 1.56445 1.58874 1.67419 
1.1692 1.56445 1.58874 1.67419 
1.1692 1.56445 1.58874 1.67419 
1.1692 1.56445 1.58874 1.67419 
1.1692 1.56445 1.58874 1.67419 
1.1692 1.56445 1.58874 1.67419 
1.1692 1.56445 1.58874 1.67419 
1.1692 1.56445 1.58874 1.67419 
1.1692 1.56445 1.58874 1.67419 
1.1692 1.56445 1.58874 1.67419 
1.1692 1.56445 1.58874 1.67419 
1.1692 1.56445 1.58874 1.67419 
1.1692 1.56445 1.58874 1.67419 
1.1692 1.56445 1.58874 1.67419 
1.1692 1.56445 1.58874 1.67419 
1.1692 1.56445 1.58874 1.67419 
1.1692 1.56445 1.58874 1.67419 
1.1692 1.56445 1.58874 1.67419 
1.1692 1.56445 1.58874 1.67419 
1.1692 1.56445 1.58874 1.67419 
1.1692 1.56445 1.58874 1.67419 
1.1692 1.56445 1.58874 1.67419 
1.1692 1.56445 1.58874 1.67419 
1.1692 1.56445 1.58874 1.67419 
1.1692 1.56445 1.58874 1.67419 
1.1692 1.56445 1.58874 1.67419 
1.1692 1.56445 1.58874 1.67419 
1.1692 1.56445 1.58874 1.67419 
1.1692 1.56445 1.58874 1.67419 
1.1692 1.56445 1.58874 1.67419 
1.1692 1.56445 1.58874 1.67419 
1.1692 1.56445 1.58874 1.67419 
1.1692 1.56445 1.58874 1.67419 
1.1692 1.56445 1.58874 1.67419 
1.1692 1.56445 1.58874 1.67419 
1.1692 1.56445 1.58874 1.67419 
1.1692 1.56445 1.58874 1.67419 
