6.20564 6.4389 6.59929 9.54502 
6.20564 6.4389 6.59929 6.6616 
6.18073 6.20564 6.4389 6.59929 
6.08946 6.09051 6.18073 6.20564 
3.46152 5.52964 5.89455 6.08946 
3.46152 4.93882 5.52964 5.89455 
3.46152 4.93882 5.47009 5.52964 
3.46152 4.93882 5.47009 5.52964 
3.46152 4.07193 4.93882 5.47009 
3.46152 3.72921 4.07193 4.48622 
3.46152 3.72921 4.07193 4.48622 
3.46152 3.72921 4.07193 4.48622 
3.46152 3.72921 4.07193 4.31681 
3.46152 3.72921 4.07193 4.31681 
2.54486 3.33055 3.46152 3.72921 
2.54486 3.33055 3.46152 3.72921 
2.54486 3.33055 3.46152 3.72921 
2.54486 3.33055 3.41467 3.46152 
2.54486 3.33055 3.41467 3.46152 
2.54486 3.33055 3.41467 3.46152 
2.54486 3.33055 3.41467 3.46152 
2.54486 3.33055 3.41467 3.46152 
2.54486 3.33055 3.41467 3.46152 
2.54486 3.33055 3.41467 3.46152 
2.28161 2.54486 2.98777 3.33055 
2.28161 2.54486 2.72349 2.98777 
2.28161 2.54486 2.72349 2.98777 
2.28161 2.54486 2.72349 2.98777 
2.28161 2.54486 2.72349 2.98777 
2.28161 2.54486 2.72349 2.98777 
0.761562 2.28161 2.54486 2.72349 
0.761562 2.28161 2.54486 2.72349 
0.761562 2.28161 2.54486 2.72349 
0.761562 2.28161 2.54486 2.72349 
0.761562 2.28161 2.54486 2.72349 
0.761562 2.28161 2.54486 2.72349 
0.761562 2.28161 2.54486 2.72349 
0.761562 2.28161 2.54486 2.72349 
0.761562 2.28161 2.54486 2.72349 
0.761562 2.28161 2.54486 2.72349 
0.761562 2.28161 2.54486 2.72349 
0.761562 2.28161 2.54486 2.72349 
0.761562 2.28161 2.54486 2.72349 
0.761562 2.28161 2.54486 2.72349 
0.761562 2.28161 2.54486 2.72349 
0.761562 2.28161 2.54486 2.72349 
0.761562 2.28161 2.54486 2.72349 
0.761562 2.28161 2.54486 2.72349 
0.761562 2.28161 2.54486 2.72349 
0.761562 2.28161 2.54486 2.72349 
0.761562 2.28161 2.54486 2.72349 
0.761562 2.28161 2.54486 2.72349 
0.761562 2.28161 2.54486 2.72349 
0.761562 2.28161 2.54486 2.72349 
0.761562 2.28161 2.54486 2.72349 
0.761562 2.28161 2.54486 2.72349 
0.761562 2.28161 2.54486 2.72349 
0.761562 2.28161 2.54486 2.72349 
0.761562 2.28161 2.54486 2.72349 
0.761562 2.28161 2.54486 2.72349 
0.761562 2.28161 2.54486 2.72349 
0.761562 2.28161 2.54486 2.72349 
0.761562 2.28161 2.54486 2.72349 
0.761562 2.28161 2.54486 2.72349 
0.761562 2.28161 2.54486 2.72349 
0.761562 2.28161 2.54486 2.72349 
0.761562 2.28161 2.54486 2.72349 
0.761562 2.28161 2.54486 2.72349 
0.761562 2.28161 2.54486 2.72349 
0.761562 2.28161 2.54486 2.72349 
0.761562 2.28161 2.54486 2.72349 
0.761562 2.28161 2.54486 2.72349 
0.761562 2.28161 2.54486 2.72349 
0.761562 2.28161 2.54486 2.72349 
0.761562 2.28161 2.54486 2.72349 
0.761562 2.28161 2.54486 2.72349 
0.761562 2.28161 2.54486 2.72349 
0.761562 2.28161 2.54486 2.72349 
0.761562 2.28161 2.54486 2.72349 
0.761562 2.28161 2.54486 2.72349 
0.761562 2.28161 2.54486 2.72349 
0.761562 2.28161 2.54486 2.72349 
0.761562 2.28161 2.54486 2.72349 
0.761562 2.28161 2.54486 2.72349 
0.761562 2.28161 2.54486 2.72349 
0.761562 2.28161 2.54486 2.72349 
0.761562 2.28161 2.54486 2.72349 
0.761562 2.28161 2.54486 2.72349 
0.761562 2.28161 2.54486 2.72349 
0.761562 2.28161 2.54486 2.72349 
0.761562 2.28161 2.54486 2.72349 
0.761562 2.28161 2.54486 2.72349 
0.761562 2.28161 2.54486 2.72349 
0.761562 2.28161 2.54486 2.72349 
0.761562 2.28161 2.54486 2.72349 
0.761562 2.28161 2.54486 2.72349 
0.761562 2.28161 2.54486 2.72349 
0.761562 2.28161 2.54486 2.72349 
0.761562 2.28161 2.54486 2.72349 
0.761562 2.28161 2.54486 2.72349 
