5.89626 8.93946 9.49566 10.4017 
5.89626 7.0467 8.93946 9.49566 
5.89626 7.0467 8.77468 8.93946 
5.40726 5.89626 7.0467 8.77468 
5.40726 5.89626 7.01788 7.0467 
4.17103 5.40726 5.89626 7.01788 
2.59895 4.17103 5.40726 5.89626 
2.59895 4.17103 4.44717 5.40726 
2.59895 4.17103 4.44717 5.40726 
2.59895 4.17103 4.44195 4.44717 
2.59895 4.17103 4.44195 4.44717 
2.59895 4.15089 4.17103 4.44195 
2.59895 4.15089 4.17103 4.44195 
2.59895 4.15089 4.17103 4.44195 
2.59895 4.15089 4.17103 4.44195 
2.59895 4.15089 4.17103 4.44195 
2.59895 3.71106 4.15089 4.17103 
2.59895 2.88244 3.71106 4.15089 
2.59895 2.88244 3.71106 4.15089 
2.59895 2.88244 3.71106 4.15089 
2.59895 2.88244 3.71106 4.15089 
2.59895 2.88244 3.71106 3.93691 
2.59895 2.88244 3.71106 3.84909 
2.59895 2.88244 3.71106 3.84909 
1.31211 2.59895 2.88244 3.71106 
1.31211 2.59895 2.88244 3.71106 
1.31211 2.59895 2.88244 3.71106 
1.31211 1.51488 2.59895 2.88244 
1.31211 1.51488 2.59895 2.63195 
1.31211 1.51488 2.59895 2.63195 
1.31211 1.51488 2.59895 2.63195 
1.31211 1.51488 2.59895 2.63195 
1.31211 1.51488 2.59895 2.63195 
1.31211 1.51488 2.59895 2.63195 
1.31211 1.51488 2.59895 2.63195 
1.31211 1.51488 2.59895 2.63195 
1.31211 1.51488 2.07606 2.59895 
1.31211 1.51488 2.07606 2.59895 
1.31211 1.51488 2.07606 2.59895 
1.31211 1.51488 2.07606 2.59895 
1.31211 1.51488 2.07606 2.59895 
0.38661 1.31211 1.51488 2.07606 
0.38661 1.31211 1.51488 2.07606 
0.38661 1.31211 1.51488 2.07606 
0.38661 1.31211 1.51488 2.07606 
0.38661 1.31211 1.51488 2.07606 
0.38661 1.31211 1.51488 2.07606 
0.38661 1.31211 1.51488 2.07606 
0.38661 1.31211 1.51488 2.07606 
0.38661 1.31211 1.51488 2.07606 
0.38661 1.31211 1.51488 2.07606 
0.38661 1.31211 1.51488 2.07606 
0.38661 1.31211 1.51488 2.07606 
0.38661 1.31211 1.51488 2.07606 
0.38661 1.31211 1.51488 2.07606 
0.38661 1.31211 1.51488 2.07606 
0.38661 1.31211 1.51488 2.07606 
0.38661 1.31211 1.51488 2.07606 
0.38661 1.31211 1.51488 2.07606 
0.38661 1.31211 1.51488 2.07606 
0.38661 1.31211 1.51488 2.07606 
0.38661 1.31211 1.51488 2.07606 
0.38661 1.31211 1.51488 2.07606 
0.38661 1.31211 1.51488 2.07606 
0.38661 1.31211 1.51488 2.07606 
0.38661 1.31211 1.51488 2.07606 
0.38661 1.31211 1.51488 2.07606 
0.38661 1.31211 1.51488 2.07606 
0.38661 1.31211 1.51488 2.07606 
0.38661 1.31211 1.51488 2.07606 
0.38661 1.31211 1.51488 2.07606 
0.38661 1.31211 1.51488 2.07606 
0.38661 1.31211 1.51488 2.07606 
0.38661 1.31211 1.51488 2.07606 
0.38661 1.31211 1.51488 2.07606 
0.38661 1.31211 1.51488 2.07606 
0.38661 1.31211 1.51488 2.07606 
0.38661 1.31211 1.51488 2.07606 
0.38661 1.31211 1.51488 2.07606 
0.38661 1.31211 1.51488 2.07606 
0.38661 1.31211 1.51488 2.07606 
0.38661 1.31211 1.51488 2.07606 
0.38661 1.31211 1.51488 2.07606 
0.38661 1.31211 1.51488 2.07606 
0.38661 1.31211 1.51488 2.07606 
0.38661 1.31211 1.51488 2.07606 
0.38661 1.31211 1.51488 2.07606 
0.38661 1.31211 1.51488 2.07606 
0.38661 1.31211 1.51488 2.07606 
0.38661 1.31211 1.51488 2.07606 
0.38661 1.31211 1.51488 2.07606 
0.38661 1.31211 1.51488 2.07606 
0.38661 1.31211 1.51488 2.07606 
0.38661 1.31211 1.51488 2.07606 
0.38661 1.31211 1.51488 2.07606 
0.38661 1.31211 1.51488 2.07606 
0.38661 1.31211 1.51488 2.07606 
0.38661 1.31211 1.51488 2.07606 
0.38661 1.31211 1.51488 2.07606 
0.38661 1.31211 1.51488 2.07606 
