6.04992 9.48541 10.2556 11.2639 
1.39637 4.91799 6.04992 9.48541 
1.39637 4.91799 6.04992 9.48541 
1.39637 4.91799 6.04992 8.09785 
1.39637 4.91799 6.04992 6.39484 
1.39637 4.91799 6.04992 6.39484 
1.39637 3.05147 4.91799 6.04992 
1.39637 3.05147 4.30081 4.91799 
1.39637 3.05147 3.45328 4.30081 
1.39637 3.05147 3.45328 3.54999 
1.39637 3.05147 3.45328 3.54999 
1.39637 3.05147 3.45328 3.54999 
1.39637 3.05147 3.45328 3.54999 
1.39637 3.05147 3.45328 3.54999 
1.39637 3.05147 3.45328 3.54999 
1.39637 3.05147 3.45328 3.54999 
1.39637 3.05147 3.45328 3.54999 
1.39637 3.05147 3.45328 3.54999 
1.39637 3.05147 3.23473 3.45328 
1.39637 3.05147 3.23473 3.45328 
1.39637 3.05147 3.23473 3.45328 
1.39637 3.05147 3.23473 3.45328 
1.39637 3.05147 3.23473 3.45328 
1.39637 3.05147 3.23473 3.45328 
1.39637 3.05147 3.23473 3.45328 
1.39637 3.05147 3.23473 3.45328 
1.39637 3.05147 3.23473 3.45328 
1.39637 3.05147 3.23473 3.45328 
1.39637 3.05147 3.23473 3.45328 
1.39637 3.05147 3.23473 3.45328 
1.39637 3.05147 3.23473 3.45328 
1.39637 3.05147 3.23473 3.45328 
1.39637 3.05147 3.23473 3.45328 
1.39637 3.05147 3.23473 3.45328 
1.39637 3.05147 3.23473 3.45328 
1.39637 3.05147 3.23473 3.45328 
1.39637 3.05147 3.23473 3.45328 
1.39637 3.05147 3.23473 3.45328 
1.39637 3.05147 3.23473 3.45328 
1.39637 3.05147 3.23473 3.24313 
1.39637 3.05147 3.23473 3.24313 
1.39637 3.05147 3.23473 3.24313 
1.39637 3.05147 3.23473 3.24313 
1.39637 3.05147 3.23473 3.24313 
1.39637 3.05147 3.23473 3.24313 
1.39637 3.05147 3.23473 3.24313 
1.39637 3.05147 3.23473 3.24313 
1.39637 3.05147 3.23473 3.24313 
1.39637 3.05147 3.23473 3.24313 
1.39637 3.05147 3.23473 3.24313 
1.39637 3.05147 3.23473 3.24313 
1.39637 3.05147 3.23473 3.24313 
1.39637 3.05147 3.23473 3.24313 
1.39637 3.05147 3.23473 3.24313 
1.39637 3.05147 3.23473 3.24313 
1.39637 3.05147 3.23473 3.24313 
1.39637 3.05147 3.23473 3.24313 
1.39637 3.05147 3.23473 3.24313 
1.39637 3.05147 3.23473 3.24313 
1.39637 3.05147 3.23473 3.24313 
1.39637 3.05147 3.23473 3.24313 
1.39637 3.05147 3.23473 3.24313 
1.39637 3.05147 3.23473 3.24313 
1.39637 3.05147 3.23473 3.24313 
1.39637 3.05147 3.23473 3.24313 
1.39637 3.05147 3.23473 3.24313 
1.39637 3.05147 3.23473 3.24313 
1.39637 3.05147 3.23473 3.24313 
1.39637 3.05147 3.23473 3.24313 
1.39637 3.05147 3.23473 3.24313 
1.39637 3.05147 3.23473 3.24313 
1.39637 3.05147 3.23473 3.24313 
1.39637 3.05147 3.23473 3.24313 
1.39637 3.05147 3.23473 3.24313 
1.39637 3.05147 3.23473 3.24313 
1.39637 3.05147 3.23473 3.24313 
1.39637 3.05147 3.23473 3.24313 
1.39637 3.05147 3.23473 3.24313 
1.39637 3.05147 3.23473 3.24313 
1.39637 3.05147 3.23473 3.24313 
1.39637 3.05147 3.23473 3.24313 
1.39637 3.05147 3.23473 3.24313 
1.39637 3.05147 3.23473 3.24313 
1.39637 3.05147 3.23473 3.24313 
1.39637 3.05147 3.23473 3.24313 
1.39637 3.05147 3.23473 3.24313 
1.39637 3.05147 3.23473 3.24313 
1.39637 3.05147 3.23473 3.24313 
1.39637 3.05147 3.23473 3.24313 
1.39637 3.05147 3.23473 3.24313 
1.39637 3.05147 3.23473 3.24313 
1.39637 3.05147 3.23473 3.24313 
1.39637 3.05147 3.23473 3.24313 
1.39637 3.05147 3.23473 3.24313 
1.39637 3.05147 3.23473 3.24313 
1.39637 3.05147 3.23473 3.24313 
1.39637 3.05147 3.23473 3.24313 
1.39637 3.05147 3.23473 3.24313 
1.39637 3.05147 3.23473 3.24313 
1.39637 3.05147 3.23473 3.24313 
