3.22624 3.89556 8.48305 10.3096 
3.22624 3.89556 5.74229 8.47299 
3.22624 3.89556 3.96888 5.74229 
1.24312 3.22624 3.89556 3.96888 
1.24312 3.22624 3.77341 3.89556 
1.24312 3.22624 3.77341 3.89556 
1.24312 3.22624 3.77341 3.89556 
1.24312 3.22624 3.77341 3.89556 
1.24312 3.22624 3.77341 3.89556 
1.24312 3.22624 3.77341 3.89556 
1.24312 3.22624 3.77341 3.89556 
1.24312 3.22624 3.77341 3.89556 
1.24312 3.22624 3.77341 3.89556 
1.24312 3.22624 3.77341 3.89556 
1.24312 3.22624 3.77341 3.89556 
1.24312 3.22624 3.68351 3.77341 
1.24312 2.8239 3.22624 3.68351 
1.24312 2.8239 3.22624 3.68351 
1.24312 2.8239 3.22624 3.68351 
1.24312 2.8239 3.22624 3.68351 
1.24312 2.8239 3.22624 3.68351 
1.24312 2.8239 3.22624 3.68351 
1.24312 2.8239 3.22624 3.68351 
1.24312 2.60235 2.8239 3.22624 
1.24312 2.60235 2.8239 3.22624 
1.24312 2.60235 2.8239 3.22624 
1.24312 2.60235 2.8239 3.20962 
1.24312 2.60235 2.8239 3.17752 
1.24312 2.60235 2.8239 3.17752 
1.24312 2.60235 2.8239 3.17752 
1.24312 2.60235 2.8239 2.93899 
1.24312 2.60235 2.8239 2.93899 
1.24312 2.60235 2.8239 2.93899 
1.24312 2.60235 2.8239 2.93899 
1.24312 2.60235 2.8239 2.93899 
1.24312 2.60235 2.8239 2.93899 
1.24312 2.60235 2.8239 2.93899 
1.24312 2.60235 2.8239 2.93899 
1.24312 2.60235 2.8239 2.93899 
1.24312 2.60235 2.63458 2.8239 
1.24312 2.60235 2.63458 2.8239 
1.24312 2.60235 2.63458 2.65352 
1.24312 2.60235 2.63458 2.65352 
1.24312 2.60235 2.63458 2.65352 
1.24312 2.60235 2.63458 2.65352 
1.24312 2.60235 2.63458 2.65352 
1.24312 2.60235 2.63458 2.65352 
1.24312 1.27337 2.60235 2.63458 
1.24312 1.27337 2.60235 2.63458 
1.24312 1.27337 2.60235 2.63458 
1.24312 1.27337 1.92731 2.54575 
1.24312 1.27337 1.58184 1.92731 
1.24312 1.27337 1.58184 1.92731 
1.24312 1.27337 1.58184 1.92731 
1.24312 1.27337 1.58184 1.92731 
1.24312 1.27337 1.58184 1.92731 
1.24312 1.27337 1.58184 1.92731 
1.24312 1.27337 1.58184 1.92731 
1.24312 1.27337 1.58184 1.92731 
1.24312 1.27337 1.58184 1.92731 
1.24312 1.27337 1.58184 1.92731 
1.24312 1.27337 1.58184 1.92731 
1.24312 1.27337 1.58184 1.92731 
1.24312 1.27337 1.58184 1.92731 
1.24312 1.27337 1.58184 1.92731 
1.24312 1.27337 1.58184 1.92731 
1.24312 1.27337 1.58184 1.92731 
1.24312 1.27337 1.58184 1.92731 
1.24312 1.27337 1.58184 1.92731 
1.24312 1.27337 1.58184 1.92731 
1.24312 1.27337 1.58184 1.92731 
1.24312 1.27337 1.58184 1.92731 
1.24312 1.27337 1.58184 1.92731 
1.24312 1.27337 1.58184 1.92731 
1.24312 1.27337 1.58184 1.92731 
1.24312 1.27337 1.58184 1.92731 
1.24312 1.27337 1.58184 1.92731 
1.24312 1.27337 1.58184 1.92731 
1.24312 1.27337 1.58184 1.92731 
1.24312 1.27337 1.58184 1.92731 
1.24312 1.27337 1.58184 1.92731 
1.24312 1.27337 1.58184 1.92731 
1.24312 1.27337 1.58184 1.92731 
1.24312 1.27337 1.58184 1.92731 
1.24312 1.27337 1.58184 1.92731 
1.24312 1.27337 1.58184 1.92731 
1.24312 1.27337 1.58184 1.92731 
1.24312 1.27337 1.58184 1.92731 
1.24312 1.27337 1.58184 1.92731 
1.24312 1.27337 1.58184 1.92731 
1.24312 1.27337 1.58184 1.92731 
1.24312 1.27337 1.58184 1.92731 
1.24312 1.27337 1.58184 1.92731 
1.24312 1.27337 1.58184 1.92731 
1.24312 1.27337 1.58184 1.92731 
1.24312 1.27337 1.58184 1.92731 
1.24312 1.27337 1.58184 1.92731 
1.24312 1.27337 1.58184 1.92731 
1.24312 1.27337 1.58184 1.92731 
1.24312 1.27337 1.58184 1.92731 
