4.81521 6.63915 6.77278 7.47089 
4.81521 6.5072 6.63915 6.77278 
4.81521 6.5072 6.63915 6.77278 
4.81521 6.5072 6.63915 6.77278 
4.81521 6.5072 6.63915 6.77278 
4.81521 5.76983 6.5072 6.63915 
4.81521 5.76983 6.5072 6.63915 
4.81521 5.76983 6.5072 6.63915 
4.81521 5.76983 6.5072 6.63915 
4.81521 5.76983 6.5072 6.63915 
4.81521 5.76983 6.5072 6.63915 
4.81521 5.76983 6.5072 6.63915 
4.81521 5.76983 6.5072 6.63915 
4.81521 5.76983 6.5072 6.63915 
4.81521 5.76983 6.5072 6.63915 
4.81521 5.76983 6.5072 6.63915 
4.81521 5.76983 6.5072 6.63915 
4.81521 5.76983 6.5072 6.63915 
4.81521 5.76983 6.5072 6.63915 
4.81521 5.76983 6.5072 6.63915 
4.81521 5.76983 6.5072 6.63915 
4.81521 5.76983 6.5072 6.63915 
4.81521 5.76983 6.5072 6.63915 
4.81521 5.76983 6.5072 6.63915 
4.81521 5.76983 6.5072 6.63915 
4.81521 5.76983 6.5072 6.63915 
4.81521 5.76983 6.5072 6.63915 
4.81521 5.76983 6.5072 6.63915 
4.81521 5.76983 6.5072 6.63915 
4.81521 5.76983 6.5072 6.63915 
4.81521 5.76983 6.5072 6.63915 
4.81521 5.76983 6.5072 6.63915 
4.81521 5.76983 6.5072 6.63915 
4.81521 5.76983 6.5072 6.63915 
4.81521 5.76983 6.5072 6.63915 
4.81521 5.76983 6.5072 6.63915 
4.81521 5.76983 6.5072 6.63915 
4.81521 5.76983 6.5072 6.63915 
4.81521 5.76983 6.5072 6.63915 
4.81521 5.76983 6.5072 6.63915 
4.81521 5.76983 6.5072 6.63915 
4.81521 5.76983 6.5072 6.63915 
4.81521 5.76983 6.5072 6.63915 
4.81521 5.76983 6.5072 6.63915 
4.81521 5.76983 6.5072 6.63915 
4.81521 5.76983 6.5072 6.63915 
4.81521 5.76983 6.5072 6.63915 
4.81521 5.76983 6.5072 6.63915 
4.81521 5.76983 6.5072 6.63915 
4.81521 5.76983 6.5072 6.63915 
4.81521 5.76983 6.5072 6.63915 
4.81521 5.76983 6.5072 6.63915 
4.81521 5.76983 6.5072 6.63915 
4.81521 5.76983 6.5072 6.63915 
4.81521 5.76983 6.5072 6.63915 
4.81521 5.76983 6.5072 6.63915 
4.81521 5.76983 6.5072 6.63915 
4.81521 5.76983 6.5072 6.63915 
4.81521 5.76983 6.5072 6.63915 
4.81521 5.76983 6.5072 6.63915 
4.81521 5.76983 6.5072 6.63915 
4.81521 5.76983 6.5072 6.63915 
4.81521 5.76983 6.5072 6.63915 
4.81521 5.76983 6.5072 6.63915 
4.81521 5.76983 6.5072 6.63915 
4.81521 5.76983 6.5072 6.63915 
4.81521 5.76983 6.5072 6.63915 
4.81521 5.76983 6.5072 6.63915 
4.81521 5.76983 6.5072 6.63915 
4.81521 5.76983 6.5072 6.63915 
4.81521 5.76983 6.5072 6.63915 
4.81521 5.76983 6.5072 6.63915 
4.81521 5.76983 6.5072 6.63915 
4.81521 5.76983 6.5072 6.63915 
4.81521 5.76983 6.5072 6.63915 
4.81521 5.76983 6.5072 6.63915 
4.81521 5.76983 6.5072 6.63915 
4.81521 5.76983 6.5072 6.63915 
4.81521 5.76983 6.5072 6.63915 
4.81521 5.76983 6.5072 6.63915 
4.81521 5.76983 6.5072 6.63915 
4.81521 5.76983 6.5072 6.63915 
4.81521 5.76983 6.5072 6.63915 
4.81521 5.76983 6.5072 6.63915 
4.81521 5.76983 6.5072 6.63915 
4.81521 5.76983 6.5072 6.63915 
4.81521 5.76983 6.5072 6.63915 
4.81521 5.76983 6.5072 6.63915 
4.81521 5.76983 6.5072 6.63915 
4.81521 5.76983 6.5072 6.63915 
4.81521 5.76983 6.5072 6.63915 
4.81521 5.76983 6.5072 6.63915 
4.81521 5.76983 6.5072 6.63915 
4.81521 5.76983 6.5072 6.63915 
4.81521 5.76983 6.5072 6.63915 
4.81521 5.76983 6.5072 6.63915 
4.81521 5.76983 6.5072 6.63915 
4.81521 5.76983 6.5072 6.63915 
4.81521 5.76983 6.5072 6.63915 
4.81521 5.76983 6.5072 6.63915 
