3.2029 8.26445 8.2941 8.3058 
3.2029 7.64818 8.01233 8.26445 
3.17333 3.2029 5.88405 7.64818 
3.17333 3.2029 5.62558 5.88405 
3.17333 3.2029 5.62558 5.88405 
3.17333 3.2029 4.38364 5.62558 
3.17333 3.2029 4.38364 5.62558 
3.17333 3.2029 4.38364 5.62558 
3.17333 3.2029 4.38364 5.62558 
3.17333 3.2029 4.38364 5.62558 
3.17333 3.2029 4.38364 5.62558 
3.17333 3.2029 3.93414 4.38364 
3.17333 3.2029 3.93414 4.38364 
1.92748 3.14509 3.17333 3.2029 
1.92748 3.14509 3.17333 3.2029 
1.92748 3.14509 3.17333 3.2029 
1.92748 3.14509 3.17333 3.2029 
0.413799 1.92748 3.14509 3.17333 
0.413799 1.92748 3.14509 3.17333 
0.413799 1.92748 3.14509 3.17333 
0.413799 1.92748 3.14509 3.17333 
0.413799 1.92748 3.14509 3.17333 
0.413799 1.92748 3.14509 3.17333 
0.413799 1.92748 3.14509 3.17333 
0.413799 1.92748 3.14509 3.17333 
0.413799 1.92748 3.14509 3.17333 
0.413799 1.92748 3.14509 3.17333 
0.413799 1.92748 3.14509 3.17333 
0.413799 1.92748 2.66532 3.14509 
0.413799 1.92748 2.66532 3.14509 
0.413799 1.92748 2.66532 3.14509 
0.413799 1.92748 2.66532 3.14509 
0.413799 1.92748 2.37113 2.66532 
0.413799 1.92748 2.37113 2.66532 
0.413799 1.92748 2.05991 2.37113 
0.413799 1.71876 1.92748 2.05991 
0.413799 1.71876 1.92748 2.05991 
0.413799 1.71876 1.92748 2.05991 
0.413799 1.71876 1.92748 2.05991 
0.413799 1.71876 1.92748 2.05991 
0.413799 1.71876 1.92748 2.05991 
0.158674 0.413799 1.71876 1.92748 
0.158674 0.413799 1.71876 1.92748 
0.158674 0.413799 1.71876 1.92748 
0.158674 0.413799 1.71876 1.92748 
0.158674 0.413799 1.71876 1.92748 
0.158674 0.413799 0.783482 1.71876 
0.158674 0.413799 0.783482 1.16751 
0.158674 0.413799 0.783482 1.16751 
0.158674 0.413799 0.783482 1.16751 
0.158674 0.413799 0.783482 1.16751 
0.158674 0.413799 0.783482 1.16751 
0.158674 0.413799 0.513887 0.783482 
0.158674 0.413799 0.513887 0.783482 
0.158674 0.413799 0.513887 0.783482 
0.158674 0.413799 0.513887 0.783482 
0.158674 0.413799 0.513887 0.783482 
0.158674 0.413799 0.513887 0.783482 
0.158674 0.357682 0.413799 0.513887 
0.158674 0.357682 0.413799 0.513887 
0.158674 0.357682 0.413799 0.513887 
0.158674 0.357682 0.413799 0.513887 
0.158674 0.357682 0.413799 0.513887 
0.158674 0.357682 0.413799 0.513887 
0.158674 0.357682 0.413799 0.513887 
0.158674 0.357682 0.413799 0.513887 
0.158674 0.357682 0.413799 0.513887 
0.158674 0.357682 0.413799 0.513887 
0.158674 0.357682 0.413799 0.513887 
0.158674 0.357682 0.413799 0.513887 
0.158674 0.357682 0.413799 0.513887 
0.158674 0.357682 0.413799 0.513887 
0.158674 0.357682 0.413799 0.513887 
0.158674 0.357682 0.413799 0.513887 
0.158674 0.357682 0.413799 0.513887 
0.158674 0.357682 0.413799 0.513887 
0.158674 0.357682 0.413799 0.513887 
0.158674 0.357682 0.413799 0.513887 
0.158674 0.357682 0.413799 0.513887 
0.158674 0.357682 0.413799 0.513887 
0.158674 0.357682 0.413799 0.513887 
0.158674 0.357682 0.413799 0.513887 
0.158674 0.357682 0.413799 0.513887 
0.158674 0.357682 0.413799 0.513887 
0.158674 0.357682 0.413799 0.513887 
0.158674 0.357682 0.413799 0.513887 
0.158674 0.357682 0.413799 0.513887 
0.158674 0.357682 0.413799 0.513887 
0.158674 0.357682 0.413799 0.513887 
0.158674 0.357682 0.413799 0.513887 
0.158674 0.357682 0.413799 0.513887 
0.158674 0.357682 0.413799 0.513887 
0.158674 0.357682 0.413799 0.513887 
0.158674 0.357682 0.413799 0.513887 
0.158674 0.357682 0.413799 0.513887 
0.158674 0.357682 0.413799 0.513887 
0.158674 0.357682 0.413799 0.513887 
0.158674 0.357682 0.413799 0.513887 
0.158674 0.357682 0.413799 0.513887 
0.158674 0.357682 0.413799 0.513887 
