6.15184 7.55564 8.67258 8.88238 
6.15184 7.55564 7.88568 8.38537 
6.15184 7.55564 7.85965 7.88568 
6.15184 7.07021 7.55564 7.85965 
6.15184 6.74764 7.07021 7.40115 
6.15184 6.74764 7.07021 7.40115 
6.15184 6.74764 7.07021 7.40115 
6.15184 6.74764 7.07021 7.40115 
6.15184 6.74764 7.07021 7.40115 
6.15184 6.74764 7.00472 7.07021 
6.15184 6.74764 7.00472 7.07021 
6.15184 6.74764 7.00472 7.07021 
6.15184 6.74764 7.00472 7.07021 
6.15184 6.74764 7.00472 7.07021 
6.15184 6.74764 7.00472 7.07021 
6.15184 6.74764 7.00472 7.07021 
6.15184 6.74764 7.00472 7.07021 
6.15184 6.74764 7.00472 7.07021 
6.15184 6.74764 7.00472 7.07021 
6.15184 6.74764 7.00472 7.07021 
6.15184 6.74764 7.00472 7.07021 
6.15184 6.74764 7.00472 7.07021 
6.15184 6.74764 7.00472 7.07021 
6.15184 6.74764 7.00472 7.07021 
6.15184 6.74764 7.00472 7.07021 
6.15184 6.74764 7.00472 7.07021 
6.15184 6.74764 7.00472 7.07021 
6.15184 6.74764 7.00472 7.07021 
6.15184 6.74764 7.00472 7.07021 
6.15184 6.74764 7.00472 7.07021 
6.15184 6.74764 7.00472 7.07021 
6.15184 6.74764 7.00472 7.07021 
6.15184 6.74764 7.00472 7.07021 
6.15184 6.74764 7.00472 7.07021 
6.15184 6.74764 7.00472 7.07021 
6.15184 6.74764 7.00472 7.07021 
6.15184 6.74764 7.00472 7.07021 
6.15184 6.74764 7.00472 7.07021 
6.15184 6.74764 7.00472 7.07021 
6.15184 6.74764 7.00472 7.07021 
6.15184 6.74764 7.00472 7.07021 
6.15184 6.74764 7.00472 7.07021 
6.15184 6.74764 7.00472 7.07021 
6.15184 6.74764 7.00472 7.07021 
6.15184 6.74764 7.00472 7.07021 
6.15184 6.74764 7.00472 7.07021 
6.15184 6.74764 7.00472 7.07021 
6.15184 6.74764 7.00472 7.07021 
6.15184 6.74764 7.00472 7.07021 
6.15184 6.74764 7.00472 7.07021 
6.15184 6.74764 7.00472 7.07021 
6.15184 6.74764 7.00472 7.07021 
6.15184 6.74764 7.00472 7.07021 
6.15184 6.74764 7.00472 7.07021 
6.15184 6.74764 7.00472 7.07021 
6.15184 6.74764 7.00472 7.07021 
6.15184 6.74764 7.00472 7.07021 
6.15184 6.74764 7.00472 7.07021 
6.15184 6.74764 7.00472 7.07021 
6.15184 6.74764 7.00472 7.07021 
6.15184 6.74764 7.00472 7.07021 
6.15184 6.74764 7.00472 7.07021 
6.15184 6.74764 7.00472 7.07021 
6.15184 6.74764 7.00472 7.07021 
6.15184 6.74764 7.00472 7.07021 
6.15184 6.74764 7.00472 7.07021 
6.15184 6.74764 7.00472 7.07021 
6.15184 6.74764 7.00472 7.07021 
6.15184 6.74764 7.00472 7.07021 
6.15184 6.74764 7.00472 7.07021 
6.15184 6.74764 7.00472 7.07021 
6.15184 6.74764 7.00472 7.07021 
6.15184 6.74764 7.00472 7.07021 
6.15184 6.74764 7.00472 7.07021 
6.15184 6.74764 7.00472 7.07021 
6.15184 6.74764 7.00472 7.07021 
6.15184 6.74764 7.00472 7.07021 
6.15184 6.74764 7.00472 7.07021 
6.15184 6.74764 7.00472 7.07021 
6.15184 6.74764 7.00472 7.07021 
6.15184 6.74764 7.00472 7.07021 
6.15184 6.74764 7.00472 7.07021 
6.15184 6.74764 7.00472 7.07021 
6.15184 6.74764 7.00472 7.07021 
6.15184 6.74764 7.00472 7.07021 
6.15184 6.74764 7.00472 7.07021 
6.15184 6.74764 7.00472 7.07021 
6.15184 6.74764 7.00472 7.07021 
6.15184 6.74764 7.00472 7.07021 
6.15184 6.74764 7.00472 7.07021 
6.15184 6.74764 7.00472 7.07021 
6.15184 6.74764 7.00472 7.07021 
6.15184 6.74764 7.00472 7.07021 
6.15184 6.74764 7.00472 7.07021 
6.15184 6.74764 7.00472 7.07021 
6.15184 6.74764 7.00472 7.07021 
6.15184 6.74764 7.00472 7.07021 
6.15184 6.74764 7.00472 7.07021 
6.15184 6.74764 7.00472 7.07021 
6.15184 6.74764 7.00472 7.07021 
