7.66091 7.69951 8.8423 9.56863 
4.17587 6.72848 7.66091 7.69951 
4.17587 5.57832 6.05898 6.72848 
3.02884 4.17587 5.57832 6.05898 
3.02884 4.17587 5.57832 6.05898 
3.02884 4.17587 5.57832 6.05898 
3.02884 4.17587 5.57832 6.05898 
3.02884 4.17587 4.43522 5.57832 
3.02884 4.17587 4.43522 4.98529 
3.02884 4.17587 4.43522 4.98529 
3.02884 4.17587 4.43522 4.98529 
3.02884 4.17587 4.43522 4.65441 
3.02884 4.17587 4.43522 4.65441 
3.02884 4.17587 4.43522 4.65441 
3.02884 4.17587 4.43522 4.65441 
3.02884 4.17587 4.43522 4.65441 
3.02884 4.17587 4.43522 4.65441 
3.02884 4.17587 4.43522 4.65441 
3.02884 4.17587 4.43522 4.52874 
3.02884 4.17587 4.43522 4.52874 
3.02884 4.17587 4.43522 4.52874 
3.02884 4.17587 4.43522 4.52874 
3.02884 4.17587 4.43522 4.52874 
3.02884 4.17587 4.43522 4.52874 
3.02884 4.17587 4.43522 4.52874 
3.02884 4.17587 4.43522 4.52874 
3.02884 4.17587 4.43522 4.52874 
3.02884 4.17587 4.43522 4.52874 
3.02884 4.17587 4.43522 4.52874 
3.02884 4.17587 4.43522 4.52874 
3.02884 4.17587 4.43522 4.52874 
3.02884 4.17587 4.43522 4.52874 
3.02884 4.17587 4.43522 4.52874 
3.02884 4.17587 4.43522 4.52874 
3.02884 4.17587 4.43522 4.52874 
3.02884 4.17587 4.43522 4.52874 
3.02884 4.17587 4.43522 4.52874 
3.02884 4.17587 4.43522 4.52874 
3.02884 4.17587 4.43522 4.52874 
3.02884 4.04956 4.17587 4.43522 
3.02884 3.9031 4.04956 4.17587 
3.02884 3.9031 4.04956 4.17587 
3.02884 3.9031 4.04956 4.17587 
3.02884 3.9031 4.04956 4.17587 
3.02884 3.9031 4.04956 4.17587 
3.02884 3.9031 4.04956 4.17587 
3.02884 3.9031 4.04956 4.17587 
3.02884 3.9031 4.04956 4.17587 
3.02884 3.9031 4.04956 4.17587 
3.02884 3.9031 4.04956 4.17587 
3.02884 3.9031 4.04956 4.17587 
3.02884 3.9031 4.04956 4.17587 
3.02884 3.9031 4.04956 4.17587 
3.02884 3.9031 4.04956 4.17587 
3.02884 3.9031 4.04956 4.17587 
3.02884 3.9031 4.04956 4.17587 
3.02884 3.9031 4.04956 4.17587 
3.02884 3.9031 4.04956 4.17587 
3.02884 3.9031 4.04956 4.17587 
3.02884 3.9031 4.04956 4.17587 
3.02884 3.9031 4.04956 4.17587 
3.02884 3.9031 4.04956 4.17587 
3.02884 3.9031 4.04956 4.17587 
3.02884 3.9031 4.04956 4.17587 
3.02884 3.9031 4.04956 4.17587 
3.02884 3.9031 4.04956 4.17587 
3.02884 3.9031 4.04956 4.17587 
3.02884 3.9031 4.04956 4.17587 
3.02884 3.9031 4.04956 4.17587 
3.02884 3.9031 4.04956 4.17587 
3.02884 3.9031 4.04956 4.17587 
3.02884 3.9031 4.04956 4.17587 
3.02884 3.9031 4.04956 4.17587 
3.02884 3.9031 4.04956 4.17587 
3.02884 3.9031 4.04956 4.17587 
3.02884 3.9031 4.04956 4.17587 
3.02884 3.9031 4.04956 4.17587 
3.02884 3.9031 4.04956 4.17587 
3.02884 3.9031 4.04956 4.17587 
3.02884 3.9031 4.04956 4.17587 
3.02884 3.9031 4.04956 4.17587 
3.02884 3.9031 4.04956 4.17587 
3.02884 3.9031 4.04956 4.17587 
3.02884 3.9031 4.04956 4.17587 
3.02884 3.9031 4.04956 4.17587 
3.02884 3.9031 4.04956 4.17587 
3.02884 3.9031 4.04956 4.17587 
3.02884 3.9031 4.04956 4.17587 
3.02884 3.9031 4.04956 4.17587 
3.02884 3.9031 4.04956 4.17587 
3.02884 3.9031 4.04956 4.17587 
3.02884 3.9031 4.04956 4.17587 
3.02884 3.9031 4.04956 4.17587 
3.02884 3.9031 4.04956 4.17587 
3.02884 3.9031 4.04956 4.17587 
3.02884 3.9031 4.04956 4.17587 
3.02884 3.9031 4.04956 4.17587 
3.02884 3.9031 4.04956 4.17587 
3.02884 3.9031 4.04956 4.17587 
3.02884 3.9031 4.04956 4.17587 
