5.83054 6.54566 7.69489 8.56125 
2.91028 5.83054 6.54566 6.62221 
2.91028 5.83054 6.01774 6.54566 
2.91028 5.83054 6.01774 6.54566 
2.91028 5.83054 6.01774 6.37344 
2.91028 5.83054 6.01774 6.37344 
2.91028 5.83054 6.01774 6.02725 
2.91028 5.83054 6.01774 6.02725 
2.91028 5.83054 6.01774 6.02725 
2.91028 5.83054 6.01774 6.02725 
2.91028 5.83054 6.01774 6.02725 
2.91028 5.31318 5.83054 6.01774 
2.91028 5.31318 5.83054 6.01774 
2.91028 5.31318 5.83054 6.01774 
2.91028 5.31318 5.83054 6.01774 
2.91028 5.31318 5.83054 6.01774 
2.91028 5.31318 5.83054 6.01774 
2.91028 4.53157 5.31318 5.83054 
2.91028 4.3282 4.53157 5.31318 
2.91028 4.3282 4.53157 5.31318 
2.91028 4.3282 4.53157 5.31318 
2.91028 4.3282 4.53157 5.31318 
2.91028 4.3282 4.53157 5.31318 
2.91028 4.3282 4.53157 5.31318 
2.91028 4.3282 4.53157 4.57847 
2.91028 3.11412 4.3282 4.53157 
2.91028 3.11412 4.3282 4.53157 
2.91028 3.11412 4.16063 4.3282 
2.91028 3.11412 4.16063 4.3282 
2.64118 2.91028 3.11412 4.16063 
2.64118 2.91028 3.11412 4.16063 
2.64118 2.91028 3.11412 3.15487 
2.64118 2.91028 3.11412 3.15487 
2.64118 2.91028 3.11412 3.15487 
2.64118 2.91028 2.9199 3.11412 
2.64118 2.91028 2.9199 2.97355 
2.64118 2.91028 2.9199 2.97355 
2.64118 2.91028 2.9199 2.97355 
0.545901 2.64118 2.91028 2.9199 
0.545901 2.64118 2.91028 2.9199 
0.545901 2.64118 2.91028 2.9199 
0.545901 2.64118 2.91028 2.9199 
0.545901 2.64118 2.91028 2.9199 
0.545901 2.64118 2.91028 2.9199 
0.545901 2.64118 2.91028 2.9199 
0.545901 2.64118 2.91028 2.9199 
0.545901 2.64118 2.91028 2.9199 
0.545901 2.64118 2.91028 2.9199 
0.545901 2.64118 2.91028 2.9199 
0.545901 2.64118 2.91028 2.9199 
0.545901 2.64118 2.91028 2.9199 
0.545901 2.64118 2.91028 2.9199 
0.545901 2.64118 2.91028 2.9199 
0.545901 2.64118 2.91028 2.9199 
0.545901 2.64118 2.91028 2.9199 
0.545901 2.64118 2.91028 2.9199 
0.545901 2.64118 2.91028 2.9199 
0.545901 2.64118 2.91028 2.9199 
0.545901 2.64118 2.91028 2.9199 
0.545901 2.64118 2.91028 2.9199 
0.545901 2.64118 2.91028 2.9199 
0.545901 2.64118 2.91028 2.9199 
0.545901 2.64118 2.91028 2.9199 
0.545901 2.64118 2.91028 2.9199 
0.545901 2.64118 2.91028 2.9199 
0.545901 2.64118 2.91028 2.9199 
0.545901 2.64118 2.91028 2.9199 
0.545901 2.64118 2.91028 2.9199 
0.545901 2.64118 2.91028 2.9199 
0.545901 2.64118 2.91028 2.9199 
0.545901 2.64118 2.91028 2.9199 
0.545901 2.64118 2.91028 2.9199 
0.545901 2.64118 2.91028 2.9199 
0.545901 2.64118 2.91028 2.9199 
0.545901 2.64118 2.91028 2.9199 
0.545901 2.64118 2.91028 2.9199 
0.545901 2.64118 2.91028 2.9199 
0.545901 2.64118 2.91028 2.9199 
0.545901 2.64118 2.91028 2.9199 
0.545901 2.64118 2.91028 2.9199 
0.545901 2.64118 2.91028 2.9199 
0.545901 2.64118 2.91028 2.9199 
0.545901 2.64118 2.91028 2.9199 
0.545901 2.64118 2.91028 2.9199 
0.545901 2.64118 2.91028 2.9199 
0.545901 2.64118 2.91028 2.9199 
0.545901 2.64118 2.91028 2.9199 
0.545901 2.64118 2.91028 2.9199 
0.545901 2.64118 2.91028 2.9199 
0.545901 2.64118 2.91028 2.9199 
0.545901 2.64118 2.91028 2.9199 
0.545901 2.64118 2.91028 2.9199 
0.545901 2.64118 2.91028 2.9199 
0.545901 2.64118 2.91028 2.9199 
0.545901 2.64118 2.91028 2.9199 
0.545901 2.64118 2.91028 2.9199 
0.545901 2.64118 2.91028 2.9199 
0.545901 2.64118 2.91028 2.9199 
0.545901 2.64118 2.91028 2.9199 
0.545901 2.64118 2.91028 2.9199 
