3.383 4.10387 5.19778 7.86931 
3.383 4.10387 5.19778 6.29919 
3.383 4.10387 5.19778 6.29919 
3.383 4.10387 5.19778 6.29919 
3.383 4.10387 5.19778 6.29919 
3.383 4.10387 5.19778 6.29919 
3.383 4.10387 5.19778 6.29919 
3.383 4.10387 5.19778 6.29919 
3.383 4.10387 5.19778 6.29919 
3.383 4.10387 5.19778 6.29919 
3.383 4.10387 5.19778 6.29919 
3.383 4.10387 5.19778 6.29919 
3.383 4.10387 5.19778 6.29919 
3.383 4.10387 5.19778 6.29919 
3.383 4.10387 5.19778 6.29919 
3.383 4.10387 5.19778 6.29919 
3.383 4.10387 5.19778 6.29919 
3.383 4.10387 5.19778 6.29919 
3.383 4.10387 5.19778 6.29919 
3.383 4.10387 5.19778 6.29919 
3.383 4.10387 5.19778 6.29919 
3.383 4.10387 5.19778 6.29919 
3.383 4.10387 5.19778 6.29919 
3.383 4.10387 5.19778 6.29919 
3.383 4.10387 5.19778 6.29919 
3.383 4.10387 5.19778 6.29919 
3.383 4.10387 5.19778 6.29919 
3.383 4.10387 5.19778 6.29919 
3.383 4.10387 5.19778 6.29919 
3.383 4.10387 5.19778 6.29919 
3.383 4.10387 5.19778 6.29919 
3.383 4.10387 5.19778 6.29919 
3.383 4.10387 5.19778 6.29919 
3.383 4.10387 5.19778 6.29919 
3.383 4.10387 5.19778 6.29919 
3.383 4.10387 5.19778 6.29919 
3.383 4.10387 5.19778 6.29919 
3.383 4.10387 5.19778 6.29919 
3.383 4.10387 5.19778 6.29919 
3.383 4.10387 5.19778 6.29919 
3.383 4.10387 5.19778 6.29919 
3.383 4.10387 5.19778 6.29919 
3.383 4.10387 5.19778 6.29919 
3.383 4.10387 5.19778 6.29919 
3.383 4.10387 5.19778 6.29919 
3.383 4.10387 5.19778 6.29919 
3.383 4.10387 5.19778 6.29919 
3.383 4.10387 5.19778 6.29919 
3.383 4.10387 5.19778 6.29919 
3.383 4.10387 5.19778 6.29919 
3.383 4.10387 5.19778 6.29919 
3.383 4.10387 5.19778 6.29919 
3.383 4.10387 5.19778 6.29919 
3.383 4.10387 5.19778 6.29919 
3.383 4.10387 5.19778 6.29919 
3.383 4.10387 5.19778 6.29919 
3.383 4.10387 5.19778 6.29919 
3.383 4.10387 5.19778 6.29919 
3.383 4.10387 5.19778 6.29919 
3.383 4.10387 5.19778 6.29919 
3.383 4.10387 5.19778 6.29919 
3.383 4.10387 5.19778 6.29919 
3.383 4.10387 5.19778 6.29919 
3.383 4.10387 5.19778 6.29919 
3.383 4.10387 5.19778 6.29919 
3.383 4.10387 5.19778 6.29919 
3.383 4.10387 5.19778 6.29919 
3.383 4.10387 5.19778 6.29919 
3.383 4.10387 5.19778 6.29919 
3.383 4.10387 5.19778 6.29919 
3.383 4.10387 5.19778 6.29919 
3.383 4.10387 5.19778 6.29919 
3.383 4.10387 5.19778 6.29919 
3.383 4.10387 5.19778 6.29919 
3.383 4.10387 5.19778 6.29919 
3.383 4.10387 5.19778 6.29919 
3.383 4.10387 5.19778 6.29919 
3.383 4.10387 5.19778 6.29919 
3.383 4.10387 5.19778 6.29919 
3.383 4.10387 5.19778 6.29919 
3.383 4.10387 5.19778 6.29919 
3.383 4.10387 5.19778 6.29919 
3.383 4.10387 5.19778 6.29919 
3.383 4.10387 5.19778 6.29919 
3.383 4.10387 5.19778 6.29919 
3.383 4.10387 5.19778 6.29919 
3.383 4.10387 5.19778 6.29919 
3.383 4.10387 5.19778 6.29919 
3.383 4.10387 5.19778 6.29919 
3.383 4.10387 5.19778 6.29919 
3.383 4.10387 5.19778 6.29919 
3.383 4.10387 5.19778 6.29919 
3.383 4.10387 5.19778 6.29919 
3.383 4.10387 5.19778 6.29919 
3.383 4.10387 5.19778 6.29919 
3.383 4.10387 5.19778 6.29919 
3.383 4.10387 5.19778 6.29919 
3.383 4.10387 5.19778 6.29919 
3.383 4.10387 5.19778 6.29919 
3.383 4.10387 5.19778 6.29919 
