1.32956 4.3739 6.11058 9.02936 
1.32956 4.36297 4.3739 6.11058 
1.32956 4.36297 4.3739 6.11058 
1.32956 4.36297 4.3739 6.11058 
1.32956 4.36297 4.3739 4.93841 
1.32956 4.36297 4.3739 4.93841 
1.32956 4.36297 4.3739 4.93841 
1.32956 4.36297 4.3739 4.93841 
1.32956 4.36297 4.3739 4.93841 
1.32956 4.36297 4.3739 4.93841 
1.32956 4.36297 4.3739 4.93841 
1.32956 4.36297 4.3739 4.93841 
1.32956 4.36297 4.3739 4.93841 
1.32956 4.36297 4.3739 4.93841 
1.32956 4.36297 4.3739 4.93841 
1.32956 4.36297 4.3739 4.93841 
1.32956 4.36297 4.3739 4.93841 
1.32956 4.36297 4.3739 4.93841 
1.32956 4.36297 4.3739 4.93841 
1.32956 4.36297 4.3739 4.93841 
1.32956 4.36297 4.3739 4.93841 
1.32956 4.36297 4.3739 4.93841 
1.32956 4.36297 4.3739 4.93841 
1.32956 4.36297 4.3739 4.93841 
1.32956 4.36297 4.3739 4.93841 
1.32956 4.36297 4.3739 4.93841 
1.32956 4.36297 4.3739 4.93841 
1.32956 4.36297 4.3739 4.93841 
1.32956 4.36297 4.3739 4.93841 
1.32956 4.36297 4.3739 4.93841 
1.32956 4.36297 4.3739 4.93841 
1.32956 4.36297 4.3739 4.93841 
1.32956 4.36297 4.3739 4.93841 
1.32956 4.36297 4.3739 4.93841 
1.32956 4.36297 4.3739 4.93841 
1.32956 4.36297 4.3739 4.93841 
1.32956 4.36297 4.3739 4.93841 
1.32956 4.36297 4.3739 4.93841 
1.32956 4.36297 4.3739 4.93841 
1.32956 4.36297 4.3739 4.93841 
1.32956 4.36297 4.3739 4.93841 
1.32956 4.36297 4.3739 4.93841 
1.32956 4.36297 4.3739 4.93841 
1.32956 4.36297 4.3739 4.93841 
1.32956 4.36297 4.3739 4.93841 
1.32956 4.36297 4.3739 4.93841 
1.32956 4.36297 4.3739 4.93841 
1.32956 4.36297 4.3739 4.93841 
1.32956 4.36297 4.3739 4.93841 
1.32956 4.36297 4.3739 4.93841 
1.32956 4.36297 4.3739 4.93841 
1.32956 4.36297 4.3739 4.93841 
1.32956 4.36297 4.3739 4.93841 
1.32956 4.36297 4.3739 4.93841 
1.32956 4.36297 4.3739 4.93841 
1.32956 4.36297 4.3739 4.93841 
1.32956 4.36297 4.3739 4.93841 
1.32956 4.36297 4.3739 4.93841 
1.32956 4.36297 4.3739 4.93841 
1.32956 4.36297 4.3739 4.93841 
1.32956 4.36297 4.3739 4.93841 
1.32956 4.36297 4.3739 4.93841 
1.32956 4.36297 4.3739 4.93841 
1.32956 4.36297 4.3739 4.93841 
1.32956 4.36297 4.3739 4.93841 
1.32956 4.36297 4.3739 4.93841 
1.32956 4.36297 4.3739 4.93841 
1.32956 4.36297 4.3739 4.93841 
1.32956 4.36297 4.3739 4.93841 
1.32956 4.36297 4.3739 4.93841 
1.32956 4.36297 4.3739 4.93841 
1.32956 4.36297 4.3739 4.93841 
1.32956 4.36297 4.3739 4.93841 
1.32956 4.36297 4.3739 4.93841 
1.32956 4.36297 4.3739 4.93841 
1.32956 4.36297 4.3739 4.93841 
1.32956 4.36297 4.3739 4.93841 
1.32956 4.36297 4.3739 4.93841 
1.32956 4.36297 4.3739 4.93841 
1.32956 4.36297 4.3739 4.93841 
1.32956 4.36297 4.3739 4.93841 
1.32956 4.36297 4.3739 4.93841 
1.32956 4.36297 4.3739 4.93841 
1.32956 4.36297 4.3739 4.93841 
1.32956 4.36297 4.3739 4.93841 
1.32956 4.36297 4.3739 4.93841 
1.32956 4.36297 4.3739 4.93841 
1.32956 4.36297 4.3739 4.93841 
1.32956 4.36297 4.3739 4.93841 
1.32956 4.36297 4.3739 4.93841 
1.32956 4.36297 4.3739 4.93841 
1.32956 4.36297 4.3739 4.93841 
1.32956 4.36297 4.3739 4.93841 
1.32956 4.36297 4.3739 4.93841 
1.32956 4.36297 4.3739 4.93841 
1.32956 4.36297 4.3739 4.93841 
1.32956 4.36297 4.3739 4.93841 
1.32956 4.36297 4.3739 4.93841 
1.32956 4.36297 4.3739 4.93841 
1.32956 4.36297 4.3739 4.93841 
