2.72897 6.84243 8.90553 9.57946 
2.72897 6.84243 8.90553 9.57946 
2.72897 2.82652 6.84243 8.6151 
2.72897 2.82652 3.44137 6.84243 
2.72897 2.82652 3.44137 6.84243 
2.72897 2.82652 3.44137 4.14602 
2.72897 2.82652 3.44137 4.14602 
2.72897 2.82652 3.44137 4.14602 
2.72897 2.82652 3.44137 4.14602 
2.72897 2.82652 3.44137 4.14602 
2.72897 2.82652 3.44137 4.14602 
2.72897 2.82652 3.44137 4.08514 
2.72897 2.82652 3.44137 4.08514 
2.72897 2.82652 3.44137 4.08514 
2.72897 2.82652 3.44137 4.08514 
2.72897 2.76111 2.82652 3.44137 
2.72897 2.76111 2.82652 3.44137 
2.72897 2.76111 2.82652 3.44137 
2.72897 2.76111 2.82652 3.44137 
0.761511 2.72897 2.76111 2.82652 
0.761511 2.72897 2.76111 2.82652 
0.761511 2.72897 2.76111 2.82652 
0.761511 2.72897 2.76111 2.82652 
0.761511 2.72897 2.76111 2.82652 
0.761511 2.72897 2.76111 2.82652 
0.761511 1.29563 2.72897 2.76111 
0.761511 1.29563 2.72897 2.76111 
0.761511 1.29563 2.72897 2.76111 
0.761511 1.29563 2.18195 2.72897 
0.761511 1.29563 2.18195 2.72897 
0.761511 1.29563 2.18195 2.72897 
0.761511 1.29563 2.18195 2.72897 
0.761511 1.29563 2.18195 2.72897 
0.761511 1.29563 2.18195 2.72897 
0.761511 1.29563 2.18195 2.72897 
0.761511 1.29563 2.18195 2.72897 
0.761511 1.08144 1.29563 2.18195 
0.761511 1.08144 1.29563 2.18195 
0.761511 1.08144 1.29563 2.18195 
0.669972 0.761511 1.08144 1.29563 
0.669972 0.761511 1.08144 1.29563 
0.669972 0.761511 1.08144 1.29563 
0.669972 0.761511 1.08144 1.29563 
0.669972 0.761511 1.08144 1.29563 
0.669972 0.761511 1.08144 1.29563 
0.669972 0.761511 1.08144 1.29563 
0.669972 0.761511 1.08144 1.29563 
0.669972 0.761511 1.08144 1.29563 
0.669972 0.761511 1.08144 1.29563 
0.669972 0.761511 1.08144 1.29563 
0.669972 0.761511 1.08144 1.29563 
0.669972 0.761511 1.08144 1.29563 
0.669972 0.761511 1.08144 1.29563 
0.669972 0.761511 1.08144 1.29563 
0.669972 0.761511 1.08144 1.29563 
0.669972 0.761511 1.08144 1.29563 
0.669972 0.761511 1.08144 1.29563 
0.256206 0.669972 0.761511 1.08144 
0.256206 0.669972 0.761511 1.08144 
0.256206 0.669972 0.761511 0.923904 
0.256206 0.40349 0.669972 0.761511 
0.256206 0.40349 0.669972 0.761511 
0.256206 0.40349 0.669972 0.761511 
0.256206 0.40349 0.669972 0.761511 
0.256206 0.40349 0.669972 0.761511 
0.256206 0.40349 0.669972 0.761511 
0.256206 0.40349 0.669972 0.761511 
0.256206 0.40349 0.669972 0.761511 
0.256206 0.40349 0.669972 0.761511 
0.256206 0.40349 0.669972 0.761511 
0.256206 0.40349 0.669972 0.761511 
0.256206 0.40349 0.669972 0.761511 
0.256206 0.40349 0.669972 0.761511 
0.256206 0.40349 0.669972 0.761511 
0.256206 0.40349 0.669972 0.761511 
0.256206 0.40349 0.669972 0.761511 
0.256206 0.40349 0.669972 0.761511 
0.256206 0.40349 0.669972 0.761511 
0.256206 0.40349 0.669972 0.761511 
0.256206 0.40349 0.669972 0.761511 
0.256206 0.40349 0.669972 0.761511 
0.256206 0.40349 0.669972 0.761511 
0.256206 0.40349 0.669972 0.761511 
0.256206 0.40349 0.669972 0.761511 
0.256206 0.40349 0.669972 0.761511 
0.256206 0.40349 0.669972 0.761511 
0.256206 0.40349 0.669972 0.761511 
0.256206 0.40349 0.669972 0.761511 
0.256206 0.40349 0.669972 0.761511 
0.256206 0.40349 0.669972 0.761511 
0.256206 0.40349 0.669972 0.761511 
0.256206 0.40349 0.669972 0.761511 
0.256206 0.40349 0.669972 0.761511 
0.256206 0.40349 0.669972 0.761511 
0.256206 0.40349 0.669972 0.761511 
0.256206 0.40349 0.669972 0.761511 
0.256206 0.40349 0.669972 0.761511 
0.256206 0.40349 0.669972 0.761511 
0.256206 0.40349 0.669972 0.761511 
0.256206 0.40349 0.669972 0.761511 
