5.141 5.53251 6.38937 7.99578 
4.18684 5.141 5.53251 6.27395 
4.18684 4.31161 5.141 5.53251 
4.18684 4.31161 5.141 5.53251 
4.18684 4.31161 5.141 5.53251 
4.18684 4.31161 5.141 5.31287 
4.18684 4.31161 5.141 5.31287 
4.18684 4.31161 5.141 5.31287 
4.18684 4.31161 5.141 5.31287 
4.18684 4.31161 5.141 5.31287 
4.18684 4.31161 5.141 5.31287 
4.18684 4.31161 4.56996 5.141 
4.18684 4.31161 4.56996 5.141 
4.18684 4.31161 4.56996 5.141 
4.12299 4.18684 4.31161 4.56996 
4.12299 4.18684 4.31161 4.56996 
4.12299 4.18684 4.31161 4.56996 
3.28512 4.12299 4.18684 4.31161 
1.91504 3.28512 4.12299 4.18684 
1.91504 3.11773 3.28512 4.12299 
1.91504 3.11773 3.28512 3.59922 
1.02598 1.91504 3.11773 3.28512 
1.02598 1.91504 3.11773 3.28512 
1.02598 1.91504 3.11773 3.28512 
1.02598 1.91504 3.11773 3.28512 
1.02598 1.91504 3.11773 3.28512 
1.02598 1.91504 3.11773 3.28512 
1.02598 1.91504 3.11773 3.28512 
1.02598 1.91504 2.66454 3.11773 
1.02598 1.91504 2.66454 2.91276 
1.02598 1.63471 1.91504 2.66454 
1.02598 1.63471 1.91504 2.66454 
1.02598 1.63471 1.91504 2.66454 
1.02598 1.63471 1.91504 2.66454 
1.02598 1.63471 1.91504 2.66454 
1.02598 1.63471 1.91504 2.66454 
1.02598 1.63471 1.89489 1.91504 
1.02598 1.63471 1.89489 1.91504 
1.02598 1.63471 1.89489 1.91504 
1.02598 1.63471 1.89489 1.91504 
1.02598 1.63471 1.89489 1.91504 
1.02598 1.63471 1.89489 1.91504 
1.02598 1.63471 1.89489 1.91504 
1.02598 1.63471 1.89489 1.91504 
1.02598 1.63471 1.89489 1.91504 
1.02598 1.63471 1.89489 1.91504 
1.02598 1.63471 1.89489 1.91504 
1.02598 1.63471 1.89489 1.91504 
1.02598 1.63471 1.89489 1.91504 
1.02598 1.63471 1.89489 1.91504 
1.02598 1.63471 1.89489 1.91504 
1.02598 1.63471 1.89489 1.91504 
1.02598 1.63471 1.89489 1.91504 
1.02598 1.63471 1.89489 1.91504 
1.02598 1.63471 1.89489 1.91504 
1.02598 1.63471 1.89489 1.91504 
1.02598 1.63471 1.89489 1.91504 
1.02598 1.63471 1.89489 1.91504 
1.02598 1.63471 1.89489 1.91504 
1.02598 1.63471 1.89489 1.91504 
1.02598 1.63471 1.89489 1.91504 
1.02598 1.63471 1.89489 1.91504 
1.02598 1.63471 1.89489 1.91504 
1.02598 1.63471 1.89489 1.91504 
1.02598 1.63471 1.89489 1.91504 
1.02598 1.63471 1.89489 1.91504 
1.02598 1.63471 1.89489 1.91504 
1.02598 1.63471 1.89489 1.91504 
1.02598 1.63471 1.89489 1.91504 
1.02598 1.63471 1.89489 1.91504 
1.02598 1.63471 1.89489 1.91504 
1.02598 1.63471 1.89489 1.91504 
1.02598 1.63471 1.89489 1.91504 
1.02598 1.63471 1.89489 1.91504 
1.02598 1.63471 1.89489 1.91504 
1.02598 1.63471 1.89489 1.91504 
1.02598 1.63471 1.89489 1.91504 
1.02598 1.63471 1.89489 1.91504 
1.02598 1.63471 1.89489 1.91504 
1.02598 1.63471 1.89489 1.91504 
1.02598 1.63471 1.89489 1.91504 
1.02598 1.63471 1.89489 1.91504 
1.02598 1.63471 1.89489 1.91504 
1.02598 1.63471 1.89489 1.91504 
1.02598 1.63471 1.89489 1.91504 
1.02598 1.63471 1.89489 1.91504 
1.02598 1.63471 1.89489 1.91504 
1.02598 1.63471 1.89489 1.91504 
1.02598 1.63471 1.89489 1.91504 
1.02598 1.63471 1.89489 1.91504 
1.02598 1.63471 1.89489 1.91504 
1.02598 1.63471 1.89489 1.91504 
1.02598 1.63471 1.89489 1.91504 
1.02598 1.63471 1.89489 1.91504 
1.02598 1.63471 1.89489 1.91504 
1.02598 1.63471 1.89489 1.91504 
1.02598 1.63471 1.89489 1.91504 
1.02598 1.63471 1.89489 1.91504 
1.02598 1.63471 1.89489 1.91504 
1.02598 1.63471 1.89489 1.91504 
