4.02874 6.65695 9.09364 10.3983 
4.02874 6.14897 6.57143 6.65695 
4.02874 6.14897 6.57143 6.65695 
4.02874 6.14897 6.57143 6.65695 
4.02874 6.14897 6.57143 6.65695 
4.02874 6.14897 6.57143 6.65695 
4.02874 6.14897 6.57143 6.65695 
4.02874 6.14897 6.57143 6.65695 
4.02874 5.93579 6.14897 6.57143 
4.02874 5.93579 6.14897 6.57143 
4.02874 5.93579 6.14897 6.57143 
4.02874 5.93579 6.14897 6.57143 
4.02874 5.93579 6.14897 6.57143 
4.02874 5.93579 6.14897 6.49477 
4.02874 4.28477 5.93579 6.14897 
4.02874 4.28477 5.43052 5.93579 
4.02874 4.28477 5.43052 5.93579 
4.02874 4.28477 5.43052 5.93579 
4.02874 4.28477 5.43052 5.93579 
3.23175 4.02874 4.28477 4.80171 
1.5248 3.23175 4.02874 4.28477 
1.5248 3.23175 4.02874 4.28477 
1.5248 3.23175 3.7796 4.02874 
1.5248 3.23175 3.7796 4.02874 
1.5248 3.23175 3.45935 3.7796 
1.5248 3.11338 3.23175 3.45935 
1.5248 3.11338 3.23175 3.32771 
1.5248 3.11338 3.23175 3.32771 
1.5248 2.36099 3.11338 3.23175 
1.5248 2.36099 3.11338 3.23175 
1.5248 2.36099 3.11338 3.23175 
1.5248 2.36099 3.11338 3.23175 
1.5248 2.36099 3.11338 3.23175 
1.5248 2.36099 3.11338 3.23175 
1.5248 2.36099 3.11338 3.23175 
1.5248 2.36099 3.11338 3.23175 
1.5248 2.36099 2.61823 3.11338 
1.5248 2.36099 2.61823 3.11338 
1.5248 2.1833 2.36099 2.61823 
1.5248 2.1833 2.36099 2.61823 
1.5248 2.08234 2.1833 2.36099 
1.5248 2.08234 2.1833 2.36099 
1.5248 2.08234 2.1833 2.36099 
1.5248 2.08234 2.1833 2.36099 
1.5248 2.08234 2.1833 2.36099 
1.5248 2.08234 2.1833 2.36099 
1.5248 2.08234 2.17524 2.1833 
1.5248 2.08234 2.17524 2.1833 
1.5248 2.08234 2.17524 2.1833 
1.5248 2.08234 2.17524 2.1833 
1.5248 2.08234 2.17524 2.1833 
1.5248 2.08234 2.17524 2.1833 
1.5248 2.08234 2.17524 2.1833 
1.5248 2.08234 2.17524 2.1833 
1.5248 2.08234 2.17524 2.1833 
1.5248 2.08234 2.17524 2.1833 
1.5248 2.08234 2.17524 2.1833 
1.5248 2.08234 2.17524 2.1833 
1.5248 2.08234 2.17524 2.1833 
1.5248 2.08234 2.17524 2.1833 
1.5248 2.08234 2.17524 2.1833 
1.5248 2.08234 2.17524 2.1833 
1.5248 2.08234 2.17524 2.1833 
1.5248 2.08234 2.17524 2.1833 
1.5248 2.08234 2.17524 2.1833 
1.5248 2.08234 2.17524 2.1833 
1.5248 2.08234 2.17524 2.1833 
1.5248 2.08234 2.17524 2.1833 
1.5248 2.08234 2.17524 2.1833 
1.5248 2.08234 2.17524 2.1833 
1.5248 2.08234 2.17524 2.1833 
1.5248 2.08234 2.17524 2.1833 
1.5248 2.08234 2.17524 2.1833 
1.5248 2.08234 2.17524 2.1833 
1.5248 2.08234 2.17524 2.1833 
1.42651 1.5248 2.08234 2.17524 
1.22774 1.42651 1.5248 2.08234 
1.22774 1.42651 1.5248 2.08234 
1.22774 1.42651 1.5248 2.08234 
1.22774 1.42651 1.5248 2.08234 
1.22774 1.42651 1.5248 2.08234 
1.22774 1.42651 1.5248 2.08234 
1.22774 1.42651 1.5248 2.08234 
1.22774 1.42651 1.5248 2.08234 
1.22774 1.42651 1.5248 1.63889 
1.22774 1.42651 1.5248 1.63889 
1.22774 1.42651 1.5248 1.63889 
1.21431 1.22774 1.42651 1.5248 
1.21431 1.22774 1.42651 1.5248 
1.10069 1.21431 1.22774 1.42651 
1.10069 1.21431 1.22774 1.42651 
1.10069 1.21431 1.22774 1.42651 
1.10069 1.21431 1.22774 1.3916 
1.10069 1.21431 1.22774 1.3916 
1.10069 1.21431 1.22774 1.3916 
1.10069 1.21431 1.22774 1.3916 
1.10069 1.21431 1.22774 1.3916 
1.10069 1.21431 1.22774 1.3916 
1.10069 1.21431 1.22774 1.3916 
1.08895 1.10069 1.21431 1.22774 
