7.13193 8.10976 10.3762 11.8334 
7.13193 8.10976 9.21373 10.3762 
5.58794 7.13193 8.10976 9.21373 
5.58794 7.13193 7.82398 8.10976 
5.58794 7.13193 7.82398 8.10976 
4.57886 5.58794 7.13193 7.82398 
4.57886 5.58794 5.92068 7.13193 
4.57886 5.58794 5.92068 7.13193 
4.57886 5.58794 5.92068 7.13193 
4.38392 4.57886 5.58794 5.92068 
4.38392 4.57886 5.58794 5.92068 
4.38392 4.57886 5.58794 5.92068 
4.38392 4.57886 5.58794 5.92068 
4.38392 4.57886 5.58794 5.92068 
4.38392 4.57886 5.58794 5.92068 
4.38392 4.57886 5.58794 5.92068 
4.38392 4.57886 5.58794 5.92068 
4.38392 4.57886 5.58794 5.92068 
4.38392 4.57886 5.58794 5.92068 
4.38392 4.57886 5.58794 5.92068 
4.38392 4.57886 5.58794 5.92068 
4.38392 4.57886 5.58794 5.92068 
4.38392 4.57886 5.58794 5.92068 
4.38392 4.57886 5.58794 5.92068 
4.38392 4.57886 5.58794 5.92068 
4.38392 4.57886 5.58794 5.92068 
4.38392 4.57886 5.58794 5.92068 
4.38392 4.57886 5.58794 5.92068 
4.38392 4.57886 5.58794 5.92068 
4.38392 4.57886 5.58794 5.92068 
4.38392 4.57886 5.58794 5.92068 
4.38392 4.57886 5.58794 5.92068 
4.38392 4.57886 5.58794 5.92068 
4.38392 4.57886 5.58794 5.92068 
4.38392 4.57886 5.58794 5.92068 
4.38392 4.57886 5.58794 5.92068 
4.38392 4.57886 5.58794 5.92068 
4.38392 4.57886 5.58794 5.92068 
4.38392 4.57886 5.58794 5.92068 
4.38392 4.57886 5.58794 5.92068 
4.38392 4.57886 5.58794 5.92068 
4.38392 4.57886 5.58794 5.92068 
4.38392 4.57886 5.58794 5.92068 
4.38392 4.57886 5.58794 5.92068 
4.38392 4.57886 5.58794 5.92068 
4.38392 4.57886 5.58794 5.92068 
4.38392 4.57886 5.58794 5.92068 
4.38392 4.57886 5.58794 5.92068 
4.38392 4.57886 5.58794 5.92068 
4.38392 4.57886 5.58794 5.92068 
4.38392 4.57886 5.58794 5.92068 
4.38392 4.57886 5.58794 5.92068 
4.38392 4.57886 5.58794 5.92068 
4.38392 4.57886 5.58794 5.92068 
4.38392 4.57886 5.58794 5.92068 
4.38392 4.57886 5.58794 5.92068 
4.38392 4.57886 5.58794 5.92068 
4.38392 4.57886 5.58794 5.92068 
4.38392 4.57886 5.58794 5.92068 
4.38392 4.57886 5.58794 5.92068 
4.38392 4.57886 5.58794 5.92068 
4.38392 4.57886 5.58794 5.92068 
4.38392 4.57886 5.58794 5.92068 
4.38392 4.57886 5.58794 5.92068 
4.38392 4.57886 5.58794 5.92068 
4.38392 4.57886 5.58794 5.92068 
4.38392 4.57886 5.58794 5.92068 
4.38392 4.57886 5.58794 5.92068 
4.38392 4.57886 5.58794 5.92068 
4.38392 4.57886 5.58794 5.92068 
4.38392 4.57886 5.58794 5.92068 
4.38392 4.57886 5.58794 5.92068 
4.38392 4.57886 5.58794 5.92068 
4.38392 4.57886 5.58794 5.92068 
4.38392 4.57886 5.58794 5.92068 
4.38392 4.57886 5.58794 5.92068 
4.38392 4.57886 5.58794 5.92068 
4.38392 4.57886 5.58794 5.92068 
4.38392 4.57886 5.58794 5.92068 
4.38392 4.57886 5.58794 5.92068 
4.38392 4.57886 5.58794 5.92068 
4.38392 4.57886 5.58794 5.92068 
4.38392 4.57886 5.58794 5.92068 
4.38392 4.57886 5.58794 5.92068 
4.38392 4.57886 5.58794 5.92068 
4.38392 4.57886 5.58794 5.92068 
4.38392 4.57886 5.58794 5.92068 
4.38392 4.57886 5.58794 5.92068 
4.38392 4.57886 5.58794 5.92068 
4.38392 4.57886 5.58794 5.92068 
4.38392 4.57886 5.58794 5.92068 
4.38392 4.57886 5.58794 5.92068 
4.38392 4.57886 5.58794 5.92068 
4.38392 4.57886 5.58794 5.92068 
4.38392 4.57886 5.58794 5.92068 
4.38392 4.57886 5.58794 5.92068 
4.38392 4.57886 5.58794 5.92068 
4.38392 4.57886 5.58794 5.92068 
4.38392 4.57886 5.58794 5.92068 
4.38392 4.57886 5.58794 5.92068 
