5.972 8.121 9.3651 10.7188 
5.972 8.121 9.3651 10.4589 
5.972 8.121 8.35052 9.0096 
5.972 6.32201 8.121 8.35052 
5.972 6.32201 8.121 8.2709 
5.972 6.32201 6.55796 7.02595 
5.40759 5.59927 5.972 6.32201 
4.5031 5.23841 5.40759 5.59927 
4.5031 5.23841 5.40759 5.59927 
4.5031 5.23841 5.40759 5.59927 
4.5031 5.23841 5.40759 5.59927 
4.5031 5.23841 5.40759 5.59927 
4.5031 5.23841 5.40759 5.59927 
4.5031 5.23841 5.40759 5.59927 
4.5031 5.23841 5.40759 5.59927 
4.5031 5.14034 5.23841 5.40759 
4.5031 5.14034 5.23841 5.40759 
4.5031 5.14034 5.23841 5.40759 
4.5031 5.14034 5.23841 5.40759 
4.5031 5.14034 5.23841 5.38607 
4.5031 5.13977 5.14034 5.23841 
4.5031 5.13977 5.14034 5.23841 
3.88485 4.5031 5.13977 5.14034 
3.88485 4.5031 5.13977 5.14034 
3.88485 4.5031 5.13977 5.14034 
3.15224 3.88485 4.5031 5.13977 
3.15224 3.88485 4.5031 5.13977 
3.15224 3.88485 4.5031 5.13977 
3.15224 3.44865 3.88485 4.5031 
3.15224 3.44865 3.88485 4.5031 
3.15224 3.44865 3.88485 4.5031 
3.15224 3.44865 3.88485 4.5031 
3.15224 3.44865 3.88485 4.5031 
3.15224 3.44865 3.88485 4.5031 
3.15224 3.44865 3.88485 4.5031 
3.15224 3.25857 3.44865 3.88485 
3.15224 3.25857 3.44865 3.88485 
3.15224 3.25857 3.44865 3.88485 
3.15224 3.25857 3.44865 3.88485 
3.15224 3.25857 3.44865 3.88485 
3.15224 3.25857 3.44865 3.88485 
3.15224 3.25857 3.44865 3.88485 
3.15224 3.25857 3.44865 3.88485 
3.15224 3.25857 3.44865 3.88485 
3.15224 3.25857 3.44865 3.88485 
3.15224 3.25857 3.44865 3.88485 
3.15224 3.25857 3.44865 3.88485 
3.15224 3.25857 3.44865 3.88485 
3.15224 3.25857 3.44865 3.88485 
3.15224 3.25857 3.44865 3.88485 
3.15224 3.25857 3.44865 3.88485 
3.15224 3.25857 3.44865 3.88485 
3.15224 3.25857 3.44865 3.88485 
3.15224 3.25857 3.44865 3.88485 
3.15224 3.25857 3.44865 3.88485 
3.15224 3.25857 3.44865 3.88485 
3.15224 3.25857 3.44865 3.88485 
3.15224 3.25857 3.44865 3.88485 
3.15224 3.25857 3.44865 3.88485 
3.15224 3.25857 3.44865 3.88485 
3.15224 3.25857 3.44865 3.88485 
3.15224 3.25857 3.44865 3.88485 
3.15224 3.25857 3.44865 3.88485 
3.15224 3.25857 3.44865 3.88485 
3.15224 3.25857 3.44865 3.88485 
3.15224 3.25857 3.44865 3.88485 
3.15224 3.25857 3.44865 3.88485 
3.15224 3.25857 3.44865 3.88485 
3.15224 3.25857 3.44865 3.88485 
3.15224 3.25857 3.44865 3.88485 
3.15224 3.25857 3.44865 3.88485 
3.15224 3.25857 3.44865 3.88485 
3.15224 3.25857 3.44865 3.88485 
3.15224 3.25857 3.44865 3.88485 
3.15224 3.25857 3.44865 3.88485 
3.15224 3.25857 3.44865 3.88485 
3.15224 3.25857 3.44865 3.88485 
3.15224 3.25857 3.44865 3.88485 
3.15224 3.25857 3.44865 3.88485 
3.15224 3.25857 3.44865 3.88485 
3.15224 3.25857 3.44865 3.88485 
3.15224 3.25857 3.44865 3.88485 
3.15224 3.25857 3.44865 3.88485 
3.15224 3.25857 3.44865 3.88485 
3.15224 3.25857 3.44865 3.88485 
3.15224 3.25857 3.44865 3.88485 
3.15224 3.25857 3.44865 3.88485 
3.15224 3.25857 3.44865 3.88485 
3.15224 3.25857 3.44865 3.88485 
3.15224 3.25857 3.44865 3.88485 
3.15224 3.25857 3.44865 3.88485 
3.15224 3.25857 3.44865 3.88485 
3.15224 3.25857 3.44865 3.88485 
3.15224 3.25857 3.44865 3.88485 
3.15224 3.25857 3.44865 3.88485 
3.15224 3.25857 3.44865 3.88485 
3.15224 3.25857 3.44865 3.88485 
3.15224 3.25857 3.44865 3.88485 
3.15224 3.25857 3.44865 3.88485 
3.15224 3.25857 3.44865 3.88485 
