5.92246 7.71339 9.53336 11.8262 
5.92246 7.71339 9.53336 9.60402 
5.25722 5.92246 7.71339 9.53336 
4.06732 5.25722 5.92246 7.71339 
4.06732 5.25722 5.92246 7.71339 
4.06732 5.25722 5.92246 7.71339 
4.06732 5.25722 5.92246 7.71339 
4.06732 5.25722 5.43969 5.92246 
4.06732 5.25722 5.43969 5.92246 
4.06732 4.45639 5.25722 5.43969 
4.06732 4.45639 5.25722 5.43969 
4.06732 4.45639 5.25722 5.43969 
4.06732 4.45639 5.25722 5.43969 
4.06732 4.45639 5.25722 5.43969 
4.06732 4.45639 5.25722 5.43969 
4.06732 4.45639 5.25722 5.43969 
4.06732 4.45639 5.25722 5.43969 
4.06732 4.45639 5.25722 5.43969 
4.06732 4.45639 5.25722 5.43969 
4.06732 4.45639 5.25722 5.43969 
4.06732 4.45639 5.25722 5.43969 
4.06732 4.45639 5.25722 5.43969 
4.06732 4.45639 4.46292 5.25722 
4.06732 4.20459 4.45639 4.46292 
4.06732 4.20459 4.45639 4.46292 
4.06732 4.20459 4.45639 4.46292 
3.46306 4.06732 4.20459 4.45639 
3.46306 4.06732 4.20459 4.45639 
3.46306 4.06732 4.20459 4.45639 
3.46306 4.06732 4.20459 4.45639 
3.46306 4.06732 4.20459 4.45639 
3.46306 4.06732 4.20459 4.45639 
3.46306 4.06732 4.20459 4.45639 
3.46306 4.06732 4.20459 4.45639 
3.46306 4.06732 4.20459 4.45639 
3.46306 4.06732 4.20459 4.45639 
3.46306 4.06732 4.20459 4.45639 
3.46306 4.06732 4.20459 4.45639 
3.46306 4.06732 4.20459 4.45639 
3.46306 4.06732 4.20459 4.45639 
3.46306 4.06732 4.20459 4.45639 
3.46306 4.06732 4.20459 4.45639 
3.46306 4.06732 4.20459 4.45639 
3.46306 4.06732 4.20459 4.45639 
3.46306 4.06732 4.20459 4.45639 
3.46306 4.06732 4.20459 4.45639 
3.46306 4.06732 4.20459 4.45639 
3.46306 4.06732 4.20459 4.45639 
3.46306 4.06732 4.20459 4.45639 
3.46306 4.06732 4.20459 4.45639 
3.46306 4.06732 4.20459 4.45639 
3.46306 4.06732 4.14264 4.20459 
3.46306 4.06732 4.14264 4.20459 
3.46306 4.06732 4.14264 4.20459 
3.46306 4.06732 4.14264 4.20459 
3.46306 4.06732 4.14264 4.20459 
3.46306 4.06732 4.14264 4.20459 
3.46306 4.06732 4.14264 4.20459 
3.46306 4.06732 4.14264 4.20459 
3.46306 4.06732 4.14264 4.20459 
3.46306 4.06732 4.14264 4.20459 
3.46306 4.06732 4.14264 4.20459 
3.46306 4.06732 4.14264 4.20459 
3.46306 4.06732 4.14264 4.20459 
3.46306 4.06732 4.14264 4.20459 
3.46306 4.06732 4.14264 4.20459 
3.46306 4.06732 4.14264 4.20459 
3.46306 4.06732 4.14264 4.20459 
3.46306 4.06732 4.14264 4.20459 
3.46306 4.06732 4.14264 4.20459 
3.46306 4.06732 4.14264 4.20459 
3.10747 3.46306 4.06732 4.14264 
3.10747 3.46306 4.06732 4.14264 
3.10747 3.46306 4.06732 4.14264 
3.10747 3.46306 4.06732 4.14264 
3.10747 3.46306 4.06732 4.14264 
3.10747 3.46306 4.06732 4.14264 
3.10747 3.46306 4.06732 4.14264 
3.10747 3.46306 4.06732 4.14264 
3.10747 3.46306 4.06732 4.14264 
3.10747 3.46306 4.06732 4.14264 
3.10747 3.46306 4.06732 4.14264 
3.10747 3.46306 4.06732 4.14264 
3.10747 3.46306 4.06732 4.14264 
3.10747 3.46306 4.06732 4.14264 
3.10747 3.46306 4.06732 4.14264 
3.10747 3.46306 4.06732 4.14264 
3.10747 3.46306 4.06732 4.14264 
3.10747 3.46306 4.06732 4.14264 
3.10747 3.46306 4.06732 4.14264 
3.10747 3.46306 4.06732 4.14264 
3.10747 3.46306 4.06732 4.14264 
3.10747 3.46306 4.06732 4.14264 
3.10747 3.46306 4.06732 4.14264 
3.10747 3.46306 4.06732 4.14264 
3.10747 3.46306 4.06732 4.14264 
3.10747 3.46306 4.06732 4.14264 
3.10747 3.46306 4.06732 4.14264 
3.10747 3.46306 4.06732 4.14264 
3.10747 3.46306 4.06732 4.14264 
