4.46765 6.57773 7.66776 8.20764 
4.46765 6.50473 6.57773 7.66776 
4.46765 6.50473 6.57773 7.66776 
4.16373 4.46765 6.50473 6.57773 
4.16373 4.46765 6.50473 6.57773 
4.16373 4.46765 4.55913 6.48698 
4.16373 4.2554 4.46765 4.55913 
4.16373 4.2554 4.46765 4.55913 
4.16373 4.2554 4.46765 4.55913 
4.16373 4.2554 4.46765 4.55913 
4.16373 4.2554 4.46765 4.55913 
4.16373 4.2554 4.46765 4.55913 
4.16373 4.2554 4.46765 4.55913 
3.87308 4.16373 4.2554 4.46765 
3.87308 4.16373 4.17468 4.2554 
3.87308 4.16373 4.17468 4.2554 
3.87308 4.16373 4.17468 4.2554 
3.87308 4.00777 4.16373 4.17468 
3.87308 4.00777 4.16373 4.17468 
3.87308 4.00777 4.16373 4.17468 
3.82357 3.87308 4.00777 4.16373 
3.82357 3.87308 4.00777 4.16373 
3.82357 3.87308 4.00777 4.16373 
3.82357 3.87308 4.00777 4.16373 
3.82357 3.87308 4.00777 4.16373 
3.82357 3.87308 4.00777 4.16373 
3.82357 3.87308 4.00777 4.16373 
3.82357 3.87308 4.00777 4.16373 
3.82357 3.87308 4.00777 4.16373 
3.82357 3.87308 4.00777 4.16373 
3.82357 3.87308 4.00777 4.16373 
3.82357 3.87308 4.00777 4.16373 
3.82357 3.87308 4.00777 4.16373 
3.82357 3.87308 4.00777 4.16373 
3.82357 3.87308 4.00777 4.16373 
3.82357 3.87308 4.00777 4.16373 
3.82357 3.87308 4.00777 4.16373 
3.82357 3.87308 4.00777 4.16373 
3.82357 3.87308 4.00777 4.16373 
3.82357 3.87308 4.00777 4.16373 
3.82357 3.87308 4.00777 4.16373 
3.82357 3.87308 4.00777 4.16373 
3.82357 3.87308 4.00777 4.16373 
3.82357 3.87308 4.00777 4.16373 
3.82357 3.87308 4.00777 4.16373 
3.82357 3.87308 4.00777 4.16373 
3.82357 3.87308 4.00777 4.16373 
3.82357 3.87308 4.00777 4.16373 
3.82357 3.87308 4.00777 4.16373 
3.82357 3.87308 4.00777 4.16373 
3.82357 3.87308 4.00777 4.16373 
3.82357 3.87308 4.00777 4.16373 
3.82357 3.87308 4.00777 4.16373 
3.82357 3.87308 4.00777 4.16373 
3.82357 3.87308 4.00777 4.16373 
3.82357 3.87308 4.00777 4.16373 
3.82357 3.87308 4.00777 4.16373 
3.82357 3.87308 4.00777 4.16373 
3.82357 3.87308 4.00777 4.16373 
3.82357 3.87308 4.00777 4.16373 
3.82357 3.87308 4.00777 4.16373 
3.82357 3.87308 4.00777 4.16373 
3.82357 3.87308 4.00777 4.16373 
3.82357 3.87308 4.00777 4.16373 
3.82357 3.87308 4.00777 4.16373 
3.82357 3.87308 4.00777 4.16373 
3.82357 3.87308 4.00777 4.16373 
3.82357 3.87308 4.00777 4.16373 
3.82357 3.87308 4.00777 4.16373 
3.82357 3.87308 4.00777 4.16373 
3.82357 3.87308 4.00777 4.16373 
3.82357 3.87308 4.00777 4.16373 
3.82357 3.87308 4.00777 4.16373 
3.82357 3.87308 4.00777 4.16373 
3.82357 3.87308 4.00777 4.16373 
3.82357 3.87308 4.00777 4.16373 
3.82357 3.87308 4.00777 4.16373 
3.82357 3.87308 4.00777 4.16373 
3.82357 3.87308 4.00777 4.16373 
3.82357 3.87308 4.00777 4.16373 
3.82357 3.87308 4.00777 4.16373 
3.82357 3.87308 4.00777 4.16373 
3.82357 3.87308 4.00777 4.16373 
3.82357 3.87308 4.00777 4.16373 
3.82357 3.87308 4.00777 4.16373 
3.82357 3.87308 4.00777 4.16373 
3.82357 3.87308 4.00777 4.16373 
3.82357 3.87308 4.00777 4.16373 
3.82357 3.87308 4.00777 4.16373 
3.82357 3.87308 4.00777 4.16373 
3.82357 3.87308 4.00777 4.16373 
3.82357 3.87308 4.00777 4.16373 
3.82357 3.87308 4.00777 4.16373 
3.82357 3.87308 4.00777 4.16373 
3.82357 3.87308 4.00777 4.16373 
3.82357 3.87308 4.00777 4.16373 
3.82357 3.87308 4.00777 4.16373 
3.82357 3.87308 4.00777 4.16373 
3.82357 3.87308 4.00777 4.16373 
3.82357 3.87308 4.00777 4.16373 
