1.38858 6.88154 9.28218 9.73736 
1.38858 6.88154 9.28218 9.58495 
1.38858 6.88154 7.53142 9.28218 
1.38858 6.88154 7.53142 9.28218 
1.38858 2.65457 6.18818 6.88154 
1.38858 2.65457 6.18818 6.88154 
1.38858 2.65457 4.64593 6.18818 
1.38858 2.65457 4.64593 6.18818 
1.38858 2.65457 4.64593 6.18818 
1.38858 2.65457 4.64593 6.18818 
1.38858 2.65457 4.19166 4.64593 
1.38858 2.65457 4.19166 4.64593 
1.38858 2.65457 4.19166 4.64593 
1.38858 2.65457 4.19166 4.64593 
1.38858 2.65457 4.19166 4.64593 
1.38858 2.65457 4.19166 4.33764 
1.38858 2.65457 4.19166 4.33764 
1.38858 2.65457 4.19166 4.33764 
1.38858 2.65457 4.19166 4.33764 
1.38858 2.65457 4.19166 4.33764 
1.38858 2.65457 4.19166 4.33764 
1.38858 2.65457 4.19166 4.33764 
1.38858 2.65457 4.19166 4.33764 
1.38858 2.65457 4.19166 4.33764 
1.38858 2.65457 4.19166 4.33764 
1.38858 2.65457 4.19166 4.33764 
1.38858 2.65457 4.19166 4.33764 
1.38858 2.65457 4.19166 4.33764 
1.38858 2.65457 4.19166 4.33764 
1.38858 2.65457 4.19166 4.33764 
1.38858 2.65457 4.19166 4.33764 
1.38858 2.65457 4.19166 4.33764 
1.38858 2.65457 4.19166 4.33764 
1.38858 2.65457 4.19166 4.33764 
1.38858 2.65457 4.19166 4.33764 
1.38858 2.65457 4.19166 4.33764 
1.38858 2.65457 4.19166 4.33764 
1.38858 2.65457 4.19166 4.33764 
1.38858 2.65457 4.19166 4.33764 
1.38858 2.65457 4.19166 4.33764 
1.38858 2.65457 4.19166 4.33764 
1.38858 2.65457 4.19166 4.33764 
1.38858 2.65457 4.19166 4.33764 
1.38858 2.65457 4.19166 4.33764 
1.38858 2.65457 4.19166 4.33764 
1.38858 2.65457 4.19166 4.33764 
1.38858 2.65457 4.19166 4.33764 
1.38858 2.65457 4.19166 4.33764 
1.38858 2.65457 4.19166 4.33764 
1.38858 2.65457 4.19166 4.33764 
1.38858 2.65457 4.19166 4.33764 
1.38858 2.65457 4.19166 4.33764 
1.38858 2.65457 4.19166 4.33764 
1.38858 2.65457 4.19166 4.33764 
1.38858 2.65457 4.19166 4.33764 
1.38858 2.65457 4.19166 4.33764 
1.38858 2.65457 4.19166 4.33764 
1.38858 2.65457 4.19166 4.33764 
1.38858 2.65457 4.19166 4.33764 
1.38858 2.65457 4.19166 4.33764 
1.38858 2.65457 4.19166 4.33764 
1.38858 2.65457 4.19166 4.33764 
1.38858 2.65457 4.19166 4.33764 
1.38858 2.65457 4.19166 4.33764 
1.38858 2.65457 4.19166 4.33764 
1.38858 2.65457 4.19166 4.33764 
1.38858 2.65457 4.19166 4.33764 
1.38858 2.65457 4.19166 4.33764 
1.38858 2.65457 4.19166 4.33764 
1.38858 2.65457 4.19166 4.33764 
1.38858 2.65457 4.19166 4.33764 
1.38858 2.65457 4.19166 4.33764 
1.38858 2.65457 4.19166 4.33764 
1.38858 2.65457 4.19166 4.33764 
1.38858 2.65457 4.19166 4.33764 
1.38858 2.65457 4.19166 4.33764 
1.38858 2.65457 4.19166 4.33764 
1.38858 2.65457 4.19166 4.33764 
1.38858 2.65457 4.19166 4.33764 
1.38858 2.65457 4.19166 4.33764 
1.38858 2.65457 4.19166 4.33764 
1.38858 2.65457 4.19166 4.33764 
1.38858 2.65457 4.19166 4.33764 
1.38858 2.65457 4.19166 4.33764 
1.38858 2.65457 4.19166 4.33764 
1.38858 2.65457 4.19166 4.33764 
1.38858 2.65457 4.19166 4.33764 
1.38858 2.65457 4.19166 4.33764 
1.38858 2.65457 4.19166 4.33764 
1.38858 2.65457 4.19166 4.33764 
1.38858 2.65457 4.19166 4.33764 
1.38858 2.65457 4.19166 4.33764 
1.38858 2.65457 4.19166 4.33764 
1.38858 2.65457 4.19166 4.33764 
1.38858 2.65457 4.19166 4.33764 
1.38858 2.65457 4.19166 4.33764 
1.38858 2.65457 4.19166 4.33764 
1.38858 2.65457 4.19166 4.33764 
1.38858 2.65457 4.19166 4.33764 
1.38858 2.65457 4.19166 4.33764 
