7.66938 7.77497 10.1291 10.1413 
6.66385 7.66938 7.77497 9.28375 
6.66385 7.66938 7.77497 8.58374 
6.66385 7.66938 7.77497 8.58374 
2.2696 5.80491 6.66385 7.66938 
2.2696 5.80491 6.66385 7.66938 
2.2696 5.80491 6.66385 7.66938 
2.2696 5.80491 6.66385 7.66938 
2.2696 5.80491 6.66385 7.62646 
2.2696 5.80491 6.66385 7.62646 
2.2696 4.41868 5.80491 6.66385 
2.2696 4.41868 5.80491 6.66385 
2.2696 4.41868 5.80491 6.66385 
2.2696 4.41868 5.80491 6.66385 
2.2696 4.41868 5.80491 6.66385 
2.2696 4.41868 5.80491 6.66385 
2.2696 4.41868 5.80491 6.66385 
2.2696 4.41868 5.80491 6.66385 
2.2696 4.41868 5.80491 6.66385 
2.2696 4.41868 5.80491 6.66385 
2.2696 4.41868 5.80491 6.66385 
2.2696 4.41868 5.80491 6.66385 
2.2696 4.41868 5.80491 6.66385 
2.2696 4.41868 5.80491 6.66385 
2.2696 4.41868 5.80491 6.66385 
2.2696 4.41868 5.80491 6.66385 
2.2696 4.41868 5.80491 6.66385 
2.2696 4.41868 5.80491 6.66385 
2.2696 4.41868 5.80491 6.66385 
2.2696 4.41868 5.80491 6.66385 
2.2696 4.41868 5.80491 6.66385 
2.2696 4.41868 5.80491 6.66385 
2.2696 4.41868 5.80491 6.66385 
2.2696 4.41868 5.80491 6.66385 
2.2696 4.41868 5.80491 6.66385 
2.2696 4.41868 5.80491 6.66385 
2.2696 4.41868 5.80491 6.66385 
2.2696 4.41868 5.80491 6.66385 
2.2696 4.41868 5.80491 6.66385 
2.2696 4.41868 5.80491 6.66385 
2.2696 4.41868 5.80491 6.66385 
2.2696 4.41868 5.80491 6.66385 
2.2696 4.41868 5.80491 6.66385 
2.2696 4.41868 5.80491 6.66385 
2.2696 4.41868 5.80491 6.66385 
2.2696 4.41868 5.80491 6.66385 
2.2696 4.41868 5.80491 6.66385 
2.2696 4.41868 5.80491 6.66385 
2.2696 4.41868 5.80491 6.66385 
2.2696 4.41868 5.80491 6.66385 
2.2696 4.41868 5.80491 6.66385 
2.2696 4.41868 5.80491 6.66385 
2.2696 4.41868 5.80491 6.66385 
2.2696 4.41868 5.80491 6.66385 
2.2696 4.41868 5.80491 6.66385 
2.2696 4.41868 5.80491 6.66385 
2.2696 4.41868 5.80491 6.66385 
2.2696 4.41868 5.80491 6.66385 
2.2696 4.41868 5.80491 6.66385 
2.2696 4.41868 5.80491 6.66385 
2.2696 4.41868 5.80491 6.66385 
2.2696 4.41868 5.80491 6.66385 
2.2696 4.41868 5.80491 6.66385 
2.2696 4.41868 5.80491 6.66385 
2.2696 4.41868 5.80491 6.66385 
2.2696 4.41868 5.80491 6.66385 
2.2696 4.41868 5.80491 6.66385 
2.2696 4.41868 5.80491 6.66385 
2.2696 4.41868 5.80491 6.66385 
2.2696 4.41868 5.80491 6.66385 
2.2696 4.41868 5.80491 6.66385 
2.2696 4.41868 5.80491 6.66385 
2.2696 4.41868 5.80491 6.66385 
2.2696 4.41868 5.80491 6.66385 
2.2696 4.41868 5.80491 6.66385 
2.2696 4.41868 5.80491 6.66385 
2.2696 4.41868 5.80491 6.66385 
2.2696 4.41868 5.80491 6.66385 
2.2696 4.41868 5.80491 6.66385 
2.2696 4.41868 5.80491 6.66385 
2.2696 4.41868 5.80491 6.66385 
2.2696 4.41868 5.80491 6.66385 
2.2696 4.41868 5.80491 6.66385 
2.2696 4.41868 5.80491 6.66385 
2.2696 4.41868 5.80491 6.66385 
2.2696 4.41868 5.80491 6.66385 
2.2696 4.41868 5.80491 6.66385 
2.2696 4.41868 5.80491 6.66385 
2.2696 4.41868 5.80491 6.66385 
2.2696 4.41868 5.80491 6.66385 
2.2696 4.41868 5.80491 6.66385 
2.2696 4.41868 5.80491 6.66385 
2.2696 4.41868 5.80491 6.66385 
2.2696 4.41868 5.80491 6.66385 
2.2696 4.41868 5.80491 6.66385 
2.2696 4.41868 5.80491 6.66385 
2.2696 4.41868 5.80491 6.66385 
2.2696 4.41868 5.80491 6.66385 
2.2696 4.41868 5.80491 6.66385 
2.2696 4.41868 5.80491 6.66385 
