5.86645 9.24701 9.70032 10.3877 
5.86645 8.97112 9.24701 9.42505 
5.86645 7.97185 8.97112 9.24701 
5.08077 5.86645 7.97185 8.97112 
5.08077 5.86645 7.97185 8.15191 
5.08077 5.86645 7.97185 8.15191 
5.08077 5.86645 7.97185 8.15191 
5.08077 5.86645 7.97185 8.15191 
3.47594 5.08077 5.86645 7.97185 
3.47594 5.08077 5.86645 6.08924 
3.47594 4.51721 5.08077 5.86645 
3.47594 4.17821 4.51721 5.08077 
3.47594 4.17821 4.51721 5.08077 
3.47594 4.17821 4.51721 5.08077 
3.47594 4.17821 4.51721 5.08077 
3.47594 4.17821 4.51721 5.08077 
3.47594 4.17821 4.51721 5.08077 
3.47594 4.17821 4.37064 4.51721 
3.47594 4.17821 4.29182 4.37064 
3.47594 4.17821 4.29182 4.37064 
3.47594 4.17821 4.29182 4.37064 
3.47594 4.17821 4.29182 4.37064 
3.47594 4.17821 4.29182 4.37064 
3.47594 4.17821 4.29182 4.37064 
3.47594 4.17821 4.29182 4.37064 
3.47594 4.17821 4.29182 4.37064 
3.47594 4.17821 4.28988 4.29182 
3.47594 4.17821 4.28988 4.29182 
3.47594 4.17821 4.28988 4.29182 
3.47594 4.17821 4.28988 4.29182 
3.47594 4.17821 4.23468 4.28988 
3.47594 4.17821 4.23468 4.28988 
3.47594 4.17821 4.23468 4.28988 
3.47594 4.17821 4.23468 4.28988 
3.47594 4.17821 4.23468 4.28988 
3.47594 4.17821 4.23468 4.28988 
3.47594 4.17821 4.23468 4.28988 
3.47594 4.17821 4.23468 4.28988 
3.47594 4.17821 4.23468 4.28988 
3.47594 4.17821 4.23468 4.28988 
3.47594 4.17821 4.23468 4.28988 
3.47594 4.17821 4.23468 4.28988 
3.47594 4.17821 4.23468 4.28988 
3.47594 4.17821 4.23468 4.28988 
3.47594 4.17821 4.23468 4.28988 
3.47594 4.17821 4.23468 4.28988 
3.47594 4.17821 4.23468 4.28988 
3.47594 4.17821 4.23468 4.28988 
3.47594 4.17821 4.23468 4.28988 
3.47594 4.17821 4.23468 4.28988 
3.47594 4.17821 4.23468 4.28988 
3.47594 4.17821 4.23468 4.28988 
3.47594 4.17821 4.23468 4.28988 
3.47594 4.17821 4.23468 4.28988 
3.47594 4.17821 4.23468 4.28988 
3.47594 4.17821 4.23468 4.28988 
3.47594 4.17821 4.23468 4.28988 
3.47594 4.17821 4.23468 4.28988 
3.47594 4.17821 4.23468 4.28988 
3.47594 4.17821 4.23468 4.28988 
3.47594 4.17821 4.23468 4.28988 
3.47594 4.17821 4.23468 4.28988 
3.47594 4.17821 4.23468 4.28988 
3.47594 4.17821 4.23468 4.28988 
3.47594 4.17821 4.23468 4.28988 
3.47594 4.17821 4.23468 4.28988 
3.47594 4.17821 4.23468 4.28988 
3.47594 4.17821 4.23468 4.28988 
3.47594 4.17821 4.23468 4.28988 
3.47594 4.17821 4.23468 4.28988 
3.47594 4.17821 4.23468 4.28988 
3.47594 4.17821 4.23468 4.28988 
3.47594 4.17821 4.23468 4.28988 
3.47594 4.17821 4.23468 4.28988 
3.47594 4.17821 4.23468 4.28988 
3.47594 4.17821 4.23468 4.28988 
3.47594 4.17821 4.23468 4.28988 
3.47594 4.17821 4.23468 4.28988 
3.47594 4.17821 4.23468 4.28988 
3.47594 4.17821 4.23468 4.28988 
3.47594 4.17821 4.23468 4.28988 
3.47594 4.17821 4.23468 4.28988 
3.47594 4.17821 4.23468 4.28988 
3.47594 4.17821 4.23468 4.28988 
3.47594 4.17821 4.23468 4.28988 
3.47594 4.17821 4.23468 4.28988 
3.47594 4.17821 4.23468 4.28988 
3.47594 4.17821 4.23468 4.28988 
3.47594 4.17821 4.23468 4.28988 
3.47594 4.17821 4.23468 4.28988 
3.47594 4.17821 4.23468 4.28988 
3.47594 4.17821 4.23468 4.28988 
3.47594 4.17821 4.23468 4.28988 
3.47594 4.17821 4.23468 4.28988 
3.47594 4.17821 4.23468 4.28988 
3.47594 4.17821 4.23468 4.28988 
3.47594 4.17821 4.23468 4.28988 
3.47594 4.17821 4.23468 4.28988 
3.47594 4.17821 4.23468 4.28988 
3.47594 4.17821 4.23468 4.28988 
