6.59336 10.0715 10.1786 10.9425 
6.59336 7.47889 8.74961 9.60852 
5.20206 6.59336 7.47889 8.74961 
5.20206 6.59336 7.47889 8.74961 
4.7286 5.20206 6.59336 7.47889 
4.7286 5.20206 6.59336 7.47889 
4.7286 5.20206 5.48839 6.59336 
4.7286 5.20206 5.48839 6.59336 
4.7286 5.20206 5.48839 6.59336 
4.7286 5.20206 5.48839 6.59336 
4.7286 5.20206 5.48839 6.59336 
4.7286 5.20206 5.48839 6.59336 
4.7286 5.20206 5.48839 6.59336 
4.7286 5.20206 5.48839 6.59336 
4.7286 5.20206 5.48839 6.59336 
4.7286 5.20206 5.48839 6.59336 
4.7286 5.20206 5.48839 6.59336 
4.7286 5.20206 5.48839 6.59336 
4.7286 5.20206 5.48839 6.59336 
4.03496 4.7286 5.20206 5.48839 
4.03496 4.7286 5.20206 5.48839 
4.03496 4.7286 5.20206 5.48839 
4.03496 4.7286 5.20206 5.48839 
4.03496 4.7286 5.20206 5.48839 
4.03496 4.7286 5.20206 5.48839 
4.03496 4.7286 5.20206 5.48839 
4.03496 4.7286 5.20206 5.48839 
4.03496 4.7286 5.20206 5.48839 
4.03496 4.7286 5.20206 5.48839 
4.03496 4.7286 5.20206 5.48839 
4.03496 4.7286 5.20206 5.48839 
4.03496 4.7286 5.20206 5.48839 
4.03496 4.7286 5.20206 5.48839 
4.03496 4.7286 5.20206 5.48839 
4.03496 4.7286 5.20206 5.48839 
4.03496 4.7286 5.20206 5.48839 
4.03496 4.7286 5.20206 5.48839 
4.03496 4.7286 5.20206 5.48839 
4.03496 4.7286 5.20206 5.48839 
4.03496 4.7286 5.20206 5.48839 
4.03496 4.7286 5.20206 5.48839 
4.03496 4.7286 5.20206 5.48839 
4.03496 4.7286 5.20206 5.48839 
4.03496 4.7286 5.20206 5.48839 
4.03496 4.7286 5.20206 5.48839 
4.03496 4.7286 5.20206 5.48839 
4.03496 4.7286 5.20206 5.48839 
4.03496 4.7286 5.20206 5.48839 
4.03496 4.7286 5.20206 5.48839 
4.03496 4.7286 5.20206 5.48839 
4.03496 4.7286 5.20206 5.48839 
4.03496 4.7286 5.20206 5.48839 
4.03496 4.7286 5.20206 5.48839 
4.03496 4.7286 5.20206 5.48839 
4.03496 4.7286 5.20206 5.48839 
4.03496 4.7286 5.20206 5.48839 
4.03496 4.7286 5.20206 5.48839 
4.03496 4.7286 5.20206 5.48839 
4.03496 4.7286 5.20206 5.48839 
4.03496 4.7286 5.20206 5.48839 
4.03496 4.7286 5.20206 5.48839 
4.03496 4.7286 5.20206 5.48839 
4.03496 4.7286 5.20206 5.48839 
4.03496 4.7286 5.20206 5.48839 
4.03496 4.7286 5.20206 5.48839 
4.03496 4.7286 5.20206 5.48839 
4.03496 4.7286 5.20206 5.48839 
4.03496 4.7286 5.20206 5.48839 
4.03496 4.7286 5.20206 5.48839 
4.03496 4.7286 5.20206 5.48839 
4.03496 4.7286 5.20206 5.48839 
4.03496 4.7286 5.20206 5.48839 
4.03496 4.7286 5.20206 5.48839 
4.03496 4.7286 5.20206 5.48839 
4.03496 4.7286 5.20206 5.48839 
4.03496 4.7286 5.20206 5.48839 
4.03496 4.7286 5.20206 5.48839 
4.03496 4.7286 5.20206 5.48839 
4.03496 4.7286 5.20206 5.48839 
4.03496 4.7286 5.20206 5.48839 
4.03496 4.7286 5.20206 5.48839 
4.03496 4.7286 5.20206 5.48839 
4.03496 4.7286 5.20206 5.48839 
4.03496 4.7286 5.20206 5.48839 
4.03496 4.7286 5.20206 5.48839 
4.03496 4.7286 5.20206 5.48839 
4.03496 4.7286 5.20206 5.48839 
4.03496 4.7286 5.20206 5.48839 
4.03496 4.7286 5.20206 5.48839 
4.03496 4.7286 5.20206 5.48839 
4.03496 4.7286 5.20206 5.48839 
4.03496 4.7286 5.20206 5.48839 
4.03496 4.7286 5.20206 5.48839 
4.03496 4.7286 5.20206 5.48839 
4.03496 4.7286 5.20206 5.48839 
4.03496 4.7286 5.20206 5.48839 
4.03496 4.7286 5.20206 5.48839 
4.03496 4.7286 5.20206 5.48839 
4.03496 4.7286 5.20206 5.48839 
4.03496 4.7286 5.20206 5.48839 
