7.29618 8.21995 8.41621 9.43592 
5.46216 5.78425 5.8832 7.29618 
5.46216 5.78425 5.8832 6.18901 
5.41575 5.46216 5.78425 5.8832 
5.41575 5.46216 5.78425 5.8832 
5.41575 5.46216 5.78425 5.8832 
5.41575 5.46216 5.78425 5.8832 
5.41575 5.46216 5.78425 5.8832 
5.41575 5.46216 5.78425 5.8832 
5.41575 5.46216 5.78425 5.8832 
5.41575 5.46216 5.78425 5.8832 
5.41575 5.46216 5.78425 5.8832 
5.41575 5.46216 5.78425 5.8832 
5.41575 5.46216 5.78425 5.8832 
5.41575 5.46216 5.78425 5.8832 
5.41575 5.46216 5.78425 5.8832 
5.41575 5.46216 5.78425 5.8832 
5.41575 5.46216 5.78425 5.8832 
2.48279 5.41575 5.46216 5.78425 
2.48279 4.22077 5.41575 5.46216 
2.48279 4.22077 4.48944 5.41575 
2.48279 3.2505 4.22077 4.48944 
2.48279 3.2505 4.22077 4.48944 
2.48279 3.2505 4.22077 4.48944 
2.48279 3.2505 4.22077 4.48944 
2.22515 2.48279 3.2505 4.22077 
2.22515 2.48279 2.95349 3.2505 
2.22515 2.48279 2.95349 3.2505 
2.22515 2.48279 2.95349 3.2505 
1.31571 2.22515 2.48279 2.95349 
1.31571 2.22515 2.48279 2.95349 
1.31571 2.22515 2.48279 2.95349 
1.31571 2.22515 2.48279 2.95349 
1.31571 2.22515 2.48279 2.95349 
1.31571 2.22515 2.48279 2.95349 
1.31571 2.22515 2.48279 2.95349 
1.31571 2.22515 2.48279 2.95349 
1.31571 2.22515 2.48279 2.95349 
1.31571 2.22515 2.48279 2.95349 
1.31571 2.22515 2.48279 2.95349 
1.31571 2.22515 2.48279 2.95349 
1.31571 2.22515 2.48279 2.95349 
1.31571 2.22515 2.48279 2.95349 
1.31571 2.22515 2.48279 2.95349 
1.31571 2.22515 2.48279 2.95349 
1.31571 2.22515 2.48279 2.95349 
1.31571 2.22515 2.48279 2.95349 
1.31571 2.22515 2.48279 2.95349 
1.31571 2.22515 2.48279 2.95349 
1.31571 2.22515 2.48279 2.95349 
1.31571 2.22515 2.48279 2.95349 
1.31571 2.22515 2.48279 2.95349 
1.31571 2.22515 2.48279 2.95349 
1.31571 2.22515 2.48279 2.95349 
1.31571 2.22515 2.48279 2.95349 
1.31571 2.22515 2.48279 2.95349 
1.31571 2.22515 2.48279 2.95349 
1.31571 2.22515 2.48279 2.95349 
1.31571 2.22515 2.48279 2.95349 
1.31571 2.22515 2.48279 2.95349 
1.31571 2.22515 2.48279 2.95349 
1.31571 2.22515 2.48279 2.95349 
1.31571 2.22515 2.48279 2.95349 
1.31571 2.22515 2.48279 2.95349 
1.31571 2.22515 2.48279 2.95349 
1.31571 2.22515 2.48279 2.95349 
1.31571 2.22515 2.48279 2.95349 
1.31571 2.22515 2.48279 2.95349 
1.31571 2.22515 2.48279 2.95349 
1.31571 2.22515 2.48279 2.95349 
1.31571 2.22515 2.48279 2.95349 
1.31571 2.22515 2.48279 2.95349 
1.31571 2.22515 2.48279 2.95349 
1.31571 2.22515 2.48279 2.95349 
1.31571 2.22515 2.48279 2.95349 
1.31571 2.22515 2.48279 2.95349 
1.31571 2.22515 2.48279 2.95349 
1.31571 2.22515 2.48279 2.95349 
1.31571 2.22515 2.48279 2.95349 
1.31571 2.22515 2.48279 2.95349 
1.31571 2.22515 2.48279 2.95349 
1.31571 2.22515 2.48279 2.95349 
1.31571 2.22515 2.48279 2.95349 
1.31571 2.22515 2.48279 2.95349 
1.31571 2.22515 2.48279 2.95349 
1.31571 2.22515 2.48279 2.95349 
1.31571 2.22515 2.48279 2.95349 
1.31571 2.22515 2.48279 2.95349 
1.31571 2.22515 2.48279 2.95349 
1.31571 2.22515 2.48279 2.95349 
1.31571 2.22515 2.48279 2.95349 
1.31571 2.22515 2.48279 2.95349 
1.31571 2.22515 2.48279 2.95349 
1.31571 2.22515 2.48279 2.95349 
1.31571 2.22515 2.48279 2.95349 
1.31571 2.22515 2.48279 2.95349 
1.31571 2.22515 2.48279 2.95349 
1.31571 2.22515 2.48279 2.95349 
1.31571 2.22515 2.48279 2.95349 
1.31571 2.22515 2.48279 2.95349 
