5.93873 6.53605 6.61291 6.82262 
5.93873 6.53605 6.61291 6.82262 
5.3412 5.93873 5.98404 6.53605 
5.3412 5.49321 5.93873 5.98404 
5.3412 5.49321 5.93873 5.98404 
4.93248 5.3412 5.49321 5.93873 
4.93248 5.3412 5.49321 5.93873 
4.02271 4.93248 5.3412 5.49321 
3.51902 4.02271 4.93248 5.3412 
3.51902 4.02271 4.80861 4.93248 
3.51902 4.02271 4.80861 4.93248 
3.51902 4.02271 4.23841 4.80861 
3.51902 4.02271 4.23841 4.36888 
3.51902 3.56099 4.02271 4.23841 
3.51902 3.56099 4.02271 4.23841 
3.51902 3.56099 4.02271 4.23841 
3.51902 3.56099 4.02271 4.23841 
3.51902 3.56099 4.02271 4.23841 
3.51902 3.56099 3.70448 4.02271 
3.51902 3.56099 3.70448 4.02271 
3.51902 3.56099 3.70448 4.02271 
3.51902 3.56099 3.70448 4.02271 
3.51902 3.56099 3.70448 4.02271 
3.51902 3.56099 3.70448 4.02271 
3.51902 3.56099 3.70448 4.02271 
3.51902 3.56099 3.70448 4.02271 
3.51902 3.56099 3.70448 4.02271 
3.51902 3.52041 3.56099 3.70448 
3.51902 3.52041 3.56099 3.70448 
3.51902 3.52041 3.56099 3.70448 
3.51902 3.52041 3.56099 3.70448 
3.51902 3.52041 3.56099 3.70448 
3.51902 3.52041 3.56099 3.70448 
3.51902 3.52041 3.56099 3.70448 
3.51902 3.52041 3.56099 3.70448 
3.51902 3.52041 3.56099 3.70448 
2.98896 3.26581 3.51902 3.52041 
2.98896 3.26581 3.51902 3.52041 
2.98896 3.26581 3.32416 3.51902 
2.98896 3.19524 3.26581 3.32416 
2.98896 3.19524 3.26581 3.32416 
2.98896 3.19524 3.26581 3.32416 
2.98896 3.19524 3.26581 3.32416 
1.86333 2.98896 3.19524 3.26581 
1.86333 2.98896 3.19524 3.26581 
1.86333 2.98896 3.19524 3.26581 
1.86333 2.98896 3.19524 3.26581 
1.86333 2.98896 3.19524 3.26581 
1.86333 2.88545 2.98896 3.19524 
1.86333 2.88545 2.98896 3.19524 
1.86333 2.88545 2.98896 3.19524 
1.86333 2.88545 2.98896 3.19524 
1.86333 2.88545 2.98896 3.19524 
1.86333 2.88545 2.98896 3.19524 
1.86333 2.88545 2.98896 3.19524 
1.86333 2.88545 2.98896 3.19524 
1.86333 2.88545 2.98896 3.19524 
1.86333 2.88545 2.98896 3.19524 
1.86333 2.88545 2.98896 3.19524 
1.86333 2.88545 2.98896 3.19524 
1.86333 2.88545 2.98896 3.19524 
1.86333 2.88545 2.98896 3.19524 
1.86333 2.88545 2.98896 3.19524 
1.86333 2.88545 2.98896 3.19524 
1.86333 2.88545 2.98896 3.19524 
1.86333 2.88545 2.98896 3.19524 
1.86333 2.88545 2.98896 3.19524 
1.86333 2.88545 2.98896 3.19524 
1.86333 2.88545 2.98896 3.19524 
1.86333 2.88545 2.98896 3.19524 
1.86333 2.88545 2.98896 3.19524 
1.86333 2.88545 2.98896 3.19524 
1.86333 2.88545 2.98896 3.19524 
1.86333 2.88545 2.9816 2.98896 
1.86333 2.88545 2.9816 2.98896 
1.86333 2.88545 2.9816 2.98896 
1.86333 2.88545 2.9816 2.98896 
1.86333 2.88545 2.9816 2.98896 
1.86333 2.88545 2.9816 2.98896 
1.86333 2.88545 2.9816 2.98896 
1.86333 2.88545 2.9816 2.98896 
1.86333 2.88545 2.9816 2.98896 
1.86333 2.88545 2.9816 2.98896 
1.86333 2.88545 2.9816 2.98896 
1.86333 2.88545 2.9816 2.98896 
1.86333 2.88545 2.9816 2.98896 
1.86333 2.88545 2.9816 2.98896 
1.86333 2.88545 2.9816 2.98896 
1.86333 2.88545 2.9816 2.98896 
1.86333 2.88545 2.9816 2.98896 
1.86333 2.88545 2.9816 2.98896 
1.86333 2.88545 2.9816 2.98896 
1.86333 2.88545 2.9816 2.98896 
1.86333 2.88545 2.9816 2.98896 
1.86333 2.88545 2.9816 2.98896 
1.86333 2.88545 2.9816 2.98896 
1.86333 2.88545 2.9816 2.98896 
1.86333 2.88545 2.9816 2.98896 
1.86333 2.88545 2.9816 2.98896 
1.86333 2.88545 2.9816 2.98896 
