7.38686 7.66103 7.7918 8.04757 
7.38686 7.66103 7.7918 8.04757 
7.38686 7.66103 7.7918 8.04757 
5.61347 7.38686 7.66103 7.7918 
5.61347 7.38686 7.66103 7.7918 
3.0325 5.53098 5.61347 7.38686 
3.0325 5.53098 5.61347 7.38686 
3.0325 5.53098 5.61347 7.38686 
3.0325 5.53098 5.61347 7.38686 
3.0325 5.53098 5.61347 7.38686 
3.0325 4.38683 5.53098 5.61347 
3.0325 4.38683 5.53098 5.61347 
3.0325 4.38683 5.53098 5.61347 
3.0325 4.38683 5.53098 5.61347 
3.0325 4.38683 5.53098 5.61347 
3.0325 4.38683 5.53098 5.61347 
3.0325 4.38683 5.53098 5.61347 
3.0325 4.38683 5.53098 5.61347 
3.0325 4.38683 5.53098 5.61347 
3.0325 4.38683 5.53098 5.61347 
3.0325 4.38683 5.53098 5.61347 
3.0325 4.38683 5.53098 5.61347 
3.0325 4.38683 5.53098 5.61347 
3.0325 4.38683 5.53098 5.61347 
3.0325 3.5121 4.38683 5.53098 
3.0325 3.5121 4.38683 5.53098 
3.0325 3.5121 4.38683 5.53098 
3.0325 3.5121 4.38683 5.53098 
3.0325 3.5121 4.38683 5.53098 
3.0325 3.5121 4.38683 5.53098 
3.0325 3.5121 4.38683 5.53098 
3.0325 3.5121 4.38683 5.53098 
3.0325 3.5121 4.38683 5.53098 
3.0325 3.5121 4.38683 5.53098 
3.0325 3.5121 4.38683 5.53098 
3.0325 3.5121 4.38683 5.53098 
3.0325 3.5121 4.38683 5.53098 
3.0325 3.5121 4.38683 5.53098 
3.0325 3.5121 4.38683 5.53098 
3.0325 3.5121 4.38683 5.53098 
3.0325 3.5121 4.38683 5.53098 
3.0325 3.5121 4.38683 5.53098 
3.0325 3.5121 4.38683 5.53098 
3.0325 3.5121 4.38683 5.53098 
3.0325 3.5121 4.38683 5.53098 
3.0325 3.5121 4.01785 4.38683 
3.0325 3.5121 3.61893 4.01785 
3.0325 3.5121 3.61893 4.01785 
3.0325 3.5121 3.61893 4.01785 
3.0325 3.5121 3.61893 4.01785 
3.0325 3.5121 3.61893 4.01785 
3.0325 3.5121 3.61893 4.01785 
3.0325 3.5121 3.61893 4.01785 
3.0325 3.5121 3.61893 4.01785 
3.0325 3.5121 3.61893 4.01785 
3.0325 3.5121 3.61893 4.01785 
3.0325 3.5121 3.61893 4.01785 
3.0325 3.5121 3.61893 4.01785 
3.0325 3.5121 3.61893 4.01785 
3.0325 3.5121 3.61893 4.01785 
3.0325 3.5121 3.61893 4.01785 
3.0325 3.5121 3.61893 4.01785 
3.0325 3.5121 3.61893 4.01785 
3.0325 3.5121 3.61893 4.01785 
3.0325 3.5121 3.61893 4.01785 
3.0325 3.5121 3.61893 4.01785 
3.0325 3.5121 3.61893 4.01785 
3.0325 3.5121 3.61893 4.01785 
3.0325 3.5121 3.61893 4.01785 
3.0325 3.5121 3.61893 4.01785 
3.0325 3.5121 3.61893 4.01785 
3.0325 3.5121 3.61893 4.01785 
3.0325 3.5121 3.61893 4.01785 
3.0325 3.5121 3.61893 4.01785 
3.0325 3.5121 3.61893 4.01785 
3.0325 3.5121 3.61893 4.01785 
3.0325 3.5121 3.61893 4.01785 
3.0325 3.5121 3.61893 4.01785 
3.0325 3.5121 3.61893 4.01785 
3.0325 3.5121 3.61893 4.01785 
3.0325 3.5121 3.61893 4.01785 
3.0325 3.5121 3.61893 4.01785 
3.0325 3.5121 3.61893 4.01785 
3.0325 3.5121 3.61893 4.01785 
3.0325 3.5121 3.61893 4.01785 
3.0325 3.5121 3.61893 4.01785 
3.0325 3.5121 3.61893 4.01785 
3.0325 3.5121 3.61893 4.01785 
3.0325 3.5121 3.61893 4.01785 
3.0325 3.5121 3.61893 4.01785 
3.0325 3.5121 3.61893 4.01785 
3.0325 3.5121 3.61893 4.01785 
3.0325 3.5121 3.61893 4.01785 
3.0325 3.5121 3.61893 4.01785 
3.0325 3.5121 3.61893 4.01785 
3.0325 3.5121 3.61893 4.01785 
3.0325 3.5121 3.61893 4.01785 
3.0325 3.5121 3.61893 4.01785 
3.0325 3.5121 3.61893 4.01785 
3.0325 3.5121 3.61893 4.01785 
