7.37174 7.48569 7.99687 9.42281 
7.37174 7.48569 7.99687 9.01811 
6.49442 7.14756 7.24566 7.37174 
6.49442 7.14756 7.24566 7.37174 
4.70404 6.49442 7.14756 7.24566 
4.70404 6.49442 6.77256 7.14756 
4.70404 6.49442 6.77256 7.14756 
4.70404 6.49442 6.77256 7.10015 
3.76193 4.70404 6.49442 6.77256 
3.76193 4.70404 6.49442 6.77256 
3.76193 4.70404 6.49442 6.77256 
3.76193 4.70404 6.49442 6.77256 
3.76193 4.70404 6.49442 6.77256 
3.76193 4.70404 5.23996 6.49442 
3.76193 4.70404 5.23996 6.49442 
3.76193 4.70404 5.23996 6.36613 
3.76193 4.70404 5.23996 6.36613 
3.76193 3.84798 4.70404 5.23996 
3.76193 3.84798 4.70404 5.23996 
3.76193 3.84798 4.70404 5.23996 
3.25914 3.76193 3.84798 4.70404 
1.57316 3.25914 3.38294 3.76193 
1.57316 3.25914 3.38294 3.76193 
1.57316 3.25914 3.38294 3.76193 
1.57316 3.25914 3.38294 3.76193 
1.57316 3.1852 3.25914 3.38294 
1.57316 3.1852 3.25914 3.36461 
1.57316 3.1852 3.25914 3.36461 
1.57316 3.1852 3.25914 3.36461 
1.57316 3.1852 3.25914 3.36461 
1.57316 3.1852 3.25914 3.36461 
1.57316 3.1852 3.25914 3.36461 
1.57316 3.1852 3.25914 3.36461 
1.57316 3.1852 3.25914 3.36461 
1.57316 3.1852 3.25914 3.36461 
1.57316 3.1852 3.25914 3.36461 
1.57316 3.1852 3.25914 3.36461 
1.57316 3.1852 3.25914 3.36461 
1.57316 3.1852 3.25914 3.36461 
1.57316 3.1852 3.25914 3.36461 
1.57316 3.1852 3.25914 3.36461 
1.57316 3.1852 3.25914 3.36461 
1.57316 3.1852 3.25914 3.36461 
1.57316 3.1852 3.25914 3.36461 
1.57316 3.1852 3.25914 3.36461 
1.57316 3.1852 3.25914 3.36461 
1.57316 3.1852 3.25914 3.36461 
1.57316 3.1852 3.25914 3.36461 
1.57316 3.1852 3.25914 3.36461 
1.57316 3.1852 3.25914 3.36461 
1.57316 3.1852 3.25914 3.36461 
1.57316 3.1852 3.25914 3.36461 
1.57316 3.1852 3.25914 3.36461 
1.57316 3.1852 3.25914 3.36461 
1.57316 3.1852 3.25914 3.36461 
1.57316 3.1852 3.25914 3.36461 
1.57316 3.1852 3.25914 3.36461 
1.57316 3.1852 3.25914 3.36461 
1.57316 3.1852 3.25914 3.36461 
1.57316 3.1852 3.25914 3.36461 
1.57316 3.1852 3.25914 3.36461 
1.57316 3.1852 3.25914 3.36461 
1.57316 3.1852 3.25914 3.36461 
1.57316 3.1852 3.25914 3.36461 
1.57316 3.1852 3.25914 3.36461 
1.57316 3.1852 3.25914 3.36461 
1.57316 3.1852 3.25914 3.36461 
1.57316 3.1852 3.25914 3.36461 
1.57316 3.1852 3.25914 3.36461 
1.57316 3.1852 3.25914 3.36461 
1.57316 3.1852 3.25914 3.36461 
1.57316 3.1852 3.25914 3.36461 
1.57316 3.1852 3.25914 3.36461 
1.57316 3.1852 3.25914 3.36461 
1.57316 3.1852 3.25914 3.36461 
1.57316 3.1852 3.25914 3.36461 
1.57316 3.1852 3.25914 3.36461 
1.57316 3.1852 3.25914 3.36461 
1.57316 3.1852 3.25914 3.36461 
1.57316 3.1852 3.25914 3.36461 
1.57316 3.1852 3.25914 3.36461 
1.57316 3.1852 3.25914 3.36461 
1.57316 3.1852 3.25914 3.36461 
1.57316 3.1852 3.25914 3.36461 
1.57316 3.1852 3.25914 3.36461 
1.57316 3.1852 3.25914 3.36461 
1.57316 3.1852 3.25914 3.36461 
1.57316 3.1852 3.25914 3.36461 
1.57316 3.1852 3.25914 3.36461 
1.57316 3.1852 3.25914 3.36461 
1.57316 3.1852 3.25914 3.36461 
1.57316 3.1852 3.25914 3.36461 
1.57316 3.1852 3.25914 3.36461 
1.57316 3.1852 3.25914 3.36461 
1.57316 3.1852 3.25914 3.36461 
1.57316 3.1852 3.25914 3.36461 
1.57316 3.1852 3.25914 3.36461 
1.57316 3.1852 3.25914 3.36461 
1.57316 3.1852 3.25914 3.36461 
1.57316 3.1852 3.25914 3.36461 
