4.01398 7.12618 8.12066 9.60227 
4.01398 7.12618 7.61223 8.12066 
4.01398 5.54941 6.61229 6.95948 
4.01398 5.54941 6.61229 6.95948 
2.18416 4.01398 5.54941 6.61229 
2.18416 4.01398 4.40602 5.54941 
2.18416 4.01398 4.40602 5.54941 
2.18416 4.01398 4.40602 5.54941 
1.54939 2.18416 4.01398 4.40602 
1.54939 2.18416 4.01398 4.40602 
1.54939 2.18416 4.01398 4.40602 
1.54939 2.18416 4.01398 4.40602 
1.54939 2.18416 4.01398 4.40602 
1.54939 2.18416 4.01398 4.40602 
1.54939 2.18416 3.47075 4.01398 
1.54939 2.18416 3.47075 4.01398 
1.54939 2.18416 3.47075 4.01398 
1.54939 2.18416 3.47075 4.01398 
1.54939 2.18416 3.47075 4.01398 
1.54939 2.18416 3.47075 4.01398 
1.54939 2.18416 3.47075 4.01398 
1.54939 2.18416 3.47075 4.01398 
1.54939 2.18416 3.47075 4.01398 
1.54939 2.18416 3.47075 4.01398 
1.54939 2.18416 3.47075 4.01398 
1.54939 2.18416 3.47075 4.01398 
1.54939 2.18416 3.47075 4.01398 
1.54939 2.18416 3.47075 4.01398 
1.54939 2.18416 3.47075 4.01398 
1.54939 2.18416 3.47075 4.01398 
1.54939 2.18416 3.47075 4.01398 
1.54939 2.18416 3.47075 4.01398 
1.54939 2.18416 3.47075 4.01398 
1.54939 2.18416 3.47075 4.01398 
1.54939 2.18416 3.47075 4.01398 
1.54939 2.18416 3.47075 3.70204 
1.54939 2.18416 3.47075 3.70204 
1.54939 2.18416 3.47075 3.70204 
1.54939 2.18416 3.47075 3.70204 
1.54939 2.18416 3.47075 3.70204 
1.54939 2.18416 3.47075 3.70204 
1.54939 2.18416 3.47075 3.70204 
1.54939 2.18416 3.47075 3.70204 
1.54939 2.18416 3.47075 3.70204 
1.54939 2.18416 3.47075 3.70204 
1.54939 2.18416 3.47075 3.70204 
1.54939 2.18416 3.47075 3.70204 
1.54939 2.18416 3.47075 3.70204 
1.54939 2.18416 3.47075 3.70204 
1.54939 2.18416 3.47075 3.70204 
1.54939 2.18416 3.47075 3.70204 
1.54939 2.18416 3.47075 3.70204 
1.54939 2.18416 3.47075 3.70204 
1.54939 2.18416 3.47075 3.70204 
1.54939 2.18416 3.47075 3.70204 
1.54939 2.18416 3.47075 3.70204 
1.54939 2.18416 3.47075 3.70204 
1.54939 2.18416 3.47075 3.70204 
1.54939 2.18416 3.47075 3.70204 
1.54939 2.18416 3.47075 3.70204 
1.54939 2.18416 3.47075 3.70204 
1.54939 2.18416 3.47075 3.70204 
1.54939 2.18416 3.47075 3.70204 
1.54939 2.18416 3.47075 3.70204 
1.54939 2.18416 3.47075 3.70204 
1.54939 2.18416 3.47075 3.70204 
1.54939 2.18416 3.47075 3.70204 
1.54939 2.18416 3.47075 3.70204 
1.54939 2.18416 3.47075 3.70204 
1.54939 2.18416 3.47075 3.70204 
1.54939 2.18416 3.47075 3.70204 
1.54939 2.18416 3.47075 3.70204 
1.54939 2.18416 3.47075 3.70204 
1.54939 2.18416 3.47075 3.70204 
1.54939 2.18416 3.47075 3.70204 
1.54939 2.18416 3.47075 3.70204 
1.54939 2.18416 3.47075 3.70204 
1.54939 2.18416 3.47075 3.70204 
1.54939 2.18416 3.47075 3.70204 
1.54939 2.18416 3.47075 3.70204 
1.54939 2.18416 3.47075 3.70204 
1.54939 2.18416 3.47075 3.70204 
1.54939 2.18416 3.47075 3.70204 
1.54939 2.18416 3.47075 3.70204 
1.54939 2.18416 3.47075 3.70204 
1.54939 2.18416 3.47075 3.70204 
1.54939 2.18416 3.47075 3.70204 
1.54939 2.18416 3.47075 3.70204 
1.54939 2.18416 3.47075 3.70204 
1.54939 2.18416 3.47075 3.70204 
1.54939 2.18416 3.47075 3.70204 
1.54939 2.18416 3.47075 3.70204 
1.54939 2.18416 3.47075 3.70204 
1.54939 2.18416 3.47075 3.70204 
1.54939 2.18416 3.47075 3.70204 
1.54939 2.18416 3.47075 3.70204 
1.54939 2.18416 3.47075 3.70204 
1.54939 2.18416 3.47075 3.70204 
1.54939 2.18416 3.47075 3.70204 
1.54939 2.18416 3.47075 3.70204 
