3.7589 8.73027 8.87477 10.3201 
3.7589 7.5156 7.99435 8.73027 
3.7589 4.93128 6.02819 7.5156 
3.7589 4.93128 6.02819 7.5156 
3.7589 4.93128 6.02819 7.5156 
3.7589 4.93128 5.838 6.02819 
3.7589 4.93128 5.838 6.02819 
3.7589 4.93128 5.838 6.02819 
3.7589 4.93128 5.838 6.02819 
3.7589 4.93128 5.838 6.02819 
3.7589 4.93128 5.838 6.02819 
3.7589 4.93128 5.838 6.02819 
3.7589 4.93128 5.838 6.02819 
3.7589 4.93128 5.838 6.02819 
3.7589 4.93128 5.838 6.02819 
3.7589 4.93128 5.838 6.02819 
3.7589 4.93128 5.838 6.02819 
3.7589 4.93128 5.838 6.02819 
3.7589 4.93128 5.838 6.02819 
3.7589 4.93128 5.838 6.02819 
3.7589 4.93128 5.838 6.02819 
3.7589 4.93128 5.838 6.02819 
3.7589 4.93128 5.838 6.02819 
3.7589 4.93128 5.838 6.02819 
3.7589 4.93128 5.838 6.02819 
3.7589 4.93128 5.838 6.02819 
3.7589 4.93128 5.838 6.02819 
3.7589 4.93128 5.838 6.02819 
3.7589 4.93128 5.838 6.02819 
3.7589 4.93128 5.838 6.02819 
3.7589 4.93128 5.67637 5.838 
3.7589 4.93128 5.67637 5.838 
3.7589 4.93128 5.67637 5.838 
3.7589 4.93128 5.67637 5.838 
3.7589 4.93128 5.67637 5.838 
3.00632 3.7589 4.93128 5.67637 
3.00632 3.7589 4.93128 5.47894 
3.00632 3.7589 4.93128 5.47894 
3.00632 3.22791 3.7589 4.93128 
3.00632 3.22791 3.7589 4.93128 
3.00632 3.22791 3.7589 4.93128 
3.00632 3.22791 3.7589 3.79635 
3.00632 3.22791 3.7589 3.79635 
3.00632 3.22791 3.7589 3.79635 
3.00632 3.22791 3.7589 3.79635 
3.00632 3.22791 3.7589 3.79635 
3.00632 3.22791 3.7589 3.79635 
3.00632 3.22791 3.7589 3.79635 
3.00632 3.22791 3.7589 3.79635 
3.00632 3.22791 3.7589 3.79635 
3.00632 3.22791 3.7589 3.79635 
3.00632 3.22791 3.7589 3.79635 
3.00632 3.22791 3.7589 3.79635 
3.00632 3.22791 3.7589 3.79635 
3.00632 3.22791 3.7589 3.79635 
3.00632 3.22791 3.7589 3.79635 
3.00632 3.22791 3.7589 3.79635 
3.00632 3.22791 3.7589 3.79635 
3.00632 3.22791 3.7589 3.79635 
3.00632 3.22791 3.7589 3.79635 
3.00632 3.22791 3.7589 3.79635 
3.00632 3.22791 3.7589 3.79635 
3.00632 3.22791 3.7589 3.79635 
3.00632 3.22791 3.7589 3.79635 
3.00632 3.22791 3.7589 3.79635 
3.00632 3.22791 3.7589 3.79635 
3.00632 3.22791 3.7589 3.79635 
3.00632 3.22791 3.7589 3.79635 
3.00632 3.22791 3.7589 3.79635 
3.00632 3.22791 3.7589 3.79635 
3.00632 3.22791 3.7589 3.79635 
3.00632 3.22791 3.7589 3.79635 
3.00632 3.22791 3.7589 3.79635 
3.00632 3.22791 3.7589 3.79635 
3.00632 3.22791 3.7589 3.79635 
3.00632 3.22791 3.7589 3.79635 
3.00632 3.22791 3.7589 3.79635 
3.00632 3.22791 3.7589 3.79635 
3.00632 3.22791 3.7589 3.79635 
3.00632 3.22791 3.7589 3.79635 
3.00632 3.22791 3.7589 3.79635 
3.00632 3.22791 3.7589 3.79635 
3.00632 3.22791 3.7589 3.79635 
3.00632 3.22791 3.7589 3.79635 
3.00632 3.22791 3.7589 3.79635 
3.00632 3.22791 3.7589 3.79635 
3.00632 3.22791 3.7589 3.79635 
3.00632 3.22791 3.7589 3.79635 
3.00632 3.22791 3.7589 3.79635 
3.00632 3.22791 3.7589 3.79635 
3.00632 3.22791 3.7589 3.79635 
3.00632 3.22791 3.7589 3.79635 
3.00632 3.22791 3.7589 3.79635 
3.00632 3.22791 3.7589 3.79635 
3.00632 3.22791 3.7589 3.79635 
3.00632 3.22791 3.7589 3.79635 
3.00632 3.22791 3.7589 3.79635 
3.00632 3.22791 3.7589 3.79635 
3.00632 3.22791 3.7589 3.79635 
3.00632 3.22791 3.7589 3.79635 
