7.72551 8.05314 12.7313 13.1632 
7.72551 8.05314 9.09226 9.36849 
3.84721 5.18653 7.72551 8.05314 
3.84721 5.18653 5.79905 7.72551 
3.25782 3.84721 5.18653 5.79905 
3.25782 3.84721 5.18653 5.79905 
3.25782 3.84721 5.18653 5.79905 
3.25782 3.84721 5.18653 5.79905 
3.25782 3.84721 5.18653 5.79905 
3.25782 3.84721 5.18653 5.79905 
3.25782 3.84721 5.18653 5.79905 
2.63966 3.25782 3.84721 5.18653 
2.63966 3.25782 3.84721 5.18653 
2.63966 3.25782 3.84721 5.18653 
2.63966 3.25782 3.84721 5.18653 
2.63966 3.25782 3.84721 5.18653 
2.63966 3.25782 3.84721 5.18653 
2.63966 3.25782 3.84721 5.18653 
2.63966 3.25782 3.84721 5.18653 
2.63966 3.25782 3.84721 5.18653 
2.63966 3.25782 3.84721 5.18653 
2.63966 3.25782 3.84721 5.18653 
2.63966 3.25782 3.84721 5.18653 
2.63966 3.25782 3.84721 5.18653 
2.63966 3.25782 3.84721 5.18653 
2.63966 3.25782 3.84721 5.18653 
2.63966 3.25782 3.84721 5.18653 
2.63966 3.25782 3.84721 5.18653 
2.63966 3.25782 3.84721 5.18653 
2.63966 3.25782 3.84721 5.18653 
2.63966 3.25782 3.84721 5.18653 
2.63966 3.25782 3.84721 5.18653 
2.63966 3.25782 3.84721 5.18653 
2.63966 2.94868 3.25782 3.84721 
2.63966 2.94868 3.2371 3.25782 
2.63966 2.94868 3.2371 3.25782 
2.63966 2.94868 3.2371 3.25782 
2.63966 2.94868 3.2371 3.25782 
2.63966 2.94868 3.2371 3.25782 
2.63966 2.94868 3.2371 3.25782 
2.63966 2.94868 3.2371 3.25782 
2.63966 2.94868 3.2371 3.25782 
2.63966 2.94868 3.2371 3.25782 
2.63966 2.94868 3.2371 3.25782 
2.63966 2.94868 3.2371 3.25782 
2.63966 2.94868 3.2371 3.25782 
2.63966 2.94868 3.2371 3.25782 
2.63966 2.94868 3.2371 3.25782 
2.63966 2.94868 3.2371 3.25782 
2.63966 2.94868 3.2371 3.25782 
2.63966 2.94868 3.2371 3.25782 
2.63966 2.94868 3.2371 3.25782 
2.63966 2.94868 3.2371 3.25782 
2.63966 2.94868 3.2371 3.25782 
2.63966 2.94868 3.2371 3.25782 
2.63966 2.94868 3.2371 3.25782 
2.63966 2.94868 3.2371 3.25782 
2.63966 2.94868 3.2371 3.25782 
2.63966 2.94868 3.2371 3.25782 
2.63966 2.94868 3.2371 3.25782 
2.63966 2.94868 3.2371 3.25782 
2.63966 2.94868 3.2371 3.25782 
2.63966 2.94868 3.2371 3.25782 
2.63966 2.94868 3.2371 3.25782 
2.63966 2.94868 3.2371 3.25782 
2.63966 2.94868 3.2371 3.25782 
2.63966 2.94868 3.2371 3.25782 
2.63966 2.94868 3.2371 3.25782 
2.63966 2.94868 3.2371 3.25782 
2.63966 2.94868 3.2371 3.25782 
2.63966 2.94868 3.2371 3.25782 
2.63966 2.94868 3.2371 3.25782 
2.63966 2.94868 3.2371 3.25782 
2.63966 2.94868 3.2371 3.25782 
2.63966 2.94868 3.2371 3.25782 
2.63966 2.94868 3.2371 3.25782 
2.63966 2.94868 3.2371 3.25782 
2.63966 2.94868 3.2371 3.25782 
2.63966 2.94868 3.2371 3.25782 
2.63966 2.94868 3.2371 3.25782 
2.63966 2.94868 3.2371 3.25782 
2.63966 2.94868 3.2371 3.25782 
2.63966 2.94868 3.2371 3.25782 
2.63966 2.94868 3.2371 3.25782 
2.63966 2.94868 3.2371 3.25782 
2.63966 2.94868 3.2371 3.25782 
2.63966 2.94868 3.2371 3.25782 
2.63966 2.94868 3.2371 3.25782 
2.63966 2.94868 3.2371 3.25782 
2.63966 2.94868 3.2371 3.25782 
2.63966 2.94868 3.2371 3.25782 
2.63966 2.94868 3.2371 3.25782 
2.63966 2.94868 3.2371 3.25782 
2.63966 2.94868 3.2371 3.25782 
2.63966 2.94868 3.2371 3.25782 
2.63966 2.94868 3.2371 3.25782 
2.63966 2.94868 3.2371 3.25782 
2.63966 2.94868 3.2371 3.25782 
2.63966 2.94868 3.2371 3.25782 
2.63966 2.94868 3.2371 3.25782 
