2.30746 3.29167 3.72782 4.09284 4.37258 4.39192 4.44692 4.52685 4.54002 4.58434 4.66422 4.716 5.10549 5.11536 5.18124 5.40985 5.69115 5.74114 5.94092 5.99785 
2.30746 2.80301 3.26698 3.29167 3.49848 3.72782 4.09284 4.37258 4.39192 4.44692 4.52685 4.54002 4.58434 4.66422 4.716 5.10549 5.11536 5.18124 5.40985 5.69115 
1.83633 2.30746 2.80301 3.26698 3.29167 3.49848 3.72782 3.72864 4.09284 4.32506 4.37258 4.39192 4.44692 4.52685 4.54002 4.58434 4.66422 4.6929 4.716 4.96925 
1.83633 2.30746 2.80301 3.26698 3.29167 3.49848 3.52529 3.72782 3.72864 4.09284 4.32506 4.37258 4.39192 4.44692 4.52685 4.54002 4.58434 4.58735 4.66422 4.6929 
0.682864 1.83633 1.92242 2.30746 2.80301 2.93175 3.26698 3.29167 3.49848 3.52529 3.72782 3.72864 4.09284 4.10254 4.32506 4.37258 4.39192 4.44692 4.52685 4.54002 
0.682864 1.83633 1.92242 2.30746 2.80301 2.93175 3.26698 3.29167 3.33028 3.49848 3.52529 3.72782 3.72864 3.92433 4.01585 4.09284 4.10254 4.32506 4.37258 4.39192 
0.682864 1.83633 1.92242 2.30746 2.7516 2.80301 2.93175 3.26698 3.29167 3.33028 3.37506 3.48693 3.49848 3.52529 3.72782 3.72864 3.78275 3.92433 3.98066 3.99571 
0.682864 1.83633 1.92242 2.30746 2.7516 2.80301 2.93175 3.26698 3.29167 3.33028 3.37506 3.48693 3.49848 3.52529 3.72782 3.72864 3.78275 3.92433 3.98066 3.99571 
0.682864 1.83633 1.92242 2.30746 2.7516 2.79011 2.80301 2.93175 3.2491 3.26698 3.27491 3.29167 3.33028 3.37506 3.48693 3.49848 3.52529 3.72782 3.72864 3.78275 
0.682864 1.83633 1.92242 2.30746 2.58657 2.62416 2.7516 2.79011 2.80301 2.93175 3.17424 3.23283 3.2491 3.26698 3.27491 3.29167 3.33028 3.37506 3.46117 3.48693 
0.682864 1.83633 1.92242 2.30746 2.58657 2.62416 2.70612 2.7516 2.79011 2.80301 2.93175 3.17424 3.23283 3.2491 3.26698 3.27491 3.29167 3.33028 3.37506 3.46117 
0.682864 1.2364 1.83633 1.92242 2.30746 2.58657 2.62416 2.70612 2.7516 2.79011 2.80301 2.93175 3.17424 3.23283 3.2491 3.26698 3.27491 3.29167 3.33028 3.37506 
0.682864 1.2364 1.83633 1.92242 2.30746 2.32644 2.58657 2.62416 2.70612 2.7516 2.79011 2.80301 2.86848 2.93175 3.08081 3.17424 3.23283 3.24448 3.24612 3.2491 
0.192621 0.682864 1.2364 1.83633 1.92242 2.30746 2.32644 2.58657 2.62416 2.70612 2.7516 2.79011 2.80301 2.86848 2.93175 3.08081 3.17424 3.20391 3.21279 3.23283 
0.192621 0.682864 1.2364 1.83633 1.92242 2.30746 2.32644 2.58657 2.62416 2.70612 2.7516 2.79011 2.80301 2.81073 2.86848 2.93175 3.00071 3.08081 3.17424 3.20391 
0.192621 0.682864 1.2364 1.83633 1.92242 2.30746 2.32644 2.58657 2.62416 2.70612 2.7516 2.79011 2.80301 2.81073 2.86848 2.93175 3.00071 3.08081 3.17424 3.20391 
0.192621 0.682864 1.2364 1.27571 1.83633 1.92242 2.30746 2.32644 2.58657 2.62416 2.70612 2.7516 2.79011 2.80301 2.81073 2.86848 2.87831 2.88532 2.92435 2.93175 
0.192621 0.682864 1.2364 1.27571 1.83633 1.92242 2.30746 2.32644 2.58657 2.59473 2.62416 2.70612 2.7516 2.79011 2.80301 2.81073 2.86848 2.87831 2.88532 2.92435 
0.192621 0.605594 0.682864 1.2364 1.27571 1.83633 1.92242 2.30746 2.32644 2.58657 2.59473 2.62416 2.70612 2.7516 2.79011 2.80301 2.81073 2.86848 2.87831 2.88532 
0.192621 0.605594 0.682864 1.2364 1.27571 1.45989 1.83633 1.92242 2.03596 2.30746 2.32644 2.58657 2.59473 2.62416 2.70612 2.7516 2.79011 2.80301 2.81073 2.86848 
0.192621 0.605594 0.682864 1.2364 1.27571 1.45989 1.83633 1.92242 2.03596 2.30746 2.32644 2.58657 2.59473 2.62416 2.67296 2.70612 2.7516 2.79011 2.80301 2.81073 
0.192621 0.605594 0.682864 1.2364 1.27571 1.45989 1.83633 1.92242 2.03596 2.30746 2.32644 2.58657 2.59473 2.61252 2.62416 2.67296 2.6802 2.70612 2.7516 2.79011 
0.192621 0.605594 0.682864 0.72322 1.22845 1.2364 1.27571 1.45989 1.82014 1.83633 1.92242 2.03596 2.30746 2.32644 2.58657 2.59473 2.61252 2.62416 2.67296 2.6802 
0.192621 0.598632 0.605594 0.682864 0.716022 0.72322 1.20695 1.22845 1.2364 1.27571 1.29317 1.45989 1.7132 1.82014 1.83633 1.92242 2.03596 2.06502 2.30746 2.32644 
0.192621 0.598632 0.605594 0.682864 0.716022 0.72322 1.20695 1.22845 1.2364 1.27571 1.29317 1.45989 1.58372 1.7132 1.82014 1.83633 1.92242 2.03596 2.06502 2.30746 
0.192621 0.598632 0.605594 0.682864 0.716022 0.72322 1.20695 1.22845 1.2364 1.27571 1.29317 1.45989 1.52537 1.58372 1.7132 1.82014 1.83633 1.92242 2.03596 2.06502 
0.192621 0.598632 0.605594 0.682864 0.690831 0.716022 0.72322 1.20695 1.22845 1.2364 1.27571 1.29317 1.45989 1.52537 1.58372 1.7132 1.82014 1.83633 1.92242 2.03596 
0.192621 0.598632 0.605594 0.682864 0.690831 0.716022 0.72322 1.20695 1.22845 1.2364 1.27571 1.29317 1.45989 1.52537 1.58372 1.61724 1.7132 1.82014 1.83633 1.92242 
0.192621 0.598632 0.605594 0.682864 0.690831 0.716022 0.72322 1.20695 1.22845 1.2364 1.27571 1.29317 1.45989 1.52537 1.58372 1.61724 1.7132 1.82014 1.83633 1.92242 
0.192621 0.30215 0.598632 0.605594 0.682864 0.690831 0.716022 0.72322 1.20695 1.22845 1.2364 1.27571 1.29317 1.45989 1.52537 1.58372 1.61724 1.7132 1.82014 1.83633 
0.192621 0.30215 0.510438 0.598632 0.605594 0.650344 0.682864 0.690831 0.716022 0.72322 1.20695 1.22845 1.2364 1.27571 1.29317 1.34145 1.45989 1.52537 1.58372 1.61724 
0.192621 0.30215 0.510438 0.598632 0.605594 0.650344 0.682864 0.690831 0.716022 0.72322 1.20695 1.22845 1.2364 1.27571 1.29317 1.34145 1.45989 1.52537 1.58372 1.61724 
0.192621 0.30215 0.510438 0.598632 0.605594 0.650344 0.682864 0.690831 0.716022 0.72322 1.20695 1.22263 1.22845 1.2364 1.27571 1.29317 1.34145 1.45989 1.52537 1.58372 
0.192621 0.30215 0.510438 0.598632 0.605594 0.650344 0.682864 0.690831 0.716022 0.72322 1.09265 1.15188 1.20695 1.22263 1.22845 1.2364 1.27571 1.29317 1.34145 1.36342 
0.192621 0.30215 0.510438 0.598632 0.605594 0.650344 0.682864 0.690831 0.716022 0.72322 1.09265 1.15188 1.20695 1.22263 1.22845 1.2364 1.27571 1.29317 1.34145 1.36342 
0.192621 0.30215 0.510438 0.598632 0.605594 0.650344 0.682864 0.690831 0.716022 0.72322 1.09265 1.15188 1.20695 1.21239 1.22263 1.22845 1.2364 1.27571 1.29317 1.34145 
0.192621 0.30215 0.510438 0.598632 0.605594 0.650344 0.682864 0.690831 0.716022 0.72322 1.09249 1.09265 1.15188 1.20695 1.21239 1.22263 1.22845 1.2364 1.27571 1.29317 
0.192621 0.30215 0.510438 0.598632 0.605594 0.650344 0.682864 0.690831 0.716022 0.72322 1.09249 1.09265 1.15188 1.20695 1.21239 1.22263 1.22845 1.2364 1.27571 1.29317 
0.192621 0.297941 0.30215 0.510438 0.598632 0.605594 0.650344 0.682864 0.690831 0.716022 0.72322 1.09249 1.09265 1.15188 1.20695 1.21239 1.22263 1.22845 1.2364 1.27571 
0.0408097 0.192621 0.223371 0.297941 0.30215 0.510438 0.598632 0.601534 0.605594 0.650344 0.682864 0.690831 0.716022 0.72322 0.786679 1.06689 1.09087 1.09249 1.09265 1.15188 
0.0408097 0.192621 0.223371 0.297034 0.297941 0.30215 0.483882 0.510438 0.598632 0.601534 0.605594 0.650344 0.682864 0.690831 0.716022 0.72322 0.786679 1.06689 1.09087 1.09249 
0.0408097 0.192621 0.223371 0.297034 0.297941 0.30215 0.483882 0.510438 0.598632 0.601534 0.605594 0.650344 0.682864 0.690831 0.716022 0.72322 0.786679 1.06689 1.09087 1.09249 
0.0408097 0.192621 0.19762 0.223371 0.297034 0.297941 0.30215 0.483882 0.510438 0.511598 0.598632 0.601534 0.605594 0.650344 0.682864 0.690831 0.716022 0.72322 0.786679 1.0419 
0.0408097 0.192621 0.19762 0.223371 0.297034 0.297941 0.30215 0.483882 0.510438 0.511598 0.526937 0.565164 0.598632 0.601534 0.605594 0.650344 0.671547 0.682864 0.690831 0.716022 
0.0408097 0.192621 0.19762 0.223371 0.297034 0.297941 0.30215 0.483882 0.510438 0.511598 0.526937 0.565164 0.598632 0.601534 0.605594 0.650344 0.671547 0.682864 0.690831 0.716022 
0.0408097 0.192621 0.19762 0.223371 0.297034 0.297941 0.30215 0.483882 0.510438 0.511598 0.526937 0.565164 0.598632 0.601534 0.605594 0.63968 0.650344 0.671547 0.682864 0.690831 
0.0408097 0.192621 0.19762 0.223371 0.297034 0.297941 0.30215 0.483882 0.510438 0.511598 0.526937 0.565164 0.598632 0.601534 0.605594 0.63968 0.650344 0.671547 0.682864 0.690831 
0.0408097 0.192621 0.19762 0.223371 0.297034 0.297941 0.30215 0.483882 0.510438 0.511598 0.526937 0.565164 0.598632 0.601534 0.605594 0.63968 0.650344 0.671547 0.682864 0.690831 
0.0408097 0.192621 0.19762 0.223371 0.297034 0.297941 0.30215 0.483882 0.510438 0.511598 0.526937 0.565164 0.598632 0.601534 0.605594 0.63968 0.650344 0.671547 0.682864 0.690831 
0.0408097 0.192621 0.19762 0.219548 0.223371 0.297034 0.297941 0.30215 0.483882 0.510438 0.511598 0.526937 0.565164 0.598632 0.601534 0.605594 0.63968 0.650344 0.671547 0.682864 
0.0408097 0.192621 0.19762 0.219548 0.223371 0.297034 0.297941 0.30215 0.483882 0.510438 0.511598 0.526937 0.565164 0.598632 0.601534 0.605594 0.609165 0.63968 0.650344 0.671547 
0.0408097 0.192621 0.19762 0.219548 0.223371 0.297034 0.297941 0.30215 0.410851 0.483882 0.510438 0.511598 0.526937 0.565164 0.598632 0.601534 0.605594 0.608447 0.609165 0.63968 
0.0408097 0.192621 0.19762 0.219548 0.223371 0.297034 0.297941 0.30215 0.410851 0.483882 0.510438 0.511598 0.526937 0.565164 0.598632 0.601534 0.605594 0.608447 0.609165 0.63968 
0.0408097 0.192621 0.19762 0.219548 0.223371 0.297034 0.297941 0.30215 0.410851 0.483882 0.510438 0.511598 0.526937 0.565164 0.598632 0.601534 0.605594 0.608447 0.609165 0.63968 
0.0408097 0.192621 0.19762 0.219548 0.223371 0.269187 0.297034 0.297941 0.30215 0.410851 0.416174 0.483882 0.510438 0.511598 0.526937 0.565164 0.598632 0.601534 0.605594 0.608447 
0.0408097 0.192621 0.19762 0.219548 0.223371 0.269187 0.297034 0.297941 0.30215 0.398286 0.410851 0.416174 0.483882 0.510438 0.511598 0.526937 0.565164 0.598632 0.601534 0.605594 
0.0408097 0.192621 0.19762 0.219548 0.223371 0.269187 0.297034 0.297941 0.30215 0.337041 0.367922 0.398286 0.410851 0.416174 0.483882 0.484907 0.510438 0.511598 0.526937 0.565164 
0.0408097 0.192621 0.19762 0.219548 0.223371 0.269187 0.297034 0.297941 0.30215 0.337041 0.367922 0.398286 0.410851 0.416174 0.4412 0.483882 0.484907 0.510438 0.511598 0.526937 
0.0408097 0.192621 0.19762 0.216422 0.219548 0.220411 0.223371 0.269187 0.297034 0.297941 0.30215 0.312959 0.337041 0.367922 0.398286 0.410851 0.416174 0.4412 0.483882 0.484907 
0.0408097 0.163381 0.192621 0.19762 0.216422 0.219548 0.220411 0.223371 0.269187 0.297034 0.297941 0.30215 0.312959 0.337041 0.367922 0.398286 0.410851 0.416174 0.4412 0.483882 
0.0408097 0.0603268 0.163381 0.176183 0.192621 0.19762 0.216422 0.219548 0.220411 0.223371 0.269187 0.297034 0.297941 0.30215 0.312959 0.337041 0.367922 0.398286 0.410851 0.416174 
0.0408097 0.0603268 0.163381 0.176183 0.192621 0.19762 0.216422 0.219548 0.220411 0.223371 0.269187 0.297034 0.297941 0.30215 0.312959 0.337041 0.367922 0.398286 0.40756 0.410851 
0.0408097 0.0603268 0.163381 0.176183 0.192621 0.19762 0.216422 0.219548 0.220411 0.223371 0.269187 0.273393 0.297034 0.297941 0.30215 0.312959 0.337041 0.367922 0.386395 0.398286 
0.0408097 0.0603268 0.163381 0.176183 0.192621 0.19762 0.216422 0.219548 0.220411 0.223371 0.269187 0.273393 0.281669 0.297034 0.297941 0.30215 0.312959 0.337041 0.367922 0.386395 
0.0408097 0.0603268 0.163381 0.176183 0.192621 0.19762 0.216422 0.219548 0.220411 0.223371 0.269187 0.273393 0.281669 0.297034 0.297941 0.30215 0.312959 0.337041 0.367922 0.386395 
0.0408097 0.0603268 0.163381 0.176183 0.192621 0.19762 0.216422 0.219548 0.220411 0.223371 0.269187 0.273393 0.281669 0.285177 0.297034 0.297941 0.30215 0.312959 0.337041 0.344216 
0.0408097 0.0603268 0.163381 0.176183 0.192621 0.19762 0.216422 0.219548 0.220411 0.223371 0.269187 0.273393 0.281669 0.285177 0.297034 0.297941 0.30215 0.312959 0.337041 0.344216 
0.0408097 0.0603268 0.163381 0.176183 0.192621 0.19762 0.216422 0.219548 0.220411 0.223371 0.267902 0.269187 0.273393 0.281669 0.285177 0.297034 0.297941 0.30215 0.312959 0.337041 
0.0408097 0.0603268 0.163381 0.176183 0.192621 0.19762 0.216422 0.219548 0.220411 0.223371 0.267902 0.269187 0.273393 0.281669 0.285177 0.297034 0.297941 0.301885 0.30215 0.312959 
0.0408097 0.0603268 0.123407 0.163381 0.176183 0.192621 0.19762 0.216422 0.219548 0.220411 0.223371 0.267902 0.269187 0.273393 0.281669 0.285177 0.297034 0.297941 0.301885 0.30215 
0.0408097 0.0603268 0.123407 0.163381 0.176183 0.192621 0.19762 0.216422 0.219548 0.220411 0.223371 0.267902 0.269187 0.273393 0.281669 0.285177 0.297034 0.297941 0.301885 0.30215 
0.0408097 0.0603268 0.123407 0.163381 0.176183 0.192621 0.19762 0.216422 0.219548 0.220411 0.223371 0.267902 0.269187 0.273393 0.281669 0.285177 0.297034 0.297941 0.301885 0.30215 
0.0408097 0.0603268 0.123407 0.163381 0.176183 0.192621 0.19762 0.216422 0.219548 0.220411 0.223371 0.267902 0.269187 0.273393 0.281669 0.285177 0.297034 0.297941 0.301885 0.30215 
0.0408097 0.0603268 0.123407 0.163381 0.176183 0.192621 0.19762 0.216422 0.219548 0.220411 0.223371 0.267902 0.269187 0.273393 0.281669 0.285177 0.297034 0.297941 0.301885 0.30215 
0.0408097 0.0603268 0.123407 0.163381 0.176183 0.192621 0.19762 0.216422 0.219548 0.220411 0.223371 0.267902 0.269187 0.273393 0.281669 0.285177 0.297034 0.297941 0.301885 0.30215 
0.0408097 0.0603268 0.123407 0.163381 0.176183 0.192621 0.19762 0.216422 0.219548 0.220411 0.223371 0.267902 0.269187 0.273393 0.281669 0.285177 0.297034 0.297941 0.301885 0.30215 
0.0408097 0.0603268 0.123407 0.163381 0.176183 0.192621 0.19762 0.216422 0.219548 0.220411 0.223371 0.267902 0.269187 0.273393 0.281669 0.285177 0.297034 0.297941 0.301885 0.30215 
0.0408097 0.0603268 0.123407 0.163381 0.176183 0.192621 0.19762 0.216422 0.219548 0.220411 0.223371 0.267902 0.269187 0.273393 0.281669 0.285177 0.297034 0.297941 0.301885 0.30215 
0.0408097 0.0603268 0.123407 0.163381 0.176183 0.192621 0.19762 0.216422 0.219548 0.220411 0.223371 0.267902 0.269187 0.273393 0.281669 0.285177 0.297034 0.297941 0.301885 0.30215 
0.0408097 0.0603268 0.123407 0.163381 0.176183 0.192621 0.19762 0.216422 0.219548 0.220411 0.223371 0.267902 0.269187 0.273393 0.281669 0.285177 0.297034 0.297941 0.301885 0.30215 
0.0408097 0.0603268 0.123407 0.163381 0.176183 0.192621 0.19762 0.216422 0.219548 0.220411 0.223371 0.267902 0.269187 0.273393 0.281669 0.285177 0.297034 0.297941 0.301885 0.30215 
0.0408097 0.0603268 0.123407 0.163381 0.176183 0.192621 0.19762 0.216422 0.219548 0.220411 0.223371 0.267902 0.269187 0.273393 0.281669 0.285177 0.297034 0.297941 0.301885 0.30215 
0.0408097 0.0603268 0.123407 0.163381 0.176183 0.192621 0.19762 0.216422 0.219548 0.220411 0.223371 0.267902 0.269187 0.273393 0.281669 0.285177 0.297034 0.297941 0.301885 0.30215 
0.0408097 0.0603268 0.123407 0.163381 0.176183 0.192621 0.19762 0.216422 0.219548 0.220411 0.223371 0.267902 0.269187 0.273393 0.281669 0.285177 0.297034 0.297941 0.301885 0.30215 
0.0408097 0.0603268 0.123407 0.163381 0.176183 0.192621 0.19762 0.216422 0.219548 0.220411 0.223371 0.267902 0.269187 0.273393 0.281669 0.285177 0.297034 0.297941 0.301885 0.30215 
0.0408097 0.0603268 0.123407 0.163381 0.176183 0.192621 0.19762 0.216422 0.219548 0.220411 0.223371 0.267902 0.269187 0.273393 0.281669 0.285177 0.297034 0.297941 0.301885 0.30215 
0.0408097 0.0603268 0.123407 0.163381 0.176183 0.192621 0.19762 0.216422 0.219548 0.220411 0.223371 0.267902 0.269187 0.273393 0.281669 0.285177 0.297034 0.297941 0.301885 0.30215 
0.0408097 0.0603268 0.123407 0.163381 0.176183 0.192621 0.19762 0.216422 0.219548 0.220411 0.223371 0.267902 0.269187 0.273393 0.281669 0.285177 0.297034 0.297941 0.301885 0.30215 
0.0408097 0.0603268 0.123407 0.163381 0.176183 0.192621 0.19762 0.216422 0.219548 0.220411 0.223371 0.267902 0.269187 0.273393 0.281669 0.285177 0.297034 0.297941 0.301885 0.30215 
0.0408097 0.0603268 0.123407 0.163381 0.176183 0.192621 0.19762 0.216422 0.219548 0.220411 0.223371 0.267902 0.269187 0.273393 0.281669 0.285177 0.297034 0.297941 0.301885 0.30215 
0.0408097 0.0603268 0.123407 0.163381 0.176183 0.192621 0.19762 0.216422 0.219548 0.220411 0.223371 0.267902 0.269187 0.273393 0.281669 0.285177 0.297034 0.297941 0.301885 0.30215 
0.0408097 0.0603268 0.123407 0.163381 0.176183 0.192621 0.19762 0.216422 0.219548 0.220411 0.223371 0.267902 0.269187 0.273393 0.281669 0.285177 0.297034 0.297941 0.301885 0.30215 
0.0408097 0.0603268 0.123407 0.163381 0.176183 0.192621 0.19762 0.216422 0.219548 0.220411 0.223371 0.267902 0.269187 0.273393 0.281669 0.285177 0.297034 0.297941 0.301885 0.30215 
0.0408097 0.0603268 0.123407 0.163381 0.176183 0.192621 0.19762 0.216422 0.219548 0.220411 0.223371 0.267902 0.269187 0.273393 0.281669 0.285177 0.297034 0.297941 0.301885 0.30215 
0.0408097 0.0603268 0.123407 0.163381 0.176183 0.192621 0.19762 0.216422 0.219548 0.220411 0.223371 0.267902 0.269187 0.273393 0.281669 0.285177 0.297034 0.297941 0.301885 0.30215 
0.0408097 0.0603268 0.123407 0.163381 0.176183 0.192621 0.19762 0.216422 0.219548 0.220411 0.223371 0.267902 0.269187 0.273393 0.281669 0.285177 0.297034 0.297941 0.301885 0.30215 
0.0408097 0.0603268 0.123407 0.163381 0.176183 0.192621 0.19762 0.216422 0.219548 0.220411 0.223371 0.267902 0.269187 0.273393 0.281669 0.285177 0.297034 0.297941 0.301885 0.30215 
0.0408097 0.0603268 0.123407 0.163381 0.176183 0.192621 0.19762 0.216422 0.219548 0.220411 0.223371 0.267902 0.269187 0.273393 0.281669 0.285177 0.297034 0.297941 0.301885 0.30215 
0.0408097 0.0603268 0.123407 0.163381 0.176183 0.192621 0.19762 0.216422 0.219548 0.220411 0.223371 0.267902 0.269187 0.273393 0.281669 0.285177 0.297034 0.297941 0.301885 0.30215 
0.0408097 0.0603268 0.123407 0.163381 0.176183 0.192621 0.19762 0.216422 0.219548 0.220411 0.223371 0.267902 0.269187 0.273393 0.281669 0.285177 0.297034 0.297941 0.301885 0.30215 
