3.32478 3.35226 3.4279 3.73977 3.96487 4.09491 4.12488 4.16137 4.2399 4.25033 4.30906 4.5336 4.77208 5.12218 5.19962 5.21712 5.34516 5.46718 5.75746 5.96518 
3.072 3.17198 3.32478 3.35226 3.4279 3.73977 3.96487 4.09491 4.12488 4.16137 4.2399 4.25033 4.30906 4.40767 4.5336 4.77208 5.12218 5.19962 5.21712 5.34516 
1.56187 3.072 3.17198 3.32478 3.35226 3.4279 3.73977 3.91506 3.96487 4.09491 4.12488 4.16137 4.2399 4.25033 4.25964 4.30906 4.40767 4.48903 4.5336 4.57017 
1.56187 2.69631 3.072 3.13056 3.17198 3.32478 3.35226 3.4279 3.73977 3.77972 3.91506 3.96487 4.09491 4.12488 4.16137 4.2399 4.25033 4.25964 4.30906 4.35387 
1.56187 2.279 2.69631 3.072 3.13056 3.17198 3.32478 3.35226 3.4279 3.73977 3.77972 3.90567 3.91506 3.96487 4.09491 4.1011 4.11468 4.12488 4.16137 4.19078 
1.56187 2.279 2.69631 2.74236 2.79019 3.072 3.13056 3.17198 3.26988 3.32478 3.35226 3.4279 3.54739 3.73977 3.77972 3.90567 3.91506 3.96487 4.07614 4.09491 
1.56187 2.279 2.69631 2.74236 2.79019 3.072 3.13056 3.17198 3.26988 3.32478 3.35226 3.4279 3.54739 3.73977 3.77972 3.90567 3.91506 3.96487 3.9866 4.07614 
1.56187 2.279 2.59758 2.69631 2.74236 2.79019 3.072 3.13056 3.17198 3.26988 3.31511 3.32478 3.35226 3.4279 3.54739 3.5698 3.73977 3.77972 3.90567 3.91506 
1.56187 2.0014 2.279 2.59758 2.69631 2.74236 2.79019 2.99055 3.072 3.13056 3.17198 3.26988 3.31511 3.32478 3.35226 3.4279 3.54739 3.5698 3.73977 3.77972 
1.52303 1.56187 2.0014 2.279 2.59758 2.69631 2.74236 2.79019 2.99055 3.072 3.13056 3.17198 3.26988 3.31511 3.32478 3.35226 3.4279 3.54739 3.5698 3.57805 
1.52303 1.56187 2.0014 2.279 2.59758 2.69204 2.69631 2.74236 2.79019 2.99055 3.072 3.13056 3.17198 3.26988 3.31511 3.32478 3.35226 3.4279 3.54739 3.5698 
1.52303 1.56187 2.0014 2.279 2.59758 2.69204 2.69631 2.74236 2.79019 2.99055 3.072 3.13056 3.17198 3.26988 3.31511 3.32478 3.35226 3.4279 3.54739 3.5698 
1.52303 1.56187 2.0014 2.279 2.59758 2.69204 2.69631 2.73987 2.74236 2.79019 2.99055 3.072 3.13056 3.17198 3.26988 3.31511 3.32478 3.35226 3.4279 3.54739 
1.52303 1.56187 2.0014 2.279 2.59758 2.69204 2.69631 2.73987 2.74236 2.79019 2.99055 3.0296 3.072 3.13056 3.17198 3.23275 3.26988 3.31511 3.32478 3.35226 
1.52303 1.56187 1.89902 2.0014 2.279 2.4363 2.59758 2.69204 2.69631 2.73987 2.74236 2.78249 2.79019 2.79437 2.87304 2.99055 3.0296 3.072 3.13056 3.17198 
0.316359 0.63576 0.90838 1.52303 1.56187 1.89902 2.0014 2.279 2.4363 2.47742 2.59758 2.69204 2.69631 2.73987 2.74236 2.7447 2.78249 2.79019 2.79437 2.79986 
0.316359 0.63576 0.677398 0.90838 1.40247 1.52303 1.56187 1.89902 2.0014 2.279 2.4363 2.47742 2.59758 2.69204 2.69631 2.73987 2.74236 2.7447 2.78249 2.79019 
0.316359 0.63576 0.677398 0.90838 1.03681 1.40247 1.52303 1.56187 1.89902 2.0014 2.279 2.4363 2.47742 2.59758 2.69204 2.69299 2.69631 2.73987 2.74236 2.7447 
0.316359 0.63576 0.646803 0.677398 0.90838 1.03681 1.40247 1.52303 1.56187 1.89902 2.0014 2.279 2.31506 2.4363 2.47742 2.59758 2.69204 2.69299 2.69631 2.73987 
0.316359 0.63576 0.646803 0.677398 0.90838 1.03681 1.40247 1.52303 1.56187 1.89902 1.96409 2.0014 2.279 2.31506 2.4363 2.47742 2.50165 2.59758 2.65397 2.69204 
0.316359 0.63576 0.646803 0.677398 0.90838 1.03681 1.40247 1.52303 1.56187 1.89902 1.96409 2.0014 2.279 2.31506 2.4363 2.47742 2.50165 2.59758 2.65397 2.66085 
0.236321 0.316359 0.370872 0.63576 0.646803 0.677398 0.90838 0.961244 1.03681 1.40247 1.52303 1.56187 1.89902 1.96409 2.0014 2.279 2.31506 2.39534 2.4363 2.47742 
0.236321 0.316359 0.370872 0.63576 0.646803 0.677398 0.90838 0.961244 1.03681 1.40247 1.52303 1.56187 1.89902 1.96409 2.0014 2.279 2.31506 2.39534 2.4363 2.47742 
0.236321 0.316359 0.370872 0.63576 0.646803 0.677398 0.90838 0.961244 1.03681 1.40247 1.52303 1.56187 1.89902 1.96409 2.0014 2.279 2.31506 2.39534 2.4363 2.47742 
0.236321 0.316359 0.370872 0.63576 0.646803 0.677398 0.90838 0.961244 1.03681 1.40247 1.42891 1.49408 1.52303 1.56187 1.89902 1.96409 2.0014 2.05056 2.279 2.31506 
0.236321 0.316359 0.370872 0.63576 0.646803 0.677398 0.90838 0.961244 1.03681 1.40247 1.42891 1.49408 1.52303 1.56187 1.89902 1.9549 1.96409 2.0014 2.05056 2.279 
0.236321 0.316359 0.370872 0.496373 0.63576 0.646803 0.677398 0.90838 0.961244 1.03681 1.40247 1.42891 1.49159 1.49408 1.52303 1.56187 1.89902 1.9549 1.96409 2.0014 
0.236321 0.316359 0.370872 0.496373 0.63576 0.646803 0.677398 0.90838 0.961244 1.03681 1.40247 1.42891 1.49159 1.49408 1.52303 1.56187 1.88598 1.89902 1.9549 1.96409 
0.0772288 0.236321 0.273272 0.316359 0.370872 0.496373 0.63576 0.646803 0.677398 0.90838 0.961244 1.03681 1.40247 1.42891 1.49159 1.49408 1.52303 1.56187 1.88598 1.89902 
0.0772288 0.236321 0.273272 0.316359 0.370872 0.496373 0.63576 0.646803 0.677398 0.90838 0.961244 1.03681 1.40247 1.42891 1.46857 1.49159 1.49408 1.52303 1.56187 1.88598 
0.0772288 0.236321 0.273272 0.316359 0.370872 0.496373 0.63576 0.646803 0.677398 0.736962 0.90838 0.961244 1.03681 1.21047 1.40247 1.42891 1.46857 1.49159 1.49408 1.51424 
0.0772288 0.236321 0.273272 0.316359 0.370872 0.496373 0.63576 0.646803 0.677398 0.736962 0.881915 0.90838 0.961244 0.98511 1.03681 1.21047 1.40247 1.42891 1.46857 1.49159 
0.0772288 0.236321 0.273272 0.316359 0.370872 0.496373 0.530816 0.63576 0.646803 0.677398 0.736962 0.881915 0.90838 0.961244 0.98511 1.03681 1.21047 1.28271 1.40247 1.42891 
0.0772288 0.236321 0.273272 0.316359 0.370872 0.496373 0.530816 0.63576 0.646803 0.677398 0.736962 0.881915 0.90838 0.961244 0.98511 1.03681 1.21047 1.28271 1.30579 1.40247 
0.0772288 0.236321 0.273272 0.316359 0.370872 0.496373 0.530816 0.63576 0.646803 0.651506 0.677398 0.736962 0.881915 0.90838 0.961244 0.98511 1.03681 1.21047 1.28271 1.30579 
0.0772288 0.236321 0.273272 0.316359 0.370872 0.496373 0.530816 0.548798 0.63576 0.646803 0.651506 0.677398 0.736962 0.881915 0.90838 0.961244 0.98511 1.03681 1.21047 1.28271 
0.0772288 0.236321 0.273272 0.316359 0.370872 0.496373 0.530816 0.548798 0.63576 0.646803 0.651506 0.677398 0.736962 0.881915 0.90838 0.9231 0.961244 0.98511 1.03681 1.21047 
0.0772288 0.236321 0.273272 0.316359 0.370872 0.496373 0.530816 0.548798 0.63576 0.646803 0.651506 0.677398 0.736962 0.881915 0.90838 0.9231 0.961244 0.98511 1.03681 1.21047 
0.0648879 0.0772288 0.236321 0.273272 0.316359 0.370872 0.496373 0.530816 0.548798 0.63576 0.646803 0.651506 0.677398 0.736962 0.881915 0.90838 0.91033 0.9231 0.961244 0.98511 
0.0648879 0.0772288 0.236321 0.273272 0.316359 0.370872 0.496373 0.530816 0.536884 0.548798 0.63576 0.646803 0.651506 0.677398 0.736962 0.881915 0.90838 0.91033 0.9231 0.945307 
0.0648879 0.0772288 0.236321 0.273272 0.316359 0.370872 0.383521 0.496373 0.530816 0.536884 0.548798 0.63576 0.646803 0.651506 0.66986 0.677398 0.736962 0.881915 0.90838 0.91033 
0.0648879 0.0772288 0.236321 0.273272 0.316359 0.370872 0.383521 0.496373 0.530816 0.536884 0.548798 0.601885 0.63576 0.6417 0.646803 0.651506 0.66986 0.677398 0.736962 0.881915 
0.0648879 0.0772288 0.236321 0.273272 0.316359 0.370872 0.383521 0.496373 0.520957 0.530816 0.536884 0.548798 0.568986 0.601885 0.63576 0.6417 0.646803 0.651506 0.66986 0.677398 
0.0648879 0.0772288 0.236321 0.26111 0.273272 0.316359 0.370872 0.383521 0.496373 0.520957 0.530816 0.536884 0.548798 0.568986 0.601885 0.633221 0.63576 0.6417 0.646803 0.651506 
0.0648879 0.0772288 0.236321 0.26111 0.273272 0.316359 0.31938 0.346681 0.370872 0.383521 0.496373 0.520957 0.530816 0.536884 0.548798 0.568986 0.601885 0.633221 0.63576 0.6417 
0.0648879 0.0772288 0.236321 0.26111 0.273272 0.316359 0.31938 0.346681 0.370872 0.383521 0.496373 0.520957 0.530816 0.536884 0.548798 0.568986 0.601885 0.633221 0.63576 0.6417 
0.0648879 0.074808 0.0772288 0.236321 0.26111 0.273272 0.310536 0.316359 0.31938 0.346681 0.370872 0.383521 0.496373 0.520957 0.530816 0.536884 0.548798 0.568986 0.601885 0.633221 
0.0648879 0.074808 0.0772288 0.236321 0.26111 0.273272 0.310536 0.316359 0.31938 0.346681 0.370872 0.383521 0.496373 0.520957 0.530816 0.536884 0.548798 0.568986 0.601885 0.633221 
0.0648879 0.074808 0.0772288 0.236321 0.26111 0.273272 0.310536 0.316359 0.31938 0.346681 0.370872 0.383521 0.496373 0.520957 0.530816 0.536884 0.548798 0.568986 0.601885 0.633221 
0.0648879 0.074808 0.0772288 0.0788983 0.236321 0.26111 0.273272 0.310536 0.316359 0.31938 0.346681 0.370872 0.383521 0.465015 0.496373 0.520957 0.530816 0.536884 0.548798 0.568986 
0.0648879 0.074808 0.0772288 0.0788983 0.236321 0.26111 0.273272 0.310536 0.316359 0.31938 0.326685 0.346681 0.370872 0.383521 0.465015 0.496373 0.520957 0.530816 0.536884 0.548798 
0.0648879 0.074808 0.0772288 0.0788983 0.236321 0.26111 0.273272 0.310536 0.316359 0.31938 0.326685 0.346681 0.370872 0.383521 0.465015 0.496373 0.520957 0.530816 0.536884 0.548798 
0.0648879 0.074808 0.0772288 0.0788983 0.206279 0.236321 0.26111 0.273272 0.310536 0.316359 0.31938 0.326685 0.336505 0.346681 0.370872 0.383521 0.465015 0.479049 0.496373 0.520957 
0.0648879 0.074808 0.0772288 0.0788983 0.206279 0.236321 0.26111 0.273272 0.310536 0.316359 0.31938 0.326685 0.335323 0.336505 0.346681 0.370872 0.383521 0.465015 0.479049 0.496373 
0.0648879 0.074808 0.0772288 0.0788983 0.206279 0.236321 0.26111 0.273272 0.310536 0.316359 0.31938 0.326685 0.335323 0.336505 0.346681 0.370872 0.383521 0.465015 0.479049 0.496373 
0.0648879 0.074808 0.0772288 0.0788983 0.206279 0.236321 0.26111 0.273272 0.310536 0.316359 0.31938 0.326685 0.335323 0.336505 0.346681 0.370872 0.383521 0.465015 0.479049 0.479298 
0.0648879 0.074808 0.0772288 0.0788983 0.143613 0.206279 0.236321 0.26111 0.273272 0.310536 0.316359 0.31938 0.326685 0.335323 0.336505 0.346681 0.370872 0.381067 0.383521 0.386474 
0.0648879 0.074808 0.0772288 0.0788983 0.143613 0.162534 0.206279 0.236321 0.26111 0.273272 0.310536 0.316359 0.31938 0.326685 0.335323 0.336505 0.346681 0.370872 0.381067 0.383521 
0.0457016 0.0648879 0.074808 0.0772288 0.0788983 0.143613 0.162534 0.206279 0.236321 0.26111 0.273272 0.310536 0.316359 0.31938 0.326685 0.335323 0.336505 0.346681 0.370872 0.381067 
0.0457016 0.0648879 0.074808 0.0772288 0.0788983 0.0990603 0.143613 0.162534 0.199406 0.206279 0.236321 0.26111 0.273272 0.310536 0.316359 0.31938 0.326685 0.335323 0.336505 0.346681 
0.0457016 0.0648879 0.074808 0.0772288 0.0788983 0.0990603 0.143613 0.162534 0.199406 0.206279 0.236321 0.26111 0.273272 0.310536 0.316359 0.31938 0.325288 0.326685 0.335323 0.336505 
0.0457016 0.0648879 0.074808 0.0772288 0.0788983 0.0990603 0.143613 0.162534 0.199406 0.206279 0.236321 0.26111 0.273272 0.310536 0.316359 0.31938 0.325288 0.326685 0.335323 0.336505 
0.0457016 0.0648879 0.074808 0.0772288 0.0788983 0.0990603 0.143613 0.162534 0.199406 0.206279 0.236321 0.26111 0.273272 0.310536 0.316359 0.31938 0.325288 0.326685 0.335323 0.336505 
0.0457016 0.0648879 0.074808 0.0772288 0.0788983 0.0990603 0.143613 0.162534 0.199406 0.206279 0.236321 0.26111 0.273272 0.310536 0.316359 0.31938 0.325288 0.326685 0.335323 0.336505 
0.0457016 0.0648879 0.074808 0.0772288 0.0788983 0.0990603 0.143613 0.153434 0.162534 0.16707 0.199406 0.206279 0.236321 0.26111 0.273272 0.310536 0.316359 0.31938 0.325288 0.326685 
0.0457016 0.0648879 0.074808 0.0772288 0.0788983 0.0990603 0.143613 0.153434 0.162534 0.16707 0.199406 0.206279 0.236321 0.26111 0.273272 0.300597 0.310536 0.316359 0.31938 0.325288 
0.0457016 0.0648879 0.074808 0.0772288 0.0788983 0.0934225 0.0990603 0.143613 0.146677 0.153434 0.162534 0.16707 0.199406 0.206279 0.236321 0.26111 0.273272 0.300597 0.310536 0.316359 
0.0339909 0.0457016 0.0648879 0.074808 0.0772288 0.0788983 0.0934225 0.0990603 0.143613 0.146677 0.153434 0.162534 0.16707 0.199406 0.206279 0.236321 0.26111 0.273272 0.300597 0.302959 
0.0339909 0.0457016 0.0648879 0.074808 0.0772288 0.0788983 0.0934225 0.0990603 0.143613 0.146677 0.153434 0.162534 0.16707 0.199406 0.206279 0.225218 0.236321 0.26111 0.273272 0.300597 
0.0339909 0.0457016 0.0648879 0.074808 0.0772288 0.0788983 0.0934225 0.0990603 0.143613 0.146677 0.153434 0.162534 0.16707 0.199406 0.206279 0.225218 0.236321 0.26111 0.273272 0.300597 
0.0339909 0.0457016 0.0648879 0.074808 0.0772288 0.0788983 0.0934225 0.0990603 0.143613 0.146677 0.153434 0.162534 0.16707 0.199406 0.206279 0.225218 0.236321 0.26111 0.273272 0.300597 
0.0339909 0.0457016 0.0648879 0.074808 0.0772288 0.0788983 0.0934225 0.0990603 0.143613 0.146677 0.153434 0.162534 0.16707 0.199406 0.203386 0.206279 0.225218 0.236321 0.26111 0.273272 
0.0339909 0.0457016 0.0648879 0.074808 0.0772288 0.0788983 0.0934225 0.0990603 0.13775 0.143613 0.146677 0.153434 0.159207 0.162534 0.16707 0.199406 0.203386 0.206279 0.225218 0.236321 
0.0339909 0.0457016 0.0648879 0.074808 0.0772288 0.0788983 0.0934225 0.0990603 0.13775 0.143613 0.146677 0.153434 0.159207 0.162534 0.16707 0.199406 0.203386 0.206279 0.225218 0.236321 
0.0339909 0.0457016 0.0605144 0.0648879 0.074808 0.0772288 0.0788983 0.0934225 0.0990603 0.13775 0.143613 0.146677 0.153434 0.159207 0.162534 0.16707 0.199406 0.203386 0.206279 0.225218 
0.0339909 0.0457016 0.0605144 0.0648879 0.074808 0.0772288 0.0788983 0.0934225 0.0990603 0.0991916 0.13775 0.143613 0.146677 0.153434 0.159207 0.162534 0.16707 0.199406 0.203386 0.206279 
0.0339909 0.0457016 0.0605144 0.0648879 0.074808 0.0772288 0.0788983 0.0934225 0.0990603 0.0991916 0.13775 0.143613 0.146677 0.153434 0.159207 0.162534 0.16707 0.199406 0.203386 0.206279 
0.0339909 0.0457016 0.0605144 0.0648879 0.074808 0.0772288 0.0788983 0.0934225 0.0990603 0.0991916 0.13775 0.143613 0.146677 0.153434 0.159207 0.162534 0.16707 0.199406 0.203386 0.206279 
0.0339909 0.0457016 0.0605144 0.0648879 0.074808 0.0772288 0.0788983 0.0934225 0.0990603 0.0991916 0.112333 0.13775 0.143613 0.146677 0.153434 0.159207 0.162534 0.16707 0.199406 0.203386 
0.0339909 0.0457016 0.0605144 0.0648879 0.074808 0.0772288 0.0788983 0.0934225 0.0990603 0.0991916 0.112333 0.13775 0.143613 0.146677 0.153434 0.159207 0.162534 0.16707 0.192451 0.199406 
0.0339909 0.0457016 0.0605144 0.0648879 0.074808 0.0772288 0.0788983 0.0934225 0.0990603 0.0991916 0.112333 0.116453 0.13775 0.143613 0.146677 0.153434 0.159207 0.162534 0.16707 0.192451 
0.0339909 0.0457016 0.0605144 0.0648879 0.074808 0.0772288 0.0788983 0.0934225 0.0990603 0.0991916 0.112333 0.116453 0.13775 0.143613 0.146677 0.153434 0.156477 0.159207 0.162534 0.16707 
0.0339909 0.0457016 0.0605144 0.0648879 0.074808 0.0772288 0.0788983 0.0934225 0.0990603 0.0991916 0.112333 0.116453 0.13775 0.143613 0.146677 0.153434 0.156477 0.159207 0.162534 0.16707 
0.0339909 0.0457016 0.0605144 0.0648879 0.074808 0.0772288 0.0788983 0.0934225 0.0990603 0.0991916 0.112333 0.116453 0.13775 0.143613 0.146677 0.153434 0.156477 0.159207 0.162534 0.16707 
0.0339909 0.0457016 0.0605144 0.0648879 0.074808 0.0772288 0.0788983 0.0934225 0.0990603 0.0991916 0.112333 0.116453 0.13775 0.143613 0.146677 0.153434 0.156477 0.159207 0.162534 0.16707 
0.0339909 0.0457016 0.0605144 0.0648879 0.074808 0.0772288 0.0788983 0.0934225 0.0990603 0.0991916 0.112333 0.116453 0.13775 0.143613 0.146677 0.153434 0.156477 0.159207 0.162534 0.16707 
0.0273147 0.0339909 0.0457016 0.0605144 0.0648879 0.074808 0.0772288 0.0788983 0.0934225 0.0990603 0.0991916 0.112333 0.116453 0.13775 0.143613 0.146677 0.147386 0.153434 0.156477 0.159207 
0.0273147 0.0339909 0.0457016 0.0605144 0.0648879 0.074808 0.0772288 0.0788983 0.0934225 0.0990603 0.0991916 0.112333 0.116453 0.13775 0.143613 0.146677 0.147386 0.153434 0.156477 0.159207 
0.0273147 0.0339909 0.0457016 0.0605144 0.0648879 0.074808 0.0772288 0.0788983 0.0934225 0.0990603 0.0991916 0.112333 0.116453 0.13775 0.143613 0.146677 0.147386 0.153434 0.156477 0.159207 
0.0273147 0.0339909 0.0457016 0.0605144 0.0648879 0.074808 0.0772288 0.0788983 0.089426 0.0934225 0.0990603 0.0991916 0.112333 0.116453 0.13775 0.143613 0.146677 0.147386 0.153434 0.156477 
0.0273147 0.0339909 0.0457016 0.0605144 0.0648879 0.074808 0.0772288 0.0788983 0.089426 0.0934225 0.0990603 0.0991916 0.112333 0.116453 0.13775 0.143613 0.146677 0.147386 0.153434 0.156477 
0.0273147 0.0339909 0.0457016 0.0605144 0.0648879 0.074808 0.0772288 0.0788983 0.089426 0.0934225 0.0990603 0.0991916 0.101483 0.112333 0.116453 0.13775 0.143613 0.144796 0.146677 0.147386 
0.0273147 0.0339909 0.0457016 0.0605144 0.0648879 0.074808 0.0772288 0.0788983 0.089426 0.0934225 0.0990603 0.0991916 0.101483 0.112333 0.116453 0.13775 0.143613 0.144796 0.146677 0.147386 
0.0273147 0.0339909 0.0457016 0.0605144 0.0648879 0.074808 0.0772288 0.0788983 0.089426 0.0934225 0.0990603 0.0991916 0.101483 0.112333 0.116453 0.13775 0.143613 0.144796 0.146677 0.147386 
0.0273147 0.0339909 0.0457016 0.0605144 0.0648879 0.074808 0.0772288 0.0788983 0.089426 0.0934225 0.0990603 0.0991916 0.101483 0.112333 0.116453 0.13775 0.143613 0.144796 0.146677 0.147386 
0.0273147 0.0310777 0.0339909 0.0457016 0.0605144 0.0648879 0.074808 0.0772288 0.0788983 0.089426 0.0934225 0.0990603 0.0991916 0.101483 0.112333 0.116453 0.11718 0.13775 0.143613 0.144796 
0.0273147 0.0310777 0.0339909 0.0457016 0.0605144 0.0648879 0.074808 0.0772288 0.0788983 0.089426 0.0934225 0.0990603 0.0991916 0.101483 0.112333 0.116453 0.11718 0.13775 0.143613 0.144796 
0.0273147 0.0310777 0.0339909 0.0457016 0.0605144 0.0648879 0.074808 0.0750023 0.0772288 0.0788983 0.089426 0.0934225 0.0990603 0.0991916 0.101483 0.112333 0.116453 0.11718 0.13775 0.143613 
0.0273147 0.0310777 0.0339909 0.0457016 0.0605144 0.0648879 0.074808 0.0750023 0.0772288 0.0788983 0.089426 0.0934225 0.0990603 0.0991916 0.101483 0.112333 0.116453 0.11718 0.13775 0.143613 
0.0273147 0.0310777 0.0339909 0.0457016 0.0605144 0.0648879 0.074808 0.0750023 0.0772288 0.0788983 0.089426 0.0934225 0.0990603 0.0991916 0.101483 0.112333 0.116453 0.11718 0.13775 0.143613 
