0.738371 1.59535 1.94054 2.67873 2.92071 3.26133 3.78123 3.81068 3.91459 4.00119 4.25458 4.40329 4.5984 4.59949 4.82487 4.86573 5.04311 5.0507 5.41353 5.52403 
0.738371 1.59535 1.94054 2.67873 2.92071 3.26133 3.36695 3.43133 3.53245 3.78123 3.81068 3.81871 3.91459 4.00119 4.20716 4.25458 4.37433 4.40329 4.5984 4.59949 
0.738371 1.59535 1.94054 2.55366 2.67873 2.92071 3.02077 3.26133 3.36695 3.43133 3.53245 3.78123 3.81068 3.81871 3.91459 4.00119 4.20716 4.25458 4.37433 4.40329 
0.738371 1.59535 1.94054 2.55366 2.67873 2.92071 3.02077 3.26133 3.36695 3.43133 3.53245 3.78123 3.81068 3.81871 3.91459 4.00119 4.00651 4.00708 4.0103 4.20716 
0.738371 1.59535 1.94054 2.55366 2.67873 2.76874 2.92071 3.02077 3.26133 3.36695 3.43133 3.53245 3.78123 3.81068 3.81871 3.91459 4.00119 4.00651 4.00708 4.0103 
0.738371 1.59535 1.94054 2.55366 2.67873 2.76874 2.92071 3.02077 3.13408 3.26133 3.36695 3.43133 3.53245 3.78123 3.81068 3.81871 3.91459 4.00119 4.00651 4.00708 
0.738371 1.59535 1.94054 2.55366 2.67873 2.76874 2.92071 3.02077 3.06884 3.13408 3.26133 3.28727 3.36695 3.43133 3.4388 3.53245 3.70045 3.78123 3.81068 3.81871 
0.738371 1.59535 1.94054 2.15839 2.55366 2.67873 2.76874 2.92071 3.02077 3.06884 3.13408 3.26133 3.28727 3.36695 3.43133 3.4388 3.52804 3.53245 3.66624 3.70045 
0.738371 1.59535 1.94054 2.15839 2.55366 2.67873 2.76874 2.92071 3.02077 3.06884 3.13408 3.26133 3.28727 3.35114 3.36695 3.43133 3.4388 3.52804 3.53245 3.55411 
0.738371 1.59535 1.94054 1.99035 2.15839 2.55366 2.67873 2.76874 2.92071 3.02077 3.06884 3.13408 3.26133 3.28727 3.35114 3.36695 3.43133 3.4388 3.45776 3.52804 
0.738371 1.59535 1.94054 1.99035 2.15839 2.55366 2.64204 2.67873 2.76874 2.92071 3.02077 3.06884 3.13408 3.26133 3.28727 3.35114 3.36695 3.43133 3.4388 3.45776 
0.738371 1.59535 1.8394 1.94054 1.99035 2.15839 2.55366 2.64204 2.67873 2.76874 2.92071 3.02077 3.06884 3.13408 3.13545 3.26133 3.28727 3.35114 3.36695 3.43133 
0.738371 1.50108 1.59535 1.8394 1.94054 1.99035 2.15839 2.53055 2.55366 2.64204 2.67873 2.76874 2.9123 2.92071 3.02077 3.06884 3.13408 3.13545 3.16684 3.26133 
0.738371 1.50108 1.59535 1.8394 1.94054 1.99035 2.15839 2.39264 2.53055 2.55366 2.64204 2.67873 2.76874 2.82792 2.9123 2.92071 3.02077 3.02992 3.06884 3.13408 
0.738371 1.50108 1.59535 1.8394 1.94054 1.99035 2.15839 2.39264 2.53055 2.55366 2.64204 2.67873 2.76874 2.82792 2.9123 2.92071 3.02077 3.02992 3.06884 3.13408 
0.248602 0.738371 0.860411 1.50108 1.59535 1.8394 1.94054 1.99035 2.15839 2.39264 2.53055 2.55366 2.64204 2.67873 2.76874 2.82792 2.9123 2.92071 3.01992 3.02077 
0.248602 0.27325 0.738371 0.860411 1.50108 1.59535 1.8394 1.94054 1.99035 2.15839 2.39264 2.53055 2.55366 2.64204 2.67873 2.76874 2.82792 2.9123 2.92071 3.01992 
0.248602 0.27325 0.738371 0.860411 1.50108 1.59535 1.8394 1.94054 1.99035 2.15839 2.39264 2.53055 2.55366 2.63279 2.64204 2.67873 2.76874 2.82792 2.9123 2.92071 
0.248602 0.27325 0.738371 0.860411 1.50108 1.59535 1.8394 1.94054 1.99035 2.15839 2.39264 2.53055 2.55366 2.60121 2.63279 2.64204 2.67873 2.76874 2.82792 2.9123 
0.248602 0.27325 0.738371 0.860411 0.97514 1.50108 1.59535 1.71536 1.77596 1.8394 1.94054 1.99035 2.15839 2.34701 2.39264 2.53055 2.55366 2.60121 2.63279 2.64204 
0.248602 0.27325 0.715182 0.738371 0.860411 0.97514 1.11206 1.50108 1.59535 1.71536 1.77596 1.8394 1.94054 1.99035 2.15839 2.34701 2.39264 2.53055 2.55366 2.60121 
0.248602 0.27325 0.715182 0.738371 0.860411 0.97514 1.11206 1.50108 1.59535 1.70765 1.71536 1.77596 1.8394 1.94054 1.99035 2.15839 2.34701 2.35772 2.39264 2.53055 
0.248602 0.27325 0.715182 0.738371 0.860411 0.97514 1.11206 1.3057 1.50108 1.59535 1.70765 1.71536 1.77596 1.8394 1.94054 1.99035 2.15839 2.34701 2.35772 2.39264 
0.248602 0.27325 0.715182 0.738371 0.860411 0.97514 1.11206 1.3057 1.50108 1.59535 1.70765 1.71536 1.77596 1.8394 1.94054 1.99035 2.15839 2.34701 2.35772 2.39264 
0.248602 0.27325 0.715182 0.738371 0.860411 0.97514 1.11206 1.3057 1.50108 1.59535 1.70765 1.71536 1.77596 1.8394 1.94054 1.99035 2.15839 2.34701 2.35772 2.39264 
0.248602 0.27325 0.715182 0.738371 0.860411 0.97514 1.11206 1.3057 1.50108 1.59535 1.70765 1.71536 1.77596 1.8394 1.94054 1.99035 2.15839 2.34701 2.35772 2.39264 
0.248602 0.27325 0.420452 0.715182 0.738371 0.860411 0.97514 1.11206 1.29475 1.3057 1.50108 1.59535 1.66975 1.70765 1.71536 1.77596 1.8394 1.94054 1.96724 1.99035 
0.248602 0.27325 0.420452 0.57705 0.715182 0.738371 0.860411 0.97514 1.11206 1.29475 1.3057 1.50108 1.59535 1.66975 1.70765 1.71536 1.77596 1.8394 1.90468 1.94054 
0.232383 0.248602 0.27325 0.420452 0.57705 0.715182 0.738371 0.860411 0.97514 1.11206 1.29475 1.3057 1.50108 1.59535 1.66975 1.70765 1.71536 1.77596 1.8394 1.90468 
0.232383 0.248602 0.27325 0.29966 0.420452 0.57705 0.715182 0.738371 0.860411 0.874783 0.97514 1.11206 1.29475 1.3057 1.50108 1.59535 1.66975 1.70765 1.71536 1.77596 
0.232383 0.24658 0.248602 0.27325 0.29966 0.420452 0.57705 0.715182 0.738371 0.860411 0.874783 0.97514 1.11206 1.29475 1.3057 1.48414 1.50108 1.59535 1.66975 1.70765 
0.232383 0.24658 0.248602 0.27325 0.29966 0.420452 0.57705 0.715182 0.738371 0.860411 0.874783 0.97514 1.11206 1.29475 1.3057 1.48414 1.50108 1.5057 1.59535 1.66975 
0.232383 0.24658 0.248602 0.27325 0.29966 0.420452 0.57705 0.715182 0.738371 0.860411 0.874783 0.97514 1.11206 1.29475 1.3057 1.48414 1.50108 1.5057 1.59535 1.66975 
0.062181 0.232383 0.24658 0.248602 0.27325 0.29966 0.420452 0.57705 0.715182 0.738371 0.78119 0.860411 0.874783 0.97514 1.11206 1.29475 1.3057 1.48414 1.50108 1.5057 
0.062181 0.232383 0.24658 0.248602 0.27325 0.29966 0.420452 0.57705 0.621836 0.715182 0.738371 0.78119 0.860411 0.874783 0.97514 1.11206 1.15653 1.29475 1.3057 1.48414 
0.062181 0.232383 0.24658 0.248602 0.27325 0.29966 0.420452 0.57705 0.621836 0.705364 0.715182 0.738371 0.78119 0.860411 0.874783 0.97514 1.11206 1.15653 1.29475 1.3057 
0.062181 0.232383 0.24658 0.248602 0.27325 0.29966 0.420452 0.57705 0.621836 0.705364 0.715182 0.738371 0.78119 0.860411 0.874783 0.92677 0.97514 1.11206 1.15653 1.29475 
0.062181 0.190882 0.232383 0.24658 0.248602 0.27325 0.29966 0.420452 0.57705 0.621836 0.705364 0.715182 0.738371 0.78119 0.860411 0.874783 0.92677 0.97514 1.11206 1.15653 
0.062181 0.190882 0.232383 0.24658 0.248602 0.27325 0.29966 0.420452 0.57705 0.621836 0.705364 0.715182 0.738371 0.78119 0.860411 0.874783 0.92677 0.97514 1.11206 1.15653 
0.062181 0.190882 0.232383 0.24658 0.248602 0.27325 0.29966 0.420452 0.57705 0.621836 0.705364 0.715182 0.738371 0.78119 0.860411 0.874783 0.92677 0.97514 1.11206 1.15653 
0.062181 0.190882 0.232383 0.24658 0.248602 0.27325 0.29966 0.420452 0.57705 0.621836 0.705364 0.715182 0.738371 0.78119 0.860411 0.874783 0.92677 0.97514 1.11206 1.15653 
0.062181 0.190882 0.232383 0.24658 0.248602 0.27325 0.29966 0.420452 0.57705 0.621836 0.705364 0.715182 0.738371 0.78119 0.860411 0.874783 0.92677 0.97514 1.09828 1.11206 
0.062181 0.190882 0.232383 0.24658 0.248602 0.258491 0.27325 0.293634 0.29966 0.420452 0.57705 0.621836 0.705364 0.715182 0.738371 0.78119 0.860411 0.874783 0.92677 0.97514 
0.062181 0.190882 0.232383 0.24658 0.248602 0.258491 0.27325 0.293634 0.29966 0.420452 0.550171 0.57705 0.621836 0.636033 0.705364 0.715182 0.738371 0.78119 0.860411 0.874783 
0.062181 0.190882 0.232383 0.24658 0.248602 0.258491 0.27325 0.293634 0.29966 0.339118 0.420452 0.550171 0.57705 0.621836 0.636033 0.705364 0.715182 0.738371 0.78119 0.860411 
0.062181 0.141613 0.184526 0.190882 0.232383 0.24658 0.248602 0.258491 0.27325 0.293634 0.29966 0.339118 0.420452 0.550171 0.57705 0.621836 0.636033 0.680262 0.705364 0.715182 
0.062181 0.141613 0.184526 0.190882 0.232383 0.24658 0.248602 0.258491 0.27325 0.293634 0.29966 0.339118 0.420452 0.550171 0.57705 0.621836 0.636033 0.680262 0.705364 0.715182 
0.062181 0.141613 0.184526 0.190882 0.232383 0.24658 0.248602 0.258491 0.27325 0.293634 0.29966 0.339118 0.420452 0.550171 0.57705 0.621836 0.636033 0.680262 0.705364 0.715182 
0.062181 0.141613 0.184526 0.190882 0.232383 0.24658 0.248602 0.258491 0.27325 0.293634 0.29966 0.339118 0.420452 0.500691 0.550171 0.57705 0.621836 0.636033 0.680262 0.705364 
0.062181 0.141613 0.184526 0.190882 0.232383 0.24658 0.248602 0.258491 0.27325 0.293634 0.29966 0.339118 0.420452 0.500691 0.542167 0.550171 0.57705 0.621836 0.636033 0.680262 
0.062181 0.124228 0.141613 0.184526 0.190882 0.232383 0.24658 0.248602 0.258491 0.27325 0.293634 0.29966 0.339118 0.420452 0.500691 0.513065 0.542167 0.550171 0.57705 0.621836 
0.062181 0.124228 0.141613 0.184526 0.190882 0.232383 0.24658 0.248602 0.258491 0.27325 0.293634 0.29966 0.339118 0.420452 0.500691 0.513065 0.542167 0.550171 0.554786 0.57705 
0.062181 0.124228 0.141613 0.184526 0.190882 0.232383 0.24658 0.248602 0.258491 0.27325 0.293634 0.29966 0.307361 0.339118 0.342047 0.420452 0.500691 0.513065 0.542167 0.550171 
0.062181 0.124228 0.141613 0.184526 0.190882 0.211874 0.232383 0.24658 0.248602 0.258491 0.27325 0.293634 0.29966 0.307361 0.339118 0.342047 0.420452 0.500691 0.513065 0.542167 
0.062181 0.124228 0.141613 0.184526 0.190882 0.211874 0.232383 0.24658 0.248602 0.258491 0.27325 0.293634 0.29966 0.307361 0.339118 0.342047 0.356944 0.420452 0.500691 0.513065 
0.062181 0.124228 0.141613 0.184526 0.190882 0.211874 0.232383 0.24658 0.248602 0.258491 0.27325 0.293634 0.29966 0.307361 0.339118 0.342047 0.356944 0.420452 0.45624 0.500691 
0.062181 0.124228 0.141613 0.184526 0.190882 0.211874 0.232383 0.24658 0.248602 0.258491 0.27325 0.277073 0.293634 0.29966 0.307361 0.339118 0.342047 0.356944 0.420452 0.45624 
0.062181 0.124228 0.141613 0.184526 0.190882 0.211874 0.232383 0.24658 0.248602 0.258491 0.27325 0.277073 0.293634 0.29966 0.307361 0.339118 0.342047 0.356944 0.420452 0.45624 
0.0371769 0.062181 0.124228 0.141613 0.184526 0.190882 0.211874 0.232383 0.24658 0.248602 0.258491 0.27325 0.277073 0.293634 0.29966 0.307361 0.313365 0.339118 0.342047 0.356944 
0.0371769 0.062181 0.124228 0.141613 0.184526 0.190882 0.211874 0.232383 0.24658 0.248602 0.258491 0.27325 0.277073 0.293634 0.29966 0.307361 0.312387 0.313365 0.339118 0.342047 
0.0371769 0.062181 0.124228 0.141613 0.184526 0.190882 0.211874 0.232383 0.24658 0.248602 0.258491 0.27325 0.277073 0.293634 0.29966 0.307361 0.312387 0.313365 0.321807 0.339118 
0.0371769 0.062181 0.124228 0.141613 0.184526 0.190882 0.207699 0.211874 0.232383 0.24658 0.248602 0.258491 0.27325 0.277073 0.293634 0.29966 0.307361 0.312387 0.313365 0.321219 
0.0371769 0.062181 0.124228 0.141613 0.184526 0.190882 0.19181 0.207699 0.211874 0.232383 0.24658 0.248602 0.258491 0.27325 0.277073 0.293634 0.29966 0.307361 0.312387 0.313365 
0.0371769 0.062181 0.124228 0.141613 0.167177 0.184526 0.190882 0.19181 0.207699 0.211874 0.232383 0.24658 0.248602 0.258491 0.27325 0.277073 0.293634 0.29966 0.307361 0.312387 
0.0371769 0.062181 0.124228 0.141613 0.143527 0.167177 0.184526 0.190882 0.19181 0.207699 0.211874 0.232383 0.24658 0.248602 0.258491 0.27325 0.277073 0.293634 0.29966 0.307361 
0.0371769 0.062181 0.124228 0.141613 0.143527 0.167177 0.184526 0.190882 0.19181 0.207699 0.211874 0.232383 0.24658 0.248602 0.258491 0.27325 0.277073 0.293634 0.29966 0.307361 
0.0371769 0.062181 0.124228 0.141613 0.143527 0.167177 0.184526 0.190882 0.19181 0.207699 0.211874 0.232383 0.24658 0.248602 0.258491 0.27325 0.277073 0.293634 0.29966 0.307361 
0.0371769 0.062181 0.124228 0.141613 0.143527 0.167177 0.184526 0.190882 0.19181 0.207699 0.211874 0.232383 0.24658 0.248602 0.258491 0.27325 0.277073 0.293634 0.29966 0.307361 
0.0249377 0.0371769 0.062181 0.124228 0.141613 0.143527 0.167177 0.184526 0.190882 0.19181 0.207699 0.211874 0.232383 0.24658 0.248602 0.258491 0.27325 0.277073 0.293634 0.29966 
0.0249377 0.0371769 0.062181 0.124228 0.141613 0.143527 0.167177 0.184526 0.190882 0.19181 0.207699 0.211874 0.232383 0.24658 0.248602 0.258491 0.27325 0.277073 0.293634 0.29966 
0.0249377 0.0371769 0.062181 0.124228 0.141613 0.143527 0.167177 0.184526 0.190882 0.19181 0.207699 0.211874 0.232383 0.24658 0.248602 0.258491 0.27325 0.277073 0.293634 0.29966 
0.0249377 0.0371769 0.062181 0.124228 0.141613 0.143527 0.167177 0.184526 0.190882 0.19181 0.207699 0.211874 0.232383 0.24658 0.248602 0.258491 0.27325 0.277073 0.293634 0.29966 
0.0249377 0.0371769 0.062181 0.124228 0.141613 0.143527 0.167177 0.184526 0.190882 0.19181 0.207699 0.211874 0.232383 0.24658 0.248602 0.258491 0.27325 0.277073 0.293634 0.29966 
0.0249377 0.0371769 0.062181 0.124228 0.141613 0.143527 0.167177 0.184526 0.190882 0.19181 0.207699 0.211874 0.232383 0.24658 0.248602 0.258491 0.27325 0.277073 0.293634 0.29966 
0.0249377 0.0371769 0.062181 0.124228 0.141613 0.143527 0.167177 0.184526 0.190882 0.19181 0.207699 0.211874 0.232383 0.24658 0.248602 0.258491 0.27325 0.277073 0.293634 0.29966 
0.0249377 0.0371769 0.062181 0.124228 0.141613 0.143527 0.167177 0.184526 0.190882 0.19181 0.207699 0.211874 0.232383 0.24658 0.248602 0.258491 0.27325 0.277073 0.293634 0.29966 
0.0249377 0.0371769 0.062181 0.124228 0.141613 0.143527 0.167177 0.184526 0.190882 0.19181 0.207699 0.211874 0.232383 0.24658 0.248602 0.258491 0.27325 0.277073 0.293634 0.29966 
0.0249377 0.0371769 0.062181 0.124228 0.141613 0.143527 0.167177 0.184526 0.190882 0.19181 0.207699 0.211874 0.232383 0.24658 0.248602 0.258491 0.27325 0.277073 0.293634 0.29966 
0.0249377 0.0371769 0.062181 0.124228 0.141613 0.143527 0.167177 0.184526 0.190882 0.19181 0.207699 0.211874 0.232383 0.24658 0.248602 0.258491 0.27325 0.277073 0.293634 0.29966 
0.0249377 0.0371769 0.062181 0.124228 0.141613 0.143527 0.167177 0.184526 0.190882 0.19181 0.207699 0.211874 0.232383 0.24658 0.248602 0.258491 0.27325 0.277073 0.293634 0.29966 
0.0249377 0.0371769 0.062181 0.124228 0.141613 0.143527 0.167177 0.184526 0.190882 0.19181 0.207699 0.211874 0.232383 0.24658 0.248602 0.258491 0.27325 0.277073 0.293634 0.29966 
0.0249377 0.0371769 0.062181 0.124228 0.141613 0.143527 0.167177 0.184526 0.190882 0.19181 0.207699 0.211874 0.232383 0.24658 0.248602 0.258491 0.27325 0.277073 0.293634 0.29966 
0.0249377 0.0371769 0.062181 0.124228 0.141613 0.143527 0.167177 0.184526 0.190882 0.19181 0.207699 0.211874 0.232383 0.24658 0.248602 0.258491 0.27325 0.277073 0.293634 0.29966 
0.0249377 0.0371769 0.062181 0.124228 0.141613 0.143527 0.167177 0.184526 0.190882 0.19181 0.207699 0.211874 0.232383 0.24658 0.248602 0.258491 0.27325 0.277073 0.293634 0.29966 
0.0249377 0.0371769 0.062181 0.124228 0.141613 0.143527 0.167177 0.184526 0.190882 0.19181 0.207699 0.211874 0.232383 0.24658 0.248602 0.258491 0.27325 0.277073 0.293634 0.29966 
0.0249377 0.0371769 0.062181 0.124228 0.141613 0.143527 0.167177 0.184526 0.190882 0.19181 0.207699 0.211874 0.232383 0.24658 0.248602 0.258491 0.27325 0.277073 0.293634 0.29966 
0.0249377 0.0371769 0.062181 0.124228 0.141613 0.143527 0.167177 0.184526 0.190882 0.19181 0.207699 0.211874 0.232383 0.24658 0.248602 0.258491 0.27325 0.277073 0.293634 0.29966 
0.0249377 0.0371769 0.062181 0.124228 0.141613 0.143527 0.167177 0.184526 0.190882 0.19181 0.207699 0.211874 0.232383 0.24658 0.248602 0.258491 0.27325 0.277073 0.293634 0.29966 
0.0249377 0.0371769 0.062181 0.124228 0.141613 0.143527 0.167177 0.184526 0.190882 0.19181 0.207699 0.211874 0.232383 0.24658 0.248602 0.258491 0.27325 0.277073 0.293634 0.29966 
0.0249377 0.0371769 0.062181 0.124228 0.141613 0.143527 0.167177 0.184526 0.190882 0.19181 0.207699 0.211874 0.232383 0.24658 0.248602 0.258491 0.27325 0.277073 0.293634 0.29966 
0.0249377 0.0371769 0.062181 0.124228 0.141613 0.143527 0.167177 0.184526 0.190882 0.19181 0.207699 0.211874 0.232383 0.24658 0.248602 0.258491 0.27325 0.277073 0.293634 0.29966 
0.0249377 0.0371769 0.062181 0.124228 0.141613 0.143527 0.167177 0.184526 0.190882 0.19181 0.207699 0.211874 0.232383 0.24658 0.248602 0.258491 0.27325 0.277073 0.293634 0.29966 
0.0249377 0.0371769 0.062181 0.124228 0.141613 0.143527 0.167177 0.184526 0.190882 0.19181 0.207699 0.211874 0.232383 0.24658 0.248602 0.258491 0.27325 0.277073 0.293634 0.29966 
0.0249377 0.0371769 0.062181 0.124228 0.141613 0.143527 0.167177 0.184526 0.190882 0.19181 0.207699 0.211874 0.232383 0.24658 0.248602 0.258491 0.27325 0.277073 0.293634 0.29966 
0.0249377 0.0371769 0.062181 0.124228 0.141613 0.143527 0.167177 0.184526 0.190882 0.19181 0.207699 0.211874 0.232383 0.24658 0.248602 0.258491 0.27325 0.277073 0.293634 0.29966 
0.0249377 0.0371769 0.062181 0.124228 0.141613 0.143527 0.167177 0.184526 0.190882 0.19181 0.207699 0.211874 0.232383 0.24658 0.248602 0.258491 0.27325 0.277073 0.293634 0.29966 
0.0249377 0.0371769 0.062181 0.124228 0.141613 0.143527 0.167177 0.184526 0.190882 0.19181 0.207699 0.211874 0.232383 0.24658 0.248602 0.258491 0.27325 0.277073 0.293634 0.29966 
0.0249377 0.0371769 0.062181 0.124228 0.141613 0.143527 0.167177 0.184526 0.190882 0.19181 0.207699 0.211874 0.232383 0.24658 0.248602 0.258491 0.27325 0.277073 0.293634 0.29966 
0.0249377 0.0371769 0.062181 0.124228 0.141613 0.143527 0.167177 0.184526 0.190882 0.19181 0.207699 0.211874 0.232383 0.24658 0.248602 0.258491 0.27325 0.277073 0.293634 0.29966 
0.0249377 0.0371769 0.062181 0.124228 0.141613 0.143527 0.167177 0.184526 0.190882 0.19181 0.207699 0.211874 0.232383 0.24658 0.248602 0.258491 0.27325 0.277073 0.293634 0.29966 
