1.87086 2.27004 2.98994 3.14518 3.15621 3.32778 3.45768 3.4782 3.53567 4.16116 4.17341 4.34316 4.47184 4.74072 5.6811 5.68512 5.73031 6.03739 6.04125 6.25211 
1.87086 2.27004 2.33894 2.98994 3.14518 3.15621 3.32778 3.45768 3.4782 3.53567 4.14089 4.14841 4.16116 4.17341 4.34316 4.34942 4.47184 4.60817 4.74072 5.18706 
1.87086 2.27004 2.33894 2.98994 3.14518 3.15621 3.32778 3.45768 3.4782 3.53567 3.577 3.82625 4.14089 4.14841 4.16116 4.17341 4.2095 4.34316 4.34942 4.37583 
1.07002 1.87086 2.27004 2.33894 2.98994 3.14518 3.15621 3.32778 3.45768 3.4782 3.53567 3.577 3.82625 4.14089 4.14841 4.16116 4.17341 4.2095 4.34316 4.34942 
1.07002 1.87086 2.27004 2.33894 2.98994 3.14518 3.15621 3.32778 3.45768 3.4782 3.53567 3.577 3.82625 4.04083 4.14089 4.14841 4.16116 4.17341 4.2095 4.34316 
1.07002 1.87086 2.27004 2.33894 2.98994 3.14496 3.14518 3.15621 3.32778 3.45768 3.4782 3.53567 3.577 3.82625 4.04083 4.14089 4.14757 4.14841 4.16116 4.17341 
1.07002 1.87086 1.90129 2.27004 2.33894 2.98994 3.14496 3.14518 3.15621 3.20263 3.32778 3.45768 3.4782 3.53567 3.577 3.82625 3.94417 4.04083 4.14089 4.14757 
1.07002 1.87086 1.90129 2.27004 2.33894 2.50382 2.98994 3.14496 3.14518 3.15621 3.20263 3.32778 3.45768 3.4782 3.53567 3.577 3.82625 3.92951 3.94417 4.04083 
1.07002 1.87086 1.90129 2.27004 2.33894 2.50382 2.98994 3.14496 3.14518 3.15621 3.20263 3.32778 3.37627 3.45768 3.4782 3.53567 3.577 3.71315 3.82625 3.92951 
1.07002 1.22273 1.87086 1.90129 2.27004 2.33894 2.50382 2.86869 2.98994 3.14496 3.14518 3.15621 3.20263 3.21513 3.32778 3.37627 3.45768 3.4782 3.53567 3.577 
1.07002 1.22273 1.47996 1.6973 1.87086 1.90129 2.06129 2.27004 2.33894 2.50382 2.7609 2.86869 2.98994 3.05678 3.14496 3.14518 3.15621 3.20263 3.21513 3.32778 
1.07002 1.22273 1.47996 1.6973 1.87086 1.90129 2.06129 2.27004 2.33894 2.50382 2.7609 2.82632 2.86869 2.98994 3.05678 3.14496 3.14518 3.15621 3.20263 3.21513 
1.07002 1.22273 1.47996 1.6942 1.6973 1.87086 1.90129 2.06129 2.27004 2.33894 2.50382 2.7609 2.82632 2.86869 2.98994 3.05678 3.14496 3.14518 3.15621 3.20263 
0.479477 0.572897 1.07002 1.22273 1.47996 1.6942 1.6973 1.87086 1.90129 2.06129 2.27004 2.27775 2.33894 2.50382 2.7609 2.82632 2.86869 2.94773 2.98994 2.99641 
0.479477 0.572897 0.58541 1.07002 1.22273 1.47996 1.6942 1.6973 1.87086 1.90129 2.06129 2.27004 2.27775 2.33894 2.50382 2.7609 2.82632 2.86869 2.94773 2.98994 
0.479477 0.572897 0.58541 1.07002 1.22273 1.47996 1.6942 1.6973 1.87086 1.90129 2.06129 2.27004 2.27775 2.33894 2.50382 2.51583 2.7609 2.82632 2.86869 2.94773 
0.479477 0.572897 0.58541 0.803974 1.07002 1.22273 1.47996 1.6942 1.6973 1.72571 1.87086 1.90129 2.06129 2.27004 2.27775 2.33894 2.50382 2.51583 2.71737 2.7609 
0.479477 0.572897 0.58541 0.803974 1.07002 1.09994 1.22273 1.47996 1.6942 1.6973 1.72571 1.87086 1.90129 2.06129 2.27004 2.27775 2.33894 2.34451 2.50382 2.51583 
0.479477 0.572897 0.58541 0.619916 0.803974 1.07002 1.09994 1.22273 1.47996 1.6942 1.6973 1.72571 1.87086 1.90129 2.06129 2.27004 2.27775 2.33894 2.34451 2.50382 
0.479477 0.572897 0.58541 0.619916 0.803974 1.07002 1.09994 1.22273 1.47996 1.6942 1.6973 1.72571 1.87086 1.90129 2.06129 2.27004 2.27775 2.33894 2.34451 2.50382 
0.479477 0.572897 0.58541 0.619916 0.803974 1.07002 1.09994 1.22273 1.47996 1.6942 1.6973 1.72571 1.87086 1.90129 2.06129 2.27004 2.27775 2.33894 2.34451 2.50382 
0.479477 0.572897 0.58541 0.619916 0.803974 0.93153 1.07002 1.09994 1.22273 1.47996 1.6942 1.6973 1.72571 1.87086 1.90129 2.06129 2.27004 2.27775 2.30477 2.33894 
0.479477 0.572897 0.58541 0.619916 0.803974 0.93153 1.07002 1.09994 1.22273 1.47996 1.6942 1.6973 1.72571 1.73339 1.87086 1.90129 2.06129 2.27004 2.27775 2.30477 
0.13407 0.193769 0.479477 0.572897 0.58541 0.619916 0.803974 0.93153 1.07002 1.09994 1.22273 1.47996 1.6942 1.6973 1.72061 1.72571 1.73339 1.87086 1.90129 2.06129 
0.13407 0.193769 0.362853 0.479477 0.572897 0.58541 0.619916 0.803974 0.93153 1.07002 1.09994 1.22273 1.23227 1.47996 1.6942 1.6973 1.72061 1.72571 1.73339 1.87086 
0.13407 0.193769 0.362853 0.479477 0.572897 0.58541 0.619916 0.803974 0.93153 1.07002 1.09994 1.2204 1.22273 1.23227 1.47996 1.6942 1.6973 1.72061 1.72571 1.73339 
0.13407 0.193769 0.362853 0.479477 0.572897 0.58541 0.619916 0.803974 0.93153 1.07002 1.09994 1.2204 1.22273 1.23227 1.47996 1.6942 1.6973 1.72061 1.72571 1.73339 
0.13407 0.193769 0.362853 0.479477 0.572897 0.58541 0.619916 0.803974 0.908717 0.93153 1.07002 1.09994 1.2204 1.22273 1.23227 1.47996 1.6942 1.6973 1.72061 1.72571 
0.13407 0.193769 0.362853 0.479477 0.572897 0.58541 0.619916 0.803974 0.908717 0.93153 1.07002 1.09994 1.2204 1.22273 1.23227 1.45149 1.47996 1.6942 1.6973 1.72061 
0.129014 0.13407 0.193769 0.362853 0.479477 0.572897 0.58541 0.619916 0.803974 0.908717 0.93153 1.07002 1.09994 1.2204 1.22273 1.23227 1.31383 1.45149 1.47996 1.64124 
0.129014 0.13407 0.193769 0.362853 0.479477 0.572897 0.58541 0.619916 0.803974 0.908717 0.922142 0.93153 1.05972 1.07002 1.09994 1.2204 1.22273 1.23227 1.31383 1.45149 
0.129014 0.13407 0.193769 0.362853 0.479477 0.572897 0.58541 0.619916 0.803974 0.908717 0.922142 0.93153 1.05972 1.07002 1.09994 1.2204 1.22273 1.23227 1.31383 1.45149 
0.129014 0.13407 0.193769 0.362853 0.479477 0.572897 0.58541 0.619916 0.803974 0.908717 0.922142 0.93153 1.05972 1.07002 1.09994 1.2204 1.22273 1.23227 1.31383 1.45149 
0.129014 0.13407 0.193769 0.362853 0.479477 0.572897 0.58541 0.619916 0.803974 0.908717 0.922142 0.93153 1.01217 1.05972 1.07002 1.09994 1.2204 1.22273 1.23227 1.31383 
0.129014 0.13407 0.193769 0.222667 0.362853 0.479477 0.48133 0.572897 0.58541 0.619916 0.691461 0.803974 0.908717 0.922142 0.93153 1.01217 1.05972 1.07002 1.09994 1.13942 
0.129014 0.13407 0.193769 0.222667 0.362853 0.479477 0.48133 0.572897 0.58541 0.619916 0.691461 0.803974 0.908717 0.922142 0.93153 1.01217 1.05972 1.07002 1.09994 1.13942 
0.129014 0.13407 0.193769 0.222667 0.362853 0.479477 0.48133 0.535552 0.572897 0.58541 0.619916 0.691461 0.803974 0.908717 0.922142 0.93153 1.01217 1.05972 1.07002 1.09994 
0.129014 0.13407 0.193769 0.222667 0.362853 0.479477 0.48133 0.535552 0.572897 0.58541 0.619916 0.691461 0.803974 0.888528 0.908717 0.922142 0.93153 1.01217 1.05972 1.07002 
0.129014 0.13407 0.193769 0.222667 0.362853 0.479477 0.48133 0.535552 0.572897 0.58541 0.619916 0.691461 0.803974 0.888528 0.908717 0.922142 0.93153 0.993391 1.01217 1.05829 
0.129014 0.13407 0.193769 0.222667 0.24586 0.362853 0.479477 0.48133 0.535552 0.572897 0.58541 0.619916 0.691461 0.803974 0.888528 0.908717 0.922142 0.93153 0.993391 1.01217 
0.129014 0.13407 0.193769 0.222667 0.24586 0.362853 0.479477 0.48133 0.535552 0.572897 0.58541 0.619916 0.691461 0.803974 0.888528 0.908717 0.922142 0.93153 0.993391 1.01217 
0.129014 0.13407 0.193769 0.222667 0.24586 0.362853 0.479477 0.48133 0.535552 0.572897 0.58541 0.619916 0.691461 0.803974 0.888528 0.908717 0.922142 0.93153 0.993391 1.01217 
0.129014 0.13407 0.193769 0.222667 0.24586 0.362853 0.479477 0.48133 0.535552 0.572897 0.58541 0.612441 0.619916 0.691461 0.803974 0.888528 0.908717 0.922142 0.93153 0.988995 
0.129014 0.13407 0.193769 0.20169 0.222667 0.24586 0.362853 0.471652 0.476037 0.479477 0.48133 0.535552 0.572897 0.58541 0.612441 0.619916 0.673935 0.691461 0.803974 0.888528 
0.129014 0.13407 0.193769 0.20169 0.222667 0.24586 0.362853 0.471652 0.476037 0.479477 0.48133 0.535552 0.572897 0.58541 0.608451 0.612441 0.619916 0.673935 0.691461 0.803974 
0.129014 0.13407 0.193769 0.20169 0.222667 0.24586 0.362853 0.373756 0.471652 0.476037 0.479477 0.48133 0.535552 0.572897 0.58541 0.608451 0.612441 0.619916 0.673935 0.691461 
0.129014 0.13407 0.193769 0.20169 0.222667 0.24586 0.362853 0.373756 0.458604 0.471652 0.476037 0.479477 0.48133 0.535552 0.572897 0.58541 0.608451 0.612441 0.619916 0.673935 
0.129014 0.13407 0.193769 0.20169 0.222667 0.24586 0.362853 0.373756 0.458604 0.471652 0.476037 0.479477 0.48133 0.535552 0.572897 0.58541 0.602387 0.608451 0.612441 0.619916 
0.129014 0.13407 0.193769 0.20169 0.222667 0.24586 0.362853 0.373756 0.418045 0.458604 0.471652 0.476037 0.479477 0.48133 0.535552 0.572897 0.58541 0.602387 0.608451 0.612441 
0.129014 0.13407 0.193769 0.20169 0.222667 0.24586 0.362853 0.373756 0.418045 0.458604 0.471652 0.476037 0.479477 0.48133 0.535552 0.572897 0.58541 0.602387 0.608451 0.612441 
0.129014 0.13407 0.193769 0.20169 0.222667 0.24586 0.362853 0.373756 0.418045 0.458604 0.471652 0.476037 0.479477 0.48133 0.535552 0.572897 0.58541 0.602387 0.608451 0.612441 
0.0373783 0.129014 0.13407 0.193769 0.20169 0.222667 0.24586 0.250693 0.362853 0.373756 0.418045 0.458604 0.471652 0.476037 0.479477 0.48133 0.535552 0.557917 0.572897 0.58541 
0.0373783 0.129014 0.13407 0.193769 0.20169 0.222667 0.24586 0.248232 0.250693 0.256806 0.362853 0.373756 0.418045 0.441404 0.458604 0.471652 0.476037 0.479477 0.48133 0.535552 
0.0373783 0.0970841 0.129014 0.13407 0.193769 0.20169 0.222667 0.24586 0.248232 0.250693 0.256806 0.266735 0.362853 0.373756 0.383766 0.418045 0.441404 0.44144 0.458604 0.471652 
0.0373783 0.0970841 0.129014 0.13407 0.193769 0.20169 0.222667 0.24586 0.248232 0.250693 0.256806 0.266735 0.362853 0.373756 0.383766 0.418045 0.441404 0.44144 0.458604 0.471652 
0.0373783 0.0970841 0.129014 0.13407 0.193769 0.20169 0.222667 0.24586 0.248232 0.250693 0.256806 0.266735 0.362853 0.373756 0.383766 0.418045 0.427615 0.441404 0.44144 0.458604 
0.0373783 0.0604101 0.0970841 0.129014 0.13407 0.193769 0.20169 0.222667 0.24586 0.248232 0.250693 0.256806 0.266735 0.362853 0.373756 0.383766 0.418045 0.427615 0.441404 0.44144 
0.0373783 0.0604101 0.0970841 0.129014 0.13407 0.193769 0.20169 0.209649 0.222667 0.24586 0.248232 0.250693 0.256806 0.266735 0.362853 0.373756 0.383766 0.418045 0.427615 0.441404 
0.0373783 0.0604101 0.0970841 0.129014 0.13407 0.193769 0.20169 0.209649 0.222667 0.24586 0.248232 0.250693 0.256806 0.266735 0.362853 0.373756 0.376815 0.383766 0.418045 0.427615 
0.0373783 0.0604101 0.0970841 0.120126 0.124053 0.129014 0.13407 0.193769 0.20169 0.209649 0.222667 0.24586 0.248232 0.250693 0.256806 0.260115 0.266735 0.353308 0.362853 0.373756 
0.0373783 0.0604101 0.0970841 0.120126 0.124053 0.129014 0.13407 0.193769 0.20169 0.209649 0.219364 0.222667 0.24586 0.248232 0.250693 0.256806 0.260115 0.266735 0.353308 0.362853 
0.0373783 0.0604101 0.0970841 0.112377 0.120126 0.124053 0.129014 0.13407 0.193769 0.20169 0.209649 0.219364 0.222667 0.24586 0.248232 0.250693 0.256806 0.260115 0.266735 0.353308 
0.0373783 0.0604101 0.0970841 0.112377 0.120126 0.124053 0.129014 0.13407 0.193769 0.20169 0.209649 0.219364 0.222667 0.24586 0.248232 0.250693 0.256806 0.260115 0.266735 0.353308 
0.0373783 0.0604101 0.0970841 0.112377 0.120126 0.124053 0.129014 0.13407 0.193769 0.20169 0.209649 0.219364 0.222667 0.24586 0.248232 0.250693 0.251838 0.256806 0.260115 0.266735 
0.0373783 0.0604101 0.0970841 0.112377 0.120126 0.124053 0.129014 0.13407 0.193769 0.20169 0.209649 0.219364 0.222667 0.24586 0.248232 0.250693 0.251838 0.256806 0.260115 0.266735 
0.0373783 0.0604101 0.0970841 0.112377 0.120126 0.124053 0.129014 0.13407 0.193769 0.20169 0.209649 0.219364 0.222667 0.24586 0.248232 0.250693 0.251838 0.256806 0.260115 0.266735 
0.0373783 0.0604101 0.0795682 0.0970841 0.112377 0.120126 0.124053 0.129014 0.13407 0.193769 0.20169 0.209649 0.219364 0.222667 0.24586 0.248232 0.250693 0.251838 0.256806 0.260115 
0.0373783 0.0604101 0.0795682 0.0970841 0.112377 0.120126 0.124053 0.129014 0.13407 0.193769 0.20169 0.209649 0.219364 0.222667 0.24586 0.248232 0.250693 0.251838 0.256806 0.260115 
0.0373783 0.0604101 0.0795682 0.0970841 0.112377 0.120126 0.124053 0.129014 0.13407 0.193769 0.20169 0.209649 0.219364 0.222667 0.24586 0.248232 0.250693 0.251838 0.256806 0.260115 
0.0373783 0.0604101 0.0795682 0.0970841 0.112377 0.120126 0.124053 0.129014 0.13407 0.193769 0.20169 0.209649 0.219364 0.222667 0.24586 0.248232 0.250693 0.251838 0.256806 0.260115 
0.0373783 0.0604101 0.0795682 0.0970841 0.112377 0.120126 0.124053 0.129014 0.13407 0.193769 0.20169 0.209649 0.219364 0.222667 0.24586 0.248232 0.250693 0.251838 0.256806 0.260115 
0.0373783 0.0604101 0.0795682 0.0970841 0.112377 0.120126 0.124053 0.129014 0.13407 0.193769 0.20169 0.209649 0.219364 0.222667 0.24586 0.248232 0.250693 0.251838 0.256806 0.260115 
0.0373783 0.0604101 0.0795682 0.0970841 0.112377 0.120126 0.124053 0.129014 0.13407 0.193769 0.20169 0.209649 0.219364 0.222667 0.24586 0.248232 0.250693 0.251838 0.256806 0.260115 
0.0373783 0.0604101 0.0795682 0.0970841 0.112377 0.120126 0.124053 0.129014 0.13407 0.193769 0.20169 0.209649 0.219364 0.222667 0.24586 0.248232 0.250693 0.251838 0.256806 0.260115 
0.0373783 0.0604101 0.0795682 0.0970841 0.112377 0.120126 0.124053 0.129014 0.13407 0.193769 0.20169 0.209649 0.219364 0.222667 0.24586 0.248232 0.250693 0.251838 0.256806 0.260115 
0.0373783 0.0604101 0.0795682 0.0970841 0.112377 0.120126 0.124053 0.129014 0.13407 0.193769 0.20169 0.209649 0.219364 0.222667 0.24586 0.248232 0.250693 0.251838 0.256806 0.260115 
0.0373783 0.0604101 0.0795682 0.0970841 0.112377 0.120126 0.124053 0.129014 0.13407 0.193769 0.20169 0.209649 0.219364 0.222667 0.24586 0.248232 0.250693 0.251838 0.256806 0.260115 
0.0373783 0.0604101 0.0795682 0.0970841 0.112377 0.120126 0.124053 0.129014 0.13407 0.193769 0.20169 0.209649 0.219364 0.222667 0.24586 0.248232 0.250693 0.251838 0.256806 0.260115 
0.0373783 0.0604101 0.0795682 0.0970841 0.112377 0.120126 0.124053 0.129014 0.13407 0.193769 0.20169 0.209649 0.219364 0.222667 0.24586 0.248232 0.250693 0.251838 0.256806 0.260115 
0.0373783 0.0604101 0.0795682 0.0970841 0.112377 0.120126 0.124053 0.129014 0.13407 0.193769 0.20169 0.209649 0.219364 0.222667 0.24586 0.248232 0.250693 0.251838 0.256806 0.260115 
0.0373783 0.0604101 0.0795682 0.0970841 0.112377 0.120126 0.124053 0.129014 0.13407 0.193769 0.20169 0.209649 0.219364 0.222667 0.24586 0.248232 0.250693 0.251838 0.256806 0.260115 
0.0373783 0.0604101 0.0795682 0.0970841 0.112377 0.120126 0.124053 0.129014 0.13407 0.193769 0.20169 0.209649 0.219364 0.222667 0.24586 0.248232 0.250693 0.251838 0.256806 0.260115 
0.0373783 0.0604101 0.0795682 0.0970841 0.112377 0.120126 0.124053 0.129014 0.13407 0.193769 0.20169 0.209649 0.219364 0.222667 0.24586 0.248232 0.250693 0.251838 0.256806 0.260115 
0.0373783 0.0604101 0.0795682 0.0970841 0.112377 0.120126 0.124053 0.129014 0.13407 0.193769 0.20169 0.209649 0.219364 0.222667 0.24586 0.248232 0.250693 0.251838 0.256806 0.260115 
0.0373783 0.0604101 0.0795682 0.0970841 0.112377 0.120126 0.124053 0.129014 0.13407 0.193769 0.20169 0.209649 0.219364 0.222667 0.24586 0.248232 0.250693 0.251838 0.256806 0.260115 
0.0373783 0.0604101 0.0795682 0.0970841 0.112377 0.120126 0.124053 0.129014 0.13407 0.193769 0.20169 0.209649 0.219364 0.222667 0.24586 0.248232 0.250693 0.251838 0.256806 0.260115 
0.0373783 0.0604101 0.0795682 0.0970841 0.112377 0.120126 0.124053 0.129014 0.13407 0.193769 0.20169 0.209649 0.219364 0.222667 0.24586 0.248232 0.250693 0.251838 0.256806 0.260115 
0.0373783 0.0604101 0.0795682 0.0970841 0.112377 0.120126 0.124053 0.129014 0.13407 0.193769 0.20169 0.209649 0.219364 0.222667 0.24586 0.248232 0.250693 0.251838 0.256806 0.260115 
0.0373783 0.0604101 0.0795682 0.0970841 0.112377 0.120126 0.124053 0.129014 0.13407 0.193769 0.20169 0.209649 0.219364 0.222667 0.24586 0.248232 0.250693 0.251838 0.256806 0.260115 
0.0373783 0.0604101 0.0795682 0.0970841 0.112377 0.120126 0.124053 0.129014 0.13407 0.193769 0.20169 0.209649 0.219364 0.222667 0.24586 0.248232 0.250693 0.251838 0.256806 0.260115 
0.0373783 0.0604101 0.0795682 0.0970841 0.112377 0.120126 0.124053 0.129014 0.13407 0.193769 0.20169 0.209649 0.219364 0.222667 0.24586 0.248232 0.250693 0.251838 0.256806 0.260115 
0.0373783 0.0604101 0.0795682 0.0970841 0.112377 0.120126 0.124053 0.129014 0.13407 0.193769 0.20169 0.209649 0.219364 0.222667 0.24586 0.248232 0.250693 0.251838 0.256806 0.260115 
0.0373783 0.0604101 0.0795682 0.0970841 0.112377 0.120126 0.124053 0.129014 0.13407 0.193769 0.20169 0.209649 0.219364 0.222667 0.24586 0.248232 0.250693 0.251838 0.256806 0.260115 
0.0373783 0.0604101 0.0795682 0.0970841 0.112377 0.120126 0.124053 0.129014 0.13407 0.193769 0.20169 0.209649 0.219364 0.222667 0.24586 0.248232 0.250693 0.251838 0.256806 0.260115 
0.0373783 0.0604101 0.0795682 0.0970841 0.112377 0.120126 0.124053 0.129014 0.13407 0.193769 0.20169 0.209649 0.219364 0.222667 0.24586 0.248232 0.250693 0.251838 0.256806 0.260115 
0.0373783 0.0604101 0.0795682 0.0970841 0.112377 0.120126 0.124053 0.129014 0.13407 0.193769 0.20169 0.209649 0.219364 0.222667 0.24586 0.248232 0.250693 0.251838 0.256806 0.260115 
0.0373783 0.0604101 0.0795682 0.0970841 0.112377 0.120126 0.124053 0.129014 0.13407 0.193769 0.20169 0.209649 0.219364 0.222667 0.24586 0.248232 0.250693 0.251838 0.256806 0.260115 
0.0373783 0.0604101 0.0795682 0.0970841 0.112377 0.120126 0.124053 0.129014 0.13407 0.193769 0.20169 0.209649 0.219364 0.222667 0.24586 0.248232 0.250693 0.251838 0.256806 0.260115 
0.0373783 0.0604101 0.0795682 0.0970841 0.112377 0.120126 0.124053 0.129014 0.13407 0.193769 0.20169 0.209649 0.219364 0.222667 0.24586 0.248232 0.250693 0.251838 0.256806 0.260115 
0.0373783 0.0604101 0.0795682 0.0970841 0.112377 0.120126 0.124053 0.129014 0.13407 0.193769 0.20169 0.209649 0.219364 0.222667 0.24586 0.248232 0.250693 0.251838 0.256806 0.260115 
