1.61038 2.59659 2.74231 2.993 3.00616 3.02617 3.07355 3.13441 3.18737 3.36919 3.39226 3.50238 3.53214 3.54618 3.59481 3.60933 3.64672 3.76316 3.82611 3.90534 
1.61038 2.02951 2.59659 2.74231 2.993 3.00616 3.02617 3.03578 3.07355 3.13441 3.18737 3.29993 3.36919 3.39226 3.5005 3.50238 3.53214 3.54618 3.59481 3.60933 
1.61038 1.72033 2.00613 2.02951 2.22329 2.26585 2.59659 2.62749 2.66343 2.74231 2.993 3.00616 3.02617 3.03578 3.07355 3.13441 3.18737 3.29993 3.36919 3.39226 
1.61038 1.72033 2.00613 2.02951 2.22329 2.26585 2.59659 2.62749 2.66343 2.74231 2.993 3.00616 3.02617 3.03578 3.07355 3.13441 3.18737 3.1906 3.29993 3.36917 
1.61038 1.72033 2.00613 2.02951 2.22329 2.26585 2.59659 2.62749 2.66343 2.74231 2.993 3.00616 3.02617 3.03578 3.07355 3.13441 3.14329 3.18737 3.1906 3.29993 
1.61038 1.72033 2.00613 2.02951 2.22329 2.26585 2.59659 2.62749 2.66343 2.74231 2.993 3.00616 3.02617 3.03578 3.07355 3.13441 3.14329 3.18737 3.1906 3.29993 
1.61038 1.72033 2.00613 2.02951 2.22329 2.26585 2.59659 2.62749 2.66343 2.74231 2.993 3.00616 3.02617 3.03578 3.07355 3.13441 3.14329 3.18737 3.1906 3.29993 
1.61038 1.72033 2.00613 2.02951 2.22329 2.26585 2.59659 2.62749 2.66343 2.74231 2.993 3.00616 3.02617 3.03578 3.07355 3.13441 3.14329 3.18737 3.1906 3.29993 
1.61038 1.72033 2.00613 2.02951 2.22329 2.26585 2.59659 2.62749 2.66343 2.74231 2.993 3.00616 3.02617 3.03578 3.07355 3.13441 3.14329 3.18737 3.1906 3.29993 
1.61038 1.72033 2.00613 2.02951 2.22329 2.26585 2.59659 2.62749 2.66343 2.74231 2.993 3.00616 3.02617 3.03578 3.07355 3.13441 3.14329 3.18737 3.1906 3.29993 
1.61038 1.72033 2.00613 2.02951 2.22329 2.26585 2.59659 2.62749 2.66343 2.74231 2.993 3.00616 3.02617 3.03578 3.07355 3.13441 3.14329 3.18737 3.1906 3.29993 
1.61038 1.72033 2.00613 2.02951 2.22329 2.26585 2.59659 2.62749 2.66343 2.74231 2.993 3.00616 3.02617 3.03578 3.07355 3.13441 3.14329 3.18737 3.1906 3.29993 
1.61038 1.72033 2.00613 2.02951 2.22329 2.26585 2.59659 2.62749 2.66343 2.74231 2.993 3.00616 3.02617 3.03578 3.07355 3.13441 3.14329 3.18737 3.1906 3.29993 
1.61038 1.72033 2.00613 2.02951 2.22329 2.26585 2.59659 2.62749 2.66343 2.74231 2.993 3.00616 3.02617 3.03578 3.07355 3.13441 3.14329 3.18737 3.1906 3.29993 
1.61038 1.72033 2.00613 2.02951 2.22329 2.26585 2.59659 2.62749 2.66343 2.74231 2.993 3.00616 3.02617 3.03578 3.07355 3.13441 3.14329 3.18737 3.1906 3.29993 
1.61038 1.72033 2.00613 2.02951 2.22329 2.26585 2.59659 2.62749 2.66343 2.74231 2.993 3.00616 3.02617 3.03578 3.07355 3.13441 3.14329 3.18737 3.1906 3.29993 
1.61038 1.72033 2.00613 2.02951 2.22329 2.26585 2.59659 2.62749 2.66343 2.74231 2.993 3.00616 3.02617 3.03578 3.07355 3.13441 3.14329 3.18737 3.1906 3.29993 
1.61038 1.72033 2.00613 2.02951 2.22329 2.26585 2.59659 2.62749 2.66343 2.74231 2.993 3.00616 3.02617 3.03578 3.07355 3.13441 3.14329 3.18737 3.1906 3.29993 
1.61038 1.72033 2.00613 2.02951 2.22329 2.26585 2.59659 2.62749 2.66343 2.74231 2.993 3.00616 3.02617 3.03578 3.07355 3.13441 3.14329 3.18737 3.1906 3.29993 
1.61038 1.72033 2.00613 2.02951 2.22329 2.26585 2.59659 2.62749 2.66343 2.74231 2.993 3.00616 3.02617 3.03578 3.07355 3.13441 3.14329 3.18737 3.1906 3.29993 
1.61038 1.72033 2.00613 2.02951 2.22329 2.26585 2.59659 2.62749 2.66343 2.74231 2.993 3.00616 3.02617 3.03578 3.07355 3.13441 3.14329 3.18737 3.1906 3.29993 
1.61038 1.72033 2.00613 2.02951 2.22329 2.26585 2.59659 2.62749 2.66343 2.74231 2.993 3.00616 3.02617 3.03578 3.07355 3.13441 3.14329 3.18737 3.1906 3.29993 
1.61038 1.72033 2.00613 2.02951 2.22329 2.26585 2.59659 2.62749 2.66343 2.74231 2.993 3.00616 3.02617 3.03578 3.07355 3.13441 3.14329 3.18737 3.1906 3.29993 
1.61038 1.72033 2.00613 2.02951 2.22329 2.26585 2.59659 2.62749 2.66343 2.74231 2.993 3.00616 3.02617 3.03578 3.07355 3.13441 3.14329 3.18737 3.1906 3.29993 
1.61038 1.72033 2.00613 2.02951 2.22329 2.26585 2.59659 2.62749 2.66343 2.74231 2.993 3.00616 3.02617 3.03578 3.07355 3.13441 3.14329 3.18737 3.1906 3.29993 
1.61038 1.72033 2.00613 2.02951 2.22329 2.26585 2.59659 2.62749 2.66343 2.74231 2.993 3.00616 3.02617 3.03578 3.07355 3.13441 3.14329 3.18737 3.1906 3.29993 
1.61038 1.72033 2.00613 2.02951 2.22329 2.26585 2.59659 2.62749 2.66343 2.74231 2.993 3.00616 3.02617 3.03578 3.07355 3.13441 3.14329 3.18737 3.1906 3.29993 
1.61038 1.72033 2.00613 2.02951 2.22329 2.26585 2.59659 2.62749 2.66343 2.74231 2.993 3.00616 3.02617 3.03578 3.07355 3.13441 3.14329 3.18737 3.1906 3.29993 
1.61038 1.72033 2.00613 2.02951 2.22329 2.26585 2.59659 2.62749 2.66343 2.74231 2.993 3.00616 3.02617 3.03578 3.07355 3.13441 3.14329 3.18737 3.1906 3.29993 
1.61038 1.72033 2.00613 2.02951 2.22329 2.26585 2.59659 2.62749 2.66343 2.74231 2.993 3.00616 3.02617 3.03578 3.07355 3.13441 3.14329 3.18737 3.1906 3.29993 
1.61038 1.72033 2.00613 2.02951 2.22329 2.26585 2.59659 2.62749 2.66343 2.74231 2.993 3.00616 3.02617 3.03578 3.07355 3.13441 3.14329 3.18737 3.1906 3.29993 
1.61038 1.72033 2.00613 2.02951 2.22329 2.26585 2.59659 2.62749 2.66343 2.74231 2.993 3.00616 3.02617 3.03578 3.07355 3.13441 3.14329 3.18737 3.1906 3.29993 
1.61038 1.72033 2.00613 2.02951 2.22329 2.26585 2.59659 2.62749 2.66343 2.74231 2.993 3.00616 3.02617 3.03578 3.07355 3.13441 3.14329 3.18737 3.1906 3.29993 
1.61038 1.72033 2.00613 2.02951 2.22329 2.26585 2.59659 2.62749 2.66343 2.74231 2.993 3.00616 3.02617 3.03578 3.07355 3.13441 3.14329 3.18737 3.1906 3.29993 
1.61038 1.72033 2.00613 2.02951 2.22329 2.26585 2.59659 2.62749 2.66343 2.74231 2.993 3.00616 3.02617 3.03578 3.07355 3.13441 3.14329 3.18737 3.1906 3.29993 
1.61038 1.72033 2.00613 2.02951 2.22329 2.26585 2.59659 2.62749 2.66343 2.74231 2.993 3.00616 3.02617 3.03578 3.07355 3.13441 3.14329 3.18737 3.1906 3.29993 
1.61038 1.72033 2.00613 2.02951 2.22329 2.26585 2.59659 2.62749 2.66343 2.74231 2.993 3.00616 3.02617 3.03578 3.07355 3.13441 3.14329 3.18737 3.1906 3.29993 
1.61038 1.72033 2.00613 2.02951 2.22329 2.26585 2.59659 2.62749 2.66343 2.74231 2.993 3.00616 3.02617 3.03578 3.07355 3.13441 3.14329 3.18737 3.1906 3.29993 
1.61038 1.72033 2.00613 2.02951 2.22329 2.26585 2.59659 2.62749 2.66343 2.74231 2.993 3.00616 3.02617 3.03578 3.07355 3.13441 3.14329 3.18737 3.1906 3.29993 
1.61038 1.72033 2.00613 2.02951 2.22329 2.26585 2.59659 2.62749 2.66343 2.74231 2.993 3.00616 3.02617 3.03578 3.07355 3.13441 3.14329 3.18737 3.1906 3.29993 
1.61038 1.72033 2.00613 2.02951 2.22329 2.26585 2.59659 2.62749 2.66343 2.74231 2.993 3.00616 3.02617 3.03578 3.07355 3.13441 3.14329 3.18737 3.1906 3.29993 
1.61038 1.72033 2.00613 2.02951 2.22329 2.26585 2.59659 2.62749 2.66343 2.74231 2.993 3.00616 3.02617 3.03578 3.07355 3.13441 3.14329 3.18737 3.1906 3.29993 
1.61038 1.72033 2.00613 2.02951 2.22329 2.26585 2.59659 2.62749 2.66343 2.74231 2.993 3.00616 3.02617 3.03578 3.07355 3.13441 3.14329 3.18737 3.1906 3.29993 
1.61038 1.72033 2.00613 2.02951 2.22329 2.26585 2.59659 2.62749 2.66343 2.74231 2.993 3.00616 3.02617 3.03578 3.07355 3.13441 3.14329 3.18737 3.1906 3.29993 
1.61038 1.72033 2.00613 2.02951 2.22329 2.26585 2.59659 2.62749 2.66343 2.74231 2.993 3.00616 3.02617 3.03578 3.07355 3.13441 3.14329 3.18737 3.1906 3.29993 
1.61038 1.72033 2.00613 2.02951 2.22329 2.26585 2.59659 2.62749 2.66343 2.74231 2.993 3.00616 3.02617 3.03578 3.07355 3.13441 3.14329 3.18737 3.1906 3.29993 
1.61038 1.72033 2.00613 2.02951 2.22329 2.26585 2.59659 2.62749 2.66343 2.74231 2.993 3.00616 3.02617 3.03578 3.07355 3.13441 3.14329 3.18737 3.1906 3.29993 
1.61038 1.72033 2.00613 2.02951 2.22329 2.26585 2.59659 2.62749 2.66343 2.74231 2.993 3.00616 3.02617 3.03578 3.07355 3.13441 3.14329 3.18737 3.1906 3.29993 
1.61038 1.72033 2.00613 2.02951 2.22329 2.26585 2.59659 2.62749 2.66343 2.74231 2.993 3.00616 3.02617 3.03578 3.07355 3.13441 3.14329 3.18737 3.1906 3.29993 
1.61038 1.72033 2.00613 2.02951 2.22329 2.26585 2.59659 2.62749 2.66343 2.74231 2.993 3.00616 3.02617 3.03578 3.07355 3.13441 3.14329 3.18737 3.1906 3.29993 
1.61038 1.72033 2.00613 2.02951 2.22329 2.26585 2.59659 2.62749 2.66343 2.74231 2.993 3.00616 3.02617 3.03578 3.07355 3.13441 3.14329 3.18737 3.1906 3.29993 
1.61038 1.72033 2.00613 2.02951 2.22329 2.26585 2.59659 2.62749 2.66343 2.74231 2.993 3.00616 3.02617 3.03578 3.07355 3.13441 3.14329 3.18737 3.1906 3.29993 
1.61038 1.72033 2.00613 2.02951 2.22329 2.26585 2.59659 2.62749 2.66343 2.74231 2.993 3.00616 3.02617 3.03578 3.07355 3.13441 3.14329 3.18737 3.1906 3.29993 
1.61038 1.72033 2.00613 2.02951 2.22329 2.26585 2.59659 2.62749 2.66343 2.74231 2.993 3.00616 3.02617 3.03578 3.07355 3.13441 3.14329 3.18737 3.1906 3.29993 
1.61038 1.72033 2.00613 2.02951 2.22329 2.26585 2.59659 2.62749 2.66343 2.74231 2.993 3.00616 3.02617 3.03578 3.07355 3.13441 3.14329 3.18737 3.1906 3.29993 
1.61038 1.72033 2.00613 2.02951 2.22329 2.26585 2.59659 2.62749 2.66343 2.74231 2.993 3.00616 3.02617 3.03578 3.07355 3.13441 3.14329 3.18737 3.1906 3.29993 
1.61038 1.72033 2.00613 2.02951 2.22329 2.26585 2.59659 2.62749 2.66343 2.74231 2.993 3.00616 3.02617 3.03578 3.07355 3.13441 3.14329 3.18737 3.1906 3.29993 
1.61038 1.72033 2.00613 2.02951 2.22329 2.26585 2.59659 2.62749 2.66343 2.74231 2.993 3.00616 3.02617 3.03578 3.07355 3.13441 3.14329 3.18737 3.1906 3.29993 
1.61038 1.72033 2.00613 2.02951 2.22329 2.26585 2.59659 2.62749 2.66343 2.74231 2.993 3.00616 3.02617 3.03578 3.07355 3.13441 3.14329 3.18737 3.1906 3.29993 
1.61038 1.72033 2.00613 2.02951 2.22329 2.26585 2.59659 2.62749 2.66343 2.74231 2.993 3.00616 3.02617 3.03578 3.07355 3.13441 3.14329 3.18737 3.1906 3.29993 
1.61038 1.72033 2.00613 2.02951 2.22329 2.26585 2.59659 2.62749 2.66343 2.74231 2.993 3.00616 3.02617 3.03578 3.07355 3.13441 3.14329 3.18737 3.1906 3.29993 
1.61038 1.72033 2.00613 2.02951 2.22329 2.26585 2.59659 2.62749 2.66343 2.74231 2.993 3.00616 3.02617 3.03578 3.07355 3.13441 3.14329 3.18737 3.1906 3.29993 
1.61038 1.72033 2.00613 2.02951 2.22329 2.26585 2.59659 2.62749 2.66343 2.74231 2.993 3.00616 3.02617 3.03578 3.07355 3.13441 3.14329 3.18737 3.1906 3.29993 
1.61038 1.72033 2.00613 2.02951 2.22329 2.26585 2.59659 2.62749 2.66343 2.74231 2.993 3.00616 3.02617 3.03578 3.07355 3.13441 3.14329 3.18737 3.1906 3.29993 
1.61038 1.72033 2.00613 2.02951 2.22329 2.26585 2.59659 2.62749 2.66343 2.74231 2.993 3.00616 3.02617 3.03578 3.07355 3.13441 3.14329 3.18737 3.1906 3.29993 
1.61038 1.72033 2.00613 2.02951 2.22329 2.26585 2.59659 2.62749 2.66343 2.74231 2.993 3.00616 3.02617 3.03578 3.07355 3.13441 3.14329 3.18737 3.1906 3.29993 
1.61038 1.72033 2.00613 2.02951 2.22329 2.26585 2.59659 2.62749 2.66343 2.74231 2.993 3.00616 3.02617 3.03578 3.07355 3.13441 3.14329 3.18737 3.1906 3.29993 
1.61038 1.72033 2.00613 2.02951 2.22329 2.26585 2.59659 2.62749 2.66343 2.74231 2.993 3.00616 3.02617 3.03578 3.07355 3.13441 3.14329 3.18737 3.1906 3.29993 
1.61038 1.72033 2.00613 2.02951 2.22329 2.26585 2.59659 2.62749 2.66343 2.74231 2.993 3.00616 3.02617 3.03578 3.07355 3.13441 3.14329 3.18737 3.1906 3.29993 
1.61038 1.72033 2.00613 2.02951 2.22329 2.26585 2.59659 2.62749 2.66343 2.74231 2.993 3.00616 3.02617 3.03578 3.07355 3.13441 3.14329 3.18737 3.1906 3.29993 
1.61038 1.72033 2.00613 2.02951 2.22329 2.26585 2.59659 2.62749 2.66343 2.74231 2.993 3.00616 3.02617 3.03578 3.07355 3.13441 3.14329 3.18737 3.1906 3.29993 
1.61038 1.72033 2.00613 2.02951 2.22329 2.26585 2.59659 2.62749 2.66343 2.74231 2.993 3.00616 3.02617 3.03578 3.07355 3.13441 3.14329 3.18737 3.1906 3.29993 
1.61038 1.72033 2.00613 2.02951 2.22329 2.26585 2.59659 2.62749 2.66343 2.74231 2.993 3.00616 3.02617 3.03578 3.07355 3.13441 3.14329 3.18737 3.1906 3.29993 
1.61038 1.72033 2.00613 2.02951 2.22329 2.26585 2.59659 2.62749 2.66343 2.74231 2.993 3.00616 3.02617 3.03578 3.07355 3.13441 3.14329 3.18737 3.1906 3.29993 
1.61038 1.72033 2.00613 2.02951 2.22329 2.26585 2.59659 2.62749 2.66343 2.74231 2.993 3.00616 3.02617 3.03578 3.07355 3.13441 3.14329 3.18737 3.1906 3.29993 
1.61038 1.72033 2.00613 2.02951 2.22329 2.26585 2.59659 2.62749 2.66343 2.74231 2.993 3.00616 3.02617 3.03578 3.07355 3.13441 3.14329 3.18737 3.1906 3.29993 
1.61038 1.72033 2.00613 2.02951 2.22329 2.26585 2.59659 2.62749 2.66343 2.74231 2.993 3.00616 3.02617 3.03578 3.07355 3.13441 3.14329 3.18737 3.1906 3.29993 
1.61038 1.72033 2.00613 2.02951 2.22329 2.26585 2.59659 2.62749 2.66343 2.74231 2.993 3.00616 3.02617 3.03578 3.07355 3.13441 3.14329 3.18737 3.1906 3.29993 
1.61038 1.72033 2.00613 2.02951 2.22329 2.26585 2.59659 2.62749 2.66343 2.74231 2.993 3.00616 3.02617 3.03578 3.07355 3.13441 3.14329 3.18737 3.1906 3.29993 
1.61038 1.72033 2.00613 2.02951 2.22329 2.26585 2.59659 2.62749 2.66343 2.74231 2.993 3.00616 3.02617 3.03578 3.07355 3.13441 3.14329 3.18737 3.1906 3.29993 
1.61038 1.72033 2.00613 2.02951 2.22329 2.26585 2.59659 2.62749 2.66343 2.74231 2.993 3.00616 3.02617 3.03578 3.07355 3.13441 3.14329 3.18737 3.1906 3.29993 
1.61038 1.72033 2.00613 2.02951 2.22329 2.26585 2.59659 2.62749 2.66343 2.74231 2.993 3.00616 3.02617 3.03578 3.07355 3.13441 3.14329 3.18737 3.1906 3.29993 
1.61038 1.72033 2.00613 2.02951 2.22329 2.26585 2.59659 2.62749 2.66343 2.74231 2.993 3.00616 3.02617 3.03578 3.07355 3.13441 3.14329 3.18737 3.1906 3.29993 
1.61038 1.72033 2.00613 2.02951 2.22329 2.26585 2.59659 2.62749 2.66343 2.74231 2.993 3.00616 3.02617 3.03578 3.07355 3.13441 3.14329 3.18737 3.1906 3.29993 
1.61038 1.72033 2.00613 2.02951 2.22329 2.26585 2.59659 2.62749 2.66343 2.74231 2.993 3.00616 3.02617 3.03578 3.07355 3.13441 3.14329 3.18737 3.1906 3.29993 
1.61038 1.72033 2.00613 2.02951 2.22329 2.26585 2.59659 2.62749 2.66343 2.74231 2.993 3.00616 3.02617 3.03578 3.07355 3.13441 3.14329 3.18737 3.1906 3.29993 
1.61038 1.72033 2.00613 2.02951 2.22329 2.26585 2.59659 2.62749 2.66343 2.74231 2.993 3.00616 3.02617 3.03578 3.07355 3.13441 3.14329 3.18737 3.1906 3.29993 
1.61038 1.72033 2.00613 2.02951 2.22329 2.26585 2.59659 2.62749 2.66343 2.74231 2.993 3.00616 3.02617 3.03578 3.07355 3.13441 3.14329 3.18737 3.1906 3.29993 
1.61038 1.72033 2.00613 2.02951 2.22329 2.26585 2.59659 2.62749 2.66343 2.74231 2.993 3.00616 3.02617 3.03578 3.07355 3.13441 3.14329 3.18737 3.1906 3.29993 
1.61038 1.72033 2.00613 2.02951 2.22329 2.26585 2.59659 2.62749 2.66343 2.74231 2.993 3.00616 3.02617 3.03578 3.07355 3.13441 3.14329 3.18737 3.1906 3.29993 
1.61038 1.72033 2.00613 2.02951 2.22329 2.26585 2.59659 2.62749 2.66343 2.74231 2.993 3.00616 3.02617 3.03578 3.07355 3.13441 3.14329 3.18737 3.1906 3.29993 
1.61038 1.72033 2.00613 2.02951 2.22329 2.26585 2.59659 2.62749 2.66343 2.74231 2.993 3.00616 3.02617 3.03578 3.07355 3.13441 3.14329 3.18737 3.1906 3.29993 
1.61038 1.72033 2.00613 2.02951 2.22329 2.26585 2.59659 2.62749 2.66343 2.74231 2.993 3.00616 3.02617 3.03578 3.07355 3.13441 3.14329 3.18737 3.1906 3.29993 
1.61038 1.72033 2.00613 2.02951 2.22329 2.26585 2.59659 2.62749 2.66343 2.74231 2.993 3.00616 3.02617 3.03578 3.07355 3.13441 3.14329 3.18737 3.1906 3.29993 
1.61038 1.72033 2.00613 2.02951 2.22329 2.26585 2.59659 2.62749 2.66343 2.74231 2.993 3.00616 3.02617 3.03578 3.07355 3.13441 3.14329 3.18737 3.1906 3.29993 
1.61038 1.72033 2.00613 2.02951 2.22329 2.26585 2.59659 2.62749 2.66343 2.74231 2.993 3.00616 3.02617 3.03578 3.07355 3.13441 3.14329 3.18737 3.1906 3.29993 
1.61038 1.72033 2.00613 2.02951 2.22329 2.26585 2.59659 2.62749 2.66343 2.74231 2.993 3.00616 3.02617 3.03578 3.07355 3.13441 3.14329 3.18737 3.1906 3.29993 
1.61038 1.72033 2.00613 2.02951 2.22329 2.26585 2.59659 2.62749 2.66343 2.74231 2.993 3.00616 3.02617 3.03578 3.07355 3.13441 3.14329 3.18737 3.1906 3.29993 
1.61038 1.72033 2.00613 2.02951 2.22329 2.26585 2.59659 2.62749 2.66343 2.74231 2.993 3.00616 3.02617 3.03578 3.07355 3.13441 3.14329 3.18737 3.1906 3.29993 
1.61038 1.72033 2.00613 2.02951 2.22329 2.26585 2.59659 2.62749 2.66343 2.74231 2.993 3.00616 3.02617 3.03578 3.07355 3.13441 3.14329 3.18737 3.1906 3.29993 
