2.62491 3.33729 3.33813 3.64254 3.67774 3.71211 3.9907 4.53542 4.60405 4.61675 4.83686 5.02199 5.1427 5.30763 5.98911 6.00218 6.11285 6.15714 6.23322 6.28458 
2.62491 3.25515 3.33729 3.33813 3.64254 3.67774 3.71211 3.9907 4.53542 4.60405 4.61675 4.83686 5.02199 5.1427 5.19616 5.30763 5.33463 5.63967 5.7161 5.98911 
2.62491 3.25515 3.33729 3.33813 3.64254 3.67774 3.71211 3.9907 4.53542 4.60405 4.61675 4.83686 5.02199 5.1427 5.19616 5.30763 5.33463 5.63967 5.7161 5.98911 
2.62491 2.66209 3.25515 3.33729 3.33813 3.64254 3.67774 3.71211 3.9907 4.53542 4.60405 4.61675 4.83686 5.02199 5.1427 5.19616 5.30763 5.33463 5.63967 5.7161 
2.62491 2.66209 3.25515 3.33729 3.33813 3.64254 3.67774 3.71211 3.9907 4.34227 4.53542 4.58226 4.60405 4.61675 4.83686 5.02199 5.1427 5.19616 5.30763 5.33463 
2.62491 2.66209 3.25515 3.33729 3.33813 3.64254 3.67774 3.71211 3.9907 4.34227 4.53542 4.58226 4.60405 4.61675 4.83686 5.02199 5.1427 5.19616 5.30763 5.33463 
2.62491 2.66209 3.25515 3.33729 3.33813 3.64254 3.67774 3.71211 3.78028 3.9907 4.32139 4.34227 4.53542 4.58226 4.60405 4.61675 4.83686 5.02199 5.1427 5.19616 
2.62491 2.66209 3.25515 3.33729 3.33813 3.64254 3.67774 3.71211 3.78028 3.9907 4.32139 4.34227 4.42574 4.53542 4.58226 4.60405 4.61675 4.83686 5.02199 5.1427 
2.62491 2.66209 3.25515 3.33729 3.33813 3.64254 3.67774 3.71211 3.78028 3.9907 4.32139 4.34227 4.42574 4.53542 4.56575 4.58226 4.60405 4.61675 4.83686 5.02199 
2.62491 2.66209 3.25515 3.33729 3.33813 3.64254 3.67774 3.71211 3.78028 3.9907 4.32139 4.34227 4.42574 4.48599 4.53542 4.56575 4.58226 4.60405 4.61675 4.83686 
2.62491 2.66209 3.25515 3.33729 3.33813 3.64254 3.67774 3.71211 3.78028 3.9907 4.32139 4.34227 4.35287 4.42574 4.48599 4.53542 4.56575 4.58226 4.60405 4.61675 
2.62491 2.66209 3.25515 3.33729 3.33813 3.64254 3.67774 3.71211 3.78028 3.9907 4.32139 4.34227 4.35287 4.42574 4.48599 4.53542 4.56575 4.58226 4.60405 4.61675 
2.62491 2.66209 3.25515 3.33729 3.33813 3.64254 3.67774 3.71211 3.78028 3.9907 4.28451 4.32139 4.34227 4.35287 4.42574 4.48599 4.53542 4.56575 4.58226 4.60405 
1.53776 2.61627 2.62491 2.66209 3.25515 3.33729 3.33813 3.64254 3.67774 3.71211 3.78028 3.90533 3.9907 4.28451 4.32139 4.34227 4.35287 4.42574 4.48599 4.53542 
1.53776 2.61627 2.62491 2.66209 3.25515 3.33729 3.33813 3.64254 3.67774 3.71211 3.78028 3.90533 3.9907 4.28451 4.32139 4.34227 4.35287 4.42574 4.48599 4.53542 
1.53776 2.61627 2.62491 2.66209 3.01613 3.25515 3.33729 3.33813 3.64254 3.67774 3.71211 3.78028 3.90533 3.9907 4.28451 4.32139 4.34227 4.35287 4.42574 4.48599 
1.53776 2.61627 2.62491 2.66209 3.01613 3.25515 3.33729 3.33813 3.64254 3.67774 3.71211 3.78028 3.86684 3.90533 3.9907 4.28451 4.32139 4.34227 4.35287 4.42574 
1.53776 1.61127 2.61627 2.62491 2.66209 2.99571 3.01613 3.25515 3.26093 3.33729 3.33813 3.44713 3.55356 3.64254 3.67774 3.71211 3.78028 3.86684 3.90533 3.9907 
1.53776 1.61127 2.61627 2.62491 2.66209 2.99571 3.01613 3.25515 3.26093 3.33729 3.33813 3.44713 3.55356 3.64254 3.67774 3.71211 3.78028 3.86684 3.90533 3.9907 
1.53776 1.61127 2.61627 2.62491 2.66209 2.99571 3.01613 3.25515 3.26093 3.33729 3.33813 3.44713 3.55356 3.64254 3.67774 3.70847 3.71211 3.78028 3.86684 3.90533 
1.53776 1.61127 2.61627 2.62491 2.66209 2.99571 3.01613 3.11054 3.25515 3.26093 3.33729 3.33813 3.44713 3.55356 3.64254 3.67774 3.70847 3.71211 3.78028 3.86684 
1.53776 1.61127 2.61627 2.62491 2.66209 2.99571 3.01613 3.11054 3.25515 3.26093 3.33729 3.33813 3.38458 3.44713 3.55356 3.64254 3.67774 3.70847 3.71211 3.78028 
1.53776 1.61127 2.61627 2.62491 2.66209 2.99571 3.01613 3.11054 3.25515 3.26093 3.33729 3.33813 3.38458 3.44713 3.55356 3.64254 3.67774 3.70847 3.71211 3.78028 
1.53776 1.61127 2.61627 2.62491 2.66209 2.99571 3.01613 3.11054 3.14433 3.25515 3.26093 3.33729 3.33813 3.38458 3.44713 3.55356 3.64254 3.67774 3.70847 3.71211 
1.53776 1.61127 2.61627 2.62491 2.66209 2.99571 3.01613 3.11054 3.14433 3.25515 3.26093 3.30709 3.33729 3.33813 3.38458 3.44713 3.55356 3.64254 3.67774 3.69609 
1.53776 1.61127 2.61627 2.62491 2.66209 2.99571 3.01613 3.11054 3.14433 3.25515 3.26093 3.30709 3.33729 3.33813 3.38458 3.44713 3.55356 3.64254 3.67774 3.69609 
1.53776 1.61127 2.61627 2.62491 2.66209 2.77657 2.99571 3.01613 3.11054 3.14433 3.25515 3.26093 3.30709 3.33729 3.33813 3.38458 3.44713 3.55356 3.59065 3.59497 
1.53776 1.61127 2.60756 2.61627 2.62491 2.66209 2.77657 2.99571 3.01613 3.11054 3.14433 3.25515 3.26093 3.30709 3.33729 3.33813 3.38458 3.44713 3.55356 3.59065 
1.11349 1.53776 1.61127 2.60756 2.61627 2.62491 2.66209 2.77657 2.99571 3.01613 3.11054 3.14433 3.25515 3.26093 3.30709 3.33729 3.33813 3.38458 3.44713 3.55356 
0.374627 1.11349 1.53776 1.61127 2.60756 2.61627 2.62491 2.66209 2.77657 2.84386 2.92207 2.99571 3.01613 3.11054 3.14433 3.25515 3.26093 3.30709 3.33729 3.33813 
0.374627 1.11349 1.53776 1.61127 2.60756 2.61627 2.62491 2.66209 2.77657 2.84386 2.92207 2.99571 3.00416 3.01613 3.11054 3.14433 3.25515 3.26093 3.30709 3.33729 
0.208135 0.374627 1.11349 1.53776 1.61127 2.54566 2.60756 2.61627 2.62491 2.66209 2.77657 2.84386 2.92207 2.99571 3.00416 3.01613 3.11054 3.14433 3.25515 3.26093 
0.208135 0.374627 1.11349 1.53776 1.61127 2.54566 2.60756 2.61627 2.62491 2.66209 2.77657 2.84386 2.92207 2.99571 3.00416 3.01613 3.11054 3.14433 3.25515 3.26093 
0.208135 0.374627 1.11349 1.53776 1.58159 1.61127 2.54566 2.60756 2.61627 2.62491 2.66209 2.77657 2.84386 2.85717 2.92207 2.99571 3.00416 3.01613 3.11054 3.14433 
0.168058 0.208135 0.374627 1.11349 1.15485 1.53776 1.58159 1.61127 1.67892 2.38999 2.54566 2.60756 2.61627 2.62491 2.66209 2.77657 2.84386 2.85717 2.92207 2.99571 
0.168058 0.208135 0.374627 1.11349 1.15485 1.53776 1.58159 1.60155 1.61127 1.67892 1.98306 2.38999 2.54566 2.60756 2.61627 2.62491 2.66209 2.77657 2.84386 2.85717 
0.168058 0.208135 0.374627 1.11349 1.15485 1.53776 1.58159 1.60155 1.61127 1.67892 1.98306 2.38999 2.54566 2.58674 2.60756 2.61627 2.62491 2.66209 2.77657 2.84386 
0.168058 0.208135 0.269923 0.374627 0.723997 1.11349 1.15485 1.53776 1.58159 1.60155 1.61127 1.67892 1.98306 2.38999 2.54566 2.58674 2.60756 2.61627 2.62491 2.66209 
0.168058 0.208135 0.269923 0.374627 0.723997 1.11349 1.15485 1.53776 1.58159 1.60155 1.61127 1.67892 1.98306 2.38999 2.54566 2.58674 2.60756 2.61627 2.62491 2.66209 
0.168058 0.208135 0.269923 0.374627 0.723997 1.11349 1.15485 1.53776 1.57406 1.58159 1.60155 1.61127 1.67892 1.98306 2.13585 2.38999 2.45058 2.54566 2.58674 2.60756 
0.168058 0.208135 0.269923 0.374627 0.723997 1.11349 1.15485 1.53776 1.57406 1.58159 1.60155 1.61127 1.67892 1.98306 2.13585 2.38999 2.45058 2.54566 2.56692 2.58674 
0.168058 0.208135 0.269923 0.374627 0.723997 1.11349 1.15485 1.53776 1.57406 1.58159 1.60155 1.61127 1.67892 1.98306 2.13585 2.38999 2.45058 2.5202 2.54566 2.56692 
0.168058 0.208135 0.269923 0.374627 0.723997 1.11349 1.15485 1.21221 1.53776 1.57406 1.58159 1.60155 1.61127 1.67892 1.98306 2.13585 2.38999 2.45058 2.5202 2.54566 
0.168058 0.208135 0.269923 0.374627 0.723997 1.11349 1.15485 1.21221 1.53776 1.57406 1.58159 1.60155 1.61127 1.67892 1.98306 2.13585 2.38999 2.41669 2.45058 2.48891 
0.168058 0.208135 0.269923 0.374627 0.723997 1.11349 1.15485 1.18842 1.21221 1.53776 1.57406 1.58159 1.60155 1.61127 1.67892 1.98306 2.13585 2.38999 2.41669 2.45058 
0.168058 0.208135 0.269923 0.374627 0.723997 1.11349 1.15485 1.18842 1.21221 1.53776 1.57406 1.58159 1.60155 1.60268 1.61127 1.67892 1.98306 2.13585 2.38999 2.41669 
0.168058 0.208135 0.269923 0.374627 0.723997 1.11349 1.15485 1.18842 1.21221 1.53776 1.57406 1.58159 1.60155 1.60268 1.61127 1.67892 1.98306 2.13585 2.38999 2.41669 
0.168058 0.208135 0.269923 0.374627 0.723997 1.11349 1.15485 1.18842 1.21221 1.53776 1.57406 1.58159 1.60155 1.60268 1.61127 1.64308 1.67892 1.98306 2.13585 2.28643 
0.168058 0.208135 0.269923 0.374627 0.723997 1.11349 1.15485 1.18842 1.21221 1.53776 1.57406 1.58159 1.60155 1.60268 1.61127 1.64308 1.67892 1.82965 1.98306 2.12243 
0.168058 0.208135 0.269923 0.374627 0.723997 1.11349 1.15485 1.18842 1.21221 1.53776 1.57406 1.58159 1.60155 1.60268 1.61127 1.64308 1.67892 1.82965 1.98306 2.12243 
0.168058 0.208135 0.269923 0.374627 0.723997 1.11349 1.15485 1.18842 1.21221 1.53776 1.57406 1.58159 1.60155 1.60268 1.61127 1.64308 1.67892 1.82965 1.91961 1.98306 
0.168058 0.208135 0.269923 0.374627 0.723997 1.11349 1.15485 1.18842 1.21221 1.53776 1.57406 1.58159 1.60155 1.60268 1.61127 1.64308 1.67892 1.82965 1.91961 1.98306 
0.168058 0.208135 0.269923 0.374627 0.723997 1.11349 1.11899 1.15485 1.18842 1.21221 1.53776 1.57406 1.58159 1.60155 1.60268 1.61127 1.64308 1.67892 1.82965 1.91961 
0.168058 0.208135 0.269923 0.374627 0.723997 1.11349 1.11899 1.15485 1.18842 1.21221 1.53776 1.57406 1.58159 1.60155 1.60268 1.61127 1.64308 1.67892 1.82965 1.91961 
0.168058 0.208135 0.269923 0.374627 0.597694 0.723997 1.11349 1.11899 1.15485 1.18842 1.21221 1.53776 1.57406 1.58159 1.60155 1.60268 1.61127 1.64308 1.67892 1.82965 
0.168058 0.208135 0.269923 0.374627 0.597694 0.723997 1.11349 1.11899 1.15485 1.18842 1.21221 1.48922 1.53776 1.57406 1.58159 1.60155 1.60268 1.61127 1.64308 1.67892 
0.0913187 0.168058 0.208135 0.269923 0.374627 0.597694 0.723997 1.11349 1.11899 1.15485 1.18842 1.21221 1.48922 1.53776 1.57406 1.58159 1.60155 1.60268 1.61127 1.64308 
0.0913187 0.168058 0.208135 0.269923 0.374627 0.597694 0.723997 1.11349 1.11899 1.15485 1.18842 1.21221 1.48922 1.53776 1.57406 1.58159 1.60155 1.60268 1.61127 1.64308 
0.0913187 0.168058 0.208135 0.269923 0.374627 0.597694 0.723997 1.11349 1.11899 1.15485 1.18842 1.21221 1.48922 1.53776 1.57406 1.58159 1.60155 1.60268 1.61127 1.64308 
0.0913187 0.168058 0.208135 0.269923 0.374627 0.597694 0.723997 1.11349 1.11899 1.15485 1.18842 1.21221 1.48922 1.53776 1.57406 1.58159 1.60155 1.60268 1.61127 1.64308 
0.0913187 0.168058 0.208135 0.269923 0.374627 0.597694 0.723997 1.11349 1.11899 1.15485 1.16159 1.18842 1.21221 1.48922 1.53776 1.57406 1.58159 1.60155 1.60268 1.61127 
0.0913187 0.168058 0.208135 0.269923 0.374627 0.597694 0.723997 1.11349 1.11899 1.15485 1.16159 1.18842 1.21221 1.48922 1.53776 1.57406 1.58159 1.60155 1.60268 1.61127 
0.0913187 0.168058 0.208135 0.269923 0.374627 0.597694 0.723997 1.11349 1.11899 1.15485 1.16159 1.18842 1.21221 1.48922 1.53776 1.57406 1.58159 1.60155 1.60268 1.61127 
0.0913187 0.168058 0.208135 0.269923 0.374627 0.597694 0.723997 1.11349 1.11899 1.15485 1.16159 1.18842 1.21221 1.48922 1.53776 1.57406 1.58159 1.60155 1.60268 1.61127 
0.0913187 0.168058 0.208135 0.269923 0.285779 0.374627 0.597694 0.723997 1.11349 1.11899 1.15485 1.16159 1.18842 1.21221 1.48922 1.53776 1.57406 1.58159 1.60155 1.60268 
0.0913187 0.168058 0.208135 0.269923 0.285779 0.374627 0.597694 0.723997 1.11349 1.11899 1.15485 1.16159 1.18842 1.21221 1.48922 1.53776 1.54431 1.57406 1.58159 1.60155 
0.0913187 0.168058 0.208135 0.269923 0.285779 0.374627 0.597694 0.723997 1.11349 1.11899 1.15485 1.16159 1.18842 1.21221 1.48922 1.53776 1.54431 1.57406 1.58159 1.60155 
0.0913187 0.168058 0.208135 0.269923 0.285779 0.374627 0.597694 0.723997 1.11349 1.11899 1.15485 1.16159 1.18351 1.18842 1.21221 1.48922 1.53776 1.54431 1.57406 1.58159 
0.0913187 0.168058 0.208135 0.269923 0.285779 0.374627 0.597694 0.723997 1.11349 1.11899 1.15485 1.16159 1.18351 1.18842 1.21221 1.48922 1.53776 1.54431 1.57406 1.58159 
0.0913187 0.168058 0.208135 0.269923 0.285779 0.374627 0.597694 0.723997 1.11349 1.11899 1.15485 1.16159 1.18351 1.18842 1.21221 1.48922 1.53776 1.54431 1.57406 1.58159 
0.0913187 0.168058 0.208135 0.269923 0.285779 0.374627 0.387441 0.597694 0.723997 1.11349 1.11899 1.15485 1.16159 1.18351 1.18842 1.21221 1.48922 1.53776 1.54431 1.57406 
0.0913187 0.168058 0.208135 0.269923 0.285779 0.374627 0.387441 0.597694 0.723997 1.10186 1.11349 1.11899 1.15485 1.16159 1.18351 1.18842 1.21221 1.48922 1.53776 1.54431 
0.0913187 0.168058 0.208135 0.269923 0.285779 0.374627 0.387441 0.597694 0.723997 1.10186 1.11349 1.11899 1.15485 1.16159 1.18351 1.18842 1.21221 1.48922 1.53776 1.54431 
0.0913187 0.168058 0.208135 0.269923 0.285779 0.374627 0.387441 0.597694 0.723997 1.10186 1.11349 1.11899 1.15485 1.16159 1.18351 1.18842 1.21221 1.48922 1.53776 1.54431 
0.0913187 0.168058 0.208135 0.269923 0.285779 0.374627 0.387441 0.597694 0.723997 1.10186 1.11349 1.11899 1.15485 1.16159 1.18351 1.18842 1.21221 1.48922 1.53776 1.54431 
0.0913187 0.168058 0.208135 0.269923 0.285779 0.374627 0.387441 0.597694 0.723997 1.10186 1.11349 1.11899 1.15485 1.16159 1.18351 1.18842 1.21221 1.48922 1.53776 1.54431 
0.0913187 0.168058 0.208135 0.269923 0.285779 0.374627 0.387441 0.597694 0.723997 1.08591 1.10186 1.11349 1.11899 1.15485 1.16159 1.18351 1.18842 1.21221 1.48922 1.53776 
0.0913187 0.168058 0.208135 0.269923 0.285779 0.374627 0.387441 0.597694 0.723997 1.08591 1.10186 1.11349 1.11899 1.15485 1.16159 1.18351 1.18842 1.21221 1.30166 1.48922 
0.0913187 0.168058 0.208135 0.269923 0.285779 0.374627 0.387441 0.597694 0.723997 1.00018 1.08591 1.10186 1.11349 1.11899 1.12285 1.15485 1.16159 1.18351 1.18842 1.21221 
0.0913187 0.168058 0.208135 0.269923 0.285779 0.374627 0.387441 0.597694 0.723997 1.00018 1.02854 1.08591 1.10186 1.11349 1.11899 1.12285 1.15485 1.16159 1.18351 1.18842 
0.0913187 0.168058 0.208135 0.269923 0.285779 0.374627 0.387441 0.597694 0.723997 1.00018 1.02854 1.08591 1.10186 1.11349 1.11899 1.12285 1.15485 1.16159 1.18351 1.18842 
0.0913187 0.168058 0.208135 0.269923 0.285779 0.374627 0.387441 0.597694 0.723997 1.00018 1.02854 1.08591 1.10186 1.11349 1.11899 1.12285 1.15485 1.16159 1.18351 1.18842 
0.0913187 0.168058 0.208135 0.269923 0.285779 0.374627 0.387441 0.597694 0.723997 1.00018 1.02854 1.08591 1.10186 1.11349 1.11899 1.12285 1.15485 1.16159 1.18351 1.18842 
0.0913187 0.168058 0.208135 0.269923 0.285779 0.374627 0.387441 0.597694 0.723997 1.00018 1.02854 1.08591 1.10186 1.10863 1.11349 1.11899 1.12285 1.15485 1.16159 1.18351 
0.0913187 0.168058 0.208135 0.269923 0.285779 0.374627 0.387441 0.597694 0.723997 1.00018 1.02854 1.08591 1.10186 1.10863 1.11349 1.11899 1.12285 1.15485 1.16159 1.18351 
0.0913187 0.168058 0.208135 0.269923 0.285779 0.374627 0.387441 0.597694 0.723997 0.911919 1.00018 1.02854 1.08591 1.10186 1.10863 1.11349 1.11899 1.12285 1.15485 1.16159 
0.0913187 0.168058 0.208135 0.269923 0.285779 0.374627 0.387441 0.597694 0.723997 0.911919 1.00018 1.02854 1.08591 1.10186 1.10863 1.11349 1.11899 1.12285 1.15485 1.16159 
0.0913187 0.168058 0.208135 0.269923 0.285779 0.374627 0.387441 0.597694 0.723997 0.911919 1.00018 1.02854 1.08591 1.10186 1.10863 1.11349 1.11899 1.12285 1.15485 1.16159 
0.0913187 0.168058 0.208135 0.269923 0.285779 0.374627 0.387441 0.597694 0.723997 0.911919 1.00018 1.02854 1.08591 1.10186 1.10863 1.11349 1.11899 1.12285 1.15485 1.16159 
0.0913187 0.168058 0.208135 0.269923 0.285779 0.374627 0.387441 0.597694 0.723997 0.911919 1.00018 1.02854 1.08591 1.10186 1.10863 1.11349 1.11899 1.12285 1.15485 1.16159 
0.0913187 0.168058 0.208135 0.269923 0.285779 0.374627 0.387441 0.597694 0.723997 0.911919 1.00018 1.02854 1.08591 1.10186 1.10863 1.11349 1.11899 1.12285 1.15485 1.16159 
0.0913187 0.168058 0.208135 0.269923 0.285779 0.374627 0.387441 0.597694 0.723997 0.911919 1.00018 1.02854 1.08591 1.10186 1.10863 1.11349 1.11899 1.12285 1.15485 1.16159 
0.0913187 0.168058 0.208135 0.269923 0.285779 0.374627 0.387441 0.597694 0.723997 0.911919 1.00018 1.02854 1.08591 1.10186 1.10863 1.11349 1.11899 1.12285 1.15485 1.16159 
0.0913187 0.168058 0.208135 0.269923 0.285779 0.374627 0.387441 0.597694 0.708496 0.723997 0.911919 1.00018 1.02854 1.08591 1.10186 1.10863 1.11349 1.11899 1.12285 1.15485 
0.0913187 0.168058 0.208135 0.269923 0.285779 0.374627 0.387441 0.597694 0.690897 0.708496 0.723997 0.911919 1.00018 1.02854 1.08591 1.10186 1.10863 1.11349 1.11899 1.12285 
0.0913187 0.168058 0.208135 0.269923 0.285779 0.374627 0.387441 0.597694 0.633903 0.670664 0.690897 0.708496 0.723997 0.812456 0.892072 0.911919 1.00018 1.02854 1.08591 1.10186 
0.0913187 0.168058 0.208135 0.269923 0.285779 0.374627 0.387441 0.597694 0.603852 0.633903 0.670664 0.690897 0.708496 0.723997 0.812456 0.892072 0.911919 0.935795 1.00018 1.02854 
0.0913187 0.168058 0.208135 0.269923 0.285779 0.374627 0.387441 0.522808 0.597694 0.603852 0.633903 0.670664 0.690897 0.708496 0.723997 0.812456 0.892072 0.911919 0.935795 0.975408 
0.0913187 0.168058 0.208135 0.269923 0.285779 0.374627 0.387441 0.522808 0.597694 0.603852 0.633903 0.670664 0.690897 0.708496 0.723997 0.812456 0.849112 0.892072 0.911919 0.935795 
0.0913187 0.168058 0.208135 0.269923 0.285779 0.374627 0.387441 0.522808 0.597694 0.603852 0.633903 0.670664 0.690897 0.708496 0.723997 0.761118 0.812456 0.849112 0.892072 0.905556 
