1.13229 1.20181 2.28552 3.07442 3.10968 3.84264 4.4235 4.53251 4.579 5.1627 5.35391 5.45504 5.56673 5.72497 5.79833 5.90692 5.94259 5.9656 6.06646 6.23683 
0.89206 1.13229 1.20181 2.28552 3.07442 3.10968 3.47595 3.84264 4.18415 4.4235 4.53251 4.579 5.1627 5.35391 5.42011 5.45504 5.56673 5.72497 5.79833 5.90692 
0.89206 1.13229 1.20181 2.28552 3.07442 3.10968 3.47595 3.84264 4.18415 4.4235 4.53251 4.579 4.60133 4.67647 5.1627 5.35391 5.42011 5.45504 5.56673 5.72497 
0.89206 1.13229 1.20181 2.28552 3.07442 3.10968 3.47595 3.84264 4.18415 4.4235 4.53251 4.579 4.60133 4.67647 5.1627 5.35391 5.42011 5.45504 5.56673 5.72497 
0.89206 1.13229 1.20181 2.28552 3.07442 3.10968 3.47595 3.84264 4.18415 4.4235 4.53251 4.579 4.60133 4.67647 5.1627 5.35391 5.42011 5.45504 5.56673 5.72497 
0.89206 1.13229 1.20181 2.28552 3.07442 3.10968 3.47595 3.62026 3.84264 4.18415 4.4235 4.53251 4.579 4.60133 4.67647 5.1627 5.35391 5.42011 5.45504 5.56673 
0.89206 1.13229 1.20181 2.28552 3.07442 3.10968 3.47595 3.62026 3.84264 4.18415 4.4235 4.53251 4.579 4.60133 4.67647 5.1627 5.35391 5.42011 5.45504 5.56673 
0.89206 1.13229 1.20181 2.28552 3.07442 3.10968 3.47595 3.62026 3.84264 4.11996 4.18415 4.4235 4.53251 4.579 4.60133 4.67647 5.1627 5.35391 5.42011 5.45504 
0.89206 1.13229 1.20181 2.28552 3.07442 3.10968 3.47595 3.62026 3.84264 4.11996 4.18415 4.4235 4.53251 4.579 4.60133 4.67647 5.1627 5.35391 5.42011 5.45504 
0.89206 1.13229 1.20181 2.28552 3.07442 3.10968 3.47595 3.62026 3.84264 4.11996 4.18415 4.4235 4.53251 4.579 4.5985 4.60133 4.67647 5.1627 5.35391 5.42011 
0.89206 1.13229 1.20181 2.28552 3.07442 3.10968 3.47595 3.62026 3.82478 3.84264 4.11996 4.18415 4.4235 4.53251 4.579 4.5985 4.60133 4.67647 5.1627 5.35391 
0.89206 1.13229 1.20181 2.28552 3.07442 3.10968 3.47595 3.62026 3.82478 3.84264 3.85976 4.11996 4.18415 4.4235 4.53251 4.579 4.5985 4.60133 4.67647 5.1627 
0.89206 1.13229 1.20181 2.28552 3.07442 3.10968 3.47595 3.62026 3.82478 3.84264 3.85976 4.05505 4.11124 4.11996 4.18415 4.4235 4.53251 4.579 4.5985 4.60133 
0.89206 1.13229 1.20181 2.28552 3.07442 3.10968 3.47595 3.62026 3.82478 3.84264 3.85976 4.05505 4.11124 4.11996 4.18415 4.4235 4.53251 4.579 4.5985 4.60133 
0.89206 1.13229 1.20181 2.28552 3.07442 3.10968 3.47595 3.62026 3.82478 3.84264 3.85976 4.05505 4.11124 4.11996 4.18415 4.4235 4.53251 4.579 4.5985 4.60133 
0.89206 1.13229 1.20181 2.28552 3.07442 3.07576 3.10968 3.47595 3.62026 3.82478 3.84264 3.85976 4.05505 4.11124 4.11996 4.18415 4.4235 4.53251 4.5762 4.579 
0.89206 1.13229 1.20181 2.28552 3.07442 3.07576 3.10968 3.47595 3.62026 3.82478 3.84264 3.85976 4.05505 4.11124 4.11996 4.18415 4.4235 4.53251 4.5762 4.579 
0.89206 1.13229 1.20181 2.28552 3.07442 3.07576 3.10968 3.47595 3.62026 3.82478 3.84264 3.85976 4.05505 4.11124 4.11996 4.18415 4.4235 4.53251 4.5762 4.579 
0.89206 1.13229 1.20181 2.28552 3.07442 3.07576 3.10968 3.47595 3.62026 3.82478 3.84264 3.85976 4.05505 4.11124 4.11996 4.18415 4.4235 4.53251 4.57121 4.5762 
0.89206 1.13229 1.20181 2.28552 3.07442 3.07576 3.10968 3.47595 3.62026 3.82478 3.84264 3.85976 4.05505 4.11124 4.11996 4.18415 4.4235 4.53251 4.57121 4.5762 
0.89206 1.13229 1.20181 2.28552 3.07442 3.07576 3.10968 3.47595 3.62026 3.82478 3.84264 3.85976 4.05505 4.11124 4.11996 4.18415 4.4235 4.53251 4.57121 4.5762 
0.89206 1.13229 1.20181 2.28552 3.07442 3.07576 3.10968 3.47595 3.62026 3.82478 3.84264 3.85976 4.05505 4.11124 4.11996 4.18415 4.4235 4.53251 4.56773 4.57121 
0.89206 1.13229 1.20181 2.28552 3.07442 3.07576 3.10968 3.47595 3.62026 3.82478 3.84264 3.85976 4.05505 4.11124 4.11996 4.18415 4.4235 4.53251 4.56773 4.57121 
0.89206 1.13229 1.17411 1.20181 2.28552 2.91078 3.07442 3.07576 3.10968 3.47595 3.62026 3.82478 3.84264 3.85976 4.01016 4.05505 4.11124 4.11996 4.18415 4.42077 
0.89206 1.13229 1.17411 1.20181 1.77462 2.28552 2.91078 3.07442 3.07576 3.10968 3.47595 3.62026 3.82478 3.84264 3.85976 4.01016 4.05505 4.06233 4.09826 4.11124 
0.89206 1.13229 1.17411 1.20181 1.77462 2.28552 2.91078 3.07442 3.07576 3.10968 3.25461 3.47595 3.62026 3.82478 3.84264 3.85976 4.01016 4.05505 4.06233 4.09826 
0.89206 1.13229 1.17411 1.20181 1.77462 2.28552 2.91078 3.07442 3.07576 3.10968 3.25461 3.25491 3.47595 3.62026 3.82478 3.84264 3.85976 3.8933 4.01016 4.05505 
0.89206 1.13229 1.17411 1.20181 1.77462 2.28552 2.33652 2.69961 2.91078 3.07442 3.07576 3.10968 3.14983 3.25461 3.25491 3.35867 3.47595 3.62026 3.82478 3.84264 
0.89206 1.13229 1.17411 1.20181 1.77462 2.28552 2.33652 2.69961 2.91078 3.07442 3.07576 3.10968 3.14983 3.25461 3.25491 3.35867 3.47595 3.62026 3.82478 3.84264 
0.633758 0.89206 1.13229 1.17411 1.20181 1.77462 2.28552 2.33652 2.69961 2.91078 3.07442 3.07576 3.10968 3.14983 3.24291 3.25461 3.25491 3.35867 3.47595 3.62026 
0.633758 0.89206 1.13229 1.17411 1.20181 1.77462 2.28552 2.33652 2.69961 2.91078 3.07442 3.07576 3.10968 3.14983 3.24291 3.25461 3.25491 3.35867 3.38234 3.47595 
0.633758 0.89206 1.13229 1.17411 1.20181 1.77462 2.28552 2.33652 2.69961 2.91078 2.95223 3.07442 3.07576 3.10968 3.14983 3.20049 3.24291 3.25461 3.25491 3.35867 
0.633758 0.89206 1.13229 1.17411 1.20181 1.73601 1.77462 2.28552 2.33652 2.69961 2.77557 2.91078 2.95223 3.07442 3.07576 3.10968 3.14983 3.20049 3.24291 3.25461 
0.633758 0.89206 1.13229 1.17411 1.20181 1.73601 1.77462 2.28552 2.33652 2.59812 2.69961 2.77557 2.91078 2.95223 3.07442 3.07576 3.10968 3.14983 3.20049 3.24291 
0.633758 0.89206 1.13229 1.17411 1.20181 1.73601 1.77462 2.24142 2.28552 2.33652 2.59812 2.69961 2.77557 2.91078 2.95223 3.07442 3.07576 3.10968 3.14983 3.20049 
0.633758 0.89206 1.13229 1.17411 1.20181 1.73601 1.77462 2.24142 2.28552 2.33652 2.59812 2.69961 2.77557 2.91078 2.95223 3.07442 3.07576 3.10968 3.14983 3.20049 
0.0547929 0.633758 0.89206 1.13229 1.17411 1.20181 1.73601 1.77462 2.24142 2.28552 2.33652 2.59812 2.69961 2.77557 2.91078 2.95223 3.07442 3.07576 3.10968 3.14983 
0.0547929 0.633758 0.89206 1.13229 1.17411 1.20181 1.73601 1.77462 2.24142 2.28552 2.33652 2.59812 2.69961 2.77557 2.91078 2.95223 3.07442 3.07576 3.10968 3.14983 
0.0547929 0.633758 0.89206 1.13229 1.17411 1.20181 1.73601 1.77462 2.24142 2.28552 2.33652 2.59812 2.69961 2.77557 2.91078 2.95223 3.07442 3.07576 3.10968 3.14983 
0.0547929 0.633758 0.89206 1.13229 1.17411 1.20181 1.73601 1.77462 2.24142 2.28552 2.33652 2.59812 2.69961 2.77557 2.91078 2.95223 2.97008 3.07442 3.07576 3.10968 
0.0547929 0.633758 0.729704 0.89206 1.13229 1.17411 1.20181 1.73601 1.77462 2.24142 2.28552 2.33652 2.59812 2.69961 2.77557 2.91078 2.95223 2.97008 3.07442 3.07576 
0.0547929 0.633758 0.729704 0.89206 1.02422 1.13229 1.17411 1.20181 1.73601 1.77462 2.24142 2.28552 2.33652 2.59812 2.69961 2.77557 2.91078 2.95223 2.97008 3.07442 
0.0547929 0.633758 0.729704 0.89206 1.02422 1.13229 1.17411 1.20181 1.73601 1.77462 2.24142 2.28552 2.33652 2.59812 2.69961 2.7551 2.77557 2.91078 2.95223 2.97008 
0.0547929 0.633758 0.729704 0.89206 1.02422 1.02487 1.13229 1.17411 1.1752 1.20181 1.73601 1.77462 2.24142 2.28552 2.32501 2.33652 2.38978 2.59812 2.69961 2.7551 
0.0547929 0.633758 0.729704 0.89206 1.02422 1.02487 1.13229 1.17411 1.1752 1.20181 1.73601 1.77462 2.24142 2.28552 2.32501 2.33652 2.38978 2.59812 2.69961 2.7551 
0.0547929 0.633758 0.729704 0.89206 1.02422 1.02487 1.13229 1.17411 1.1752 1.20181 1.52864 1.73601 1.77462 2.24142 2.28552 2.31685 2.32501 2.33652 2.38978 2.59812 
0.0547929 0.633758 0.729704 0.89206 1.02422 1.02487 1.13229 1.17411 1.1752 1.20181 1.52864 1.73601 1.77462 2.24142 2.28552 2.31685 2.32501 2.33652 2.3541 2.38978 
0.0547929 0.34209 0.633758 0.729704 0.89206 1.02422 1.02487 1.13229 1.17411 1.1752 1.20181 1.52864 1.73601 1.77462 2.24142 2.28552 2.31685 2.32501 2.33652 2.3541 
0.0547929 0.34209 0.633758 0.729704 0.89206 1.02422 1.02487 1.13229 1.17411 1.1752 1.20181 1.45009 1.52864 1.73601 1.77462 2.24142 2.28552 2.31685 2.32501 2.33652 
0.0547929 0.34209 0.633758 0.729704 0.89206 1.02422 1.02487 1.13229 1.17411 1.1752 1.20181 1.45009 1.52864 1.73601 1.77462 2.24142 2.28552 2.31685 2.32501 2.33652 
0.0547929 0.34209 0.633758 0.729704 0.89206 1.02422 1.02487 1.13229 1.17411 1.1752 1.20181 1.45009 1.52864 1.73601 1.77462 2.24142 2.28552 2.31685 2.32501 2.33652 
0.0547929 0.34209 0.633758 0.729704 0.89206 1.02422 1.02487 1.13229 1.17411 1.1752 1.20181 1.45009 1.52864 1.73601 1.77462 2.1559 2.24142 2.28552 2.31685 2.32501 
0.0547929 0.34209 0.633758 0.729704 0.758695 0.89206 1.02422 1.02487 1.13229 1.17411 1.1752 1.20181 1.25521 1.45009 1.52864 1.73601 1.77462 2.08972 2.1559 2.24142 
0.0547929 0.34209 0.633758 0.729704 0.758695 0.89206 0.9704 1.02422 1.02487 1.13229 1.17411 1.1752 1.20181 1.25521 1.45009 1.52864 1.73601 1.77462 2.08972 2.1559 
0.0547929 0.34209 0.349035 0.633758 0.729704 0.758695 0.89206 0.9704 1.02422 1.02487 1.13229 1.17411 1.1752 1.20181 1.25521 1.45009 1.52864 1.73601 1.77462 2.08972 
0.0547929 0.34209 0.349035 0.633758 0.729704 0.758695 0.89206 0.9704 1.02422 1.02487 1.13229 1.17411 1.1752 1.20181 1.25521 1.45009 1.52864 1.73601 1.77462 2.08972 
0.0547929 0.34209 0.349035 0.633758 0.729704 0.758695 0.89206 0.9704 1.02422 1.02487 1.13229 1.17411 1.1752 1.20181 1.25521 1.45009 1.52864 1.73601 1.77462 2.08972 
0.0547929 0.34209 0.349035 0.633758 0.729704 0.758695 0.89206 0.9704 1.02422 1.02487 1.06267 1.13229 1.17411 1.1752 1.20181 1.25521 1.36825 1.45009 1.52864 1.73601 
0.0547929 0.34209 0.349035 0.633758 0.729704 0.758695 0.848584 0.89206 0.9704 1.02422 1.02487 1.06267 1.13229 1.17411 1.1752 1.20181 1.21565 1.25521 1.36825 1.45009 
0.0547929 0.34209 0.349035 0.633758 0.729704 0.758695 0.848584 0.89206 0.9704 1.02422 1.02487 1.06267 1.13229 1.17411 1.1752 1.20181 1.21565 1.25521 1.33333 1.36825 
0.0547929 0.34209 0.349035 0.633758 0.729704 0.758695 0.848584 0.89206 0.9704 1.02422 1.02487 1.06267 1.13229 1.17411 1.1752 1.20181 1.21565 1.25521 1.33333 1.36825 
0.0547929 0.34209 0.349035 0.633758 0.729704 0.758695 0.848584 0.89206 0.9704 1.02422 1.02487 1.06267 1.13229 1.15183 1.17411 1.1752 1.20181 1.21565 1.25521 1.33333 
0.0547929 0.34209 0.349035 0.575127 0.633758 0.729704 0.758695 0.848584 0.89206 0.9704 1.02422 1.02487 1.06267 1.13229 1.15183 1.17411 1.1752 1.20181 1.21565 1.25521 
0.0547929 0.34209 0.349035 0.575127 0.606017 0.633758 0.657318 0.729704 0.758695 0.848584 0.89206 0.9704 1.00285 1.02422 1.02487 1.06267 1.11421 1.13229 1.15183 1.17411 
0.0547929 0.175048 0.34209 0.349035 0.575127 0.606017 0.633758 0.657318 0.729704 0.758695 0.848584 0.89206 0.9704 0.981234 1.00285 1.02422 1.02487 1.06267 1.11421 1.13229 
0.0547929 0.175048 0.34209 0.349035 0.575127 0.606017 0.633758 0.657318 0.726791 0.729704 0.758695 0.848584 0.89206 0.9704 0.981234 1.00285 1.02422 1.02487 1.06267 1.11421 
0.0547929 0.175048 0.34209 0.349035 0.44855 0.575127 0.606017 0.633758 0.657318 0.726791 0.729704 0.758695 0.766454 0.848584 0.89206 0.9704 0.981234 1.00285 1.02422 1.02487 
0.0547929 0.175048 0.34209 0.348589 0.349035 0.44855 0.575127 0.606017 0.633758 0.657318 0.726791 0.729704 0.758695 0.766454 0.848584 0.89206 0.9704 0.981234 1.00285 1.02422 
0.0547929 0.175048 0.34209 0.348589 0.349035 0.44855 0.575127 0.606017 0.633758 0.657318 0.726791 0.729704 0.758695 0.766454 0.848584 0.89206 0.9704 0.981234 1.00285 1.02422 
0.0547929 0.175048 0.34209 0.348589 0.349035 0.44855 0.575127 0.606017 0.633758 0.657318 0.726791 0.729704 0.758695 0.766454 0.848584 0.89206 0.9704 0.981234 1.00285 1.02422 
0.0547929 0.175048 0.34209 0.348589 0.349035 0.44855 0.575127 0.606017 0.633758 0.657318 0.726791 0.729704 0.758695 0.766454 0.848584 0.89206 0.9704 0.981234 1.00285 1.02422 
0.0547929 0.175048 0.34209 0.348589 0.349035 0.44855 0.575127 0.606017 0.633758 0.657318 0.726791 0.729704 0.758695 0.766454 0.848584 0.89206 0.9704 0.981234 1.00285 1.02422 
0.0547929 0.175048 0.34209 0.348589 0.349035 0.44855 0.575127 0.606017 0.633758 0.657318 0.726791 0.729704 0.758695 0.766454 0.848584 0.89206 0.9704 0.981234 1.00285 1.02422 
0.0547929 0.175048 0.34209 0.348589 0.349035 0.44855 0.575127 0.606017 0.633758 0.657318 0.726791 0.729704 0.758695 0.766454 0.848584 0.89206 0.9704 0.981234 1.00285 1.02422 
0.0547929 0.175048 0.34209 0.348589 0.349035 0.44855 0.575127 0.606017 0.633758 0.657318 0.726791 0.729704 0.758695 0.766454 0.848584 0.89206 0.9704 0.981234 1.00285 1.02422 
0.0547929 0.175048 0.34209 0.348589 0.349035 0.44855 0.575127 0.606017 0.633758 0.657318 0.726791 0.729704 0.758695 0.766454 0.848584 0.89206 0.9704 0.981234 1.00285 1.02422 
0.0547929 0.175048 0.34209 0.348589 0.349035 0.44855 0.575127 0.606017 0.633758 0.657318 0.726791 0.729704 0.758695 0.766454 0.848584 0.89206 0.9704 0.981234 1.00285 1.02422 
0.0547929 0.175048 0.34209 0.348589 0.349035 0.44855 0.575127 0.606017 0.633758 0.657318 0.726791 0.729704 0.758695 0.766454 0.848584 0.89206 0.9704 0.981234 1.00285 1.02422 
0.0547929 0.175048 0.34209 0.348589 0.349035 0.44855 0.575127 0.606017 0.633758 0.657318 0.726791 0.729704 0.758695 0.766454 0.848584 0.89206 0.9704 0.981234 1.00285 1.02422 
0.0547929 0.175048 0.34209 0.348589 0.349035 0.44855 0.575127 0.606017 0.633758 0.657318 0.726791 0.729704 0.758695 0.766454 0.848584 0.89206 0.9704 0.981234 1.00285 1.00798 
0.0547929 0.175048 0.34209 0.348589 0.349035 0.44855 0.575127 0.606017 0.633758 0.657318 0.726791 0.729704 0.758695 0.766454 0.848584 0.89206 0.9704 0.981234 1.00285 1.00798 
0.0547929 0.175048 0.34209 0.348589 0.349035 0.44855 0.575127 0.606017 0.633758 0.657318 0.726791 0.729704 0.758695 0.766454 0.848584 0.89206 0.9704 0.981234 1.00285 1.00798 
0.0547929 0.127471 0.175048 0.34209 0.348589 0.349035 0.44855 0.575127 0.606017 0.633758 0.657318 0.726791 0.729704 0.758695 0.766454 0.848584 0.89206 0.9704 0.981234 1.00285 
0.0547929 0.127471 0.175048 0.34209 0.348589 0.349035 0.44855 0.575127 0.606017 0.633758 0.657318 0.726791 0.729704 0.758695 0.766454 0.848584 0.890318 0.89206 0.9704 0.981234 
0.0547929 0.127471 0.175048 0.34209 0.348589 0.349035 0.44855 0.575127 0.606017 0.633758 0.657318 0.726791 0.729704 0.758695 0.766454 0.848584 0.890318 0.89206 0.9704 0.981234 
0.0547929 0.127471 0.175048 0.34209 0.348589 0.349035 0.44855 0.575127 0.606017 0.633758 0.657318 0.726791 0.729704 0.758695 0.766454 0.848584 0.890318 0.89206 0.9704 0.981234 
0.0547929 0.127471 0.175048 0.34209 0.348589 0.349035 0.44855 0.575127 0.606017 0.633758 0.657318 0.726791 0.729704 0.758695 0.766454 0.848584 0.890318 0.89206 0.9704 0.981234 
0.0547929 0.127471 0.175048 0.34209 0.348589 0.349035 0.44855 0.575127 0.606017 0.633758 0.657318 0.726791 0.729704 0.758695 0.766454 0.848584 0.890318 0.89206 0.9704 0.981234 
0.0547929 0.127471 0.175048 0.34209 0.348589 0.349035 0.44855 0.575127 0.606017 0.633758 0.657318 0.726791 0.729704 0.758695 0.766454 0.848584 0.890318 0.89206 0.9704 0.981234 
0.0547929 0.127471 0.175048 0.34209 0.348589 0.349035 0.44855 0.575127 0.606017 0.606883 0.633758 0.657318 0.726791 0.729704 0.758695 0.766454 0.848584 0.890318 0.89206 0.9704 
0.0547929 0.127471 0.175048 0.34209 0.348589 0.349035 0.44855 0.575127 0.606017 0.606883 0.633758 0.657318 0.726791 0.729704 0.758695 0.766454 0.848584 0.890318 0.89206 0.967625 
0.0547929 0.127471 0.175048 0.34209 0.348589 0.349035 0.44855 0.575127 0.606017 0.606883 0.633758 0.657318 0.676565 0.709981 0.726791 0.729704 0.758695 0.766454 0.798903 0.848584 
0.0547929 0.127471 0.175048 0.34209 0.348589 0.349035 0.44855 0.575127 0.606017 0.606883 0.633758 0.657318 0.676565 0.709981 0.726791 0.729704 0.758695 0.766454 0.798903 0.848584 
0.0547929 0.127471 0.175048 0.34209 0.348589 0.349035 0.44855 0.575127 0.606017 0.606883 0.633758 0.657318 0.676565 0.709981 0.726791 0.729704 0.758695 0.766454 0.789325 0.798812 
0.0547929 0.127471 0.175048 0.34209 0.348589 0.349035 0.44855 0.575127 0.606017 0.606883 0.633758 0.654035 0.657318 0.676565 0.709981 0.726791 0.729704 0.758695 0.766454 0.768266 
0.0547929 0.127471 0.175048 0.34209 0.348589 0.349035 0.44855 0.536717 0.575127 0.606017 0.606883 0.633758 0.654035 0.657318 0.676565 0.709981 0.726791 0.729704 0.758695 0.766454 
0.0547929 0.127471 0.175048 0.34209 0.348589 0.349035 0.44855 0.536717 0.575127 0.606017 0.606883 0.633758 0.654035 0.657318 0.676565 0.699966 0.709981 0.726791 0.729704 0.758695 
0.0547929 0.127471 0.175048 0.34209 0.348589 0.349035 0.44855 0.536717 0.575127 0.606017 0.606883 0.633758 0.64511 0.654035 0.657318 0.676565 0.699966 0.709981 0.722444 0.726791 
0.0547929 0.127471 0.175048 0.34209 0.348589 0.349035 0.44855 0.536717 0.549297 0.575127 0.606017 0.606883 0.610759 0.633758 0.64511 0.654035 0.657318 0.676565 0.699966 0.709981 
0.0547929 0.127471 0.175048 0.34209 0.348589 0.349035 0.430314 0.44855 0.50235 0.536717 0.549297 0.575127 0.606017 0.606883 0.610759 0.633758 0.64511 0.654035 0.657318 0.676565 
