3.40765 3.5009 3.67108 3.95621 4.19554 4.38889 4.61166 4.6218 4.90702 4.91578 5.6467 5.72081 5.88029 5.95617 6.186 6.22931 6.24062 6.30711 6.32341 6.32707 
3.40765 3.48499 3.5009 3.67108 3.79915 3.95621 4.12898 4.19554 4.21083 4.38889 4.41979 4.49042 4.49651 4.61166 4.6218 4.90702 4.91578 5.08781 5.6467 5.72081 
3.01749 3.40765 3.48499 3.5009 3.67108 3.79915 3.95621 4.12898 4.19554 4.20293 4.21083 4.38889 4.41979 4.44315 4.49042 4.49651 4.61166 4.6218 4.90702 4.91578 
3.01749 3.40765 3.48499 3.5009 3.67108 3.79915 3.95621 4.12898 4.19554 4.20293 4.21083 4.22115 4.32538 4.38126 4.38889 4.41979 4.42245 4.44315 4.49042 4.49651 
2.35601 3.01749 3.03176 3.22866 3.26635 3.32239 3.40765 3.48499 3.5009 3.67108 3.79915 3.90605 3.95621 3.95695 4.12898 4.19554 4.20293 4.21083 4.22115 4.32538 
0.101511 2.35601 2.9765 3.0096 3.01749 3.03176 3.15874 3.22866 3.26635 3.32239 3.40765 3.48499 3.5009 3.67108 3.79915 3.88448 3.90605 3.95621 3.95695 4.12898 
0.101511 1.73146 2.35601 2.9765 3.0096 3.01749 3.03176 3.15874 3.22866 3.26635 3.32239 3.40765 3.48499 3.5009 3.64015 3.67108 3.79915 3.88448 3.90605 3.95621 
0.101511 1.73146 2.35601 2.9765 3.0096 3.01749 3.03176 3.15874 3.22866 3.26635 3.32239 3.40765 3.48499 3.5009 3.64015 3.65661 3.67108 3.79915 3.88448 3.90605 
0.101511 1.73146 2.35601 2.9765 3.0096 3.01749 3.03176 3.15874 3.22866 3.26635 3.32239 3.40765 3.42004 3.48499 3.5009 3.64015 3.65661 3.67108 3.79915 3.88448 
0.101511 1.73146 2.0609 2.35601 2.9765 3.0096 3.01749 3.03176 3.15874 3.20938 3.22866 3.26635 3.32239 3.40765 3.42004 3.48499 3.5009 3.64015 3.65661 3.67108 
0.101511 1.73146 2.0609 2.35601 2.59116 2.62203 2.88287 2.9765 3.0096 3.01749 3.03176 3.15874 3.20938 3.22866 3.26635 3.32239 3.40765 3.42004 3.48499 3.5009 
0.101511 1.73146 2.0609 2.35601 2.59116 2.62203 2.88287 2.91155 2.9765 3.0096 3.01749 3.03176 3.05203 3.05555 3.15874 3.20938 3.22866 3.26635 3.29981 3.32239 
0.101511 0.246277 1.73146 2.0609 2.35601 2.59116 2.62203 2.88287 2.91155 2.97158 2.9765 3.0096 3.01749 3.03176 3.05203 3.05555 3.0632 3.15874 3.20938 3.22866 
0.101511 0.246277 1.73146 1.90275 2.0609 2.2113 2.35601 2.59116 2.62203 2.88287 2.91155 2.97158 2.9765 2.99434 3.0096 3.01749 3.03176 3.05203 3.05555 3.0632 
0.101511 0.246277 1.73146 1.90275 2.0609 2.2113 2.35601 2.59116 2.62203 2.88287 2.91155 2.97158 2.9765 2.99434 3.0096 3.01749 3.03176 3.04725 3.05203 3.05555 
0.101511 0.246277 1.73146 1.90275 2.0609 2.2113 2.35601 2.59116 2.62203 2.7273 2.80912 2.88287 2.91155 2.93446 2.97158 2.9765 2.99434 3.0096 3.01749 3.03176 
0.101511 0.246277 0.726927 1.73146 1.90275 2.0609 2.2113 2.35601 2.59116 2.62203 2.7273 2.80912 2.84223 2.88287 2.91155 2.93446 2.97158 2.9765 2.99434 3.0096 
0.101511 0.246277 0.726927 1.73146 1.90275 2.0609 2.2113 2.35601 2.59116 2.62203 2.7273 2.80912 2.84223 2.88287 2.91155 2.93446 2.97158 2.9765 2.99434 3.0096 
0.101511 0.246277 0.726927 1.73146 1.90275 2.0609 2.07165 2.2113 2.35601 2.59116 2.62203 2.7273 2.80912 2.84223 2.88287 2.91155 2.93446 2.97158 2.9765 2.99434 
0.101511 0.246277 0.726927 1.35968 1.41817 1.73146 1.90275 2.0609 2.07165 2.2113 2.34873 2.35601 2.59116 2.62203 2.7273 2.80912 2.84223 2.88287 2.89874 2.91155 
0.101511 0.246277 0.726927 1.35968 1.41817 1.73146 1.90275 2.0609 2.07165 2.2113 2.33669 2.34873 2.35601 2.40609 2.59116 2.62203 2.62929 2.7273 2.77837 2.80912 
0.101511 0.246277 0.726927 1.1872 1.35968 1.41817 1.73146 1.90275 2.0609 2.07165 2.2113 2.27163 2.33669 2.34873 2.35601 2.40609 2.59116 2.60229 2.62203 2.62929 
0.101511 0.246277 0.726927 1.1872 1.35968 1.36072 1.41817 1.73146 1.90275 2.0609 2.07165 2.2113 2.27163 2.33669 2.34873 2.35601 2.40609 2.59116 2.60229 2.62203 
0.101511 0.246277 0.726927 1.1872 1.35968 1.36072 1.41817 1.73146 1.90275 2.0609 2.07165 2.2113 2.27163 2.33669 2.34873 2.35601 2.40609 2.59116 2.60229 2.62203 
0.101511 0.246277 0.726927 0.727451 0.775502 0.805187 1.1872 1.35968 1.36072 1.41817 1.73146 1.90275 2.0609 2.07165 2.13782 2.2113 2.27163 2.33669 2.34873 2.35601 
0.101511 0.246277 0.726927 0.727451 0.775502 0.805187 1.17133 1.1872 1.35968 1.36072 1.41817 1.73146 1.75952 1.90275 2.0609 2.07165 2.08543 2.13782 2.2113 2.27163 
0.101511 0.246277 0.726927 0.727451 0.775502 0.805187 1.17133 1.1872 1.35968 1.36072 1.41817 1.73146 1.73667 1.75952 1.90275 2.0609 2.07165 2.08543 2.13782 2.2113 
0.101511 0.246277 0.726927 0.727451 0.775502 0.805187 0.890613 1.17133 1.1872 1.35968 1.36072 1.41817 1.54835 1.73146 1.73667 1.75952 1.90275 2.0609 2.07165 2.08543 
0.101511 0.246277 0.693254 0.726927 0.727451 0.775502 0.805187 0.890613 1.17133 1.1872 1.35968 1.36072 1.41817 1.54835 1.73146 1.73667 1.75952 1.90275 2.0609 2.07165 
0.101511 0.246277 0.693254 0.726927 0.727451 0.775502 0.805187 0.890613 0.892659 1.17133 1.1872 1.35968 1.36072 1.41817 1.54835 1.73146 1.73667 1.75952 1.90275 2.0609 
0.101511 0.246277 0.435633 0.457393 0.537256 0.693254 0.726927 0.727451 0.775502 0.805187 0.890613 0.892659 1.17133 1.1872 1.35968 1.36072 1.41817 1.54835 1.73146 1.73667 
0.101511 0.246277 0.435633 0.457393 0.537256 0.693254 0.726927 0.727451 0.775502 0.805187 0.890613 0.892659 1.17133 1.1872 1.35968 1.36072 1.41817 1.54835 1.73146 1.73667 
0.101511 0.246277 0.435633 0.457393 0.537256 0.693254 0.726927 0.727451 0.775502 0.805187 0.890613 0.892659 1.17133 1.1872 1.20884 1.35968 1.36072 1.41817 1.54835 1.73146 
0.101511 0.246277 0.271681 0.435633 0.457393 0.537256 0.693254 0.726927 0.727451 0.775502 0.805187 0.890613 0.892659 1.17133 1.1872 1.20884 1.35968 1.36072 1.41817 1.54835 
0.101511 0.246277 0.271681 0.435633 0.457393 0.521633 0.537256 0.693254 0.726927 0.727451 0.775502 0.805187 0.890613 0.892659 1.17133 1.1872 1.1929 1.20884 1.35968 1.36072 
0.101511 0.246277 0.271681 0.434895 0.435633 0.457393 0.521633 0.537256 0.693254 0.726927 0.727451 0.775502 0.805187 0.890613 0.892659 1.17133 1.1872 1.1929 1.20884 1.35968 
0.101511 0.246277 0.271681 0.434895 0.435633 0.457393 0.521633 0.537256 0.693254 0.726927 0.727451 0.775502 0.805187 0.890613 0.892659 0.928999 1.17133 1.1872 1.1929 1.20884 
0.101511 0.246277 0.253671 0.271681 0.434895 0.435633 0.457393 0.521633 0.537256 0.693254 0.726927 0.727451 0.775502 0.805187 0.890613 0.892659 0.928999 1.17133 1.1872 1.1929 
0.101511 0.110321 0.246277 0.253671 0.271681 0.434895 0.435633 0.457393 0.521633 0.537256 0.546582 0.693254 0.726927 0.727451 0.775502 0.805187 0.890613 0.892659 0.928999 1.17133 
0.101511 0.110321 0.246277 0.253671 0.271681 0.353291 0.434309 0.434895 0.435633 0.457393 0.521633 0.537256 0.546582 0.693254 0.726927 0.727451 0.775502 0.805187 0.890613 0.892659 
0.017554 0.101511 0.110321 0.246277 0.253671 0.271681 0.353291 0.434309 0.434895 0.435633 0.457393 0.521633 0.537256 0.546582 0.693254 0.726927 0.727451 0.775502 0.792263 0.805187 
0.017554 0.101511 0.110321 0.246277 0.253671 0.271681 0.353291 0.434309 0.434895 0.435633 0.457393 0.521633 0.537256 0.546582 0.693254 0.726927 0.727451 0.775502 0.792263 0.805187 
0.017554 0.101511 0.110321 0.246277 0.253671 0.271681 0.296335 0.353291 0.434309 0.434895 0.435633 0.457393 0.521633 0.537256 0.546582 0.561348 0.693254 0.726927 0.727451 0.775502 
0.017554 0.101511 0.110321 0.246277 0.253671 0.271681 0.296335 0.353291 0.434309 0.434895 0.435633 0.457393 0.467197 0.521633 0.537256 0.546582 0.561348 0.693254 0.726927 0.727451 
0.017554 0.101511 0.110321 0.246277 0.253671 0.271681 0.296335 0.353291 0.434309 0.434895 0.435633 0.457393 0.467197 0.521633 0.537256 0.546582 0.561348 0.693254 0.726927 0.727451 
0.017554 0.101511 0.110321 0.246277 0.253671 0.271681 0.296335 0.298831 0.353291 0.434309 0.434895 0.435633 0.457393 0.467197 0.521633 0.537256 0.546582 0.561348 0.693254 0.726927 
0.017554 0.101511 0.110321 0.246277 0.253671 0.271681 0.296335 0.298831 0.353291 0.434309 0.434895 0.435633 0.457393 0.467197 0.521633 0.537256 0.546582 0.561348 0.693254 0.726927 
0.017554 0.101511 0.110321 0.246277 0.253671 0.271407 0.271681 0.296335 0.298831 0.353291 0.434309 0.434895 0.435633 0.447627 0.457393 0.467197 0.521633 0.537256 0.546582 0.561348 
0.017554 0.101511 0.110321 0.158775 0.246277 0.253671 0.271407 0.271681 0.296335 0.298831 0.353291 0.434309 0.434895 0.435633 0.447627 0.457393 0.467197 0.521633 0.537256 0.546582 
0.017554 0.101511 0.110321 0.157653 0.158775 0.246277 0.253671 0.271407 0.271681 0.284418 0.296335 0.298831 0.353291 0.434309 0.434895 0.435633 0.447627 0.457393 0.467197 0.521633 
0.017554 0.0326025 0.101511 0.110321 0.157653 0.158775 0.246277 0.253671 0.271407 0.271681 0.284418 0.296335 0.298831 0.353291 0.434309 0.434895 0.435633 0.447627 0.457393 0.467197 
0.017554 0.0326025 0.101511 0.110321 0.157653 0.158775 0.246277 0.253671 0.271407 0.271681 0.284418 0.296335 0.298831 0.353291 0.434309 0.434895 0.435633 0.447627 0.457393 0.467197 
0.017554 0.0326025 0.101511 0.110321 0.157653 0.158775 0.246277 0.253671 0.271407 0.271681 0.284418 0.296335 0.298831 0.353291 0.434309 0.434895 0.435633 0.447627 0.457393 0.467197 
0.017554 0.0326025 0.101511 0.110321 0.157653 0.158775 0.246277 0.253671 0.271407 0.271681 0.284418 0.296335 0.298831 0.306197 0.353291 0.384511 0.434309 0.434895 0.435633 0.447627 
0.017554 0.0326025 0.101511 0.110321 0.157653 0.158775 0.246277 0.253671 0.271407 0.271681 0.284418 0.296335 0.298831 0.306197 0.353291 0.384511 0.434309 0.434895 0.435633 0.447627 
0.017554 0.0326025 0.101511 0.110321 0.157653 0.158775 0.246277 0.253671 0.271407 0.271681 0.284418 0.296335 0.298831 0.306197 0.353291 0.384511 0.434309 0.434895 0.435633 0.447627 
0.017554 0.0326025 0.101511 0.110321 0.157653 0.158775 0.246277 0.253671 0.271407 0.271681 0.284418 0.296335 0.298831 0.306197 0.328459 0.353291 0.384511 0.415391 0.434309 0.434895 
0.017554 0.0326025 0.101511 0.110321 0.157653 0.158775 0.246277 0.253671 0.271407 0.271681 0.284418 0.296335 0.298831 0.306197 0.328459 0.353291 0.384511 0.415391 0.434309 0.434895 
0.017554 0.0326025 0.101511 0.110321 0.157653 0.158775 0.246277 0.253671 0.268887 0.271407 0.271681 0.284418 0.296335 0.298831 0.306197 0.328459 0.353291 0.380114 0.384511 0.415391 
0.017554 0.0326025 0.101511 0.110321 0.157653 0.158775 0.210565 0.229794 0.246277 0.253671 0.268887 0.271407 0.271681 0.284418 0.296335 0.298831 0.306197 0.328459 0.353291 0.380114 
0.017554 0.0326025 0.101511 0.110321 0.157653 0.158775 0.210565 0.213038 0.229794 0.246277 0.253671 0.268887 0.271407 0.271681 0.284418 0.296335 0.298831 0.306197 0.328459 0.353291 
0.017554 0.0326025 0.0400554 0.101511 0.110321 0.157653 0.158775 0.210565 0.213038 0.229794 0.246277 0.253671 0.268887 0.271407 0.271681 0.284418 0.296335 0.298831 0.306197 0.328459 
0.017554 0.0326025 0.0400554 0.101511 0.110321 0.157653 0.158775 0.210565 0.213038 0.229794 0.246277 0.253671 0.268887 0.271407 0.271681 0.284418 0.296335 0.298831 0.306197 0.315551 
0.017554 0.0326025 0.0400554 0.090617 0.101511 0.110321 0.157653 0.158775 0.198585 0.20367 0.210565 0.213038 0.229794 0.246277 0.253671 0.268887 0.271407 0.271681 0.284418 0.296335 
0.017554 0.0326025 0.0400554 0.090617 0.101511 0.110321 0.138332 0.157653 0.158775 0.198585 0.20367 0.210565 0.213038 0.229794 0.246277 0.253671 0.268887 0.271407 0.271681 0.284418 
0.017554 0.0326025 0.0400554 0.090617 0.101511 0.110321 0.138332 0.157653 0.158775 0.198585 0.20367 0.210565 0.213038 0.229794 0.246277 0.253671 0.260695 0.268887 0.271407 0.271681 
0.017554 0.0326025 0.0400554 0.090617 0.101511 0.110321 0.138332 0.157653 0.158775 0.198585 0.20367 0.210565 0.213038 0.229794 0.246277 0.253671 0.260695 0.268887 0.271407 0.271681 
0.017554 0.0326025 0.0400554 0.090617 0.101511 0.110321 0.138332 0.157653 0.158775 0.198585 0.20367 0.210565 0.213038 0.229794 0.246277 0.253671 0.260695 0.268887 0.271407 0.271681 
0.017554 0.0326025 0.0400554 0.090617 0.101511 0.110321 0.138332 0.157653 0.158775 0.198585 0.20367 0.207448 0.210565 0.213038 0.229794 0.246277 0.253671 0.260695 0.268887 0.271407 
0.017554 0.0326025 0.0400554 0.090617 0.101511 0.110321 0.134314 0.138332 0.157653 0.158775 0.168387 0.198585 0.20367 0.207448 0.210565 0.213038 0.220112 0.229794 0.246277 0.253671 
0.017554 0.0326025 0.0400554 0.090617 0.101511 0.110321 0.121732 0.134314 0.138332 0.157653 0.158775 0.168387 0.198585 0.20367 0.207448 0.210565 0.213038 0.220112 0.229794 0.246277 
0.017554 0.0326025 0.0400554 0.0761607 0.090617 0.101511 0.110321 0.121732 0.134314 0.138332 0.157653 0.158775 0.168387 0.198585 0.20367 0.207448 0.210565 0.213038 0.220112 0.229794 
0.017554 0.0326025 0.0400554 0.0761607 0.090617 0.101511 0.110321 0.121732 0.134314 0.138332 0.157653 0.158775 0.168387 0.198585 0.20367 0.207448 0.210565 0.213038 0.220112 0.229794 
0.017554 0.0326025 0.0400554 0.0761607 0.090617 0.101511 0.110321 0.121732 0.134314 0.138332 0.157653 0.158775 0.168387 0.198585 0.20367 0.207448 0.210565 0.213038 0.220112 0.229794 
0.017554 0.0326025 0.0400554 0.0761607 0.090617 0.101511 0.110321 0.121732 0.134314 0.138332 0.157653 0.158775 0.168387 0.198585 0.20367 0.207448 0.210565 0.213038 0.220112 0.229794 
0.017554 0.0326025 0.0380248 0.0400554 0.0761607 0.090617 0.101511 0.110321 0.121732 0.134314 0.138332 0.157653 0.158775 0.168387 0.198585 0.20367 0.207448 0.210565 0.213038 0.220112 
0.017554 0.0326025 0.0380248 0.0400554 0.0761607 0.090617 0.101511 0.110321 0.121732 0.134314 0.138332 0.157653 0.158775 0.168387 0.198585 0.20367 0.207448 0.210565 0.213038 0.220112 
0.017554 0.0326025 0.0380248 0.0400554 0.0761607 0.090617 0.101511 0.110321 0.121732 0.134314 0.138332 0.157653 0.158775 0.168387 0.198585 0.20367 0.207448 0.210565 0.213038 0.220112 
0.017554 0.0326025 0.0380248 0.0400554 0.0761607 0.090617 0.101511 0.110321 0.121732 0.134314 0.138332 0.157653 0.158775 0.168387 0.198585 0.20367 0.207448 0.210565 0.213038 0.220112 
0.017554 0.0326025 0.0380248 0.0400554 0.0761607 0.090617 0.101511 0.110321 0.121732 0.134314 0.138332 0.157653 0.158775 0.168387 0.198585 0.20367 0.207448 0.210565 0.213038 0.220112 
0.017554 0.0326025 0.0380248 0.0400554 0.0761607 0.090617 0.101511 0.110321 0.121732 0.134314 0.138332 0.157653 0.158775 0.168387 0.198585 0.20367 0.207448 0.210565 0.213038 0.220112 
0.017554 0.0326025 0.0380248 0.0400554 0.0761607 0.090617 0.101511 0.110321 0.121732 0.134314 0.138332 0.157653 0.158775 0.168387 0.198585 0.20367 0.207448 0.210565 0.213038 0.220112 
0.017554 0.0326025 0.0380248 0.0400554 0.0761607 0.090617 0.101511 0.110321 0.121732 0.134314 0.138332 0.157653 0.158775 0.168387 0.198585 0.20367 0.207448 0.210565 0.213038 0.220112 
0.017554 0.0326025 0.0380248 0.0400554 0.0761607 0.090617 0.101511 0.110321 0.121732 0.134314 0.138332 0.157653 0.158775 0.168387 0.198585 0.20367 0.207448 0.210565 0.213038 0.220112 
0.017554 0.0326025 0.0380248 0.0400554 0.0761607 0.090617 0.101511 0.110321 0.121732 0.134314 0.138332 0.157653 0.158775 0.168387 0.198585 0.20367 0.207448 0.210565 0.213038 0.220112 
0.017554 0.0326025 0.0380248 0.0400554 0.0761607 0.090617 0.101511 0.110321 0.121732 0.134314 0.138332 0.157653 0.158775 0.168387 0.198585 0.20367 0.207448 0.210565 0.213038 0.220112 
0.017554 0.0326025 0.0380248 0.0400554 0.0761607 0.090617 0.101511 0.110321 0.121732 0.134314 0.138332 0.157653 0.158775 0.168387 0.198585 0.20367 0.207448 0.210565 0.213038 0.220112 
0.017554 0.0326025 0.0380248 0.0400554 0.0761607 0.090617 0.101511 0.110321 0.121732 0.134314 0.138332 0.157653 0.158775 0.168387 0.198585 0.20367 0.207448 0.210565 0.213038 0.220112 
0.017554 0.0326025 0.0380248 0.0400554 0.0761607 0.090617 0.101511 0.110321 0.121732 0.134314 0.138332 0.157653 0.158775 0.168387 0.198585 0.20367 0.207448 0.210565 0.213038 0.220112 
0.017554 0.0326025 0.0380248 0.0400554 0.0761607 0.090617 0.101511 0.110321 0.121732 0.134314 0.138332 0.157653 0.158775 0.168387 0.198585 0.20367 0.207448 0.210565 0.213038 0.220112 
0.017554 0.0326025 0.0380248 0.0400554 0.0761607 0.090617 0.101511 0.110321 0.121732 0.134314 0.138332 0.157653 0.158775 0.168387 0.198585 0.20367 0.207448 0.210565 0.213038 0.220112 
0.017554 0.0326025 0.0380248 0.0400554 0.0761607 0.090617 0.101511 0.110321 0.121732 0.134314 0.138332 0.157653 0.158775 0.168387 0.198585 0.20367 0.207448 0.210565 0.213038 0.220112 
0.017554 0.0326025 0.0380248 0.0400554 0.0761607 0.090617 0.101511 0.110321 0.121732 0.134314 0.138332 0.157653 0.158775 0.168387 0.198585 0.20367 0.207448 0.210565 0.213038 0.220112 
0.017554 0.0326025 0.0380248 0.0400554 0.0761607 0.090617 0.101511 0.110321 0.121732 0.134314 0.138332 0.157653 0.158775 0.168387 0.198585 0.20367 0.207448 0.210565 0.213038 0.220112 
0.017554 0.0326025 0.0380248 0.0400554 0.0761607 0.090617 0.101511 0.110321 0.121732 0.134314 0.138332 0.157653 0.158775 0.168387 0.198585 0.20367 0.207448 0.210565 0.213038 0.220112 
0.017554 0.0326025 0.0380248 0.0400554 0.0761607 0.090617 0.101511 0.110321 0.121732 0.134314 0.138332 0.157653 0.158775 0.168387 0.198585 0.20367 0.207448 0.210565 0.213038 0.220112 
0.017554 0.0326025 0.0380248 0.0400554 0.0761607 0.090617 0.101511 0.110321 0.121732 0.134314 0.138332 0.157653 0.158775 0.168387 0.198585 0.20367 0.207448 0.210565 0.213038 0.220112 
0.017554 0.0326025 0.0380248 0.0400554 0.0761607 0.090617 0.101511 0.110321 0.121732 0.134314 0.138332 0.157653 0.158775 0.168387 0.198585 0.20367 0.207448 0.210565 0.213038 0.220112 
0.017554 0.0326025 0.0380248 0.0400554 0.0761607 0.090617 0.101511 0.110321 0.121732 0.134314 0.138332 0.157653 0.158775 0.168387 0.198585 0.20367 0.207448 0.210565 0.213038 0.220112 
0.017554 0.0326025 0.0380248 0.0400554 0.0761607 0.090617 0.101511 0.110321 0.121732 0.134314 0.138332 0.157653 0.158775 0.168387 0.198585 0.20367 0.207448 0.210565 0.213038 0.220112 
