1.94192 2.05046 2.37198 2.51115 2.76715 2.77427 2.93231 3.06308 3.30024 3.42856 3.51247 3.6168 3.64942 3.70055 3.7517 3.79812 3.81458 3.8388 3.88981 3.90789 
1.94192 2.05046 2.37198 2.51115 2.76715 2.77427 2.93231 3.06308 3.29498 3.30024 3.33501 3.3818 3.42856 3.51247 3.52611 3.55803 3.60229 3.60445 3.6168 3.64942 
1.94192 2.05046 2.37198 2.51115 2.76715 2.77427 2.93231 3.06308 3.15793 3.19552 3.25629 3.29498 3.30024 3.33501 3.36505 3.3818 3.42623 3.42856 3.43356 3.51247 
1.94192 2.05046 2.37198 2.51115 2.76715 2.77427 2.93231 3.03799 3.06308 3.1511 3.15793 3.19552 3.25629 3.29498 3.30024 3.33501 3.36505 3.3818 3.39333 3.42623 
1.94192 2.05046 2.37198 2.51115 2.76715 2.77427 2.93231 3.03799 3.06308 3.1511 3.15793 3.19552 3.25629 3.29498 3.30024 3.33501 3.36505 3.3818 3.39333 3.39873 
1.94192 2.05046 2.37198 2.51115 2.76715 2.77427 2.93231 3.03799 3.06308 3.1511 3.15793 3.19552 3.25629 3.29498 3.30024 3.33501 3.36505 3.3818 3.39333 3.39873 
1.94192 2.05046 2.37198 2.51115 2.76715 2.77427 2.93231 3.03799 3.06308 3.1511 3.15793 3.19552 3.25629 3.29498 3.30024 3.33501 3.36505 3.3818 3.39333 3.39873 
1.94192 2.05046 2.37198 2.51115 2.76715 2.77427 2.93231 3.03799 3.06308 3.1511 3.15793 3.19552 3.25629 3.29498 3.30024 3.33501 3.36505 3.3818 3.39333 3.39873 
1.94192 2.05046 2.37198 2.51115 2.76715 2.77427 2.93231 3.03799 3.06308 3.1511 3.15793 3.19552 3.25629 3.29498 3.30024 3.33501 3.36505 3.3818 3.39333 3.39873 
1.94192 2.05046 2.37198 2.51115 2.76715 2.77427 2.93231 3.03799 3.06308 3.1511 3.15793 3.19552 3.25629 3.29498 3.30024 3.33501 3.36505 3.3818 3.39333 3.39873 
1.94192 2.05046 2.37198 2.51115 2.76715 2.77427 2.93231 3.03799 3.06308 3.1511 3.15793 3.19552 3.25629 3.29498 3.30024 3.33501 3.36505 3.3818 3.39333 3.39873 
1.94192 2.05046 2.37198 2.51115 2.76715 2.77427 2.93231 3.03799 3.06308 3.1511 3.15793 3.19552 3.25629 3.29498 3.30024 3.33501 3.36505 3.3818 3.39333 3.39873 
1.94192 2.05046 2.37198 2.51115 2.76715 2.77427 2.93231 3.03799 3.06308 3.1511 3.15793 3.19552 3.25629 3.29498 3.30024 3.33501 3.36505 3.3818 3.39333 3.39873 
1.94192 2.05046 2.37198 2.51115 2.76715 2.77427 2.93231 3.03799 3.06308 3.1511 3.15793 3.19552 3.25629 3.29498 3.30024 3.33501 3.36505 3.3818 3.39333 3.39873 
1.94192 2.05046 2.37198 2.51115 2.76715 2.77427 2.93231 3.03799 3.06308 3.1511 3.15793 3.19552 3.25629 3.29498 3.30024 3.33501 3.36505 3.3818 3.39333 3.39873 
1.94192 2.05046 2.37198 2.51115 2.76715 2.77427 2.93231 3.03799 3.06308 3.1511 3.15793 3.19552 3.25629 3.29498 3.30024 3.33501 3.36505 3.3818 3.39333 3.39873 
1.94192 2.05046 2.37198 2.51115 2.76715 2.77427 2.93231 3.03799 3.06308 3.1511 3.15793 3.19552 3.25629 3.29498 3.30024 3.33501 3.36505 3.3818 3.39333 3.39873 
1.94192 2.05046 2.37198 2.51115 2.76715 2.77427 2.93231 3.03799 3.06308 3.1511 3.15793 3.19552 3.25629 3.29498 3.30024 3.33501 3.36505 3.3818 3.39333 3.39873 
1.94192 2.05046 2.37198 2.51115 2.76715 2.77427 2.93231 3.03799 3.06308 3.1511 3.15793 3.19552 3.25629 3.29498 3.30024 3.33501 3.36505 3.3818 3.39333 3.39873 
1.94192 2.05046 2.37198 2.51115 2.76715 2.77427 2.93231 3.03799 3.06308 3.1511 3.15793 3.19552 3.25629 3.29498 3.30024 3.33501 3.36505 3.3818 3.39333 3.39873 
1.94192 2.05046 2.37198 2.51115 2.76715 2.77427 2.93231 3.03799 3.06308 3.1511 3.15793 3.19552 3.25629 3.29498 3.30024 3.33501 3.36505 3.3818 3.39333 3.39873 
1.94192 2.05046 2.37198 2.51115 2.76715 2.77427 2.93231 3.03799 3.06308 3.1511 3.15793 3.19552 3.25629 3.29498 3.30024 3.33501 3.36505 3.3818 3.39333 3.39873 
1.94192 2.05046 2.37198 2.51115 2.76715 2.77427 2.93231 3.03799 3.06308 3.1511 3.15793 3.19552 3.25629 3.29498 3.30024 3.33501 3.36505 3.3818 3.39333 3.39873 
1.94192 2.05046 2.37198 2.51115 2.76715 2.77427 2.93231 3.03799 3.06308 3.1511 3.15793 3.19552 3.25629 3.29498 3.30024 3.33501 3.36505 3.3818 3.39333 3.39873 
1.94192 2.05046 2.37198 2.51115 2.76715 2.77427 2.93231 3.03799 3.06308 3.1511 3.15793 3.19552 3.25629 3.29498 3.30024 3.33501 3.36505 3.3818 3.39333 3.39873 
1.94192 2.05046 2.37198 2.51115 2.76715 2.77427 2.93231 3.03799 3.06308 3.1511 3.15793 3.19552 3.25629 3.29498 3.30024 3.33501 3.36505 3.3818 3.39333 3.39873 
1.94192 2.05046 2.37198 2.51115 2.76715 2.77427 2.93231 3.03799 3.06308 3.1511 3.15793 3.19552 3.25629 3.29498 3.30024 3.33501 3.36505 3.3818 3.39333 3.39873 
1.94192 2.05046 2.37198 2.51115 2.76715 2.77427 2.93231 3.03799 3.06308 3.1511 3.15793 3.19552 3.25629 3.29498 3.30024 3.33501 3.36505 3.3818 3.39333 3.39873 
1.94192 2.05046 2.37198 2.51115 2.76715 2.77427 2.93231 3.03799 3.06308 3.1511 3.15793 3.19552 3.25629 3.29498 3.30024 3.33501 3.36505 3.3818 3.39333 3.39873 
1.94192 2.05046 2.37198 2.51115 2.76715 2.77427 2.93231 3.03799 3.06308 3.1511 3.15793 3.19552 3.25629 3.29498 3.30024 3.33501 3.36505 3.3818 3.39333 3.39873 
1.94192 2.05046 2.37198 2.51115 2.76715 2.77427 2.93231 3.03799 3.06308 3.1511 3.15793 3.19552 3.25629 3.29498 3.30024 3.33501 3.36505 3.3818 3.39333 3.39873 
1.94192 2.05046 2.37198 2.51115 2.76715 2.77427 2.93231 3.03799 3.06308 3.1511 3.15793 3.19552 3.25629 3.29498 3.30024 3.33501 3.36505 3.3818 3.39333 3.39873 
1.94192 2.05046 2.37198 2.51115 2.76715 2.77427 2.93231 3.03799 3.06308 3.1511 3.15793 3.19552 3.25629 3.29498 3.30024 3.33501 3.36505 3.3818 3.39333 3.39873 
1.94192 2.05046 2.37198 2.51115 2.76715 2.77427 2.93231 3.03799 3.06308 3.1511 3.15793 3.19552 3.25629 3.29498 3.30024 3.33501 3.36505 3.3818 3.39333 3.39873 
1.94192 2.05046 2.37198 2.51115 2.76715 2.77427 2.93231 3.03799 3.06308 3.1511 3.15793 3.19552 3.25629 3.29498 3.30024 3.33501 3.36505 3.3818 3.39333 3.39873 
1.94192 2.05046 2.37198 2.51115 2.76715 2.77427 2.93231 3.03799 3.06308 3.1511 3.15793 3.19552 3.25629 3.29498 3.30024 3.33501 3.36505 3.3818 3.39333 3.39873 
1.94192 2.05046 2.37198 2.51115 2.76715 2.77427 2.93231 3.03799 3.06308 3.1511 3.15793 3.19552 3.25629 3.29498 3.30024 3.33501 3.36505 3.3818 3.39333 3.39873 
1.94192 2.05046 2.37198 2.51115 2.76715 2.77427 2.93231 3.03799 3.06308 3.1511 3.15793 3.19552 3.25629 3.29498 3.30024 3.33501 3.36505 3.3818 3.39333 3.39873 
1.94192 2.05046 2.37198 2.51115 2.76715 2.77427 2.93231 3.03799 3.06308 3.1511 3.15793 3.19552 3.25629 3.29498 3.30024 3.33501 3.36505 3.3818 3.39333 3.39873 
1.94192 2.05046 2.37198 2.51115 2.76715 2.77427 2.93231 3.03799 3.06308 3.1511 3.15793 3.19552 3.25629 3.29498 3.30024 3.33501 3.36505 3.3818 3.39333 3.39873 
1.94192 2.05046 2.37198 2.51115 2.76715 2.77427 2.93231 3.03799 3.06308 3.1511 3.15793 3.19552 3.25629 3.29498 3.30024 3.33501 3.36505 3.3818 3.39333 3.39873 
1.94192 2.05046 2.37198 2.51115 2.76715 2.77427 2.93231 3.03799 3.06308 3.1511 3.15793 3.19552 3.25629 3.29498 3.30024 3.33501 3.36505 3.3818 3.39333 3.39873 
1.94192 2.05046 2.37198 2.51115 2.76715 2.77427 2.93231 3.03799 3.06308 3.1511 3.15793 3.19552 3.25629 3.29498 3.30024 3.33501 3.36505 3.3818 3.39333 3.39873 
1.94192 2.05046 2.37198 2.51115 2.76715 2.77427 2.93231 3.03799 3.06308 3.1511 3.15793 3.19552 3.25629 3.29498 3.30024 3.33501 3.36505 3.3818 3.39333 3.39873 
1.94192 2.05046 2.37198 2.51115 2.76715 2.77427 2.93231 3.03799 3.06308 3.1511 3.15793 3.19552 3.25629 3.29498 3.30024 3.33501 3.36505 3.3818 3.39333 3.39873 
1.94192 2.05046 2.37198 2.51115 2.76715 2.77427 2.93231 3.03799 3.06308 3.1511 3.15793 3.19552 3.25629 3.29498 3.30024 3.33501 3.36505 3.3818 3.39333 3.39873 
1.94192 2.05046 2.37198 2.51115 2.76715 2.77427 2.93231 3.03799 3.06308 3.1511 3.15793 3.19552 3.25629 3.29498 3.30024 3.33501 3.36505 3.3818 3.39333 3.39873 
1.94192 2.05046 2.37198 2.51115 2.76715 2.77427 2.93231 3.03799 3.06308 3.1511 3.15793 3.19552 3.25629 3.29498 3.30024 3.33501 3.36505 3.3818 3.39333 3.39873 
1.94192 2.05046 2.37198 2.51115 2.76715 2.77427 2.93231 3.03799 3.06308 3.1511 3.15793 3.19552 3.25629 3.29498 3.30024 3.33501 3.36505 3.3818 3.39333 3.39873 
1.94192 2.05046 2.37198 2.51115 2.76715 2.77427 2.93231 3.03799 3.06308 3.1511 3.15793 3.19552 3.25629 3.29498 3.30024 3.33501 3.36505 3.3818 3.39333 3.39873 
1.94192 2.05046 2.37198 2.51115 2.76715 2.77427 2.93231 3.03799 3.06308 3.1511 3.15793 3.19552 3.25629 3.29498 3.30024 3.33501 3.36505 3.3818 3.39333 3.39873 
1.94192 2.05046 2.37198 2.51115 2.76715 2.77427 2.93231 3.03799 3.06308 3.1511 3.15793 3.19552 3.25629 3.29498 3.30024 3.33501 3.36505 3.3818 3.39333 3.39873 
1.94192 2.05046 2.37198 2.51115 2.76715 2.77427 2.93231 3.03799 3.06308 3.1511 3.15793 3.19552 3.25629 3.29498 3.30024 3.33501 3.36505 3.3818 3.39333 3.39873 
1.94192 2.05046 2.37198 2.51115 2.76715 2.77427 2.93231 3.03799 3.06308 3.1511 3.15793 3.19552 3.25629 3.29498 3.30024 3.33501 3.36505 3.3818 3.39333 3.39873 
1.94192 2.05046 2.37198 2.51115 2.76715 2.77427 2.93231 3.03799 3.06308 3.1511 3.15793 3.19552 3.25629 3.29498 3.30024 3.33501 3.36505 3.3818 3.39333 3.39873 
1.94192 2.05046 2.37198 2.51115 2.76715 2.77427 2.93231 3.03799 3.06308 3.1511 3.15793 3.19552 3.25629 3.29498 3.30024 3.33501 3.36505 3.3818 3.39333 3.39873 
1.94192 2.05046 2.37198 2.51115 2.76715 2.77427 2.93231 3.03799 3.06308 3.1511 3.15793 3.19552 3.25629 3.29498 3.30024 3.33501 3.36505 3.3818 3.39333 3.39873 
1.94192 2.05046 2.37198 2.51115 2.76715 2.77427 2.93231 3.03799 3.06308 3.1511 3.15793 3.19552 3.25629 3.29498 3.30024 3.33501 3.36505 3.3818 3.39333 3.39873 
1.94192 2.05046 2.37198 2.51115 2.76715 2.77427 2.93231 3.03799 3.06308 3.1511 3.15793 3.19552 3.25629 3.29498 3.30024 3.33501 3.36505 3.3818 3.39333 3.39873 
1.94192 2.05046 2.37198 2.51115 2.76715 2.77427 2.93231 3.03799 3.06308 3.1511 3.15793 3.19552 3.25629 3.29498 3.30024 3.33501 3.36505 3.3818 3.39333 3.39873 
1.94192 2.05046 2.37198 2.51115 2.76715 2.77427 2.93231 3.03799 3.06308 3.1511 3.15793 3.19552 3.25629 3.29498 3.30024 3.33501 3.36505 3.3818 3.39333 3.39873 
1.94192 2.05046 2.37198 2.51115 2.76715 2.77427 2.93231 3.03799 3.06308 3.1511 3.15793 3.19552 3.25629 3.29498 3.30024 3.33501 3.36505 3.3818 3.39333 3.39873 
1.94192 2.05046 2.37198 2.51115 2.76715 2.77427 2.93231 3.03799 3.06308 3.1511 3.15793 3.19552 3.25629 3.29498 3.30024 3.33501 3.36505 3.3818 3.39333 3.39873 
1.94192 2.05046 2.37198 2.51115 2.76715 2.77427 2.93231 3.03799 3.06308 3.1511 3.15793 3.19552 3.25629 3.29498 3.30024 3.33501 3.36505 3.3818 3.39333 3.39873 
1.94192 2.05046 2.37198 2.51115 2.76715 2.77427 2.93231 3.03799 3.06308 3.1511 3.15793 3.19552 3.25629 3.29498 3.30024 3.33501 3.36505 3.3818 3.39333 3.39873 
1.94192 2.05046 2.37198 2.51115 2.76715 2.77427 2.93231 3.03799 3.06308 3.1511 3.15793 3.19552 3.25629 3.29498 3.30024 3.33501 3.36505 3.3818 3.39333 3.39873 
1.94192 2.05046 2.37198 2.51115 2.76715 2.77427 2.93231 3.03799 3.06308 3.1511 3.15793 3.19552 3.25629 3.29498 3.30024 3.33501 3.36505 3.3818 3.39333 3.39873 
1.94192 2.05046 2.37198 2.51115 2.76715 2.77427 2.93231 3.03799 3.06308 3.1511 3.15793 3.19552 3.25629 3.29498 3.30024 3.33501 3.36505 3.3818 3.39333 3.39873 
1.94192 2.05046 2.37198 2.51115 2.76715 2.77427 2.93231 3.03799 3.06308 3.1511 3.15793 3.19552 3.25629 3.29498 3.30024 3.33501 3.36505 3.3818 3.39333 3.39873 
1.94192 2.05046 2.37198 2.51115 2.76715 2.77427 2.93231 3.03799 3.06308 3.1511 3.15793 3.19552 3.25629 3.29498 3.30024 3.33501 3.36505 3.3818 3.39333 3.39873 
1.94192 2.05046 2.37198 2.51115 2.76715 2.77427 2.93231 3.03799 3.06308 3.1511 3.15793 3.19552 3.25629 3.29498 3.30024 3.33501 3.36505 3.3818 3.39333 3.39873 
1.94192 2.05046 2.37198 2.51115 2.76715 2.77427 2.93231 3.03799 3.06308 3.1511 3.15793 3.19552 3.25629 3.29498 3.30024 3.33501 3.36505 3.3818 3.39333 3.39873 
1.94192 2.05046 2.37198 2.51115 2.76715 2.77427 2.93231 3.03799 3.06308 3.1511 3.15793 3.19552 3.25629 3.29498 3.30024 3.33501 3.36505 3.3818 3.39333 3.39873 
1.94192 2.05046 2.37198 2.51115 2.76715 2.77427 2.93231 3.03799 3.06308 3.1511 3.15793 3.19552 3.25629 3.29498 3.30024 3.33501 3.36505 3.3818 3.39333 3.39873 
1.94192 2.05046 2.37198 2.51115 2.76715 2.77427 2.93231 3.03799 3.06308 3.1511 3.15793 3.19552 3.25629 3.29498 3.30024 3.33501 3.36505 3.3818 3.39333 3.39873 
1.94192 2.05046 2.37198 2.51115 2.76715 2.77427 2.93231 3.03799 3.06308 3.1511 3.15793 3.19552 3.25629 3.29498 3.30024 3.33501 3.36505 3.3818 3.39333 3.39873 
1.94192 2.05046 2.37198 2.51115 2.76715 2.77427 2.93231 3.03799 3.06308 3.1511 3.15793 3.19552 3.25629 3.29498 3.30024 3.33501 3.36505 3.3818 3.39333 3.39873 
1.94192 2.05046 2.37198 2.51115 2.76715 2.77427 2.93231 3.03799 3.06308 3.1511 3.15793 3.19552 3.25629 3.29498 3.30024 3.33501 3.36505 3.3818 3.39333 3.39873 
1.94192 2.05046 2.37198 2.51115 2.76715 2.77427 2.93231 3.03799 3.06308 3.1511 3.15793 3.19552 3.25629 3.29498 3.30024 3.33501 3.36505 3.3818 3.39333 3.39873 
1.94192 2.05046 2.37198 2.51115 2.76715 2.77427 2.93231 3.03799 3.06308 3.1511 3.15793 3.19552 3.25629 3.29498 3.30024 3.33501 3.36505 3.3818 3.39333 3.39873 
1.94192 2.05046 2.37198 2.51115 2.76715 2.77427 2.93231 3.03799 3.06308 3.1511 3.15793 3.19552 3.25629 3.29498 3.30024 3.33501 3.36505 3.3818 3.39333 3.39873 
1.94192 2.05046 2.37198 2.51115 2.76715 2.77427 2.93231 3.03799 3.06308 3.1511 3.15793 3.19552 3.25629 3.29498 3.30024 3.33501 3.36505 3.3818 3.39333 3.39873 
1.94192 2.05046 2.37198 2.51115 2.76715 2.77427 2.93231 3.03799 3.06308 3.1511 3.15793 3.19552 3.25629 3.29498 3.30024 3.33501 3.36505 3.3818 3.39333 3.39873 
1.94192 2.05046 2.37198 2.51115 2.76715 2.77427 2.93231 3.03799 3.06308 3.1511 3.15793 3.19552 3.25629 3.29498 3.30024 3.33501 3.36505 3.3818 3.39333 3.39873 
1.94192 2.05046 2.37198 2.51115 2.76715 2.77427 2.93231 3.03799 3.06308 3.1511 3.15793 3.19552 3.25629 3.29498 3.30024 3.33501 3.36505 3.3818 3.39333 3.39873 
1.94192 2.05046 2.37198 2.51115 2.76715 2.77427 2.93231 3.03799 3.06308 3.1511 3.15793 3.19552 3.25629 3.29498 3.30024 3.33501 3.36505 3.3818 3.39333 3.39873 
1.94192 2.05046 2.37198 2.51115 2.76715 2.77427 2.93231 3.03799 3.06308 3.1511 3.15793 3.19552 3.25629 3.29498 3.30024 3.33501 3.36505 3.3818 3.39333 3.39873 
1.94192 2.05046 2.37198 2.51115 2.76715 2.77427 2.93231 3.03799 3.06308 3.1511 3.15793 3.19552 3.25629 3.29498 3.30024 3.33501 3.36505 3.3818 3.39333 3.39873 
1.94192 2.05046 2.37198 2.51115 2.76715 2.77427 2.93231 3.03799 3.06308 3.1511 3.15793 3.19552 3.25629 3.29498 3.30024 3.33501 3.36505 3.3818 3.39333 3.39873 
1.94192 2.05046 2.37198 2.51115 2.76715 2.77427 2.93231 3.03799 3.06308 3.1511 3.15793 3.19552 3.25629 3.29498 3.30024 3.33501 3.36505 3.3818 3.39333 3.39873 
1.94192 2.05046 2.37198 2.51115 2.76715 2.77427 2.93231 3.03799 3.06308 3.1511 3.15793 3.19552 3.25629 3.29498 3.30024 3.33501 3.36505 3.3818 3.39333 3.39873 
1.94192 2.05046 2.37198 2.51115 2.76715 2.77427 2.93231 3.03799 3.06308 3.1511 3.15793 3.19552 3.25629 3.29498 3.30024 3.33501 3.36505 3.3818 3.39333 3.39873 
1.94192 2.05046 2.37198 2.51115 2.76715 2.77427 2.93231 3.03799 3.06308 3.1511 3.15793 3.19552 3.25629 3.29498 3.30024 3.33501 3.36505 3.3818 3.39333 3.39873 
1.94192 2.05046 2.37198 2.51115 2.76715 2.77427 2.93231 3.03799 3.06308 3.1511 3.15793 3.19552 3.25629 3.29498 3.30024 3.33501 3.36505 3.3818 3.39333 3.39873 
1.94192 2.05046 2.37198 2.51115 2.76715 2.77427 2.93231 3.03799 3.06308 3.1511 3.15793 3.19552 3.25629 3.29498 3.30024 3.33501 3.36505 3.3818 3.39333 3.39873 
1.94192 2.05046 2.37198 2.51115 2.76715 2.77427 2.93231 3.03799 3.06308 3.1511 3.15793 3.19552 3.25629 3.29498 3.30024 3.33501 3.36505 3.3818 3.39333 3.39873 
1.94192 2.05046 2.37198 2.51115 2.76715 2.77427 2.93231 3.03799 3.06308 3.1511 3.15793 3.19552 3.25629 3.29498 3.30024 3.33501 3.36505 3.3818 3.39333 3.39873 
1.94192 2.05046 2.37198 2.51115 2.76715 2.77427 2.93231 3.03799 3.06308 3.1511 3.15793 3.19552 3.25629 3.29498 3.30024 3.33501 3.36505 3.3818 3.39333 3.39873 
1.94192 2.05046 2.37198 2.51115 2.76715 2.77427 2.93231 3.03799 3.06308 3.1511 3.15793 3.19552 3.25629 3.29498 3.30024 3.33501 3.36505 3.3818 3.39333 3.39873 
1.94192 2.05046 2.37198 2.51115 2.76715 2.77427 2.93231 3.03799 3.06308 3.1511 3.15793 3.19552 3.25629 3.29498 3.30024 3.33501 3.36505 3.3818 3.39333 3.39873 
