1.78923 2.6613 2.69027 2.73349 2.83401 3.00498 3.00787 3.10953 3.24674 3.52037 3.60944 3.62748 3.70458 3.7818 3.84456 3.87465 3.929 3.93864 3.99387 4.05081 
0.543559 1.78923 2.6613 2.67083 2.69027 2.73349 2.83401 3.00498 3.00787 3.10953 3.24674 3.52037 3.60944 3.62748 3.70458 3.76596 3.7818 3.84456 3.87465 3.929 
0.108488 0.543559 0.85782 1.78923 2.34618 2.58823 2.63945 2.63949 2.6613 2.66805 2.67083 2.69027 2.73349 2.83401 2.92439 2.96643 2.98516 3.00498 3.00787 3.10953 
0.108488 0.403787 0.421376 0.543559 0.85782 1.78923 2.34618 2.47585 2.58823 2.63945 2.63949 2.6613 2.66805 2.67083 2.68555 2.69027 2.73349 2.74607 2.80325 2.83401 
0.108488 0.370623 0.403787 0.421376 0.543559 0.85782 1.29522 1.78923 2.22637 2.22755 2.34618 2.47585 2.58823 2.63945 2.63949 2.6613 2.66805 2.67083 2.68555 2.69027 
0.108488 0.370623 0.403787 0.421376 0.543559 0.85782 0.875411 1.29522 1.45677 1.78923 2.22637 2.22755 2.34618 2.47585 2.58823 2.63945 2.63949 2.66122 2.6613 2.66805 
0.108488 0.370623 0.403787 0.421376 0.543559 0.85782 0.875411 1.18715 1.23552 1.29522 1.45677 1.78923 1.94498 2.22637 2.22755 2.34618 2.47585 2.58823 2.63945 2.63949 
0.108488 0.370623 0.403787 0.421376 0.543559 0.85782 0.875411 0.916816 1.04734 1.18715 1.23552 1.29522 1.45677 1.78923 1.94498 2.22637 2.22755 2.34618 2.47585 2.58823 
0.108488 0.370623 0.403787 0.421376 0.543559 0.85782 0.875411 0.916816 1.04734 1.09479 1.18715 1.23552 1.29522 1.45677 1.78923 1.94498 2.18355 2.22637 2.22755 2.34618 
0.108488 0.370623 0.403787 0.421376 0.543559 0.85782 0.875411 0.916816 1.04734 1.09479 1.18715 1.23552 1.29522 1.45677 1.78923 1.94498 2.18355 2.22637 2.22755 2.34618 
0.108488 0.370623 0.403787 0.421376 0.543559 0.85782 0.875411 0.916816 1.04734 1.09479 1.18715 1.23552 1.29522 1.45677 1.78923 1.94498 2.05121 2.11066 2.18355 2.20539 
0.0712571 0.108488 0.370623 0.403787 0.421376 0.506938 0.543559 0.85782 0.875411 0.916816 1.04734 1.09479 1.18715 1.23552 1.24652 1.29522 1.45677 1.78923 1.94498 2.05121 
0.0712571 0.108488 0.27759 0.370623 0.403787 0.421376 0.479962 0.506938 0.543559 0.85782 0.875411 0.916816 1.04734 1.09479 1.18715 1.23552 1.24145 1.24652 1.29522 1.45677 
0.0712571 0.108488 0.27759 0.370623 0.403787 0.421376 0.479962 0.506938 0.543559 0.85782 0.875411 0.916816 1.04734 1.09479 1.18715 1.23552 1.24145 1.24652 1.29522 1.3116 
0.0712571 0.108488 0.27759 0.370623 0.403787 0.421376 0.479962 0.483248 0.506938 0.513812 0.543559 0.85782 0.875411 0.916816 1.04734 1.09479 1.18715 1.23552 1.24145 1.24652 
0.0712571 0.108488 0.272057 0.27759 0.370623 0.403787 0.421376 0.479962 0.483248 0.506938 0.513812 0.543559 0.85782 0.875411 0.916816 1.04734 1.09479 1.18715 1.23552 1.24145 
0.0712571 0.108488 0.272057 0.27759 0.370623 0.403787 0.421376 0.479962 0.483248 0.506938 0.513812 0.543559 0.85782 0.875411 0.916816 1.04734 1.09479 1.18715 1.23552 1.24145 
0.0712571 0.108488 0.272057 0.27759 0.370623 0.403787 0.421376 0.479962 0.483248 0.506938 0.513812 0.543559 0.85782 0.875411 0.916816 1.04734 1.09479 1.18715 1.23552 1.24145 
0.0712571 0.108488 0.272057 0.27759 0.370623 0.403787 0.421376 0.479962 0.483248 0.506938 0.513812 0.543559 0.85782 0.875411 0.916816 1.04734 1.09479 1.18715 1.23552 1.24145 
0.0712571 0.108488 0.272057 0.27759 0.370623 0.403787 0.421376 0.479962 0.483248 0.506938 0.513812 0.543559 0.85782 0.875411 0.916816 1.04734 1.09479 1.18715 1.23552 1.24145 
0.0712571 0.108488 0.272057 0.27759 0.370623 0.403787 0.421376 0.479962 0.483248 0.506938 0.513812 0.543559 0.85782 0.875411 0.916816 1.04734 1.09479 1.18715 1.23552 1.24145 
0.0712571 0.108488 0.272057 0.27759 0.370623 0.403787 0.421376 0.479962 0.483248 0.506938 0.513812 0.543559 0.85782 0.875411 0.916816 1.04734 1.09479 1.18715 1.23552 1.24145 
0.0712571 0.108488 0.272057 0.27759 0.370623 0.403787 0.421376 0.479962 0.483248 0.506938 0.513812 0.543559 0.85782 0.875411 0.916816 1.04734 1.09479 1.18715 1.23552 1.24145 
0.0712571 0.108488 0.272057 0.27759 0.370623 0.403787 0.421376 0.479962 0.483248 0.506938 0.513812 0.543559 0.85782 0.875411 0.916816 1.04734 1.09479 1.18715 1.23552 1.24145 
0.0712571 0.108488 0.272057 0.27759 0.370623 0.403787 0.421376 0.479962 0.483248 0.506938 0.513812 0.543559 0.85782 0.875411 0.916816 1.04734 1.09479 1.18715 1.23552 1.24145 
0.0712571 0.108488 0.272057 0.27759 0.370623 0.403787 0.421376 0.479962 0.483248 0.506938 0.513812 0.543559 0.85782 0.875411 0.916816 1.04734 1.09479 1.18715 1.23552 1.24145 
0.0712571 0.108488 0.272057 0.27759 0.370623 0.403787 0.421376 0.479962 0.483248 0.506938 0.513812 0.543559 0.85782 0.875411 0.916816 1.04734 1.09479 1.18715 1.23552 1.24145 
0.0712571 0.108488 0.272057 0.27759 0.370623 0.403787 0.421376 0.479962 0.483248 0.506938 0.513812 0.543559 0.85782 0.875411 0.916816 1.04734 1.09479 1.18715 1.23552 1.24145 
0.0712571 0.108488 0.272057 0.27759 0.370623 0.403787 0.421376 0.479962 0.483248 0.506938 0.513812 0.543559 0.85782 0.875411 0.916816 1.04734 1.09479 1.18715 1.23552 1.24145 
0.0712571 0.108488 0.254021 0.272057 0.27759 0.370623 0.403787 0.421376 0.479962 0.483248 0.506938 0.513812 0.543559 0.85782 0.875411 0.916816 1.04734 1.09479 1.18715 1.23552 
0.0712571 0.0995813 0.108488 0.254021 0.272057 0.27759 0.370623 0.403787 0.421376 0.479962 0.483248 0.506938 0.513812 0.543559 0.85782 0.875411 0.916816 1.04734 1.09479 1.18715 
0.0712571 0.0995813 0.108488 0.254021 0.272057 0.27759 0.370623 0.403787 0.421376 0.479962 0.483248 0.506938 0.513812 0.543559 0.85782 0.875411 0.916816 1.04734 1.09479 1.18715 
0.0712571 0.0995813 0.108488 0.254021 0.272057 0.27759 0.370623 0.403787 0.421376 0.479962 0.483248 0.506938 0.513812 0.543559 0.85782 0.875411 0.916816 1.04734 1.09479 1.18715 
0.0712571 0.0995813 0.108488 0.254021 0.272057 0.274476 0.27759 0.290809 0.370623 0.403787 0.421376 0.479962 0.483248 0.506938 0.513812 0.543559 0.85782 0.875411 0.916816 1.04734 
0.0712571 0.0995813 0.108488 0.254021 0.272057 0.274476 0.27759 0.290809 0.370623 0.403787 0.421376 0.431632 0.451239 0.459551 0.479962 0.483248 0.506938 0.513812 0.543559 0.85782 
0.0712571 0.0995813 0.108488 0.254021 0.272057 0.274476 0.27759 0.290809 0.370623 0.403787 0.421376 0.431632 0.451239 0.459551 0.479962 0.483248 0.506938 0.513812 0.543559 0.85782 
0.0712571 0.0995813 0.108488 0.254021 0.272057 0.274476 0.27759 0.290809 0.370623 0.403787 0.421376 0.431632 0.451239 0.459551 0.479962 0.483248 0.506938 0.513812 0.543559 0.85782 
0.0712571 0.0995813 0.108488 0.254021 0.272057 0.274476 0.27759 0.290809 0.370623 0.403787 0.421376 0.431632 0.451239 0.459551 0.479962 0.483248 0.506938 0.513812 0.543559 0.728271 
0.0712571 0.0995813 0.108488 0.254021 0.272057 0.274476 0.27759 0.290809 0.370623 0.403787 0.421376 0.431632 0.451239 0.459551 0.479962 0.483248 0.506938 0.513812 0.543559 0.674789 
0.0712571 0.0995813 0.108488 0.254021 0.272057 0.274476 0.27759 0.290809 0.370623 0.403787 0.421376 0.431632 0.451239 0.459551 0.479962 0.483248 0.506938 0.513812 0.543559 0.674789 
0.0488318 0.0712571 0.0995813 0.108488 0.254021 0.272057 0.274476 0.27759 0.290809 0.370623 0.403787 0.421376 0.431632 0.451239 0.459551 0.479962 0.483248 0.506938 0.513812 0.543559 
0.0488318 0.0712571 0.0995813 0.108488 0.254021 0.272057 0.274476 0.27759 0.290809 0.370623 0.403787 0.421376 0.431632 0.451239 0.459551 0.479962 0.483248 0.506938 0.513812 0.543559 
0.0488318 0.0712571 0.0995813 0.108488 0.254021 0.272057 0.274476 0.27759 0.290809 0.370623 0.403787 0.421376 0.431632 0.451239 0.459551 0.479962 0.483248 0.506938 0.513812 0.543559 
0.0488318 0.0712571 0.0995813 0.108488 0.254021 0.272057 0.274476 0.27759 0.290809 0.370623 0.403787 0.421376 0.431632 0.451239 0.459551 0.479962 0.483248 0.506938 0.513812 0.543559 
0.0488318 0.0712571 0.0995813 0.108488 0.254021 0.272057 0.274476 0.27759 0.290809 0.370623 0.403787 0.421376 0.431632 0.451239 0.459551 0.479962 0.483248 0.506938 0.513812 0.543559 
0.0488318 0.0712571 0.0995813 0.108488 0.254021 0.272057 0.274476 0.27759 0.290809 0.370623 0.403787 0.421376 0.431632 0.451239 0.459551 0.479962 0.483248 0.506938 0.513812 0.543559 
0.0488318 0.0712571 0.0995813 0.108488 0.254021 0.272057 0.274476 0.27759 0.290809 0.370623 0.403787 0.421376 0.431632 0.451239 0.459551 0.479962 0.483248 0.506938 0.513812 0.543559 
0.0488318 0.0712571 0.0995813 0.108488 0.254021 0.272057 0.274476 0.27759 0.290809 0.370623 0.403787 0.421376 0.431632 0.451239 0.459551 0.479962 0.483248 0.506938 0.513812 0.543559 
0.0488318 0.0712571 0.0995813 0.108488 0.254021 0.272057 0.274476 0.27759 0.290809 0.370623 0.403787 0.421376 0.431632 0.451239 0.459551 0.479962 0.483248 0.506938 0.513812 0.543559 
0.0488318 0.0712571 0.0995813 0.108488 0.254021 0.272057 0.274476 0.27759 0.290809 0.370623 0.403787 0.421376 0.431632 0.451239 0.459551 0.479962 0.483248 0.506938 0.513812 0.543559 
0.0488318 0.0712571 0.0995813 0.108488 0.254021 0.272057 0.274476 0.27759 0.290809 0.370623 0.403787 0.421376 0.431632 0.451239 0.459551 0.479962 0.483248 0.506938 0.513812 0.543559 
0.0488318 0.0712571 0.0995813 0.108488 0.254021 0.272057 0.274476 0.27759 0.290809 0.370623 0.403787 0.421376 0.431632 0.451239 0.459551 0.479962 0.483248 0.506938 0.513812 0.543559 
0.0488318 0.0712571 0.0995813 0.108488 0.254021 0.270208 0.272057 0.274476 0.27759 0.290809 0.370623 0.403787 0.421376 0.431632 0.451239 0.459551 0.479962 0.483248 0.506938 0.513812 
0.0488318 0.0712571 0.0995813 0.108488 0.254021 0.270208 0.272057 0.274476 0.27759 0.290809 0.370623 0.403787 0.421376 0.431632 0.451239 0.459551 0.479962 0.483248 0.506938 0.513812 
0.0293393 0.0488318 0.0712571 0.0995813 0.108488 0.254021 0.270208 0.272057 0.274476 0.27759 0.290809 0.370623 0.403787 0.421376 0.431632 0.451239 0.459551 0.479962 0.483248 0.506938 
0.0293393 0.0488318 0.0712571 0.0995813 0.108488 0.254021 0.270208 0.272057 0.274476 0.27759 0.290809 0.370623 0.403787 0.421376 0.431632 0.451239 0.459551 0.479962 0.483248 0.506938 
0.0293393 0.0488318 0.0712571 0.0995813 0.108488 0.254021 0.270208 0.272057 0.274476 0.27759 0.290809 0.370623 0.403787 0.421376 0.431632 0.451239 0.459551 0.479962 0.483248 0.506938 
0.0293393 0.0488318 0.0712571 0.0995813 0.108488 0.254021 0.270208 0.272057 0.274476 0.27759 0.290809 0.370623 0.403787 0.420606 0.421376 0.431632 0.451239 0.459551 0.479962 0.483248 
0.0293393 0.0488318 0.0712571 0.0995813 0.108488 0.254021 0.270208 0.272057 0.274476 0.27759 0.290809 0.370623 0.403787 0.420606 0.421376 0.431632 0.451239 0.459551 0.479962 0.483248 
0.0293393 0.0488318 0.0712571 0.0995813 0.108488 0.112134 0.254021 0.270208 0.272057 0.274476 0.27759 0.290809 0.370623 0.403787 0.420606 0.421376 0.431632 0.451239 0.459551 0.479962 
0.0293393 0.0488318 0.0712571 0.0995813 0.108488 0.112134 0.254021 0.270208 0.272057 0.274476 0.27759 0.290809 0.370623 0.403787 0.420606 0.421376 0.431632 0.451239 0.459551 0.479962 
0.0293393 0.0488318 0.0712571 0.0995813 0.108488 0.112134 0.15652 0.254021 0.270208 0.272057 0.274476 0.27759 0.290809 0.370623 0.403787 0.420606 0.421376 0.431632 0.451239 0.459551 
0.0293393 0.0488318 0.0712571 0.0995813 0.108488 0.112134 0.15652 0.254021 0.270208 0.272057 0.274476 0.27759 0.290809 0.320404 0.32128 0.370623 0.403787 0.420606 0.421376 0.431632 
0.0293393 0.0488318 0.0712571 0.0995813 0.108488 0.112134 0.15652 0.254021 0.270208 0.272057 0.274476 0.27759 0.290809 0.320404 0.32128 0.370623 0.403787 0.420606 0.421376 0.431632 
0.0293393 0.0488318 0.0712571 0.0995813 0.108488 0.112134 0.15652 0.254021 0.270208 0.272057 0.274476 0.27759 0.290809 0.320404 0.32128 0.370623 0.403787 0.420606 0.421376 0.431632 
0.0293393 0.0488318 0.0712571 0.0995813 0.108488 0.112134 0.15652 0.254021 0.270208 0.272057 0.274476 0.27759 0.290809 0.320404 0.32128 0.370623 0.403787 0.420606 0.421376 0.431632 
0.0293393 0.0488318 0.0712571 0.0995813 0.108488 0.112134 0.15652 0.254021 0.270208 0.272057 0.274476 0.27759 0.290809 0.320404 0.32128 0.370623 0.403787 0.420606 0.421376 0.431632 
0.0293393 0.0488318 0.0712571 0.0995813 0.108488 0.112134 0.15652 0.254021 0.270208 0.272057 0.274476 0.27759 0.290809 0.320404 0.32128 0.370623 0.403787 0.420606 0.421376 0.431632 
0.0293393 0.0488318 0.0712571 0.0995813 0.108488 0.112134 0.15652 0.254021 0.270208 0.272057 0.274476 0.27759 0.290809 0.320404 0.32128 0.370623 0.403787 0.420606 0.421376 0.431632 
0.0293393 0.0488318 0.0712571 0.0995813 0.108488 0.112134 0.15652 0.254021 0.270208 0.272057 0.274476 0.27759 0.290809 0.320404 0.32128 0.370623 0.403787 0.420606 0.421376 0.431632 
0.0293393 0.0488318 0.0712571 0.0995813 0.108488 0.112134 0.15652 0.254021 0.270208 0.272057 0.274476 0.27759 0.290809 0.320404 0.32128 0.370623 0.403787 0.420606 0.421376 0.431632 
0.0293393 0.0488318 0.0712571 0.0995813 0.108488 0.112134 0.15652 0.254021 0.270208 0.272057 0.274476 0.27759 0.290809 0.320404 0.32128 0.370623 0.403787 0.420606 0.421376 0.431632 
0.0293393 0.0488318 0.0712571 0.0995813 0.108488 0.112134 0.15652 0.254021 0.270208 0.272057 0.274476 0.27759 0.290809 0.320404 0.32128 0.370623 0.403787 0.420606 0.421376 0.431632 
0.0293393 0.0488318 0.0712571 0.0995813 0.108488 0.112134 0.15652 0.254021 0.270208 0.272057 0.274476 0.27759 0.290809 0.320404 0.32128 0.370623 0.403787 0.420606 0.421376 0.431632 
0.0293393 0.0488318 0.0712571 0.0995813 0.108488 0.112134 0.15652 0.254021 0.270208 0.272057 0.274476 0.27759 0.290809 0.320404 0.32128 0.370623 0.403787 0.420606 0.421376 0.431632 
0.0293393 0.0488318 0.0712571 0.0995813 0.108488 0.112134 0.15652 0.254021 0.270208 0.272057 0.274476 0.27759 0.290809 0.320404 0.32128 0.370623 0.403787 0.420606 0.421376 0.431632 
0.0293393 0.0488318 0.0712571 0.0995813 0.108488 0.112134 0.15652 0.254021 0.270208 0.272057 0.274476 0.27759 0.290809 0.320404 0.32128 0.370623 0.403787 0.420606 0.421376 0.431632 
0.0293393 0.0488318 0.0712571 0.0995813 0.108488 0.112134 0.15652 0.254021 0.270208 0.272057 0.274476 0.27759 0.290809 0.320404 0.32128 0.370623 0.403787 0.420606 0.421376 0.431632 
0.0293393 0.0488318 0.0712571 0.0995813 0.108488 0.112134 0.15652 0.254021 0.270208 0.272057 0.274476 0.27759 0.290809 0.320404 0.32128 0.370623 0.403787 0.420606 0.421376 0.431632 
0.0293393 0.0488318 0.0712571 0.0995813 0.108488 0.112134 0.15652 0.254021 0.270208 0.272057 0.274476 0.27759 0.290809 0.320404 0.32128 0.370623 0.403787 0.420606 0.421376 0.431632 
0.0293393 0.0488318 0.0712571 0.0995813 0.108488 0.112134 0.15652 0.254021 0.270208 0.272057 0.274476 0.27759 0.290809 0.320404 0.32128 0.370623 0.403787 0.420606 0.421376 0.431632 
0.0293393 0.0488318 0.0712571 0.0995813 0.108488 0.112134 0.15652 0.254021 0.270208 0.272057 0.274476 0.27759 0.290809 0.320404 0.32128 0.370623 0.403787 0.420606 0.421376 0.431632 
0.0293393 0.0488318 0.0712571 0.0995813 0.108488 0.112134 0.15652 0.254021 0.270208 0.272057 0.274476 0.27759 0.290809 0.320404 0.32128 0.370623 0.403787 0.420606 0.421376 0.431632 
0.0293393 0.0488318 0.0712571 0.0995813 0.108488 0.112134 0.15652 0.254021 0.270208 0.272057 0.274476 0.27759 0.290809 0.320404 0.32128 0.370623 0.403787 0.420606 0.421376 0.431632 
0.0293393 0.0488318 0.0712571 0.0995813 0.108488 0.112134 0.15652 0.254021 0.270208 0.272057 0.274476 0.27759 0.290809 0.320404 0.32128 0.370623 0.403787 0.420606 0.421376 0.431632 
0.0293393 0.0488318 0.0712571 0.0995813 0.108488 0.112134 0.15652 0.254021 0.270208 0.272057 0.274476 0.27759 0.290809 0.320404 0.32128 0.370623 0.403787 0.420606 0.421376 0.431632 
0.0293393 0.0488318 0.0712571 0.0995813 0.108488 0.112134 0.15652 0.254021 0.270208 0.272057 0.274476 0.27759 0.290809 0.320404 0.32128 0.370623 0.403787 0.420606 0.421376 0.431632 
0.0293393 0.0488318 0.0712571 0.0995813 0.108488 0.112134 0.15652 0.254021 0.270208 0.272057 0.274476 0.27759 0.290809 0.320404 0.32128 0.370623 0.403787 0.420606 0.421376 0.431632 
0.0293393 0.0488318 0.0712571 0.0995813 0.108488 0.112134 0.15652 0.254021 0.270208 0.272057 0.274476 0.27759 0.290809 0.320404 0.32128 0.370623 0.403787 0.420606 0.421376 0.431632 
0.0293393 0.0488318 0.0712571 0.0995813 0.108488 0.112134 0.15652 0.254021 0.270208 0.272057 0.274476 0.27759 0.290809 0.320404 0.32128 0.370623 0.403787 0.420606 0.421376 0.431632 
0.0293393 0.0488318 0.0712571 0.0995813 0.108488 0.112134 0.15652 0.254021 0.270208 0.272057 0.274476 0.27759 0.290809 0.320404 0.32128 0.370623 0.403787 0.420606 0.421376 0.431632 
0.0293393 0.0488318 0.0712571 0.0995813 0.108488 0.112134 0.15652 0.254021 0.270208 0.272057 0.274476 0.27759 0.290809 0.320404 0.32128 0.370623 0.403787 0.420606 0.421376 0.431632 
0.0293393 0.0488318 0.0712571 0.0995813 0.108488 0.112134 0.15652 0.254021 0.270208 0.272057 0.274476 0.27759 0.290809 0.320404 0.32128 0.370623 0.403787 0.420606 0.421376 0.431632 
0.0293393 0.0488318 0.0712571 0.0995813 0.108488 0.112134 0.15652 0.254021 0.270208 0.272057 0.274476 0.27759 0.290809 0.320404 0.32128 0.370623 0.403787 0.420606 0.421376 0.431632 
0.0293393 0.0488318 0.0712571 0.0995813 0.108488 0.112134 0.15652 0.254021 0.270208 0.272057 0.274476 0.27759 0.290809 0.320404 0.32128 0.370623 0.403787 0.420606 0.421376 0.431632 
0.0293393 0.0488318 0.0712571 0.0995813 0.108488 0.112134 0.15652 0.254021 0.270208 0.272057 0.274476 0.27759 0.290809 0.320404 0.32128 0.370623 0.403787 0.420606 0.421376 0.431632 
0.0293393 0.0488318 0.0712571 0.0995813 0.108488 0.112134 0.15652 0.254021 0.270208 0.272057 0.274476 0.27759 0.290809 0.320404 0.32128 0.370623 0.403787 0.420606 0.421376 0.431632 
0.0293393 0.0488318 0.0712571 0.0995813 0.108488 0.112134 0.15652 0.254021 0.270208 0.272057 0.274476 0.27759 0.290809 0.320404 0.32128 0.370623 0.403787 0.420606 0.421376 0.431632 
0.0293393 0.0488318 0.0712571 0.0995813 0.108488 0.112134 0.15652 0.254021 0.270208 0.272057 0.274476 0.27759 0.290809 0.320404 0.32128 0.370623 0.403787 0.420606 0.421376 0.431632 
0.0293393 0.0488318 0.0712571 0.0995813 0.108488 0.112134 0.15652 0.254021 0.270208 0.272057 0.274476 0.27759 0.290809 0.320404 0.32128 0.370623 0.403787 0.420606 0.421376 0.431632 
