1.75379 1.93897 2.50222 2.74341 2.77136 2.78142 2.90316 2.96588 3.34618 3.3768 3.39906 3.44615 3.45804 3.66023 3.67937 3.70928 3.91345 3.96352 4.05054 4.07594 
1.75379 1.84292 1.93897 2.50222 2.74341 2.77136 2.78142 2.90316 2.96588 3.05552 3.0681 3.34618 3.3768 3.3841 3.39906 3.44615 3.45804 3.63381 3.66023 3.67937 
0.082267 0.203168 0.639941 0.862613 0.88343 1.21688 1.59486 1.75379 1.84292 1.93897 2.50222 2.59283 2.74341 2.7533 2.77136 2.78142 2.85345 2.90316 2.96588 3.05552 
0.0393774 0.082267 0.203168 0.639941 0.862613 0.88343 1.21688 1.59486 1.75379 1.84292 1.93897 2.50222 2.59283 2.59383 2.60434 2.60769 2.71553 2.74341 2.7533 2.76001 
0.0393774 0.082267 0.203168 0.316613 0.639941 0.862613 0.88343 1.21688 1.59486 1.75379 1.84292 1.93897 2.41744 2.42214 2.50222 2.59283 2.59383 2.60434 2.60769 2.71553 
0.0393774 0.082267 0.203168 0.316613 0.639941 0.862613 0.88343 1.21688 1.59486 1.75379 1.84292 1.93897 2.12202 2.25786 2.41744 2.42214 2.42505 2.50222 2.55844 2.59283 
0.0393774 0.082267 0.203168 0.316613 0.639941 0.862613 0.88343 1.21688 1.59486 1.75379 1.82131 1.84292 1.93897 2.01555 2.12202 2.25786 2.41744 2.42214 2.42505 2.50222 
0.0393774 0.082267 0.203168 0.316613 0.639941 0.862613 0.88343 1.21688 1.46238 1.59486 1.75379 1.82131 1.84292 1.93897 2.01555 2.12202 2.25786 2.41744 2.42214 2.42505 
0.0393774 0.082267 0.203168 0.316613 0.639941 0.862613 0.88343 1.21688 1.46238 1.59486 1.65062 1.75379 1.82131 1.84292 1.8662 1.93897 2.01555 2.12202 2.12352 2.25786 
0.0393774 0.082267 0.203168 0.316613 0.639941 0.862613 0.88343 1.21688 1.4136 1.46238 1.57459 1.59486 1.65062 1.75379 1.82131 1.84292 1.8662 1.93897 2.01555 2.12202 
0.0393774 0.082267 0.203168 0.316613 0.436884 0.639941 0.862613 0.88343 1.21688 1.4136 1.43366 1.46238 1.46285 1.57459 1.59486 1.65062 1.75379 1.77094 1.82131 1.84292 
0.0393774 0.082267 0.203168 0.316613 0.436884 0.639941 0.862613 0.88343 1.21688 1.4136 1.43366 1.46238 1.46285 1.57459 1.59486 1.65062 1.75379 1.77094 1.82131 1.84292 
0.0393774 0.082267 0.203168 0.316613 0.436884 0.639941 0.862613 0.88343 1.21688 1.4136 1.43366 1.44195 1.46238 1.46285 1.57459 1.59486 1.65062 1.75379 1.77094 1.82131 
0.0393774 0.082267 0.203168 0.316613 0.436884 0.639941 0.862613 0.88343 1.21688 1.4136 1.43366 1.44195 1.46238 1.46285 1.57459 1.59486 1.65062 1.75379 1.77094 1.82131 
0.0393774 0.082267 0.203168 0.316613 0.436884 0.639941 0.862613 0.88343 1.21688 1.4136 1.43366 1.4373 1.44195 1.46238 1.46285 1.57459 1.59486 1.62495 1.65062 1.75379 
0.0393774 0.082267 0.107288 0.203168 0.316613 0.436884 0.639941 0.862613 0.88343 1.21688 1.4136 1.43366 1.4373 1.44195 1.46238 1.46285 1.5519 1.57459 1.59486 1.62495 
0.0393774 0.082267 0.107288 0.203168 0.316613 0.436884 0.639941 0.862613 0.88343 1.21688 1.4136 1.43366 1.4373 1.44195 1.46238 1.46285 1.5519 1.57459 1.59486 1.62495 
0.0393774 0.082267 0.107288 0.203168 0.316613 0.436884 0.639941 0.862613 0.88343 1.21688 1.4136 1.43366 1.4373 1.44195 1.46238 1.46285 1.5519 1.57459 1.59486 1.62495 
0.0393774 0.082267 0.107288 0.203168 0.316613 0.436884 0.445609 0.639941 0.862613 0.88343 1.21688 1.4136 1.43366 1.4373 1.44195 1.46238 1.46285 1.5519 1.57459 1.59486 
0.0393774 0.082267 0.107288 0.203168 0.316613 0.436884 0.445609 0.639941 0.862613 0.88343 1.21688 1.4136 1.43366 1.4373 1.44195 1.46238 1.46285 1.5519 1.57459 1.59486 
0.0393774 0.082267 0.107288 0.203168 0.316613 0.436884 0.445609 0.639941 0.862613 0.88343 1.21688 1.4136 1.43366 1.4373 1.44195 1.46238 1.46285 1.5519 1.57459 1.59486 
0.0393774 0.082267 0.107288 0.203168 0.316613 0.436884 0.445609 0.639941 0.862613 0.88343 1.07603 1.21688 1.4136 1.43366 1.4373 1.44195 1.46238 1.46285 1.5519 1.57459 
0.0393774 0.082267 0.107288 0.203168 0.316613 0.436884 0.445609 0.639941 0.862613 0.88343 1.07603 1.21688 1.4136 1.43366 1.4373 1.44113 1.44195 1.46238 1.46285 1.51267 
0.0393774 0.082267 0.107288 0.172729 0.203168 0.316613 0.436884 0.445609 0.639941 0.862613 0.88343 1.07603 1.21688 1.4136 1.43366 1.4373 1.44113 1.44195 1.46238 1.46285 
0.0393774 0.082267 0.107288 0.172729 0.203168 0.316613 0.436884 0.445609 0.639941 0.862613 0.88343 1.07603 1.21688 1.39151 1.4136 1.43168 1.43366 1.4373 1.44113 1.44195 
0.0393774 0.082267 0.107288 0.172729 0.203168 0.316613 0.436884 0.445609 0.639941 0.862613 0.88343 1.07603 1.21688 1.39151 1.4136 1.43168 1.43366 1.4373 1.44113 1.44195 
0.0393774 0.082267 0.107288 0.172729 0.203168 0.296304 0.316613 0.436884 0.445609 0.639941 0.640873 0.862613 0.88343 1.07603 1.21688 1.39151 1.4136 1.43168 1.43366 1.4373 
0.0393774 0.082267 0.107288 0.172729 0.203168 0.296304 0.316613 0.436884 0.445609 0.639941 0.640873 0.862613 0.88343 1.07603 1.21688 1.39151 1.4136 1.43168 1.43366 1.4373 
0.0393774 0.082267 0.107288 0.172729 0.186721 0.203168 0.296304 0.316613 0.436884 0.445609 0.639941 0.640873 0.862613 0.88343 1.07603 1.21688 1.39151 1.4136 1.43168 1.43366 
0.0393774 0.082267 0.107288 0.172729 0.186721 0.203168 0.296304 0.316613 0.436884 0.445609 0.639941 0.640873 0.862613 0.88343 1.07603 1.21688 1.39151 1.4136 1.43168 1.43366 
0.0393774 0.0448983 0.0760959 0.082267 0.107288 0.172729 0.186721 0.203168 0.296304 0.316613 0.436884 0.445609 0.639941 0.640873 0.862613 0.88343 1.07603 1.21688 1.39151 1.4136 
0.0393774 0.0448983 0.0760959 0.082267 0.107288 0.172729 0.186721 0.203168 0.29204 0.296304 0.316613 0.436884 0.445609 0.639941 0.640873 0.862613 0.88343 1.07603 1.21688 1.39151 
0.0393774 0.0448983 0.0760959 0.082267 0.107288 0.172729 0.186721 0.203168 0.29204 0.296304 0.316613 0.436884 0.445609 0.639941 0.640873 0.862613 0.88343 1.07603 1.21688 1.39151 
0.0393774 0.0448983 0.0760959 0.082267 0.107288 0.172729 0.186721 0.203168 0.29204 0.296304 0.316613 0.436884 0.445609 0.639941 0.640873 0.759663 0.862613 0.88343 1.07603 1.21688 
0.0393774 0.0448983 0.0760959 0.082267 0.107288 0.172729 0.186721 0.203168 0.29204 0.296304 0.316613 0.436884 0.445609 0.639941 0.640873 0.759663 0.862613 0.88343 0.94703 1.07603 
0.0393774 0.0448983 0.0760959 0.082267 0.107288 0.172729 0.186721 0.203168 0.29204 0.296304 0.316613 0.436884 0.445609 0.639941 0.640873 0.759663 0.862613 0.88343 0.94703 1.07603 
0.0393774 0.0448983 0.0760959 0.082267 0.107288 0.172729 0.186721 0.203168 0.29204 0.296304 0.316613 0.436884 0.445609 0.639941 0.640873 0.759663 0.862613 0.88343 0.94703 1.07603 
0.0393774 0.0448983 0.0760959 0.082267 0.107288 0.172729 0.186721 0.203168 0.29204 0.296304 0.316613 0.436884 0.445609 0.639941 0.640873 0.759663 0.862613 0.88343 0.94703 1.07603 
0.0393774 0.0448983 0.0760959 0.082267 0.107288 0.172729 0.186721 0.203168 0.29204 0.296304 0.316613 0.436884 0.445609 0.639941 0.640873 0.716822 0.759663 0.862613 0.88343 0.94703 
0.0393774 0.0448983 0.0760959 0.082267 0.107288 0.172729 0.186721 0.203168 0.213364 0.29204 0.296304 0.316613 0.407013 0.436884 0.445609 0.639941 0.640873 0.716822 0.759663 0.862613 
0.0393774 0.0448983 0.0760959 0.082267 0.107288 0.172729 0.186721 0.203168 0.213364 0.29204 0.296304 0.316613 0.407013 0.436884 0.445609 0.639941 0.640873 0.716822 0.759663 0.862613 
0.0393774 0.0448983 0.0760959 0.082267 0.107288 0.172729 0.186721 0.203168 0.213364 0.29204 0.296304 0.316613 0.407013 0.436884 0.445609 0.639941 0.640873 0.716822 0.759663 0.862613 
0.0393774 0.0448983 0.0760959 0.082267 0.0976927 0.106847 0.107288 0.172729 0.186721 0.203168 0.213364 0.29204 0.296304 0.316613 0.407013 0.436884 0.445609 0.639941 0.640873 0.716822 
0.0393774 0.0448983 0.0760959 0.082267 0.0976927 0.106847 0.107288 0.172729 0.186721 0.203168 0.213364 0.268114 0.29204 0.296304 0.316613 0.407013 0.436884 0.445609 0.639941 0.640873 
0.0393774 0.0448983 0.0760959 0.082267 0.0976927 0.106847 0.107288 0.172729 0.186721 0.203168 0.213364 0.268114 0.29204 0.296304 0.316613 0.407013 0.426689 0.436884 0.445609 0.468445 
0.0393774 0.0448983 0.0760959 0.082267 0.0976927 0.106847 0.107288 0.172729 0.186721 0.203168 0.213364 0.268114 0.29204 0.296304 0.316613 0.407013 0.426689 0.436884 0.445609 0.468445 
0.0393774 0.0448983 0.0760959 0.082267 0.0976927 0.106847 0.107288 0.172729 0.186721 0.203168 0.213364 0.268114 0.29204 0.296304 0.316613 0.407013 0.426689 0.436884 0.445609 0.468445 
0.0393774 0.0448983 0.0760959 0.082267 0.0976927 0.106847 0.107288 0.172729 0.186721 0.203168 0.213364 0.268114 0.29204 0.296304 0.316613 0.407013 0.426689 0.436884 0.445609 0.468445 
0.0393774 0.0448983 0.0760959 0.082267 0.0976927 0.106847 0.107288 0.172729 0.186721 0.203168 0.213364 0.268114 0.29204 0.296304 0.316613 0.407013 0.426689 0.436884 0.445609 0.468445 
0.0393774 0.0448983 0.0760959 0.082267 0.0976927 0.106847 0.107288 0.172729 0.186721 0.203168 0.213364 0.268114 0.29204 0.296304 0.316613 0.407013 0.426689 0.436884 0.445609 0.468445 
0.0393774 0.0448983 0.0760959 0.082267 0.0976927 0.106847 0.107288 0.172729 0.186721 0.203168 0.213364 0.268114 0.29204 0.296304 0.316613 0.407013 0.426689 0.436884 0.445609 0.468445 
0.0393774 0.0448983 0.0760959 0.082267 0.0976927 0.106847 0.107288 0.172729 0.186721 0.203168 0.213364 0.268114 0.29204 0.296304 0.316613 0.407013 0.426689 0.436884 0.445609 0.468445 
0.0393774 0.0448983 0.0760959 0.082267 0.0976927 0.106847 0.107288 0.172729 0.186721 0.203168 0.213364 0.268114 0.29204 0.296304 0.316613 0.407013 0.426689 0.436884 0.445609 0.468445 
0.0393774 0.0448983 0.0760959 0.082267 0.0976927 0.106847 0.107288 0.172729 0.186721 0.203168 0.213364 0.268114 0.29204 0.296304 0.316613 0.407013 0.426689 0.436884 0.445609 0.468445 
0.0393774 0.0448983 0.0760959 0.082267 0.0976927 0.106847 0.107288 0.172729 0.186721 0.203168 0.213364 0.268114 0.29204 0.296304 0.316613 0.407013 0.426689 0.436884 0.445609 0.468445 
0.0393774 0.0448983 0.0760959 0.082267 0.0976927 0.106847 0.107288 0.172729 0.186721 0.203168 0.213364 0.268114 0.29204 0.296304 0.316613 0.407013 0.426689 0.436884 0.445609 0.468445 
0.0393774 0.0448983 0.0760959 0.082267 0.0976927 0.106847 0.107288 0.172729 0.186721 0.203168 0.213364 0.268114 0.29204 0.296304 0.316613 0.407013 0.426689 0.436884 0.445609 0.468445 
0.0393774 0.0448983 0.0760959 0.082267 0.0976927 0.106847 0.107288 0.172729 0.186721 0.203168 0.213364 0.268114 0.29204 0.296304 0.316613 0.407013 0.426689 0.436884 0.445609 0.468445 
0.0393774 0.0448983 0.0760959 0.082267 0.0976927 0.106847 0.107288 0.172729 0.186721 0.203168 0.213364 0.268114 0.29204 0.296304 0.316613 0.407013 0.426689 0.436884 0.445609 0.468445 
0.0393774 0.0448983 0.0760959 0.082267 0.0976927 0.106847 0.107288 0.172729 0.186721 0.203168 0.213364 0.268114 0.29204 0.296304 0.316613 0.407013 0.426689 0.436884 0.445609 0.468445 
0.0393774 0.0448983 0.0760959 0.082267 0.0976927 0.106847 0.107288 0.172729 0.186721 0.203168 0.213364 0.268114 0.29204 0.296304 0.316613 0.407013 0.426689 0.436884 0.445609 0.468445 
0.0393774 0.0448983 0.0760959 0.082267 0.0976927 0.106847 0.107288 0.172729 0.186721 0.203168 0.213364 0.268114 0.29204 0.296304 0.316613 0.407013 0.426689 0.436884 0.445609 0.468445 
0.0393774 0.0448983 0.0760959 0.082267 0.0976927 0.106847 0.107288 0.172729 0.186721 0.203168 0.213364 0.268114 0.29204 0.296304 0.316613 0.407013 0.426689 0.436884 0.445609 0.468445 
0.0393774 0.0448983 0.0760959 0.082267 0.0976927 0.106847 0.107288 0.172729 0.186721 0.203168 0.213364 0.268114 0.29204 0.296304 0.316613 0.407013 0.426689 0.436884 0.445609 0.468445 
0.0393774 0.0448983 0.0760959 0.082267 0.0976927 0.106847 0.107288 0.172729 0.186721 0.203168 0.213364 0.268114 0.29204 0.296304 0.316613 0.407013 0.426689 0.436884 0.445609 0.468445 
0.0393774 0.0448983 0.0760959 0.082267 0.0976927 0.106847 0.107288 0.172729 0.186721 0.203168 0.213364 0.268114 0.29204 0.296304 0.316613 0.407013 0.426689 0.436884 0.445609 0.468445 
0.0393774 0.0448983 0.0760959 0.082267 0.0976927 0.106847 0.107288 0.172729 0.186721 0.203168 0.213364 0.268114 0.29204 0.296304 0.316613 0.407013 0.426689 0.436884 0.445609 0.468445 
0.0393774 0.0448983 0.0760959 0.082267 0.0976927 0.106847 0.107288 0.172729 0.186721 0.203168 0.213364 0.268114 0.29204 0.296304 0.316613 0.407013 0.426689 0.436884 0.445609 0.468445 
0.0393774 0.0448983 0.0760959 0.082267 0.0976927 0.106847 0.107288 0.172729 0.186721 0.203168 0.213364 0.268114 0.29204 0.296304 0.316613 0.407013 0.426689 0.436884 0.445609 0.468445 
0.0393774 0.0448983 0.0760959 0.082267 0.0976927 0.106847 0.107288 0.172729 0.186721 0.203168 0.213364 0.268114 0.29204 0.296304 0.316613 0.407013 0.426689 0.436884 0.445609 0.468445 
0.0393774 0.0448983 0.0760959 0.082267 0.0976927 0.106847 0.107288 0.172729 0.186721 0.203168 0.213364 0.268114 0.29204 0.296304 0.316613 0.407013 0.426689 0.436884 0.445609 0.468445 
0.0393774 0.0448983 0.0760959 0.082267 0.0976927 0.106847 0.107288 0.172729 0.186721 0.203168 0.213364 0.268114 0.29204 0.296304 0.316613 0.407013 0.426689 0.436884 0.445609 0.468445 
0.0393774 0.0448983 0.0760959 0.082267 0.0976927 0.106847 0.107288 0.172729 0.186721 0.203168 0.213364 0.268114 0.29204 0.296304 0.316613 0.407013 0.426689 0.436884 0.445609 0.468445 
0.0393774 0.0448983 0.0760959 0.082267 0.0976927 0.106847 0.107288 0.172729 0.186721 0.203168 0.213364 0.268114 0.29204 0.296304 0.316613 0.407013 0.426689 0.436884 0.445609 0.468445 
0.0393774 0.0448983 0.0760959 0.082267 0.0976927 0.106847 0.107288 0.172729 0.186721 0.203168 0.213364 0.268114 0.29204 0.296304 0.316613 0.407013 0.426689 0.436884 0.445609 0.468445 
0.0393774 0.0448983 0.0760959 0.082267 0.0976927 0.106847 0.107288 0.172729 0.186721 0.203168 0.213364 0.268114 0.29204 0.296304 0.316613 0.407013 0.426689 0.436884 0.445609 0.468445 
0.0393774 0.0448983 0.0760959 0.082267 0.0976927 0.106847 0.107288 0.172729 0.186721 0.203168 0.213364 0.268114 0.29204 0.296304 0.316613 0.407013 0.426689 0.436884 0.445609 0.468445 
0.0393774 0.0448983 0.0760959 0.082267 0.0976927 0.106847 0.107288 0.172729 0.186721 0.203168 0.213364 0.268114 0.29204 0.296304 0.316613 0.407013 0.426689 0.436884 0.445609 0.468445 
0.0393774 0.0448983 0.0760959 0.082267 0.0976927 0.106847 0.107288 0.172729 0.186721 0.203168 0.213364 0.268114 0.29204 0.296304 0.316613 0.407013 0.426689 0.436884 0.445609 0.468445 
0.0393774 0.0448983 0.0760959 0.082267 0.0976927 0.106847 0.107288 0.172729 0.186721 0.203168 0.213364 0.268114 0.29204 0.296304 0.316613 0.407013 0.426689 0.436884 0.445609 0.468445 
0.0393774 0.0448983 0.0760959 0.082267 0.0976927 0.106847 0.107288 0.172729 0.186721 0.203168 0.213364 0.268114 0.29204 0.296304 0.316613 0.407013 0.426689 0.436884 0.445609 0.468445 
0.0393774 0.0448983 0.0760959 0.082267 0.0976927 0.106847 0.107288 0.172729 0.186721 0.203168 0.213364 0.268114 0.29204 0.296304 0.316613 0.407013 0.426689 0.436884 0.445609 0.468445 
0.0393774 0.0448983 0.0760959 0.082267 0.0976927 0.106847 0.107288 0.172729 0.186721 0.203168 0.213364 0.268114 0.29204 0.296304 0.316613 0.407013 0.426689 0.436884 0.445609 0.468445 
0.0393774 0.0448983 0.0760959 0.082267 0.0976927 0.106847 0.107288 0.172729 0.186721 0.203168 0.213364 0.268114 0.29204 0.296304 0.316613 0.407013 0.426689 0.436884 0.445609 0.468445 
0.0393774 0.0448983 0.0760959 0.082267 0.0976927 0.106847 0.107288 0.172729 0.186721 0.203168 0.213364 0.268114 0.29204 0.296304 0.316613 0.407013 0.426689 0.436884 0.445609 0.468445 
0.0393774 0.0448983 0.0760959 0.082267 0.0976927 0.106847 0.107288 0.172729 0.186721 0.203168 0.213364 0.268114 0.29204 0.296304 0.316613 0.407013 0.426689 0.436884 0.445609 0.468445 
0.0393774 0.0448983 0.0760959 0.082267 0.0976927 0.106847 0.107288 0.172729 0.186721 0.203168 0.213364 0.268114 0.29204 0.296304 0.316613 0.407013 0.426689 0.436884 0.445609 0.468445 
0.0393774 0.0448983 0.0760959 0.082267 0.0976927 0.106847 0.107288 0.172729 0.186721 0.203168 0.213364 0.268114 0.29204 0.296304 0.316613 0.407013 0.426689 0.436884 0.445609 0.468445 
0.0393774 0.0448983 0.0760959 0.082267 0.0976927 0.106847 0.107288 0.172729 0.186721 0.203168 0.213364 0.268114 0.29204 0.296304 0.316613 0.407013 0.426689 0.436884 0.445609 0.468445 
0.0393774 0.0448983 0.0760959 0.082267 0.0976927 0.106847 0.107288 0.172729 0.186721 0.203168 0.213364 0.268114 0.29204 0.296304 0.316613 0.407013 0.426689 0.436884 0.445609 0.468445 
0.0393774 0.0448983 0.0760959 0.082267 0.0976927 0.106847 0.107288 0.172729 0.186721 0.203168 0.213364 0.268114 0.29204 0.296304 0.316613 0.407013 0.426689 0.436884 0.445609 0.468445 
0.0393774 0.0448983 0.0760959 0.082267 0.0976927 0.106847 0.107288 0.172729 0.186721 0.203168 0.213364 0.268114 0.29204 0.296304 0.316613 0.407013 0.426689 0.436884 0.445609 0.468445 
0.0393774 0.0448983 0.0760959 0.082267 0.0976927 0.106847 0.107288 0.172729 0.186721 0.203168 0.213364 0.268114 0.29204 0.296304 0.316613 0.407013 0.426689 0.436884 0.445609 0.468445 
0.0393774 0.0448983 0.0760959 0.082267 0.0976927 0.106847 0.107288 0.172729 0.186721 0.203168 0.213364 0.268114 0.29204 0.296304 0.316613 0.407013 0.426689 0.436884 0.445609 0.468445 
0.0393774 0.0448983 0.0760959 0.082267 0.0976927 0.106847 0.107288 0.172729 0.186721 0.203168 0.213364 0.268114 0.29204 0.296304 0.316613 0.407013 0.426689 0.436884 0.445609 0.468445 
0.0393774 0.0448983 0.0760959 0.082267 0.0976927 0.106847 0.107288 0.172729 0.186721 0.203168 0.213364 0.268114 0.29204 0.296304 0.316613 0.407013 0.426689 0.436884 0.445609 0.468445 
0.0393774 0.0448983 0.0760959 0.082267 0.0976927 0.106847 0.107288 0.172729 0.186721 0.203168 0.213364 0.268114 0.29204 0.296304 0.316613 0.407013 0.426689 0.436884 0.445609 0.468445 
0.0393774 0.0448983 0.0760959 0.082267 0.0976927 0.106847 0.107288 0.172729 0.186721 0.203168 0.213364 0.268114 0.29204 0.296304 0.316613 0.407013 0.426689 0.436884 0.445609 0.468445 
0.0393774 0.0448983 0.0760959 0.082267 0.0976927 0.106847 0.107288 0.172729 0.186721 0.203168 0.213364 0.268114 0.29204 0.296304 0.316613 0.407013 0.426689 0.436884 0.445609 0.468445 
0.0393774 0.0448983 0.0760959 0.082267 0.0976927 0.106847 0.107288 0.172729 0.186721 0.203168 0.213364 0.268114 0.29204 0.296304 0.316613 0.407013 0.426689 0.436884 0.445609 0.468445 
