0.812803 1.54352 1.58656 1.78395 2.24144 2.34724 2.37124 2.58758 2.68441 3.01946 3.16057 3.25804 3.29772 3.35423 3.40498 3.43112 3.45843 3.46658 3.70872 3.71516 
0.812803 1.54352 1.58656 1.78395 1.89597 2.24144 2.34724 2.37124 2.58758 2.68441 3.01946 3.16057 3.25804 3.29772 3.35423 3.40498 3.43112 3.45843 3.46658 3.52071 
0.812803 1.54352 1.58656 1.78395 1.89597 2.24144 2.34724 2.37124 2.58758 2.68441 2.73431 3.01946 3.16057 3.25804 3.29772 3.35423 3.40498 3.43112 3.45843 3.46658 
0.812803 1.54352 1.58656 1.78395 1.89597 2.24144 2.34724 2.37124 2.58758 2.66431 2.68441 2.73431 2.97292 3.01946 3.1145 3.16057 3.25804 3.29772 3.35315 3.35423 
0.812803 1.54352 1.58656 1.78395 1.89597 2.24144 2.34724 2.37124 2.58758 2.66431 2.68441 2.73431 2.96977 2.97292 3.01946 3.1145 3.16057 3.25804 3.29772 3.35315 
0.812803 1.54352 1.58656 1.78395 1.89597 2.24144 2.34724 2.37124 2.58758 2.66431 2.68441 2.71634 2.73431 2.8229 2.96977 2.97292 3.01946 3.1145 3.16057 3.25804 
0.812803 1.54352 1.58656 1.78395 1.89597 2.24144 2.34724 2.37124 2.58758 2.66431 2.68441 2.71634 2.73431 2.8229 2.96977 2.97292 3.01946 3.1145 3.16057 3.25804 
0.812803 1.54352 1.58656 1.78395 1.89597 2.24144 2.34724 2.37124 2.58758 2.66431 2.68441 2.71634 2.73431 2.8229 2.96977 2.97292 3.01946 3.1145 3.16057 3.25804 
0.812803 1.54352 1.58656 1.78395 1.89597 2.24144 2.34724 2.37124 2.58758 2.66431 2.68441 2.71634 2.73431 2.8229 2.96977 2.97292 3.01946 3.1145 3.16057 3.25804 
0.812803 1.54352 1.58656 1.78395 1.89597 2.24144 2.34724 2.37124 2.58758 2.66431 2.68441 2.71634 2.73431 2.8229 2.96977 2.97292 3.01946 3.1145 3.16057 3.25804 
0.812803 1.54352 1.58656 1.78395 1.89597 2.24144 2.34724 2.37124 2.58758 2.66431 2.68441 2.71634 2.73431 2.8229 2.96977 2.97292 3.01946 3.1145 3.16057 3.25804 
0.812803 1.54352 1.58656 1.78395 1.89597 2.24144 2.34724 2.37124 2.58758 2.66431 2.68441 2.71634 2.73431 2.8229 2.96977 2.97292 3.01946 3.1145 3.16057 3.25804 
0.812803 1.54352 1.58656 1.78395 1.89597 2.24144 2.34724 2.37124 2.58758 2.66431 2.68441 2.71634 2.73431 2.8229 2.96977 2.97292 3.01946 3.1145 3.16057 3.25804 
0.812803 1.54352 1.58656 1.78395 1.89597 2.24144 2.34724 2.37124 2.58758 2.66431 2.68441 2.71634 2.73431 2.8229 2.96977 2.97292 3.01946 3.1145 3.16057 3.25804 
0.812803 1.54352 1.58656 1.78395 1.89597 2.24144 2.34724 2.37124 2.58758 2.66431 2.68441 2.71634 2.73431 2.8229 2.96977 2.97292 3.01946 3.1145 3.16057 3.25804 
0.812803 1.54352 1.58656 1.78395 1.89597 2.24144 2.34724 2.37124 2.58758 2.66431 2.68441 2.71634 2.73431 2.8229 2.96977 2.97292 3.01946 3.1145 3.16057 3.25804 
0.812803 1.54352 1.58656 1.78395 1.89597 2.24144 2.34724 2.37124 2.58758 2.66431 2.68441 2.71634 2.73431 2.8229 2.96977 2.97292 3.01946 3.1145 3.16057 3.25804 
0.812803 1.54352 1.58656 1.78395 1.89597 2.24144 2.34724 2.37124 2.58758 2.66431 2.68441 2.71634 2.73431 2.8229 2.96977 2.97292 3.01946 3.1145 3.16057 3.25804 
0.812803 1.54352 1.58656 1.78395 1.89597 2.24144 2.34724 2.37124 2.58758 2.66431 2.68441 2.71634 2.73431 2.8229 2.96977 2.97292 3.01946 3.1145 3.16057 3.25804 
0.812803 1.54352 1.58656 1.78395 1.89597 2.24144 2.34724 2.37124 2.58758 2.66431 2.68441 2.71634 2.73431 2.8229 2.96977 2.97292 3.01946 3.1145 3.16057 3.25804 
0.812803 1.54352 1.58656 1.78395 1.89597 2.24144 2.34724 2.37124 2.58758 2.66431 2.68441 2.71634 2.73431 2.8229 2.96977 2.97292 3.01946 3.1145 3.16057 3.25804 
0.812803 1.54352 1.58656 1.78395 1.89597 2.24144 2.34724 2.37124 2.58758 2.66431 2.68441 2.71634 2.73431 2.8229 2.96977 2.97292 3.01946 3.1145 3.16057 3.25804 
0.812803 1.54352 1.58656 1.78395 1.89597 2.24144 2.34724 2.37124 2.58758 2.66431 2.68441 2.71634 2.73431 2.8229 2.96977 2.97292 3.01946 3.1145 3.16057 3.25804 
0.812803 1.54352 1.58656 1.78395 1.89597 2.24144 2.34724 2.37124 2.58758 2.66431 2.68441 2.71634 2.73431 2.8229 2.96977 2.97292 3.01946 3.1145 3.16057 3.25804 
0.812803 1.54352 1.58656 1.78395 1.89597 2.24144 2.34724 2.37124 2.58758 2.66431 2.68441 2.71634 2.73431 2.8229 2.96977 2.97292 3.01946 3.1145 3.16057 3.25804 
0.812803 1.54352 1.58656 1.78395 1.89597 2.24144 2.34724 2.37124 2.58758 2.66431 2.68441 2.71634 2.73431 2.8229 2.96977 2.97292 3.01946 3.1145 3.16057 3.25804 
0.812803 1.54352 1.58656 1.78395 1.89597 2.24144 2.34724 2.37124 2.58758 2.66431 2.68441 2.71634 2.73431 2.8229 2.96977 2.97292 3.01946 3.1145 3.16057 3.25804 
0.812803 1.54352 1.58656 1.78395 1.89597 2.24144 2.34724 2.37124 2.58758 2.66431 2.68441 2.71634 2.73431 2.8229 2.96977 2.97292 3.01946 3.1145 3.16057 3.25804 
0.812803 1.54352 1.58656 1.78395 1.89597 2.24144 2.34724 2.37124 2.58758 2.66431 2.68441 2.71634 2.73431 2.8229 2.96977 2.97292 3.01946 3.1145 3.16057 3.25804 
0.812803 1.54352 1.58656 1.78395 1.89597 2.24144 2.34724 2.37124 2.58758 2.66431 2.68441 2.71634 2.73431 2.8229 2.96977 2.97292 3.01946 3.1145 3.16057 3.25804 
0.812803 1.54352 1.58656 1.78395 1.89597 2.24144 2.34724 2.37124 2.58758 2.66431 2.68441 2.71634 2.73431 2.8229 2.96977 2.97292 3.01946 3.1145 3.16057 3.25804 
0.812803 1.54352 1.58656 1.78395 1.89597 2.24144 2.34724 2.37124 2.58758 2.66431 2.68441 2.71634 2.73431 2.8229 2.96977 2.97292 3.01946 3.1145 3.16057 3.25804 
0.812803 1.54352 1.58656 1.78395 1.89597 2.24144 2.34724 2.37124 2.58758 2.66431 2.68441 2.71634 2.73431 2.8229 2.96977 2.97292 3.01946 3.1145 3.16057 3.25804 
0.812803 1.54352 1.58656 1.78395 1.89597 2.24144 2.34724 2.37124 2.58758 2.66431 2.68441 2.71634 2.73431 2.8229 2.96977 2.97292 3.01946 3.1145 3.16057 3.25804 
0.812803 1.54352 1.58656 1.78395 1.89597 2.24144 2.34724 2.37124 2.58758 2.66431 2.68441 2.71634 2.73431 2.8229 2.96977 2.97292 3.01946 3.1145 3.16057 3.25804 
0.812803 1.54352 1.58656 1.78395 1.89597 2.24144 2.34724 2.37124 2.58758 2.66431 2.68441 2.71634 2.73431 2.8229 2.96977 2.97292 3.01946 3.1145 3.16057 3.25804 
0.812803 1.54352 1.58656 1.78395 1.89597 2.24144 2.34724 2.37124 2.58758 2.66431 2.68441 2.71634 2.73431 2.8229 2.96977 2.97292 3.01946 3.1145 3.16057 3.25804 
0.812803 1.54352 1.58656 1.78395 1.89597 2.24144 2.34724 2.37124 2.58758 2.66431 2.68441 2.71634 2.73431 2.8229 2.96977 2.97292 3.01946 3.1145 3.16057 3.25804 
0.812803 1.54352 1.58656 1.78395 1.89597 2.24144 2.34724 2.37124 2.58758 2.66431 2.68441 2.71634 2.73431 2.8229 2.96977 2.97292 3.01946 3.1145 3.16057 3.25804 
0.812803 1.54352 1.58656 1.78395 1.89597 2.24144 2.34724 2.37124 2.58758 2.66431 2.68441 2.71634 2.73431 2.8229 2.96977 2.97292 3.01946 3.1145 3.16057 3.25804 
0.812803 1.54352 1.58656 1.78395 1.89597 2.24144 2.34724 2.37124 2.58758 2.66431 2.68441 2.71634 2.73431 2.8229 2.96977 2.97292 3.01946 3.1145 3.16057 3.25804 
0.812803 1.54352 1.58656 1.78395 1.89597 2.24144 2.34724 2.37124 2.58758 2.66431 2.68441 2.71634 2.73431 2.8229 2.96977 2.97292 3.01946 3.1145 3.16057 3.25804 
0.812803 1.54352 1.58656 1.78395 1.89597 2.24144 2.34724 2.37124 2.58758 2.66431 2.68441 2.71634 2.73431 2.8229 2.96977 2.97292 3.01946 3.1145 3.16057 3.25804 
0.812803 1.54352 1.58656 1.78395 1.89597 2.24144 2.34724 2.37124 2.58758 2.66431 2.68441 2.71634 2.73431 2.8229 2.96977 2.97292 3.01946 3.1145 3.16057 3.25804 
0.812803 1.54352 1.58656 1.78395 1.89597 2.24144 2.34724 2.37124 2.58758 2.66431 2.68441 2.71634 2.73431 2.8229 2.96977 2.97292 3.01946 3.1145 3.16057 3.25804 
0.812803 1.54352 1.58656 1.78395 1.89597 2.24144 2.34724 2.37124 2.58758 2.66431 2.68441 2.71634 2.73431 2.8229 2.96977 2.97292 3.01946 3.1145 3.16057 3.25804 
0.812803 1.54352 1.58656 1.78395 1.89597 2.24144 2.34724 2.37124 2.58758 2.66431 2.68441 2.71634 2.73431 2.8229 2.96977 2.97292 3.01946 3.1145 3.16057 3.25804 
0.812803 1.54352 1.58656 1.78395 1.89597 2.24144 2.34724 2.37124 2.58758 2.66431 2.68441 2.71634 2.73431 2.8229 2.96977 2.97292 3.01946 3.1145 3.16057 3.25804 
0.812803 1.54352 1.58656 1.78395 1.89597 2.24144 2.34724 2.37124 2.58758 2.66431 2.68441 2.71634 2.73431 2.8229 2.96977 2.97292 3.01946 3.1145 3.16057 3.25804 
0.812803 1.54352 1.58656 1.78395 1.89597 2.24144 2.34724 2.37124 2.58758 2.66431 2.68441 2.71634 2.73431 2.8229 2.96977 2.97292 3.01946 3.1145 3.16057 3.25804 
0.812803 1.54352 1.58656 1.78395 1.89597 2.24144 2.34724 2.37124 2.58758 2.66431 2.68441 2.71634 2.73431 2.8229 2.96977 2.97292 3.01946 3.1145 3.16057 3.25804 
0.812803 1.54352 1.58656 1.78395 1.89597 2.24144 2.34724 2.37124 2.58758 2.66431 2.68441 2.71634 2.73431 2.8229 2.96977 2.97292 3.01946 3.1145 3.16057 3.25804 
0.812803 1.54352 1.58656 1.78395 1.89597 2.24144 2.34724 2.37124 2.58758 2.66431 2.68441 2.71634 2.73431 2.8229 2.96977 2.97292 3.01946 3.1145 3.16057 3.25804 
0.812803 1.54352 1.58656 1.78395 1.89597 2.24144 2.34724 2.37124 2.58758 2.66431 2.68441 2.71634 2.73431 2.8229 2.96977 2.97292 3.01946 3.1145 3.16057 3.25804 
0.812803 1.54352 1.58656 1.78395 1.89597 2.24144 2.34724 2.37124 2.58758 2.66431 2.68441 2.71634 2.73431 2.8229 2.96977 2.97292 3.01946 3.1145 3.16057 3.25804 
0.812803 1.54352 1.58656 1.78395 1.89597 2.24144 2.34724 2.37124 2.58758 2.66431 2.68441 2.71634 2.73431 2.8229 2.96977 2.97292 3.01946 3.1145 3.16057 3.25804 
0.812803 1.54352 1.58656 1.78395 1.89597 2.24144 2.34724 2.37124 2.58758 2.66431 2.68441 2.71634 2.73431 2.8229 2.96977 2.97292 3.01946 3.1145 3.16057 3.25804 
0.812803 1.54352 1.58656 1.78395 1.89597 2.24144 2.34724 2.37124 2.58758 2.66431 2.68441 2.71634 2.73431 2.8229 2.96977 2.97292 3.01946 3.1145 3.16057 3.25804 
0.812803 1.54352 1.58656 1.78395 1.89597 2.24144 2.34724 2.37124 2.58758 2.66431 2.68441 2.71634 2.73431 2.8229 2.96977 2.97292 3.01946 3.1145 3.16057 3.25804 
0.812803 1.54352 1.58656 1.78395 1.89597 2.24144 2.34724 2.37124 2.58758 2.66431 2.68441 2.71634 2.73431 2.8229 2.96977 2.97292 3.01946 3.1145 3.16057 3.25804 
0.812803 1.54352 1.58656 1.78395 1.89597 2.24144 2.34724 2.37124 2.58758 2.66431 2.68441 2.71634 2.73431 2.8229 2.96977 2.97292 3.01946 3.1145 3.16057 3.25804 
0.812803 1.54352 1.58656 1.78395 1.89597 2.24144 2.34724 2.37124 2.58758 2.66431 2.68441 2.71634 2.73431 2.8229 2.96977 2.97292 3.01946 3.1145 3.16057 3.25804 
0.812803 1.54352 1.58656 1.78395 1.89597 2.24144 2.34724 2.37124 2.58758 2.66431 2.68441 2.71634 2.73431 2.8229 2.96977 2.97292 3.01946 3.1145 3.16057 3.25804 
0.812803 1.54352 1.58656 1.78395 1.89597 2.24144 2.34724 2.37124 2.58758 2.66431 2.68441 2.71634 2.73431 2.8229 2.96977 2.97292 3.01946 3.1145 3.16057 3.25804 
0.812803 1.54352 1.58656 1.78395 1.89597 2.24144 2.34724 2.37124 2.58758 2.66431 2.68441 2.71634 2.73431 2.8229 2.96977 2.97292 3.01946 3.1145 3.16057 3.25804 
0.812803 1.54352 1.58656 1.78395 1.89597 2.24144 2.34724 2.37124 2.58758 2.66431 2.68441 2.71634 2.73431 2.8229 2.96977 2.97292 3.01946 3.1145 3.16057 3.25804 
0.812803 1.54352 1.58656 1.78395 1.89597 2.24144 2.34724 2.37124 2.58758 2.66431 2.68441 2.71634 2.73431 2.8229 2.96977 2.97292 3.01946 3.1145 3.16057 3.25804 
0.812803 1.54352 1.58656 1.78395 1.89597 2.24144 2.34724 2.37124 2.58758 2.66431 2.68441 2.71634 2.73431 2.8229 2.96977 2.97292 3.01946 3.1145 3.16057 3.25804 
0.812803 1.54352 1.58656 1.78395 1.89597 2.24144 2.34724 2.37124 2.58758 2.66431 2.68441 2.71634 2.73431 2.8229 2.96977 2.97292 3.01946 3.1145 3.16057 3.25804 
0.812803 1.54352 1.58656 1.78395 1.89597 2.24144 2.34724 2.37124 2.58758 2.66431 2.68441 2.71634 2.73431 2.8229 2.96977 2.97292 3.01946 3.1145 3.16057 3.25804 
0.812803 1.54352 1.58656 1.78395 1.89597 2.24144 2.34724 2.37124 2.58758 2.66431 2.68441 2.71634 2.73431 2.8229 2.96977 2.97292 3.01946 3.1145 3.16057 3.25804 
0.812803 1.54352 1.58656 1.78395 1.89597 2.24144 2.34724 2.37124 2.58758 2.66431 2.68441 2.71634 2.73431 2.8229 2.96977 2.97292 3.01946 3.1145 3.16057 3.25804 
0.812803 1.54352 1.58656 1.78395 1.89597 2.24144 2.34724 2.37124 2.58758 2.66431 2.68441 2.71634 2.73431 2.8229 2.96977 2.97292 3.01946 3.1145 3.16057 3.25804 
0.812803 1.54352 1.58656 1.78395 1.89597 2.24144 2.34724 2.37124 2.58758 2.66431 2.68441 2.71634 2.73431 2.8229 2.96977 2.97292 3.01946 3.1145 3.16057 3.25804 
0.812803 1.54352 1.58656 1.78395 1.89597 2.24144 2.34724 2.37124 2.58758 2.66431 2.68441 2.71634 2.73431 2.8229 2.96977 2.97292 3.01946 3.1145 3.16057 3.25804 
0.812803 1.54352 1.58656 1.78395 1.89597 2.24144 2.34724 2.37124 2.58758 2.66431 2.68441 2.71634 2.73431 2.8229 2.96977 2.97292 3.01946 3.1145 3.16057 3.25804 
0.812803 1.54352 1.58656 1.78395 1.89597 2.24144 2.34724 2.37124 2.58758 2.66431 2.68441 2.71634 2.73431 2.8229 2.96977 2.97292 3.01946 3.1145 3.16057 3.25804 
0.812803 1.54352 1.58656 1.78395 1.89597 2.24144 2.34724 2.37124 2.58758 2.66431 2.68441 2.71634 2.73431 2.8229 2.96977 2.97292 3.01946 3.1145 3.16057 3.25804 
0.812803 1.54352 1.58656 1.78395 1.89597 2.24144 2.34724 2.37124 2.58758 2.66431 2.68441 2.71634 2.73431 2.8229 2.96977 2.97292 3.01946 3.1145 3.16057 3.25804 
0.812803 1.54352 1.58656 1.78395 1.89597 2.24144 2.34724 2.37124 2.58758 2.66431 2.68441 2.71634 2.73431 2.8229 2.96977 2.97292 3.01946 3.1145 3.16057 3.25804 
0.812803 1.54352 1.58656 1.78395 1.89597 2.24144 2.34724 2.37124 2.58758 2.66431 2.68441 2.71634 2.73431 2.8229 2.96977 2.97292 3.01946 3.1145 3.16057 3.25804 
0.812803 1.54352 1.58656 1.78395 1.89597 2.24144 2.34724 2.37124 2.58758 2.66431 2.68441 2.71634 2.73431 2.8229 2.96977 2.97292 3.01946 3.1145 3.16057 3.25804 
0.812803 1.54352 1.58656 1.78395 1.89597 2.24144 2.34724 2.37124 2.58758 2.66431 2.68441 2.71634 2.73431 2.8229 2.96977 2.97292 3.01946 3.1145 3.16057 3.25804 
0.812803 1.54352 1.58656 1.78395 1.89597 2.24144 2.34724 2.37124 2.58758 2.66431 2.68441 2.71634 2.73431 2.8229 2.96977 2.97292 3.01946 3.1145 3.16057 3.25804 
0.812803 1.54352 1.58656 1.78395 1.89597 2.24144 2.34724 2.37124 2.58758 2.66431 2.68441 2.71634 2.73431 2.8229 2.96977 2.97292 3.01946 3.1145 3.16057 3.25804 
0.812803 1.54352 1.58656 1.78395 1.89597 2.24144 2.34724 2.37124 2.58758 2.66431 2.68441 2.71634 2.73431 2.8229 2.96977 2.97292 3.01946 3.1145 3.16057 3.25804 
0.812803 1.54352 1.58656 1.78395 1.89597 2.24144 2.34724 2.37124 2.58758 2.66431 2.68441 2.71634 2.73431 2.8229 2.96977 2.97292 3.01946 3.1145 3.16057 3.25804 
0.812803 1.54352 1.58656 1.78395 1.89597 2.24144 2.34724 2.37124 2.58758 2.66431 2.68441 2.71634 2.73431 2.8229 2.96977 2.97292 3.01946 3.1145 3.16057 3.25804 
0.812803 1.54352 1.58656 1.78395 1.89597 2.24144 2.34724 2.37124 2.58758 2.66431 2.68441 2.71634 2.73431 2.8229 2.96977 2.97292 3.01946 3.1145 3.16057 3.25804 
0.812803 1.54352 1.58656 1.78395 1.89597 2.24144 2.34724 2.37124 2.58758 2.66431 2.68441 2.71634 2.73431 2.8229 2.96977 2.97292 3.01946 3.1145 3.16057 3.25804 
0.812803 1.54352 1.58656 1.78395 1.89597 2.24144 2.34724 2.37124 2.58758 2.66431 2.68441 2.71634 2.73431 2.8229 2.96977 2.97292 3.01946 3.1145 3.16057 3.25804 
0.812803 1.54352 1.58656 1.78395 1.89597 2.24144 2.34724 2.37124 2.58758 2.66431 2.68441 2.71634 2.73431 2.8229 2.96977 2.97292 3.01946 3.1145 3.16057 3.25804 
0.812803 1.54352 1.58656 1.78395 1.89597 2.24144 2.34724 2.37124 2.58758 2.66431 2.68441 2.71634 2.73431 2.8229 2.96977 2.97292 3.01946 3.1145 3.16057 3.25804 
0.812803 1.54352 1.58656 1.78395 1.89597 2.24144 2.34724 2.37124 2.58758 2.66431 2.68441 2.71634 2.73431 2.8229 2.96977 2.97292 3.01946 3.1145 3.16057 3.25804 
0.812803 1.54352 1.58656 1.78395 1.89597 2.24144 2.34724 2.37124 2.58758 2.66431 2.68441 2.71634 2.73431 2.8229 2.96977 2.97292 3.01946 3.1145 3.16057 3.25804 
0.812803 1.54352 1.58656 1.78395 1.89597 2.24144 2.34724 2.37124 2.58758 2.66431 2.68441 2.71634 2.73431 2.8229 2.96977 2.97292 3.01946 3.1145 3.16057 3.25804 
0.812803 1.54352 1.58656 1.78395 1.89597 2.24144 2.34724 2.37124 2.58758 2.66431 2.68441 2.71634 2.73431 2.8229 2.96977 2.97292 3.01946 3.1145 3.16057 3.25804 
0.812803 1.54352 1.58656 1.78395 1.89597 2.24144 2.34724 2.37124 2.58758 2.66431 2.68441 2.71634 2.73431 2.8229 2.96977 2.97292 3.01946 3.1145 3.16057 3.25804 
0.812803 1.54352 1.58656 1.78395 1.89597 2.24144 2.34724 2.37124 2.58758 2.66431 2.68441 2.71634 2.73431 2.8229 2.96977 2.97292 3.01946 3.1145 3.16057 3.25804 
0.812803 1.54352 1.58656 1.78395 1.89597 2.24144 2.34724 2.37124 2.58758 2.66431 2.68441 2.71634 2.73431 2.8229 2.96977 2.97292 3.01946 3.1145 3.16057 3.25804 
