1.52565 2.65423 3.29401 3.60815 3.96822 4.55609 4.66891 4.95943 5.22521 5.32008 5.42074 5.64386 5.824 5.90103 5.96702 6.05125 6.08329 6.15623 6.20349 6.23007 
1.52565 2.65423 3.10371 3.29401 3.60815 3.96822 4.53994 4.54042 4.55609 4.66891 4.82312 4.95943 5.22521 5.32008 5.42074 5.64386 5.81868 5.824 5.90103 5.96702 
1.52565 2.65423 3.10371 3.29401 3.60815 3.76193 3.9282 3.96822 4.53994 4.54042 4.55609 4.66891 4.82312 4.95943 4.99151 5.22521 5.32008 5.42074 5.64386 5.81868 
1.52565 2.65423 3.10371 3.29401 3.60815 3.76193 3.9282 3.96822 4.53994 4.54042 4.55609 4.66891 4.82312 4.95943 4.99151 5.22521 5.32008 5.42074 5.64386 5.81868 
1.52565 2.65423 3.10371 3.29401 3.60815 3.76193 3.9282 3.96822 4.53994 4.54042 4.55609 4.66891 4.82312 4.95943 4.99151 5.22521 5.32008 5.42074 5.64386 5.81868 
1.52565 2.65423 2.86157 3.10371 3.29401 3.60815 3.76193 3.9282 3.96822 4.53994 4.54042 4.55609 4.66891 4.82312 4.91916 4.95943 4.99151 5.22521 5.32008 5.42074 
1.52565 2.65423 2.86157 3.10371 3.29401 3.60815 3.76193 3.9282 3.96822 4.53994 4.54042 4.55609 4.66891 4.82312 4.91916 4.95943 4.99151 5.22521 5.32008 5.42074 
1.52565 2.65423 2.86157 3.10371 3.29401 3.60815 3.76193 3.9282 3.96822 4.53994 4.54042 4.55609 4.58654 4.66891 4.82312 4.91916 4.95943 4.99151 5.22521 5.32008 
1.52565 2.65423 2.86157 3.10371 3.29401 3.60815 3.76193 3.9282 3.96822 4.53994 4.54042 4.55609 4.58654 4.66891 4.82312 4.91916 4.95943 4.99151 5.22521 5.32008 
1.52565 2.65423 2.86157 3.10371 3.29401 3.60815 3.76193 3.9282 3.96822 4.53994 4.54042 4.55609 4.58654 4.66891 4.82312 4.91916 4.95943 4.99151 5.22521 5.32008 
1.52565 2.65423 2.86157 3.10371 3.29401 3.60815 3.76193 3.9282 3.96822 4.53994 4.54042 4.55609 4.58654 4.66891 4.82312 4.91916 4.95943 4.99151 5.22521 5.32008 
1.52565 2.65423 2.86157 3.10371 3.29401 3.60815 3.76193 3.9282 3.96822 4.53994 4.54042 4.55609 4.58654 4.66891 4.82312 4.91916 4.95943 4.99151 5.22521 5.32008 
1.52565 2.65423 2.86157 3.10371 3.29401 3.60815 3.76193 3.9282 3.96822 4.06507 4.53994 4.54042 4.55609 4.58654 4.66891 4.82312 4.91916 4.95943 4.99151 5.22521 
1.52565 2.04501 2.65423 2.86157 3.10371 3.29401 3.60815 3.76193 3.9282 3.96822 4.06507 4.53994 4.54042 4.55609 4.58654 4.66891 4.82312 4.91916 4.95943 4.99151 
1.52565 2.04501 2.65423 2.86157 3.10371 3.27026 3.29401 3.60815 3.76193 3.9282 3.96822 4.06507 4.53994 4.54042 4.55609 4.58654 4.66891 4.82312 4.89134 4.91916 
1.52565 2.04501 2.65423 2.86157 3.10371 3.27026 3.29401 3.60815 3.76193 3.83599 3.9282 3.96822 4.06507 4.53994 4.54042 4.55609 4.58654 4.66891 4.82312 4.89134 
1.52565 2.04501 2.65423 2.86157 3.10371 3.27026 3.29401 3.60815 3.76193 3.83599 3.9282 3.96822 4.06507 4.53994 4.54042 4.55609 4.58654 4.66891 4.76663 4.82312 
1.52565 2.04501 2.65423 2.86157 3.10371 3.27026 3.29401 3.60815 3.76193 3.83599 3.9282 3.96822 4.06507 4.53994 4.54042 4.55609 4.58654 4.66891 4.76663 4.82312 
1.52565 2.04501 2.65423 2.86157 3.10371 3.27026 3.29401 3.60815 3.76193 3.83599 3.9282 3.96626 3.96822 4.06507 4.53994 4.54042 4.5482 4.55609 4.58654 4.66891 
0.420226 1.52565 2.04501 2.65423 2.86157 2.89888 3.10371 3.27026 3.28896 3.29401 3.60815 3.76193 3.83599 3.9282 3.96626 3.96822 4.06507 4.53994 4.54042 4.5482 
0.420226 0.650307 1.52565 2.04501 2.65423 2.86157 2.89888 3.10371 3.27026 3.28896 3.29401 3.60815 3.76193 3.83599 3.9282 3.96626 3.96822 4.06507 4.27289 4.53994 
0.420226 0.650307 1.52565 2.04501 2.65423 2.86157 2.89888 3.10371 3.27026 3.28896 3.29401 3.60815 3.76193 3.83599 3.9282 3.96626 3.96822 4.06507 4.27289 4.49471 
0.420226 0.650307 1.52565 2.04501 2.65423 2.86157 2.89888 3.10371 3.27026 3.28896 3.29401 3.60815 3.76193 3.83599 3.9282 3.96626 3.96822 4.06507 4.21451 4.27289 
0.420226 0.650307 1.52565 2.04501 2.65423 2.86157 2.89888 3.10371 3.27026 3.28896 3.29401 3.60815 3.76193 3.83599 3.88572 3.9282 3.96626 3.96822 4.06507 4.21451 
0.420226 0.650307 1.52565 2.04501 2.65423 2.86157 2.89888 3.10371 3.27026 3.28896 3.29401 3.60815 3.76193 3.83599 3.88572 3.9282 3.96626 3.96822 4.06507 4.21451 
0.420226 0.650307 1.52565 2.04501 2.65423 2.86157 2.89888 3.10371 3.27026 3.28896 3.29401 3.52448 3.60815 3.69096 3.76193 3.83599 3.88572 3.9282 3.96626 3.96822 
0.420226 0.650307 1.52565 2.04501 2.65423 2.86157 2.89888 3.10371 3.27026 3.28896 3.29401 3.3214 3.52448 3.60815 3.69096 3.76193 3.80441 3.83599 3.88572 3.9282 
0.420226 0.650307 1.52565 2.04501 2.04532 2.65423 2.86157 2.89888 3.10371 3.27026 3.28896 3.29401 3.3214 3.52448 3.58946 3.60815 3.69096 3.76193 3.80441 3.83599 
0.420226 0.650307 1.24541 1.52565 1.85845 2.04501 2.04532 2.65423 2.86157 2.89888 3.10371 3.27026 3.28896 3.29401 3.3214 3.38055 3.52448 3.58946 3.60815 3.69096 
0.420226 0.650307 1.24541 1.52565 1.85845 2.04501 2.04532 2.65423 2.86157 2.89888 3.10371 3.27026 3.28896 3.29401 3.3214 3.38055 3.48965 3.50602 3.52448 3.58946 
0.420226 0.650307 1.24541 1.52565 1.85845 2.04501 2.04532 2.65423 2.86157 2.89888 3.10371 3.25573 3.27026 3.28896 3.29401 3.3214 3.38055 3.48965 3.50602 3.52448 
0.23732 0.420226 0.650307 1.24541 1.52565 1.85845 2.04501 2.04532 2.65423 2.86157 2.89888 3.10371 3.21319 3.25573 3.27026 3.28896 3.29401 3.3214 3.3737 3.38055 
0.23732 0.420226 0.650307 1.24541 1.52565 1.85845 2.04501 2.04532 2.20445 2.65423 2.82959 2.86157 2.89888 2.92332 2.97057 3.06181 3.10371 3.15511 3.21319 3.25573 
0.23732 0.420226 0.650307 1.24541 1.52565 1.85845 2.04501 2.04532 2.20445 2.65423 2.7657 2.82959 2.86157 2.89888 2.92332 2.97057 3.06181 3.10371 3.15511 3.15958 
0.23732 0.420226 0.650307 1.24541 1.52565 1.85845 2.04501 2.04532 2.20445 2.52792 2.65423 2.7657 2.82959 2.86157 2.89888 2.92332 2.97057 3.06181 3.10371 3.15511 
0.23732 0.420226 0.650307 1.24541 1.52565 1.85845 2.04501 2.04532 2.20445 2.52792 2.65423 2.7657 2.82959 2.86157 2.89888 2.92332 2.97057 3.06181 3.10371 3.11561 
0.23732 0.420226 0.650307 1.24541 1.52565 1.85845 2.04501 2.04532 2.20445 2.52792 2.65423 2.7657 2.82959 2.86157 2.89888 2.92332 2.97057 3.06181 3.10371 3.11561 
0.23732 0.420226 0.650307 1.24541 1.52565 1.85845 2.04501 2.04532 2.20445 2.52792 2.60728 2.65423 2.7657 2.78984 2.82959 2.86157 2.89888 2.91854 2.92332 2.92482 
0.23732 0.420226 0.650307 1.24541 1.52565 1.85845 1.94055 2.04501 2.04532 2.20445 2.52792 2.56505 2.60728 2.65423 2.7657 2.78984 2.82959 2.86157 2.89888 2.91854 
0.23732 0.420226 0.650307 1.24541 1.52565 1.85845 1.89691 1.94055 2.04501 2.04532 2.20445 2.52792 2.52797 2.56505 2.60728 2.65423 2.7657 2.78984 2.82959 2.86157 
0.23732 0.420226 0.650307 1.24541 1.52565 1.85845 1.89691 1.94055 2.04501 2.04532 2.20445 2.52792 2.52797 2.56505 2.60728 2.65423 2.7657 2.78984 2.82959 2.86157 
0.23732 0.420226 0.650307 1.24541 1.52565 1.62016 1.85845 1.89691 1.94055 2.04501 2.04532 2.20445 2.52792 2.52797 2.56505 2.60728 2.65423 2.7657 2.78984 2.82959 
0.23732 0.420226 0.650307 1.24541 1.52565 1.62016 1.85845 1.89691 1.94055 2.04501 2.04532 2.20445 2.40713 2.50043 2.52792 2.52797 2.56505 2.60728 2.65423 2.7657 
0.23732 0.420226 0.650307 1.24541 1.48252 1.52565 1.62016 1.85845 1.89691 1.94055 2.04501 2.04532 2.20445 2.40713 2.50043 2.52792 2.52797 2.56505 2.60728 2.65423 
0.23732 0.420226 0.650307 1.24541 1.48252 1.52565 1.62016 1.85845 1.89691 1.94055 2.04501 2.04532 2.20445 2.40713 2.50043 2.52792 2.52797 2.56505 2.60728 2.65423 
0.23732 0.420226 0.650307 1.24541 1.48252 1.52565 1.62016 1.85845 1.89691 1.94055 2.04501 2.04532 2.20445 2.40713 2.50043 2.52792 2.52797 2.56505 2.60728 2.65423 
0.23732 0.420226 0.650307 1.24541 1.48252 1.52565 1.62016 1.85845 1.89691 1.94055 2.04501 2.04532 2.20445 2.40713 2.50043 2.52792 2.52797 2.56505 2.60728 2.65423 
0.23732 0.420226 0.650307 1.24541 1.48252 1.52565 1.62016 1.85845 1.89691 1.94055 1.96708 2.04501 2.04532 2.20445 2.40713 2.50043 2.52792 2.52797 2.56505 2.60728 
0.23732 0.420226 0.650307 1.24541 1.48252 1.52565 1.62016 1.85845 1.89691 1.94055 1.96708 2.04501 2.04532 2.20445 2.40713 2.50043 2.52792 2.52797 2.56505 2.60728 
0.23732 0.420226 0.650307 0.82722 1.24541 1.48252 1.52565 1.62016 1.85845 1.89691 1.94055 1.96708 2.04501 2.04532 2.20445 2.40713 2.50043 2.52792 2.52797 2.56505 
0.23732 0.420226 0.650307 0.82722 1.24541 1.48252 1.52565 1.62016 1.85845 1.89691 1.94055 1.96708 2.04501 2.04532 2.20445 2.40713 2.50043 2.52792 2.52797 2.56505 
0.23732 0.420226 0.650307 0.82722 1.24541 1.48252 1.52565 1.62016 1.85845 1.89691 1.94055 1.96708 2.04501 2.04532 2.20445 2.40713 2.46246 2.50043 2.52792 2.52797 
0.23732 0.420226 0.650307 0.82722 1.24541 1.48252 1.52565 1.62016 1.85845 1.89691 1.94055 1.96708 2.04501 2.04532 2.20445 2.40713 2.46246 2.50043 2.52792 2.52797 
0.23732 0.420226 0.650307 0.82722 1.04945 1.24541 1.48252 1.52565 1.62016 1.85845 1.89691 1.94055 1.96708 2.02982 2.04501 2.04532 2.20445 2.40713 2.46246 2.50043 
0.23732 0.420226 0.650307 0.82722 1.04945 1.24541 1.48252 1.52565 1.62016 1.85845 1.89691 1.94055 1.96708 2.02982 2.04501 2.04532 2.20445 2.40713 2.46246 2.50043 
0.23732 0.420226 0.650307 0.82722 1.04945 1.24541 1.48252 1.52565 1.62016 1.85845 1.89691 1.94055 1.96708 2.02982 2.04501 2.04532 2.20445 2.40713 2.46246 2.50043 
0.23732 0.420226 0.650307 0.82722 1.04945 1.24541 1.48252 1.52565 1.62016 1.85845 1.89691 1.94055 1.96708 2.02982 2.04501 2.04532 2.0705 2.20445 2.40713 2.46246 
0.23732 0.420226 0.650307 0.82722 1.04945 1.24541 1.48252 1.52565 1.62016 1.85845 1.89691 1.94055 1.96708 2.02982 2.04501 2.04532 2.0705 2.20445 2.40713 2.46246 
0.23732 0.420226 0.650307 0.82722 1.04945 1.19203 1.24541 1.48252 1.52565 1.62016 1.85845 1.89691 1.94055 1.96708 2.02982 2.04501 2.04532 2.0705 2.20445 2.40713 
0.23732 0.420226 0.650307 0.82722 1.04945 1.19203 1.24541 1.48252 1.52565 1.62016 1.85845 1.89691 1.94055 1.96708 2.02982 2.04501 2.04532 2.0705 2.20445 2.40713 
0.23732 0.420226 0.650307 0.82722 1.04945 1.19203 1.24541 1.48252 1.52565 1.62016 1.85845 1.89691 1.94055 1.96708 2.02982 2.04501 2.04532 2.0705 2.20445 2.40713 
0.23732 0.420226 0.650307 0.82722 1.04945 1.19203 1.21634 1.24541 1.48252 1.52565 1.62016 1.6363 1.85845 1.89691 1.94055 1.96708 2.02982 2.04501 2.04532 2.0705 
0.23732 0.420226 0.650307 0.82722 1.04945 1.19203 1.21634 1.24541 1.48252 1.52565 1.62016 1.6363 1.85845 1.89691 1.94055 1.96708 2.02982 2.04501 2.04532 2.0705 
0.23732 0.420226 0.650307 0.82722 1.04945 1.19203 1.21634 1.24541 1.48252 1.52565 1.62016 1.6363 1.85845 1.89691 1.94055 1.96708 2.02982 2.04501 2.04532 2.0705 
0.23732 0.420226 0.650307 0.82722 1.04945 1.19203 1.21634 1.24541 1.48252 1.52565 1.62016 1.6363 1.84583 1.85845 1.89691 1.94055 1.96708 2.02982 2.04501 2.04532 
0.23732 0.420226 0.650307 0.82722 1.04945 1.19203 1.21634 1.24541 1.48252 1.52565 1.62016 1.6363 1.84583 1.85845 1.89691 1.94055 1.96708 2.02982 2.04501 2.04532 
0.23732 0.420226 0.650307 0.82722 1.04945 1.19203 1.21634 1.24541 1.48252 1.52565 1.62016 1.6363 1.84583 1.85845 1.89691 1.94055 1.96708 2.02982 2.04501 2.04532 
0.23732 0.420226 0.650307 0.82722 1.04945 1.19203 1.21634 1.24541 1.48252 1.52565 1.62016 1.6363 1.84583 1.85845 1.89691 1.94055 1.96708 2.02982 2.04501 2.04532 
0.23732 0.420226 0.650307 0.82722 1.04945 1.19203 1.21634 1.24541 1.48252 1.52565 1.62016 1.6363 1.84583 1.85845 1.89691 1.94055 1.96708 2.02982 2.04501 2.04532 
0.23732 0.420226 0.650307 0.82722 1.04945 1.19203 1.21634 1.24541 1.48252 1.52565 1.62016 1.6363 1.84583 1.85845 1.89691 1.94055 1.96708 2.02982 2.04501 2.04532 
0.23732 0.420226 0.650307 0.82722 1.04945 1.19203 1.21634 1.24541 1.48252 1.52565 1.62016 1.6363 1.84583 1.85845 1.89691 1.94055 1.96708 2.02982 2.04501 2.04532 
0.23732 0.420226 0.650307 0.82722 1.04945 1.19203 1.21634 1.24541 1.48252 1.52565 1.62016 1.6363 1.84583 1.85845 1.89691 1.94055 1.96708 2.02982 2.04501 2.04532 
0.23732 0.420226 0.650307 0.82722 1.04945 1.19203 1.21634 1.24541 1.48252 1.52565 1.62016 1.6363 1.84583 1.85845 1.89691 1.94055 1.95512 1.96708 2.02982 2.04501 
0.23732 0.420226 0.650307 0.82722 1.04945 1.19203 1.21634 1.24541 1.48252 1.52565 1.62016 1.6363 1.84583 1.85845 1.89691 1.94055 1.95512 1.96708 2.02982 2.04501 
0.23732 0.420226 0.650307 0.82722 1.04945 1.19203 1.21634 1.24541 1.48252 1.52565 1.62016 1.6363 1.84583 1.85845 1.89691 1.94055 1.95512 1.96708 2.02982 2.04501 
0.23732 0.420226 0.650307 0.82722 1.04945 1.19203 1.21634 1.24541 1.48252 1.52565 1.62016 1.6363 1.84583 1.85845 1.89691 1.94055 1.95512 1.96708 2.02982 2.04501 
0.23732 0.420226 0.650307 0.82722 1.04945 1.19203 1.21634 1.24541 1.48252 1.52565 1.62016 1.6363 1.84583 1.85845 1.89691 1.94055 1.95512 1.96708 2.02982 2.04501 
0.23732 0.420226 0.650307 0.82722 1.04945 1.19203 1.21634 1.24541 1.48252 1.52565 1.62016 1.6363 1.84583 1.85845 1.89691 1.94055 1.95512 1.96708 2.02982 2.04501 
0.23732 0.420226 0.650307 0.82722 1.04945 1.19203 1.21634 1.24541 1.48252 1.52565 1.62016 1.6363 1.84583 1.85845 1.89691 1.94055 1.95512 1.96708 2.02982 2.04501 
0.23732 0.420226 0.650307 0.82722 1.04945 1.19203 1.21634 1.24541 1.48252 1.52565 1.62016 1.6363 1.84583 1.85845 1.89691 1.94055 1.95512 1.96708 2.01447 2.02982 
0.23732 0.420226 0.650307 0.82722 1.04945 1.19203 1.21634 1.24541 1.48252 1.52565 1.62016 1.6363 1.69001 1.84583 1.85845 1.89691 1.94055 1.95512 1.96708 2.01447 
0.23732 0.420226 0.650307 0.82722 1.04945 1.19203 1.21634 1.24541 1.48252 1.52565 1.62016 1.6363 1.69001 1.84583 1.85845 1.89691 1.94055 1.95512 1.96708 2.01447 
0.23732 0.420226 0.650307 0.82722 1.04945 1.19203 1.21634 1.24541 1.48252 1.52565 1.62016 1.6363 1.69001 1.84583 1.85845 1.89691 1.93165 1.94055 1.95512 1.96708 
0.23732 0.420226 0.650307 0.82722 1.04945 1.19203 1.21634 1.24541 1.48252 1.52565 1.62016 1.6363 1.69001 1.71495 1.75667 1.84583 1.85845 1.89691 1.93165 1.94055 
0.23732 0.420226 0.650307 0.82722 1.04945 1.19203 1.21634 1.24541 1.33018 1.48252 1.52565 1.62016 1.6363 1.69001 1.71495 1.75667 1.84583 1.85845 1.89691 1.93165 
0.23732 0.420226 0.650307 0.82722 1.04945 1.19203 1.21634 1.24541 1.24589 1.33018 1.48252 1.52565 1.62016 1.6363 1.69001 1.71495 1.75667 1.78616 1.84583 1.85845 
0.23732 0.420226 0.650307 0.82722 1.04945 1.19203 1.21634 1.24541 1.24589 1.33018 1.36789 1.48252 1.52565 1.55771 1.62016 1.62318 1.6363 1.67956 1.69001 1.71495 
0.23732 0.420226 0.650307 0.82722 1.04945 1.12636 1.16153 1.19203 1.21634 1.24541 1.24589 1.33018 1.36789 1.48252 1.52175 1.52565 1.53953 1.55771 1.62016 1.62318 
0.23732 0.420226 0.650307 0.82722 1.04945 1.12636 1.16153 1.19203 1.21634 1.24072 1.24541 1.24589 1.33018 1.36789 1.48252 1.52175 1.52565 1.53953 1.55771 1.62016 
0.23732 0.420226 0.650307 0.82722 1.04945 1.12636 1.16153 1.19203 1.21634 1.24072 1.24541 1.24589 1.25733 1.33018 1.36789 1.48252 1.52175 1.52565 1.53953 1.55771 
0.23732 0.420226 0.530705 0.650307 0.82722 1.04945 1.12636 1.16153 1.19203 1.21634 1.24072 1.24541 1.24589 1.25733 1.33018 1.36789 1.46143 1.48252 1.52175 1.52565 
0.23732 0.420226 0.530705 0.650307 0.82722 0.96968 1.04945 1.12636 1.16153 1.19203 1.21634 1.24072 1.24541 1.24589 1.25733 1.33018 1.36789 1.46143 1.48252 1.52175 
0.23732 0.420226 0.530705 0.650307 0.82722 0.96968 1.04945 1.12636 1.16153 1.19203 1.21634 1.24072 1.24541 1.24589 1.25733 1.33018 1.36789 1.41436 1.46143 1.48252 
0.23732 0.420226 0.530705 0.650307 0.82722 0.934573 0.96968 1.04945 1.12636 1.16153 1.1655 1.19203 1.21634 1.24072 1.24541 1.24589 1.25733 1.33018 1.36789 1.41436 
0.23732 0.420226 0.530705 0.650307 0.82722 0.934573 0.96968 1.01194 1.02215 1.04945 1.05513 1.12636 1.16153 1.1655 1.19203 1.21634 1.24072 1.24541 1.24589 1.25733 
0.23732 0.420226 0.530705 0.650307 0.82722 0.934573 0.96968 1.01194 1.02215 1.04945 1.05513 1.12636 1.16153 1.1655 1.19203 1.21634 1.24072 1.24541 1.24589 1.25733 
0.23732 0.420226 0.530705 0.650307 0.82722 0.934573 0.96968 1.01194 1.02215 1.03924 1.04945 1.05513 1.12636 1.16153 1.1655 1.19203 1.20433 1.21634 1.24072 1.24541 
0.23732 0.420226 0.530705 0.650307 0.719127 0.82722 0.917443 0.934573 0.951657 0.96968 1.01194 1.02215 1.03924 1.04945 1.05513 1.12636 1.1531 1.16153 1.1655 1.19203 
0.23732 0.420226 0.530705 0.650307 0.719127 0.774057 0.82722 0.917443 0.934573 0.951657 0.96968 1.01194 1.02215 1.03924 1.04945 1.05404 1.05513 1.10633 1.12636 1.1531 
0.23732 0.420226 0.530705 0.650307 0.719127 0.774057 0.82722 0.85166 0.917443 0.934573 0.951657 0.96968 0.987108 1.01073 1.01194 1.02215 1.03621 1.03924 1.04945 1.05404 
