1.30807 2.27056 2.4793 2.49704 2.61958 2.67295 2.69844 2.75127 2.87119 3.1339 3.24328 3.2853 3.34312 3.4074 3.558 3.56341 3.75918 3.78789 3.93358 3.95815 
0.495693 1.30807 2.22725 2.27056 2.4793 2.49704 2.5959 2.61359 2.61958 2.67295 2.69844 2.75127 2.87119 2.99907 3.1339 3.24328 3.2853 3.34312 3.4074 3.558 
0.495693 1.30807 1.97914 2.22725 2.27056 2.4793 2.49704 2.5959 2.61359 2.61958 2.67295 2.69844 2.75127 2.87119 2.90427 2.99907 3.1339 3.24328 3.2853 3.34312 
0.495693 1.30807 1.97914 2.22725 2.27056 2.4793 2.49704 2.5959 2.61359 2.61958 2.67295 2.69844 2.75127 2.87119 2.90427 2.99907 3.1339 3.15695 3.24328 3.26595 
0.495693 1.30807 1.97914 2.22725 2.27056 2.4793 2.49704 2.5959 2.61359 2.61958 2.67295 2.69844 2.70879 2.75127 2.8605 2.87119 2.90427 2.99907 3.1339 3.15695 
0.495693 1.30807 1.97914 2.22725 2.27056 2.4793 2.49704 2.5959 2.61359 2.61958 2.67295 2.69844 2.70879 2.75127 2.8605 2.87119 2.90427 2.94619 2.99907 3.1339 
0.495693 1.30807 1.97914 2.22725 2.27056 2.4793 2.49704 2.5959 2.60906 2.61021 2.61359 2.61958 2.67295 2.69844 2.70879 2.75127 2.8605 2.87119 2.90427 2.94619 
0.495693 1.30807 1.97914 2.22725 2.27056 2.4793 2.49704 2.5959 2.60906 2.61021 2.61359 2.61958 2.67295 2.69844 2.70879 2.75127 2.8605 2.87119 2.90427 2.94619 
0.495693 1.30807 1.97914 2.22725 2.27056 2.4793 2.49704 2.5959 2.60906 2.61021 2.61359 2.61958 2.67295 2.69844 2.70879 2.75127 2.8605 2.87119 2.90427 2.94619 
0.495693 1.30807 1.97914 2.22725 2.27056 2.4793 2.49704 2.5959 2.60906 2.61021 2.61359 2.61958 2.67295 2.69844 2.70879 2.75127 2.8605 2.87119 2.90427 2.94619 
0.495693 1.30807 1.97914 2.22725 2.27056 2.4793 2.49704 2.5959 2.60906 2.61021 2.61359 2.61958 2.67295 2.69844 2.70879 2.75127 2.8605 2.87119 2.90427 2.94619 
0.495693 1.30807 1.97914 2.22725 2.27056 2.4793 2.49704 2.5959 2.60906 2.61021 2.61359 2.61958 2.67295 2.69844 2.70879 2.75127 2.8605 2.87119 2.90427 2.94619 
0.495693 1.30807 1.97914 2.22725 2.27056 2.4793 2.49704 2.5959 2.60906 2.61021 2.61359 2.61958 2.67295 2.69844 2.70879 2.75127 2.8605 2.87119 2.90427 2.94619 
0.495693 1.30807 1.97914 2.22725 2.27056 2.4793 2.49704 2.5959 2.60906 2.61021 2.61359 2.61958 2.67295 2.69844 2.70879 2.75127 2.8605 2.87119 2.90427 2.94619 
0.495693 1.30807 1.97914 2.22725 2.27056 2.4793 2.49704 2.5959 2.60906 2.61021 2.61359 2.61958 2.67295 2.69844 2.70879 2.75127 2.8605 2.87119 2.90427 2.94619 
0.495693 1.30807 1.97914 2.22725 2.27056 2.4793 2.49704 2.5959 2.60906 2.61021 2.61359 2.61958 2.67295 2.69844 2.70879 2.75127 2.8605 2.87119 2.90427 2.94619 
0.495693 1.30807 1.97914 2.22725 2.27056 2.4793 2.49704 2.5959 2.60906 2.61021 2.61359 2.61958 2.67295 2.69844 2.70879 2.75127 2.8605 2.87119 2.90427 2.94619 
0.495693 1.30807 1.97914 2.22725 2.27056 2.4793 2.49704 2.5959 2.60906 2.61021 2.61359 2.61958 2.67295 2.69844 2.70879 2.75127 2.8605 2.87119 2.90427 2.94619 
0.495693 1.30807 1.97914 2.22725 2.27056 2.4793 2.49704 2.5959 2.60906 2.61021 2.61359 2.61958 2.67295 2.69844 2.70879 2.75127 2.8605 2.87119 2.90427 2.94619 
0.495693 1.30807 1.97914 2.22725 2.27056 2.4793 2.49704 2.5959 2.60906 2.61021 2.61359 2.61958 2.67295 2.69844 2.70879 2.75127 2.8605 2.87119 2.90427 2.94619 
0.495693 1.30807 1.97914 2.22725 2.27056 2.4793 2.49704 2.5959 2.60906 2.61021 2.61359 2.61958 2.67295 2.69844 2.70879 2.75127 2.8605 2.87119 2.90427 2.94619 
0.495693 1.30807 1.97914 2.22725 2.27056 2.4793 2.49704 2.5959 2.60906 2.61021 2.61359 2.61958 2.67295 2.69844 2.70879 2.75127 2.8605 2.87119 2.90427 2.94619 
0.495693 1.30807 1.97914 2.22725 2.27056 2.4793 2.49704 2.5959 2.60906 2.61021 2.61359 2.61958 2.67295 2.69844 2.70879 2.75127 2.8605 2.87119 2.90427 2.94619 
0.495693 1.30807 1.97914 2.22725 2.27056 2.4793 2.49704 2.5959 2.60906 2.61021 2.61359 2.61958 2.67295 2.69844 2.70879 2.75127 2.8605 2.87119 2.90427 2.94619 
0.495693 1.30807 1.97914 2.22725 2.27056 2.4793 2.49704 2.5959 2.60906 2.61021 2.61359 2.61958 2.67295 2.69844 2.70879 2.75127 2.8605 2.87119 2.90427 2.94619 
0.495693 1.30807 1.97914 2.22725 2.27056 2.4793 2.49704 2.5959 2.60906 2.61021 2.61359 2.61958 2.67295 2.69844 2.70879 2.75127 2.8605 2.87119 2.90427 2.94619 
0.495693 1.30807 1.97914 2.22725 2.27056 2.4793 2.49704 2.5959 2.60906 2.61021 2.61359 2.61958 2.67295 2.69844 2.70879 2.75127 2.8605 2.87119 2.90427 2.94619 
0.495693 1.30807 1.97914 2.22725 2.27056 2.4793 2.49704 2.5959 2.60906 2.61021 2.61359 2.61958 2.67295 2.69844 2.70879 2.75127 2.8605 2.87119 2.90427 2.94619 
0.495693 1.30807 1.97914 2.22725 2.27056 2.4793 2.49704 2.5959 2.60906 2.61021 2.61359 2.61958 2.67295 2.69844 2.70879 2.75127 2.8605 2.87119 2.90427 2.94619 
0.495693 1.30807 1.97914 2.22725 2.27056 2.4793 2.49704 2.5959 2.60906 2.61021 2.61359 2.61958 2.67295 2.69844 2.70879 2.75127 2.8605 2.87119 2.90427 2.94619 
0.495693 1.30807 1.97914 2.22725 2.27056 2.4793 2.49704 2.5959 2.60906 2.61021 2.61359 2.61958 2.67295 2.69844 2.70879 2.75127 2.8605 2.87119 2.90427 2.94619 
0.495693 1.30807 1.97914 2.22725 2.27056 2.4793 2.49704 2.5959 2.60906 2.61021 2.61359 2.61958 2.67295 2.69844 2.70879 2.75127 2.8605 2.87119 2.90427 2.94619 
0.495693 1.30807 1.97914 2.22725 2.27056 2.4793 2.49704 2.5959 2.60906 2.61021 2.61359 2.61958 2.67295 2.69844 2.70879 2.75127 2.8605 2.87119 2.90427 2.94619 
0.495693 1.30807 1.97914 2.22725 2.27056 2.4793 2.49704 2.5959 2.60906 2.61021 2.61359 2.61958 2.67295 2.69844 2.70879 2.75127 2.8605 2.87119 2.90427 2.94619 
0.495693 1.30807 1.97914 2.22725 2.27056 2.4793 2.49704 2.5959 2.60906 2.61021 2.61359 2.61958 2.67295 2.69844 2.70879 2.75127 2.8605 2.87119 2.90427 2.94619 
0.495693 1.30807 1.97914 2.22725 2.27056 2.4793 2.49704 2.5959 2.60906 2.61021 2.61359 2.61958 2.67295 2.69844 2.70879 2.75127 2.8605 2.87119 2.90427 2.94619 
0.495693 1.30807 1.97914 2.22725 2.27056 2.4793 2.49704 2.5959 2.60906 2.61021 2.61359 2.61958 2.67295 2.69844 2.70879 2.75127 2.8605 2.87119 2.90427 2.94619 
0.495693 1.30807 1.97914 2.22725 2.27056 2.4793 2.49704 2.5959 2.60906 2.61021 2.61359 2.61958 2.67295 2.69844 2.70879 2.75127 2.8605 2.87119 2.90427 2.94619 
0.495693 1.30807 1.97914 2.22725 2.27056 2.4793 2.49704 2.5959 2.60906 2.61021 2.61359 2.61958 2.67295 2.69844 2.70879 2.75127 2.8605 2.87119 2.90427 2.94619 
0.495693 1.30807 1.97914 2.22725 2.27056 2.4793 2.49704 2.5959 2.60906 2.61021 2.61359 2.61958 2.67295 2.69844 2.70879 2.75127 2.8605 2.87119 2.90427 2.94619 
0.495693 1.30807 1.97914 2.22725 2.27056 2.4793 2.49704 2.5959 2.60906 2.61021 2.61359 2.61958 2.67295 2.69844 2.70879 2.75127 2.8605 2.87119 2.90427 2.94619 
0.495693 1.30807 1.97914 2.22725 2.27056 2.4793 2.49704 2.5959 2.60906 2.61021 2.61359 2.61958 2.67295 2.69844 2.70879 2.75127 2.8605 2.87119 2.90427 2.94619 
0.495693 1.30807 1.97914 2.22725 2.27056 2.4793 2.49704 2.5959 2.60906 2.61021 2.61359 2.61958 2.67295 2.69844 2.70879 2.75127 2.8605 2.87119 2.90427 2.94619 
0.495693 1.30807 1.97914 2.22725 2.27056 2.4793 2.49704 2.5959 2.60906 2.61021 2.61359 2.61958 2.67295 2.69844 2.70879 2.75127 2.8605 2.87119 2.90427 2.94619 
0.495693 1.30807 1.97914 2.22725 2.27056 2.4793 2.49704 2.5959 2.60906 2.61021 2.61359 2.61958 2.67295 2.69844 2.70879 2.75127 2.8605 2.87119 2.90427 2.94619 
0.495693 1.30807 1.97914 2.22725 2.27056 2.4793 2.49704 2.5959 2.60906 2.61021 2.61359 2.61958 2.67295 2.69844 2.70879 2.75127 2.8605 2.87119 2.90427 2.94619 
0.495693 1.30807 1.97914 2.22725 2.27056 2.4793 2.49704 2.5959 2.60906 2.61021 2.61359 2.61958 2.67295 2.69844 2.70879 2.75127 2.8605 2.87119 2.90427 2.94619 
0.495693 1.30807 1.97914 2.22725 2.27056 2.4793 2.49704 2.5959 2.60906 2.61021 2.61359 2.61958 2.67295 2.69844 2.70879 2.75127 2.8605 2.87119 2.90427 2.94619 
0.495693 1.30807 1.97914 2.22725 2.27056 2.4793 2.49704 2.5959 2.60906 2.61021 2.61359 2.61958 2.67295 2.69844 2.70879 2.75127 2.8605 2.87119 2.90427 2.94619 
0.495693 1.30807 1.97914 2.22725 2.27056 2.4793 2.49704 2.5959 2.60906 2.61021 2.61359 2.61958 2.67295 2.69844 2.70879 2.75127 2.8605 2.87119 2.90427 2.94619 
0.495693 1.30807 1.97914 2.22725 2.27056 2.4793 2.49704 2.5959 2.60906 2.61021 2.61359 2.61958 2.67295 2.69844 2.70879 2.75127 2.8605 2.87119 2.90427 2.94619 
0.495693 1.30807 1.97914 2.22725 2.27056 2.4793 2.49704 2.5959 2.60906 2.61021 2.61359 2.61958 2.67295 2.69844 2.70879 2.75127 2.8605 2.87119 2.90427 2.94619 
0.495693 1.30807 1.97914 2.22725 2.27056 2.4793 2.49704 2.5959 2.60906 2.61021 2.61359 2.61958 2.67295 2.69844 2.70879 2.75127 2.8605 2.87119 2.90427 2.94619 
0.495693 1.30807 1.97914 2.22725 2.27056 2.4793 2.49704 2.5959 2.60906 2.61021 2.61359 2.61958 2.67295 2.69844 2.70879 2.75127 2.8605 2.87119 2.90427 2.94619 
0.495693 1.30807 1.97914 2.22725 2.27056 2.4793 2.49704 2.5959 2.60906 2.61021 2.61359 2.61958 2.67295 2.69844 2.70879 2.75127 2.8605 2.87119 2.90427 2.94619 
0.495693 1.30807 1.97914 2.22725 2.27056 2.4793 2.49704 2.5959 2.60906 2.61021 2.61359 2.61958 2.67295 2.69844 2.70879 2.75127 2.8605 2.87119 2.90427 2.94619 
0.495693 1.30807 1.97914 2.22725 2.27056 2.4793 2.49704 2.5959 2.60906 2.61021 2.61359 2.61958 2.67295 2.69844 2.70879 2.75127 2.8605 2.87119 2.90427 2.94619 
0.495693 1.30807 1.97914 2.22725 2.27056 2.4793 2.49704 2.5959 2.60906 2.61021 2.61359 2.61958 2.67295 2.69844 2.70879 2.75127 2.8605 2.87119 2.90427 2.94619 
0.495693 1.30807 1.97914 2.22725 2.27056 2.4793 2.49704 2.5959 2.60906 2.61021 2.61359 2.61958 2.67295 2.69844 2.70879 2.75127 2.8605 2.87119 2.90427 2.94619 
0.495693 1.30807 1.97914 2.22725 2.27056 2.4793 2.49704 2.5959 2.60906 2.61021 2.61359 2.61958 2.67295 2.69844 2.70879 2.75127 2.8605 2.87119 2.90427 2.94619 
0.495693 1.30807 1.97914 2.22725 2.27056 2.4793 2.49704 2.5959 2.60906 2.61021 2.61359 2.61958 2.67295 2.69844 2.70879 2.75127 2.8605 2.87119 2.90427 2.94619 
0.495693 1.30807 1.97914 2.22725 2.27056 2.4793 2.49704 2.5959 2.60906 2.61021 2.61359 2.61958 2.67295 2.69844 2.70879 2.75127 2.8605 2.87119 2.90427 2.94619 
0.495693 1.30807 1.97914 2.22725 2.27056 2.4793 2.49704 2.5959 2.60906 2.61021 2.61359 2.61958 2.67295 2.69844 2.70879 2.75127 2.8605 2.87119 2.90427 2.94619 
0.495693 1.30807 1.97914 2.22725 2.27056 2.4793 2.49704 2.5959 2.60906 2.61021 2.61359 2.61958 2.67295 2.69844 2.70879 2.75127 2.8605 2.87119 2.90427 2.94619 
0.495693 1.30807 1.97914 2.22725 2.27056 2.4793 2.49704 2.5959 2.60906 2.61021 2.61359 2.61958 2.67295 2.69844 2.70879 2.75127 2.8605 2.87119 2.90427 2.94619 
0.495693 1.30807 1.97914 2.22725 2.27056 2.4793 2.49704 2.5959 2.60906 2.61021 2.61359 2.61958 2.67295 2.69844 2.70879 2.75127 2.8605 2.87119 2.90427 2.94619 
0.495693 1.30807 1.97914 2.22725 2.27056 2.4793 2.49704 2.5959 2.60906 2.61021 2.61359 2.61958 2.67295 2.69844 2.70879 2.75127 2.8605 2.87119 2.90427 2.94619 
0.495693 1.30807 1.97914 2.22725 2.27056 2.4793 2.49704 2.5959 2.60906 2.61021 2.61359 2.61958 2.67295 2.69844 2.70879 2.75127 2.8605 2.87119 2.90427 2.94619 
0.495693 1.30807 1.97914 2.22725 2.27056 2.4793 2.49704 2.5959 2.60906 2.61021 2.61359 2.61958 2.67295 2.69844 2.70879 2.75127 2.8605 2.87119 2.90427 2.94619 
0.495693 1.30807 1.97914 2.22725 2.27056 2.4793 2.49704 2.5959 2.60906 2.61021 2.61359 2.61958 2.67295 2.69844 2.70879 2.75127 2.8605 2.87119 2.90427 2.94619 
0.495693 1.30807 1.97914 2.22725 2.27056 2.4793 2.49704 2.5959 2.60906 2.61021 2.61359 2.61958 2.67295 2.69844 2.70879 2.75127 2.8605 2.87119 2.90427 2.94619 
0.495693 1.30807 1.97914 2.22725 2.27056 2.4793 2.49704 2.5959 2.60906 2.61021 2.61359 2.61958 2.67295 2.69844 2.70879 2.75127 2.8605 2.87119 2.90427 2.94619 
0.495693 1.30807 1.97914 2.22725 2.27056 2.4793 2.49704 2.5959 2.60906 2.61021 2.61359 2.61958 2.67295 2.69844 2.70879 2.75127 2.8605 2.87119 2.90427 2.94619 
0.495693 1.30807 1.97914 2.22725 2.27056 2.4793 2.49704 2.5959 2.60906 2.61021 2.61359 2.61958 2.67295 2.69844 2.70879 2.75127 2.8605 2.87119 2.90427 2.94619 
0.495693 1.30807 1.97914 2.22725 2.27056 2.4793 2.49704 2.5959 2.60906 2.61021 2.61359 2.61958 2.67295 2.69844 2.70879 2.75127 2.8605 2.87119 2.90427 2.94619 
0.495693 1.30807 1.97914 2.22725 2.27056 2.4793 2.49704 2.5959 2.60906 2.61021 2.61359 2.61958 2.67295 2.69844 2.70879 2.75127 2.8605 2.87119 2.90427 2.94619 
0.495693 1.30807 1.97914 2.22725 2.27056 2.4793 2.49704 2.5959 2.60906 2.61021 2.61359 2.61958 2.67295 2.69844 2.70879 2.75127 2.8605 2.87119 2.90427 2.94619 
0.495693 1.30807 1.97914 2.22725 2.27056 2.4793 2.49704 2.5959 2.60906 2.61021 2.61359 2.61958 2.67295 2.69844 2.70879 2.75127 2.8605 2.87119 2.90427 2.94619 
0.495693 1.30807 1.97914 2.22725 2.27056 2.4793 2.49704 2.5959 2.60906 2.61021 2.61359 2.61958 2.67295 2.69844 2.70879 2.75127 2.8605 2.87119 2.90427 2.94619 
0.495693 1.30807 1.97914 2.22725 2.27056 2.4793 2.49704 2.5959 2.60906 2.61021 2.61359 2.61958 2.67295 2.69844 2.70879 2.75127 2.8605 2.87119 2.90427 2.94619 
0.495693 1.30807 1.97914 2.22725 2.27056 2.4793 2.49704 2.5959 2.60906 2.61021 2.61359 2.61958 2.67295 2.69844 2.70879 2.75127 2.8605 2.87119 2.90427 2.94619 
0.495693 1.30807 1.97914 2.22725 2.27056 2.4793 2.49704 2.5959 2.60906 2.61021 2.61359 2.61958 2.67295 2.69844 2.70879 2.75127 2.8605 2.87119 2.90427 2.94619 
0.495693 1.30807 1.97914 2.22725 2.27056 2.4793 2.49704 2.5959 2.60906 2.61021 2.61359 2.61958 2.67295 2.69844 2.70879 2.75127 2.8605 2.87119 2.90427 2.94619 
0.495693 1.30807 1.97914 2.22725 2.27056 2.4793 2.49704 2.5959 2.60906 2.61021 2.61359 2.61958 2.67295 2.69844 2.70879 2.75127 2.8605 2.87119 2.90427 2.94619 
0.495693 1.30807 1.97914 2.22725 2.27056 2.4793 2.49704 2.5959 2.60906 2.61021 2.61359 2.61958 2.67295 2.69844 2.70879 2.75127 2.8605 2.87119 2.90427 2.94619 
0.495693 1.30807 1.97914 2.22725 2.27056 2.4793 2.49704 2.5959 2.60906 2.61021 2.61359 2.61958 2.67295 2.69844 2.70879 2.75127 2.8605 2.87119 2.90427 2.94619 
0.495693 1.30807 1.97914 2.22725 2.27056 2.4793 2.49704 2.5959 2.60906 2.61021 2.61359 2.61958 2.67295 2.69844 2.70879 2.75127 2.8605 2.87119 2.90427 2.94619 
0.495693 1.30807 1.97914 2.22725 2.27056 2.4793 2.49704 2.5959 2.60906 2.61021 2.61359 2.61958 2.67295 2.69844 2.70879 2.75127 2.8605 2.87119 2.90427 2.94619 
0.495693 1.30807 1.97914 2.22725 2.27056 2.4793 2.49704 2.5959 2.60906 2.61021 2.61359 2.61958 2.67295 2.69844 2.70879 2.75127 2.8605 2.87119 2.90427 2.94619 
0.495693 1.30807 1.97914 2.22725 2.27056 2.4793 2.49704 2.5959 2.60906 2.61021 2.61359 2.61958 2.67295 2.69844 2.70879 2.75127 2.8605 2.87119 2.90427 2.94619 
0.495693 1.30807 1.97914 2.22725 2.27056 2.4793 2.49704 2.5959 2.60906 2.61021 2.61359 2.61958 2.67295 2.69844 2.70879 2.75127 2.8605 2.87119 2.90427 2.94619 
0.495693 1.30807 1.97914 2.22725 2.27056 2.4793 2.49704 2.5959 2.60906 2.61021 2.61359 2.61958 2.67295 2.69844 2.70879 2.75127 2.8605 2.87119 2.90427 2.94619 
0.495693 1.30807 1.97914 2.22725 2.27056 2.4793 2.49704 2.5959 2.60906 2.61021 2.61359 2.61958 2.67295 2.69844 2.70879 2.75127 2.8605 2.87119 2.90427 2.94619 
0.495693 1.30807 1.97914 2.22725 2.27056 2.4793 2.49704 2.5959 2.60906 2.61021 2.61359 2.61958 2.67295 2.69844 2.70879 2.75127 2.8605 2.87119 2.90427 2.94619 
0.495693 1.30807 1.97914 2.22725 2.27056 2.4793 2.49704 2.5959 2.60906 2.61021 2.61359 2.61958 2.67295 2.69844 2.70879 2.75127 2.8605 2.87119 2.90427 2.94619 
0.495693 1.30807 1.97914 2.22725 2.27056 2.4793 2.49704 2.5959 2.60906 2.61021 2.61359 2.61958 2.67295 2.69844 2.70879 2.75127 2.8605 2.87119 2.90427 2.94619 
0.495693 1.30807 1.97914 2.22725 2.27056 2.4793 2.49704 2.5959 2.60906 2.61021 2.61359 2.61958 2.67295 2.69844 2.70879 2.75127 2.8605 2.87119 2.90427 2.94619 
0.495693 1.30807 1.97914 2.22725 2.27056 2.4793 2.49704 2.5959 2.60906 2.61021 2.61359 2.61958 2.67295 2.69844 2.70879 2.75127 2.8605 2.87119 2.90427 2.94619 
0.495693 1.30807 1.97914 2.22725 2.27056 2.4793 2.49704 2.5959 2.60906 2.61021 2.61359 2.61958 2.67295 2.69844 2.70879 2.75127 2.8605 2.87119 2.90427 2.94619 
0.495693 1.30807 1.97914 2.22725 2.27056 2.4793 2.49704 2.5959 2.60906 2.61021 2.61359 2.61958 2.67295 2.69844 2.70879 2.75127 2.8605 2.87119 2.90427 2.94619 
