3.94905 4.18143 4.43734 4.78184 5.32243 5.54591 5.84012 5.87355 5.88775 5.92637 5.96548 5.97697 5.98175 6.0772 6.09095 6.19584 6.19857 6.24486 6.41213 6.43907 
3.59284 3.94905 4.12569 4.18143 4.35236 4.42858 4.43734 4.78184 5.32243 5.34205 5.52042 5.54591 5.67585 5.84012 5.87355 5.88775 5.92637 5.96548 5.97697 5.98175 
3.59284 3.94905 4.12569 4.18143 4.35236 4.42858 4.43734 4.78184 5.32243 5.34205 5.52042 5.54591 5.67585 5.84012 5.87355 5.88775 5.92637 5.96548 5.97697 5.98175 
3.59284 3.94905 4.12569 4.18143 4.35236 4.42858 4.43734 4.78184 5.32243 5.34205 5.52042 5.54591 5.67585 5.84012 5.87355 5.88775 5.92637 5.96548 5.97697 5.98175 
3.59284 3.94905 4.12569 4.18143 4.35236 4.42858 4.43734 4.78184 5.32243 5.34205 5.52042 5.54591 5.67585 5.84012 5.87355 5.88775 5.92637 5.96548 5.97697 5.98175 
3.59284 3.94905 4.12569 4.18143 4.35236 4.42858 4.43734 4.78184 5.32243 5.34205 5.52042 5.54591 5.67585 5.84012 5.87355 5.88775 5.92637 5.96548 5.97697 5.98175 
3.59284 3.94905 4.12569 4.18143 4.35236 4.42858 4.43734 4.78184 5.32243 5.34205 5.52042 5.54591 5.67585 5.84012 5.87355 5.8865 5.88775 5.92637 5.96548 5.97697 
3.59284 3.94905 4.12569 4.18143 4.35236 4.42858 4.43734 4.78184 5.32243 5.34205 5.52042 5.54591 5.67585 5.84012 5.87355 5.8865 5.88775 5.92637 5.96548 5.97697 
3.59284 3.94905 4.12569 4.18143 4.21374 4.35236 4.42858 4.43734 4.78184 5.32243 5.34205 5.52042 5.54591 5.67585 5.84012 5.87355 5.8865 5.88775 5.92637 5.96548 
3.59284 3.94905 4.12569 4.18143 4.21374 4.35236 4.42858 4.43734 4.78184 5.32243 5.34205 5.52042 5.54591 5.67585 5.84012 5.87355 5.8865 5.88775 5.92637 5.94054 
3.59284 3.94905 4.12569 4.18143 4.21374 4.21788 4.35236 4.42858 4.43734 4.78184 5.32243 5.34205 5.52042 5.54591 5.67585 5.84012 5.87355 5.8865 5.88775 5.92637 
3.59284 3.94905 4.12569 4.18143 4.21374 4.21788 4.35236 4.42858 4.43734 4.66655 4.78184 5.32243 5.34205 5.52042 5.54591 5.67585 5.84012 5.87355 5.8865 5.88775 
3.59284 3.94905 4.12569 4.18143 4.21374 4.21788 4.35236 4.42858 4.43734 4.66655 4.78184 5.32243 5.34205 5.52042 5.54591 5.63622 5.67585 5.84012 5.87355 5.8865 
3.59284 3.94905 4.12569 4.18143 4.21374 4.21788 4.35236 4.42858 4.43734 4.66655 4.78184 5.32243 5.34205 5.52042 5.54591 5.63622 5.67585 5.84012 5.87355 5.8865 
3.59284 3.94905 4.04923 4.12569 4.18143 4.21374 4.21788 4.35236 4.42858 4.43734 4.66655 4.78184 5.32243 5.34205 5.52042 5.54591 5.63622 5.67585 5.84012 5.87355 
3.59284 3.94905 4.04923 4.12569 4.18143 4.21374 4.21788 4.35236 4.42858 4.43734 4.66655 4.78184 5.32243 5.34205 5.52042 5.54591 5.63622 5.67585 5.74879 5.84012 
1.10688 3.59284 3.94905 4.04923 4.12569 4.18143 4.21374 4.21788 4.35236 4.42858 4.43734 4.51022 4.66655 4.78184 5.32243 5.34205 5.52042 5.54591 5.63622 5.67585 
1.10688 3.59284 3.94905 4.04923 4.12569 4.18143 4.21374 4.21788 4.35236 4.42858 4.43734 4.4969 4.51022 4.65507 4.66655 4.78184 5.19565 5.32243 5.34205 5.52042 
1.10688 3.59284 3.94905 4.04923 4.12569 4.18143 4.21374 4.21788 4.35236 4.37027 4.42858 4.43734 4.4969 4.51022 4.65507 4.66655 4.78184 5.19565 5.32243 5.34205 
1.10688 3.12486 3.59284 3.94905 4.04923 4.12569 4.18143 4.21374 4.21788 4.35236 4.37027 4.42858 4.43734 4.4969 4.51022 4.65507 4.66655 4.78184 5.19565 5.32243 
1.10688 3.12486 3.59284 3.86049 3.94905 4.04923 4.12569 4.18143 4.21374 4.21788 4.35236 4.37027 4.42858 4.43734 4.4969 4.5074 4.51022 4.65507 4.66655 4.78184 
1.10688 3.12486 3.59284 3.86049 3.94905 4.04923 4.06255 4.12569 4.18143 4.21374 4.21788 4.35236 4.37027 4.42858 4.43734 4.4969 4.5074 4.51022 4.65507 4.66655 
1.10688 3.12486 3.43654 3.59284 3.86049 3.94905 4.04923 4.06255 4.12569 4.18143 4.21374 4.21788 4.35104 4.35236 4.37027 4.42858 4.43734 4.4969 4.5074 4.51022 
1.10688 3.12486 3.43654 3.59284 3.86049 3.94905 4.04923 4.06255 4.12569 4.18143 4.21374 4.21788 4.34539 4.35104 4.35236 4.37027 4.42858 4.43734 4.4969 4.5074 
1.10688 2.77084 3.12486 3.39158 3.43654 3.59284 3.86049 3.94905 4.04923 4.06255 4.12569 4.18143 4.21374 4.21788 4.34539 4.35104 4.35236 4.37027 4.42858 4.43734 
1.10688 2.77084 3.12486 3.27434 3.39158 3.43654 3.59284 3.82597 3.86049 3.94905 4.04923 4.06255 4.12569 4.18143 4.21374 4.21788 4.34539 4.35104 4.35236 4.37027 
1.10688 2.77084 3.12486 3.27434 3.39158 3.43654 3.59284 3.82597 3.86049 3.94905 4.04923 4.06255 4.12569 4.18143 4.21374 4.21788 4.34539 4.35104 4.35236 4.37027 
1.10688 2.77084 2.94208 3.12486 3.27434 3.39158 3.43654 3.59284 3.66227 3.82597 3.86049 3.88979 3.94905 4.04923 4.06255 4.12569 4.18143 4.21374 4.21788 4.34539 
1.10688 2.77084 2.94208 3.11616 3.12486 3.27434 3.39158 3.43654 3.59284 3.66227 3.82597 3.86049 3.88979 3.94905 4.04923 4.06255 4.12569 4.18143 4.21374 4.21788 
1.10688 1.10989 1.59084 2.77084 2.94208 3.11616 3.12486 3.27434 3.39158 3.43654 3.59284 3.66227 3.82597 3.84592 3.86049 3.88979 3.94905 3.9535 4.04923 4.06255 
1.10688 1.10989 1.59084 2.77084 2.94208 3.11616 3.12486 3.22388 3.27434 3.39158 3.43654 3.59284 3.66227 3.82597 3.84592 3.86049 3.88979 3.94905 3.9535 4.04923 
1.10688 1.10989 1.59084 1.67856 2.60027 2.77084 2.94208 3.11616 3.12486 3.22388 3.27434 3.39158 3.40023 3.43654 3.59284 3.66227 3.82597 3.84592 3.86049 3.88979 
1.10688 1.10989 1.59084 1.67856 2.60027 2.69462 2.77084 2.94208 3.11616 3.12486 3.13429 3.22388 3.27434 3.39158 3.40023 3.43654 3.59284 3.66227 3.82597 3.84592 
1.10688 1.10989 1.59084 1.67856 2.60027 2.69462 2.77084 2.94208 3.11616 3.12486 3.13429 3.22388 3.24788 3.27434 3.39158 3.40023 3.43654 3.59284 3.66227 3.82597 
1.10688 1.10989 1.59084 1.67856 2.60027 2.69462 2.77084 2.94208 3.11616 3.12486 3.13429 3.16281 3.22388 3.24788 3.27434 3.37368 3.39158 3.40023 3.43654 3.59284 
1.10688 1.10989 1.59084 1.67856 2.60027 2.69462 2.73072 2.77084 2.86686 2.94208 3.11616 3.12486 3.13429 3.16281 3.22388 3.24788 3.27434 3.37368 3.39158 3.40023 
1.10688 1.10989 1.59084 1.67856 2.58069 2.60027 2.69462 2.73072 2.77084 2.86686 2.94208 2.9939 3.11616 3.12486 3.13429 3.16281 3.22388 3.24788 3.27434 3.29501 
1.10688 1.10989 1.59084 1.67856 2.58069 2.60027 2.69462 2.73072 2.77084 2.86686 2.94208 2.9939 2.99983 3.03904 3.11616 3.12486 3.13429 3.16281 3.22388 3.24788 
1.10688 1.10989 1.59084 1.67856 2.58069 2.60027 2.62551 2.69462 2.73072 2.77084 2.86686 2.94208 2.9939 2.99983 3.03904 3.11616 3.12486 3.13429 3.16281 3.22388 
0.565592 1.10688 1.10989 1.59084 1.67856 1.87294 2.58069 2.60027 2.62551 2.69462 2.73072 2.77084 2.86686 2.94208 2.9939 2.99983 3.03904 3.05451 3.11616 3.12486 
0.565592 0.97578 1.10688 1.10989 1.59084 1.67856 1.87294 2.38405 2.58069 2.60027 2.62551 2.69462 2.70731 2.73072 2.77084 2.86686 2.94208 2.94855 2.9939 2.99983 
0.565592 0.97578 1.10688 1.10989 1.59084 1.67856 1.76729 1.86274 1.87294 2.38405 2.58069 2.60027 2.62551 2.69462 2.70731 2.73072 2.77084 2.86686 2.94208 2.94855 
0.565592 0.97578 1.10688 1.10989 1.59084 1.67856 1.76729 1.86274 1.87294 1.95199 2.38405 2.5045 2.58069 2.60027 2.62551 2.69462 2.70395 2.70731 2.73072 2.77084 
0.565592 0.97578 1.10688 1.10989 1.59084 1.67856 1.76729 1.86274 1.87294 1.93523 1.95199 2.38405 2.5045 2.58069 2.60027 2.62551 2.69462 2.70395 2.70731 2.73072 
0.237549 0.565592 0.97578 1.10688 1.10989 1.59084 1.67856 1.76729 1.86274 1.87294 1.93523 1.95199 2.38405 2.5045 2.58069 2.60027 2.62551 2.69462 2.70395 2.70731 
0.237549 0.565592 0.97578 1.10688 1.10989 1.59084 1.67856 1.76729 1.86274 1.87294 1.93523 1.95199 2.38405 2.5045 2.53813 2.58069 2.60027 2.62551 2.69462 2.70395 
0.237549 0.565592 0.780059 0.97578 1.10688 1.10989 1.59084 1.67856 1.76729 1.86274 1.87294 1.93523 1.95199 2.38405 2.5045 2.52849 2.53813 2.58069 2.60027 2.62551 
0.237549 0.565592 0.780059 0.97578 1.10688 1.10989 1.41594 1.59084 1.67856 1.76729 1.86274 1.87294 1.93523 1.95199 2.38405 2.5045 2.52849 2.53813 2.58069 2.60027 
0.237549 0.565592 0.780059 0.97578 1.10688 1.10989 1.41594 1.59084 1.67856 1.76729 1.86274 1.87294 1.93523 1.95199 2.38405 2.5045 2.52849 2.53813 2.58069 2.60027 
0.237549 0.565592 0.780059 0.97578 1.10688 1.10989 1.41594 1.59084 1.67856 1.76729 1.86274 1.87294 1.93523 1.95199 2.12827 2.38405 2.5045 2.52849 2.53813 2.58069 
0.237549 0.459122 0.565592 0.780059 0.97578 1.10688 1.10989 1.41594 1.59084 1.62249 1.67856 1.76729 1.86274 1.87294 1.93523 1.95199 2.12827 2.38405 2.5045 2.52849 
0.237549 0.379083 0.459122 0.565592 0.780059 0.97578 1.10688 1.10989 1.41594 1.59084 1.62249 1.67546 1.67856 1.76729 1.86274 1.87294 1.93523 1.95199 2.12827 2.38405 
0.237549 0.379083 0.459122 0.565592 0.780059 0.97578 1.10688 1.10989 1.41594 1.59084 1.62249 1.67546 1.67856 1.76729 1.86274 1.87294 1.93523 1.95199 2.12827 2.38405 
0.237549 0.379083 0.459122 0.565592 0.780059 0.97578 1.10688 1.10989 1.41594 1.59084 1.62249 1.67546 1.67856 1.76729 1.86274 1.87294 1.93523 1.95199 2.12827 2.29762 
0.237549 0.379083 0.459122 0.565592 0.780059 0.97578 1.10688 1.10989 1.41594 1.59084 1.62249 1.67546 1.67856 1.76729 1.86274 1.87294 1.93523 1.95199 2.12827 2.29762 
0.237549 0.379083 0.459122 0.565592 0.780059 0.921548 0.97578 1.10688 1.10989 1.41594 1.59084 1.62249 1.67546 1.67856 1.76729 1.86274 1.87294 1.93523 1.95199 2.12827 
0.213055 0.237549 0.379083 0.459122 0.565592 0.780059 0.921548 0.97578 1.10688 1.10989 1.41594 1.59084 1.62249 1.67546 1.67856 1.76729 1.86274 1.87294 1.93523 1.95199 
0.213055 0.237549 0.379083 0.459122 0.565592 0.780059 0.921548 0.97578 1.10688 1.10989 1.41594 1.59084 1.62249 1.67546 1.67856 1.76729 1.85685 1.86274 1.87294 1.93523 
0.213055 0.237549 0.379083 0.459122 0.565592 0.780059 0.921548 0.97578 0.986461 1.10688 1.10989 1.34677 1.41594 1.59084 1.62249 1.67546 1.67856 1.76729 1.85685 1.86274 
0.213055 0.237549 0.379083 0.459122 0.565592 0.780059 0.921548 0.97578 0.986461 1.10688 1.10989 1.34677 1.41594 1.59084 1.62249 1.67546 1.67856 1.76729 1.85685 1.86274 
0.213055 0.237549 0.379083 0.459122 0.565592 0.780059 0.921548 0.97578 0.986461 1.10688 1.10989 1.34677 1.41594 1.59084 1.62249 1.67546 1.67856 1.76729 1.85685 1.86274 
0.213055 0.237549 0.379083 0.459122 0.565592 0.780059 0.921548 0.97578 0.986461 1.10688 1.10989 1.34677 1.41594 1.59084 1.62249 1.67546 1.67856 1.76729 1.85685 1.86274 
0.213055 0.237549 0.379083 0.459122 0.565592 0.780059 0.921548 0.97578 0.986461 1.10688 1.10989 1.34677 1.41594 1.59084 1.62249 1.67546 1.67856 1.76729 1.84025 1.85685 
0.213055 0.237549 0.379083 0.459122 0.565592 0.780059 0.921548 0.97578 0.986461 1.10688 1.10989 1.34677 1.41594 1.47195 1.59084 1.62249 1.67546 1.67856 1.76729 1.84025 
0.213055 0.237549 0.379083 0.459122 0.565592 0.780059 0.921548 0.97578 0.986461 1.10688 1.10989 1.34677 1.41594 1.47195 1.59084 1.62249 1.67546 1.67856 1.76729 1.84025 
0.213055 0.237549 0.379083 0.459122 0.565592 0.780059 0.921548 0.97578 0.986461 0.993966 1.10688 1.10989 1.34677 1.41594 1.47195 1.59084 1.62249 1.67546 1.67856 1.76729 
0.213055 0.237549 0.379083 0.459122 0.565592 0.780059 0.921548 0.97578 0.986461 0.993966 1.10688 1.10989 1.34677 1.41594 1.47195 1.59084 1.62249 1.64447 1.67546 1.67856 
0.132188 0.213055 0.237549 0.379083 0.459122 0.565592 0.780059 0.921548 0.97578 0.986461 0.993966 1.10688 1.10989 1.27053 1.34677 1.40474 1.41594 1.47195 1.59084 1.62249 
0.132188 0.213055 0.237549 0.336765 0.379083 0.459122 0.565592 0.780059 0.921548 0.97578 0.986461 0.993966 1.10688 1.10989 1.27053 1.34677 1.38169 1.40474 1.41594 1.47195 
0.132188 0.213055 0.237549 0.336765 0.379083 0.459122 0.565592 0.780059 0.921548 0.97578 0.986461 0.993966 1.10625 1.10688 1.10989 1.27053 1.34677 1.38169 1.40474 1.41594 
0.132188 0.213055 0.237549 0.336765 0.379083 0.426796 0.459122 0.565592 0.780059 0.921548 0.97578 0.986461 0.993966 1.10625 1.10688 1.10989 1.27053 1.34677 1.38169 1.40474 
0.132188 0.213055 0.237549 0.336765 0.379083 0.426796 0.459122 0.565592 0.685097 0.756308 0.780059 0.921548 0.97578 0.986461 0.993966 1.10625 1.10688 1.10989 1.27053 1.34677 
0.132188 0.213055 0.237549 0.336765 0.379083 0.426796 0.459122 0.565592 0.685097 0.756308 0.780059 0.921548 0.97578 0.986461 0.993966 1.10625 1.10688 1.10989 1.27053 1.34677 
0.132188 0.213055 0.237549 0.336765 0.379083 0.426796 0.459122 0.565592 0.685097 0.756308 0.780059 0.921548 0.97578 0.986461 0.993966 1.10625 1.10688 1.10989 1.27053 1.34677 
0.132188 0.213055 0.237549 0.336765 0.379083 0.426796 0.459122 0.565592 0.685097 0.756308 0.780059 0.921548 0.97578 0.986461 0.993966 1.10625 1.10688 1.10989 1.27053 1.34677 
0.132188 0.213055 0.237549 0.336765 0.379083 0.426796 0.459122 0.565592 0.685097 0.756308 0.780059 0.921548 0.97578 0.986461 0.993966 1.10625 1.10688 1.10989 1.19595 1.27053 
0.132188 0.213055 0.237549 0.336765 0.379083 0.397741 0.426796 0.459122 0.565592 0.685097 0.756308 0.780059 0.921548 0.97578 0.986461 0.993966 1.10625 1.10688 1.10989 1.19595 
0.132188 0.213055 0.237549 0.336765 0.379083 0.397741 0.426796 0.459122 0.565592 0.685097 0.756308 0.780059 0.921548 0.97578 0.986461 0.993966 1.10625 1.10688 1.10989 1.19595 
0.132188 0.213055 0.237549 0.336765 0.379083 0.397741 0.426796 0.459122 0.565592 0.685097 0.739966 0.756308 0.780059 0.921548 0.97578 0.986461 0.993966 1.10625 1.10688 1.10989 
0.132188 0.213055 0.237549 0.336765 0.379083 0.397741 0.426796 0.459122 0.565592 0.631378 0.685097 0.739966 0.756308 0.780059 0.921548 0.97578 0.986461 0.993966 1.10625 1.10688 
0.132188 0.213055 0.237549 0.336765 0.379083 0.397741 0.426796 0.459122 0.519708 0.565592 0.631378 0.685097 0.739966 0.756308 0.780059 0.921548 0.97578 0.986461 0.993966 1.01204 
0.132188 0.213055 0.237549 0.336765 0.379083 0.397741 0.426796 0.459122 0.519708 0.565592 0.631378 0.685097 0.739966 0.750196 0.756308 0.780059 0.921548 0.97578 0.986461 0.993966 
0.132188 0.213055 0.237549 0.336765 0.379083 0.397741 0.426796 0.459122 0.519708 0.565592 0.631378 0.674824 0.685097 0.739966 0.750196 0.756308 0.780059 0.91429 0.921548 0.97578 
0.132188 0.213055 0.237549 0.336765 0.379083 0.397741 0.426796 0.459122 0.519708 0.56063 0.565592 0.631378 0.674824 0.685097 0.71567 0.739966 0.750196 0.756308 0.780059 0.91429 
0.132188 0.213055 0.237549 0.336765 0.379083 0.397741 0.408236 0.426796 0.459122 0.519708 0.56063 0.565592 0.631378 0.674824 0.685097 0.71567 0.739966 0.750196 0.756308 0.780059 
0.132188 0.213055 0.237549 0.336765 0.379083 0.397741 0.408236 0.426796 0.459122 0.519708 0.56063 0.565592 0.631378 0.674824 0.685097 0.71567 0.739966 0.750196 0.756308 0.780059 
0.132188 0.213055 0.237549 0.336765 0.379083 0.397741 0.408236 0.426796 0.459122 0.519708 0.56063 0.565592 0.631378 0.674824 0.685097 0.71567 0.739966 0.750196 0.756308 0.780059 
0.132188 0.213055 0.237549 0.336765 0.379083 0.397741 0.408236 0.426796 0.459122 0.519708 0.56063 0.565592 0.631378 0.674824 0.685097 0.71567 0.739966 0.750196 0.756308 0.780059 
0.132188 0.213055 0.237549 0.336765 0.379083 0.397741 0.408236 0.426796 0.459122 0.519708 0.56063 0.562962 0.565592 0.631378 0.674824 0.685097 0.71567 0.739966 0.750196 0.756308 
0.132188 0.213055 0.222523 0.237549 0.336765 0.379083 0.397741 0.408236 0.426796 0.459122 0.48373 0.519708 0.56063 0.562962 0.565592 0.631378 0.674824 0.685097 0.71567 0.739966 
0.132188 0.213055 0.222523 0.237549 0.336765 0.379083 0.397741 0.408236 0.426796 0.459122 0.48373 0.519708 0.56063 0.562962 0.565592 0.631378 0.674824 0.685097 0.71567 0.739966 
0.132188 0.213055 0.222523 0.237549 0.336765 0.379083 0.397741 0.408236 0.426796 0.459122 0.463028 0.48373 0.519708 0.56063 0.562962 0.565592 0.631378 0.636155 0.642185 0.674824 
0.132188 0.213055 0.222523 0.230778 0.237549 0.336765 0.379083 0.397741 0.408236 0.426796 0.459122 0.463028 0.48373 0.519708 0.56063 0.562962 0.565592 0.631378 0.636155 0.642185 
0.132188 0.210625 0.213055 0.222523 0.230778 0.237549 0.336765 0.379083 0.397741 0.408236 0.426796 0.459122 0.463028 0.48373 0.519708 0.56063 0.562962 0.565592 0.621935 0.631378 
0.132188 0.210625 0.213055 0.222523 0.230778 0.237549 0.336765 0.379083 0.397741 0.402114 0.408236 0.426796 0.459122 0.463028 0.48373 0.519708 0.56063 0.562962 0.565592 0.621935 
0.132188 0.210625 0.213055 0.222523 0.230778 0.237549 0.336765 0.379083 0.397741 0.402114 0.408236 0.426796 0.459122 0.463028 0.48373 0.519708 0.56063 0.562962 0.565592 0.621935 
0.132188 0.210625 0.213055 0.222523 0.230778 0.237549 0.336765 0.379083 0.397741 0.402114 0.408236 0.414538 0.426796 0.459122 0.463028 0.478313 0.48373 0.502929 0.519708 0.56063 
0.132188 0.210625 0.213055 0.222523 0.230778 0.237549 0.265702 0.336765 0.379083 0.397741 0.402114 0.408236 0.414538 0.426796 0.459122 0.463028 0.478313 0.48373 0.502929 0.519708 
0.132188 0.210625 0.213055 0.222523 0.230778 0.237549 0.265702 0.336765 0.379083 0.397741 0.402114 0.408236 0.414538 0.426796 0.459122 0.463028 0.478313 0.48373 0.502929 0.519708 
0.132188 0.210625 0.213055 0.222523 0.230778 0.237549 0.265702 0.271788 0.336765 0.379083 0.397741 0.402114 0.408236 0.412846 0.414538 0.426796 0.459122 0.463028 0.478313 0.48373 
