3.38704 3.45481 3.50345 3.53386 3.54938 3.69467 3.7018 3.74305 4.00621 4.04392 4.09207 4.39122 4.51612 5.14361 5.61743 5.71427 5.72802 5.74118 5.86255 6.24741 
3.38704 3.45481 3.50345 3.53386 3.54938 3.69467 3.7018 3.74305 4.00621 4.04392 4.09207 4.10529 4.13947 4.2507 4.39122 4.51612 4.68025 5.14361 5.20707 5.21845 
3.38704 3.45481 3.50345 3.53386 3.54938 3.69467 3.7018 3.74305 3.75653 4.00621 4.04392 4.09207 4.10529 4.13947 4.24553 4.2507 4.39122 4.42264 4.51612 4.54457 
3.38704 3.45481 3.50345 3.53386 3.54938 3.69467 3.7018 3.74305 3.75653 4.00621 4.04392 4.09207 4.10529 4.13947 4.24553 4.2507 4.39122 4.42264 4.51612 4.54457 
3.38704 3.45481 3.50345 3.53386 3.54938 3.69467 3.7018 3.74305 3.75653 4.00621 4.04392 4.09207 4.10529 4.13947 4.24553 4.2507 4.39122 4.42264 4.51612 4.54457 
3.38704 3.45481 3.50345 3.53386 3.54938 3.69467 3.7018 3.74305 3.75653 4.00621 4.04392 4.09207 4.10529 4.13947 4.24553 4.2507 4.39122 4.42264 4.51612 4.54457 
3.38704 3.45481 3.50345 3.53386 3.54938 3.69467 3.7018 3.74305 3.75653 4.00621 4.04392 4.09207 4.10529 4.13947 4.24553 4.2507 4.39122 4.42264 4.51612 4.54457 
3.38704 3.45481 3.50345 3.53386 3.54938 3.56177 3.69467 3.7018 3.74305 3.75653 4.00621 4.04392 4.09207 4.10529 4.13947 4.24553 4.2507 4.39122 4.42264 4.51612 
3.38704 3.45481 3.50345 3.53386 3.54938 3.56177 3.69467 3.7018 3.74305 3.75653 4.00621 4.04392 4.09207 4.10529 4.13947 4.24553 4.2507 4.39122 4.42264 4.51612 
3.38704 3.45481 3.50345 3.53386 3.54938 3.56177 3.69467 3.7018 3.74305 3.75653 4.00621 4.04392 4.09207 4.10529 4.13947 4.24553 4.2507 4.39122 4.42264 4.51612 
3.38704 3.45481 3.50345 3.53386 3.54938 3.56177 3.69467 3.7018 3.74305 3.75653 4.00621 4.04392 4.09207 4.10529 4.13947 4.15216 4.24553 4.2507 4.39122 4.42264 
3.38704 3.45481 3.50345 3.53386 3.54938 3.56177 3.69467 3.7018 3.74305 3.75653 4.00621 4.04392 4.09207 4.10529 4.13947 4.15216 4.24553 4.2507 4.39122 4.42264 
3.38704 3.44048 3.45481 3.50345 3.53386 3.54938 3.56177 3.69467 3.7018 3.74305 3.75653 4.00621 4.04392 4.09207 4.10529 4.13947 4.15216 4.24553 4.2507 4.39122 
3.38704 3.44048 3.45481 3.50345 3.53386 3.54938 3.56177 3.69467 3.7018 3.74305 3.75653 4.00621 4.04392 4.09207 4.10529 4.13947 4.15216 4.24553 4.2507 4.39122 
3.38704 3.44048 3.45481 3.50345 3.53386 3.54938 3.56177 3.69467 3.7018 3.74305 3.75653 4.00621 4.04392 4.09207 4.10529 4.13947 4.15216 4.24553 4.2507 4.39122 
3.3048 3.38704 3.44048 3.45481 3.50345 3.53386 3.54938 3.56177 3.69467 3.7018 3.74305 3.75653 4.00621 4.04392 4.09207 4.10529 4.13947 4.15216 4.24553 4.2507 
3.3048 3.38704 3.44048 3.45481 3.50345 3.53386 3.54938 3.56177 3.69467 3.7018 3.74305 3.75653 4.00621 4.04392 4.09207 4.10529 4.13947 4.15216 4.24553 4.2507 
3.3048 3.38704 3.44048 3.45481 3.50345 3.53386 3.54938 3.56177 3.69467 3.7018 3.74305 3.74563 3.75653 4.00621 4.04392 4.09207 4.10529 4.10847 4.13947 4.15216 
3.3048 3.38704 3.44048 3.45481 3.50345 3.53386 3.54938 3.56177 3.69467 3.7018 3.74305 3.74563 3.75653 4.00621 4.04392 4.09207 4.10529 4.10847 4.13947 4.15216 
3.3048 3.38704 3.44048 3.45481 3.50345 3.53386 3.54938 3.56177 3.69467 3.7018 3.74305 3.74563 3.75653 4.00621 4.04392 4.09207 4.10529 4.10847 4.13947 4.15216 
3.3048 3.38704 3.44048 3.45481 3.50345 3.53386 3.54938 3.56177 3.69467 3.7018 3.74305 3.74563 3.75653 4.00621 4.04392 4.09207 4.10529 4.10847 4.13947 4.15216 
3.15352 3.3048 3.38704 3.44048 3.45481 3.50345 3.53386 3.54938 3.56177 3.69136 3.69467 3.7018 3.74305 3.74563 3.75653 4.00621 4.04392 4.09207 4.10529 4.10847 
3.15352 3.3048 3.38704 3.44048 3.45481 3.50345 3.53386 3.54938 3.56177 3.69136 3.69467 3.7018 3.74305 3.74563 3.75653 4.00621 4.04392 4.09207 4.10529 4.10847 
1.39318 2.91285 3.15352 3.3048 3.38704 3.44048 3.45481 3.50345 3.53386 3.54938 3.56177 3.69136 3.69467 3.7018 3.74305 3.74563 3.75653 4.00621 4.04392 4.09207 
1.39318 2.91285 3.15352 3.3048 3.38704 3.44048 3.45481 3.50345 3.53386 3.54938 3.56177 3.69136 3.69467 3.7018 3.70303 3.74305 3.74563 3.75653 4.00621 4.04392 
1.39318 2.91285 3.15352 3.3048 3.38704 3.44048 3.45481 3.50345 3.53386 3.54938 3.56177 3.69136 3.69467 3.7018 3.70303 3.74305 3.74563 3.75653 4.00621 4.04392 
0.567818 1.39318 2.91285 3.15352 3.3048 3.38704 3.44048 3.45481 3.50345 3.53386 3.54938 3.56177 3.69136 3.69467 3.7018 3.70303 3.74305 3.74563 3.75653 4.00621 
0.567818 1.39318 1.66118 2.91285 3.15352 3.3048 3.38704 3.44048 3.45481 3.50345 3.53386 3.54938 3.56177 3.69136 3.69467 3.7018 3.70303 3.74305 3.74563 3.75653 
0.567818 1.39318 1.66118 2.91285 3.15352 3.3048 3.38704 3.44048 3.45481 3.50345 3.53386 3.54938 3.56177 3.69136 3.69467 3.7018 3.70303 3.74305 3.74563 3.75653 
0.567818 1.39318 1.5488 1.66118 2.91285 2.99012 3.15352 3.28528 3.3048 3.38704 3.44048 3.45481 3.50345 3.53386 3.54938 3.56177 3.69136 3.69467 3.7018 3.70303 
0.567818 1.39318 1.5488 1.66118 2.91285 2.99012 3.00099 3.15352 3.28528 3.3048 3.32219 3.38704 3.44048 3.45481 3.50345 3.53386 3.54938 3.56177 3.69136 3.69467 
0.567818 1.39318 1.5488 1.66118 2.91285 2.99012 3.00099 3.06932 3.15352 3.20107 3.28528 3.3048 3.32219 3.34574 3.38704 3.44048 3.45481 3.50345 3.53386 3.54938 
0.567818 1.39318 1.5488 1.66118 2.91285 2.99012 3.00099 3.06932 3.15352 3.20107 3.28528 3.3048 3.32219 3.34574 3.38704 3.44048 3.45481 3.50345 3.53386 3.54938 
0.567818 1.39318 1.5488 1.66118 1.99075 2.91285 2.99012 3.00099 3.06932 3.15352 3.20107 3.28528 3.3048 3.32219 3.34574 3.38704 3.44048 3.45481 3.50345 3.53386 
0.567818 1.39318 1.5488 1.66118 1.99075 2.91285 2.99012 3.00099 3.06932 3.15352 3.20107 3.28528 3.3048 3.32219 3.34574 3.38704 3.44048 3.45481 3.50345 3.53386 
0.567818 1.39318 1.5488 1.66118 1.99075 2.91285 2.99012 3.00099 3.04129 3.06932 3.15352 3.20107 3.28528 3.3048 3.32219 3.34574 3.38704 3.44048 3.45481 3.50345 
0.567818 1.39318 1.5488 1.66118 1.99075 2.21156 2.57009 2.91285 2.99012 3.00099 3.04129 3.06932 3.15352 3.20107 3.28528 3.3048 3.32219 3.34574 3.38704 3.44048 
0.567818 1.39318 1.5488 1.66118 1.99075 2.20646 2.21156 2.57009 2.6592 2.91285 2.99012 3.00099 3.04129 3.06932 3.15352 3.20107 3.28528 3.3048 3.32219 3.34574 
0.567818 1.39318 1.5488 1.66118 1.99075 2.20646 2.21156 2.57009 2.6592 2.91285 2.99012 3.00099 3.04129 3.06932 3.15352 3.20107 3.28528 3.29435 3.3048 3.32219 
0.567818 1.39318 1.5488 1.66118 1.99075 2.20646 2.21156 2.57009 2.6592 2.91285 2.99012 3.00099 3.04129 3.06932 3.15352 3.20107 3.28528 3.29435 3.3048 3.32219 
0.567818 1.39318 1.5488 1.66118 1.99075 2.20646 2.21156 2.51986 2.57009 2.6592 2.91285 2.99012 3.00099 3.04129 3.06932 3.15352 3.20107 3.28528 3.29435 3.3048 
0.567818 1.39318 1.5488 1.66118 1.99075 2.20646 2.21156 2.49368 2.51986 2.57009 2.6592 2.91285 2.99012 3.00099 3.04129 3.06932 3.15352 3.20107 3.281 3.28528 
0.567818 0.664 1.39318 1.5488 1.66118 1.99075 2.20646 2.21156 2.49368 2.51986 2.57009 2.6592 2.91285 2.99012 3.00099 3.04129 3.06932 3.15352 3.19976 3.20107 
0.567818 0.664 1.39318 1.5488 1.66118 1.99075 2.20646 2.21156 2.49368 2.51986 2.57009 2.6592 2.91285 2.99012 3.00099 3.04129 3.06932 3.15352 3.15528 3.19976 
0.567818 0.664 1.39318 1.5488 1.66118 1.99075 2.16537 2.20646 2.21156 2.49368 2.51986 2.57009 2.6592 2.91285 2.99012 3.00099 3.04129 3.06932 3.15352 3.15528 
0.22506 0.567818 0.664 0.905914 1.39318 1.5488 1.66118 1.99075 2.16537 2.20646 2.21156 2.49368 2.51986 2.57009 2.6592 2.91285 2.99012 3.00099 3.04129 3.06932 
0.22506 0.567818 0.664 0.905914 1.39318 1.5488 1.66118 1.99075 2.16537 2.20646 2.21156 2.49368 2.51986 2.57009 2.6592 2.91285 2.99012 3.00099 3.04129 3.06932 
0.22506 0.567818 0.664 0.905914 1.39318 1.5488 1.66118 1.67057 1.99075 2.16537 2.20646 2.21156 2.49368 2.51986 2.57009 2.6592 2.91285 2.99012 3.00099 3.04129 
0.22506 0.567818 0.664 0.905914 1.39318 1.5488 1.66118 1.67057 1.99075 2.16537 2.20646 2.21156 2.49368 2.51986 2.57009 2.6592 2.91285 2.99012 3.00099 3.04129 
0.22506 0.567818 0.664 0.843076 0.905914 1.39318 1.5488 1.66118 1.67057 1.99075 2.16537 2.20646 2.21156 2.49368 2.51986 2.57009 2.6592 2.91285 2.99012 3.00099 
0.22506 0.567818 0.664 0.843076 0.905914 1.33171 1.39318 1.5488 1.66118 1.67057 1.99075 2.16537 2.20646 2.21156 2.49368 2.51986 2.57009 2.6592 2.91285 2.99012 
0.22506 0.567818 0.664 0.843076 0.905914 1.33171 1.39318 1.5488 1.66118 1.67057 1.99075 2.16537 2.20646 2.21156 2.49368 2.51986 2.57009 2.6592 2.91285 2.99012 
0.22506 0.567818 0.664 0.843076 0.905914 1.33171 1.39318 1.5488 1.66118 1.67057 1.99075 2.16537 2.20646 2.21156 2.49368 2.51986 2.57009 2.6592 2.91285 2.99012 
0.22506 0.567818 0.664 0.843076 0.905914 1.33171 1.39318 1.5488 1.66118 1.67057 1.99075 2.16537 2.20646 2.21156 2.49368 2.51986 2.57009 2.6592 2.91285 2.99012 
0.22506 0.567818 0.664 0.843076 0.905914 1.33171 1.39318 1.5488 1.66118 1.67057 1.99075 2.16537 2.20646 2.21156 2.49368 2.51986 2.57009 2.6592 2.91285 2.99012 
0.22506 0.551027 0.567818 0.664 0.843076 0.905914 1.33171 1.39318 1.5488 1.66118 1.67057 1.99075 2.16537 2.20646 2.21156 2.49368 2.51986 2.57009 2.6592 2.91285 
0.22506 0.551027 0.567818 0.664 0.843076 0.905914 1.33171 1.39318 1.5488 1.66118 1.67057 1.99075 2.16537 2.20646 2.21156 2.49368 2.51986 2.57009 2.6592 2.91285 
0.22506 0.551027 0.567818 0.664 0.843076 0.905914 1.33171 1.39318 1.5488 1.66118 1.67057 1.99075 2.16537 2.20646 2.21156 2.49368 2.51986 2.57009 2.6592 2.91285 
0.22506 0.551027 0.567818 0.664 0.843076 0.905914 1.33171 1.39318 1.5488 1.66118 1.67057 1.99075 2.16537 2.20646 2.21156 2.49368 2.51986 2.57009 2.6592 2.91285 
0.22506 0.551027 0.567818 0.664 0.722742 0.843076 0.905914 1.27202 1.33171 1.39318 1.5488 1.66118 1.67057 1.99075 2.16537 2.20646 2.21156 2.49368 2.51986 2.57009 
0.22506 0.551027 0.567818 0.664 0.722742 0.832895 0.843076 0.905914 1.04039 1.2344 1.27202 1.33171 1.39318 1.5488 1.66118 1.67057 1.99075 2.16537 2.20646 2.21156 
0.22506 0.551027 0.567818 0.664 0.722742 0.832895 0.843076 0.905914 1.04039 1.2344 1.27202 1.33171 1.39318 1.5488 1.66118 1.67057 1.99075 2.16537 2.20646 2.21156 
0.22506 0.551027 0.567818 0.664 0.722742 0.832895 0.843076 0.905914 1.04039 1.2344 1.27202 1.33171 1.39318 1.5488 1.66118 1.67057 1.99075 2.16537 2.20646 2.21156 
0.22506 0.551027 0.567818 0.664 0.722742 0.832895 0.843076 0.905914 1.04039 1.14634 1.2344 1.27202 1.33171 1.39318 1.5488 1.66118 1.67057 1.99075 2.16537 2.20646 
0.22506 0.551027 0.567818 0.664 0.722742 0.832895 0.843076 0.905914 1.04039 1.14634 1.2344 1.27202 1.33171 1.39318 1.5488 1.66118 1.67057 1.99075 2.16537 2.20646 
0.22506 0.551027 0.567818 0.578055 0.664 0.722742 0.832895 0.843076 0.905914 1.04039 1.14634 1.2344 1.27202 1.33171 1.39318 1.5488 1.66118 1.67057 1.99075 2.16537 
0.22506 0.551027 0.567818 0.578055 0.664 0.722742 0.832895 0.843076 0.905914 1.04039 1.14634 1.2344 1.27202 1.33171 1.39318 1.5488 1.66118 1.67057 1.99075 2.16537 
0.22506 0.551027 0.567818 0.578055 0.664 0.722742 0.832895 0.843076 0.905914 1.04039 1.14634 1.2344 1.27202 1.33171 1.39318 1.5488 1.66118 1.67057 1.99075 2.16537 
0.22506 0.551027 0.567818 0.578055 0.664 0.722742 0.832895 0.843076 0.905914 0.925101 1.04039 1.14634 1.2344 1.27202 1.33171 1.39318 1.5488 1.66118 1.67057 1.99075 
0.22506 0.434585 0.551027 0.567818 0.578055 0.664 0.722742 0.743985 0.832895 0.843076 0.905914 0.925101 1.04039 1.14634 1.2344 1.27202 1.33171 1.39318 1.5488 1.66118 
0.22506 0.434585 0.551027 0.567818 0.578055 0.664 0.722742 0.743985 0.832895 0.843076 0.905914 0.925101 1.04039 1.14634 1.2344 1.27202 1.33171 1.39318 1.5488 1.66118 
0.22506 0.434585 0.551027 0.567818 0.578055 0.664 0.674307 0.722742 0.743985 0.832895 0.843076 0.905914 0.925101 1.04039 1.14634 1.2344 1.27202 1.33171 1.39318 1.5488 
0.22506 0.434585 0.551027 0.567818 0.578055 0.637142 0.664 0.674307 0.722742 0.743985 0.832895 0.843076 0.905914 0.925101 1.04039 1.14634 1.2344 1.27202 1.33171 1.39318 
0.22506 0.434585 0.551027 0.567818 0.578055 0.637142 0.664 0.674307 0.722742 0.743985 0.832895 0.843076 0.905914 0.925101 1.04039 1.14634 1.2344 1.27202 1.33171 1.39318 
0.22506 0.434585 0.551027 0.567818 0.578055 0.637142 0.664 0.674307 0.722742 0.743985 0.832895 0.843076 0.905914 0.925101 1.04039 1.14634 1.2344 1.27202 1.33171 1.39318 
0.22506 0.434585 0.551027 0.567818 0.578055 0.637142 0.664 0.674307 0.722742 0.743985 0.832895 0.843076 0.905914 0.925101 1.04039 1.14634 1.2344 1.27202 1.33171 1.39318 
0.22506 0.434585 0.551027 0.567818 0.578055 0.637142 0.664 0.674307 0.722742 0.743985 0.832895 0.843076 0.905914 0.925101 1.04039 1.14634 1.2344 1.27202 1.33171 1.39318 
0.22506 0.434585 0.52611 0.551027 0.567818 0.577405 0.578055 0.637142 0.664 0.674307 0.722742 0.743985 0.832895 0.843076 0.905914 0.925101 1.04039 1.14634 1.2344 1.27202 
0.22506 0.434585 0.52611 0.551027 0.567818 0.577405 0.578055 0.605574 0.637142 0.664 0.674307 0.722742 0.743985 0.832895 0.843076 0.905914 0.925101 1.04039 1.14634 1.2344 
0.22506 0.381255 0.434585 0.52611 0.551027 0.567818 0.577405 0.578055 0.605574 0.637142 0.664 0.674307 0.722742 0.743985 0.832895 0.843076 0.905914 0.925101 1.04039 1.14634 
0.22506 0.381255 0.429719 0.434585 0.52611 0.550579 0.551027 0.567818 0.577405 0.578055 0.605574 0.637142 0.664 0.674307 0.722742 0.743985 0.832895 0.843076 0.905914 0.925101 
0.22506 0.381255 0.429719 0.434585 0.52611 0.550579 0.551027 0.567818 0.577405 0.578055 0.605574 0.637142 0.664 0.674307 0.722742 0.743985 0.832895 0.843076 0.905914 0.925101 
0.22506 0.381255 0.429719 0.434585 0.52611 0.547476 0.550579 0.551027 0.567818 0.577405 0.578055 0.605574 0.637142 0.664 0.674307 0.722742 0.743985 0.832895 0.843076 0.905914 
0.22506 0.376098 0.378827 0.381255 0.429719 0.434585 0.52611 0.547476 0.550579 0.551027 0.567818 0.577405 0.578055 0.605574 0.637142 0.664 0.674307 0.722742 0.743985 0.832895 
0.22506 0.267349 0.276623 0.376098 0.378827 0.381255 0.429719 0.434585 0.444011 0.52611 0.547476 0.550579 0.551027 0.567818 0.577405 0.578055 0.605574 0.637142 0.664 0.674307 
0.22506 0.233388 0.267349 0.276623 0.376098 0.378827 0.381255 0.411997 0.429719 0.434585 0.444011 0.52611 0.547476 0.550579 0.551027 0.567818 0.577405 0.578055 0.605574 0.637142 
0.22506 0.233388 0.267349 0.276623 0.376098 0.378827 0.381255 0.411997 0.429719 0.434585 0.444011 0.52611 0.547476 0.550579 0.551027 0.567818 0.577405 0.578055 0.605574 0.637142 
0.22506 0.233388 0.267349 0.276623 0.376098 0.378827 0.381255 0.411997 0.429719 0.434585 0.444011 0.52611 0.547476 0.550579 0.551027 0.567818 0.577405 0.578055 0.605574 0.637142 
0.22506 0.233388 0.267349 0.276623 0.369259 0.376098 0.378827 0.381255 0.411997 0.415075 0.429719 0.434585 0.444011 0.52611 0.547476 0.550579 0.551027 0.567818 0.577405 0.578055 
0.22506 0.233388 0.267349 0.276623 0.287096 0.369259 0.376098 0.378827 0.381255 0.411997 0.415075 0.429719 0.434585 0.444011 0.52611 0.547476 0.550579 0.551027 0.567818 0.577405 
0.102279 0.22506 0.233388 0.267349 0.276623 0.287096 0.341321 0.369259 0.376098 0.378827 0.381255 0.411997 0.415075 0.429719 0.434585 0.444011 0.52611 0.547476 0.550579 0.551027 
0.102279 0.169218 0.22506 0.233388 0.267349 0.276623 0.287096 0.341321 0.369259 0.376098 0.378827 0.381255 0.411997 0.415075 0.429719 0.434585 0.444011 0.52611 0.547476 0.550579 
0.102279 0.169218 0.22506 0.233388 0.267349 0.276623 0.287096 0.341321 0.369259 0.376098 0.378827 0.381255 0.411997 0.415075 0.429719 0.434585 0.444011 0.52611 0.547476 0.550579 
0.102279 0.169218 0.22506 0.233388 0.267349 0.276623 0.287096 0.341321 0.369259 0.376098 0.378827 0.381255 0.411997 0.415075 0.429719 0.434585 0.444011 0.52611 0.547476 0.550579 
0.102279 0.169218 0.22506 0.233388 0.267349 0.276623 0.287096 0.341321 0.369259 0.376098 0.378827 0.381255 0.411997 0.415075 0.429719 0.434585 0.444011 0.52611 0.547476 0.550579 
0.102279 0.169218 0.22506 0.233388 0.267349 0.276623 0.287096 0.299923 0.310169 0.341321 0.369259 0.376098 0.378827 0.381255 0.411997 0.415075 0.429719 0.434585 0.444011 0.52611 
0.102279 0.169218 0.22506 0.233388 0.267349 0.276623 0.287096 0.299923 0.310169 0.341321 0.369259 0.376098 0.378827 0.381255 0.411997 0.415075 0.429719 0.434585 0.444011 0.52611 
0.102279 0.169218 0.22506 0.233388 0.267349 0.276623 0.287096 0.299923 0.310169 0.341321 0.369259 0.376098 0.378827 0.381255 0.411997 0.415075 0.429719 0.434585 0.444011 0.52611 
0.102279 0.169218 0.22506 0.233388 0.267349 0.276623 0.287096 0.287371 0.299923 0.310169 0.341321 0.369259 0.376098 0.378827 0.381255 0.411997 0.415075 0.429719 0.434585 0.444011 
0.102279 0.169218 0.22506 0.233388 0.267349 0.276623 0.287096 0.287371 0.299923 0.310169 0.341321 0.369259 0.376098 0.378827 0.381255 0.411997 0.415075 0.429719 0.434585 0.444011 
