0.647704 1.83685 2.52197 2.78782 2.82894 2.85861 3.14967 3.17261 3.29089 3.33783 3.36247 3.47408 3.79252 3.91792 4.12219 4.16918 4.17933 4.34741 4.49107 4.54229 
0.511791 0.647704 1.47107 1.83685 2.52197 2.78782 2.82894 2.85861 3.04602 3.14967 3.17261 3.18094 3.21669 3.29089 3.33783 3.36247 3.45126 3.47408 3.67186 3.79252 
0.511791 0.647704 1.43051 1.47107 1.83685 1.97743 2.042 2.12991 2.52197 2.52837 2.72357 2.78782 2.82894 2.85861 3.00029 3.04254 3.04602 3.14967 3.16351 3.17261 
0.101925 0.497379 0.511791 0.647704 0.709812 0.825088 1.01089 1.07729 1.29603 1.31952 1.43051 1.46122 1.47107 1.64199 1.67343 1.69777 1.80234 1.83685 1.86756 1.97535 
0.101925 0.497379 0.511791 0.647704 0.709812 0.825088 0.991274 1.01089 1.07729 1.29603 1.31952 1.43051 1.46122 1.47107 1.64199 1.67343 1.69777 1.80234 1.82734 1.83685 
0.101925 0.497379 0.511791 0.647704 0.682452 0.709812 0.825088 0.991274 1.01089 1.02666 1.07729 1.29603 1.31952 1.35494 1.43051 1.46122 1.47107 1.62883 1.64199 1.67343 
0.101925 0.363416 0.497379 0.511791 0.647704 0.682452 0.709812 0.774065 0.825088 0.835908 0.991274 1.01089 1.02666 1.07729 1.24404 1.29603 1.31952 1.35494 1.39967 1.43051 
0.101925 0.363416 0.497379 0.511791 0.647704 0.682452 0.709812 0.774065 0.825088 0.835908 0.991274 1.01089 1.02666 1.07729 1.24404 1.29603 1.31952 1.35494 1.39967 1.43051 
0.101925 0.363416 0.497379 0.511791 0.647704 0.682452 0.709812 0.774065 0.825088 0.835908 0.991274 1.01089 1.02666 1.07729 1.11202 1.22764 1.24404 1.28249 1.29603 1.31952 
0.101925 0.108818 0.363416 0.497379 0.511791 0.517065 0.647704 0.682452 0.709812 0.774065 0.825088 0.835908 0.934688 0.991274 1.01089 1.02666 1.07729 1.11202 1.22764 1.24404 
0.101925 0.108818 0.363416 0.497379 0.511791 0.517065 0.647704 0.680751 0.682452 0.709812 0.774065 0.825088 0.835908 0.934688 0.991274 1.01089 1.02666 1.07729 1.11202 1.22764 
0.101925 0.108818 0.363416 0.440142 0.497379 0.511791 0.517065 0.598212 0.647704 0.680751 0.682452 0.709812 0.774065 0.825088 0.835908 0.934688 0.991274 1.01089 1.02666 1.07729 
0.101925 0.108818 0.363416 0.440142 0.497379 0.511791 0.517065 0.598212 0.647704 0.680751 0.682452 0.709812 0.774065 0.825088 0.835908 0.934688 0.991274 1.01089 1.02666 1.07729 
0.101925 0.108818 0.363416 0.440142 0.497379 0.511791 0.517065 0.598212 0.647704 0.680751 0.682452 0.709812 0.774065 0.825088 0.835908 0.934688 0.991274 1.01089 1.02666 1.07729 
0.101925 0.108818 0.363416 0.440142 0.497379 0.511791 0.517065 0.598212 0.647704 0.680751 0.682452 0.709812 0.774065 0.825088 0.835908 0.934688 0.991274 1.01089 1.02666 1.07729 
0.101925 0.108818 0.363416 0.440142 0.497379 0.511791 0.517065 0.598212 0.647704 0.680751 0.682452 0.709812 0.774065 0.825088 0.835908 0.934688 0.991274 1.01089 1.02666 1.07729 
0.101925 0.108818 0.363416 0.440142 0.497379 0.511791 0.517065 0.598212 0.647704 0.680751 0.682452 0.709812 0.774065 0.825088 0.835908 0.934688 0.991274 1.01089 1.02666 1.07729 
0.101925 0.108818 0.363416 0.440142 0.497379 0.511791 0.517065 0.598212 0.647704 0.680751 0.682452 0.709812 0.774065 0.825088 0.835908 0.934688 0.991274 1.01089 1.02666 1.07729 
0.101925 0.108818 0.363416 0.440142 0.497379 0.511791 0.517065 0.598212 0.647704 0.654532 0.680751 0.682452 0.707356 0.709812 0.774065 0.823167 0.825088 0.835908 0.934688 0.991274 
0.101925 0.108818 0.300682 0.363416 0.440142 0.497379 0.511791 0.517065 0.575521 0.598212 0.647704 0.654532 0.680751 0.682452 0.707356 0.709812 0.716278 0.774065 0.821534 0.823167 
0.101925 0.108818 0.300682 0.363416 0.440142 0.497379 0.511791 0.517065 0.575521 0.598212 0.647704 0.654532 0.680751 0.682452 0.707356 0.709812 0.716278 0.774065 0.821534 0.823167 
0.101925 0.108818 0.300682 0.363416 0.440142 0.497379 0.511791 0.517065 0.575521 0.592424 0.598212 0.647704 0.654532 0.680751 0.682452 0.707356 0.709812 0.716278 0.774065 0.821534 
0.101925 0.108818 0.300682 0.363416 0.440142 0.497379 0.511791 0.517065 0.575521 0.592424 0.598212 0.635976 0.647704 0.654532 0.680751 0.682452 0.707356 0.709812 0.716278 0.774065 
0.00751373 0.101925 0.108818 0.300682 0.363416 0.440142 0.497379 0.511791 0.517065 0.575521 0.592424 0.598212 0.635976 0.647704 0.654532 0.680751 0.682452 0.707356 0.709812 0.716278 
0.00751373 0.101925 0.108818 0.300682 0.363416 0.440142 0.497379 0.511791 0.517065 0.575521 0.592424 0.598212 0.635976 0.647704 0.654532 0.680751 0.682452 0.707356 0.709812 0.716278 
0.00751373 0.101925 0.108818 0.251221 0.300682 0.363416 0.440142 0.497379 0.511791 0.517065 0.575521 0.592424 0.598212 0.635976 0.647704 0.654532 0.680751 0.682452 0.707356 0.709812 
0.00751373 0.101925 0.108818 0.251221 0.300682 0.363416 0.440142 0.497379 0.511791 0.517065 0.575521 0.592424 0.598212 0.635976 0.647704 0.654532 0.680751 0.682452 0.707356 0.709812 
0.00751373 0.101925 0.108818 0.251221 0.300682 0.363416 0.440142 0.497379 0.511791 0.517065 0.575521 0.592424 0.598212 0.635976 0.647704 0.654532 0.680751 0.682452 0.707356 0.709812 
0.00751373 0.101925 0.108818 0.251221 0.300682 0.363416 0.440142 0.497379 0.511791 0.517065 0.575521 0.592424 0.598212 0.635976 0.647704 0.654532 0.680751 0.682452 0.707356 0.709812 
0.00751373 0.101925 0.108818 0.251221 0.300682 0.363416 0.440142 0.497379 0.511791 0.517065 0.575521 0.592424 0.598212 0.635976 0.647704 0.654532 0.680751 0.682452 0.707356 0.709812 
0.00751373 0.101925 0.108818 0.251221 0.300682 0.363416 0.412139 0.440142 0.497379 0.511791 0.517065 0.575521 0.592424 0.598212 0.635976 0.647704 0.654532 0.680751 0.682452 0.707356 
0.00751373 0.101925 0.108818 0.251221 0.300682 0.363416 0.412139 0.440142 0.497379 0.511791 0.517065 0.575521 0.592424 0.598212 0.635976 0.647704 0.654532 0.680751 0.682452 0.707356 
0.00751373 0.101925 0.108818 0.251221 0.300682 0.363416 0.412139 0.440142 0.497379 0.511791 0.517065 0.575521 0.592424 0.598212 0.635976 0.647704 0.654532 0.680751 0.682452 0.707356 
0.00751373 0.101925 0.108818 0.251221 0.300682 0.363416 0.412139 0.440142 0.497379 0.511791 0.517065 0.575521 0.592424 0.598212 0.617477 0.635976 0.647704 0.654532 0.680751 0.682452 
0.00751373 0.101925 0.108818 0.251221 0.300682 0.363416 0.400947 0.412139 0.440142 0.458408 0.497379 0.511791 0.517065 0.575521 0.592424 0.598212 0.617477 0.635976 0.647704 0.654532 
0.00751373 0.101925 0.108818 0.197746 0.251221 0.300682 0.363416 0.400947 0.412139 0.440142 0.458408 0.497379 0.511791 0.517065 0.575521 0.592424 0.598212 0.617477 0.635976 0.647704 
0.00751373 0.0950622 0.101925 0.108818 0.197746 0.251221 0.300682 0.363416 0.400947 0.412139 0.440142 0.458408 0.497379 0.511791 0.517065 0.575521 0.592424 0.598212 0.617477 0.635976 
0.00751373 0.0950622 0.101925 0.108818 0.197746 0.251221 0.300682 0.363416 0.400947 0.412139 0.440142 0.458408 0.497379 0.511791 0.517065 0.575521 0.592424 0.598212 0.617477 0.635976 
0.00751373 0.0950622 0.101925 0.108818 0.197746 0.251221 0.300682 0.363416 0.400947 0.412139 0.440142 0.458408 0.497379 0.511791 0.517065 0.575521 0.592424 0.598212 0.617477 0.635976 
0.00751373 0.0950622 0.101925 0.108818 0.197746 0.251221 0.300682 0.320538 0.358425 0.363416 0.400947 0.412139 0.440142 0.458408 0.497379 0.511791 0.517065 0.575521 0.592424 0.598212 
0.00751373 0.0950622 0.101925 0.108818 0.197746 0.251221 0.300682 0.320538 0.358425 0.363416 0.400947 0.412139 0.440142 0.458408 0.497379 0.511791 0.517065 0.575521 0.592424 0.598212 
0.00751373 0.0587911 0.0950622 0.101925 0.108818 0.197746 0.251221 0.300682 0.320538 0.358425 0.363416 0.386069 0.400947 0.412139 0.440142 0.458408 0.497379 0.511791 0.517065 0.575521 
0.00751373 0.0587911 0.0950622 0.101925 0.108818 0.197746 0.251221 0.300682 0.320538 0.358425 0.363416 0.386069 0.400947 0.412139 0.440142 0.458408 0.497379 0.511791 0.517065 0.575521 
0.00751373 0.0587911 0.0950622 0.101925 0.108818 0.197746 0.251221 0.300682 0.320538 0.358425 0.363416 0.386069 0.400947 0.412139 0.440142 0.458408 0.497379 0.511791 0.517065 0.575521 
0.00751373 0.0587911 0.0950622 0.101925 0.108818 0.197746 0.251221 0.298039 0.300682 0.320538 0.358425 0.363416 0.386069 0.400947 0.412139 0.440142 0.458408 0.497379 0.511791 0.517065 
0.00751373 0.0587911 0.0950622 0.101925 0.108818 0.197746 0.251221 0.298039 0.300682 0.320538 0.358425 0.363416 0.386069 0.400947 0.412139 0.440142 0.446171 0.458408 0.497379 0.511791 
0.00751373 0.0587911 0.0950622 0.101925 0.108818 0.197746 0.251221 0.298039 0.300682 0.320538 0.358425 0.363416 0.386069 0.400947 0.412139 0.440142 0.446171 0.458408 0.497379 0.511791 
0.00751373 0.0587911 0.0950622 0.101925 0.108818 0.197746 0.251221 0.298039 0.300682 0.320538 0.358425 0.363416 0.386069 0.400947 0.412139 0.440142 0.446171 0.458408 0.497379 0.511791 
0.00751373 0.0587911 0.0950622 0.101925 0.108818 0.197746 0.251221 0.298039 0.300682 0.320538 0.358425 0.363416 0.386069 0.400947 0.412139 0.415468 0.440142 0.446171 0.458408 0.497379 
0.00751373 0.0587911 0.0950622 0.101925 0.108818 0.197746 0.251221 0.298039 0.300682 0.320538 0.358425 0.363416 0.386069 0.400947 0.412139 0.415468 0.440142 0.446171 0.458408 0.497379 
0.00751373 0.0587911 0.0910609 0.0950622 0.101925 0.108818 0.197746 0.251221 0.298039 0.300682 0.320538 0.358425 0.363416 0.386069 0.400947 0.412139 0.415468 0.440142 0.446171 0.458408 
0.00751373 0.0587911 0.0910609 0.0950622 0.101925 0.108818 0.197746 0.251221 0.298039 0.300682 0.320538 0.358425 0.363416 0.386069 0.400947 0.412139 0.415468 0.440142 0.446171 0.458408 
0.00751373 0.0587911 0.0685776 0.0910609 0.0950622 0.101925 0.108818 0.197746 0.251221 0.298039 0.300682 0.320538 0.358425 0.363416 0.386069 0.400947 0.412139 0.415468 0.440142 0.446171 
0.00751373 0.0587911 0.0685776 0.0910609 0.0950622 0.101925 0.108818 0.197746 0.251221 0.298039 0.300682 0.320538 0.358425 0.363416 0.386069 0.400947 0.412139 0.415468 0.440142 0.446171 
0.00751373 0.0587911 0.0685776 0.0910609 0.0950622 0.101925 0.108818 0.197746 0.246939 0.251221 0.277394 0.298039 0.300682 0.320538 0.358425 0.360141 0.363416 0.386069 0.400947 0.412139 
0.00751373 0.0587911 0.0685776 0.0910609 0.0950622 0.101925 0.108818 0.165236 0.197746 0.246939 0.251221 0.261533 0.277394 0.298039 0.300682 0.320538 0.358425 0.360141 0.363416 0.386069 
0.00751373 0.0587911 0.0685776 0.0910609 0.0950622 0.101925 0.108818 0.165236 0.197746 0.246939 0.251221 0.261533 0.277394 0.298039 0.300682 0.305213 0.320538 0.333203 0.358425 0.360141 
0.00751373 0.0587911 0.0685776 0.0910609 0.0950622 0.101925 0.108818 0.165236 0.197746 0.246939 0.251221 0.261533 0.277394 0.298039 0.300682 0.305213 0.320538 0.333203 0.358425 0.360141 
0.00751373 0.0587911 0.0685776 0.0910609 0.0950622 0.101925 0.108818 0.165236 0.197746 0.246939 0.251221 0.261533 0.277394 0.298039 0.300682 0.305213 0.320538 0.333203 0.358425 0.360141 
0.00751373 0.0587911 0.0685776 0.0910609 0.0950622 0.101925 0.108818 0.165236 0.197746 0.246939 0.251221 0.261533 0.277394 0.298039 0.300682 0.305213 0.320538 0.333203 0.358425 0.360141 
0.00751373 0.0587911 0.0685776 0.0910609 0.0950622 0.101925 0.108818 0.165236 0.197746 0.246939 0.251221 0.261533 0.277394 0.298039 0.300682 0.305213 0.320538 0.333203 0.358425 0.360141 
0.00751373 0.0587911 0.0685776 0.0910609 0.0950622 0.101925 0.108818 0.165236 0.197746 0.246939 0.251221 0.261533 0.277394 0.298039 0.300682 0.305213 0.320538 0.333203 0.358425 0.360141 
0.00751373 0.0587911 0.0685776 0.0910609 0.0950622 0.101925 0.108818 0.165236 0.197746 0.246939 0.251221 0.261533 0.277394 0.298039 0.300682 0.305213 0.320538 0.333203 0.358425 0.360141 
0.00751373 0.0587911 0.0685776 0.0910609 0.0950622 0.101925 0.108818 0.165236 0.197746 0.246939 0.251221 0.261533 0.277394 0.298039 0.300682 0.305213 0.320538 0.333203 0.358425 0.360141 
0.00751373 0.0587911 0.0685776 0.0910609 0.0950622 0.101925 0.108818 0.165236 0.197746 0.246939 0.251221 0.261533 0.277394 0.298039 0.300682 0.305213 0.320538 0.333203 0.358425 0.360141 
0.00751373 0.0587911 0.0685776 0.0910609 0.0950622 0.101925 0.108818 0.165236 0.197746 0.246939 0.251221 0.261533 0.277394 0.298039 0.300682 0.305213 0.320538 0.333203 0.358425 0.360141 
0.00751373 0.0587911 0.0685776 0.0910609 0.0950622 0.101925 0.108818 0.165236 0.197746 0.246939 0.251221 0.261533 0.277394 0.298039 0.300682 0.305213 0.320538 0.333203 0.358425 0.360141 
0.00751373 0.0587911 0.0685776 0.0910609 0.0950622 0.101925 0.108818 0.165236 0.197746 0.246939 0.251221 0.261533 0.277394 0.298039 0.300682 0.305213 0.320538 0.333203 0.358425 0.360141 
0.00751373 0.0587911 0.0685776 0.0910609 0.0950622 0.101925 0.108818 0.165236 0.197746 0.246939 0.251221 0.261533 0.277394 0.298039 0.300682 0.305213 0.320538 0.333203 0.358425 0.360141 
0.00751373 0.0587911 0.0685776 0.0910609 0.0950622 0.101925 0.108818 0.165236 0.197746 0.246939 0.251221 0.261533 0.277394 0.298039 0.300682 0.305213 0.320538 0.333203 0.358425 0.360141 
0.00751373 0.0587911 0.0685776 0.0910609 0.0950622 0.101925 0.108818 0.165236 0.197746 0.246939 0.251221 0.261533 0.277394 0.298039 0.300682 0.305213 0.320538 0.333203 0.358425 0.360141 
0.00751373 0.0587911 0.0685776 0.0910609 0.0950622 0.101925 0.108818 0.165236 0.197746 0.246939 0.251221 0.261533 0.277394 0.298039 0.300682 0.305213 0.320538 0.333203 0.358425 0.360141 
0.00751373 0.0587911 0.0685776 0.0910609 0.0950622 0.101925 0.108818 0.165236 0.197746 0.246939 0.251221 0.261533 0.277394 0.298039 0.300682 0.305213 0.320538 0.333203 0.358425 0.360141 
0.00751373 0.0587911 0.0685776 0.0910609 0.0950622 0.101925 0.108818 0.165236 0.197746 0.246939 0.251221 0.261533 0.277394 0.298039 0.300682 0.305213 0.320538 0.333203 0.358425 0.360141 
0.00751373 0.0587911 0.0685776 0.0910609 0.0950622 0.101925 0.108818 0.165236 0.197746 0.246939 0.251221 0.261533 0.277394 0.298039 0.300682 0.305213 0.320538 0.333203 0.358425 0.360141 
0.00751373 0.0587911 0.0685776 0.0910609 0.0950622 0.101925 0.108818 0.165236 0.197746 0.246939 0.251221 0.261533 0.277394 0.298039 0.300682 0.305213 0.320538 0.333203 0.358425 0.360141 
0.00751373 0.0587911 0.0685776 0.0910609 0.0950622 0.101925 0.108818 0.165236 0.197746 0.246939 0.251221 0.261533 0.277394 0.298039 0.300682 0.305213 0.320538 0.333203 0.358425 0.360141 
0.00751373 0.0587911 0.0685776 0.0910609 0.0950622 0.101925 0.108818 0.165236 0.197746 0.246939 0.251221 0.261533 0.277394 0.298039 0.300682 0.305213 0.320538 0.333203 0.358425 0.360141 
0.00751373 0.0587911 0.0685776 0.0910609 0.0950622 0.101925 0.108818 0.165236 0.197746 0.246939 0.251221 0.261533 0.277394 0.298039 0.300682 0.305213 0.320538 0.333203 0.358425 0.360141 
0.00751373 0.0587911 0.0685776 0.0910609 0.0950622 0.101925 0.108818 0.165236 0.197746 0.246939 0.251221 0.261533 0.277394 0.298039 0.300682 0.305213 0.320538 0.333203 0.358425 0.360141 
0.00751373 0.0587911 0.0685776 0.0910609 0.0950622 0.101925 0.108818 0.165236 0.197746 0.246939 0.251221 0.261533 0.277394 0.298039 0.300682 0.305213 0.320538 0.333203 0.358425 0.360141 
0.00751373 0.0587911 0.0685776 0.0910609 0.0950622 0.101925 0.108818 0.165236 0.197746 0.246939 0.251221 0.261533 0.277394 0.298039 0.300682 0.305213 0.320538 0.333203 0.358425 0.360141 
0.00751373 0.0587911 0.0685776 0.0910609 0.0950622 0.101925 0.108818 0.165236 0.197746 0.246939 0.251221 0.261533 0.277394 0.298039 0.300682 0.305213 0.320538 0.333203 0.358425 0.360141 
0.00751373 0.0587911 0.0685776 0.0910609 0.0950622 0.101925 0.108818 0.165236 0.197746 0.246939 0.251221 0.261533 0.277394 0.298039 0.300682 0.305213 0.320538 0.333203 0.358425 0.360141 
0.00751373 0.0587911 0.0685776 0.0910609 0.0950622 0.101925 0.108818 0.165236 0.197746 0.246939 0.251221 0.261533 0.277394 0.298039 0.300682 0.305213 0.320538 0.333203 0.358425 0.360141 
0.00751373 0.0587911 0.0685776 0.0910609 0.0950622 0.101925 0.108818 0.165236 0.197746 0.246939 0.251221 0.261533 0.277394 0.298039 0.300682 0.305213 0.320538 0.333203 0.358425 0.360141 
0.00751373 0.0587911 0.0685776 0.0910609 0.0950622 0.101925 0.108818 0.165236 0.197746 0.246939 0.251221 0.261533 0.277394 0.298039 0.300682 0.305213 0.320538 0.333203 0.358425 0.360141 
0.00751373 0.0587911 0.0685776 0.0910609 0.0950622 0.101925 0.108818 0.165236 0.197746 0.246939 0.251221 0.261533 0.277394 0.298039 0.300682 0.305213 0.320538 0.333203 0.358425 0.360141 
0.00751373 0.0587911 0.0685776 0.0910609 0.0950622 0.101925 0.108818 0.165236 0.197746 0.246939 0.251221 0.261533 0.277394 0.298039 0.300682 0.305213 0.320538 0.333203 0.358425 0.360141 
0.00751373 0.0587911 0.0685776 0.0910609 0.0950622 0.101925 0.108818 0.165236 0.197746 0.246939 0.251221 0.261533 0.277394 0.298039 0.300682 0.305213 0.320538 0.333203 0.358425 0.360141 
0.00751373 0.0587911 0.0685776 0.0910609 0.0950622 0.101925 0.108818 0.165236 0.197746 0.246939 0.251221 0.261533 0.277394 0.298039 0.300682 0.305213 0.320538 0.333203 0.358425 0.360141 
0.00751373 0.0587911 0.0685776 0.0910609 0.0950622 0.101925 0.108818 0.165236 0.197746 0.246939 0.251221 0.261533 0.277394 0.298039 0.300682 0.305213 0.320538 0.333203 0.358425 0.360141 
0.00751373 0.0587911 0.0685776 0.0910609 0.0950622 0.101925 0.108818 0.165236 0.197746 0.246939 0.251221 0.261533 0.277394 0.298039 0.300682 0.305213 0.320538 0.333203 0.358425 0.360141 
0.00751373 0.0587911 0.0685776 0.0910609 0.0950622 0.101925 0.108818 0.165236 0.197746 0.246939 0.251221 0.261533 0.277394 0.298039 0.300682 0.305213 0.320538 0.333203 0.358425 0.360141 
0.00751373 0.0587911 0.0685776 0.0910609 0.0950622 0.101925 0.108818 0.165236 0.197746 0.246939 0.251221 0.261533 0.277394 0.298039 0.300682 0.305213 0.320538 0.333203 0.358425 0.360141 
0.00751373 0.0587911 0.0685776 0.0910609 0.0950622 0.101925 0.108818 0.165236 0.197746 0.246939 0.251221 0.261533 0.277394 0.298039 0.300682 0.305213 0.320538 0.333203 0.358425 0.360141 
0.00751373 0.0587911 0.0685776 0.0910609 0.0950622 0.101925 0.108818 0.165236 0.197746 0.246939 0.251221 0.261533 0.277394 0.298039 0.300682 0.305213 0.320538 0.333203 0.358425 0.360141 
0.00751373 0.0587911 0.0685776 0.0910609 0.0950622 0.101925 0.108818 0.165236 0.197746 0.246939 0.251221 0.261533 0.277394 0.298039 0.300682 0.305213 0.320538 0.333203 0.358425 0.360141 
0.00751373 0.0587911 0.0685776 0.0910609 0.0950622 0.101925 0.108818 0.165236 0.197746 0.246939 0.251221 0.261533 0.277394 0.298039 0.300682 0.305213 0.320538 0.333203 0.358425 0.360141 
0.00751373 0.0587911 0.0685776 0.0910609 0.0950622 0.101925 0.108818 0.165236 0.197746 0.246939 0.251221 0.261533 0.277394 0.298039 0.300682 0.305213 0.320538 0.333203 0.358425 0.360141 
