2.82623 3.38502 4.31754 4.51938 4.58441 5.53609 5.54796 5.65079 5.65447 5.95593 6.08721 6.11292 6.17437 6.20059 6.45207 6.60536 6.62119 6.73262 7.2101 7.24184 
2.82623 3.10877 3.38502 4.31754 4.51938 4.52172 4.52833 4.58441 5.04228 5.15889 5.35671 5.40664 5.50129 5.53609 5.54796 5.65079 5.65447 5.78554 5.95593 6.08721 
2.82623 3.10877 3.38502 3.95892 4.03825 4.07246 4.31754 4.47558 4.51938 4.52172 4.52833 4.58441 4.58853 5.04228 5.15889 5.35671 5.40664 5.50129 5.53609 5.54796 
0.92437 2.82623 2.98298 3.10877 3.38502 3.95892 4.03825 4.07246 4.21725 4.22859 4.31754 4.47558 4.51938 4.52172 4.5238 4.52833 4.58441 4.58853 4.92679 5.04228 
0.92437 2.82623 2.98298 3.10877 3.38502 3.61723 3.69809 3.95892 4.03825 4.07246 4.21725 4.22859 4.3109 4.31754 4.47558 4.51938 4.52172 4.5238 4.52833 4.58441 
0.92437 2.82623 2.98298 3.10877 3.15963 3.38502 3.50342 3.61723 3.69809 3.95892 4.03825 4.07246 4.21725 4.22859 4.3109 4.31754 4.43025 4.47558 4.51938 4.52172 
0.92437 2.12701 2.82623 2.98298 3.10877 3.15963 3.38502 3.50342 3.61723 3.69809 3.95892 4.03825 4.07246 4.21725 4.22859 4.3109 4.31754 4.43025 4.45783 4.47558 
0.92437 2.12701 2.82623 2.98298 3.10877 3.15963 3.28182 3.38502 3.50342 3.61723 3.69809 3.80918 3.81419 3.89467 3.95892 4.03825 4.07246 4.21725 4.22859 4.3109 
0.92437 2.12701 2.82623 2.98298 3.05973 3.10877 3.15963 3.28182 3.3628 3.38502 3.50342 3.61723 3.69809 3.80918 3.81419 3.82071 3.89467 3.95892 4.03825 4.07246 
0.92437 1.55324 2.12701 2.75621 2.82623 2.98298 3.05973 3.09084 3.10877 3.15963 3.28182 3.3628 3.38502 3.50342 3.61723 3.69809 3.80918 3.81419 3.82071 3.89467 
0.92437 1.55324 2.12701 2.75621 2.82623 2.98298 3.05973 3.09084 3.10877 3.15963 3.28182 3.3628 3.38502 3.50342 3.61723 3.69809 3.78435 3.80918 3.81419 3.82071 
0.92437 1.55324 2.12701 2.75621 2.82623 2.98298 3.05973 3.09084 3.10877 3.15963 3.19706 3.28182 3.3628 3.38502 3.50342 3.61723 3.69809 3.78435 3.80918 3.81419 
0.92437 1.55324 2.12701 2.54658 2.75621 2.82623 2.98298 3.05973 3.09084 3.10877 3.1361 3.15963 3.19706 3.28182 3.30087 3.3628 3.38502 3.50342 3.61723 3.69809 
0.92437 1.55324 2.12701 2.24935 2.54658 2.75621 2.82623 2.98298 3.05973 3.09084 3.10877 3.1361 3.15963 3.19706 3.28182 3.30087 3.3628 3.38502 3.50342 3.61723 
0.92437 1.55324 2.12701 2.24935 2.30119 2.54658 2.67447 2.75621 2.8145 2.82623 2.83859 2.98298 3.05973 3.09084 3.10877 3.1361 3.15963 3.19706 3.28182 3.30087 
0.92437 1.55324 2.12701 2.24935 2.30119 2.47561 2.54658 2.67447 2.75621 2.8145 2.82623 2.83859 2.8462 2.98298 3.05973 3.09084 3.10877 3.1361 3.15963 3.19706 
0.92437 1.55324 2.12701 2.18394 2.24935 2.30119 2.47561 2.54658 2.67447 2.75621 2.8145 2.82623 2.83859 2.8462 2.98298 3.05973 3.09084 3.10877 3.1361 3.15963 
0.92437 1.55324 1.78605 2.12701 2.18394 2.24935 2.30119 2.47561 2.54658 2.67447 2.71121 2.75621 2.8145 2.82623 2.83859 2.8462 2.96654 2.98298 3.05973 3.09084 
0.868347 0.92437 1.55324 1.78605 2.12701 2.18394 2.24935 2.30119 2.47561 2.54658 2.67447 2.71121 2.73593 2.75621 2.8145 2.82623 2.83859 2.8462 2.96654 2.98298 
0.0590175 0.868347 0.92437 1.55324 1.59564 1.78605 2.12701 2.18394 2.24935 2.30119 2.43908 2.47561 2.54658 2.67447 2.71121 2.73593 2.75621 2.8145 2.82623 2.83859 
0.0590175 0.593042 0.868347 0.92437 1.39366 1.55324 1.59564 1.78605 2.12701 2.18394 2.24935 2.30119 2.43908 2.47561 2.54658 2.67447 2.71121 2.71309 2.73593 2.75621 
0.0590175 0.593042 0.868347 0.92437 1.39366 1.55324 1.59564 1.78605 2.12701 2.18394 2.24935 2.30119 2.43908 2.44044 2.47561 2.54658 2.67447 2.71121 2.71309 2.73593 
0.0590175 0.593042 0.868347 0.92437 1.39366 1.55324 1.59564 1.78605 2.01619 2.12701 2.18394 2.24935 2.30119 2.43908 2.44044 2.47561 2.54658 2.61467 2.67447 2.68376 
0.0590175 0.593042 0.868347 0.92437 1.39366 1.55324 1.59564 1.78605 1.81692 2.01619 2.12701 2.18394 2.24935 2.30119 2.43908 2.44044 2.45033 2.47561 2.54658 2.61467 
0.0590175 0.274218 0.593042 0.868347 0.92437 1.39366 1.55324 1.59564 1.78605 1.81692 2.01619 2.12701 2.18394 2.24935 2.30119 2.43908 2.44044 2.45033 2.47561 2.49041 
0.0590175 0.274218 0.593042 0.68397 0.868347 0.92437 1.39366 1.55324 1.59564 1.78605 1.81692 1.95137 2.01619 2.12701 2.18394 2.24935 2.30119 2.43908 2.44044 2.45033 
0.0590175 0.274218 0.593042 0.68397 0.868347 0.92437 0.97306 1.39366 1.55324 1.59564 1.78605 1.81692 1.95137 2.01619 2.01778 2.12701 2.18394 2.24935 2.30119 2.35432 
0.0590175 0.274218 0.593042 0.68397 0.868347 0.92437 0.97306 1.39366 1.55324 1.59564 1.78605 1.81692 1.95137 2.01619 2.01778 2.12701 2.18394 2.24935 2.30119 2.35432 
0.0590175 0.274218 0.581763 0.593042 0.68397 0.868347 0.92437 0.97306 1.16649 1.39366 1.55324 1.59564 1.78605 1.81692 1.95137 2.01619 2.01778 2.12701 2.18394 2.24935 
0.0590175 0.274218 0.543214 0.581763 0.593042 0.68397 0.868347 0.92437 0.97306 1.16649 1.39366 1.55324 1.59564 1.78605 1.81692 1.95137 2.01619 2.01778 2.12701 2.18394 
0.0590175 0.274218 0.543214 0.581763 0.593042 0.68397 0.868347 0.92437 0.97306 1.16649 1.22184 1.39366 1.55324 1.59564 1.78605 1.81692 1.95137 1.96965 2.01619 2.01778 
0.0590175 0.274218 0.543214 0.581763 0.593042 0.68397 0.868347 0.92437 0.97306 1.16649 1.22184 1.39366 1.55324 1.59564 1.62219 1.70723 1.78605 1.79562 1.81692 1.95137 
0.0590175 0.274218 0.543214 0.581763 0.593042 0.68397 0.698934 0.868347 0.92437 0.97306 1.16649 1.22184 1.39366 1.55324 1.59564 1.62219 1.70723 1.78465 1.78605 1.79562 
0.0590175 0.274218 0.543214 0.581763 0.593042 0.68397 0.698934 0.868347 0.92437 0.97306 1.16649 1.22184 1.39366 1.55324 1.59564 1.62219 1.70723 1.78465 1.78605 1.79562 
0.0590175 0.274218 0.543214 0.581763 0.593042 0.68397 0.698934 0.728044 0.868347 0.92437 0.97306 1.16649 1.22184 1.39366 1.55324 1.59564 1.62219 1.70723 1.73649 1.78465 
0.0590175 0.274218 0.518395 0.543214 0.581763 0.593042 0.68397 0.698934 0.728044 0.868347 0.92437 0.97306 1.09136 1.16649 1.22184 1.39366 1.55324 1.59564 1.62219 1.70723 
0.0590175 0.274218 0.518395 0.543214 0.581763 0.593042 0.68397 0.698934 0.728044 0.868347 0.92437 0.97306 1.09136 1.16649 1.22184 1.35252 1.39366 1.55324 1.59564 1.62025 
0.0590175 0.274218 0.518395 0.533782 0.543214 0.574525 0.581763 0.593042 0.68397 0.698934 0.728044 0.868347 0.92437 0.97306 1.09136 1.16649 1.22184 1.35252 1.39366 1.55324 
0.0590175 0.126611 0.274218 0.362853 0.518395 0.533782 0.543214 0.574525 0.581763 0.593042 0.68397 0.698934 0.728044 0.868347 0.92437 0.97306 1.09136 1.16649 1.22184 1.35252 
0.0590175 0.126611 0.274218 0.362853 0.518395 0.533782 0.543214 0.574525 0.581763 0.593042 0.68397 0.698934 0.728044 0.868347 0.92437 0.97306 0.975818 1.09136 1.16649 1.22184 
0.0590175 0.126611 0.274218 0.362853 0.474562 0.518395 0.533782 0.543214 0.570507 0.574525 0.581763 0.593042 0.68397 0.698934 0.728044 0.769461 0.868347 0.92437 0.97306 0.975818 
0.0590175 0.126611 0.274218 0.362853 0.474562 0.518395 0.533782 0.543214 0.570507 0.574525 0.581763 0.593042 0.68397 0.698934 0.728044 0.769461 0.868347 0.92437 0.97306 0.975818 
0.0590175 0.126611 0.274218 0.362853 0.474562 0.518395 0.533782 0.543214 0.570507 0.574525 0.581763 0.593042 0.68397 0.698934 0.728044 0.769461 0.868347 0.92437 0.97306 0.975818 
0.0590175 0.126611 0.274218 0.292878 0.362853 0.474562 0.518395 0.533782 0.543214 0.570507 0.574525 0.581763 0.593042 0.68397 0.698934 0.728044 0.769461 0.868347 0.92437 0.97306 
0.0590175 0.126611 0.164282 0.274218 0.292878 0.362853 0.474562 0.518395 0.533782 0.543214 0.570507 0.574525 0.581763 0.593042 0.68397 0.698934 0.728044 0.769461 0.868347 0.92437 
0.0590175 0.126611 0.164282 0.274218 0.292878 0.362853 0.451173 0.474562 0.518395 0.533782 0.543214 0.570507 0.574525 0.581763 0.593042 0.68397 0.698934 0.728044 0.769461 0.868347 
0.0590175 0.126611 0.164282 0.274218 0.292878 0.362853 0.425235 0.451173 0.474562 0.518395 0.533782 0.543214 0.570507 0.574525 0.581763 0.593042 0.68397 0.698934 0.728044 0.730783 
0.0590175 0.126611 0.164282 0.274218 0.292878 0.362853 0.425235 0.451173 0.474562 0.518395 0.533782 0.543214 0.570507 0.574525 0.581763 0.593042 0.68397 0.698934 0.728044 0.730783 
0.0590175 0.126611 0.164282 0.172596 0.274218 0.292878 0.362853 0.425235 0.451173 0.474562 0.518395 0.533782 0.543214 0.570507 0.574525 0.581763 0.593042 0.603132 0.653542 0.68397 
0.0590175 0.126611 0.164282 0.172596 0.274218 0.292878 0.362853 0.425235 0.451173 0.474562 0.518395 0.533782 0.543214 0.570507 0.574525 0.581763 0.593042 0.603132 0.653542 0.68397 
0.0590175 0.126611 0.164282 0.172596 0.274218 0.292878 0.362853 0.425235 0.451173 0.467853 0.474562 0.518395 0.533782 0.543214 0.570507 0.574525 0.581763 0.593042 0.603132 0.653542 
0.0590175 0.126611 0.164282 0.172596 0.274218 0.292878 0.362853 0.425235 0.451173 0.467853 0.474562 0.518395 0.533782 0.543214 0.570507 0.574525 0.581763 0.593042 0.603132 0.653542 
0.0590175 0.126611 0.164282 0.172596 0.274218 0.292878 0.322479 0.362853 0.425235 0.451173 0.467853 0.474562 0.518395 0.533782 0.543214 0.570507 0.574525 0.581763 0.593042 0.603132 
0.0590175 0.126611 0.164282 0.172596 0.274218 0.292878 0.322479 0.362853 0.425235 0.451173 0.467853 0.474562 0.518395 0.533782 0.543214 0.570507 0.574525 0.581763 0.593042 0.603132 
0.0590175 0.126611 0.164282 0.172596 0.274218 0.292878 0.322479 0.362853 0.408153 0.425235 0.451173 0.467853 0.474562 0.518395 0.533782 0.543214 0.570507 0.574525 0.581763 0.593042 
0.0590175 0.126611 0.164282 0.172596 0.274218 0.292878 0.322479 0.362853 0.408153 0.425235 0.451173 0.467853 0.474562 0.518395 0.533782 0.543214 0.570507 0.574525 0.581763 0.593042 
0.0590175 0.126611 0.164282 0.172596 0.274218 0.292878 0.322479 0.362853 0.408153 0.425235 0.451173 0.467853 0.474562 0.518395 0.533782 0.543214 0.570507 0.574525 0.581763 0.593042 
0.0590175 0.126611 0.164282 0.172596 0.274218 0.292878 0.322479 0.362853 0.408153 0.425235 0.451173 0.467853 0.474562 0.518395 0.533782 0.543214 0.570507 0.574525 0.581763 0.593042 
0.0590175 0.126611 0.164282 0.172596 0.274218 0.292878 0.322479 0.362853 0.408153 0.425235 0.451173 0.467853 0.474562 0.518395 0.533782 0.543214 0.570507 0.574525 0.581763 0.593042 
0.0590175 0.126611 0.164282 0.172596 0.274218 0.292878 0.322479 0.362853 0.408153 0.425235 0.451173 0.467853 0.474562 0.518395 0.533782 0.543214 0.570507 0.574525 0.581763 0.593042 
0.0590175 0.126611 0.164282 0.172596 0.274218 0.292878 0.322479 0.362853 0.408153 0.425235 0.451173 0.467853 0.474562 0.518395 0.533516 0.533782 0.543214 0.570507 0.574525 0.581763 
0.0590175 0.126611 0.164282 0.172596 0.242508 0.246278 0.274218 0.292878 0.322479 0.362853 0.408153 0.425235 0.451173 0.467853 0.474562 0.518395 0.533516 0.533782 0.543214 0.570507 
0.0590175 0.126611 0.164282 0.172596 0.242508 0.246278 0.274218 0.292878 0.322479 0.362853 0.408153 0.425235 0.451173 0.467853 0.474562 0.518395 0.533516 0.533782 0.543214 0.570507 
0.0590175 0.126611 0.164282 0.172596 0.242508 0.246278 0.274218 0.292878 0.322479 0.362853 0.408153 0.425235 0.451173 0.467853 0.474562 0.518395 0.533516 0.533782 0.543214 0.570507 
0.0590175 0.126611 0.164282 0.172596 0.242508 0.246278 0.274218 0.292878 0.322479 0.362853 0.408153 0.425235 0.451173 0.467853 0.474562 0.518395 0.533516 0.533782 0.543214 0.570507 
0.0590175 0.126611 0.164282 0.172596 0.242508 0.246278 0.274218 0.292878 0.322479 0.362853 0.408153 0.425235 0.451173 0.467853 0.474562 0.518395 0.533516 0.533782 0.543214 0.570507 
0.0590175 0.126611 0.164282 0.172596 0.242508 0.246278 0.274218 0.292878 0.322479 0.362853 0.408153 0.425235 0.451173 0.467853 0.474562 0.518395 0.533516 0.533782 0.543214 0.570507 
0.0590175 0.126611 0.164282 0.172596 0.242508 0.246278 0.274218 0.292878 0.322479 0.362853 0.408153 0.425235 0.451173 0.467853 0.474562 0.518395 0.533516 0.533782 0.543214 0.570507 
0.0590175 0.126611 0.164282 0.172596 0.242508 0.246278 0.274218 0.292878 0.322479 0.362853 0.408153 0.425235 0.451173 0.467853 0.474562 0.518395 0.533516 0.533782 0.543214 0.570507 
0.0590175 0.126611 0.164282 0.172596 0.242508 0.246278 0.274218 0.292878 0.322479 0.362853 0.408153 0.425235 0.451173 0.467853 0.474562 0.518395 0.533516 0.533782 0.543214 0.570507 
0.0590175 0.126611 0.164282 0.172596 0.242508 0.246278 0.274218 0.292878 0.322479 0.362853 0.408153 0.425235 0.451173 0.467853 0.474562 0.518395 0.533516 0.533782 0.543214 0.570507 
0.0590175 0.126611 0.164282 0.172596 0.242508 0.246278 0.274218 0.292878 0.322479 0.362853 0.408153 0.425235 0.451173 0.467853 0.474562 0.518395 0.533516 0.533782 0.543214 0.570507 
0.0590175 0.126611 0.164282 0.172596 0.242508 0.246278 0.274218 0.292878 0.322479 0.362853 0.408153 0.425235 0.451173 0.467853 0.474562 0.518395 0.533516 0.533782 0.543214 0.570507 
0.0590175 0.126611 0.164282 0.172596 0.242508 0.246278 0.274218 0.292878 0.322479 0.362853 0.408153 0.425235 0.451173 0.467853 0.474562 0.518395 0.533516 0.533782 0.543214 0.570507 
0.0590175 0.126611 0.164282 0.172596 0.242508 0.246278 0.274218 0.292878 0.322479 0.362853 0.408153 0.425235 0.451173 0.467853 0.474562 0.518395 0.533516 0.533782 0.543214 0.570507 
0.0590175 0.126611 0.164282 0.172596 0.242508 0.246278 0.274218 0.292878 0.322479 0.362853 0.408153 0.425235 0.451173 0.467853 0.474562 0.518395 0.533516 0.533782 0.543214 0.570507 
0.0590175 0.126611 0.164282 0.172596 0.242508 0.246278 0.274218 0.292878 0.322479 0.362853 0.408153 0.425235 0.451173 0.467853 0.474562 0.518395 0.533516 0.533782 0.543214 0.570507 
0.0590175 0.126611 0.164282 0.172596 0.242508 0.246278 0.274218 0.292878 0.322479 0.362853 0.408153 0.425235 0.451173 0.467853 0.474562 0.518395 0.533516 0.533782 0.543214 0.570507 
0.0590175 0.126611 0.164282 0.172596 0.242508 0.246278 0.274218 0.292878 0.322479 0.362853 0.408153 0.425235 0.451173 0.467853 0.474562 0.518395 0.533516 0.533782 0.543214 0.570507 
0.0590175 0.126611 0.164282 0.172596 0.242508 0.246278 0.274218 0.292878 0.322479 0.362853 0.408153 0.425235 0.451173 0.467853 0.474562 0.518395 0.533516 0.533782 0.543214 0.570507 
0.0590175 0.126611 0.164282 0.172596 0.242508 0.246278 0.274218 0.292878 0.322479 0.362853 0.408153 0.425235 0.451173 0.467853 0.474562 0.518395 0.533516 0.533782 0.543214 0.570507 
0.0590175 0.126611 0.164282 0.172596 0.242508 0.246278 0.274218 0.292878 0.322479 0.362853 0.408153 0.425235 0.451173 0.467853 0.474562 0.518395 0.533516 0.533782 0.543214 0.570507 
0.0590175 0.126611 0.164282 0.172596 0.242508 0.246278 0.274218 0.292878 0.322479 0.362853 0.408153 0.425235 0.451173 0.467853 0.474562 0.518395 0.533516 0.533782 0.543214 0.570507 
0.0590175 0.126611 0.164282 0.172596 0.242508 0.246278 0.274218 0.292878 0.322479 0.362853 0.408153 0.425235 0.451173 0.467853 0.474562 0.518395 0.533516 0.533782 0.543214 0.570507 
0.0590175 0.126611 0.164282 0.172596 0.242508 0.246278 0.274218 0.292878 0.322479 0.362853 0.408153 0.425235 0.451173 0.467853 0.474562 0.518395 0.533516 0.533782 0.543214 0.570507 
0.0590175 0.126611 0.164282 0.172596 0.242508 0.246278 0.274218 0.292878 0.322479 0.362853 0.408153 0.425235 0.451173 0.467853 0.474562 0.518395 0.533516 0.533782 0.543214 0.570507 
0.0590175 0.126611 0.164282 0.172596 0.242508 0.246278 0.274218 0.292878 0.322479 0.362853 0.408153 0.425235 0.451173 0.467853 0.474562 0.518395 0.533516 0.533782 0.543214 0.570507 
0.0590175 0.126611 0.164282 0.172596 0.242508 0.246278 0.274218 0.292878 0.322479 0.362853 0.408153 0.425235 0.451173 0.467853 0.474562 0.518395 0.533516 0.533782 0.543214 0.570507 
0.0590175 0.126611 0.164282 0.172596 0.242508 0.246278 0.274218 0.292878 0.322479 0.362853 0.408153 0.425235 0.451173 0.467853 0.474562 0.518395 0.533516 0.533782 0.543214 0.570507 
0.0590175 0.126611 0.164282 0.172596 0.242508 0.246278 0.274218 0.292878 0.322479 0.362853 0.408153 0.425235 0.451173 0.467853 0.474562 0.518395 0.533516 0.533782 0.543214 0.570507 
0.0590175 0.126611 0.164282 0.172596 0.242508 0.246278 0.274218 0.292878 0.322479 0.362853 0.408153 0.425235 0.451173 0.467853 0.474562 0.518395 0.533516 0.533782 0.543214 0.570507 
0.0590175 0.126611 0.164282 0.172596 0.242508 0.246278 0.274218 0.292878 0.322479 0.362853 0.408153 0.425235 0.451173 0.467853 0.474562 0.518395 0.533516 0.533782 0.543214 0.570507 
0.0590175 0.126611 0.164282 0.172596 0.242508 0.246278 0.274218 0.292878 0.322479 0.362853 0.408153 0.425235 0.451173 0.467853 0.474562 0.518395 0.533516 0.533782 0.543214 0.570507 
0.0590175 0.126611 0.164282 0.172596 0.242508 0.246278 0.274218 0.292878 0.322479 0.362853 0.408153 0.425235 0.451173 0.467853 0.474562 0.518395 0.533516 0.533782 0.543214 0.570507 
0.0590175 0.126611 0.164282 0.172596 0.242508 0.246278 0.274218 0.292878 0.322479 0.362853 0.408153 0.425235 0.451173 0.467853 0.474562 0.518395 0.533516 0.533782 0.543214 0.570507 
0.0590175 0.126611 0.164282 0.172596 0.242508 0.246278 0.274218 0.292878 0.322479 0.362853 0.408153 0.425235 0.451173 0.467853 0.474562 0.518395 0.533516 0.533782 0.543214 0.570507 
0.0590175 0.126611 0.164282 0.172596 0.242508 0.246278 0.274218 0.292878 0.322479 0.362853 0.408153 0.425235 0.451173 0.467853 0.474562 0.518395 0.533516 0.533782 0.543214 0.570507 
0.0590175 0.126611 0.164282 0.172596 0.242508 0.246278 0.274218 0.292878 0.322479 0.362853 0.408153 0.425235 0.451173 0.467853 0.474562 0.518395 0.533516 0.533782 0.543214 0.570507 
0.0590175 0.126611 0.164282 0.172596 0.242508 0.246278 0.274218 0.292878 0.322479 0.362853 0.408153 0.425235 0.451173 0.467853 0.474562 0.518395 0.533516 0.533782 0.543214 0.570507 
0.0590175 0.126611 0.164282 0.172596 0.242508 0.246278 0.274218 0.292878 0.322479 0.362853 0.408153 0.425235 0.451173 0.467853 0.474562 0.518395 0.533516 0.533782 0.543214 0.570507 
