0.890854 2.99468 3.20748 3.21133 3.32902 3.46571 3.47145 3.56172 3.74635 3.8156 3.85012 3.86784 4.0037 4.35646 4.51586 4.53055 4.531 4.56107 4.56754 4.59926 
0.890854 1.98032 2.81401 2.99468 3.20748 3.21133 3.32902 3.39869 3.46571 3.47145 3.56172 3.59737 3.67086 3.74635 3.7523 3.8156 3.82851 3.85012 3.86784 3.93715 
0.890854 1.02412 1.95745 1.98032 2.02247 2.28309 2.4685 2.69992 2.75609 2.81401 2.91403 2.92009 2.99468 3.01495 3.0627 3.12632 3.13165 3.20748 3.21133 3.21515 
0.890854 1.02412 1.22142 1.86105 1.95745 1.98032 2.02247 2.14112 2.28309 2.4685 2.67788 2.69992 2.70805 2.7118 2.75217 2.75609 2.81401 2.82153 2.84714 2.91403 
0.830645 0.838973 0.884148 0.890854 1.0164 1.02241 1.02412 1.06282 1.22142 1.38626 1.39441 1.45357 1.70712 1.74401 1.86105 1.8643 1.91093 1.95745 1.98032 1.98247 
0.735668 0.830645 0.838973 0.884148 0.890854 1.0164 1.02241 1.02412 1.06282 1.22142 1.38544 1.38626 1.39441 1.45357 1.46083 1.58246 1.69257 1.70712 1.74401 1.86105 
0.735668 0.830645 0.838973 0.867239 0.884148 0.890854 0.931711 0.987609 1.0164 1.02241 1.02412 1.06282 1.22142 1.26228 1.29264 1.38544 1.38626 1.39441 1.45357 1.46083 
0.735668 0.830645 0.838973 0.867239 0.884148 0.890854 0.931711 0.987609 1.0164 1.02241 1.02412 1.06282 1.17342 1.22142 1.26228 1.29264 1.38544 1.38626 1.39441 1.45357 
0.0911663 0.735668 0.830645 0.838973 0.867239 0.878997 0.884148 0.890854 0.931711 0.987609 1.0164 1.02241 1.02412 1.06282 1.17342 1.19348 1.22142 1.26228 1.29264 1.38544 
0.0911663 0.137128 0.555442 0.594154 0.735668 0.777976 0.830645 0.838973 0.867239 0.878997 0.884148 0.890854 0.931711 0.987609 1.0164 1.02241 1.02412 1.06282 1.17342 1.19348 
0.0911663 0.12408 0.137128 0.555442 0.594154 0.735668 0.755033 0.777976 0.830645 0.838973 0.867239 0.878997 0.884148 0.890854 0.931711 0.987609 1.0164 1.02241 1.02412 1.06282 
0.0911663 0.12408 0.137128 0.384989 0.553956 0.555442 0.594154 0.611415 0.735668 0.755033 0.777976 0.830645 0.838973 0.867239 0.878997 0.884148 0.890854 0.931711 0.987609 1.0164 
0.0911663 0.12408 0.137128 0.384989 0.553956 0.555442 0.594154 0.611415 0.724981 0.735668 0.755033 0.777976 0.830645 0.838973 0.867239 0.878997 0.884148 0.890854 0.931711 0.987609 
0.0911663 0.12408 0.137128 0.384989 0.553956 0.555442 0.594154 0.611415 0.724981 0.735668 0.740949 0.755033 0.777976 0.830645 0.838973 0.867239 0.878997 0.884148 0.890854 0.931711 
0.0911663 0.12408 0.137128 0.384989 0.51329 0.553956 0.555442 0.594154 0.611415 0.724981 0.735668 0.740949 0.755033 0.768431 0.777976 0.784279 0.830645 0.838973 0.867239 0.878997 
0.0911663 0.119909 0.12408 0.137128 0.384989 0.51329 0.553956 0.555442 0.594154 0.611415 0.724981 0.735668 0.740949 0.755033 0.76808 0.768431 0.777976 0.784279 0.826906 0.830645 
0.0911663 0.119909 0.12408 0.137128 0.234981 0.384989 0.51329 0.553956 0.555442 0.594154 0.611415 0.724981 0.735668 0.740949 0.755033 0.76808 0.768431 0.777976 0.784279 0.826906 
0.0911663 0.119909 0.12408 0.137128 0.234981 0.384989 0.51329 0.553956 0.555442 0.594154 0.611415 0.704369 0.724981 0.735668 0.740949 0.755033 0.76808 0.768431 0.777976 0.784279 
0.0911663 0.119909 0.12408 0.137128 0.234981 0.384989 0.488697 0.51329 0.553956 0.555442 0.594154 0.611415 0.704369 0.724981 0.735668 0.740949 0.755033 0.76808 0.768431 0.777976 
0.0911663 0.119909 0.12408 0.137128 0.234981 0.384989 0.488697 0.51329 0.553956 0.555442 0.594154 0.611415 0.704369 0.724981 0.735668 0.740949 0.755033 0.76808 0.768431 0.777976 
0.0911663 0.119909 0.12408 0.137128 0.234981 0.384989 0.488697 0.51329 0.553956 0.555442 0.594154 0.611415 0.704369 0.724981 0.735668 0.740949 0.755033 0.76808 0.768431 0.777976 
0.0911663 0.119909 0.12408 0.137128 0.234981 0.384989 0.488697 0.51329 0.553956 0.555442 0.594154 0.611415 0.704369 0.724981 0.735668 0.740949 0.755033 0.76808 0.768431 0.777976 
0.0911663 0.119909 0.12408 0.137128 0.234981 0.384989 0.488697 0.51329 0.553956 0.555442 0.594154 0.611415 0.704369 0.724981 0.735668 0.740949 0.755033 0.76808 0.768431 0.777976 
0.0911663 0.119909 0.12408 0.137128 0.234981 0.384989 0.488697 0.51329 0.553956 0.555442 0.594154 0.611415 0.704369 0.724981 0.735668 0.740949 0.755033 0.76808 0.768431 0.777976 
0.0911663 0.119909 0.12408 0.137128 0.234981 0.384989 0.488697 0.51329 0.553956 0.555442 0.594154 0.611415 0.704369 0.724981 0.735668 0.740949 0.755033 0.76808 0.768431 0.777976 
0.0911663 0.119909 0.12408 0.137128 0.234981 0.384989 0.488697 0.51329 0.553956 0.555442 0.594154 0.611415 0.704369 0.724981 0.735668 0.740949 0.755033 0.76808 0.768431 0.777976 
0.0911663 0.119909 0.12408 0.137128 0.234981 0.384989 0.420097 0.488697 0.51329 0.553956 0.555442 0.594154 0.611415 0.704369 0.724981 0.735668 0.740949 0.755033 0.76808 0.768431 
0.0911663 0.119909 0.12408 0.137128 0.234981 0.384989 0.420097 0.488697 0.51329 0.553956 0.555442 0.594154 0.611415 0.681265 0.704369 0.724981 0.735668 0.740949 0.755033 0.76808 
0.0911663 0.0952456 0.119909 0.12408 0.137128 0.234981 0.384989 0.420097 0.488697 0.51329 0.553956 0.555442 0.594154 0.611415 0.681265 0.704369 0.724981 0.735668 0.740949 0.755033 
0.00710453 0.0544112 0.0911663 0.0952456 0.119909 0.12408 0.137128 0.234981 0.384989 0.420097 0.488697 0.51329 0.553956 0.555442 0.594154 0.611415 0.681265 0.704369 0.724981 0.735668 
0.00710453 0.0544112 0.0911663 0.0952456 0.119909 0.12408 0.137128 0.227574 0.234981 0.384989 0.420097 0.488697 0.51329 0.553956 0.555442 0.594154 0.599032 0.611415 0.681265 0.704369 
0.00710453 0.0544112 0.0911663 0.0952456 0.119909 0.12408 0.137128 0.227574 0.234981 0.384989 0.420097 0.488697 0.51329 0.553956 0.555442 0.594154 0.599032 0.611415 0.640976 0.681265 
0.00710453 0.0544112 0.0911663 0.0952456 0.119909 0.12408 0.137128 0.227574 0.234981 0.34185 0.384989 0.420097 0.488697 0.51329 0.542987 0.553956 0.555442 0.594154 0.599032 0.611415 
0.00710453 0.0544112 0.0911663 0.0952456 0.119909 0.12408 0.137128 0.227574 0.234981 0.34185 0.384989 0.420097 0.488697 0.51329 0.542987 0.553956 0.555442 0.594154 0.599032 0.611415 
0.00710453 0.0544112 0.0911663 0.0952456 0.119909 0.12408 0.137128 0.227574 0.234981 0.34185 0.37447 0.384989 0.420097 0.488697 0.51329 0.524848 0.542987 0.553956 0.555442 0.594154 
0.00710453 0.0544112 0.0911663 0.0952456 0.119909 0.12408 0.137128 0.227574 0.234981 0.34185 0.37447 0.384989 0.420097 0.488697 0.51329 0.524848 0.542987 0.553956 0.555442 0.594154 
0.00710453 0.0544112 0.0911663 0.0952456 0.119909 0.12408 0.137128 0.227574 0.234981 0.34185 0.37447 0.384989 0.420097 0.468182 0.488697 0.51329 0.524848 0.542987 0.553956 0.555442 
0.00710453 0.0544112 0.0911663 0.0952456 0.119909 0.12408 0.137128 0.227574 0.234981 0.34185 0.37447 0.384989 0.420097 0.468182 0.488697 0.51329 0.524848 0.542987 0.553956 0.555442 
0.00710453 0.0544112 0.0911663 0.0952456 0.119909 0.12408 0.137128 0.227574 0.234981 0.34185 0.37447 0.384989 0.420097 0.468182 0.488697 0.51329 0.524848 0.542987 0.553956 0.555442 
0.00710453 0.0544112 0.0911663 0.0952456 0.119909 0.12408 0.137128 0.227574 0.234981 0.34185 0.37447 0.384989 0.420097 0.468182 0.488697 0.51329 0.524848 0.542987 0.553956 0.555442 
0.00710453 0.0544112 0.0911663 0.0952456 0.119909 0.12408 0.137128 0.227574 0.234981 0.34185 0.37447 0.384989 0.420097 0.468182 0.488697 0.51329 0.524848 0.542987 0.553956 0.555442 
0.00710453 0.0544112 0.0911663 0.0952456 0.119909 0.12408 0.137128 0.227574 0.234981 0.34185 0.37447 0.384989 0.420097 0.468182 0.488697 0.51329 0.524848 0.542987 0.553956 0.555442 
0.00710453 0.0544112 0.0911663 0.0952456 0.119909 0.12408 0.137128 0.227574 0.234981 0.34185 0.37447 0.384989 0.420097 0.468182 0.488697 0.51329 0.524848 0.542987 0.553956 0.555442 
0.00710453 0.0544112 0.0911663 0.0952456 0.119909 0.12408 0.137128 0.227574 0.234981 0.34185 0.37447 0.384989 0.420097 0.468182 0.488697 0.51329 0.524848 0.542987 0.553956 0.555442 
0.00710453 0.0544112 0.0911663 0.0952456 0.119909 0.12408 0.137128 0.227574 0.234981 0.34185 0.37447 0.384989 0.420097 0.468182 0.488697 0.51329 0.524848 0.542987 0.553956 0.555442 
0.00710453 0.0544112 0.0911663 0.0952456 0.119909 0.12408 0.137128 0.227574 0.234981 0.34185 0.37447 0.384989 0.420097 0.468182 0.488697 0.51329 0.524848 0.542987 0.553956 0.555442 
0.00710453 0.0544112 0.0911663 0.0952456 0.119909 0.12408 0.137128 0.227574 0.234981 0.34185 0.37447 0.384989 0.420097 0.468182 0.488697 0.51329 0.524848 0.542987 0.553956 0.555442 
0.00710453 0.0544112 0.0911663 0.0952456 0.119909 0.12408 0.137128 0.196494 0.227574 0.234981 0.34185 0.348988 0.37447 0.384989 0.420097 0.468182 0.488697 0.51329 0.524848 0.536778 
0.00710453 0.0544112 0.0911663 0.0952456 0.119909 0.12408 0.137128 0.196494 0.227574 0.234981 0.34185 0.348988 0.37447 0.384989 0.420097 0.468182 0.488697 0.51329 0.524848 0.536778 
0.00710453 0.0544112 0.0821041 0.0911663 0.0952456 0.119909 0.12408 0.137128 0.196494 0.227574 0.234981 0.34185 0.348988 0.37447 0.384989 0.393363 0.420097 0.468182 0.488697 0.51329 
0.00710453 0.0544112 0.0821041 0.0911663 0.0952456 0.119909 0.12408 0.137128 0.18583 0.196494 0.227574 0.234981 0.34185 0.348988 0.37447 0.384989 0.393363 0.420097 0.468182 0.488697 
0.00710453 0.0544112 0.0821041 0.0911663 0.0952456 0.119909 0.12408 0.137128 0.18583 0.196494 0.227574 0.234981 0.34185 0.348988 0.37447 0.384989 0.393363 0.420097 0.468182 0.488697 
0.00710453 0.0544112 0.0821041 0.0911663 0.0952456 0.119909 0.12408 0.137128 0.18583 0.196494 0.227574 0.234981 0.34185 0.348988 0.37447 0.384989 0.393363 0.420097 0.468182 0.488697 
0.00710453 0.0544112 0.0821041 0.0911663 0.0952456 0.119909 0.12408 0.137128 0.18583 0.196494 0.227574 0.234981 0.34185 0.348988 0.37447 0.384989 0.393363 0.420097 0.468182 0.488697 
0.00710453 0.0544112 0.0821041 0.0911663 0.0952456 0.119909 0.12408 0.137128 0.18583 0.196494 0.227574 0.234981 0.34185 0.348988 0.37447 0.384989 0.393363 0.420097 0.449189 0.468182 
0.00710453 0.0544112 0.0821041 0.0911663 0.0952456 0.119909 0.12408 0.137128 0.18583 0.196494 0.227574 0.234981 0.34185 0.348988 0.37447 0.384989 0.393363 0.420097 0.449189 0.468182 
0.00710453 0.0544112 0.0821041 0.0911663 0.0952456 0.119909 0.12408 0.137128 0.18583 0.196494 0.227574 0.234981 0.34185 0.348988 0.37447 0.384989 0.393363 0.420097 0.449189 0.468182 
0.00710453 0.0544112 0.0821041 0.0911663 0.0952456 0.119909 0.12408 0.137128 0.18583 0.196494 0.227574 0.234981 0.34185 0.348988 0.37447 0.384989 0.393363 0.420097 0.449189 0.468182 
0.00710453 0.0544112 0.0821041 0.0911663 0.0952456 0.119909 0.12408 0.137128 0.18583 0.196494 0.227574 0.234981 0.34185 0.348988 0.37447 0.384989 0.393363 0.420097 0.449189 0.468182 
0.00710453 0.0544112 0.0821041 0.0911663 0.0952456 0.119909 0.12408 0.137128 0.18583 0.196494 0.227574 0.234981 0.34185 0.348988 0.37447 0.384989 0.393363 0.420097 0.449189 0.468182 
0.00710453 0.0544112 0.0821041 0.0911663 0.0952456 0.119909 0.12408 0.137128 0.18583 0.196494 0.227574 0.234981 0.34185 0.348988 0.37447 0.384989 0.393363 0.420097 0.449189 0.468182 
0.00710453 0.0544112 0.0821041 0.0911663 0.0952456 0.119909 0.12408 0.137128 0.18583 0.196494 0.227574 0.234981 0.276449 0.34185 0.348988 0.37447 0.384989 0.393363 0.420097 0.449189 
0.00710453 0.0544112 0.0821041 0.0911663 0.0952456 0.119909 0.12408 0.137128 0.18583 0.196494 0.227574 0.234981 0.276449 0.34185 0.348988 0.37447 0.384989 0.393363 0.420097 0.449189 
0.00710453 0.0544112 0.0821041 0.0911663 0.0952456 0.119909 0.12408 0.137128 0.18583 0.196494 0.227574 0.234981 0.276449 0.34185 0.348988 0.37447 0.384989 0.393363 0.420097 0.449189 
0.00710453 0.0544112 0.0821041 0.0911663 0.0952456 0.119909 0.12408 0.137128 0.18583 0.196494 0.227574 0.234981 0.276449 0.34185 0.348988 0.37447 0.384989 0.393363 0.420097 0.449189 
0.00710453 0.0544112 0.0821041 0.0911663 0.0952456 0.119909 0.12408 0.137128 0.18583 0.196494 0.227574 0.234981 0.276449 0.34185 0.348988 0.37447 0.384989 0.393363 0.420097 0.449189 
0.00710453 0.0544112 0.0821041 0.0911663 0.0952456 0.119909 0.12408 0.137128 0.18583 0.196494 0.227574 0.234981 0.276449 0.34185 0.348988 0.37447 0.384989 0.393363 0.420097 0.449189 
0.00710453 0.0544112 0.0821041 0.0911663 0.0952456 0.119909 0.12408 0.137128 0.18583 0.196494 0.227574 0.234981 0.276449 0.34185 0.348988 0.37447 0.384989 0.393363 0.420097 0.449189 
0.00710453 0.0544112 0.0821041 0.0911663 0.0952456 0.119909 0.12408 0.137128 0.18583 0.196494 0.227574 0.234981 0.276449 0.34185 0.348988 0.37447 0.384989 0.393363 0.420097 0.449189 
0.00710453 0.0544112 0.0821041 0.0911663 0.0952456 0.119909 0.12408 0.137128 0.18583 0.196494 0.227574 0.234981 0.276449 0.34185 0.348988 0.37447 0.384989 0.393363 0.420097 0.449189 
0.00710453 0.0544112 0.0821041 0.0911663 0.0952456 0.119909 0.12408 0.137128 0.18583 0.196494 0.227574 0.234981 0.276449 0.34185 0.348988 0.37447 0.384989 0.393363 0.420097 0.449189 
0.00710453 0.0544112 0.0821041 0.0911663 0.0952456 0.119909 0.12408 0.137128 0.18583 0.196494 0.227574 0.234981 0.276449 0.34185 0.348988 0.37447 0.384989 0.393363 0.420097 0.449189 
0.00710453 0.0544112 0.0821041 0.0911663 0.0952456 0.119909 0.12408 0.137128 0.18583 0.196494 0.227574 0.234981 0.276449 0.34185 0.348988 0.37447 0.384989 0.393363 0.420097 0.449189 
0.00710453 0.0544112 0.0821041 0.0911663 0.0952456 0.119909 0.12408 0.137128 0.18583 0.196494 0.227574 0.234981 0.276449 0.34185 0.348988 0.37447 0.384989 0.393363 0.420097 0.449189 
0.00710453 0.0544112 0.0821041 0.0911663 0.0952456 0.119909 0.12408 0.137128 0.18583 0.196494 0.227574 0.234981 0.276449 0.34185 0.348988 0.37447 0.384989 0.393363 0.420097 0.449189 
0.00710453 0.0544112 0.0821041 0.0911663 0.0952456 0.119909 0.12408 0.137128 0.18583 0.196494 0.227574 0.234981 0.276449 0.34185 0.348988 0.37447 0.384989 0.393363 0.420097 0.449189 
0.00710453 0.0544112 0.0821041 0.0911663 0.0952456 0.119909 0.12408 0.137128 0.18583 0.196494 0.227574 0.234981 0.276449 0.34185 0.348988 0.37447 0.384989 0.393363 0.420097 0.449189 
0.00710453 0.0544112 0.0821041 0.0911663 0.0952456 0.119909 0.12408 0.137128 0.18583 0.196494 0.227574 0.234981 0.276449 0.34185 0.348988 0.37447 0.384989 0.393363 0.420097 0.449189 
0.00710453 0.0544112 0.0821041 0.0911663 0.0952456 0.119909 0.12408 0.137128 0.18583 0.196494 0.227574 0.234981 0.276449 0.34185 0.348988 0.37447 0.384989 0.393363 0.420097 0.449189 
0.00710453 0.0544112 0.0821041 0.0911663 0.0952456 0.119909 0.12408 0.137128 0.18583 0.196494 0.227574 0.234981 0.276449 0.34185 0.348988 0.37447 0.384989 0.393363 0.420097 0.449189 
0.00710453 0.0544112 0.0821041 0.0911663 0.0952456 0.119909 0.12408 0.137128 0.18583 0.196494 0.227574 0.234981 0.276449 0.34185 0.348988 0.37447 0.384989 0.393363 0.420097 0.449189 
0.00710453 0.0544112 0.0821041 0.0911663 0.0952456 0.119909 0.12408 0.137128 0.18583 0.196494 0.227574 0.234981 0.276449 0.34185 0.348988 0.37447 0.384989 0.393363 0.420097 0.449189 
0.00710453 0.0544112 0.0821041 0.0911663 0.0952456 0.119909 0.12408 0.137128 0.18583 0.196494 0.227574 0.234981 0.276449 0.34185 0.348988 0.37447 0.384989 0.393363 0.420097 0.449189 
0.00710453 0.0544112 0.0821041 0.0911663 0.0952456 0.119909 0.12408 0.137128 0.18583 0.196494 0.227574 0.234981 0.276449 0.34185 0.348988 0.37447 0.384989 0.393363 0.420097 0.449189 
0.00710453 0.0544112 0.0821041 0.0911663 0.0952456 0.119909 0.12408 0.137128 0.18583 0.196494 0.227574 0.234981 0.276449 0.34185 0.348988 0.37447 0.384989 0.393363 0.420097 0.449189 
0.00710453 0.0544112 0.0821041 0.0911663 0.0952456 0.119909 0.12408 0.137128 0.18583 0.196494 0.227574 0.234981 0.276449 0.34185 0.348988 0.37447 0.384989 0.393363 0.420097 0.449189 
0.00710453 0.0544112 0.0821041 0.0911663 0.0952456 0.119909 0.12408 0.137128 0.18583 0.196494 0.227574 0.234981 0.276449 0.34185 0.348988 0.37447 0.384989 0.393363 0.420097 0.449189 
0.00710453 0.0544112 0.0821041 0.0911663 0.0952456 0.119909 0.12408 0.137128 0.18583 0.196494 0.227574 0.234981 0.276449 0.34185 0.348988 0.37447 0.384989 0.393363 0.420097 0.449189 
0.00710453 0.0544112 0.0821041 0.0911663 0.0952456 0.119909 0.12408 0.137128 0.18583 0.196494 0.227574 0.234981 0.276449 0.34185 0.348988 0.37447 0.384989 0.393363 0.420097 0.449189 
0.00710453 0.0544112 0.0821041 0.0911663 0.0952456 0.119909 0.12408 0.137128 0.18583 0.196494 0.227574 0.234981 0.276449 0.34185 0.348988 0.37447 0.384989 0.393363 0.420097 0.449189 
0.00710453 0.0544112 0.0821041 0.0911663 0.0952456 0.119909 0.12408 0.137128 0.18583 0.196494 0.227574 0.234981 0.276449 0.34185 0.348988 0.37447 0.384989 0.393363 0.420097 0.449189 
0.00710453 0.0544112 0.0821041 0.0911663 0.0952456 0.119909 0.12408 0.137128 0.18583 0.196494 0.227574 0.234981 0.276449 0.34185 0.348988 0.37447 0.384989 0.393363 0.420097 0.449189 
0.00710453 0.0544112 0.0821041 0.0911663 0.0952456 0.119909 0.12408 0.137128 0.18583 0.196494 0.227574 0.234981 0.276449 0.34185 0.348988 0.37447 0.384989 0.393363 0.420097 0.449189 
0.00710453 0.0544112 0.0821041 0.0911663 0.0952456 0.119909 0.12408 0.137128 0.18583 0.196494 0.227574 0.234981 0.276449 0.34185 0.348988 0.37447 0.384989 0.393363 0.420097 0.449189 
0.00710453 0.0544112 0.0821041 0.0911663 0.0952456 0.119909 0.12408 0.137128 0.18583 0.196494 0.227574 0.234981 0.276449 0.34185 0.348988 0.37447 0.384989 0.393363 0.420097 0.449189 
0.00710453 0.0544112 0.0821041 0.0911663 0.0952456 0.119909 0.12408 0.137128 0.18583 0.196494 0.227574 0.234981 0.276449 0.34185 0.348988 0.37447 0.384989 0.393363 0.420097 0.449189 
0.00710453 0.0544112 0.0821041 0.0911663 0.0952456 0.119909 0.12408 0.137128 0.18583 0.196494 0.227574 0.234981 0.276449 0.34185 0.348988 0.37447 0.384989 0.393363 0.420097 0.449189 
0.00710453 0.0544112 0.0821041 0.0911663 0.0952456 0.119909 0.12408 0.137128 0.18583 0.196494 0.227574 0.234981 0.276449 0.34185 0.348988 0.37447 0.384989 0.393363 0.420097 0.449189 
0.00710453 0.0544112 0.0821041 0.0911663 0.0952456 0.119909 0.12408 0.137128 0.18583 0.196494 0.227574 0.234981 0.276449 0.34185 0.348988 0.37447 0.384989 0.393363 0.420097 0.449189 
0.00710453 0.0544112 0.0821041 0.0911663 0.0952456 0.119909 0.12408 0.137128 0.18583 0.196494 0.227574 0.234981 0.276449 0.34185 0.348988 0.37447 0.384989 0.393363 0.420097 0.449189 
