0.110885 3.06512 3.23174 3.31137 3.59475 3.60065 3.72343 3.76859 3.77024 3.78614 3.78703 3.83966 3.84696 3.86288 3.95362 4.33215 4.4836 4.5028 4.55859 4.60486 
0.110885 1.96675 2.64905 3.06512 3.22395 3.23174 3.26934 3.31137 3.46924 3.48547 3.59475 3.60065 3.72343 3.76859 3.77024 3.78614 3.78703 3.83966 3.84696 3.86288 
0.110885 1.96675 2.64905 2.77795 3.06512 3.21525 3.22395 3.22851 3.23174 3.26934 3.28246 3.28547 3.31137 3.33021 3.46924 3.48547 3.59475 3.60065 3.71191 3.72343 
0.110885 0.529927 0.97909 1.04473 1.16586 1.47825 1.6214 1.96675 2.209 2.64905 2.657 2.76101 2.77795 2.85936 2.90532 2.96984 3.01767 3.0485 3.06512 3.06947 
0.110885 0.412345 0.529927 0.97909 1.04473 1.16586 1.47825 1.6214 1.65604 1.96675 2.209 2.55834 2.64905 2.657 2.76101 2.77795 2.85502 2.85936 2.86975 2.90532 
0.110885 0.167335 0.294816 0.362743 0.412345 0.413896 0.529927 0.97909 1.04473 1.16586 1.47825 1.6214 1.65604 1.96675 2.209 2.55834 2.64905 2.657 2.76101 2.77795 
0.110885 0.167335 0.294816 0.362743 0.412345 0.413896 0.529927 0.759411 0.97909 1.04473 1.16586 1.47825 1.6214 1.65604 1.96675 2.209 2.25888 2.55834 2.64905 2.657 
0.110885 0.167335 0.294816 0.362743 0.412345 0.413896 0.529927 0.759411 0.97909 1.04473 1.16586 1.47825 1.6214 1.65604 1.96675 2.209 2.25888 2.55834 2.64905 2.657 
0.110885 0.167335 0.294816 0.362743 0.412345 0.413896 0.529927 0.581337 0.759411 0.937551 0.97909 1.04473 1.16586 1.47825 1.6214 1.65604 1.96675 2.209 2.25888 2.55834 
0.110885 0.167335 0.294816 0.362743 0.412345 0.413896 0.529927 0.581337 0.759411 0.937551 0.97909 1.04473 1.16586 1.47825 1.6214 1.65604 1.96675 2.11203 2.209 2.25888 
0.110885 0.167335 0.294816 0.362743 0.412345 0.413896 0.529927 0.581337 0.759411 0.937551 0.97909 1.04473 1.16586 1.47825 1.61299 1.6214 1.65604 1.86895 1.96675 2.11203 
0.110885 0.167335 0.294816 0.362743 0.412345 0.413896 0.529927 0.581337 0.759411 0.937551 0.97909 1.04473 1.16586 1.47825 1.61299 1.6214 1.62499 1.65604 1.86895 1.96675 
0.110885 0.167335 0.294816 0.362743 0.412345 0.413896 0.529927 0.581337 0.759411 0.937551 0.959183 0.97909 1.04473 1.06198 1.16586 1.17386 1.23045 1.45554 1.47825 1.48387 
0.110885 0.167335 0.294816 0.362743 0.412345 0.413896 0.529927 0.581337 0.759411 0.937551 0.959183 0.97909 1.04473 1.06198 1.16586 1.17386 1.23045 1.29184 1.33763 1.45554 
0.110885 0.167335 0.294816 0.362743 0.412345 0.413896 0.529927 0.581337 0.759411 0.937551 0.959183 0.97909 1.04473 1.06198 1.16586 1.17386 1.23045 1.29184 1.33763 1.45554 
0.110885 0.167335 0.294816 0.362743 0.412345 0.413896 0.529927 0.581337 0.759411 0.937551 0.959183 0.97909 1.04473 1.06198 1.16586 1.17386 1.23045 1.29184 1.33763 1.45554 
0.110885 0.167335 0.294816 0.362743 0.412345 0.413896 0.529927 0.581337 0.759411 0.937551 0.959183 0.97909 1.04473 1.06198 1.16586 1.17386 1.23045 1.29184 1.33763 1.45554 
0.110885 0.167335 0.276639 0.294816 0.362743 0.367754 0.412345 0.413896 0.529927 0.581337 0.759411 0.937551 0.959183 0.97909 1.04473 1.06198 1.16586 1.17386 1.23045 1.29184 
0.110885 0.167335 0.178166 0.276639 0.294816 0.362743 0.367754 0.412345 0.413896 0.529927 0.581337 0.759411 0.937551 0.959183 0.97909 1.04473 1.06198 1.16586 1.17386 1.23045 
0.110885 0.167335 0.178166 0.276639 0.294816 0.362743 0.367754 0.412345 0.413896 0.529927 0.581337 0.759411 0.937551 0.959183 0.97909 1.04473 1.06198 1.16586 1.17386 1.23045 
0.110885 0.167335 0.178166 0.236366 0.276639 0.294816 0.362743 0.367754 0.412345 0.413896 0.529927 0.581337 0.759411 0.937551 0.959183 0.97909 1.04473 1.06198 1.16586 1.17386 
0.110885 0.167335 0.178166 0.236366 0.276639 0.294816 0.358672 0.362743 0.367754 0.412345 0.413896 0.529927 0.581337 0.759411 0.937551 0.959183 0.97909 1.04473 1.06198 1.16586 
0.110885 0.167335 0.178166 0.236366 0.276639 0.294816 0.35548 0.358672 0.362743 0.367754 0.412345 0.413896 0.529927 0.581337 0.759411 0.937551 0.959183 0.97909 1.04473 1.06198 
0.110885 0.167335 0.178166 0.236366 0.276639 0.294816 0.35548 0.358672 0.362743 0.367754 0.412345 0.413896 0.529927 0.581337 0.759411 0.937551 0.959183 0.97909 1.04473 1.06198 
0.110885 0.167335 0.178166 0.236366 0.276639 0.294816 0.35548 0.358672 0.362743 0.367754 0.412345 0.413896 0.529927 0.581337 0.759411 0.937551 0.959183 0.97909 1.04473 1.06198 
0.110885 0.167335 0.178166 0.236366 0.276639 0.294816 0.35548 0.358672 0.362743 0.367754 0.412345 0.413896 0.529927 0.581337 0.759411 0.937551 0.959183 0.97909 1.04473 1.06198 
0.110885 0.167335 0.178166 0.236366 0.276639 0.294816 0.35548 0.358672 0.362743 0.367754 0.412345 0.413896 0.529927 0.581337 0.759411 0.937551 0.959183 0.97909 1.04473 1.06198 
0.110885 0.167335 0.178166 0.236366 0.276639 0.294816 0.35548 0.358672 0.362743 0.367754 0.412345 0.413896 0.529927 0.581337 0.759411 0.937551 0.959183 0.97909 1.04473 1.06198 
0.110885 0.167335 0.178166 0.236366 0.276639 0.294816 0.35548 0.358672 0.362743 0.367754 0.412345 0.413896 0.529927 0.581337 0.759411 0.937551 0.959183 0.97909 1.04473 1.06198 
0.110885 0.167335 0.178166 0.236366 0.276639 0.294816 0.35548 0.358672 0.362743 0.367754 0.412345 0.413896 0.529927 0.581337 0.759411 0.937551 0.959183 0.97909 0.99463 1.04473 
0.110885 0.167335 0.178166 0.236366 0.276639 0.294816 0.35548 0.358672 0.362743 0.367754 0.412345 0.413896 0.529927 0.581337 0.759411 0.937551 0.959183 0.97909 0.99463 1.04473 
0.110885 0.167335 0.178166 0.236366 0.276639 0.294816 0.35548 0.358672 0.362743 0.367754 0.412345 0.413896 0.529927 0.581337 0.737152 0.759411 0.937551 0.959183 0.97909 0.99463 
0.110885 0.167335 0.178166 0.236366 0.276639 0.294816 0.35548 0.358672 0.362743 0.367754 0.412345 0.413896 0.529927 0.581337 0.668661 0.737152 0.759411 0.937551 0.959183 0.97909 
0.110885 0.167335 0.178166 0.236366 0.276639 0.294816 0.35548 0.358672 0.362743 0.367754 0.412345 0.413896 0.529927 0.581337 0.668661 0.737152 0.759411 0.937551 0.959183 0.97909 
0.00797947 0.110885 0.139507 0.167335 0.178166 0.236366 0.276639 0.294816 0.35548 0.358672 0.362743 0.367754 0.412345 0.413896 0.529927 0.581337 0.668661 0.737152 0.759411 0.937551 
0.00797947 0.110885 0.139507 0.167335 0.178166 0.236366 0.276639 0.294816 0.35548 0.358672 0.362743 0.367754 0.412345 0.413896 0.529927 0.581337 0.668661 0.737152 0.759411 0.937551 
0.00797947 0.110885 0.139507 0.167335 0.178166 0.236366 0.276639 0.294816 0.35548 0.358672 0.362743 0.367754 0.412345 0.413896 0.529927 0.581337 0.668661 0.737152 0.759411 0.937551 
0.00797947 0.110885 0.139507 0.167335 0.178166 0.236366 0.276639 0.294816 0.35548 0.358672 0.362743 0.367754 0.412345 0.413896 0.529927 0.581337 0.668661 0.737152 0.759411 0.937551 
0.00797947 0.110885 0.139507 0.167335 0.178166 0.236366 0.276639 0.294816 0.315586 0.35548 0.358672 0.362743 0.367754 0.412345 0.413896 0.529927 0.581337 0.668661 0.737152 0.759411 
0.00797947 0.110885 0.139507 0.167335 0.178166 0.236366 0.276639 0.294816 0.315586 0.35548 0.358672 0.362743 0.367754 0.412345 0.413896 0.529927 0.581337 0.668661 0.737152 0.759411 
0.00797947 0.110885 0.139507 0.167335 0.178166 0.236366 0.276639 0.294816 0.315586 0.35548 0.358672 0.362743 0.367754 0.412345 0.413896 0.529927 0.581337 0.668661 0.737152 0.759411 
0.00797947 0.110885 0.139507 0.167335 0.178166 0.236366 0.276639 0.294816 0.315586 0.35548 0.358672 0.362743 0.367754 0.412345 0.413896 0.529927 0.581337 0.668661 0.737152 0.759411 
0.00797947 0.110885 0.139507 0.167335 0.178166 0.236366 0.276639 0.294816 0.315586 0.35548 0.358672 0.362743 0.367754 0.412345 0.413896 0.529927 0.581337 0.668661 0.737152 0.759411 
0.00797947 0.110885 0.139507 0.167335 0.178166 0.236366 0.276639 0.294816 0.315586 0.35548 0.358672 0.362743 0.367754 0.412345 0.413896 0.529927 0.581337 0.668661 0.737152 0.759411 
0.00797947 0.110885 0.139507 0.167335 0.178166 0.236366 0.276639 0.294816 0.315586 0.354462 0.35548 0.358672 0.362743 0.367754 0.412345 0.413896 0.529927 0.581337 0.668661 0.737152 
0.00797947 0.110885 0.139507 0.167335 0.178166 0.236366 0.276639 0.294816 0.315586 0.354462 0.35548 0.358672 0.362743 0.367754 0.412345 0.413896 0.529927 0.581337 0.668661 0.737152 
0.00797947 0.0465117 0.110885 0.139507 0.167335 0.178166 0.236366 0.276639 0.294816 0.315586 0.354462 0.35548 0.358672 0.362743 0.367754 0.412345 0.413896 0.529927 0.581337 0.668661 
0.00797947 0.0465117 0.0487651 0.110885 0.139507 0.167335 0.178166 0.236366 0.276639 0.294816 0.315586 0.354462 0.35548 0.358672 0.362743 0.367754 0.412345 0.413896 0.529927 0.581337 
0.00797947 0.0465117 0.0487651 0.110885 0.139507 0.167335 0.178166 0.236366 0.276639 0.294816 0.315586 0.354462 0.35548 0.358672 0.362743 0.367754 0.412345 0.413896 0.529927 0.581337 
0.00797947 0.0465117 0.0487651 0.110885 0.139507 0.167335 0.178166 0.236366 0.276639 0.294816 0.315586 0.354462 0.35548 0.358672 0.362743 0.367754 0.412345 0.413896 0.529927 0.581337 
0.00797947 0.0465117 0.0487651 0.110885 0.139507 0.167335 0.178166 0.236366 0.276639 0.294816 0.315586 0.354462 0.35548 0.358672 0.362743 0.367754 0.412345 0.413896 0.529927 0.581337 
0.00797947 0.0465117 0.0487651 0.110885 0.139507 0.167335 0.178166 0.236366 0.276639 0.294816 0.315586 0.354462 0.35548 0.358672 0.362743 0.367754 0.412345 0.413896 0.529927 0.581337 
0.00797947 0.0465117 0.0487651 0.110885 0.139507 0.167335 0.178166 0.236366 0.276639 0.294816 0.315586 0.354462 0.35548 0.358672 0.362743 0.367754 0.412345 0.413896 0.529927 0.581337 
0.00797947 0.0465117 0.0487651 0.110885 0.139507 0.167335 0.178166 0.236366 0.276639 0.294816 0.315586 0.354462 0.35548 0.358672 0.362743 0.367754 0.412345 0.413896 0.529927 0.581337 
0.00797947 0.0465117 0.0487651 0.110885 0.139507 0.167335 0.178166 0.236366 0.276639 0.294816 0.315586 0.354462 0.35548 0.358672 0.362743 0.367754 0.412345 0.413896 0.529927 0.581337 
0.00797947 0.0465117 0.0487651 0.110885 0.139507 0.167335 0.178166 0.236366 0.276639 0.294816 0.315586 0.354462 0.35548 0.358672 0.362743 0.367754 0.412345 0.413896 0.529927 0.581337 
0.00797947 0.0465117 0.0487651 0.110885 0.139507 0.167335 0.178166 0.236366 0.276639 0.294816 0.315586 0.354462 0.35548 0.358672 0.362743 0.367754 0.412345 0.413896 0.529927 0.581337 
0.00797947 0.0465117 0.0487651 0.110885 0.139507 0.167335 0.178166 0.236366 0.276639 0.294816 0.315586 0.354462 0.35548 0.358672 0.362743 0.367754 0.412345 0.413896 0.529927 0.581337 
0.00797947 0.0465117 0.0487651 0.110885 0.139507 0.167335 0.178166 0.236366 0.276639 0.294816 0.315586 0.354462 0.35548 0.358672 0.362743 0.367754 0.412345 0.413896 0.529927 0.581337 
0.00797947 0.0465117 0.0487651 0.110885 0.139507 0.145651 0.167335 0.178166 0.236366 0.276639 0.294816 0.315586 0.354462 0.35548 0.358672 0.362743 0.367754 0.412345 0.413896 0.529927 
0.00797947 0.0465117 0.0487651 0.110885 0.139507 0.145651 0.167335 0.178166 0.236366 0.276639 0.294816 0.315586 0.354462 0.35548 0.358672 0.362743 0.367754 0.412345 0.413896 0.529927 
0.00797947 0.0465117 0.0487651 0.110885 0.139507 0.145651 0.167335 0.178166 0.236366 0.276639 0.294816 0.315586 0.354462 0.35548 0.358672 0.362743 0.367754 0.412345 0.413896 0.529927 
0.00797947 0.0465117 0.0487651 0.110885 0.139507 0.145651 0.167335 0.178166 0.236366 0.276639 0.294816 0.315586 0.354462 0.35548 0.358672 0.362743 0.367754 0.412345 0.413896 0.529927 
0.00797947 0.0465117 0.0487651 0.110885 0.139507 0.145651 0.167335 0.178166 0.236366 0.276639 0.294816 0.315586 0.354462 0.35548 0.358672 0.362743 0.367754 0.412345 0.413896 0.529927 
0.00797947 0.0465117 0.0487651 0.110885 0.139507 0.145651 0.167335 0.178166 0.236366 0.276639 0.294816 0.315586 0.354462 0.35548 0.358672 0.362743 0.367754 0.412345 0.413896 0.529927 
0.00797947 0.0465117 0.0487651 0.110885 0.139507 0.145651 0.167335 0.178166 0.236366 0.276639 0.294816 0.315586 0.354462 0.35548 0.358672 0.362743 0.367754 0.412345 0.413896 0.529927 
0.00797947 0.0465117 0.0487651 0.110885 0.139507 0.145651 0.167335 0.178166 0.236366 0.276639 0.294816 0.315586 0.354462 0.35548 0.358672 0.362743 0.367754 0.412345 0.413896 0.529927 
0.00797947 0.0465117 0.0487651 0.110885 0.139507 0.145651 0.167335 0.178166 0.236366 0.276639 0.294816 0.315586 0.354462 0.35548 0.358672 0.362743 0.367754 0.412345 0.413896 0.529927 
0.00797947 0.0465117 0.0487651 0.110885 0.139507 0.145651 0.167335 0.178166 0.236366 0.276639 0.294816 0.315586 0.354462 0.35548 0.358672 0.362743 0.367754 0.412345 0.413896 0.529927 
0.00797947 0.0465117 0.0487651 0.110885 0.139507 0.145651 0.167335 0.178166 0.236366 0.276639 0.294816 0.315586 0.354462 0.35548 0.358672 0.362743 0.367754 0.412345 0.413896 0.529927 
0.00797947 0.0465117 0.0487651 0.110885 0.139507 0.145651 0.167335 0.178166 0.236366 0.276639 0.294816 0.315586 0.354462 0.35548 0.358672 0.362743 0.367754 0.412345 0.413896 0.529927 
0.00797947 0.0465117 0.0487651 0.110885 0.139507 0.145651 0.167335 0.178166 0.236366 0.276639 0.294816 0.315586 0.354462 0.35548 0.358672 0.362743 0.367754 0.412345 0.413896 0.529927 
0.00797947 0.0465117 0.0487651 0.110885 0.139507 0.145651 0.167335 0.178166 0.236366 0.276639 0.294816 0.315586 0.354462 0.35548 0.358672 0.362743 0.367754 0.412345 0.413896 0.529927 
0.00797947 0.0465117 0.0487651 0.110885 0.139507 0.145651 0.167335 0.178166 0.236366 0.276639 0.294816 0.315586 0.354462 0.35548 0.358672 0.362743 0.367754 0.412345 0.413896 0.529927 
0.00797947 0.0465117 0.0487651 0.110885 0.139507 0.145651 0.167335 0.178166 0.236366 0.276639 0.294816 0.315586 0.354462 0.35548 0.358672 0.362743 0.367754 0.412345 0.413896 0.529927 
0.00797947 0.0465117 0.0487651 0.110885 0.139507 0.145651 0.167335 0.178166 0.236366 0.276639 0.294816 0.315586 0.354462 0.35548 0.358672 0.362743 0.367754 0.412345 0.413896 0.529927 
0.00797947 0.0465117 0.0487651 0.110885 0.139507 0.145651 0.167335 0.178166 0.236366 0.276639 0.294816 0.315586 0.354462 0.35548 0.358672 0.362743 0.367754 0.412345 0.413896 0.529927 
0.00797947 0.0465117 0.0487651 0.110885 0.139507 0.145651 0.167335 0.178166 0.236366 0.276639 0.294816 0.315586 0.354462 0.35548 0.358672 0.362743 0.367754 0.412345 0.413896 0.529927 
0.00797947 0.0465117 0.0487651 0.110885 0.139507 0.145651 0.167335 0.178166 0.236366 0.276639 0.294816 0.315586 0.354462 0.35548 0.358672 0.362743 0.367754 0.412345 0.413896 0.529927 
0.00797947 0.0465117 0.0487651 0.110885 0.139507 0.145651 0.167335 0.178166 0.236366 0.276639 0.294816 0.315586 0.354462 0.35548 0.358672 0.362743 0.367754 0.412345 0.413896 0.529927 
0.00797947 0.0465117 0.0487651 0.110885 0.139507 0.145651 0.167335 0.178166 0.236366 0.276639 0.294816 0.315586 0.354462 0.35548 0.358672 0.362743 0.367754 0.412345 0.413896 0.529927 
0.00797947 0.0465117 0.0487651 0.110885 0.139507 0.145651 0.167335 0.178166 0.236366 0.276639 0.294816 0.315586 0.354462 0.35548 0.358672 0.362743 0.367754 0.412345 0.413896 0.529927 
0.00797947 0.0465117 0.0487651 0.110885 0.139507 0.145651 0.167335 0.178166 0.236366 0.276639 0.294816 0.315586 0.354462 0.35548 0.358672 0.362743 0.367754 0.412345 0.413896 0.529927 
0.00797947 0.0465117 0.0487651 0.110885 0.139507 0.145651 0.167335 0.178166 0.236366 0.276639 0.294816 0.315586 0.354462 0.35548 0.358672 0.362743 0.367754 0.412345 0.413896 0.529927 
0.00797947 0.0465117 0.0487651 0.110885 0.139507 0.145651 0.167335 0.178166 0.236366 0.276639 0.294816 0.315586 0.354462 0.35548 0.358672 0.362743 0.367754 0.412345 0.413896 0.529927 
0.00797947 0.0465117 0.0487651 0.110885 0.139507 0.145651 0.167335 0.178166 0.236366 0.276639 0.294816 0.315586 0.354462 0.35548 0.358672 0.362743 0.367754 0.412345 0.413896 0.529927 
0.00797947 0.0465117 0.0487651 0.110885 0.139507 0.145651 0.167335 0.178166 0.236366 0.276639 0.294816 0.315586 0.354462 0.35548 0.358672 0.362743 0.367754 0.412345 0.413896 0.529927 
0.00797947 0.0465117 0.0487651 0.110885 0.139507 0.145651 0.167335 0.178166 0.236366 0.276639 0.294816 0.315586 0.354462 0.35548 0.358672 0.362743 0.367754 0.412345 0.413896 0.529927 
0.00797947 0.0465117 0.0487651 0.110885 0.139507 0.145651 0.167335 0.178166 0.236366 0.276639 0.294816 0.315586 0.354462 0.35548 0.358672 0.362743 0.367754 0.412345 0.413896 0.529927 
0.00797947 0.0465117 0.0487651 0.110885 0.139507 0.145651 0.167335 0.178166 0.236366 0.276639 0.294816 0.315586 0.354462 0.35548 0.358672 0.362743 0.367754 0.412345 0.413896 0.529927 
0.00797947 0.0465117 0.0487651 0.110885 0.139507 0.145651 0.167335 0.178166 0.236366 0.276639 0.294816 0.315586 0.354462 0.35548 0.358672 0.362743 0.367754 0.412345 0.413896 0.529927 
0.00797947 0.0465117 0.0487651 0.110885 0.139507 0.145651 0.167335 0.178166 0.236366 0.276639 0.294816 0.315586 0.354462 0.35548 0.358672 0.362743 0.367754 0.412345 0.413896 0.529927 
0.00797947 0.0465117 0.0487651 0.110885 0.139507 0.145651 0.167335 0.178166 0.236366 0.276639 0.294816 0.315586 0.354462 0.35548 0.358672 0.362743 0.367754 0.412345 0.413896 0.529927 
0.00797947 0.0465117 0.0487651 0.110885 0.139507 0.145651 0.167335 0.178166 0.236366 0.276639 0.294816 0.315586 0.354462 0.35548 0.358672 0.362743 0.367754 0.412345 0.413896 0.529927 
0.00797947 0.0465117 0.0487651 0.110885 0.139507 0.145651 0.167335 0.178166 0.236366 0.276639 0.294816 0.315586 0.354462 0.35548 0.358672 0.362743 0.367754 0.412345 0.413896 0.529927 
0.00797947 0.0465117 0.0487651 0.110885 0.139507 0.145651 0.167335 0.178166 0.236366 0.276639 0.294816 0.315586 0.354462 0.35548 0.358672 0.362743 0.367754 0.412345 0.413896 0.529927 
0.00797947 0.0465117 0.0487651 0.110885 0.139507 0.145651 0.167335 0.178166 0.236366 0.276639 0.294816 0.315586 0.354462 0.35548 0.358672 0.362743 0.367754 0.412345 0.413896 0.529927 
0.00797947 0.0465117 0.0487651 0.110885 0.139507 0.145651 0.167335 0.178166 0.236366 0.276639 0.294816 0.315586 0.354462 0.35548 0.358672 0.362743 0.367754 0.412345 0.413896 0.529927 
0.00797947 0.0465117 0.0487651 0.110885 0.139507 0.145651 0.167335 0.178166 0.236366 0.276639 0.294816 0.315586 0.354462 0.35548 0.358672 0.362743 0.367754 0.412345 0.413896 0.529927 
0.00797947 0.0465117 0.0487651 0.110885 0.139507 0.145651 0.167335 0.178166 0.236366 0.276639 0.294816 0.315586 0.354462 0.35548 0.358672 0.362743 0.367754 0.412345 0.413896 0.529927 
