1.86992 3.16043 3.20656 3.26966 3.82962 3.9336 3.97365 3.98578 4.09289 4.21007 4.23445 4.28932 4.31566 4.35541 4.39378 4.42681 4.42911 4.43377 4.52298 4.53856 
1.86992 2.75538 2.77556 2.80316 2.98216 3.14314 3.16043 3.20656 3.21592 3.26966 3.29304 3.37768 3.38932 3.45011 3.82962 3.9336 3.97365 3.98578 4.09289 4.21007 
0.996168 1.77554 1.86992 2.00045 2.0838 2.5052 2.58902 2.6232 2.64797 2.75538 2.75568 2.77556 2.78901 2.80316 2.80804 2.92318 2.98216 3.00773 3.01404 3.03469 
0.535166 0.761497 0.820048 0.98355 0.996168 1.77554 1.86992 2.00045 2.0838 2.12058 2.5052 2.51303 2.58902 2.6232 2.64797 2.75538 2.75568 2.76814 2.77556 2.78901 
0.535166 0.725599 0.761497 0.820048 0.98355 0.996168 1.00828 1.42958 1.77554 1.86992 1.9169 2.00045 2.01629 2.0838 2.12058 2.23242 2.28282 2.39342 2.42759 2.5052 
0.535166 0.725599 0.761497 0.820048 0.98355 0.996168 1.00828 1.208 1.2531 1.42958 1.52641 1.77554 1.86992 1.9169 2.00045 2.01629 2.0838 2.12058 2.23242 2.28282 
0.222653 0.525976 0.535166 0.640797 0.725599 0.761497 0.820048 0.864716 0.98355 0.996168 1.00828 1.208 1.2531 1.32535 1.42958 1.52617 1.52641 1.77554 1.86992 1.9169 
0.222653 0.25905 0.36327 0.500889 0.525976 0.535166 0.640797 0.725599 0.761497 0.820048 0.864716 0.98355 0.996168 1.00828 1.08324 1.208 1.2531 1.32535 1.36569 1.42958 
0.163657 0.208018 0.222653 0.25273 0.25905 0.36327 0.393152 0.500889 0.525976 0.535166 0.640797 0.654004 0.725599 0.761497 0.820048 0.864716 0.950624 0.98355 0.996168 1.00828 
0.163657 0.208018 0.222653 0.25273 0.25905 0.36327 0.393152 0.500889 0.525976 0.535166 0.640797 0.654004 0.725599 0.742603 0.761497 0.820048 0.864716 0.950624 0.98355 0.996168 
0.163657 0.208018 0.222653 0.232194 0.25273 0.25905 0.36327 0.393152 0.500889 0.525976 0.535166 0.640797 0.654004 0.725599 0.742603 0.761497 0.781628 0.820048 0.864716 0.950624 
0.163657 0.208018 0.222653 0.232194 0.25273 0.25905 0.36327 0.371544 0.393152 0.408989 0.459359 0.500889 0.525976 0.535166 0.62232 0.640797 0.654004 0.725599 0.742603 0.761497 
0.163657 0.208018 0.222653 0.232194 0.25273 0.25905 0.36327 0.371544 0.393152 0.400596 0.408989 0.459359 0.500889 0.525976 0.535166 0.541408 0.62232 0.640797 0.654004 0.719278 
0.163657 0.208018 0.222653 0.232194 0.25273 0.25905 0.36327 0.371544 0.393152 0.400596 0.408989 0.459359 0.500889 0.525976 0.535166 0.541408 0.62232 0.640797 0.654004 0.719278 
0.163657 0.208018 0.222653 0.232194 0.25273 0.25905 0.264848 0.36327 0.371544 0.393152 0.400596 0.408989 0.459359 0.500889 0.525976 0.535166 0.541408 0.62232 0.640797 0.654004 
0.163657 0.208018 0.222653 0.232194 0.25273 0.25905 0.264848 0.36327 0.371544 0.393152 0.400596 0.408989 0.459359 0.500889 0.525976 0.535166 0.541408 0.543969 0.585044 0.62232 
0.163657 0.208018 0.222653 0.232194 0.25273 0.25905 0.264848 0.36327 0.371544 0.393152 0.400596 0.408989 0.459359 0.500889 0.525976 0.535166 0.541408 0.543969 0.585044 0.62232 
0.163657 0.208018 0.222653 0.232194 0.25273 0.25905 0.264848 0.36327 0.371544 0.393152 0.400596 0.408989 0.459359 0.500889 0.525976 0.535166 0.541408 0.543969 0.585044 0.62232 
0.163657 0.208018 0.222653 0.232194 0.25273 0.25905 0.264848 0.36327 0.371544 0.393152 0.400596 0.408989 0.459359 0.500889 0.525976 0.535166 0.541408 0.543969 0.585044 0.62232 
0.163657 0.208018 0.222653 0.232194 0.25273 0.25905 0.264848 0.36327 0.371544 0.393152 0.400596 0.408989 0.459359 0.500889 0.525976 0.535166 0.541408 0.543969 0.585044 0.62232 
0.163657 0.208018 0.222653 0.232194 0.25273 0.25905 0.264848 0.36327 0.371544 0.393152 0.400596 0.408989 0.459359 0.500889 0.525976 0.535166 0.541408 0.543969 0.581681 0.585044 
0.163657 0.208018 0.222653 0.232194 0.25273 0.25905 0.264848 0.36327 0.371544 0.393152 0.400596 0.408989 0.459359 0.500889 0.525976 0.535166 0.541408 0.543969 0.581681 0.585044 
0.163657 0.208018 0.222653 0.232194 0.25273 0.25905 0.264848 0.36327 0.371544 0.393152 0.400596 0.408989 0.459359 0.500889 0.525976 0.535166 0.541408 0.543969 0.581681 0.585044 
0.163657 0.208018 0.222653 0.232194 0.25273 0.25905 0.264848 0.36327 0.371544 0.393152 0.400596 0.400726 0.408989 0.459359 0.500889 0.525976 0.535166 0.541408 0.543969 0.581681 
0.163657 0.174886 0.208018 0.222653 0.232194 0.25273 0.25905 0.264848 0.36327 0.371544 0.393152 0.400596 0.400726 0.408989 0.459359 0.500889 0.525976 0.535166 0.541408 0.543969 
0.163657 0.174886 0.208018 0.222653 0.232194 0.25273 0.25905 0.264848 0.36327 0.371544 0.393152 0.400596 0.400726 0.408989 0.459359 0.500889 0.525976 0.535166 0.541408 0.543969 
0.163657 0.174886 0.208018 0.222653 0.232194 0.25273 0.25905 0.264848 0.36327 0.371544 0.393152 0.400596 0.400726 0.408989 0.459359 0.500889 0.525976 0.535166 0.541408 0.543969 
0.163657 0.174886 0.208018 0.222653 0.232194 0.25273 0.25905 0.264848 0.36327 0.371544 0.393152 0.400596 0.400726 0.408989 0.459359 0.500889 0.525976 0.535166 0.541408 0.543969 
0.163657 0.174886 0.208018 0.222653 0.232194 0.25273 0.25905 0.264848 0.283727 0.36327 0.371544 0.393152 0.400596 0.400726 0.408989 0.459359 0.500889 0.525976 0.535166 0.541408 
0.163657 0.174886 0.208018 0.222653 0.232194 0.25273 0.25905 0.264848 0.283727 0.36327 0.371544 0.393152 0.400596 0.400726 0.408989 0.459359 0.500889 0.525976 0.535166 0.541408 
0.0887893 0.163657 0.174886 0.208018 0.222653 0.232194 0.25273 0.25905 0.264848 0.283727 0.36327 0.371544 0.393152 0.400596 0.400726 0.408989 0.459359 0.500889 0.525976 0.535166 
0.0887893 0.163657 0.174886 0.208018 0.222653 0.232194 0.25273 0.25905 0.264848 0.283727 0.36327 0.371544 0.393152 0.400596 0.400726 0.408285 0.408989 0.459359 0.500889 0.525976 
0.0887893 0.163657 0.174886 0.208018 0.222653 0.232194 0.25273 0.25905 0.264848 0.283727 0.36327 0.371544 0.393152 0.400596 0.400726 0.408285 0.408989 0.459359 0.500889 0.525976 
0.0887893 0.163657 0.174886 0.208018 0.222653 0.232194 0.25273 0.25905 0.264848 0.283727 0.36327 0.371544 0.393152 0.400596 0.400726 0.408285 0.408989 0.459359 0.460898 0.500889 
0.0887893 0.163657 0.174886 0.198212 0.208018 0.222653 0.232194 0.25273 0.25905 0.264848 0.283727 0.36327 0.371544 0.393152 0.400596 0.400726 0.408285 0.408989 0.459359 0.460898 
0.0647568 0.0887893 0.163657 0.174886 0.198212 0.208018 0.222653 0.232194 0.25273 0.25905 0.264848 0.283727 0.36327 0.371544 0.393152 0.400596 0.400726 0.408285 0.408989 0.459359 
0.0647568 0.0887893 0.163657 0.174886 0.198212 0.208018 0.222653 0.232194 0.25273 0.25905 0.264848 0.283727 0.36327 0.371544 0.393152 0.400596 0.400726 0.408285 0.408989 0.459359 
0.0647568 0.0887893 0.163657 0.174886 0.198212 0.208018 0.222653 0.232194 0.25273 0.25905 0.264848 0.283727 0.36327 0.371544 0.393152 0.400596 0.400726 0.408285 0.408989 0.459359 
0.0647568 0.0887893 0.163657 0.174886 0.198212 0.208018 0.222653 0.232194 0.25273 0.25905 0.264848 0.283727 0.36327 0.371544 0.393152 0.400596 0.400726 0.408285 0.408989 0.459359 
0.0647568 0.0887893 0.163657 0.174886 0.198212 0.208018 0.222653 0.232194 0.25273 0.25905 0.264848 0.283727 0.36327 0.371544 0.393152 0.400596 0.400726 0.408285 0.408989 0.459359 
0.0647568 0.0887893 0.163657 0.174886 0.198212 0.208018 0.222653 0.232194 0.25273 0.25905 0.264848 0.283727 0.36327 0.371544 0.393152 0.400596 0.400726 0.408285 0.408989 0.459359 
0.0647568 0.0887893 0.163657 0.174886 0.198212 0.208018 0.222653 0.232194 0.25273 0.25905 0.264848 0.283727 0.36327 0.371544 0.393152 0.400596 0.400726 0.408285 0.408989 0.459359 
0.0647568 0.0887893 0.163657 0.174886 0.198212 0.208018 0.222653 0.232194 0.25273 0.25905 0.264848 0.283727 0.36327 0.371544 0.393152 0.400596 0.400726 0.408285 0.408989 0.459359 
0.0647568 0.0887893 0.163657 0.174886 0.198212 0.208018 0.222653 0.232194 0.25273 0.25905 0.264848 0.283727 0.305403 0.36327 0.371544 0.393152 0.400596 0.400726 0.408285 0.408989 
0.0647568 0.0887893 0.163657 0.174886 0.198212 0.208018 0.222653 0.232194 0.25273 0.25905 0.264848 0.283727 0.305403 0.36327 0.371544 0.393152 0.400596 0.400726 0.408285 0.408989 
0.0647568 0.0887893 0.163657 0.174886 0.198212 0.208018 0.222653 0.232194 0.25273 0.25905 0.264848 0.283727 0.305403 0.36327 0.371544 0.393152 0.400596 0.400726 0.408285 0.408989 
0.0647568 0.0887893 0.163657 0.174886 0.198212 0.208018 0.222653 0.232194 0.25273 0.25905 0.264848 0.283727 0.305403 0.36327 0.371544 0.393152 0.400596 0.400726 0.408285 0.408989 
0.042653 0.0647568 0.0887893 0.163657 0.174886 0.198212 0.208018 0.222653 0.232194 0.25273 0.25905 0.264848 0.283727 0.305403 0.36327 0.371544 0.393152 0.400596 0.400726 0.408285 
0.042653 0.0647568 0.0887893 0.163657 0.174886 0.198212 0.208018 0.222653 0.232194 0.25273 0.25905 0.264848 0.266992 0.283727 0.305403 0.36327 0.371544 0.393152 0.400596 0.400726 
0.042653 0.0647568 0.0887893 0.163657 0.174886 0.198212 0.208018 0.222653 0.232194 0.25273 0.25905 0.264848 0.266992 0.283727 0.305403 0.310287 0.359639 0.36327 0.371544 0.393152 
0.042653 0.0647568 0.0887893 0.163657 0.174886 0.198212 0.200421 0.208018 0.222653 0.232194 0.25273 0.25905 0.264848 0.266992 0.283727 0.305403 0.310287 0.359639 0.36327 0.371544 
0.042653 0.0647568 0.0887893 0.163657 0.174886 0.198212 0.200421 0.208018 0.222653 0.232194 0.25273 0.25905 0.264848 0.266992 0.283727 0.305403 0.310287 0.342345 0.359639 0.36327 
0.042653 0.0647568 0.0887893 0.163657 0.174886 0.198212 0.200421 0.208018 0.222653 0.232194 0.25273 0.25905 0.264848 0.266992 0.283727 0.305403 0.310287 0.342345 0.359639 0.36327 
0.042653 0.0647568 0.0887893 0.163657 0.174886 0.198212 0.200421 0.208018 0.222653 0.232194 0.25273 0.25905 0.263064 0.264848 0.266992 0.283727 0.305403 0.310287 0.342345 0.359639 
0.042653 0.0647568 0.0887893 0.163657 0.174886 0.198212 0.200421 0.208018 0.222653 0.232194 0.25273 0.25905 0.263064 0.264848 0.266992 0.283727 0.305403 0.310287 0.342345 0.359639 
0.042653 0.0647568 0.0887893 0.163657 0.174886 0.198212 0.200421 0.208018 0.222653 0.232194 0.25273 0.25905 0.263064 0.264848 0.266992 0.283727 0.305403 0.310287 0.342345 0.359639 
0.042653 0.0647568 0.0887893 0.163657 0.174886 0.198212 0.200421 0.208018 0.222653 0.232194 0.25273 0.25905 0.263064 0.264848 0.266992 0.283727 0.305403 0.310287 0.342345 0.359639 
0.042653 0.0647568 0.0887893 0.163657 0.174886 0.198212 0.200421 0.208018 0.222653 0.232194 0.25273 0.25905 0.263064 0.264848 0.266992 0.283727 0.305403 0.310287 0.342345 0.359639 
0.042653 0.0647568 0.0887893 0.163657 0.174886 0.198212 0.200421 0.208018 0.222653 0.232194 0.25273 0.25905 0.263064 0.264848 0.266992 0.270287 0.283727 0.305403 0.310287 0.342345 
0.042653 0.0647568 0.0887893 0.163657 0.174886 0.198212 0.200421 0.208018 0.222653 0.232194 0.25273 0.25905 0.263064 0.264848 0.266992 0.270287 0.283727 0.305403 0.310287 0.342345 
0.042653 0.0647568 0.0887893 0.163657 0.174886 0.198212 0.200421 0.208018 0.222653 0.232194 0.25273 0.25905 0.263064 0.264848 0.266992 0.270287 0.283727 0.305403 0.310287 0.342345 
0.042653 0.0647568 0.0887893 0.141959 0.163657 0.174886 0.198212 0.200421 0.208018 0.222653 0.232194 0.25273 0.25905 0.263064 0.264848 0.266992 0.270287 0.283727 0.305403 0.310287 
0.042653 0.0647568 0.0887893 0.141959 0.163657 0.174886 0.198212 0.200421 0.208018 0.222653 0.232194 0.25273 0.25905 0.263064 0.264848 0.266992 0.270287 0.283727 0.305403 0.310287 
0.042653 0.0647568 0.0887893 0.141959 0.163657 0.174886 0.198212 0.200421 0.208018 0.222653 0.232194 0.25273 0.25905 0.263064 0.264848 0.266992 0.270287 0.283727 0.305403 0.310287 
0.042653 0.0647568 0.0887893 0.141959 0.163657 0.174886 0.198212 0.200421 0.208018 0.222653 0.232194 0.25273 0.25905 0.263064 0.264848 0.266992 0.270287 0.283727 0.305403 0.310287 
0.042653 0.0647568 0.0887893 0.141959 0.163657 0.174886 0.198212 0.200421 0.208018 0.222653 0.232194 0.25273 0.25905 0.263064 0.264848 0.266992 0.270287 0.283727 0.305403 0.310287 
0.042653 0.0647568 0.0887893 0.141959 0.163657 0.174886 0.198212 0.200421 0.208018 0.222653 0.232194 0.25273 0.25905 0.263064 0.264848 0.266992 0.270287 0.283727 0.305403 0.310287 
0.042653 0.0647568 0.0887893 0.141959 0.163657 0.174886 0.198212 0.200421 0.208018 0.222653 0.232194 0.25273 0.25905 0.263064 0.264848 0.266992 0.270287 0.283727 0.305403 0.310287 
0.042653 0.0647568 0.0887893 0.141959 0.163657 0.174886 0.198212 0.200421 0.208018 0.222653 0.232194 0.25273 0.25905 0.263064 0.264848 0.266992 0.270287 0.283727 0.305403 0.310287 
0.042653 0.0647568 0.0887893 0.141959 0.163657 0.174886 0.198212 0.200421 0.208018 0.222653 0.232194 0.25273 0.25905 0.263064 0.264848 0.266992 0.270287 0.283727 0.305403 0.310287 
0.042653 0.0647568 0.0887893 0.141959 0.163657 0.174886 0.198212 0.200421 0.208018 0.222653 0.232194 0.25273 0.25905 0.263064 0.264848 0.266992 0.270287 0.283727 0.305403 0.310287 
0.042653 0.0647568 0.0887893 0.141959 0.163657 0.174886 0.198212 0.200421 0.208018 0.222653 0.232194 0.25273 0.25905 0.263064 0.264848 0.266992 0.270287 0.283727 0.305403 0.310287 
0.042653 0.0647568 0.0887893 0.141959 0.163657 0.174886 0.198212 0.200421 0.208018 0.222653 0.232194 0.25273 0.25905 0.263064 0.264848 0.266992 0.270287 0.283727 0.305403 0.310287 
0.042653 0.0647568 0.0887893 0.141959 0.163657 0.174886 0.198212 0.200421 0.208018 0.222653 0.232194 0.25273 0.25905 0.263064 0.264848 0.266992 0.270287 0.283727 0.305403 0.310287 
0.042653 0.0647568 0.0887893 0.141959 0.163657 0.174886 0.198212 0.200421 0.208018 0.222653 0.232194 0.25273 0.25905 0.263064 0.264848 0.266992 0.270287 0.283727 0.305403 0.310287 
0.042653 0.0647568 0.0887893 0.141959 0.163657 0.174886 0.198212 0.200421 0.208018 0.222653 0.232194 0.25273 0.25905 0.263064 0.264848 0.266992 0.270287 0.283727 0.305403 0.310287 
0.042653 0.0647568 0.0887893 0.141959 0.163657 0.174886 0.198212 0.200421 0.208018 0.222653 0.232194 0.25273 0.25905 0.263064 0.264848 0.266992 0.270287 0.283727 0.305403 0.310287 
0.042653 0.0647568 0.0887893 0.141959 0.163657 0.174886 0.198212 0.200421 0.208018 0.222653 0.232194 0.25273 0.25905 0.263064 0.264848 0.266992 0.270287 0.283727 0.305403 0.310287 
0.042653 0.0647568 0.0887893 0.141959 0.163657 0.174886 0.198212 0.200421 0.208018 0.222653 0.232194 0.25273 0.25905 0.263064 0.264848 0.266992 0.270287 0.283727 0.305403 0.310287 
0.042653 0.0647568 0.0887893 0.141959 0.163657 0.174886 0.198212 0.200421 0.208018 0.222653 0.232194 0.25273 0.25905 0.263064 0.264848 0.266992 0.270287 0.283727 0.305403 0.310287 
0.042653 0.0647568 0.0887893 0.141959 0.163657 0.174886 0.198212 0.200421 0.208018 0.222653 0.232194 0.25273 0.25905 0.263064 0.264848 0.266992 0.270287 0.283727 0.305403 0.310287 
0.042653 0.0647568 0.0887893 0.141959 0.163657 0.174886 0.198212 0.200421 0.208018 0.222653 0.232194 0.25273 0.25905 0.263064 0.264848 0.266992 0.270287 0.283727 0.305403 0.310287 
0.042653 0.0647568 0.0887893 0.141959 0.163657 0.174886 0.198212 0.200421 0.208018 0.222653 0.232194 0.25273 0.25905 0.263064 0.264848 0.266992 0.270287 0.283727 0.305403 0.310287 
0.042653 0.0647568 0.0887893 0.141959 0.163657 0.174886 0.198212 0.200421 0.208018 0.222653 0.232194 0.25273 0.25905 0.263064 0.264848 0.266992 0.270287 0.283727 0.305403 0.310287 
0.042653 0.0647568 0.0887893 0.141959 0.163657 0.174886 0.198212 0.200421 0.208018 0.222653 0.232194 0.25273 0.25905 0.263064 0.264848 0.266992 0.270287 0.283727 0.305403 0.310287 
0.042653 0.0647568 0.0887893 0.141959 0.163657 0.174886 0.198212 0.200421 0.208018 0.222653 0.232194 0.25273 0.25905 0.263064 0.264848 0.266992 0.270287 0.283727 0.305403 0.310287 
0.042653 0.0647568 0.0887893 0.141959 0.163657 0.174886 0.198212 0.200421 0.208018 0.222653 0.232194 0.25273 0.25905 0.263064 0.264848 0.266992 0.270287 0.283727 0.305403 0.310287 
0.042653 0.0647568 0.0887893 0.141959 0.163657 0.174886 0.198212 0.200421 0.208018 0.222653 0.232194 0.25273 0.25905 0.263064 0.264848 0.266992 0.270287 0.283727 0.305403 0.310287 
0.042653 0.0647568 0.0887893 0.141959 0.163657 0.174886 0.198212 0.200421 0.208018 0.222653 0.232194 0.25273 0.25905 0.263064 0.264848 0.266992 0.270287 0.283727 0.305403 0.310287 
0.042653 0.0647568 0.0887893 0.141959 0.163657 0.174886 0.198212 0.200421 0.208018 0.222653 0.232194 0.25273 0.25905 0.263064 0.264848 0.266992 0.270287 0.283727 0.305403 0.310287 
0.042653 0.0647568 0.0887893 0.141959 0.163657 0.174886 0.198212 0.200421 0.208018 0.222653 0.232194 0.25273 0.25905 0.263064 0.264848 0.266992 0.270287 0.283727 0.305403 0.310287 
0.042653 0.0647568 0.0887893 0.141959 0.163657 0.174886 0.198212 0.200421 0.208018 0.222653 0.232194 0.25273 0.25905 0.263064 0.264848 0.266992 0.270287 0.283727 0.305403 0.310287 
0.042653 0.0647568 0.0887893 0.141959 0.163657 0.174886 0.198212 0.200421 0.208018 0.222653 0.232194 0.25273 0.25905 0.263064 0.264848 0.266992 0.270287 0.283727 0.305403 0.310287 
0.042653 0.0647568 0.0887893 0.141959 0.163657 0.174886 0.198212 0.200421 0.208018 0.222653 0.232194 0.25273 0.25905 0.263064 0.264848 0.266992 0.270287 0.283727 0.305403 0.310287 
0.042653 0.0647568 0.0887893 0.141959 0.163657 0.174886 0.198212 0.200421 0.208018 0.222653 0.232194 0.25273 0.25905 0.263064 0.264848 0.266992 0.270287 0.283727 0.305403 0.310287 
0.042653 0.0647568 0.0887893 0.141959 0.163657 0.174886 0.198212 0.200421 0.208018 0.222653 0.232194 0.25273 0.25905 0.263064 0.264848 0.266992 0.270287 0.283727 0.305403 0.310287 
0.042653 0.0647568 0.0887893 0.141959 0.163657 0.174886 0.198212 0.200421 0.208018 0.222653 0.232194 0.25273 0.25905 0.263064 0.264848 0.266992 0.270287 0.283727 0.305403 0.310287 
0.042653 0.0647568 0.0887893 0.141959 0.163657 0.174886 0.198212 0.200421 0.208018 0.222653 0.232194 0.25273 0.25905 0.263064 0.264848 0.266992 0.270287 0.283727 0.305403 0.310287 
0.042653 0.0647568 0.0887893 0.141959 0.163657 0.174886 0.198212 0.200421 0.208018 0.222653 0.232194 0.25273 0.25905 0.263064 0.264848 0.266992 0.270287 0.283727 0.305403 0.310287 
0.042653 0.0647568 0.0887893 0.141959 0.163657 0.174886 0.198212 0.200421 0.208018 0.222653 0.232194 0.25273 0.25905 0.263064 0.264848 0.266992 0.270287 0.283727 0.305403 0.310287 
