4.00396 4.0549 5.08884 5.22819 5.56162 5.56426 6.03738 6.11364 6.25976 6.28937 6.56694 6.60262 6.81234 6.84685 7.11671 7.36271 7.47899 7.54858 7.8488 7.96774 
0.460775 2.55518 3.98778 4.00396 4.0549 4.15572 4.54089 4.79257 5.08884 5.22819 5.34043 5.47486 5.49627 5.56162 5.56426 5.57442 5.6761 5.68339 6.03738 6.05473 
0.460775 2.18533 2.55518 3.52435 3.69047 3.83322 3.92866 3.98778 4.00396 4.0549 4.15572 4.17748 4.54089 4.79257 4.84283 5.08884 5.22819 5.34043 5.47486 5.49627 
0.460775 2.18533 2.55518 2.69363 3.52435 3.55886 3.69047 3.83322 3.92866 3.98778 4.00396 4.0549 4.15572 4.17748 4.21166 4.3405 4.54089 4.79257 4.84283 5.08884 
0.460775 2.18533 2.55518 2.66481 2.69363 3.52435 3.55886 3.60872 3.69047 3.83322 3.92866 3.98778 4.00396 4.0549 4.15572 4.17748 4.19485 4.21166 4.28445 4.3405 
0.460775 2.18533 2.55518 2.63802 2.66481 2.69363 3.52435 3.55886 3.60872 3.69047 3.83322 3.92866 3.93776 3.98778 4.00396 4.0549 4.15572 4.17748 4.19485 4.21166 
0.460775 2.18533 2.55518 2.63802 2.66481 2.69363 3.30859 3.52435 3.55886 3.60872 3.69047 3.83322 3.92866 3.93776 3.98778 4.00396 4.0549 4.15572 4.17748 4.19485 
0.460775 2.18533 2.55518 2.63802 2.66481 2.69363 3.30859 3.50776 3.52435 3.55886 3.60872 3.69047 3.83322 3.92866 3.93776 3.98778 4.00396 4.0549 4.05784 4.15572 
0.460775 2.18533 2.18955 2.55518 2.63802 2.66481 2.69363 2.86386 2.878 3.23219 3.30859 3.39704 3.50776 3.52435 3.55886 3.60872 3.69047 3.73308 3.73601 3.74857 
0.460775 2.18533 2.18955 2.36906 2.55518 2.63802 2.66481 2.69363 2.86386 2.878 3.23219 3.30859 3.39215 3.39704 3.4175 3.48302 3.50609 3.50776 3.52435 3.55886 
0.460775 2.18533 2.18955 2.36906 2.55518 2.63802 2.66481 2.69363 2.86386 2.878 3.23219 3.30859 3.39215 3.39704 3.4175 3.48302 3.50609 3.50776 3.52435 3.55886 
0.460775 1.30584 2.18533 2.18955 2.36906 2.55518 2.63802 2.66481 2.69363 2.86386 2.878 2.94265 3.13628 3.23219 3.23666 3.30859 3.39215 3.39704 3.4175 3.44287 
0.460775 0.823511 1.30584 2.18533 2.18955 2.36906 2.55518 2.63802 2.66481 2.69363 2.86386 2.878 2.94265 3.13628 3.23219 3.23666 3.30859 3.39215 3.39704 3.4175 
0.460775 0.823511 1.30584 2.18533 2.18955 2.26174 2.36906 2.55518 2.63802 2.64347 2.66481 2.69363 2.86386 2.878 2.94265 3.13628 3.23219 3.23666 3.30859 3.32242 
0.460775 0.823511 1.30584 2.18533 2.18955 2.26174 2.36906 2.55518 2.63802 2.64347 2.66481 2.69363 2.86386 2.878 2.94265 3.06197 3.13628 3.23219 3.23666 3.30859 
0.460775 0.823511 1.30584 1.65985 2.18533 2.18955 2.26174 2.36906 2.55518 2.63802 2.64347 2.66481 2.69363 2.86386 2.878 2.94265 3.06197 3.13628 3.23219 3.23666 
0.460775 0.823511 1.30584 1.65985 2.18533 2.18955 2.26174 2.36906 2.47271 2.55518 2.63802 2.64347 2.66481 2.69363 2.86386 2.878 2.94265 3.06197 3.12407 3.13628 
0.387669 0.460775 0.823511 1.30584 1.65985 2.18533 2.18955 2.26174 2.35414 2.36906 2.47271 2.55518 2.63802 2.64347 2.66481 2.69363 2.76991 2.86386 2.878 2.94265 
0.387669 0.460775 0.823511 1.30584 1.65985 2.18533 2.18955 2.26174 2.35414 2.36906 2.47271 2.55518 2.63802 2.64347 2.66481 2.69363 2.76991 2.86386 2.878 2.94265 
0.387669 0.460775 0.554242 0.823511 1.30584 1.65985 2.18533 2.18955 2.26174 2.35414 2.36906 2.47271 2.55518 2.63802 2.64347 2.66481 2.69363 2.76991 2.86386 2.878 
0.387669 0.460775 0.554242 0.823511 1.30584 1.65985 2.18533 2.18955 2.26174 2.35414 2.36906 2.47271 2.55518 2.63802 2.64347 2.66086 2.66481 2.69363 2.76991 2.84298 
0.387669 0.460775 0.554242 0.823511 1.30584 1.65985 2.18533 2.18955 2.26174 2.35414 2.36906 2.47271 2.53624 2.55518 2.63802 2.64347 2.66086 2.66481 2.69363 2.72958 
0.387669 0.460775 0.554242 0.823511 1.30584 1.65985 1.7695 2.18533 2.18955 2.26174 2.35414 2.36906 2.47271 2.53624 2.55518 2.60747 2.63802 2.64347 2.66086 2.66481 
0.387669 0.460775 0.554242 0.823511 1.30584 1.65985 1.7695 2.18533 2.18955 2.26174 2.35414 2.36906 2.47271 2.49839 2.53624 2.55518 2.60747 2.63802 2.64347 2.66086 
0.387669 0.460775 0.554242 0.823511 1.28654 1.30584 1.65985 1.7695 2.18533 2.18955 2.26174 2.35414 2.36906 2.47271 2.49839 2.53624 2.55518 2.60747 2.63802 2.64347 
0.387669 0.460775 0.554242 0.706043 0.823511 1.28654 1.30584 1.65985 1.75455 1.7695 2.18533 2.18955 2.26174 2.35414 2.36906 2.4301 2.47271 2.49839 2.53624 2.55518 
0.387669 0.460775 0.554242 0.706043 0.823511 1.28654 1.30584 1.65985 1.75455 1.7695 2.18533 2.18955 2.26174 2.35414 2.36906 2.4301 2.47271 2.49839 2.53624 2.55518 
0.250347 0.387669 0.460775 0.554242 0.706043 0.819138 0.823511 1.28654 1.30584 1.65985 1.75455 1.7695 1.82956 2.18533 2.18955 2.26174 2.35414 2.36906 2.4301 2.47271 
0.250347 0.387669 0.460775 0.554242 0.706043 0.819138 0.823511 1.28654 1.30584 1.32055 1.65985 1.75455 1.7695 1.82956 2.18533 2.18955 2.26174 2.35414 2.36906 2.4301 
0.250347 0.387669 0.460775 0.554242 0.706043 0.819138 0.823511 1.28654 1.30584 1.32055 1.3345 1.3788 1.62982 1.65985 1.75455 1.7695 1.82956 2.12297 2.18533 2.18955 
0.250347 0.387669 0.460775 0.46564 0.554242 0.706043 0.819138 0.823511 1.22812 1.28654 1.30584 1.32055 1.3345 1.3788 1.62982 1.65985 1.75455 1.7695 1.82956 2.12297 
0.250347 0.387669 0.460775 0.46564 0.554242 0.706043 0.819138 0.823511 1.16705 1.22812 1.28654 1.30584 1.32055 1.3345 1.3788 1.41307 1.62982 1.65985 1.75455 1.7695 
0.250347 0.387669 0.460775 0.46564 0.554242 0.706043 0.819138 0.823511 1.16705 1.16856 1.22812 1.28654 1.30584 1.32055 1.3345 1.3788 1.41307 1.62982 1.65985 1.75455 
0.250347 0.387669 0.460775 0.46564 0.554242 0.706043 0.819138 0.823511 1.16705 1.16856 1.22812 1.28654 1.30584 1.32055 1.3345 1.3788 1.41307 1.62982 1.65985 1.75455 
0.250347 0.387669 0.460775 0.46564 0.554242 0.706043 0.819138 0.823511 1.14819 1.16705 1.16856 1.16997 1.22812 1.28654 1.30584 1.32055 1.3345 1.3788 1.41307 1.62982 
0.250347 0.387669 0.460775 0.46564 0.554242 0.706043 0.819138 0.820038 0.823511 0.912132 1.14819 1.16705 1.16856 1.16997 1.22812 1.28654 1.30584 1.32055 1.3345 1.3788 
0.250347 0.387669 0.460775 0.46564 0.554242 0.706043 0.819138 0.820038 0.823511 0.912132 1.14819 1.16705 1.16856 1.16997 1.22812 1.28654 1.30584 1.32055 1.3345 1.3788 
0.23524 0.250347 0.349677 0.387669 0.460775 0.46564 0.554242 0.706043 0.819138 0.820038 0.823511 0.912132 1.14819 1.16705 1.16856 1.16997 1.22812 1.28654 1.30584 1.32055 
0.23524 0.250347 0.349677 0.387669 0.460775 0.46564 0.554242 0.706043 0.819138 0.820038 0.823511 0.912132 1.14819 1.16705 1.16856 1.16997 1.22812 1.28654 1.30584 1.32055 
0.23524 0.250347 0.349677 0.387669 0.460775 0.46564 0.554242 0.706043 0.819138 0.820038 0.823511 0.912132 1.14819 1.16705 1.16856 1.16997 1.17773 1.22812 1.28654 1.30584 
0.23524 0.250347 0.349677 0.387669 0.460775 0.46564 0.552747 0.554242 0.706043 0.819138 0.820038 0.823511 0.912132 1.14819 1.16705 1.16856 1.16997 1.17773 1.22812 1.28654 
0.23524 0.250347 0.349677 0.387669 0.460775 0.46564 0.552747 0.554242 0.587097 0.706043 0.819138 0.820038 0.823511 0.912132 1.14819 1.16705 1.16856 1.16997 1.17773 1.22812 
0.23524 0.250347 0.349677 0.387669 0.460775 0.46564 0.552747 0.554242 0.587097 0.60275 0.706043 0.819138 0.820038 0.823511 0.912132 1.14819 1.16705 1.16856 1.16997 1.17773 
0.23524 0.250347 0.349677 0.387669 0.460775 0.46564 0.552747 0.554242 0.587097 0.60275 0.706043 0.819138 0.820038 0.823511 0.912132 1.14819 1.16705 1.16856 1.16997 1.17773 
0.178849 0.23524 0.250347 0.349677 0.387669 0.443894 0.460775 0.46564 0.552747 0.554242 0.587097 0.60275 0.706043 0.819138 0.820038 0.823511 0.912132 0.995195 1.14819 1.16705 
0.178849 0.23524 0.250347 0.349677 0.387669 0.443894 0.460775 0.46564 0.552747 0.554242 0.587097 0.60275 0.604658 0.706043 0.819138 0.820038 0.823511 0.912132 0.995195 1.14819 
0.178849 0.23524 0.250347 0.325918 0.349677 0.387669 0.443894 0.460775 0.46564 0.552747 0.554242 0.587097 0.60275 0.604658 0.706043 0.819138 0.820038 0.823511 0.912132 0.995195 
0.178849 0.23524 0.250347 0.325918 0.349677 0.387669 0.411778 0.443894 0.460775 0.46564 0.552747 0.554242 0.587097 0.60275 0.604658 0.643277 0.706043 0.819138 0.820038 0.823511 
0.178849 0.23524 0.250347 0.325918 0.349677 0.387669 0.411778 0.443894 0.460775 0.46564 0.552747 0.554242 0.587097 0.60275 0.604658 0.643277 0.646421 0.706043 0.819138 0.820038 
0.178849 0.23524 0.250347 0.325918 0.349677 0.387669 0.411778 0.443894 0.460775 0.46564 0.552747 0.554242 0.587097 0.60275 0.604658 0.643277 0.646421 0.706043 0.819138 0.820038 
0.178849 0.23524 0.250347 0.325918 0.349677 0.387669 0.411778 0.443894 0.460775 0.46564 0.552747 0.554242 0.587097 0.60275 0.604658 0.643277 0.646421 0.706043 0.819138 0.820038 
0.178849 0.23524 0.250347 0.325918 0.349677 0.387669 0.411778 0.443894 0.460775 0.46564 0.510223 0.552747 0.554242 0.587097 0.60275 0.604658 0.643277 0.646421 0.706043 0.819138 
0.178849 0.23524 0.250347 0.325918 0.349677 0.387669 0.411778 0.443894 0.460775 0.46564 0.510223 0.552747 0.554242 0.587097 0.60275 0.604658 0.643277 0.646421 0.706043 0.819138 
0.178849 0.23524 0.250347 0.325918 0.349677 0.387669 0.411778 0.443894 0.460775 0.46564 0.510223 0.552747 0.554242 0.587097 0.60275 0.604658 0.643277 0.646421 0.706043 0.819138 
0.178849 0.23524 0.250347 0.325918 0.349677 0.387669 0.411778 0.443894 0.460775 0.46564 0.510223 0.552747 0.554242 0.587097 0.60275 0.604658 0.643277 0.646421 0.706043 0.819138 
0.178849 0.23524 0.250347 0.325918 0.349677 0.387669 0.411778 0.443894 0.460775 0.46564 0.510223 0.552747 0.554242 0.587097 0.60275 0.604658 0.643277 0.646421 0.706043 0.819138 
0.178849 0.23524 0.250347 0.325918 0.349677 0.387669 0.411778 0.443894 0.460775 0.46564 0.510223 0.552747 0.554242 0.587097 0.60275 0.604658 0.643277 0.646421 0.706043 0.819138 
0.178849 0.23524 0.250347 0.325918 0.349677 0.387669 0.411778 0.443894 0.460775 0.46564 0.510223 0.552747 0.554242 0.587097 0.60275 0.604658 0.643277 0.646421 0.706043 0.819138 
0.178849 0.23524 0.250347 0.325918 0.349677 0.387669 0.411778 0.443894 0.460775 0.46564 0.510223 0.552747 0.554242 0.587097 0.60275 0.604658 0.643277 0.646421 0.706043 0.819138 
0.178849 0.23524 0.250347 0.325918 0.349677 0.387669 0.411778 0.443894 0.460775 0.46564 0.510223 0.552747 0.554242 0.587097 0.60275 0.604658 0.643277 0.646421 0.706043 0.819138 
0.178849 0.23524 0.250347 0.325918 0.349677 0.387669 0.411778 0.443894 0.460775 0.46564 0.510223 0.552747 0.554242 0.587097 0.60275 0.604658 0.643277 0.646421 0.706043 0.819138 
0.178849 0.23524 0.250347 0.325918 0.349677 0.387669 0.411778 0.443894 0.460775 0.46564 0.510223 0.552747 0.554242 0.587097 0.60275 0.604658 0.643277 0.646421 0.706043 0.819138 
0.178849 0.23524 0.250347 0.325918 0.349677 0.387669 0.411778 0.443894 0.460775 0.46564 0.510223 0.552747 0.554242 0.587097 0.60275 0.604658 0.643277 0.646421 0.706043 0.819138 
0.178849 0.23524 0.250347 0.325918 0.349677 0.387669 0.411778 0.443894 0.460775 0.46564 0.510223 0.552747 0.554242 0.587097 0.60275 0.604658 0.643277 0.646421 0.706043 0.819138 
0.178849 0.23524 0.250347 0.325918 0.349677 0.387669 0.411778 0.443894 0.460775 0.46564 0.510223 0.552747 0.554242 0.587097 0.60275 0.604658 0.643277 0.646421 0.706043 0.733577 
0.178849 0.23524 0.250347 0.325918 0.349677 0.387669 0.411778 0.443894 0.460775 0.46564 0.510223 0.552747 0.554242 0.587097 0.60275 0.604658 0.643277 0.646421 0.706043 0.733577 
0.178849 0.23524 0.250347 0.265357 0.325918 0.349677 0.387669 0.411778 0.443894 0.460775 0.46564 0.510223 0.552747 0.554242 0.587097 0.60275 0.604658 0.643277 0.646421 0.706043 
0.178849 0.23524 0.250347 0.265357 0.325918 0.349677 0.387669 0.411778 0.443894 0.460775 0.46564 0.510223 0.552747 0.554242 0.587097 0.60275 0.604658 0.643277 0.646421 0.706043 
0.178849 0.23524 0.250347 0.265357 0.325918 0.349677 0.387669 0.411778 0.443894 0.460775 0.46564 0.510223 0.552747 0.554242 0.587097 0.60275 0.604658 0.643277 0.646421 0.706043 
0.178849 0.23524 0.250347 0.265357 0.325918 0.349677 0.387669 0.411778 0.443894 0.460775 0.46564 0.510223 0.552747 0.554242 0.587097 0.60275 0.604658 0.643277 0.646421 0.706043 
0.178849 0.23524 0.250347 0.265357 0.325918 0.349677 0.387669 0.411778 0.443894 0.460775 0.46564 0.510223 0.552747 0.554242 0.587097 0.60275 0.604658 0.643277 0.646421 0.706043 
0.178849 0.23524 0.250347 0.265357 0.325918 0.349677 0.387669 0.411778 0.443894 0.460775 0.46564 0.510223 0.552747 0.554242 0.587097 0.60275 0.604658 0.643277 0.646421 0.706043 
0.178849 0.23524 0.250347 0.265357 0.325918 0.349677 0.387669 0.411778 0.443894 0.460775 0.46564 0.510223 0.552747 0.554242 0.587097 0.60275 0.604658 0.643277 0.646421 0.706043 
0.178849 0.23524 0.250347 0.265357 0.325918 0.349677 0.387669 0.411778 0.443894 0.460775 0.46564 0.510223 0.552747 0.554242 0.587097 0.60275 0.604658 0.643277 0.646421 0.706043 
0.178849 0.23524 0.250347 0.265357 0.325918 0.349677 0.387669 0.411778 0.443894 0.460775 0.46564 0.510223 0.552747 0.554242 0.587097 0.60275 0.604658 0.643277 0.646421 0.706043 
0.178849 0.23524 0.250347 0.265357 0.325918 0.349677 0.387669 0.411778 0.443894 0.460775 0.46564 0.510223 0.552747 0.554242 0.587097 0.60275 0.604658 0.643277 0.646421 0.706043 
0.178849 0.23524 0.250347 0.265357 0.325918 0.349677 0.387669 0.411778 0.443894 0.460775 0.46564 0.510223 0.552747 0.554242 0.587097 0.60275 0.604658 0.643277 0.646421 0.706043 
0.178849 0.23524 0.250347 0.265357 0.325918 0.349677 0.387669 0.411778 0.443894 0.460775 0.46564 0.510223 0.552747 0.554242 0.587097 0.60275 0.604658 0.643277 0.646421 0.706043 
0.178849 0.23524 0.250347 0.265357 0.325918 0.349677 0.387669 0.411778 0.443894 0.460775 0.46564 0.510223 0.552747 0.554242 0.587097 0.60275 0.604658 0.643277 0.646421 0.706043 
0.178849 0.23524 0.250347 0.265357 0.325918 0.349677 0.387669 0.411778 0.443894 0.460775 0.46564 0.510223 0.552747 0.554242 0.587097 0.60275 0.604658 0.643277 0.646421 0.706043 
0.178849 0.23524 0.250347 0.265357 0.325918 0.349677 0.387669 0.411778 0.443894 0.460775 0.46564 0.510223 0.552747 0.554242 0.587097 0.60275 0.604658 0.643277 0.646421 0.706043 
0.178849 0.23524 0.250347 0.265357 0.325918 0.349677 0.387669 0.411778 0.443894 0.460775 0.46564 0.510223 0.552747 0.554242 0.587097 0.60275 0.604658 0.643277 0.646421 0.706043 
0.178849 0.23524 0.250347 0.265357 0.325918 0.349677 0.387669 0.411778 0.443894 0.460775 0.46564 0.510223 0.552747 0.554242 0.587097 0.60275 0.604658 0.643277 0.646421 0.706043 
0.178849 0.23524 0.250347 0.265357 0.325918 0.349677 0.387669 0.411778 0.443894 0.460775 0.46564 0.510223 0.552747 0.554242 0.587097 0.60275 0.604658 0.643277 0.646421 0.706043 
0.178849 0.23524 0.250347 0.265357 0.325918 0.349677 0.387669 0.411778 0.443894 0.460775 0.46564 0.510223 0.552747 0.554242 0.587097 0.60275 0.604658 0.643277 0.646421 0.706043 
0.178849 0.23524 0.250347 0.265357 0.325918 0.349677 0.387669 0.411778 0.443894 0.460775 0.46564 0.510223 0.552747 0.554242 0.587097 0.60275 0.604658 0.643277 0.646421 0.706043 
0.178849 0.23524 0.250347 0.265357 0.325918 0.349677 0.387669 0.411778 0.443894 0.460775 0.46564 0.510223 0.552747 0.554242 0.587097 0.60275 0.604658 0.643277 0.646421 0.706043 
0.178849 0.23524 0.250347 0.265357 0.325918 0.349677 0.387669 0.411778 0.443894 0.460775 0.46564 0.510223 0.552747 0.554242 0.587097 0.60275 0.604658 0.643277 0.646421 0.706043 
0.178849 0.23524 0.250347 0.265357 0.325918 0.349677 0.387669 0.411778 0.443894 0.460775 0.46564 0.510223 0.552747 0.554242 0.587097 0.60275 0.604658 0.643277 0.646421 0.706043 
0.178849 0.23524 0.250347 0.265357 0.325918 0.349677 0.387669 0.411778 0.443894 0.460775 0.46564 0.510223 0.552747 0.554242 0.587097 0.60275 0.604658 0.643277 0.646421 0.706043 
0.178849 0.23524 0.250347 0.265357 0.325918 0.349677 0.387669 0.411778 0.443894 0.460775 0.46564 0.510223 0.552747 0.554242 0.587097 0.60275 0.604658 0.643277 0.646421 0.706043 
0.178849 0.23524 0.250347 0.265357 0.325918 0.349677 0.387669 0.411778 0.443894 0.460775 0.46564 0.510223 0.552747 0.554242 0.587097 0.60275 0.604658 0.643277 0.646421 0.706043 
0.178849 0.23524 0.250347 0.265357 0.325918 0.349677 0.387669 0.411778 0.443894 0.460775 0.46564 0.510223 0.552747 0.554242 0.587097 0.60275 0.604658 0.643277 0.646421 0.706043 
0.178849 0.23524 0.250347 0.265357 0.325918 0.349677 0.387669 0.411778 0.443894 0.460775 0.46564 0.510223 0.552747 0.554242 0.587097 0.60275 0.604658 0.643277 0.646421 0.706043 
0.178849 0.23524 0.250347 0.265357 0.325918 0.349677 0.387669 0.411778 0.443894 0.460775 0.46564 0.510223 0.552747 0.554242 0.587097 0.60275 0.604658 0.643277 0.646421 0.706043 
0.178849 0.23524 0.250347 0.265357 0.325918 0.349677 0.387669 0.411778 0.443894 0.460775 0.46564 0.510223 0.552747 0.554242 0.587097 0.60275 0.604658 0.643277 0.646421 0.706043 
0.178849 0.23524 0.250347 0.265357 0.325918 0.349677 0.387669 0.411778 0.443894 0.460775 0.46564 0.510223 0.552747 0.554242 0.587097 0.60275 0.604658 0.643277 0.646421 0.706043 
0.178849 0.23524 0.250347 0.265357 0.325918 0.349677 0.387669 0.411778 0.443894 0.460775 0.46564 0.510223 0.552747 0.554242 0.587097 0.60275 0.604658 0.643277 0.646421 0.706043 
0.178849 0.23524 0.250347 0.265357 0.325918 0.349677 0.387669 0.411778 0.443894 0.460775 0.46564 0.510223 0.552747 0.554242 0.587097 0.60275 0.604658 0.643277 0.646421 0.706043 
0.178849 0.23524 0.250347 0.265357 0.325918 0.349677 0.387669 0.411778 0.443894 0.460775 0.46564 0.510223 0.552747 0.554242 0.587097 0.60275 0.604658 0.643277 0.646421 0.706043 
