2.41684 2.75761 3.32512 3.44262 3.63211 4.14088 4.42725 4.66906 5.1212 5.17873 5.24783 5.55767 5.72199 5.83079 5.91808 6.11699 6.25885 6.32251 6.52177 6.53445 
2.41684 2.75761 3.28133 3.32512 3.44262 3.63211 4.07116 4.09349 4.14088 4.26122 4.36985 4.42725 4.66906 4.88393 5.1212 5.13323 5.17873 5.24783 5.55767 5.60465 
2.41684 2.75761 3.26332 3.28133 3.32512 3.44262 3.63211 4.07116 4.09349 4.14088 4.19652 4.26122 4.36985 4.42725 4.52816 4.66906 4.88393 5.1212 5.13323 5.17873 
2.41684 2.75761 3.12776 3.26332 3.28133 3.32512 3.44262 3.59386 3.63211 3.65927 4.07116 4.09349 4.14088 4.19652 4.26122 4.36985 4.40546 4.42725 4.52816 4.57491 
2.41684 2.75761 3.12776 3.26332 3.28133 3.32512 3.44262 3.59386 3.63211 3.65927 3.88919 3.91638 4.07116 4.09349 4.14088 4.19652 4.26122 4.36985 4.40546 4.42725 
2.41684 2.75761 3.12776 3.14602 3.26332 3.28133 3.32512 3.44262 3.59386 3.63211 3.65927 3.88919 3.91638 4.07116 4.09349 4.14088 4.19652 4.22677 4.26122 4.32381 
2.41684 2.75761 3.12776 3.14602 3.20862 3.26332 3.28133 3.32512 3.44262 3.55003 3.59386 3.63211 3.65927 3.88919 3.91638 3.9547 4.07116 4.09349 4.14088 4.19652 
2.15489 2.41684 2.75761 2.89311 3.01286 3.02841 3.06776 3.12776 3.14602 3.20862 3.23298 3.26332 3.26542 3.28115 3.28133 3.32512 3.44262 3.55003 3.59386 3.63211 
2.15489 2.41684 2.75761 2.89311 3.01286 3.02841 3.06776 3.12776 3.14602 3.20862 3.23298 3.26332 3.26542 3.28115 3.28133 3.32512 3.44262 3.55003 3.59386 3.63211 
2.15489 2.41684 2.53952 2.75761 2.77928 2.89311 3.01286 3.02841 3.06776 3.12776 3.14602 3.20862 3.23298 3.26332 3.26542 3.28115 3.28133 3.32512 3.44262 3.55003 
2.15489 2.41684 2.53952 2.62756 2.75761 2.77928 2.89311 3.01286 3.02841 3.06776 3.12776 3.14602 3.20862 3.23298 3.26332 3.26542 3.28115 3.28133 3.32512 3.44262 
2.15489 2.41684 2.53952 2.62756 2.75761 2.77928 2.89311 2.91672 3.01286 3.02841 3.06776 3.12776 3.14602 3.20862 3.22949 3.23298 3.26332 3.26542 3.28115 3.28133 
1.92512 2.14817 2.15489 2.41684 2.53952 2.62756 2.75761 2.77928 2.79424 2.89311 2.91672 3.01286 3.02841 3.06776 3.06828 3.12776 3.14602 3.20862 3.22949 3.23298 
1.64488 1.92512 2.14817 2.15489 2.41684 2.53952 2.62756 2.75761 2.77928 2.79424 2.81367 2.89311 2.91672 3.01286 3.02841 3.06776 3.06828 3.12776 3.14602 3.20862 
1.45113 1.64488 1.92512 2.14817 2.15489 2.41684 2.53952 2.62756 2.64768 2.75761 2.77928 2.79424 2.81367 2.89311 2.91672 3.01286 3.02841 3.03112 3.04758 3.06776 
1.45113 1.64488 1.66502 1.92512 2.14817 2.15489 2.41684 2.53952 2.62756 2.63806 2.64768 2.75761 2.77928 2.79424 2.81367 2.89311 2.91672 2.95212 3.01286 3.02841 
1.45113 1.64488 1.66502 1.92512 2.14817 2.15489 2.41684 2.53952 2.62756 2.63806 2.64768 2.75761 2.77928 2.79424 2.81367 2.89311 2.91672 2.94361 2.95212 3.01286 
1.45113 1.64488 1.66502 1.92512 2.14817 2.15489 2.41684 2.53952 2.62756 2.63806 2.64768 2.75761 2.77928 2.79424 2.81367 2.89311 2.91672 2.94361 2.95212 3.01286 
1.45113 1.64488 1.66502 1.92512 1.98087 2.14817 2.15489 2.41684 2.53952 2.62756 2.62832 2.63806 2.64768 2.66381 2.75761 2.77928 2.79424 2.81367 2.89311 2.91672 
1.45113 1.64488 1.66502 1.92512 1.98087 2.14817 2.15489 2.41684 2.53952 2.62756 2.62832 2.63806 2.64768 2.66381 2.75761 2.77928 2.79424 2.81367 2.89311 2.91672 
1.45113 1.64488 1.66502 1.92512 1.98087 2.14817 2.15489 2.41684 2.53952 2.62756 2.62832 2.63806 2.64768 2.66381 2.75761 2.77928 2.79424 2.81367 2.89311 2.91672 
0.311962 1.23508 1.40537 1.45113 1.64488 1.66502 1.92512 1.98087 2.14817 2.15489 2.21472 2.41684 2.53952 2.62756 2.62832 2.63806 2.64768 2.66381 2.75761 2.7681 
0.311962 0.982185 1.23508 1.40537 1.45113 1.55326 1.64488 1.66502 1.92512 1.98087 2.14817 2.15489 2.21472 2.26972 2.41684 2.53952 2.62756 2.62832 2.63806 2.64768 
0.311962 0.982185 1.23508 1.40537 1.45113 1.55326 1.64488 1.65419 1.66502 1.92512 1.98087 2.14817 2.15489 2.21472 2.26972 2.41684 2.53952 2.62756 2.62832 2.63806 
0.311962 0.934283 0.982185 1.23508 1.40537 1.45113 1.55326 1.64488 1.65419 1.66502 1.92512 1.98087 2.14817 2.15489 2.21472 2.26972 2.35352 2.41684 2.53952 2.59514 
0.311962 0.450513 0.934283 0.982185 1.23508 1.40537 1.45113 1.55326 1.64488 1.65419 1.66502 1.92512 1.98087 2.14817 2.15489 2.21472 2.26972 2.35352 2.41684 2.53952 
0.311962 0.450513 0.934283 0.982185 0.991438 1.23508 1.40537 1.45113 1.55326 1.64488 1.65419 1.66502 1.92512 1.98087 2.14817 2.15489 2.15879 2.21472 2.26972 2.35352 
0.311962 0.450513 0.934283 0.982185 0.991438 1.23508 1.40537 1.45113 1.55326 1.64488 1.65419 1.66502 1.92512 1.95049 1.98087 2.14817 2.15489 2.15879 2.21472 2.26972 
0.311962 0.450513 0.934283 0.956503 0.982185 0.991438 1.23508 1.40537 1.44774 1.45113 1.55326 1.64488 1.65419 1.66502 1.92512 1.95049 1.98087 2.12893 2.14817 2.15489 
0.311962 0.450513 0.934283 0.956503 0.982185 0.991438 1.23508 1.40537 1.44774 1.45113 1.55326 1.64488 1.65419 1.66502 1.92512 1.95049 1.98087 2.12893 2.14817 2.15489 
0.311962 0.450513 0.934283 0.956503 0.982185 0.991438 1.23508 1.40537 1.44774 1.44777 1.45113 1.55326 1.64488 1.65419 1.66502 1.92512 1.95049 1.98087 2.12893 2.14817 
0.311962 0.450513 0.913844 0.934283 0.956503 0.982185 0.991438 1.23508 1.40537 1.44774 1.44777 1.45113 1.55326 1.64488 1.65419 1.66502 1.92512 1.95049 1.98087 2.12893 
0.311962 0.450513 0.913844 0.934283 0.956503 0.982185 0.991438 1.23508 1.40537 1.44774 1.44777 1.45113 1.55326 1.64488 1.65419 1.66502 1.92512 1.95049 1.98087 2.12893 
0.311962 0.450513 0.552036 0.913844 0.934283 0.956503 0.982185 0.991438 1.23508 1.40537 1.44774 1.44777 1.45113 1.54895 1.55326 1.59979 1.64488 1.65419 1.66502 1.92512 
0.311962 0.450513 0.552036 0.893557 0.913844 0.934283 0.956503 0.982185 0.991438 1.23508 1.37318 1.40537 1.44774 1.44777 1.45113 1.54895 1.55326 1.58331 1.59979 1.64488 
0.282135 0.311962 0.450513 0.552036 0.893557 0.913844 0.934283 0.956503 0.982185 0.991438 1.23508 1.37318 1.40537 1.44774 1.44777 1.45113 1.54895 1.55326 1.55504 1.58331 
0.282135 0.311962 0.450513 0.552036 0.653802 0.893557 0.913844 0.934283 0.956503 0.982185 0.991438 1.23508 1.37318 1.40537 1.43978 1.44774 1.44777 1.45113 1.54895 1.55326 
0.282135 0.311962 0.450513 0.552036 0.653802 0.893557 0.913844 0.934283 0.952734 0.956503 0.982185 0.991438 1.19106 1.23508 1.37318 1.38382 1.40537 1.43978 1.44774 1.44777 
0.282135 0.311962 0.450513 0.552036 0.653802 0.893557 0.913844 0.934283 0.952734 0.956503 0.982185 0.991438 1.19106 1.23508 1.37318 1.38382 1.40537 1.43978 1.44774 1.44777 
0.282135 0.311962 0.450513 0.524011 0.552036 0.653802 0.893557 0.913844 0.934283 0.952734 0.956503 0.982185 0.991438 1.19106 1.23508 1.37318 1.38382 1.40537 1.43978 1.44774 
0.166625 0.282135 0.311962 0.450513 0.524011 0.552036 0.653802 0.893557 0.913844 0.934283 0.952734 0.956503 0.982185 0.991438 1.19106 1.23508 1.36923 1.37318 1.38382 1.40537 
0.166625 0.282135 0.311962 0.450513 0.524011 0.552036 0.653802 0.893557 0.894592 0.913844 0.934283 0.952734 0.956503 0.982185 0.991438 1.19106 1.23508 1.36923 1.37318 1.38382 
0.166625 0.282135 0.311962 0.450513 0.524011 0.552036 0.639889 0.653802 0.893557 0.894592 0.913844 0.934283 0.952734 0.956503 0.982185 0.991438 1.19106 1.23508 1.36923 1.37318 
0.166625 0.282135 0.311962 0.450513 0.524011 0.552036 0.639889 0.653802 0.893557 0.894592 0.913844 0.934283 0.952734 0.956503 0.982185 0.991438 1.19106 1.23508 1.36923 1.37318 
0.166625 0.282135 0.311962 0.363855 0.450513 0.524011 0.552036 0.639889 0.653802 0.67368 0.893557 0.894592 0.913844 0.934283 0.952734 0.956503 0.982185 0.991438 1.19106 1.23508 
0.166625 0.282135 0.311962 0.363855 0.450513 0.524011 0.552036 0.639889 0.653802 0.67368 0.865145 0.893557 0.894592 0.913844 0.934283 0.952734 0.956503 0.982185 0.991438 1.02671 
0.166625 0.282135 0.311962 0.363855 0.450513 0.524011 0.552036 0.639889 0.653802 0.67368 0.865145 0.893557 0.894592 0.913844 0.934283 0.952734 0.956503 0.982185 0.991438 1.02671 
0.166625 0.282135 0.311962 0.363855 0.450513 0.465249 0.524011 0.552036 0.639889 0.653802 0.67368 0.865145 0.893557 0.894592 0.913844 0.934283 0.952734 0.956503 0.982185 0.991438 
0.166625 0.282135 0.311962 0.363855 0.450513 0.465249 0.524011 0.552036 0.639889 0.653802 0.67368 0.83064 0.865145 0.893557 0.894592 0.913844 0.934283 0.952734 0.956503 0.982185 
0.166625 0.194488 0.282135 0.311962 0.363855 0.450513 0.465249 0.524011 0.552036 0.639889 0.653802 0.67368 0.83064 0.865145 0.893557 0.894592 0.913844 0.934283 0.952734 0.956503 
0.166625 0.194488 0.254986 0.282135 0.311962 0.363855 0.450513 0.465249 0.524011 0.552036 0.639889 0.653802 0.67368 0.760457 0.83064 0.865145 0.893557 0.894592 0.913844 0.934283 
0.166625 0.194488 0.254986 0.282135 0.311962 0.363855 0.450513 0.465249 0.524011 0.552036 0.639889 0.653802 0.67368 0.760457 0.83064 0.865145 0.893557 0.894592 0.913844 0.934283 
0.166625 0.194488 0.254986 0.282135 0.311962 0.363855 0.450513 0.465249 0.524011 0.552036 0.595867 0.639889 0.653802 0.67368 0.760457 0.83064 0.865145 0.893557 0.894592 0.913844 
0.166625 0.194488 0.254986 0.282135 0.311962 0.363855 0.450513 0.465249 0.524011 0.552036 0.595867 0.639889 0.653802 0.67368 0.760457 0.83064 0.865145 0.893557 0.894592 0.913844 
0.166625 0.194488 0.254986 0.282135 0.311962 0.363855 0.450513 0.465249 0.524011 0.552036 0.595867 0.639889 0.653802 0.67368 0.719017 0.760457 0.83064 0.865145 0.893557 0.894592 
0.166625 0.192603 0.194488 0.254986 0.282135 0.311962 0.363855 0.450513 0.465249 0.524011 0.552036 0.595867 0.639889 0.653802 0.67368 0.719017 0.760457 0.83064 0.865145 0.893557 
0.166625 0.192603 0.194488 0.254986 0.282135 0.311962 0.363855 0.450513 0.465249 0.524011 0.552036 0.595867 0.639889 0.653802 0.67368 0.719017 0.733671 0.760457 0.83064 0.865145 
0.166625 0.192603 0.194488 0.254986 0.282135 0.311962 0.363855 0.450513 0.465249 0.524011 0.552036 0.595867 0.639889 0.653802 0.67368 0.719017 0.733671 0.760457 0.83064 0.865145 
0.163573 0.166625 0.192603 0.194488 0.254986 0.282135 0.311962 0.363855 0.450513 0.465249 0.524011 0.552036 0.595867 0.639889 0.653802 0.67368 0.719017 0.733671 0.760457 0.83064 
0.163573 0.166625 0.192603 0.194488 0.254986 0.282135 0.311962 0.363855 0.450513 0.465249 0.524011 0.552036 0.595867 0.639889 0.653802 0.67368 0.719017 0.729702 0.733671 0.760457 
0.163573 0.166625 0.192603 0.194488 0.254986 0.282135 0.311962 0.363855 0.450513 0.465249 0.524011 0.552036 0.595867 0.639889 0.653802 0.67368 0.719017 0.729702 0.733671 0.760457 
0.163573 0.166625 0.192603 0.194488 0.254986 0.282135 0.311962 0.363855 0.450513 0.465249 0.524011 0.552036 0.595867 0.639889 0.653802 0.67368 0.719017 0.729702 0.733671 0.760457 
0.163573 0.166625 0.192603 0.194488 0.254986 0.282135 0.311962 0.363855 0.415977 0.450513 0.465249 0.524011 0.552036 0.595867 0.639889 0.653802 0.67368 0.719017 0.729702 0.733671 
0.160617 0.163573 0.166625 0.192603 0.194488 0.254986 0.282135 0.311962 0.363855 0.415977 0.450513 0.465249 0.524011 0.552036 0.595867 0.639889 0.653802 0.67368 0.719017 0.729702 
0.160617 0.163573 0.166625 0.192603 0.194488 0.254986 0.282135 0.311962 0.363855 0.401548 0.415977 0.450513 0.465249 0.524011 0.552036 0.595867 0.639889 0.653802 0.67368 0.719017 
0.160617 0.163573 0.166625 0.192603 0.194488 0.254986 0.282135 0.311962 0.363855 0.401548 0.415977 0.450513 0.465249 0.524011 0.552036 0.595867 0.639889 0.653802 0.67368 0.719017 
0.160617 0.163573 0.166625 0.192603 0.194488 0.254986 0.282135 0.311962 0.363855 0.401548 0.415977 0.450513 0.465249 0.524011 0.552036 0.595867 0.639889 0.653802 0.67368 0.719017 
0.160617 0.163573 0.166625 0.192603 0.194488 0.254986 0.282135 0.311962 0.363855 0.401548 0.415977 0.450513 0.465249 0.524011 0.552036 0.595867 0.639889 0.653802 0.67368 0.719017 
0.160617 0.163573 0.166625 0.192603 0.194488 0.254986 0.282135 0.311962 0.363855 0.401548 0.415977 0.450513 0.465249 0.524011 0.552036 0.595867 0.639889 0.653802 0.67368 0.719017 
0.160617 0.163573 0.166625 0.192603 0.194488 0.254986 0.282135 0.311962 0.363855 0.401548 0.415977 0.450513 0.465249 0.524011 0.552036 0.595867 0.639889 0.653802 0.67368 0.719017 
0.160617 0.163573 0.166625 0.192603 0.194488 0.254986 0.282135 0.311962 0.363855 0.401548 0.415977 0.450513 0.465249 0.524011 0.552036 0.595867 0.639889 0.653802 0.67368 0.719017 
0.141309 0.160617 0.163573 0.166625 0.192603 0.194488 0.254986 0.282135 0.311962 0.363855 0.401548 0.415977 0.450513 0.465249 0.524011 0.552036 0.595867 0.639889 0.653802 0.67368 
0.141309 0.160617 0.163573 0.166625 0.192603 0.194488 0.254986 0.282135 0.311962 0.363855 0.401548 0.415977 0.450513 0.465249 0.524011 0.552036 0.595867 0.639889 0.653802 0.67368 
0.141309 0.160617 0.163573 0.166625 0.192603 0.194488 0.254986 0.282135 0.311962 0.363855 0.401548 0.415977 0.450513 0.465249 0.524011 0.552036 0.595867 0.639889 0.653802 0.67368 
0.141309 0.160617 0.163573 0.166625 0.192603 0.194488 0.254986 0.282135 0.311962 0.363855 0.401548 0.415977 0.450513 0.465249 0.524011 0.552036 0.595867 0.639889 0.653802 0.67368 
0.141309 0.160617 0.163573 0.166625 0.192603 0.194488 0.254986 0.282135 0.311962 0.363855 0.401548 0.415977 0.450513 0.465249 0.524011 0.552036 0.595867 0.639889 0.653802 0.67368 
0.141309 0.160617 0.163573 0.166625 0.192603 0.194488 0.254986 0.282135 0.311962 0.363855 0.401548 0.415977 0.450513 0.465249 0.524011 0.552036 0.595867 0.639889 0.651609 0.653802 
0.141309 0.160617 0.163573 0.166625 0.192603 0.194488 0.254986 0.282135 0.311962 0.363855 0.401548 0.415977 0.450513 0.465249 0.524011 0.552036 0.595867 0.639889 0.651609 0.653802 
0.141309 0.160617 0.163573 0.166625 0.192603 0.194488 0.254986 0.282135 0.311962 0.363855 0.401548 0.415977 0.450513 0.465249 0.524011 0.552036 0.595867 0.639889 0.651609 0.653802 
0.141309 0.160617 0.163573 0.166625 0.192603 0.194488 0.254986 0.282135 0.311962 0.363855 0.401548 0.415977 0.450513 0.465249 0.524011 0.552036 0.595867 0.639889 0.651609 0.653802 
0.141309 0.160617 0.163573 0.166625 0.192603 0.194488 0.254986 0.282135 0.311962 0.363855 0.401548 0.415977 0.450513 0.465249 0.524011 0.552036 0.595867 0.639889 0.651609 0.653802 
0.141309 0.160617 0.163573 0.166625 0.192603 0.194488 0.254986 0.282135 0.311962 0.363855 0.401548 0.415977 0.450513 0.465249 0.524011 0.552036 0.595867 0.639889 0.651609 0.653802 
0.141309 0.160617 0.163573 0.166625 0.192603 0.194488 0.254986 0.282135 0.311962 0.363855 0.401548 0.415977 0.450513 0.465249 0.524011 0.552036 0.595867 0.639889 0.651609 0.653802 
0.141309 0.160617 0.163573 0.166625 0.192603 0.194488 0.254986 0.282135 0.311962 0.363855 0.401548 0.415977 0.450513 0.465249 0.524011 0.552036 0.595867 0.639889 0.651609 0.653802 
0.141309 0.160617 0.163573 0.166625 0.192603 0.194488 0.254986 0.282135 0.311962 0.363855 0.401548 0.415977 0.450513 0.465249 0.524011 0.552036 0.595867 0.639889 0.651609 0.653802 
0.141309 0.160617 0.163573 0.166625 0.192603 0.194488 0.254986 0.282135 0.311962 0.363855 0.401548 0.415977 0.450513 0.465249 0.524011 0.552036 0.595867 0.639889 0.651609 0.653802 
0.141309 0.160617 0.163573 0.166625 0.192603 0.194488 0.254986 0.282135 0.311962 0.363855 0.401548 0.415977 0.450513 0.465249 0.524011 0.552036 0.595867 0.639889 0.651609 0.653802 
0.141309 0.160617 0.163573 0.166625 0.192603 0.194488 0.254986 0.282135 0.311962 0.363855 0.401548 0.415977 0.450513 0.465249 0.524011 0.552036 0.595867 0.639889 0.651609 0.653802 
0.141309 0.160617 0.163573 0.166625 0.192603 0.194488 0.254986 0.282135 0.311962 0.363855 0.401548 0.415977 0.450513 0.465249 0.524011 0.552036 0.595867 0.639889 0.651609 0.653802 
0.141309 0.160617 0.163573 0.166625 0.192603 0.194488 0.254986 0.282135 0.311962 0.363855 0.401548 0.415977 0.450513 0.465249 0.524011 0.552036 0.595867 0.639889 0.651609 0.653802 
0.141309 0.160617 0.163573 0.166625 0.192603 0.194488 0.254986 0.282135 0.311962 0.363855 0.401548 0.415977 0.450513 0.465249 0.524011 0.552036 0.595867 0.639889 0.651609 0.653802 
0.141309 0.160617 0.163573 0.166625 0.192603 0.194488 0.254986 0.282135 0.311962 0.363855 0.401548 0.415977 0.450513 0.465249 0.524011 0.552036 0.595867 0.639889 0.651609 0.653802 
0.141309 0.160617 0.163573 0.166625 0.192603 0.194488 0.254986 0.282135 0.311962 0.363855 0.401548 0.415977 0.450513 0.465249 0.524011 0.552036 0.595867 0.639889 0.651609 0.653802 
0.141309 0.160617 0.163573 0.166625 0.192603 0.194488 0.254986 0.282135 0.311962 0.363855 0.401548 0.415977 0.450513 0.465249 0.524011 0.552036 0.595867 0.639889 0.651609 0.653802 
0.141309 0.160617 0.163573 0.166625 0.192603 0.194488 0.254986 0.282135 0.311962 0.363855 0.401548 0.415977 0.450513 0.465249 0.524011 0.552036 0.595867 0.639889 0.651609 0.653802 
0.141309 0.160617 0.163573 0.166625 0.192603 0.194488 0.254986 0.282135 0.311962 0.363855 0.401548 0.415977 0.450513 0.465249 0.524011 0.552036 0.595867 0.639889 0.651609 0.653802 
0.141309 0.160617 0.163573 0.166625 0.192603 0.194488 0.254986 0.282135 0.311962 0.363855 0.401548 0.415977 0.450513 0.465249 0.524011 0.552036 0.595867 0.639889 0.651609 0.653802 
0.141309 0.160617 0.163573 0.166625 0.192603 0.194488 0.254986 0.282135 0.311962 0.363855 0.401548 0.415977 0.450513 0.465249 0.524011 0.552036 0.595867 0.639889 0.651609 0.653802 
0.141309 0.160617 0.163573 0.166625 0.192603 0.194488 0.254986 0.282135 0.311962 0.363855 0.401548 0.415977 0.450513 0.465249 0.524011 0.552036 0.595867 0.639889 0.651609 0.653802 
0.141309 0.160617 0.163573 0.166625 0.192603 0.194488 0.254986 0.282135 0.311962 0.363855 0.401548 0.415977 0.450513 0.465249 0.524011 0.552036 0.595867 0.639889 0.651609 0.653802 
