3.73078 3.87492 4.19092 4.27806 4.28975 4.42709 4.54139 4.57291 4.57546 5.39615 6.1064 6.4625 6.5928 6.63044 6.93663 6.97826 7.33461 7.44404 7.48815 7.59592 
3.50855 3.66452 3.73078 3.87492 4.19092 4.27806 4.28975 4.34482 4.38832 4.42709 4.54139 4.57291 4.57546 4.58589 4.78053 5.16155 5.39615 5.48751 6.05878 6.1064 
3.50855 3.66452 3.73078 3.87492 4.09691 4.19092 4.27806 4.28975 4.34482 4.38832 4.42709 4.47107 4.50436 4.54139 4.56993 4.57291 4.57546 4.58589 4.78053 4.99397 
3.50855 3.66452 3.73078 3.87492 4.09691 4.19092 4.27806 4.28975 4.34482 4.38832 4.42709 4.47107 4.50436 4.54139 4.56993 4.57291 4.57546 4.58589 4.78053 4.99397 
3.50855 3.66452 3.73078 3.87492 4.09691 4.19092 4.27806 4.28975 4.34482 4.38832 4.42709 4.47107 4.50436 4.54139 4.56993 4.57291 4.57546 4.58589 4.78053 4.99397 
3.50855 3.66452 3.73078 3.87492 4.09691 4.19092 4.27806 4.28975 4.34482 4.38832 4.42709 4.47107 4.50436 4.54139 4.56993 4.57291 4.57546 4.58589 4.65154 4.71348 
3.50855 3.66452 3.73078 3.74536 3.87492 4.09691 4.19092 4.27806 4.28975 4.34482 4.38832 4.42709 4.47107 4.50436 4.54139 4.56993 4.57291 4.57546 4.58589 4.65154 
3.50855 3.66452 3.73078 3.74536 3.87492 4.09691 4.19092 4.27806 4.28975 4.34482 4.38832 4.42709 4.47107 4.50436 4.54139 4.56993 4.57291 4.57546 4.58589 4.65154 
3.50855 3.66452 3.73078 3.74536 3.87492 4.09691 4.19092 4.27806 4.28975 4.34482 4.38832 4.42709 4.47107 4.50436 4.54139 4.56993 4.57291 4.57546 4.58589 4.65154 
2.99896 3.50855 3.66452 3.73078 3.74536 3.87492 4.09691 4.19092 4.27806 4.28975 4.34482 4.38832 4.42709 4.45201 4.47107 4.50436 4.54139 4.56993 4.57291 4.57546 
2.99896 3.50855 3.66452 3.73078 3.74536 3.87492 4.09691 4.19092 4.27806 4.28975 4.34482 4.38832 4.42709 4.45201 4.47107 4.50436 4.51782 4.54139 4.56993 4.57291 
2.69237 2.99896 3.50855 3.66452 3.73078 3.74536 3.87492 4.09691 4.19092 4.27806 4.28975 4.34482 4.38832 4.42709 4.45201 4.47107 4.50436 4.51782 4.54139 4.56993 
2.69237 2.99896 3.13187 3.50855 3.66452 3.73078 3.74536 3.87492 4.09691 4.19092 4.27806 4.28975 4.34482 4.38832 4.42709 4.45201 4.47107 4.50436 4.51782 4.54139 
2.69237 2.99896 3.13187 3.50855 3.66452 3.73078 3.74536 3.87492 4.09691 4.12966 4.19092 4.27806 4.28975 4.34482 4.38832 4.42709 4.45201 4.47107 4.50436 4.51782 
2.69237 2.99896 3.13187 3.50855 3.66452 3.73078 3.74536 3.87492 4.09691 4.12966 4.19092 4.27806 4.28975 4.34482 4.38832 4.42709 4.45201 4.47107 4.50436 4.51782 
2.69237 2.99896 3.13187 3.50855 3.66452 3.73078 3.74536 3.87492 4.09691 4.12966 4.19092 4.27806 4.28975 4.34482 4.38832 4.42709 4.45201 4.47107 4.50436 4.51782 
2.69237 2.99896 3.13187 3.50855 3.66452 3.73078 3.74536 3.87492 4.09691 4.12966 4.19092 4.27806 4.28975 4.34482 4.38832 4.42709 4.45201 4.47107 4.50436 4.51782 
2.69237 2.99896 3.13187 3.50855 3.66452 3.73078 3.74536 3.87492 4.09691 4.12966 4.16544 4.19092 4.27806 4.28975 4.34482 4.38832 4.42709 4.4489 4.45201 4.47107 
2.06607 2.69237 2.99896 3.13187 3.47311 3.50855 3.66452 3.73078 3.74536 3.87492 3.89407 4.09691 4.12966 4.14139 4.16544 4.19092 4.27806 4.28975 4.34482 4.38832 
2.06607 2.69237 2.99896 3.13187 3.47311 3.50855 3.66452 3.73078 3.74536 3.87492 3.89407 4.09691 4.12966 4.14139 4.14906 4.16544 4.19092 4.27806 4.28975 4.34482 
2.06607 2.69237 2.99896 3.13187 3.47311 3.50855 3.66452 3.73078 3.74536 3.87492 3.89407 4.09691 4.12966 4.14139 4.14906 4.16544 4.19092 4.27806 4.28975 4.34482 
2.06607 2.69237 2.99896 3.13187 3.47311 3.50855 3.51154 3.66452 3.73078 3.74536 3.87492 3.89407 4.09691 4.12966 4.14139 4.14906 4.16544 4.19092 4.27806 4.28975 
2.06607 2.69237 2.77328 2.99896 3.13187 3.47311 3.50855 3.51154 3.66452 3.73078 3.74536 3.87492 3.89407 4.09691 4.1192 4.12966 4.14139 4.14906 4.16544 4.19092 
2.06607 2.69237 2.77328 2.99896 3.13187 3.47311 3.50855 3.51154 3.66452 3.73078 3.74536 3.87492 3.89407 4.08244 4.09691 4.1192 4.12966 4.14139 4.14906 4.16544 
2.06607 2.69237 2.77328 2.99896 3.13187 3.23211 3.47311 3.50855 3.51154 3.66452 3.73078 3.74536 3.87492 3.89407 4.08244 4.09691 4.1192 4.12966 4.14139 4.14906 
2.06607 2.69237 2.77328 2.99896 3.13187 3.17819 3.23211 3.29973 3.47311 3.50855 3.51154 3.66452 3.73078 3.74536 3.87492 3.89407 4.08244 4.09691 4.1192 4.12966 
2.06607 2.69237 2.77328 2.99896 3.01424 3.13187 3.17819 3.19423 3.23211 3.29973 3.47311 3.50855 3.51154 3.66452 3.73078 3.74536 3.87492 3.89407 4.08244 4.09691 
2.06607 2.69237 2.77328 2.99896 3.01424 3.13187 3.17819 3.19423 3.23211 3.29973 3.47311 3.50855 3.51154 3.66452 3.73078 3.74536 3.87492 3.89407 4.08244 4.09691 
2.06607 2.69237 2.77328 2.99896 3.01424 3.13187 3.17819 3.19423 3.23211 3.29973 3.47311 3.50855 3.51154 3.66452 3.73078 3.74536 3.87492 3.89407 4.08244 4.09691 
1.69861 2.06607 2.69237 2.77328 2.99896 3.01424 3.13187 3.17819 3.19423 3.23211 3.29973 3.47311 3.50855 3.51154 3.66452 3.73078 3.74536 3.87492 3.89407 4.08244 
1.69861 2.06607 2.69237 2.77328 2.99896 3.01424 3.13187 3.17819 3.19423 3.20541 3.23211 3.29973 3.47311 3.50855 3.51154 3.66452 3.73078 3.74536 3.87492 3.89407 
1.69861 2.06607 2.28855 2.69237 2.77328 2.99896 3.01424 3.13187 3.17819 3.19423 3.20541 3.23211 3.29973 3.47311 3.50855 3.51154 3.66452 3.73078 3.74536 3.87492 
1.23313 1.69861 2.06607 2.28855 2.69237 2.77328 2.99896 3.01424 3.13187 3.17819 3.19423 3.20541 3.23211 3.29973 3.47311 3.50855 3.51154 3.66452 3.73078 3.74536 
1.23313 1.69861 2.06607 2.28855 2.69237 2.77328 2.82185 2.82951 2.99896 3.01424 3.07402 3.13187 3.17819 3.19423 3.20541 3.23211 3.29973 3.47311 3.50855 3.51154 
1.23313 1.69861 2.06607 2.28855 2.69237 2.77328 2.82185 2.82951 2.99896 3.01424 3.07402 3.07479 3.13187 3.17819 3.19423 3.20541 3.23211 3.29973 3.46953 3.47311 
1.23313 1.69861 2.06607 2.28855 2.69237 2.77328 2.82185 2.82951 2.99896 3.01424 3.07402 3.07479 3.13187 3.17819 3.19423 3.20541 3.23211 3.29973 3.46953 3.47311 
1.23313 1.69861 2.06607 2.28855 2.69237 2.77328 2.80798 2.82185 2.82951 2.99896 3.01424 3.07402 3.07479 3.13187 3.17819 3.19423 3.20541 3.23211 3.29973 3.46953 
1.23313 1.69861 2.06607 2.28855 2.69237 2.77328 2.80798 2.81254 2.82185 2.82951 2.96051 2.99896 3.01424 3.07402 3.07479 3.13187 3.17819 3.19423 3.20541 3.23211 
1.23313 1.69861 2.06607 2.28855 2.58488 2.69237 2.77328 2.80798 2.81254 2.82185 2.82951 2.96051 2.99896 3.01424 3.07402 3.07479 3.13187 3.17819 3.19423 3.20541 
1.23313 1.69861 2.06607 2.28855 2.58488 2.69237 2.77328 2.80798 2.81254 2.82185 2.82951 2.96051 2.99896 3.01424 3.0143 3.07402 3.07479 3.13187 3.17819 3.19423 
1.23313 1.69861 2.06607 2.28855 2.58488 2.68516 2.69237 2.77328 2.80798 2.81254 2.82185 2.82951 2.96051 2.99896 3.01424 3.0143 3.07402 3.07479 3.13187 3.17819 
1.13966 1.23313 1.69861 2.06607 2.28855 2.58488 2.68516 2.69237 2.77328 2.80798 2.81254 2.82185 2.82951 2.96051 2.99896 3.01424 3.0143 3.07402 3.07479 3.13187 
1.13966 1.23313 1.69861 2.06607 2.28855 2.58488 2.68516 2.69237 2.77328 2.80798 2.81254 2.82185 2.82951 2.96051 2.99896 3.01424 3.0143 3.07402 3.07479 3.13187 
1.13966 1.23313 1.69861 2.06607 2.28855 2.58488 2.68516 2.69237 2.77328 2.80798 2.81254 2.82185 2.82951 2.96051 2.99896 3.01424 3.0143 3.07402 3.07479 3.13187 
1.13966 1.23313 1.69861 2.06607 2.28855 2.58488 2.6725 2.68516 2.69237 2.77328 2.80798 2.81254 2.82185 2.82951 2.96051 2.99896 3.01424 3.0143 3.07402 3.07479 
1.13966 1.23313 1.69861 1.7754 2.06607 2.28855 2.58488 2.6725 2.68516 2.69237 2.77328 2.80798 2.81254 2.82185 2.82951 2.96051 2.99896 3.01424 3.0143 3.07402 
1.13966 1.23313 1.69861 1.7754 2.06607 2.28855 2.58488 2.6725 2.68516 2.69237 2.77328 2.80798 2.81254 2.82185 2.82951 2.96051 2.99896 3.01424 3.0143 3.07402 
1.13966 1.23313 1.69861 1.7754 2.06607 2.28855 2.58488 2.6725 2.68516 2.69237 2.77328 2.80798 2.81254 2.82185 2.82951 2.96051 2.99896 3.01424 3.0143 3.07402 
1.13966 1.23313 1.69861 1.7754 2.06607 2.28855 2.58488 2.6725 2.68516 2.69237 2.75253 2.77328 2.80798 2.81254 2.82185 2.82951 2.96051 2.99896 3.01424 3.0143 
1.13966 1.23313 1.69861 1.7754 2.06607 2.28855 2.58488 2.6725 2.68516 2.69237 2.75253 2.77328 2.80798 2.81254 2.82185 2.82951 2.96051 2.99896 3.01424 3.0143 
1.13966 1.23313 1.69861 1.7754 2.06607 2.28855 2.58488 2.6725 2.68516 2.69237 2.75253 2.77328 2.80798 2.81254 2.82185 2.82951 2.96051 2.99896 3.01424 3.0143 
1.13966 1.23313 1.69861 1.7754 2.06607 2.28855 2.58488 2.6725 2.68516 2.69237 2.75253 2.77328 2.80798 2.81254 2.82185 2.82951 2.96051 2.99896 3.01424 3.0143 
1.13966 1.23313 1.69861 1.7754 2.06607 2.28855 2.58488 2.6725 2.68516 2.69237 2.75253 2.77328 2.80798 2.81254 2.82185 2.82951 2.96051 2.99896 3.01424 3.0143 
1.13966 1.23313 1.69861 1.7754 2.06607 2.28855 2.58488 2.6725 2.68516 2.69237 2.75253 2.77328 2.80798 2.81254 2.82185 2.82951 2.96051 2.99896 3.01424 3.0143 
1.13966 1.23313 1.69861 1.7754 2.06607 2.28855 2.58488 2.6725 2.68516 2.69237 2.75253 2.77328 2.80798 2.81254 2.82185 2.82951 2.96051 2.99896 3.01424 3.0143 
1.13966 1.23313 1.69861 1.7754 2.06607 2.28855 2.58488 2.6725 2.68516 2.69237 2.75253 2.77328 2.80798 2.81254 2.82185 2.82951 2.96051 2.99896 3.01424 3.0143 
1.13966 1.23313 1.69861 1.7754 2.06607 2.28855 2.58488 2.6725 2.68516 2.69237 2.75253 2.77328 2.80798 2.81254 2.82185 2.82951 2.96051 2.99896 3.01424 3.0143 
1.13966 1.23313 1.69861 1.7754 2.06607 2.28855 2.58488 2.6725 2.68516 2.69237 2.75253 2.77328 2.80798 2.81254 2.82185 2.82951 2.96051 2.99896 3.01424 3.0143 
1.13966 1.23313 1.69861 1.7754 2.06607 2.28855 2.58488 2.6725 2.68516 2.69237 2.74101 2.75253 2.77328 2.80798 2.81254 2.82185 2.82951 2.96051 2.99896 3.01424 
1.13966 1.23313 1.69861 1.7754 2.06607 2.28855 2.58488 2.6725 2.68516 2.69237 2.7246 2.74101 2.75253 2.77328 2.80798 2.81254 2.82185 2.82951 2.96051 2.99896 
1.13966 1.23313 1.69861 1.7754 2.06607 2.28855 2.58488 2.6725 2.68516 2.69237 2.7246 2.74101 2.75253 2.77328 2.80798 2.81254 2.82185 2.82951 2.96051 2.99896 
1.13966 1.23313 1.69861 1.7754 2.06607 2.28855 2.58488 2.6725 2.68516 2.69237 2.7246 2.74101 2.75253 2.77328 2.80798 2.81254 2.82185 2.82951 2.96051 2.99896 
1.13966 1.23313 1.69861 1.7754 2.06607 2.28855 2.58488 2.6725 2.68516 2.69237 2.72188 2.7246 2.74101 2.75253 2.77328 2.80798 2.81254 2.82185 2.82951 2.96051 
1.13966 1.23313 1.69861 1.7754 2.06607 2.28855 2.58488 2.6725 2.68516 2.69237 2.72188 2.7246 2.74101 2.75253 2.77328 2.80798 2.81254 2.82185 2.82951 2.96051 
1.13966 1.23313 1.69861 1.7754 2.06607 2.28855 2.58488 2.6725 2.68516 2.69237 2.72188 2.7246 2.74101 2.75253 2.77328 2.80798 2.81254 2.82185 2.82951 2.96051 
1.13966 1.23313 1.69861 1.7754 2.06607 2.28855 2.58488 2.6725 2.68516 2.69237 2.72188 2.7246 2.74101 2.75253 2.77328 2.80798 2.81254 2.82185 2.82951 2.96051 
1.13966 1.23313 1.69861 1.7754 2.06607 2.28855 2.58488 2.6725 2.68516 2.69237 2.72188 2.7246 2.74101 2.75253 2.77328 2.80798 2.81254 2.82185 2.82951 2.96051 
1.13966 1.23313 1.69861 1.7754 2.06607 2.28855 2.58488 2.6725 2.68516 2.69237 2.72188 2.7246 2.74101 2.75253 2.77079 2.77328 2.80798 2.81254 2.82185 2.82951 
1.13966 1.23313 1.69861 1.70178 1.7754 2.06607 2.28855 2.55339 2.58488 2.6725 2.68516 2.69237 2.72188 2.7246 2.74101 2.75253 2.77079 2.77328 2.80798 2.81254 
1.13966 1.23313 1.69861 1.70178 1.7754 2.06607 2.28855 2.55339 2.58488 2.6725 2.68516 2.69237 2.72188 2.7246 2.74101 2.75253 2.77079 2.77328 2.80798 2.81254 
1.13966 1.23313 1.69861 1.70178 1.7754 2.06607 2.28855 2.32577 2.55339 2.58488 2.6725 2.68516 2.69237 2.72188 2.7246 2.74101 2.75253 2.77079 2.77328 2.80798 
1.13966 1.23313 1.69861 1.70178 1.7754 2.06607 2.28855 2.32577 2.50715 2.51327 2.54396 2.55339 2.58488 2.6714 2.6725 2.68516 2.69237 2.72188 2.7246 2.74101 
1.13966 1.23313 1.69861 1.70178 1.7754 2.05391 2.06607 2.28855 2.32577 2.50715 2.51327 2.54396 2.55339 2.58488 2.6714 2.6725 2.68516 2.69237 2.72188 2.7246 
1.13966 1.23313 1.69861 1.70178 1.7754 2.05391 2.06607 2.1799 2.28855 2.32577 2.34822 2.41851 2.50715 2.51327 2.53252 2.54396 2.55339 2.58488 2.58981 2.6714 
1.13966 1.23313 1.69861 1.70178 1.7754 1.91791 2.05391 2.06607 2.1799 2.28855 2.31724 2.32577 2.34822 2.41851 2.50715 2.51327 2.53252 2.54396 2.55339 2.58488 
1.13966 1.23313 1.69861 1.70178 1.7754 1.91791 2.05391 2.06607 2.1799 2.28855 2.31724 2.32577 2.34822 2.41851 2.50715 2.51327 2.53252 2.53261 2.54396 2.55339 
1.13966 1.23313 1.69861 1.70178 1.7754 1.91791 2.05391 2.06607 2.1799 2.27921 2.28855 2.31724 2.32577 2.34822 2.41851 2.43889 2.50715 2.51327 2.53252 2.53261 
1.13966 1.23313 1.69861 1.70178 1.7754 1.91791 2.05391 2.06607 2.1799 2.27921 2.28855 2.31724 2.32577 2.34822 2.37128 2.41851 2.43889 2.50715 2.51327 2.53252 
1.13966 1.23313 1.69861 1.70178 1.75556 1.7754 1.91791 1.98967 2.05391 2.06607 2.1799 2.27921 2.28855 2.31724 2.32577 2.34822 2.37128 2.41851 2.43436 2.43889 
1.13966 1.23313 1.66708 1.69861 1.70178 1.75556 1.77362 1.7754 1.87012 1.91791 1.98967 2.02021 2.05391 2.06607 2.1799 2.27921 2.28855 2.31724 2.32577 2.34822 
1.13966 1.23313 1.26194 1.66708 1.69861 1.70178 1.7303 1.75556 1.77362 1.7754 1.84687 1.87012 1.91791 1.98967 2.02021 2.05391 2.06607 2.12391 2.1799 2.27921 
1.13966 1.23313 1.26194 1.35948 1.66708 1.69861 1.70178 1.7303 1.75556 1.77362 1.7754 1.84687 1.8507 1.87012 1.91791 1.96152 1.98967 2.02021 2.05391 2.06607 
1.13966 1.23313 1.26194 1.35948 1.6006 1.60374 1.66708 1.69861 1.70178 1.7303 1.75556 1.77362 1.7754 1.84687 1.8507 1.85903 1.87012 1.91791 1.96152 1.98967 
1.13966 1.23313 1.26194 1.35948 1.6006 1.60374 1.66708 1.69861 1.70178 1.7303 1.75556 1.77362 1.7754 1.84687 1.8507 1.85903 1.85929 1.87012 1.91791 1.93062 
1.13966 1.23313 1.26194 1.35948 1.59203 1.6006 1.60374 1.66708 1.69861 1.70178 1.7303 1.75556 1.77362 1.7754 1.84687 1.8507 1.85903 1.85929 1.87012 1.91791 
1.05411 1.13966 1.23313 1.26194 1.35948 1.4593 1.59203 1.6006 1.60374 1.65128 1.66708 1.69861 1.70178 1.7303 1.75556 1.77362 1.7754 1.78181 1.84687 1.8507 
1.05411 1.13966 1.23313 1.26194 1.35948 1.37098 1.4593 1.55215 1.59203 1.6006 1.60374 1.65128 1.66708 1.67863 1.68356 1.69861 1.70178 1.7303 1.73219 1.75556 
1.05411 1.13966 1.23313 1.26194 1.34902 1.35948 1.37098 1.4593 1.54656 1.55215 1.59203 1.6006 1.60374 1.65128 1.66708 1.67863 1.68356 1.69632 1.69861 1.70178 
0.926574 1.05411 1.13966 1.23313 1.26194 1.34902 1.35948 1.37098 1.4593 1.52424 1.54656 1.55215 1.57993 1.59203 1.6006 1.60374 1.65128 1.66708 1.67863 1.68356 
0.926574 1.05411 1.05699 1.13966 1.20597 1.23313 1.26194 1.34902 1.35948 1.3619 1.37098 1.4593 1.52424 1.53091 1.54656 1.55215 1.55234 1.57993 1.59203 1.6006 
0.859791 0.869542 0.926574 1.04731 1.05411 1.05699 1.13966 1.14986 1.20597 1.23313 1.26194 1.34902 1.35948 1.3619 1.37098 1.38711 1.4593 1.47506 1.4813 1.48325 
0.859791 0.869542 0.926574 1.04731 1.05411 1.05699 1.13966 1.14986 1.20597 1.23313 1.26194 1.33595 1.34902 1.35948 1.3619 1.37098 1.38711 1.4593 1.47506 1.4813 
0.859791 0.867446 0.869542 0.926574 1.00847 1.03252 1.04731 1.05411 1.05699 1.13966 1.14986 1.20597 1.22939 1.23313 1.26194 1.30529 1.33595 1.34902 1.35948 1.3619 
0.859791 0.867446 0.869542 0.926574 0.975874 1.00847 1.03252 1.04731 1.05411 1.05699 1.13037 1.13966 1.14986 1.20597 1.22939 1.23313 1.25925 1.26194 1.30529 1.33595 
0.741292 0.856904 0.859791 0.867446 0.869542 0.926574 0.975874 1.00847 1.03252 1.04731 1.05411 1.05699 1.11608 1.13037 1.13966 1.14986 1.19643 1.20597 1.22939 1.23313 
0.741292 0.856904 0.859791 0.867446 0.869542 0.926574 0.93132 0.975874 1.00847 1.03252 1.04731 1.05411 1.05699 1.0874 1.11608 1.13037 1.13966 1.14986 1.18729 1.19643 
0.696047 0.741292 0.76278 0.771454 0.77545 0.856904 0.859791 0.867446 0.869542 0.909459 0.926574 0.93132 0.957506 0.975874 1.00847 1.03252 1.03777 1.04731 1.05411 1.05699 
0.696047 0.741292 0.76278 0.771454 0.77545 0.856904 0.859791 0.867446 0.869542 0.909459 0.926574 0.93132 0.957506 0.975874 0.984451 0.987408 1.00847 1.03252 1.03777 1.04158 
0.495625 0.598125 0.622037 0.696047 0.741292 0.76278 0.771454 0.77545 0.77655 0.856904 0.859791 0.867446 0.869542 0.909459 0.926574 0.93132 0.957506 0.975874 0.984451 0.987408 
0.495625 0.504968 0.598125 0.622037 0.696047 0.741292 0.76278 0.765667 0.771454 0.77545 0.77655 0.856338 0.856904 0.859791 0.867446 0.869542 0.909459 0.926574 0.93132 0.957506 
