2.46413 2.66624 2.70189 2.85453 3.17275 3.64142 4.14375 5.7298 5.87736 6.12599 6.16041 6.21093 6.24468 6.37133 6.40664 6.40713 6.44221 6.50836 6.59378 6.70461 
0.762519 2.46413 2.66624 2.70189 2.85453 3.17275 3.64142 4.14375 4.35163 4.38207 5.07131 5.7298 5.87736 5.96089 6.11607 6.12599 6.16041 6.21093 6.24468 6.24764 
0.762519 2.46413 2.66624 2.70189 2.85453 3.17275 3.64142 4.14375 4.35163 4.38207 5.07131 5.7298 5.87736 5.9181 5.96089 5.98307 6.11607 6.12599 6.16041 6.21093 
0.762519 2.46413 2.61132 2.66624 2.70189 2.85453 3.17275 3.42351 3.64142 3.68343 3.82652 4.00879 4.14375 4.35163 4.38207 4.47384 4.54148 5.07131 5.7298 5.87736 
0.762519 2.46413 2.61132 2.66624 2.70189 2.85453 3.17275 3.25254 3.3994 3.42351 3.64142 3.68343 3.82652 3.91518 4.00879 4.14375 4.35163 4.38207 4.47384 4.54148 
0.762519 2.36709 2.46413 2.61132 2.66624 2.70189 2.85453 3.17275 3.25254 3.25505 3.3994 3.42351 3.48363 3.64142 3.66509 3.68343 3.82652 3.91518 4.00879 4.14375 
0.762519 2.36709 2.46413 2.61132 2.66624 2.70189 2.72883 2.85453 3.14693 3.17275 3.25254 3.25505 3.3994 3.42351 3.48363 3.57225 3.64142 3.66509 3.68343 3.75966 
0.762519 2.0331 2.36709 2.46413 2.61132 2.66624 2.70189 2.72883 2.74417 2.85453 3.14693 3.17275 3.18377 3.25254 3.25505 3.3994 3.42351 3.48363 3.57225 3.59379 
0.762519 1.74322 2.0331 2.36709 2.46413 2.61132 2.62748 2.66624 2.70189 2.72883 2.74417 2.85453 3.14693 3.17275 3.18377 3.19622 3.24772 3.25254 3.25505 3.3994 
0.762519 1.74322 2.0331 2.36709 2.40569 2.46413 2.58861 2.61132 2.62748 2.66624 2.70189 2.72883 2.74417 2.85453 2.88436 3.14693 3.17275 3.18377 3.19622 3.24772 
0.762519 1.74322 1.94157 2.0331 2.36709 2.40569 2.46413 2.58861 2.61132 2.62748 2.66624 2.70189 2.72883 2.74417 2.85453 2.88436 3.14693 3.17275 3.18377 3.19622 
0.762519 1.26155 1.74322 1.94157 2.0331 2.36709 2.40569 2.46413 2.58861 2.61132 2.62748 2.66624 2.70189 2.72883 2.74417 2.85453 2.88436 3.09333 3.14693 3.16368 
0.762519 1.26155 1.74322 1.94157 2.0331 2.36709 2.40569 2.46413 2.58861 2.61132 2.62748 2.63106 2.66624 2.67452 2.70189 2.72883 2.74417 2.85453 2.88436 3.09271 
0.762519 1.22616 1.26155 1.74322 1.94157 2.0331 2.36709 2.40569 2.41156 2.46413 2.58861 2.61132 2.62748 2.63106 2.66624 2.67452 2.70189 2.72883 2.74417 2.85453 
0.762519 1.22616 1.26155 1.74322 1.94157 2.0331 2.36709 2.40569 2.41156 2.46413 2.58861 2.61132 2.62748 2.63106 2.66624 2.67452 2.70189 2.72883 2.74417 2.7629 
0.762519 1.22616 1.26155 1.40465 1.74322 1.74389 1.94157 2.0331 2.36709 2.40569 2.41156 2.46413 2.58861 2.61132 2.62748 2.63106 2.66624 2.67452 2.70189 2.72883 
0.762519 0.816147 1.22616 1.26155 1.40465 1.74322 1.74389 1.94157 2.0331 2.36709 2.40569 2.41156 2.46413 2.58861 2.61132 2.62748 2.63106 2.66624 2.67452 2.70189 
0.762519 0.816147 1.22616 1.26155 1.40465 1.74322 1.74389 1.94157 2.0331 2.36709 2.40569 2.41156 2.46413 2.58861 2.61132 2.62748 2.63106 2.66624 2.66949 2.67452 
0.762519 0.816147 1.22616 1.26155 1.40465 1.74322 1.74389 1.94157 2.0331 2.36709 2.40569 2.41156 2.46413 2.58861 2.61132 2.62748 2.63106 2.66624 2.66949 2.67452 
0.347429 0.762519 0.816147 0.933126 1.22616 1.26155 1.40465 1.74322 1.74389 1.81604 1.87074 1.94157 2.0331 2.115 2.36709 2.40569 2.41156 2.46413 2.58861 2.61132 
0.347429 0.762519 0.816147 0.933126 1.22616 1.26155 1.40465 1.74322 1.74389 1.81604 1.87074 1.94157 2.0331 2.115 2.36709 2.40569 2.41156 2.46413 2.58861 2.61132 
0.347429 0.762519 0.770076 0.816147 0.933126 1.22616 1.26155 1.40465 1.55496 1.74322 1.74389 1.81604 1.86707 1.87074 1.94157 2.0331 2.115 2.30135 2.36709 2.40569 
0.347429 0.762519 0.770076 0.816147 0.933126 1.22616 1.26155 1.40465 1.55496 1.74322 1.74389 1.81604 1.86707 1.87074 1.94157 2.0331 2.115 2.30135 2.35419 2.36709 
0.347429 0.762519 0.770076 0.816147 0.933126 1.22616 1.26155 1.27585 1.32001 1.40465 1.55496 1.74322 1.74389 1.81604 1.82277 1.86707 1.87074 1.94157 2.0331 2.115 
0.289236 0.347429 0.427597 0.762519 0.770076 0.816147 0.933126 1.22616 1.26155 1.27585 1.32001 1.40465 1.55496 1.74322 1.74389 1.81604 1.82277 1.86707 1.87074 1.94157 
0.289236 0.347429 0.427597 0.762519 0.770076 0.816147 0.933126 1.21079 1.22616 1.26155 1.27585 1.32001 1.40465 1.55496 1.74322 1.74389 1.81604 1.82277 1.86707 1.87074 
0.289236 0.347429 0.427597 0.762519 0.770076 0.816147 0.933126 1.21079 1.22616 1.26155 1.27585 1.32001 1.40465 1.55496 1.74322 1.74389 1.81604 1.82277 1.86707 1.87074 
0.289236 0.347429 0.427597 0.762519 0.770076 0.816147 0.933126 1.21079 1.22616 1.26155 1.27585 1.32001 1.40465 1.55496 1.74322 1.74389 1.81604 1.82277 1.86707 1.87074 
0.289236 0.347429 0.427597 0.762519 0.770076 0.816147 0.933126 1.21079 1.22616 1.26155 1.27585 1.32001 1.40465 1.55496 1.74322 1.74389 1.81604 1.82277 1.86707 1.87074 
0.289236 0.347429 0.427597 0.762519 0.770076 0.816147 0.933126 1.21079 1.22616 1.26155 1.27585 1.32001 1.40465 1.55496 1.74322 1.74389 1.81604 1.82277 1.86707 1.87074 
0.289236 0.347429 0.427597 0.762519 0.770076 0.816147 0.933126 1.21079 1.22616 1.26155 1.27585 1.32001 1.40465 1.55496 1.6067 1.74322 1.74389 1.81604 1.82277 1.86707 
0.289236 0.347429 0.427597 0.691979 0.762519 0.770076 0.816147 0.933126 1.06716 1.21079 1.22616 1.26155 1.27585 1.32001 1.40465 1.55496 1.6067 1.74322 1.74389 1.76672 
0.289236 0.347429 0.427597 0.691979 0.762519 0.770076 0.816147 0.933126 1.06716 1.21079 1.22616 1.26155 1.27585 1.32001 1.40465 1.55496 1.6067 1.74322 1.74389 1.76672 
0.289236 0.347429 0.427597 0.691979 0.762519 0.770076 0.816147 0.933126 1.06716 1.17323 1.21079 1.21887 1.22616 1.26155 1.27585 1.32001 1.40465 1.50812 1.55496 1.6067 
0.289236 0.337692 0.347429 0.427597 0.691979 0.762519 0.770076 0.816147 0.933126 0.969501 1.06716 1.08078 1.17323 1.21079 1.21887 1.22616 1.26155 1.27585 1.32001 1.40465 
0.266964 0.289236 0.337692 0.347429 0.427597 0.691979 0.762519 0.770076 0.816147 0.933126 0.969501 1.06716 1.08078 1.17323 1.21079 1.21887 1.22616 1.26155 1.27585 1.32001 
0.266964 0.289236 0.337692 0.347429 0.427597 0.691979 0.762519 0.770076 0.816147 0.933126 0.969501 1.06716 1.08078 1.17323 1.21079 1.21887 1.22616 1.26155 1.27585 1.32001 
0.266964 0.289236 0.337692 0.347429 0.427597 0.62923 0.691979 0.762519 0.770076 0.816147 0.933126 0.969501 1.06716 1.08078 1.17323 1.21079 1.21887 1.22616 1.26155 1.27585 
0.266964 0.289236 0.337692 0.347429 0.427597 0.62923 0.676505 0.691979 0.762519 0.770076 0.816147 0.933126 0.969501 1.06716 1.08078 1.17323 1.21079 1.21887 1.22616 1.26155 
0.266964 0.289236 0.337692 0.347429 0.427597 0.62923 0.676505 0.691979 0.724041 0.762519 0.770076 0.816147 0.933126 0.969501 1.06716 1.08078 1.17323 1.21079 1.21887 1.22616 
0.266964 0.289236 0.337692 0.347429 0.427597 0.62923 0.676505 0.691979 0.724041 0.762519 0.770076 0.816147 0.933126 0.969501 1.06716 1.08078 1.17323 1.21079 1.21887 1.22616 
0.266964 0.289236 0.337692 0.347429 0.427597 0.540357 0.62923 0.676505 0.691979 0.724041 0.762519 0.770076 0.816147 0.933126 0.969501 1.06716 1.08078 1.17323 1.21079 1.21887 
0.266964 0.289236 0.337692 0.347429 0.427597 0.507068 0.540357 0.62923 0.676505 0.691979 0.724041 0.762519 0.770076 0.816147 0.933126 0.969501 1.06716 1.08078 1.17323 1.21079 
0.266964 0.289236 0.337692 0.347429 0.412688 0.427597 0.507068 0.540357 0.554378 0.62923 0.676505 0.691979 0.724041 0.762519 0.770076 0.816147 0.933126 0.969501 1.06716 1.08078 
0.266964 0.289236 0.337692 0.347429 0.412688 0.427597 0.507068 0.540357 0.554378 0.62923 0.67374 0.676505 0.688656 0.691979 0.724041 0.762519 0.770076 0.78156 0.816147 0.86377 
0.266964 0.289236 0.337692 0.347429 0.412688 0.427597 0.507068 0.540357 0.554378 0.62923 0.67374 0.676505 0.688656 0.691979 0.724041 0.762519 0.770076 0.78156 0.816147 0.86377 
0.266964 0.289236 0.337692 0.347429 0.409804 0.412688 0.427597 0.507068 0.540357 0.554378 0.62923 0.67374 0.676505 0.688656 0.691979 0.724041 0.762519 0.770076 0.78156 0.816147 
0.266964 0.289236 0.313879 0.337692 0.3468 0.347429 0.409804 0.412688 0.427597 0.507068 0.540357 0.554378 0.62923 0.67374 0.676505 0.688656 0.691979 0.724041 0.762519 0.770076 
0.0516827 0.266964 0.289236 0.313879 0.337692 0.3468 0.347429 0.409804 0.412688 0.427597 0.507068 0.540357 0.554378 0.62923 0.67374 0.676505 0.688656 0.691979 0.724041 0.762519 
0.0516827 0.266964 0.289236 0.313879 0.337692 0.3468 0.347429 0.409804 0.412688 0.427597 0.494542 0.507068 0.540357 0.554378 0.622507 0.62923 0.67374 0.676505 0.688656 0.691979 
0.0516827 0.266964 0.289236 0.313879 0.328197 0.337692 0.3468 0.347429 0.409804 0.412688 0.427597 0.494542 0.507068 0.507875 0.540357 0.554378 0.622507 0.62923 0.67374 0.676505 
0.0516827 0.235651 0.266964 0.289236 0.313879 0.328197 0.337692 0.3468 0.347429 0.409804 0.412688 0.427597 0.494542 0.507068 0.507875 0.540357 0.554378 0.622507 0.62923 0.67374 
0.0516827 0.235651 0.266964 0.289236 0.313879 0.328197 0.337692 0.3468 0.347429 0.409804 0.412688 0.427597 0.494542 0.507068 0.507875 0.540357 0.554378 0.610934 0.622507 0.62923 
0.0516827 0.235651 0.266964 0.289236 0.313879 0.328197 0.337692 0.3468 0.347429 0.409804 0.412688 0.427597 0.494542 0.507068 0.507875 0.540357 0.554378 0.610934 0.622507 0.62923 
0.0516827 0.235651 0.266964 0.289236 0.299682 0.313879 0.328197 0.337692 0.3468 0.347429 0.409804 0.412688 0.427597 0.494542 0.507068 0.507875 0.540357 0.554378 0.610934 0.622507 
0.0516827 0.235651 0.266964 0.289236 0.299682 0.313879 0.328197 0.337692 0.3468 0.347429 0.409804 0.412688 0.420897 0.427597 0.494542 0.507068 0.507875 0.540357 0.554378 0.589705 
0.0516827 0.167129 0.235651 0.266964 0.289236 0.299682 0.313879 0.328197 0.337692 0.3468 0.347429 0.409804 0.412688 0.420897 0.427597 0.494542 0.507068 0.507875 0.540357 0.554378 
0.0516827 0.167129 0.168803 0.235651 0.266964 0.289236 0.299682 0.313879 0.328197 0.337692 0.3468 0.347429 0.409804 0.412688 0.420897 0.427597 0.494542 0.507068 0.507875 0.540357 
0.0516827 0.167129 0.168803 0.235651 0.266964 0.289236 0.299682 0.313879 0.328197 0.337692 0.3468 0.347429 0.409804 0.412688 0.420897 0.427597 0.494542 0.507068 0.507875 0.540357 
0.0516827 0.167129 0.168803 0.235651 0.266964 0.289236 0.299682 0.313879 0.328197 0.337692 0.3468 0.347429 0.409804 0.412688 0.420897 0.427597 0.494542 0.507068 0.507875 0.540357 
0.0516827 0.167129 0.168803 0.235651 0.266964 0.289236 0.299682 0.313879 0.328197 0.337692 0.3468 0.347429 0.409804 0.412688 0.420897 0.427597 0.494542 0.507068 0.507875 0.540357 
0.0516827 0.167129 0.168803 0.235651 0.266964 0.289236 0.299682 0.313879 0.328197 0.337692 0.3468 0.347429 0.409804 0.412688 0.420897 0.427597 0.494542 0.507068 0.507875 0.540357 
0.0516827 0.0965905 0.167129 0.168803 0.196961 0.235651 0.266964 0.289236 0.299682 0.313879 0.328197 0.337692 0.3468 0.347429 0.409804 0.412688 0.420897 0.427597 0.494542 0.507068 
0.0516827 0.0965905 0.167129 0.168803 0.196961 0.235651 0.266964 0.289236 0.299682 0.313879 0.328197 0.337692 0.342947 0.3468 0.347429 0.409804 0.412688 0.420897 0.427597 0.494542 
0.0516827 0.0965905 0.167129 0.168803 0.196961 0.235651 0.266964 0.289236 0.299682 0.313879 0.328197 0.337692 0.342947 0.3468 0.347429 0.409804 0.412688 0.420897 0.427597 0.494542 
0.0516827 0.0709499 0.0965905 0.167129 0.168803 0.196961 0.235651 0.266964 0.289236 0.299682 0.313879 0.328197 0.337692 0.342947 0.3468 0.347429 0.409804 0.412688 0.420897 0.427597 
0.0516827 0.0709499 0.0965905 0.167129 0.168803 0.196961 0.235651 0.266964 0.289236 0.299682 0.313879 0.328197 0.337692 0.342947 0.3468 0.347429 0.409804 0.412688 0.420897 0.427597 
0.0516827 0.0709499 0.0965905 0.167129 0.168803 0.196961 0.235651 0.266964 0.289236 0.299682 0.313879 0.328197 0.337692 0.342947 0.3468 0.347429 0.409804 0.412688 0.420897 0.427597 
0.0516827 0.0709499 0.0965905 0.167129 0.168803 0.196961 0.235651 0.266964 0.289236 0.299682 0.313879 0.328197 0.337692 0.342947 0.3468 0.347429 0.409804 0.412688 0.420897 0.427597 
0.0516827 0.0709499 0.0965905 0.144271 0.167129 0.168803 0.196961 0.235651 0.266964 0.289236 0.299682 0.313879 0.328197 0.337692 0.342947 0.3468 0.347429 0.409804 0.412688 0.420897 
0.0516827 0.0709499 0.0965905 0.144271 0.167129 0.168803 0.196961 0.235651 0.266964 0.289236 0.299682 0.313879 0.328197 0.337692 0.342947 0.3468 0.347429 0.409804 0.412688 0.420897 
0.0516827 0.0709499 0.0965905 0.144271 0.167129 0.168803 0.196961 0.235651 0.266964 0.289236 0.299682 0.313879 0.328197 0.337692 0.342947 0.3468 0.347429 0.409804 0.412688 0.420897 
0.0516827 0.0709499 0.0965905 0.144271 0.167129 0.168803 0.196961 0.235651 0.266964 0.289236 0.299682 0.313879 0.328197 0.337692 0.342947 0.3468 0.347429 0.409804 0.412688 0.420897 
0.0516827 0.0709499 0.0965905 0.144271 0.167129 0.168803 0.196961 0.235651 0.266964 0.289236 0.299682 0.313879 0.328197 0.337692 0.342947 0.3468 0.347429 0.409804 0.412688 0.420897 
0.0516827 0.0709499 0.0965905 0.144271 0.167129 0.168803 0.196961 0.235651 0.266964 0.289236 0.299682 0.313879 0.328197 0.337692 0.342947 0.3468 0.347429 0.409804 0.412688 0.420897 
0.0516827 0.0709499 0.0965905 0.144271 0.167129 0.168803 0.196961 0.235651 0.266964 0.289236 0.299682 0.313879 0.328197 0.337692 0.342947 0.3468 0.347429 0.409804 0.412688 0.420897 
0.0516827 0.0709499 0.0965905 0.144271 0.167129 0.168803 0.196961 0.235651 0.266964 0.289236 0.299682 0.313879 0.328197 0.337692 0.342947 0.3468 0.347429 0.409804 0.412688 0.420897 
0.0516827 0.0709499 0.0965905 0.144271 0.167129 0.168803 0.196961 0.235651 0.266964 0.289236 0.299682 0.313879 0.328197 0.337692 0.342947 0.3468 0.347429 0.409804 0.412688 0.420897 
0.0516827 0.0709499 0.0965905 0.144271 0.167129 0.168803 0.196961 0.235651 0.266964 0.289236 0.299682 0.313879 0.328197 0.337692 0.342947 0.3468 0.347429 0.409804 0.412688 0.420897 
0.0516827 0.0709499 0.0965905 0.144271 0.167129 0.168803 0.196961 0.235651 0.266964 0.289236 0.299682 0.313879 0.328197 0.337692 0.342947 0.3468 0.347429 0.409804 0.412688 0.420897 
0.0516827 0.0709499 0.0965905 0.144271 0.167129 0.168803 0.196961 0.235651 0.266964 0.289236 0.299682 0.313879 0.328197 0.337692 0.342947 0.3468 0.347429 0.409804 0.412688 0.420897 
0.0516827 0.0709499 0.0965905 0.144271 0.167129 0.168803 0.196961 0.235651 0.266964 0.289236 0.299682 0.313879 0.328197 0.337692 0.342947 0.3468 0.347429 0.409804 0.412688 0.420897 
0.0516827 0.0709499 0.0965905 0.144271 0.167129 0.168803 0.196961 0.235651 0.266964 0.289236 0.299682 0.313879 0.328197 0.337692 0.342947 0.3468 0.347429 0.409804 0.412688 0.420897 
0.0516827 0.0709499 0.0965905 0.144271 0.167129 0.168803 0.196961 0.235651 0.266964 0.289236 0.299682 0.313879 0.328197 0.337692 0.342947 0.3468 0.347429 0.409804 0.412688 0.420897 
0.0516827 0.0709499 0.0965905 0.144271 0.167129 0.168803 0.196961 0.235651 0.266964 0.289236 0.299682 0.313879 0.328197 0.337692 0.342947 0.3468 0.347429 0.409804 0.412688 0.420897 
0.0516827 0.0709499 0.0965905 0.144271 0.167129 0.168803 0.196961 0.235651 0.266964 0.289236 0.299682 0.313879 0.328197 0.337692 0.342947 0.3468 0.347429 0.409804 0.412688 0.420897 
0.0516827 0.0709499 0.0965905 0.144271 0.167129 0.168803 0.196961 0.235651 0.266964 0.289236 0.299682 0.313879 0.328197 0.337692 0.342947 0.3468 0.347429 0.409804 0.412688 0.420897 
0.0516827 0.0709499 0.0965905 0.144271 0.167129 0.168803 0.196961 0.235651 0.266964 0.289236 0.299682 0.313879 0.328197 0.337692 0.342947 0.3468 0.347429 0.409804 0.412688 0.420897 
0.0516827 0.0709499 0.0965905 0.144271 0.167129 0.168803 0.196961 0.235651 0.266964 0.289236 0.299682 0.313879 0.328197 0.337692 0.342947 0.3468 0.347429 0.409804 0.412688 0.420897 
0.0516827 0.0709499 0.0965905 0.144271 0.167129 0.168803 0.196961 0.235651 0.266964 0.289236 0.299682 0.313879 0.328197 0.337692 0.342947 0.3468 0.347429 0.409804 0.412688 0.420897 
0.0516827 0.0709499 0.0965905 0.144271 0.167129 0.168803 0.196961 0.235651 0.266964 0.289236 0.299682 0.313879 0.328197 0.337692 0.342947 0.3468 0.347429 0.409804 0.412688 0.420897 
0.0516827 0.0709499 0.0965905 0.144271 0.167129 0.168803 0.196961 0.235651 0.266964 0.289236 0.299682 0.313879 0.328197 0.337692 0.342947 0.3468 0.347429 0.409804 0.412688 0.420897 
0.0516827 0.0709499 0.0965905 0.144271 0.167129 0.168803 0.196961 0.235651 0.266964 0.289236 0.299682 0.313879 0.328197 0.337692 0.342947 0.3468 0.347429 0.409804 0.412688 0.420897 
0.0516827 0.0709499 0.0965905 0.144271 0.167129 0.168803 0.196961 0.235651 0.266964 0.289236 0.299682 0.313879 0.328197 0.337692 0.342947 0.3468 0.347429 0.409804 0.412688 0.420897 
0.0516827 0.0709499 0.0965905 0.144271 0.167129 0.168803 0.196961 0.235651 0.266964 0.289236 0.299682 0.313879 0.328197 0.337692 0.342947 0.3468 0.347429 0.409804 0.412688 0.420897 
0.0516827 0.0709499 0.0965905 0.144271 0.167129 0.168803 0.196961 0.235651 0.266964 0.289236 0.299682 0.313879 0.328197 0.337692 0.342947 0.3468 0.347429 0.409804 0.412688 0.420897 
0.0516827 0.0709499 0.0965905 0.144271 0.167129 0.168803 0.196961 0.235651 0.266964 0.289236 0.299682 0.313879 0.328197 0.337692 0.342947 0.3468 0.347429 0.409804 0.412688 0.420897 
0.0516827 0.0709499 0.0965905 0.144271 0.167129 0.168803 0.196961 0.235651 0.266964 0.289236 0.299682 0.313879 0.328197 0.337692 0.342947 0.3468 0.347429 0.409804 0.412688 0.420897 
0.0516827 0.0709499 0.0965905 0.144271 0.167129 0.168803 0.196961 0.235651 0.266964 0.289236 0.299682 0.313879 0.328197 0.337692 0.342947 0.3468 0.347429 0.409804 0.412688 0.420897 
0.0516827 0.0709499 0.0965905 0.144271 0.167129 0.168803 0.196961 0.235651 0.266964 0.289236 0.299682 0.313879 0.328197 0.337692 0.342947 0.3468 0.347429 0.409804 0.412688 0.420897 
