0.669563 2.54176 2.81225 3.00274 3.19387 3.19716 3.39091 3.58136 3.58364 3.74068 3.85966 3.87094 4.19997 4.26924 4.36066 4.44085 4.45313 4.50501 4.52017 4.58926 
0.669563 1.76995 2.54176 2.64686 2.81225 3.00274 3.19387 3.19716 3.27209 3.39091 3.40248 3.42478 3.477 3.58136 3.58364 3.72935 3.74068 3.81532 3.85966 3.87094 
0.669563 1.76995 1.87687 2.54176 2.64686 2.81225 2.85284 2.99402 3.00274 3.03119 3.19387 3.19716 3.27209 3.39091 3.40248 3.42478 3.477 3.55484 3.58136 3.58364 
0.277061 0.377695 0.545646 0.638618 0.669563 1.13672 1.76995 1.87687 2.11469 2.54176 2.62254 2.64686 2.65079 2.68053 2.81225 2.85284 2.99402 3.00274 3.00589 3.01473 
0.0948508 0.277061 0.377695 0.545646 0.638618 0.669563 0.92102 1.13672 1.76995 1.87687 2.11469 2.54176 2.61221 2.62254 2.62763 2.62896 2.64686 2.65079 2.68053 2.6823 
0.0849984 0.0948508 0.208558 0.277061 0.377695 0.545646 0.638618 0.669563 0.92102 1.13672 1.76995 1.87687 2.11469 2.54176 2.61221 2.62254 2.62763 2.62896 2.64686 2.65079 
0.0849984 0.0948508 0.208558 0.277061 0.377695 0.545646 0.638618 0.669563 0.92102 1.13672 1.76995 1.87687 2.11469 2.54176 2.61221 2.62254 2.62763 2.62896 2.64686 2.65079 
0.0849984 0.0948508 0.208558 0.277061 0.377695 0.545646 0.638618 0.669563 0.92102 1.13672 1.76995 1.87687 1.95185 1.96387 2.0974 2.11469 2.31674 2.37579 2.51289 2.54176 
0.0849984 0.0948508 0.208558 0.277061 0.377695 0.545646 0.638618 0.669563 0.92102 1.13672 1.76995 1.87687 1.95185 1.96387 2.0974 2.11469 2.30341 2.31674 2.37579 2.46355 
0.0849984 0.0948508 0.208558 0.277061 0.377695 0.430195 0.545646 0.638618 0.669563 0.92102 1.0898 1.13672 1.73189 1.76995 1.87687 1.95185 1.95934 1.96387 2.0974 2.11469 
0.0849984 0.0948508 0.208558 0.277061 0.377695 0.430195 0.545646 0.638618 0.669563 0.92102 1.0898 1.13672 1.34622 1.73189 1.76995 1.87687 1.95185 1.95934 1.96387 1.99717 
0.0849984 0.0948508 0.208558 0.277061 0.377695 0.430195 0.545646 0.638618 0.669563 0.92102 1.0898 1.13672 1.34622 1.57074 1.73189 1.76995 1.87687 1.95185 1.95934 1.96387 
0.0849984 0.0948508 0.208558 0.277061 0.377695 0.430195 0.545646 0.638618 0.669563 0.92102 1.0898 1.13672 1.34622 1.57074 1.61687 1.66544 1.73189 1.76995 1.87687 1.95185 
0.0849984 0.0948508 0.208558 0.277061 0.290433 0.377695 0.430195 0.545646 0.638618 0.669563 0.92102 1.0898 1.13672 1.18268 1.30988 1.34622 1.57074 1.61687 1.66544 1.73189 
0.0849984 0.0948508 0.208558 0.277061 0.290433 0.377695 0.430195 0.545646 0.638618 0.669563 0.92102 1.0898 1.13672 1.18268 1.30988 1.34622 1.53324 1.57074 1.60373 1.61687 
0.0849984 0.0948508 0.208558 0.277061 0.290433 0.377695 0.430195 0.545646 0.638618 0.669563 0.92102 1.00739 1.0898 1.13672 1.18268 1.30988 1.34622 1.53324 1.57074 1.60373 
0.0849984 0.0948508 0.208558 0.277061 0.290433 0.377695 0.430195 0.545646 0.621702 0.638618 0.669563 0.92102 1.00739 1.0898 1.13672 1.18268 1.30988 1.34622 1.50289 1.53324 
0.0849984 0.0948508 0.208558 0.277061 0.290433 0.377695 0.430195 0.545646 0.621702 0.638618 0.669563 0.92102 1.00739 1.0898 1.13672 1.18268 1.24102 1.30988 1.34622 1.50289 
0.0849984 0.0948508 0.208558 0.277061 0.290433 0.377695 0.430195 0.545646 0.621702 0.638618 0.669563 0.711611 0.92102 1.00739 1.0898 1.13672 1.18268 1.24102 1.30988 1.34622 
0.0849984 0.0948508 0.208558 0.277061 0.290433 0.377695 0.430195 0.545646 0.621702 0.638618 0.669563 0.711611 0.92102 1.00739 1.0898 1.13672 1.18268 1.24102 1.30988 1.34622 
0.0583595 0.0849984 0.0948508 0.208558 0.277061 0.290433 0.377695 0.430195 0.545646 0.621702 0.638618 0.669563 0.711611 0.92102 1.00739 1.0898 1.13672 1.18268 1.24102 1.30988 
0.0583595 0.0849984 0.0948508 0.208558 0.277061 0.290433 0.377695 0.430195 0.545646 0.621702 0.638618 0.669563 0.711611 0.92102 1.00739 1.0898 1.13672 1.18268 1.24102 1.30988 
0.0583595 0.0849984 0.0948508 0.208558 0.277061 0.290433 0.377695 0.430195 0.545646 0.621702 0.638618 0.669563 0.711611 0.92102 1.00739 1.0898 1.13672 1.18268 1.24102 1.30988 
0.0583595 0.0849984 0.0948508 0.208558 0.277061 0.290433 0.377695 0.430195 0.545646 0.594026 0.621702 0.638618 0.669563 0.711611 0.92102 1.00739 1.0898 1.13672 1.18268 1.24102 
0.0583595 0.0849984 0.0948508 0.208558 0.277061 0.290433 0.377695 0.430195 0.545646 0.594026 0.621702 0.638618 0.669563 0.711611 0.92102 1.00739 1.0898 1.13672 1.18268 1.24102 
0.0583595 0.0849984 0.0948508 0.208558 0.277061 0.290433 0.377695 0.430195 0.545646 0.594026 0.621702 0.638618 0.669563 0.711611 0.76704 0.92102 1.00739 1.0898 1.13672 1.18268 
0.0583595 0.0849984 0.0948508 0.208558 0.277061 0.290433 0.377695 0.430195 0.545646 0.594026 0.621702 0.638618 0.669563 0.711611 0.76704 0.92102 1.00739 1.0898 1.13672 1.18268 
0.0583595 0.0849984 0.0948508 0.208558 0.277061 0.290433 0.377695 0.430195 0.545646 0.594026 0.621702 0.638618 0.669563 0.711611 0.76704 0.92102 1.00739 1.0898 1.13672 1.18268 
0.0583595 0.0849984 0.0948508 0.208558 0.277061 0.290433 0.377695 0.430195 0.545646 0.594026 0.621702 0.638618 0.669563 0.711611 0.76704 0.92102 1.00739 1.0898 1.13672 1.18268 
0.0583595 0.0849984 0.0948508 0.208558 0.277061 0.290433 0.377695 0.430195 0.545646 0.594026 0.621702 0.638618 0.669563 0.711611 0.76704 0.92102 1.00739 1.0898 1.13672 1.18268 
0.0583595 0.0849984 0.0948508 0.208558 0.277061 0.290433 0.377695 0.430195 0.545646 0.594026 0.621702 0.638618 0.669563 0.711611 0.76704 0.92102 1.00739 1.0898 1.09569 1.13672 
0.0583595 0.0849984 0.0948508 0.208558 0.277061 0.290433 0.377695 0.430195 0.545646 0.594026 0.612231 0.621702 0.638618 0.669563 0.711611 0.76704 0.92102 1.00739 1.0898 1.09569 
0.0583595 0.0849984 0.0948508 0.208558 0.277061 0.290433 0.377695 0.401253 0.430195 0.545646 0.594026 0.612231 0.621702 0.638618 0.669563 0.711611 0.76704 0.92102 1.00739 1.0898 
0.0583595 0.0849984 0.0948508 0.208558 0.277061 0.290433 0.377695 0.401253 0.430195 0.545646 0.594026 0.612231 0.621702 0.638618 0.669563 0.711611 0.76704 0.92102 1.00739 1.0898 
0.0583595 0.0849984 0.0948508 0.14462 0.208558 0.277061 0.290433 0.377695 0.401253 0.430195 0.545646 0.594026 0.612231 0.621702 0.638618 0.669563 0.711611 0.76704 0.92102 1.00739 
0.0583595 0.0849984 0.0948508 0.14462 0.208558 0.277061 0.290433 0.377695 0.401253 0.430195 0.545646 0.594026 0.612231 0.621702 0.638618 0.669563 0.711611 0.76704 0.92102 1.00739 
0.0583595 0.0849984 0.0948508 0.14462 0.208558 0.277061 0.290433 0.377695 0.401253 0.430195 0.545646 0.594026 0.612231 0.621702 0.638618 0.669563 0.711611 0.76704 0.92102 1.00739 
0.0583595 0.0849984 0.0948508 0.14462 0.208558 0.277061 0.290433 0.377695 0.401253 0.430195 0.545646 0.594026 0.612231 0.621702 0.638618 0.669563 0.711611 0.76704 0.92102 1.00739 
0.0583595 0.0849984 0.0948508 0.14462 0.208558 0.277061 0.290433 0.377695 0.401253 0.430195 0.545646 0.594026 0.612231 0.621702 0.638618 0.669563 0.691748 0.711611 0.76704 0.92102 
0.0583595 0.0849984 0.0948508 0.14462 0.208558 0.277061 0.290433 0.377695 0.401253 0.430195 0.545646 0.594026 0.612231 0.621702 0.638618 0.669563 0.691748 0.711611 0.725682 0.76704 
0.0583595 0.0849984 0.0948508 0.14462 0.208558 0.277061 0.290433 0.377695 0.401253 0.430195 0.545646 0.594026 0.612231 0.621702 0.638618 0.669563 0.691748 0.711611 0.725682 0.76704 
0.0583595 0.0849984 0.0948508 0.14462 0.208558 0.277061 0.290433 0.377695 0.401253 0.430195 0.545646 0.594026 0.612231 0.621702 0.638618 0.669563 0.691748 0.711611 0.725682 0.76704 
0.0583595 0.0849984 0.0948508 0.14462 0.167623 0.208558 0.277061 0.290433 0.377695 0.401253 0.430195 0.545646 0.594026 0.612231 0.621702 0.638618 0.669563 0.691748 0.711611 0.725682 
0.0583595 0.0849984 0.0948508 0.14462 0.167623 0.208558 0.277061 0.290433 0.377695 0.401253 0.430195 0.545646 0.594026 0.612231 0.621702 0.638618 0.669563 0.691748 0.711611 0.725682 
0.0583595 0.0849984 0.0948508 0.14462 0.167623 0.208558 0.277061 0.290433 0.377695 0.401253 0.430195 0.545646 0.594026 0.612231 0.621702 0.638618 0.669563 0.691748 0.711611 0.725682 
0.0583595 0.0849984 0.0948508 0.14462 0.167623 0.208558 0.277061 0.290433 0.377695 0.401253 0.430195 0.545646 0.594026 0.612231 0.621702 0.638618 0.669563 0.691748 0.711611 0.725682 
0.0583595 0.0849984 0.0948508 0.14462 0.167623 0.208558 0.277061 0.290433 0.377695 0.401253 0.430195 0.545646 0.594026 0.612231 0.621702 0.638618 0.669563 0.691748 0.711611 0.725682 
0.0583595 0.0762768 0.0849984 0.0948508 0.14462 0.167623 0.208558 0.277061 0.290433 0.377695 0.401253 0.430195 0.545646 0.594026 0.612231 0.621702 0.638618 0.669563 0.691748 0.711611 
0.0583595 0.0762768 0.0849984 0.0948508 0.14462 0.167623 0.208558 0.277061 0.290433 0.377695 0.401253 0.430195 0.545646 0.594026 0.612231 0.621702 0.638618 0.669563 0.691748 0.711611 
0.0583595 0.0762768 0.0849984 0.0948508 0.14462 0.167623 0.208558 0.267138 0.277061 0.290433 0.377695 0.401253 0.430195 0.545646 0.594026 0.612231 0.621702 0.638618 0.669563 0.691748 
0.0583595 0.0762768 0.0849984 0.0948508 0.14462 0.167623 0.208558 0.267138 0.277061 0.290433 0.377695 0.401253 0.430195 0.545646 0.594026 0.612231 0.621702 0.638618 0.669563 0.691748 
0.0583595 0.0762768 0.0849984 0.0948508 0.14462 0.167623 0.208558 0.267138 0.277061 0.290433 0.377695 0.401253 0.430195 0.545646 0.594026 0.612231 0.621702 0.638618 0.669563 0.691748 
0.0583595 0.0762768 0.0849984 0.0948508 0.14462 0.167623 0.208558 0.267138 0.277061 0.290433 0.377695 0.401253 0.430195 0.545646 0.594026 0.612231 0.621702 0.638618 0.669563 0.691748 
0.0583595 0.0762768 0.0849984 0.0948508 0.14462 0.167623 0.208558 0.267138 0.277061 0.290433 0.377695 0.401253 0.430195 0.545646 0.594026 0.612231 0.621702 0.638618 0.669563 0.691748 
0.0583595 0.0762768 0.0849984 0.0948508 0.14462 0.167623 0.208558 0.267138 0.277061 0.290433 0.377695 0.401253 0.430195 0.545646 0.594026 0.612231 0.621702 0.638618 0.669563 0.691748 
0.0583595 0.0762768 0.0849984 0.0948508 0.14462 0.167623 0.208558 0.267138 0.277061 0.290433 0.377695 0.401253 0.430195 0.545646 0.594026 0.612231 0.621702 0.638618 0.669563 0.691748 
0.0583595 0.0762768 0.0849984 0.0948508 0.14462 0.167623 0.208558 0.267138 0.277061 0.290433 0.377695 0.401253 0.430195 0.545646 0.594026 0.612231 0.621702 0.638618 0.669563 0.691748 
0.0583595 0.0762768 0.0849984 0.0948508 0.14462 0.167623 0.208558 0.267138 0.277061 0.290433 0.377695 0.401253 0.430195 0.545646 0.594026 0.612231 0.621702 0.638618 0.669563 0.691748 
0.0583595 0.0762768 0.0849984 0.0948508 0.14462 0.167623 0.208558 0.267138 0.277061 0.290433 0.377695 0.401253 0.430195 0.545646 0.594026 0.612231 0.621702 0.638618 0.669563 0.691748 
0.0583595 0.0762768 0.0849984 0.0948508 0.14462 0.167623 0.208558 0.267138 0.277061 0.290433 0.377695 0.401253 0.430195 0.545646 0.594026 0.612231 0.621702 0.638618 0.669563 0.691748 
0.0583595 0.0762768 0.0849984 0.0948508 0.14462 0.167623 0.208558 0.267138 0.277061 0.290433 0.377695 0.401253 0.430195 0.545646 0.594026 0.612231 0.621702 0.638618 0.669563 0.691748 
0.0583595 0.0762768 0.0849984 0.0948508 0.14462 0.167623 0.208558 0.267138 0.277061 0.290433 0.377695 0.401253 0.430195 0.545646 0.594026 0.612231 0.621702 0.638618 0.669563 0.691748 
0.0583595 0.0762768 0.0849984 0.0948508 0.14462 0.167623 0.208558 0.267138 0.277061 0.290433 0.377695 0.401253 0.430195 0.545646 0.594026 0.612231 0.621702 0.638618 0.669563 0.691748 
0.0583595 0.0762768 0.0849984 0.0948508 0.14462 0.167623 0.208558 0.267138 0.277061 0.290433 0.377695 0.401253 0.430195 0.545646 0.594026 0.612231 0.621702 0.638618 0.669563 0.691748 
0.0583595 0.0762768 0.0849984 0.0948508 0.14462 0.167623 0.208558 0.267138 0.277061 0.290433 0.377695 0.401253 0.430195 0.545646 0.594026 0.612231 0.621702 0.638618 0.669563 0.691748 
0.0583595 0.0762768 0.0849984 0.0948508 0.14462 0.167623 0.208558 0.267138 0.277061 0.290433 0.377695 0.401253 0.430195 0.545646 0.594026 0.612231 0.621702 0.638618 0.669563 0.691748 
0.0583595 0.0762768 0.0849984 0.0948508 0.14462 0.167623 0.208558 0.267138 0.277061 0.290433 0.377695 0.401253 0.430195 0.545646 0.594026 0.612231 0.621702 0.638618 0.669563 0.691748 
0.0583595 0.0762768 0.0849984 0.0948508 0.14462 0.167623 0.208558 0.267138 0.277061 0.290433 0.377695 0.401253 0.430195 0.545646 0.594026 0.612231 0.621702 0.638618 0.669563 0.691748 
0.0583595 0.0762768 0.0849984 0.0948508 0.14462 0.167623 0.208558 0.267138 0.277061 0.290433 0.377695 0.401253 0.430195 0.545646 0.594026 0.612231 0.621702 0.638618 0.669563 0.691748 
0.0583595 0.0762768 0.0849984 0.0948508 0.14462 0.167623 0.208558 0.267138 0.277061 0.290433 0.377695 0.401253 0.430195 0.545646 0.594026 0.612231 0.621702 0.638618 0.669563 0.691748 
0.0583595 0.0762768 0.0849984 0.0948508 0.14462 0.167623 0.208558 0.267138 0.277061 0.290433 0.377695 0.401253 0.430195 0.545646 0.594026 0.612231 0.621702 0.638618 0.669563 0.691748 
0.0583595 0.0762768 0.0849984 0.0948508 0.14462 0.167623 0.208558 0.267138 0.277061 0.290433 0.377695 0.401253 0.430195 0.545646 0.594026 0.612231 0.621702 0.638618 0.669563 0.691748 
0.0583595 0.0762768 0.0849984 0.0948508 0.14462 0.167623 0.208558 0.267138 0.277061 0.290433 0.377695 0.401253 0.430195 0.545646 0.594026 0.612231 0.621702 0.638618 0.669563 0.691748 
0.0583595 0.0762768 0.0849984 0.0948508 0.14462 0.167623 0.208558 0.267138 0.277061 0.290433 0.377695 0.401253 0.430195 0.545646 0.594026 0.612231 0.621702 0.638618 0.669563 0.691748 
0.0583595 0.0762768 0.0849984 0.0948508 0.14462 0.167623 0.208558 0.267138 0.277061 0.290433 0.377695 0.401253 0.430195 0.545646 0.594026 0.612231 0.621702 0.638618 0.669563 0.691748 
0.0583595 0.0762768 0.0849984 0.0948508 0.14462 0.167623 0.208558 0.267138 0.277061 0.290433 0.377695 0.401253 0.430195 0.545646 0.594026 0.612231 0.621702 0.638618 0.669563 0.691748 
0.0583595 0.0762768 0.0849984 0.0948508 0.14462 0.167623 0.208558 0.267138 0.277061 0.290433 0.377695 0.401253 0.430195 0.545646 0.594026 0.612231 0.621702 0.638618 0.669563 0.691748 
0.0583595 0.0762768 0.0849984 0.0948508 0.14462 0.167623 0.208558 0.267138 0.277061 0.290433 0.377695 0.401253 0.430195 0.545646 0.594026 0.612231 0.621702 0.638618 0.669563 0.691748 
0.0583595 0.0762768 0.0849984 0.0948508 0.14462 0.167623 0.208558 0.267138 0.277061 0.290433 0.377695 0.401253 0.430195 0.545646 0.594026 0.612231 0.621702 0.638618 0.669563 0.691748 
0.0583595 0.0762768 0.0849984 0.0948508 0.14462 0.167623 0.208558 0.267138 0.277061 0.290433 0.377695 0.401253 0.430195 0.545646 0.594026 0.612231 0.621702 0.638618 0.669563 0.691748 
0.0583595 0.0762768 0.0849984 0.0948508 0.14462 0.167623 0.208558 0.267138 0.277061 0.290433 0.377695 0.401253 0.430195 0.545646 0.594026 0.612231 0.621702 0.638618 0.669563 0.691748 
0.0583595 0.0762768 0.0849984 0.0948508 0.14462 0.167623 0.208558 0.267138 0.277061 0.290433 0.377695 0.401253 0.430195 0.545646 0.594026 0.612231 0.621702 0.638618 0.669563 0.691748 
0.0583595 0.0762768 0.0849984 0.0948508 0.14462 0.167623 0.208558 0.267138 0.277061 0.290433 0.377695 0.401253 0.430195 0.545646 0.594026 0.612231 0.621702 0.638618 0.669563 0.691748 
0.0583595 0.0762768 0.0849984 0.0948508 0.14462 0.167623 0.208558 0.267138 0.277061 0.290433 0.377695 0.401253 0.430195 0.545646 0.594026 0.612231 0.621702 0.638618 0.669563 0.691748 
0.0583595 0.0762768 0.0849984 0.0948508 0.14462 0.167623 0.208558 0.267138 0.277061 0.290433 0.377695 0.401253 0.430195 0.545646 0.594026 0.612231 0.621702 0.638618 0.669563 0.691748 
0.0583595 0.0762768 0.0849984 0.0948508 0.14462 0.167623 0.208558 0.267138 0.277061 0.290433 0.377695 0.401253 0.430195 0.545646 0.594026 0.612231 0.621702 0.638618 0.669563 0.691748 
0.0583595 0.0762768 0.0849984 0.0948508 0.14462 0.167623 0.208558 0.267138 0.277061 0.290433 0.377695 0.401253 0.430195 0.545646 0.594026 0.612231 0.621702 0.638618 0.669563 0.691748 
0.0583595 0.0762768 0.0849984 0.0948508 0.14462 0.167623 0.208558 0.267138 0.277061 0.290433 0.377695 0.401253 0.430195 0.545646 0.594026 0.612231 0.621702 0.638618 0.669563 0.691748 
0.0583595 0.0762768 0.0849984 0.0948508 0.14462 0.167623 0.208558 0.267138 0.277061 0.290433 0.377695 0.401253 0.430195 0.545646 0.594026 0.612231 0.621702 0.638618 0.669563 0.691748 
0.0583595 0.0762768 0.0849984 0.0948508 0.14462 0.167623 0.208558 0.267138 0.277061 0.290433 0.377695 0.401253 0.430195 0.545646 0.594026 0.612231 0.621702 0.638618 0.669563 0.691748 
0.0583595 0.0762768 0.0849984 0.0948508 0.14462 0.167623 0.208558 0.267138 0.277061 0.290433 0.377695 0.401253 0.430195 0.545646 0.594026 0.612231 0.621702 0.638618 0.669563 0.691748 
0.0583595 0.0762768 0.0849984 0.0948508 0.14462 0.167623 0.208558 0.267138 0.277061 0.290433 0.377695 0.401253 0.430195 0.545646 0.594026 0.612231 0.621702 0.638618 0.669563 0.691748 
0.0583595 0.0762768 0.0849984 0.0948508 0.14462 0.167623 0.208558 0.267138 0.277061 0.290433 0.377695 0.401253 0.430195 0.545646 0.594026 0.612231 0.621702 0.638618 0.669563 0.691748 
0.0583595 0.0762768 0.0849984 0.0948508 0.14462 0.167623 0.208558 0.267138 0.277061 0.290433 0.377695 0.401253 0.430195 0.545646 0.594026 0.612231 0.621702 0.638618 0.669563 0.691748 
0.0583595 0.0762768 0.0849984 0.0948508 0.14462 0.167623 0.208558 0.267138 0.277061 0.290433 0.377695 0.401253 0.430195 0.545646 0.594026 0.612231 0.621702 0.638618 0.669563 0.691748 
0.0583595 0.0762768 0.0849984 0.0948508 0.14462 0.167623 0.208558 0.267138 0.277061 0.290433 0.377695 0.401253 0.430195 0.545646 0.594026 0.612231 0.621702 0.638618 0.669563 0.691748 
0.0583595 0.0762768 0.0849984 0.0948508 0.14462 0.167623 0.208558 0.267138 0.277061 0.290433 0.377695 0.401253 0.430195 0.545646 0.594026 0.612231 0.621702 0.638618 0.669563 0.691748 
0.0583595 0.0762768 0.0849984 0.0948508 0.14462 0.167623 0.208558 0.267138 0.277061 0.290433 0.377695 0.401253 0.430195 0.545646 0.594026 0.612231 0.621702 0.638618 0.669563 0.691748 
0.0583595 0.0762768 0.0849984 0.0948508 0.14462 0.167623 0.208558 0.267138 0.277061 0.290433 0.377695 0.401253 0.430195 0.545646 0.594026 0.612231 0.621702 0.638618 0.669563 0.691748 
0.0583595 0.0762768 0.0849984 0.0948508 0.14462 0.167623 0.208558 0.267138 0.277061 0.290433 0.377695 0.401253 0.430195 0.545646 0.594026 0.612231 0.621702 0.638618 0.669563 0.691748 
