2.83671 3.75117 4.84413 4.94236 5.44831 5.45352 5.49302 5.62519 5.81873 5.88036 6.38642 6.65059 6.66667 6.78123 6.93371 7.18104 7.35963 7.47506 7.52386 7.60167 
2.83671 3.15911 3.75117 4.10435 4.84413 4.94236 5.15387 5.3525 5.44831 5.45352 5.49302 5.62519 5.6579 5.71074 5.81873 5.88036 5.99373 6.01594 6.03308 6.05603 
2.67119 2.83671 3.15911 3.69305 3.75117 4.10435 4.84413 4.94236 5.15387 5.34931 5.3525 5.35586 5.44831 5.45352 5.49302 5.62519 5.6579 5.71074 5.81873 5.88036 
2.67119 2.83671 3.15911 3.64041 3.69305 3.75117 4.10435 4.55998 4.84413 4.94236 5.09671 5.15387 5.34931 5.3525 5.35586 5.44831 5.45352 5.49302 5.62519 5.64448 
2.67119 2.83671 3.15911 3.64041 3.69305 3.75117 4.10435 4.25169 4.55998 4.83545 4.84413 4.94236 5.09671 5.15387 5.34931 5.3525 5.35586 5.44831 5.45352 5.49302 
2.67119 2.83671 3.15911 3.60598 3.64041 3.69305 3.75117 4.10435 4.25169 4.4947 4.55998 4.83545 4.84413 4.94236 5.09671 5.14708 5.15387 5.34931 5.3525 5.35586 
2.67119 2.83671 2.94929 3.15911 3.60598 3.64041 3.69305 3.75117 3.97819 3.98759 4.10435 4.25169 4.38603 4.3912 4.4947 4.55918 4.55998 4.83545 4.84413 4.94236 
2.67119 2.83671 2.94929 3.15911 3.48654 3.60598 3.64041 3.69305 3.75117 3.85947 3.97819 3.98759 4.09332 4.10435 4.25169 4.38603 4.3912 4.40112 4.43518 4.4947 
2.27538 2.67119 2.83671 2.94929 3.13458 3.15911 3.18177 3.30786 3.33747 3.48654 3.60598 3.64041 3.68778 3.69305 3.75117 3.82169 3.83745 3.85947 3.97819 3.98759 
2.27538 2.67119 2.83671 2.94929 3.13458 3.15911 3.17372 3.18177 3.23929 3.30786 3.33747 3.48654 3.60598 3.64041 3.68778 3.69305 3.75117 3.82169 3.83745 3.85947 
0.936907 2.27538 2.67119 2.83447 2.83671 2.94929 3.13458 3.15911 3.17372 3.18177 3.23929 3.29365 3.30786 3.33747 3.48654 3.60598 3.64041 3.68778 3.69305 3.6954 
0.936907 2.27538 2.67119 2.83447 2.83671 2.90981 2.94929 3.13458 3.15911 3.17372 3.18177 3.23929 3.29365 3.30786 3.33747 3.48654 3.50723 3.51771 3.60598 3.64041 
0.936907 1.12302 1.871 2.27538 2.67119 2.71919 2.83447 2.83671 2.90981 2.94929 3.13458 3.15911 3.17372 3.18177 3.23929 3.26706 3.29365 3.30786 3.33747 3.34065 
0.936907 1.12302 1.871 2.25968 2.27538 2.67119 2.71919 2.83447 2.83671 2.90981 2.94929 3.09056 3.13458 3.15911 3.17372 3.18177 3.23929 3.26706 3.29365 3.30786 
0.936907 1.12302 1.871 2.25968 2.27538 2.67119 2.71919 2.83447 2.83671 2.90981 2.94929 3.09056 3.13458 3.15911 3.17372 3.18177 3.23929 3.24729 3.26706 3.29365 
0.936907 1.12302 1.871 1.90667 2.25968 2.27538 2.67119 2.71431 2.71919 2.80678 2.83447 2.83671 2.90981 2.94929 3.09056 3.13458 3.15911 3.17372 3.18177 3.23929 
0.936907 1.12302 1.871 1.90667 1.99249 2.09881 2.25968 2.27538 2.67119 2.71431 2.71919 2.80678 2.83447 2.83671 2.90981 2.94929 2.97941 3.09056 3.13458 3.15911 
0.85583 0.936907 1.12302 1.871 1.90667 1.9438 1.99249 2.09881 2.25968 2.27538 2.67119 2.71431 2.71919 2.80678 2.83447 2.83671 2.90981 2.94929 2.97941 3.09056 
0.85583 0.936907 1.12302 1.8272 1.871 1.90667 1.9438 1.94606 1.99249 2.09881 2.25968 2.26784 2.27538 2.67119 2.67712 2.71431 2.71919 2.80678 2.82979 2.83447 
0.85583 0.936907 1.12302 1.69486 1.8272 1.871 1.90667 1.9438 1.94606 1.99249 2.09881 2.25968 2.26784 2.27538 2.54847 2.67119 2.67712 2.71431 2.71919 2.80678 
0.85583 0.936907 1.12302 1.51031 1.69486 1.8272 1.871 1.90667 1.9438 1.94606 1.99249 2.09881 2.25968 2.26784 2.27538 2.54847 2.59899 2.64568 2.67119 2.67712 
0.85583 0.936907 1.12302 1.51031 1.69486 1.8272 1.871 1.90667 1.9438 1.94606 1.99249 2.09881 2.25968 2.26784 2.27538 2.54847 2.59899 2.64568 2.67119 2.67712 
0.85583 0.936907 1.12302 1.51031 1.61328 1.69486 1.8272 1.871 1.90667 1.9438 1.94606 1.99249 2.09881 2.25968 2.26784 2.27538 2.53633 2.54847 2.59899 2.64568 
0.85583 0.936907 1.12302 1.26206 1.51031 1.61328 1.69486 1.8272 1.871 1.90667 1.9438 1.94606 1.99249 2.09881 2.25968 2.26784 2.27538 2.39718 2.53633 2.54847 
0.85583 0.936907 1.12302 1.26206 1.51031 1.61328 1.69486 1.77852 1.8272 1.871 1.90667 1.9438 1.94606 1.99249 2.09881 2.25968 2.26784 2.27538 2.39718 2.53633 
0.85583 0.936907 1.12302 1.26206 1.51031 1.61328 1.69486 1.77852 1.8272 1.871 1.90667 1.92605 1.9438 1.94606 1.99249 2.09881 2.25968 2.26784 2.27538 2.39718 
0.85583 0.936907 1.12302 1.26206 1.51031 1.61328 1.69486 1.77852 1.8272 1.871 1.88968 1.89889 1.90667 1.92605 1.9438 1.94606 1.99249 2.09881 2.25968 2.26784 
0.85583 0.936907 1.12302 1.14422 1.26206 1.51031 1.61328 1.69486 1.77852 1.8272 1.871 1.88968 1.89889 1.90667 1.92605 1.9438 1.94606 1.99249 2.09881 2.13364 
0.85583 0.936907 1.12302 1.14422 1.26206 1.51031 1.61328 1.69486 1.77852 1.8272 1.871 1.88968 1.89889 1.90667 1.92605 1.9438 1.94606 1.99249 2.09881 2.13364 
0.85583 0.936907 1.12302 1.14422 1.26206 1.51031 1.61328 1.69486 1.77852 1.82406 1.8272 1.871 1.88968 1.89889 1.90667 1.92605 1.9438 1.94606 1.99249 2.06908 
0.85583 0.936907 1.12302 1.14422 1.26206 1.51031 1.61328 1.62706 1.69486 1.77852 1.82406 1.8272 1.871 1.88968 1.89889 1.90667 1.92605 1.9438 1.94606 1.99249 
0.732723 0.85583 0.936907 1.12302 1.14422 1.26206 1.51031 1.61328 1.62706 1.69486 1.77852 1.82406 1.8272 1.871 1.88968 1.89889 1.90667 1.92605 1.9438 1.94606 
0.659327 0.732723 0.85583 0.936907 1.12302 1.14422 1.26206 1.51031 1.61328 1.62706 1.69486 1.77852 1.82406 1.8272 1.871 1.88968 1.89889 1.90667 1.92605 1.9438 
0.659327 0.732723 0.85583 0.936907 1.12302 1.14422 1.26206 1.51031 1.61328 1.62706 1.69486 1.77852 1.82406 1.8272 1.871 1.88968 1.89889 1.90667 1.92605 1.9438 
0.511209 0.659327 0.732723 0.85583 0.936052 0.936907 1.12302 1.14422 1.26206 1.36801 1.51031 1.61328 1.62706 1.69486 1.77852 1.82406 1.8272 1.871 1.88968 1.89889 
0.511209 0.659327 0.732723 0.85583 0.936052 0.936907 1.03909 1.12302 1.1285 1.14422 1.26206 1.36801 1.51031 1.61328 1.62706 1.69486 1.77852 1.82406 1.8272 1.871 
0.511209 0.659327 0.732723 0.85583 0.936052 0.936907 1.03909 1.12302 1.1285 1.14422 1.26206 1.33584 1.36801 1.51031 1.61328 1.62706 1.69486 1.7012 1.77852 1.82406 
0.225995 0.307188 0.511209 0.659327 0.732723 0.85583 0.897894 0.936052 0.936907 1.03909 1.12302 1.1285 1.14422 1.26206 1.33584 1.35428 1.36801 1.51031 1.61328 1.62706 
0.225995 0.307188 0.511209 0.659327 0.732723 0.739607 0.85583 0.897894 0.936052 0.936907 0.951557 1.03909 1.04518 1.12302 1.1285 1.14422 1.26206 1.33584 1.35428 1.36801 
0.221091 0.225995 0.307188 0.511209 0.659327 0.732723 0.739607 0.85583 0.897894 0.936052 0.936907 0.951557 1.03909 1.04518 1.12302 1.1285 1.14422 1.26206 1.33584 1.35428 
0.221091 0.225995 0.307188 0.511209 0.659327 0.732723 0.739607 0.85583 0.897894 0.936052 0.936907 0.951557 1.02834 1.03909 1.04518 1.12302 1.1285 1.14422 1.26206 1.28599 
0.221091 0.225995 0.307188 0.511209 0.659327 0.732723 0.739607 0.85583 0.897894 0.936052 0.936907 0.951557 1.02834 1.03909 1.04518 1.12302 1.1285 1.14422 1.26206 1.28599 
0.221091 0.225995 0.307188 0.358979 0.511209 0.659327 0.732723 0.739607 0.85583 0.897894 0.936052 0.936907 0.951557 1.02834 1.03909 1.04518 1.12302 1.1285 1.14422 1.26206 
0.221091 0.225995 0.307188 0.358979 0.511209 0.637255 0.659327 0.732723 0.739607 0.85583 0.86279 0.897894 0.936052 0.936907 0.951557 1.02834 1.03909 1.04518 1.12302 1.1285 
0.221091 0.225995 0.307188 0.358979 0.511209 0.637255 0.659327 0.732723 0.739607 0.85583 0.86279 0.897894 0.936052 0.936907 0.951557 1.02834 1.03909 1.04518 1.12302 1.1285 
0.221091 0.225995 0.307188 0.358979 0.42594 0.511209 0.637255 0.659327 0.732723 0.739607 0.740398 0.85583 0.86279 0.897894 0.936052 0.936907 0.951557 1.02834 1.03909 1.04518 
0.0491134 0.221091 0.225995 0.307188 0.358979 0.42594 0.511209 0.637255 0.659327 0.732723 0.739607 0.740398 0.85583 0.86279 0.897894 0.936052 0.936907 0.951557 1.02834 1.03909 
0.0491134 0.221091 0.225995 0.307188 0.358979 0.42594 0.511209 0.637255 0.659327 0.677853 0.732723 0.739607 0.740398 0.85583 0.86279 0.876107 0.897894 0.936052 0.936907 0.951557 
0.0491134 0.221091 0.225995 0.307188 0.358979 0.42594 0.511209 0.637255 0.659327 0.677853 0.732723 0.739607 0.740398 0.763247 0.85583 0.86279 0.876107 0.897894 0.936052 0.936907 
0.0491134 0.221091 0.225995 0.307188 0.358979 0.42594 0.511209 0.637255 0.659327 0.677853 0.732723 0.739607 0.740398 0.763247 0.85583 0.86279 0.876107 0.897894 0.936052 0.936907 
0.0491134 0.221091 0.225995 0.307188 0.358979 0.42594 0.511209 0.637255 0.659327 0.677853 0.732723 0.739607 0.740398 0.763247 0.85583 0.86279 0.876107 0.897894 0.904435 0.936052 
0.0491134 0.221091 0.225995 0.307188 0.358979 0.42594 0.511209 0.637255 0.659327 0.677853 0.732723 0.739607 0.740398 0.763247 0.85583 0.86279 0.876107 0.897894 0.904435 0.936052 
0.0491134 0.221091 0.225995 0.307188 0.358979 0.42594 0.511209 0.637255 0.659327 0.677853 0.718105 0.732723 0.739607 0.740398 0.763247 0.85583 0.86279 0.876107 0.897894 0.904435 
0.0491134 0.0944946 0.221091 0.225995 0.307188 0.358979 0.42594 0.511209 0.637255 0.659327 0.677853 0.718105 0.732723 0.739607 0.740398 0.763247 0.85583 0.86279 0.876107 0.897894 
0.0491134 0.0944946 0.221091 0.225995 0.307188 0.358979 0.42594 0.511209 0.637255 0.659327 0.677853 0.718105 0.732723 0.739607 0.740398 0.763247 0.85583 0.86279 0.876107 0.897894 
0.0491134 0.0944946 0.221091 0.225995 0.307188 0.358979 0.42594 0.511209 0.637255 0.659327 0.677853 0.718105 0.732723 0.739607 0.740398 0.763247 0.85583 0.86279 0.876107 0.897894 
0.0491134 0.0944946 0.106824 0.221091 0.225995 0.307188 0.358979 0.42594 0.511209 0.637255 0.659327 0.677853 0.718105 0.732723 0.739607 0.740398 0.763247 0.85583 0.86279 0.876107 
0.0491134 0.0944946 0.106824 0.221091 0.225995 0.307188 0.358979 0.42594 0.511209 0.626592 0.637255 0.659327 0.677853 0.718105 0.732723 0.739607 0.740398 0.763247 0.85583 0.86279 
0.0491134 0.0944946 0.106824 0.221091 0.225995 0.307188 0.358979 0.42594 0.511209 0.626592 0.637255 0.659327 0.677853 0.718105 0.732723 0.739607 0.740398 0.763247 0.85583 0.86279 
0.0491134 0.0944946 0.106824 0.221091 0.225995 0.307188 0.358979 0.42594 0.511209 0.626592 0.637255 0.659327 0.677853 0.718105 0.732723 0.739607 0.740398 0.763247 0.85583 0.86279 
0.0491134 0.0944946 0.106824 0.221091 0.225995 0.307188 0.358979 0.42594 0.511209 0.626592 0.637255 0.659327 0.677853 0.718105 0.732723 0.739607 0.740398 0.763247 0.85583 0.86279 
0.0491134 0.0944946 0.106824 0.221091 0.225995 0.307188 0.358979 0.42594 0.511209 0.626592 0.637255 0.659327 0.677853 0.718105 0.732723 0.739607 0.740398 0.763247 0.838639 0.85583 
0.0491134 0.0944946 0.106824 0.221091 0.225995 0.307188 0.358979 0.42594 0.511209 0.626592 0.637255 0.659327 0.677853 0.718105 0.732723 0.739607 0.740398 0.763247 0.838639 0.85583 
0.0491134 0.0944946 0.106824 0.221091 0.225995 0.307188 0.358979 0.42594 0.511209 0.626592 0.637255 0.659327 0.677853 0.718105 0.732723 0.739607 0.740398 0.763247 0.838639 0.85583 
0.0491134 0.0944946 0.106824 0.221091 0.225995 0.307188 0.358979 0.42594 0.511209 0.626592 0.637255 0.659327 0.677853 0.718105 0.732723 0.739607 0.740398 0.763247 0.838639 0.85583 
0.0491134 0.0944946 0.106824 0.221091 0.225995 0.307188 0.358979 0.42594 0.511209 0.626592 0.637255 0.659327 0.677853 0.718105 0.732723 0.739607 0.740398 0.763247 0.838639 0.85583 
0.0491134 0.0944946 0.106824 0.221091 0.225995 0.307188 0.358979 0.42594 0.511209 0.626592 0.637255 0.659327 0.677853 0.718105 0.732723 0.739607 0.740398 0.763247 0.838639 0.85583 
0.0491134 0.0944946 0.106824 0.221091 0.225995 0.307188 0.358979 0.42594 0.511209 0.626592 0.637255 0.659327 0.677853 0.718105 0.732723 0.739607 0.740398 0.763247 0.838639 0.85583 
0.0491134 0.0944946 0.106824 0.221091 0.225995 0.307188 0.358979 0.42594 0.511209 0.626592 0.637255 0.659327 0.677853 0.718105 0.732723 0.739607 0.740398 0.763247 0.838639 0.85583 
0.0491134 0.0944946 0.106824 0.221091 0.225995 0.307188 0.358979 0.42594 0.511209 0.626592 0.637255 0.659327 0.677853 0.718105 0.732723 0.739607 0.740398 0.763247 0.838639 0.85583 
0.0491134 0.0944946 0.106824 0.221091 0.225995 0.307188 0.358979 0.42594 0.511209 0.626592 0.637255 0.659327 0.677853 0.718105 0.732723 0.739607 0.740398 0.763247 0.838639 0.85583 
0.0491134 0.0944946 0.106824 0.221091 0.225995 0.307188 0.358979 0.42594 0.511209 0.626592 0.637255 0.659327 0.677853 0.718105 0.732723 0.739607 0.740398 0.763247 0.838639 0.85583 
0.0491134 0.0944946 0.106824 0.221091 0.225995 0.307188 0.358979 0.42594 0.511209 0.626592 0.637255 0.659327 0.677853 0.718105 0.732723 0.739607 0.740398 0.763247 0.838639 0.85583 
0.0491134 0.0944946 0.106824 0.221091 0.225995 0.307188 0.358979 0.42594 0.511209 0.626592 0.637255 0.659327 0.677853 0.718105 0.732723 0.739607 0.740398 0.763247 0.838639 0.85583 
0.0491134 0.0944946 0.106824 0.221091 0.225995 0.307188 0.358979 0.42594 0.511209 0.626592 0.637255 0.659327 0.677853 0.718105 0.732723 0.739607 0.740398 0.763247 0.838639 0.85583 
0.0491134 0.0944946 0.106824 0.221091 0.225995 0.307188 0.358979 0.42594 0.511209 0.626592 0.637255 0.659327 0.677853 0.718105 0.732723 0.739607 0.740398 0.763247 0.838639 0.85583 
0.0491134 0.0944946 0.106824 0.221091 0.225995 0.307188 0.358979 0.42594 0.511209 0.626592 0.637255 0.659327 0.677853 0.718105 0.732723 0.739607 0.740398 0.763247 0.838639 0.85583 
0.0491134 0.0944946 0.106824 0.221091 0.225995 0.307188 0.358979 0.42594 0.511209 0.626592 0.637255 0.659327 0.677853 0.718105 0.732723 0.739607 0.740398 0.763247 0.838639 0.85583 
0.0491134 0.0944946 0.106824 0.221091 0.225995 0.307188 0.358979 0.42594 0.511209 0.626592 0.637255 0.659327 0.677853 0.718105 0.732723 0.739607 0.740398 0.763247 0.838639 0.85583 
0.0491134 0.0944946 0.106824 0.221091 0.225995 0.307188 0.358979 0.42594 0.511209 0.626592 0.637255 0.659327 0.677853 0.718105 0.732723 0.739607 0.740398 0.763247 0.838639 0.85583 
0.0491134 0.0944946 0.106824 0.221091 0.225995 0.307188 0.358979 0.42594 0.511209 0.626592 0.637255 0.659327 0.677853 0.718105 0.732723 0.739607 0.740398 0.763247 0.838639 0.85583 
0.0491134 0.0944946 0.106824 0.221091 0.225995 0.307188 0.358979 0.42594 0.511209 0.626592 0.637255 0.659327 0.677853 0.718105 0.732723 0.739607 0.740398 0.763247 0.838639 0.85583 
0.0491134 0.0944946 0.106824 0.221091 0.225995 0.307188 0.358979 0.42594 0.511209 0.626592 0.637255 0.659327 0.677853 0.718105 0.732723 0.739607 0.740398 0.763247 0.838639 0.85583 
0.0491134 0.0944946 0.106824 0.221091 0.225995 0.307188 0.358979 0.42594 0.511209 0.626592 0.637255 0.659327 0.677853 0.718105 0.732723 0.739607 0.740398 0.763247 0.838639 0.85583 
0.0491134 0.0944946 0.106824 0.221091 0.225995 0.307188 0.358979 0.42594 0.511209 0.626592 0.637255 0.659327 0.677853 0.718105 0.732723 0.739607 0.740398 0.763247 0.838639 0.85583 
0.0491134 0.0944946 0.106824 0.221091 0.225995 0.307188 0.358979 0.42594 0.511209 0.626592 0.637255 0.659327 0.677853 0.718105 0.732723 0.739607 0.740398 0.763247 0.838639 0.85583 
0.0491134 0.0944946 0.106824 0.221091 0.225995 0.307188 0.358979 0.42594 0.511209 0.626592 0.637255 0.659327 0.677853 0.718105 0.732723 0.739607 0.740398 0.763247 0.838639 0.85583 
0.0491134 0.0944946 0.106824 0.221091 0.225995 0.307188 0.358979 0.42594 0.511209 0.626592 0.637255 0.659327 0.677853 0.718105 0.732723 0.739607 0.740398 0.763247 0.838639 0.85583 
0.0491134 0.0944946 0.106824 0.221091 0.225995 0.307188 0.358979 0.42594 0.511209 0.626592 0.637255 0.659327 0.677853 0.718105 0.732723 0.739607 0.740398 0.763247 0.838639 0.85583 
0.0491134 0.0944946 0.106824 0.221091 0.225995 0.307188 0.358979 0.42594 0.511209 0.626592 0.637255 0.659327 0.677853 0.718105 0.732723 0.739607 0.740398 0.763247 0.838639 0.85583 
0.0491134 0.0944946 0.106824 0.221091 0.225995 0.307188 0.358979 0.42594 0.511209 0.626592 0.637255 0.659327 0.677853 0.718105 0.732723 0.739607 0.740398 0.763247 0.838639 0.85583 
0.0491134 0.0944946 0.106824 0.221091 0.225995 0.307188 0.358979 0.42594 0.511209 0.626592 0.637255 0.659327 0.677853 0.718105 0.732723 0.739607 0.740398 0.763247 0.838639 0.85583 
0.0491134 0.0944946 0.106824 0.221091 0.225995 0.307188 0.358979 0.42594 0.511209 0.626592 0.637255 0.659327 0.677853 0.718105 0.732723 0.739607 0.740398 0.763247 0.838639 0.85583 
0.0491134 0.0944946 0.106824 0.221091 0.225995 0.307188 0.358979 0.42594 0.511209 0.626592 0.637255 0.659327 0.677853 0.718105 0.732723 0.739607 0.740398 0.763247 0.838639 0.85583 
0.0491134 0.0944946 0.106824 0.221091 0.225995 0.307188 0.358979 0.42594 0.511209 0.626592 0.637255 0.659327 0.677853 0.718105 0.732723 0.739607 0.740398 0.763247 0.838639 0.85583 
0.0491134 0.0944946 0.106824 0.221091 0.225995 0.307188 0.358979 0.42594 0.511209 0.626592 0.637255 0.659327 0.677853 0.718105 0.732723 0.739607 0.740398 0.763247 0.838639 0.85583 
0.0491134 0.0944946 0.106824 0.221091 0.225995 0.307188 0.358979 0.42594 0.511209 0.626592 0.637255 0.659327 0.677853 0.718105 0.732723 0.739607 0.740398 0.763247 0.838639 0.85583 
0.0491134 0.0944946 0.106824 0.221091 0.225995 0.307188 0.358979 0.42594 0.511209 0.626592 0.637255 0.659327 0.677853 0.718105 0.732723 0.739607 0.740398 0.763247 0.838639 0.85583 
0.0491134 0.0944946 0.106824 0.221091 0.225995 0.307188 0.358979 0.42594 0.511209 0.626592 0.637255 0.659327 0.677853 0.718105 0.732723 0.739607 0.740398 0.763247 0.838639 0.85583 
0.0491134 0.0944946 0.106824 0.221091 0.225995 0.307188 0.358979 0.42594 0.511209 0.626592 0.637255 0.659327 0.677853 0.718105 0.732723 0.739607 0.740398 0.763247 0.838639 0.85583 
