1.28766 1.6322 2.72967 2.82555 3.39711 3.45053 3.47658 3.55814 3.68514 3.70375 3.81852 3.98955 4.18166 4.20937 4.21375 4.30449 4.38059 4.43628 4.5686 4.5976 
1.28766 1.6322 2.49966 2.72967 2.73646 2.74449 2.79607 2.82555 3.12846 3.20168 3.2133 3.3147 3.39711 3.45053 3.47476 3.47658 3.55798 3.55814 3.68514 3.70375 
0.784802 1.28766 1.32622 1.6322 1.89446 2.31279 2.43028 2.49966 2.72967 2.73646 2.74449 2.79607 2.82555 2.89915 2.9286 2.98715 3.03056 3.04011 3.05084 3.07082 
0.784802 1.28766 1.32622 1.33577 1.6322 1.89446 2.24503 2.31279 2.36422 2.37061 2.41929 2.42241 2.43028 2.47899 2.49966 2.55896 2.61007 2.68418 2.72967 2.73646 
0.41532 0.59325 0.784802 0.938395 1.14891 1.26852 1.28766 1.32622 1.33577 1.6322 1.67177 1.89446 2.21606 2.24503 2.31279 2.36422 2.37061 2.41929 2.42241 2.43028 
0.41532 0.59325 0.784802 0.938395 0.95594 1.14891 1.26852 1.28766 1.32622 1.33577 1.37861 1.50137 1.54705 1.6322 1.67177 1.89446 2.21606 2.24503 2.31279 2.36422 
0.366631 0.394556 0.41532 0.41859 0.59325 0.781568 0.784802 0.924146 0.938395 0.95594 1.14891 1.26852 1.28766 1.32622 1.33577 1.37861 1.50137 1.54705 1.6322 1.67177 
0.366631 0.394556 0.41532 0.41859 0.59325 0.781568 0.784802 0.924146 0.938395 0.95594 1.14891 1.26852 1.28542 1.28766 1.32622 1.33577 1.36185 1.37861 1.50137 1.54705 
0.122595 0.366631 0.394556 0.41532 0.41859 0.59325 0.676745 0.781568 0.784802 0.924146 0.938395 0.95594 0.988668 1.09038 1.14891 1.24976 1.26852 1.28542 1.28766 1.32622 
0.122595 0.366631 0.394556 0.41532 0.41859 0.59325 0.676745 0.781568 0.784802 0.924146 0.938395 0.95594 0.969389 0.988668 1.09038 1.14891 1.24976 1.26852 1.28542 1.28766 
0.122595 0.366631 0.367545 0.394556 0.41532 0.41859 0.59325 0.676745 0.781568 0.784802 0.924146 0.938395 0.95594 0.969389 0.988668 1.02582 1.09038 1.14891 1.19041 1.22714 
0.122595 0.338577 0.366631 0.367545 0.394556 0.41532 0.41859 0.59325 0.676745 0.781568 0.784802 0.924146 0.938395 0.95594 0.969389 0.988668 1.02582 1.09038 1.14891 1.19041 
0.122595 0.338577 0.366631 0.367545 0.394556 0.41532 0.41859 0.59325 0.676745 0.781568 0.784802 0.924146 0.938395 0.95594 0.969389 0.988668 1.02582 1.09038 1.14891 1.19041 
0.122595 0.338577 0.366631 0.367545 0.394556 0.41532 0.41859 0.59325 0.629089 0.676745 0.781568 0.784802 0.924146 0.938395 0.95594 0.969389 0.988668 1.02582 1.09038 1.14891 
0.122595 0.338577 0.366631 0.367545 0.394556 0.41532 0.41859 0.530104 0.59325 0.629089 0.676745 0.781568 0.784802 0.924146 0.938395 0.95594 0.969389 0.988668 1.02582 1.09038 
0.0816836 0.104054 0.122595 0.338577 0.366631 0.367545 0.394556 0.41532 0.41859 0.530104 0.59325 0.629089 0.676745 0.781568 0.784802 0.871402 0.924146 0.938395 0.95594 0.969389 
0.0816836 0.104054 0.122595 0.137064 0.338577 0.366631 0.367545 0.394556 0.41532 0.41859 0.530104 0.59325 0.629089 0.676745 0.781568 0.784802 0.871402 0.924146 0.938395 0.95594 
0.0816836 0.104054 0.122595 0.137064 0.338577 0.366631 0.367545 0.394556 0.41532 0.41859 0.530104 0.59325 0.629089 0.676745 0.781568 0.784802 0.871402 0.924146 0.938395 0.95594 
0.0816836 0.104054 0.122595 0.137064 0.338577 0.339195 0.366631 0.367545 0.394556 0.41532 0.41859 0.530104 0.59325 0.629089 0.676745 0.781568 0.784802 0.871402 0.924146 0.938395 
0.0816836 0.104054 0.122595 0.137064 0.338577 0.339195 0.366631 0.367545 0.394556 0.41532 0.41859 0.530104 0.59325 0.629089 0.676745 0.781568 0.784802 0.871402 0.924146 0.938395 
0.0816836 0.104054 0.122595 0.137064 0.338577 0.339195 0.366631 0.367545 0.394556 0.41532 0.41859 0.530104 0.555708 0.59325 0.600686 0.629089 0.676745 0.781568 0.784802 0.871402 
0.0816836 0.104054 0.122595 0.137064 0.338577 0.339195 0.366631 0.367545 0.394556 0.41532 0.41859 0.530104 0.555708 0.59325 0.600686 0.629089 0.675603 0.676745 0.781568 0.784802 
0.0816836 0.104054 0.122595 0.137064 0.338577 0.339195 0.366631 0.367545 0.394556 0.41532 0.41859 0.530104 0.555708 0.59325 0.600686 0.629089 0.675603 0.676745 0.781568 0.784802 
0.0816836 0.104054 0.122595 0.137064 0.338577 0.339195 0.366631 0.367545 0.394556 0.41532 0.41859 0.530104 0.555708 0.59325 0.600686 0.629089 0.675603 0.676745 0.781568 0.784802 
0.0816836 0.104054 0.122595 0.137064 0.338577 0.339195 0.366631 0.367545 0.394556 0.41532 0.41859 0.530104 0.555708 0.59325 0.600686 0.629089 0.675603 0.676745 0.781568 0.784802 
0.0816836 0.104054 0.122595 0.137064 0.338577 0.339195 0.366631 0.367545 0.394556 0.41532 0.41859 0.530104 0.555708 0.59325 0.600686 0.629089 0.675603 0.676745 0.720203 0.781568 
0.0816836 0.104054 0.122595 0.137064 0.338577 0.339195 0.366631 0.367545 0.394556 0.41532 0.41859 0.530104 0.555708 0.59325 0.600686 0.629089 0.675603 0.676745 0.720203 0.781568 
0.0816836 0.104054 0.122595 0.137064 0.338577 0.339195 0.366631 0.367545 0.394556 0.41532 0.41859 0.530104 0.555708 0.59325 0.600686 0.629089 0.675603 0.676745 0.720203 0.781568 
0.0816836 0.104054 0.122595 0.137064 0.338577 0.339195 0.366631 0.367545 0.394556 0.41532 0.41859 0.530104 0.555708 0.59325 0.600686 0.629089 0.675603 0.676745 0.720203 0.781568 
0.0132159 0.0816836 0.104054 0.122595 0.137064 0.338577 0.339195 0.366631 0.367545 0.394556 0.41532 0.41859 0.530104 0.555708 0.59325 0.600686 0.629089 0.675603 0.676745 0.720203 
0.0132159 0.0816836 0.104054 0.122595 0.137064 0.338577 0.339195 0.366631 0.367545 0.394556 0.41532 0.41859 0.530104 0.555708 0.59325 0.600686 0.629089 0.675603 0.676745 0.720203 
0.0132159 0.0816836 0.104054 0.122595 0.137064 0.251947 0.338577 0.339195 0.366631 0.367545 0.394556 0.41532 0.41859 0.530104 0.555708 0.59325 0.600686 0.629089 0.675603 0.676745 
0.0132159 0.0816836 0.104054 0.122595 0.137064 0.251947 0.338577 0.339195 0.366631 0.367545 0.394556 0.41532 0.41859 0.530104 0.555708 0.59325 0.600686 0.629089 0.675603 0.676745 
0.0132159 0.0816836 0.104054 0.122595 0.137064 0.251947 0.338577 0.339195 0.366631 0.367545 0.394556 0.41532 0.41859 0.530104 0.555708 0.59325 0.600686 0.629089 0.675603 0.676745 
0.0132159 0.0816836 0.104054 0.122595 0.137064 0.251947 0.338577 0.339195 0.366631 0.367545 0.394556 0.41532 0.41859 0.474382 0.478278 0.530104 0.555708 0.59325 0.600686 0.629089 
0.0132159 0.0816836 0.104054 0.122595 0.137064 0.251947 0.338577 0.339195 0.366631 0.367545 0.394556 0.41532 0.41859 0.474382 0.478278 0.530104 0.555708 0.560309 0.576359 0.59325 
0.0132159 0.0816836 0.104054 0.113234 0.122595 0.137064 0.251947 0.338577 0.339195 0.366631 0.367545 0.394556 0.41532 0.41859 0.474382 0.478278 0.530104 0.555708 0.560309 0.576359 
0.0132159 0.0816836 0.104054 0.113234 0.122595 0.137064 0.251947 0.338577 0.339195 0.366631 0.367545 0.394556 0.41532 0.41859 0.474382 0.478278 0.530104 0.555708 0.560309 0.576359 
0.0132159 0.046605 0.0816836 0.104054 0.113234 0.122595 0.137064 0.251947 0.338577 0.339195 0.366631 0.367545 0.394556 0.41532 0.41859 0.474382 0.478278 0.530104 0.555708 0.560309 
0.0132159 0.046605 0.0816836 0.104054 0.113234 0.122595 0.137064 0.251947 0.338577 0.339195 0.366631 0.367545 0.394556 0.41532 0.41859 0.474382 0.478278 0.530104 0.555708 0.560309 
0.0132159 0.046605 0.0816836 0.104054 0.113234 0.122595 0.137064 0.251947 0.338577 0.339195 0.366631 0.367545 0.394556 0.41532 0.41859 0.474382 0.478278 0.530104 0.555708 0.560309 
0.0132159 0.046605 0.0816836 0.104054 0.113234 0.122595 0.137064 0.251947 0.338577 0.339195 0.366631 0.367545 0.394556 0.41532 0.41859 0.474382 0.478278 0.530104 0.555708 0.560309 
0.0132159 0.046605 0.0816836 0.104054 0.113234 0.122595 0.137064 0.251947 0.338577 0.339195 0.366631 0.367545 0.394556 0.41532 0.41859 0.430605 0.474382 0.478278 0.530104 0.555708 
0.0132159 0.046605 0.0816836 0.104054 0.113234 0.122595 0.137064 0.251947 0.338577 0.339195 0.366631 0.367545 0.394556 0.41532 0.41859 0.430605 0.474382 0.478278 0.530104 0.555708 
0.0132159 0.046605 0.0816836 0.104054 0.113234 0.122595 0.137064 0.251947 0.338577 0.339195 0.366631 0.367545 0.394556 0.41532 0.41859 0.430605 0.474382 0.478278 0.530104 0.555708 
0.0132159 0.046605 0.0816836 0.104054 0.113234 0.122595 0.137064 0.251947 0.338577 0.339195 0.366631 0.367545 0.394556 0.41532 0.41859 0.430605 0.474382 0.478278 0.530104 0.555708 
0.0132159 0.0203958 0.046605 0.0816836 0.104054 0.113234 0.122595 0.137064 0.251947 0.338577 0.339195 0.366631 0.367545 0.394556 0.41532 0.41859 0.430605 0.474382 0.478278 0.530104 
0.0132159 0.0203958 0.046605 0.0816836 0.104054 0.113234 0.122595 0.137064 0.251947 0.338577 0.339195 0.366631 0.367545 0.394556 0.41532 0.41859 0.430605 0.474382 0.478278 0.530104 
0.0119014 0.0132159 0.0203958 0.046605 0.0816836 0.104054 0.113234 0.122595 0.137064 0.251947 0.338577 0.339195 0.366631 0.367545 0.394556 0.41532 0.41859 0.430605 0.474382 0.478278 
0.0119014 0.0132159 0.0203958 0.046605 0.0816836 0.104054 0.113234 0.122595 0.137064 0.251947 0.338577 0.339195 0.366631 0.367545 0.394556 0.41532 0.41859 0.430605 0.474382 0.478278 
0.0119014 0.0132159 0.0203958 0.046605 0.0816836 0.104054 0.113234 0.122595 0.137064 0.251947 0.338577 0.339195 0.366631 0.367545 0.394556 0.41532 0.41859 0.430605 0.474382 0.478278 
0.0119014 0.0132159 0.0203958 0.046605 0.0816836 0.104054 0.113234 0.122595 0.137064 0.251947 0.323473 0.338577 0.339195 0.366631 0.367545 0.394556 0.41532 0.41859 0.430605 0.474382 
0.0119014 0.0132159 0.0203958 0.046605 0.0816836 0.0920827 0.104054 0.113234 0.122595 0.137064 0.251947 0.290984 0.323473 0.338577 0.339195 0.366631 0.367545 0.394556 0.41532 0.41859 
0.0119014 0.0132159 0.0203958 0.046605 0.0816836 0.0920827 0.104054 0.113234 0.122595 0.137064 0.251947 0.290984 0.323473 0.338577 0.339195 0.366631 0.367545 0.394556 0.41532 0.41859 
0.0119014 0.0132159 0.0203958 0.046605 0.0816836 0.0905239 0.0920827 0.104054 0.113234 0.122595 0.137064 0.251947 0.290984 0.323473 0.338577 0.339195 0.366631 0.367545 0.394556 0.41532 
0.0119014 0.0132159 0.0203958 0.046605 0.0816836 0.0905239 0.0920827 0.104054 0.113234 0.122595 0.137064 0.251947 0.290984 0.323473 0.338577 0.339195 0.366631 0.367545 0.394556 0.402762 
0.0119014 0.0132159 0.0203958 0.046605 0.0816836 0.0905239 0.0920827 0.104054 0.113234 0.122595 0.137064 0.251947 0.290984 0.323473 0.338577 0.339195 0.360158 0.366631 0.367545 0.394556 
0.0119014 0.0132159 0.0203958 0.046605 0.0816836 0.0905239 0.0920827 0.104054 0.113234 0.122595 0.137064 0.161052 0.251947 0.290984 0.323473 0.338577 0.339195 0.360158 0.366631 0.367545 
0.0119014 0.0132159 0.0203958 0.046605 0.0816836 0.0905239 0.0920827 0.104054 0.113234 0.122595 0.137064 0.161052 0.251947 0.290984 0.323473 0.338577 0.339195 0.360158 0.366631 0.367545 
0.0119014 0.0132159 0.0203958 0.046605 0.0816836 0.0905239 0.0920827 0.104054 0.113234 0.122595 0.137064 0.161052 0.251947 0.290984 0.323473 0.338577 0.339195 0.360158 0.366631 0.367545 
0.0119014 0.0132159 0.0203958 0.046605 0.0816836 0.0905239 0.0920827 0.104054 0.113234 0.122595 0.137064 0.161052 0.251947 0.290984 0.323473 0.338577 0.339195 0.360158 0.366631 0.367545 
0.0119014 0.0132159 0.0203958 0.046605 0.0816836 0.0905239 0.0920827 0.104054 0.113234 0.122595 0.137064 0.161052 0.251947 0.290984 0.323473 0.338577 0.339195 0.360158 0.366631 0.367545 
0.0119014 0.0132159 0.0203958 0.046605 0.0816836 0.0905239 0.0920827 0.104054 0.113234 0.122595 0.137064 0.161052 0.251947 0.290984 0.323473 0.338577 0.339195 0.360158 0.366631 0.367545 
0.0119014 0.0132159 0.0203958 0.046605 0.0816836 0.0905239 0.0920827 0.104054 0.113234 0.122595 0.137064 0.161052 0.251947 0.290984 0.323473 0.338577 0.339195 0.360158 0.366631 0.367545 
0.0119014 0.0132159 0.0203958 0.046605 0.0816836 0.0905239 0.0920827 0.104054 0.113234 0.122595 0.137064 0.161052 0.251947 0.290984 0.323473 0.338577 0.339195 0.360158 0.366631 0.367545 
0.0119014 0.0132159 0.0203958 0.046605 0.0816836 0.0905239 0.0920827 0.104054 0.113234 0.122595 0.137064 0.161052 0.251947 0.290984 0.323473 0.338577 0.339195 0.360158 0.366631 0.367545 
0.0119014 0.0132159 0.0203958 0.046605 0.0816836 0.0905239 0.0920827 0.104054 0.113234 0.122595 0.137064 0.161052 0.251947 0.290984 0.323473 0.338577 0.339195 0.360158 0.366631 0.367545 
0.0119014 0.0132159 0.0203958 0.046605 0.0816836 0.0905239 0.0920827 0.104054 0.113234 0.122595 0.137064 0.161052 0.251947 0.290984 0.323473 0.338577 0.339195 0.360158 0.366631 0.367545 
0.0119014 0.0132159 0.0203958 0.046605 0.0656098 0.0816836 0.0905239 0.0920827 0.104054 0.113234 0.122595 0.137064 0.161052 0.251947 0.290984 0.323473 0.338577 0.339195 0.360158 0.366631 
0.0119014 0.0132159 0.0203958 0.046605 0.0572399 0.0656098 0.0816836 0.0905239 0.0920827 0.104054 0.113234 0.122595 0.137064 0.161052 0.251947 0.290984 0.323473 0.338577 0.339195 0.360158 
0.0119014 0.0132159 0.0203958 0.046605 0.0572399 0.0656098 0.0816836 0.0905239 0.0920827 0.104054 0.113234 0.122595 0.137064 0.161052 0.251947 0.290984 0.323473 0.338577 0.339195 0.360158 
0.0119014 0.0132159 0.0203958 0.046605 0.0572399 0.0656098 0.0816836 0.0905239 0.0920827 0.104054 0.113234 0.122595 0.137064 0.161052 0.251947 0.290984 0.323473 0.338577 0.339195 0.360158 
0.0119014 0.0132159 0.0203958 0.046605 0.0572399 0.0656098 0.0816836 0.0905239 0.0920827 0.104054 0.113234 0.122595 0.137064 0.161052 0.251947 0.290984 0.323473 0.338577 0.339195 0.360158 
0.0119014 0.0132159 0.0203958 0.046605 0.0572399 0.0656098 0.0816836 0.0905239 0.0920827 0.104054 0.113234 0.122595 0.137064 0.161052 0.251947 0.290984 0.323473 0.338577 0.339195 0.360158 
0.0119014 0.0132159 0.0203958 0.046605 0.0572399 0.0656098 0.0816836 0.0905239 0.0920827 0.104054 0.113234 0.122595 0.137064 0.161052 0.251947 0.290984 0.323473 0.338577 0.339195 0.360158 
0.0119014 0.0132159 0.0203958 0.046605 0.0572399 0.0656098 0.0816836 0.0905239 0.0920827 0.104054 0.113234 0.122595 0.137064 0.161052 0.251947 0.290984 0.323473 0.338577 0.339195 0.360158 
0.0119014 0.0132159 0.0203958 0.046605 0.0572399 0.0656098 0.0816836 0.0905239 0.0920827 0.104054 0.113234 0.122595 0.137064 0.161052 0.251947 0.290984 0.323473 0.338577 0.339195 0.360158 
0.0119014 0.0132159 0.0203958 0.046605 0.0572399 0.0656098 0.0816836 0.0905239 0.0920827 0.104054 0.113234 0.122595 0.137064 0.161052 0.251947 0.290984 0.323473 0.338577 0.339195 0.360158 
0.0119014 0.0132159 0.0203958 0.046605 0.0572399 0.0656098 0.0816836 0.0905239 0.0920827 0.104054 0.113234 0.122595 0.137064 0.161052 0.251947 0.290984 0.323473 0.338577 0.339195 0.360158 
0.0119014 0.0132159 0.0203958 0.046605 0.0572399 0.0656098 0.0816836 0.0905239 0.0920827 0.104054 0.113234 0.122595 0.137064 0.161052 0.251947 0.290984 0.323473 0.338577 0.339195 0.360158 
0.0119014 0.0132159 0.0203958 0.046605 0.0572399 0.0656098 0.0816836 0.0905239 0.0920827 0.104054 0.113234 0.122595 0.137064 0.161052 0.251947 0.290984 0.323473 0.338577 0.339195 0.360158 
0.0119014 0.0132159 0.0203958 0.046605 0.0572399 0.0656098 0.0816836 0.0905239 0.0920827 0.104054 0.113234 0.122595 0.137064 0.161052 0.251947 0.290984 0.323473 0.338577 0.339195 0.360158 
0.0119014 0.0132159 0.0203958 0.046605 0.0572399 0.0656098 0.0816836 0.0905239 0.0920827 0.104054 0.113234 0.122595 0.137064 0.161052 0.251947 0.290984 0.323473 0.338577 0.339195 0.360158 
0.0119014 0.0132159 0.0203958 0.046605 0.0572399 0.0656098 0.0816836 0.0905239 0.0920827 0.104054 0.113234 0.122595 0.137064 0.161052 0.251947 0.290984 0.323473 0.338577 0.339195 0.360158 
0.0119014 0.0132159 0.0203958 0.046605 0.0572399 0.0656098 0.0816836 0.0905239 0.0920827 0.104054 0.113234 0.122595 0.137064 0.161052 0.251947 0.290984 0.323473 0.338577 0.339195 0.360158 
0.0119014 0.0132159 0.0203958 0.046605 0.0572399 0.0656098 0.0816836 0.0905239 0.0920827 0.104054 0.113234 0.122595 0.137064 0.161052 0.251947 0.290984 0.323473 0.338577 0.339195 0.360158 
0.0119014 0.0132159 0.0203958 0.046605 0.0572399 0.0656098 0.0816836 0.0905239 0.0920827 0.104054 0.113234 0.122595 0.137064 0.161052 0.251947 0.290984 0.323473 0.338577 0.339195 0.360158 
0.0119014 0.0132159 0.0203958 0.046605 0.0572399 0.0656098 0.0816836 0.0905239 0.0920827 0.104054 0.113234 0.122595 0.137064 0.161052 0.251947 0.290984 0.323473 0.338577 0.339195 0.360158 
0.0119014 0.0132159 0.0203958 0.046605 0.0572399 0.0656098 0.0816836 0.0905239 0.0920827 0.104054 0.113234 0.122595 0.137064 0.161052 0.251947 0.290984 0.323473 0.338577 0.339195 0.360158 
0.0119014 0.0132159 0.0203958 0.046605 0.0572399 0.0656098 0.0816836 0.0905239 0.0920827 0.104054 0.113234 0.122595 0.137064 0.161052 0.251947 0.290984 0.323473 0.338577 0.339195 0.360158 
0.0119014 0.0132159 0.0203958 0.046605 0.0572399 0.0656098 0.0816836 0.0905239 0.0920827 0.104054 0.113234 0.122595 0.137064 0.161052 0.251947 0.290984 0.323473 0.338577 0.339195 0.360158 
0.0119014 0.0132159 0.0203958 0.046605 0.0572399 0.0656098 0.0816836 0.0905239 0.0920827 0.104054 0.113234 0.122595 0.137064 0.161052 0.251947 0.290984 0.323473 0.338577 0.339195 0.360158 
0.0119014 0.0132159 0.0203958 0.046605 0.0572399 0.0656098 0.0816836 0.0905239 0.0920827 0.104054 0.113234 0.122595 0.137064 0.161052 0.251947 0.290984 0.323473 0.338577 0.339195 0.360158 
0.0119014 0.0132159 0.0203958 0.046605 0.0572399 0.0656098 0.0816836 0.0905239 0.0920827 0.104054 0.113234 0.122595 0.137064 0.161052 0.251947 0.290984 0.323473 0.338577 0.339195 0.360158 
0.0119014 0.0132159 0.0203958 0.046605 0.0572399 0.0656098 0.0816836 0.0905239 0.0920827 0.104054 0.113234 0.122595 0.137064 0.161052 0.251947 0.290984 0.323473 0.338577 0.339195 0.360158 
0.0119014 0.0132159 0.0203958 0.046605 0.0572399 0.0656098 0.0816836 0.0905239 0.0920827 0.104054 0.113234 0.122595 0.137064 0.161052 0.251947 0.290984 0.323473 0.338577 0.339195 0.360158 
0.0119014 0.0132159 0.0203958 0.046605 0.0572399 0.0656098 0.0816836 0.0905239 0.0920827 0.104054 0.113234 0.122595 0.137064 0.161052 0.251947 0.290984 0.323473 0.338577 0.339195 0.360158 
0.0119014 0.0132159 0.0203958 0.046605 0.0572399 0.0656098 0.0816836 0.0905239 0.0920827 0.104054 0.113234 0.122595 0.137064 0.161052 0.251947 0.290984 0.323473 0.338577 0.339195 0.360158 
0.0119014 0.0132159 0.0203958 0.046605 0.0572399 0.0656098 0.0816836 0.0905239 0.0920827 0.104054 0.113234 0.122595 0.137064 0.161052 0.251947 0.290984 0.323473 0.338577 0.339195 0.360158 
0.0119014 0.0132159 0.0203958 0.046605 0.0572399 0.0656098 0.0816836 0.0905239 0.0920827 0.104054 0.113234 0.122595 0.137064 0.161052 0.251947 0.290984 0.323473 0.338577 0.339195 0.360158 
