0.761245 2.71681 2.88117 3.03961 3.15034 3.19968 3.31019 3.41743 3.44472 3.55834 3.58845 3.61993 3.80999 3.96475 4.07576 4.10061 4.22187 4.2762 4.51493 4.52451 
0.761245 2.71681 2.88117 3.03961 3.15034 3.19968 3.20243 3.29339 3.31019 3.41743 3.44472 3.55834 3.58845 3.61993 3.73194 3.80999 3.96475 4.07576 4.10061 4.22187 
0.761245 2.71681 2.88117 2.9431 3.03961 3.07402 3.15034 3.19968 3.20243 3.26197 3.29339 3.31019 3.41743 3.44472 3.47052 3.55834 3.58845 3.59468 3.61993 3.73194 
0.761245 1.68984 2.71681 2.88117 2.89381 2.9431 3.03961 3.07402 3.09124 3.13264 3.15034 3.19968 3.20143 3.20243 3.26197 3.29339 3.31019 3.41462 3.41743 3.44472 
0.761245 1.52941 1.68984 2.24513 2.29479 2.4825 2.71681 2.88117 2.89381 2.9431 3.02842 3.03961 3.07402 3.09124 3.1049 3.13264 3.15034 3.19968 3.20143 3.20243 
0.761245 1.52941 1.68984 2.24513 2.29479 2.46378 2.4825 2.71681 2.88117 2.89381 2.91982 2.9431 3.02842 3.03961 3.07402 3.09124 3.1049 3.13264 3.15034 3.19067 
0.761245 1.52941 1.68984 2.24513 2.29479 2.46378 2.4825 2.60758 2.71681 2.88117 2.89381 2.91982 2.9431 3.02842 3.03961 3.07402 3.09124 3.1049 3.13264 3.15034 
0.761245 1.52941 1.68984 2.24513 2.29479 2.46378 2.4825 2.60758 2.71681 2.88117 2.89381 2.91982 2.9431 3.02842 3.02912 3.03961 3.04588 3.07402 3.09124 3.1049 
0.761245 1.52941 1.68984 2.24513 2.29479 2.46378 2.4825 2.60758 2.71681 2.79433 2.88117 2.89381 2.91982 2.9431 3.02842 3.02912 3.03961 3.04588 3.07402 3.09124 
0.761245 1.52941 1.68984 2.24513 2.29479 2.46378 2.4825 2.60758 2.71681 2.79433 2.88117 2.89381 2.91982 2.9431 3.02842 3.02912 3.03961 3.04588 3.07402 3.09124 
0.761245 1.52941 1.68984 2.24513 2.29479 2.46378 2.4825 2.60758 2.71681 2.79433 2.88117 2.89381 2.91982 2.9431 2.972 3.02842 3.02912 3.03961 3.04588 3.07402 
0.761245 1.52941 1.68984 2.24513 2.29479 2.46378 2.4825 2.60758 2.71681 2.79433 2.88117 2.89381 2.91982 2.9431 2.972 3.02842 3.02912 3.03961 3.04588 3.07402 
0.761245 1.52941 1.68984 2.24513 2.29479 2.46378 2.4825 2.60758 2.71681 2.79433 2.88117 2.89381 2.91982 2.9431 2.972 3.02842 3.02912 3.03961 3.04588 3.07402 
0.761245 1.52941 1.68984 2.24513 2.29479 2.46378 2.4825 2.60758 2.71681 2.79433 2.88117 2.89381 2.91982 2.9431 2.972 3.02842 3.02912 3.03961 3.04588 3.07402 
0.761245 1.52941 1.68984 2.24513 2.29479 2.46378 2.4825 2.60758 2.71681 2.79433 2.88117 2.89381 2.91982 2.9431 2.972 3.02842 3.02912 3.03961 3.04588 3.07402 
0.761245 1.52941 1.68984 2.24513 2.29479 2.46378 2.4825 2.60758 2.71681 2.79433 2.88117 2.89381 2.91982 2.9431 2.972 3.02842 3.02912 3.03961 3.04588 3.07402 
0.761245 1.52941 1.68984 2.24513 2.29479 2.46378 2.4825 2.60758 2.71681 2.79433 2.88117 2.89381 2.91982 2.9431 2.972 3.02842 3.02912 3.03961 3.04588 3.07402 
0.761245 1.52941 1.68984 2.24513 2.29479 2.46378 2.4825 2.60758 2.71681 2.79433 2.88117 2.89381 2.91982 2.9431 2.972 3.02842 3.02912 3.03961 3.04588 3.07402 
0.761245 1.52941 1.68984 2.24513 2.29479 2.46378 2.4825 2.60758 2.71681 2.79433 2.88117 2.89381 2.91982 2.9431 2.972 3.02842 3.02912 3.03961 3.04588 3.07402 
0.761245 1.52941 1.68984 2.24513 2.29479 2.46378 2.4825 2.60758 2.71681 2.79433 2.88117 2.89381 2.91982 2.9431 2.972 3.02842 3.02912 3.03961 3.04588 3.07402 
0.761245 1.52941 1.68984 2.24513 2.29479 2.46378 2.4825 2.60758 2.71681 2.79433 2.88117 2.89381 2.91982 2.9431 2.972 3.02842 3.02912 3.03961 3.04588 3.07402 
0.761245 1.52941 1.68984 2.24513 2.29479 2.46378 2.4825 2.60758 2.71681 2.79433 2.88117 2.89381 2.91982 2.9431 2.972 3.02842 3.02912 3.03961 3.04588 3.07402 
0.761245 1.52941 1.68984 2.24513 2.29479 2.46378 2.4825 2.60758 2.71681 2.79433 2.88117 2.89381 2.91982 2.9431 2.972 3.02842 3.02912 3.03961 3.04588 3.07402 
0.761245 1.52941 1.68984 2.24513 2.29479 2.46378 2.4825 2.60758 2.71681 2.79433 2.88117 2.89381 2.91982 2.9431 2.972 3.02842 3.02912 3.03961 3.04588 3.07402 
0.761245 1.52941 1.68984 2.24513 2.29479 2.46378 2.4825 2.60758 2.71681 2.79433 2.88117 2.89381 2.91982 2.9431 2.972 3.02842 3.02912 3.03961 3.04588 3.07402 
0.761245 1.52941 1.68984 2.24513 2.29479 2.46378 2.4825 2.60758 2.71681 2.79433 2.88117 2.89381 2.91982 2.9431 2.972 3.02842 3.02912 3.03961 3.04588 3.07402 
0.761245 1.52941 1.68984 2.24513 2.29479 2.46378 2.4825 2.60758 2.71681 2.79433 2.88117 2.89381 2.91982 2.9431 2.972 3.02842 3.02912 3.03961 3.04588 3.07402 
0.761245 1.52941 1.68984 2.24513 2.29479 2.46378 2.4825 2.60758 2.71681 2.79433 2.88117 2.89381 2.91982 2.9431 2.972 3.02842 3.02912 3.03961 3.04588 3.07402 
0.761245 1.52941 1.68984 2.24513 2.29479 2.46378 2.4825 2.60758 2.71681 2.79433 2.88117 2.89381 2.91982 2.9431 2.972 3.02842 3.02912 3.03961 3.04588 3.07402 
0.761245 1.52941 1.68984 2.24513 2.29479 2.46378 2.4825 2.60758 2.71681 2.79433 2.88117 2.89381 2.91982 2.9431 2.972 3.02842 3.02912 3.03961 3.04588 3.07402 
0.761245 1.52941 1.68984 2.24513 2.29479 2.46378 2.4825 2.60758 2.71681 2.79433 2.88117 2.89381 2.91982 2.9431 2.972 3.02842 3.02912 3.03961 3.04588 3.07402 
0.761245 1.52941 1.68984 2.24513 2.29479 2.46378 2.4825 2.60758 2.71681 2.79433 2.88117 2.89381 2.91982 2.9431 2.972 3.02842 3.02912 3.03961 3.04588 3.07402 
0.761245 1.52941 1.68984 2.24513 2.29479 2.46378 2.4825 2.60758 2.71681 2.79433 2.88117 2.89381 2.91982 2.9431 2.972 3.02842 3.02912 3.03961 3.04588 3.07402 
0.761245 1.52941 1.68984 2.24513 2.29479 2.46378 2.4825 2.60758 2.71681 2.79433 2.88117 2.89381 2.91982 2.9431 2.972 3.02842 3.02912 3.03961 3.04588 3.07402 
0.761245 1.52941 1.68984 2.24513 2.29479 2.46378 2.4825 2.60758 2.71681 2.79433 2.88117 2.89381 2.91982 2.9431 2.972 3.02842 3.02912 3.03961 3.04588 3.07402 
0.761245 1.52941 1.68984 2.24513 2.29479 2.46378 2.4825 2.60758 2.71681 2.79433 2.88117 2.89381 2.91982 2.9431 2.972 3.02842 3.02912 3.03961 3.04588 3.07402 
0.761245 1.52941 1.68984 2.24513 2.29479 2.46378 2.4825 2.60758 2.71681 2.79433 2.88117 2.89381 2.91982 2.9431 2.972 3.02842 3.02912 3.03961 3.04588 3.07402 
0.761245 1.52941 1.68984 2.24513 2.29479 2.46378 2.4825 2.60758 2.71681 2.79433 2.88117 2.89381 2.91982 2.9431 2.972 3.02842 3.02912 3.03961 3.04588 3.07402 
0.761245 1.52941 1.68984 2.24513 2.29479 2.46378 2.4825 2.60758 2.71681 2.79433 2.88117 2.89381 2.91982 2.9431 2.972 3.02842 3.02912 3.03961 3.04588 3.07402 
0.761245 1.52941 1.68984 2.24513 2.29479 2.46378 2.4825 2.60758 2.71681 2.79433 2.88117 2.89381 2.91982 2.9431 2.972 3.02842 3.02912 3.03961 3.04588 3.07402 
0.761245 1.52941 1.68984 2.24513 2.29479 2.46378 2.4825 2.60758 2.71681 2.79433 2.88117 2.89381 2.91982 2.9431 2.972 3.02842 3.02912 3.03961 3.04588 3.07402 
0.761245 1.52941 1.68984 2.24513 2.29479 2.46378 2.4825 2.60758 2.71681 2.79433 2.88117 2.89381 2.91982 2.9431 2.972 3.02842 3.02912 3.03961 3.04588 3.07402 
0.761245 1.52941 1.68984 2.24513 2.29479 2.46378 2.4825 2.60758 2.71681 2.79433 2.88117 2.89381 2.91982 2.9431 2.972 3.02842 3.02912 3.03961 3.04588 3.07402 
0.761245 1.52941 1.68984 2.24513 2.29479 2.46378 2.4825 2.60758 2.71681 2.79433 2.88117 2.89381 2.91982 2.9431 2.972 3.02842 3.02912 3.03961 3.04588 3.07402 
0.761245 1.52941 1.68984 2.24513 2.29479 2.46378 2.4825 2.60758 2.71681 2.79433 2.88117 2.89381 2.91982 2.9431 2.972 3.02842 3.02912 3.03961 3.04588 3.07402 
0.761245 1.52941 1.68984 2.24513 2.29479 2.46378 2.4825 2.60758 2.71681 2.79433 2.88117 2.89381 2.91982 2.9431 2.972 3.02842 3.02912 3.03961 3.04588 3.07402 
0.761245 1.52941 1.68984 2.24513 2.29479 2.46378 2.4825 2.60758 2.71681 2.79433 2.88117 2.89381 2.91982 2.9431 2.972 3.02842 3.02912 3.03961 3.04588 3.07402 
0.761245 1.52941 1.68984 2.24513 2.29479 2.46378 2.4825 2.60758 2.71681 2.79433 2.88117 2.89381 2.91982 2.9431 2.972 3.02842 3.02912 3.03961 3.04588 3.07402 
0.761245 1.52941 1.68984 2.24513 2.29479 2.46378 2.4825 2.60758 2.71681 2.79433 2.88117 2.89381 2.91982 2.9431 2.972 3.02842 3.02912 3.03961 3.04588 3.07402 
0.761245 1.52941 1.68984 2.24513 2.29479 2.46378 2.4825 2.60758 2.71681 2.79433 2.88117 2.89381 2.91982 2.9431 2.972 3.02842 3.02912 3.03961 3.04588 3.07402 
0.761245 1.52941 1.68984 2.24513 2.29479 2.46378 2.4825 2.60758 2.71681 2.79433 2.88117 2.89381 2.91982 2.9431 2.972 3.02842 3.02912 3.03961 3.04588 3.07402 
0.761245 1.52941 1.68984 2.24513 2.29479 2.46378 2.4825 2.60758 2.71681 2.79433 2.88117 2.89381 2.91982 2.9431 2.972 3.02842 3.02912 3.03961 3.04588 3.07402 
0.761245 1.52941 1.68984 2.24513 2.29479 2.46378 2.4825 2.60758 2.71681 2.79433 2.88117 2.89381 2.91982 2.9431 2.972 3.02842 3.02912 3.03961 3.04588 3.07402 
0.761245 1.52941 1.68984 2.24513 2.29479 2.46378 2.4825 2.60758 2.71681 2.79433 2.88117 2.89381 2.91982 2.9431 2.972 3.02842 3.02912 3.03961 3.04588 3.07402 
0.761245 1.52941 1.68984 2.24513 2.29479 2.46378 2.4825 2.60758 2.71681 2.79433 2.88117 2.89381 2.91982 2.9431 2.972 3.02842 3.02912 3.03961 3.04588 3.07402 
0.761245 1.52941 1.68984 2.24513 2.29479 2.46378 2.4825 2.60758 2.71681 2.79433 2.88117 2.89381 2.91982 2.9431 2.972 3.02842 3.02912 3.03961 3.04588 3.07402 
0.761245 1.52941 1.68984 2.24513 2.29479 2.46378 2.4825 2.60758 2.71681 2.79433 2.88117 2.89381 2.91982 2.9431 2.972 3.02842 3.02912 3.03961 3.04588 3.07402 
0.761245 1.52941 1.68984 2.24513 2.29479 2.46378 2.4825 2.60758 2.71681 2.79433 2.88117 2.89381 2.91982 2.9431 2.972 3.02842 3.02912 3.03961 3.04588 3.07402 
0.761245 1.52941 1.68984 2.24513 2.29479 2.46378 2.4825 2.60758 2.71681 2.79433 2.88117 2.89381 2.91982 2.9431 2.972 3.02842 3.02912 3.03961 3.04588 3.07402 
0.761245 1.52941 1.68984 2.24513 2.29479 2.46378 2.4825 2.60758 2.71681 2.79433 2.88117 2.89381 2.91982 2.9431 2.972 3.02842 3.02912 3.03961 3.04588 3.07402 
0.761245 1.52941 1.68984 2.24513 2.29479 2.46378 2.4825 2.60758 2.71681 2.79433 2.88117 2.89381 2.91982 2.9431 2.972 3.02842 3.02912 3.03961 3.04588 3.07402 
0.761245 1.52941 1.68984 2.24513 2.29479 2.46378 2.4825 2.60758 2.71681 2.79433 2.88117 2.89381 2.91982 2.9431 2.972 3.02842 3.02912 3.03961 3.04588 3.07402 
0.761245 1.52941 1.68984 2.24513 2.29479 2.46378 2.4825 2.60758 2.71681 2.79433 2.88117 2.89381 2.91982 2.9431 2.972 3.02842 3.02912 3.03961 3.04588 3.07402 
0.761245 1.52941 1.68984 2.24513 2.29479 2.46378 2.4825 2.60758 2.71681 2.79433 2.88117 2.89381 2.91982 2.9431 2.972 3.02842 3.02912 3.03961 3.04588 3.07402 
0.761245 1.52941 1.68984 2.24513 2.29479 2.46378 2.4825 2.60758 2.71681 2.79433 2.88117 2.89381 2.91982 2.9431 2.972 3.02842 3.02912 3.03961 3.04588 3.07402 
0.761245 1.52941 1.68984 2.24513 2.29479 2.46378 2.4825 2.60758 2.71681 2.79433 2.88117 2.89381 2.91982 2.9431 2.972 3.02842 3.02912 3.03961 3.04588 3.07402 
0.761245 1.52941 1.68984 2.24513 2.29479 2.46378 2.4825 2.60758 2.71681 2.79433 2.88117 2.89381 2.91982 2.9431 2.972 3.02842 3.02912 3.03961 3.04588 3.07402 
0.761245 1.52941 1.68984 2.24513 2.29479 2.46378 2.4825 2.60758 2.71681 2.79433 2.88117 2.89381 2.91982 2.9431 2.972 3.02842 3.02912 3.03961 3.04588 3.07402 
0.761245 1.52941 1.68984 2.24513 2.29479 2.46378 2.4825 2.60758 2.71681 2.79433 2.88117 2.89381 2.91982 2.9431 2.972 3.02842 3.02912 3.03961 3.04588 3.07402 
0.761245 1.52941 1.68984 2.24513 2.29479 2.46378 2.4825 2.60758 2.71681 2.79433 2.88117 2.89381 2.91982 2.9431 2.972 3.02842 3.02912 3.03961 3.04588 3.07402 
0.761245 1.52941 1.68984 2.24513 2.29479 2.46378 2.4825 2.60758 2.71681 2.79433 2.88117 2.89381 2.91982 2.9431 2.972 3.02842 3.02912 3.03961 3.04588 3.07402 
0.761245 1.52941 1.68984 2.24513 2.29479 2.46378 2.4825 2.60758 2.71681 2.79433 2.88117 2.89381 2.91982 2.9431 2.972 3.02842 3.02912 3.03961 3.04588 3.07402 
0.761245 1.52941 1.68984 2.24513 2.29479 2.46378 2.4825 2.60758 2.71681 2.79433 2.88117 2.89381 2.91982 2.9431 2.972 3.02842 3.02912 3.03961 3.04588 3.07402 
0.761245 1.52941 1.68984 2.24513 2.29479 2.46378 2.4825 2.60758 2.71681 2.79433 2.88117 2.89381 2.91982 2.9431 2.972 3.02842 3.02912 3.03961 3.04588 3.07402 
0.761245 1.52941 1.68984 2.24513 2.29479 2.46378 2.4825 2.60758 2.71681 2.79433 2.88117 2.89381 2.91982 2.9431 2.972 3.02842 3.02912 3.03961 3.04588 3.07402 
0.761245 1.52941 1.68984 2.24513 2.29479 2.46378 2.4825 2.60758 2.71681 2.79433 2.88117 2.89381 2.91982 2.9431 2.972 3.02842 3.02912 3.03961 3.04588 3.07402 
0.761245 1.52941 1.68984 2.24513 2.29479 2.46378 2.4825 2.60758 2.71681 2.79433 2.88117 2.89381 2.91982 2.9431 2.972 3.02842 3.02912 3.03961 3.04588 3.07402 
0.761245 1.52941 1.68984 2.24513 2.29479 2.46378 2.4825 2.60758 2.71681 2.79433 2.88117 2.89381 2.91982 2.9431 2.972 3.02842 3.02912 3.03961 3.04588 3.07402 
0.761245 1.52941 1.68984 2.24513 2.29479 2.46378 2.4825 2.60758 2.71681 2.79433 2.88117 2.89381 2.91982 2.9431 2.972 3.02842 3.02912 3.03961 3.04588 3.07402 
0.761245 1.52941 1.68984 2.24513 2.29479 2.46378 2.4825 2.60758 2.71681 2.79433 2.88117 2.89381 2.91982 2.9431 2.972 3.02842 3.02912 3.03961 3.04588 3.07402 
0.761245 1.52941 1.68984 2.24513 2.29479 2.46378 2.4825 2.60758 2.71681 2.79433 2.88117 2.89381 2.91982 2.9431 2.972 3.02842 3.02912 3.03961 3.04588 3.07402 
0.761245 1.52941 1.68984 2.24513 2.29479 2.46378 2.4825 2.60758 2.71681 2.79433 2.88117 2.89381 2.91982 2.9431 2.972 3.02842 3.02912 3.03961 3.04588 3.07402 
0.761245 1.52941 1.68984 2.24513 2.29479 2.46378 2.4825 2.60758 2.71681 2.79433 2.88117 2.89381 2.91982 2.9431 2.972 3.02842 3.02912 3.03961 3.04588 3.07402 
0.761245 1.52941 1.68984 2.24513 2.29479 2.46378 2.4825 2.60758 2.71681 2.79433 2.88117 2.89381 2.91982 2.9431 2.972 3.02842 3.02912 3.03961 3.04588 3.07402 
0.761245 1.52941 1.68984 2.24513 2.29479 2.46378 2.4825 2.60758 2.71681 2.79433 2.88117 2.89381 2.91982 2.9431 2.972 3.02842 3.02912 3.03961 3.04588 3.07402 
0.761245 1.52941 1.68984 2.24513 2.29479 2.46378 2.4825 2.60758 2.71681 2.79433 2.88117 2.89381 2.91982 2.9431 2.972 3.02842 3.02912 3.03961 3.04588 3.07402 
0.761245 1.52941 1.68984 2.24513 2.29479 2.46378 2.4825 2.60758 2.71681 2.79433 2.88117 2.89381 2.91982 2.9431 2.972 3.02842 3.02912 3.03961 3.04588 3.07402 
0.761245 1.52941 1.68984 2.24513 2.29479 2.46378 2.4825 2.60758 2.71681 2.79433 2.88117 2.89381 2.91982 2.9431 2.972 3.02842 3.02912 3.03961 3.04588 3.07402 
0.761245 1.52941 1.68984 2.24513 2.29479 2.46378 2.4825 2.60758 2.71681 2.79433 2.88117 2.89381 2.91982 2.9431 2.972 3.02842 3.02912 3.03961 3.04588 3.07402 
0.761245 1.52941 1.68984 2.24513 2.29479 2.46378 2.4825 2.60758 2.71681 2.79433 2.88117 2.89381 2.91982 2.9431 2.972 3.02842 3.02912 3.03961 3.04588 3.07402 
0.761245 1.52941 1.68984 2.24513 2.29479 2.46378 2.4825 2.60758 2.71681 2.79433 2.88117 2.89381 2.91982 2.9431 2.972 3.02842 3.02912 3.03961 3.04588 3.07402 
0.761245 1.52941 1.68984 2.24513 2.29479 2.46378 2.4825 2.60758 2.71681 2.79433 2.88117 2.89381 2.91982 2.9431 2.972 3.02842 3.02912 3.03961 3.04588 3.07402 
0.761245 1.52941 1.68984 2.24513 2.29479 2.46378 2.4825 2.60758 2.71681 2.79433 2.88117 2.89381 2.91982 2.9431 2.972 3.02842 3.02912 3.03961 3.04588 3.07402 
0.761245 1.52941 1.68984 2.24513 2.29479 2.46378 2.4825 2.60758 2.71681 2.79433 2.88117 2.89381 2.91982 2.9431 2.972 3.02842 3.02912 3.03961 3.04588 3.07402 
0.761245 1.52941 1.68984 2.24513 2.29479 2.46378 2.4825 2.60758 2.71681 2.79433 2.88117 2.89381 2.91982 2.9431 2.972 3.02842 3.02912 3.03961 3.04588 3.07402 
0.761245 1.52941 1.68984 2.24513 2.29479 2.46378 2.4825 2.60758 2.71681 2.79433 2.88117 2.89381 2.91982 2.9431 2.972 3.02842 3.02912 3.03961 3.04588 3.07402 
0.761245 1.52941 1.68984 2.24513 2.29479 2.46378 2.4825 2.60758 2.71681 2.79433 2.88117 2.89381 2.91982 2.9431 2.972 3.02842 3.02912 3.03961 3.04588 3.07402 
0.761245 1.52941 1.68984 2.24513 2.29479 2.46378 2.4825 2.60758 2.71681 2.79433 2.88117 2.89381 2.91982 2.9431 2.972 3.02842 3.02912 3.03961 3.04588 3.07402 
0.761245 1.52941 1.68984 2.24513 2.29479 2.46378 2.4825 2.60758 2.71681 2.79433 2.88117 2.89381 2.91982 2.9431 2.972 3.02842 3.02912 3.03961 3.04588 3.07402 
0.761245 1.52941 1.68984 2.24513 2.29479 2.46378 2.4825 2.60758 2.71681 2.79433 2.88117 2.89381 2.91982 2.9431 2.972 3.02842 3.02912 3.03961 3.04588 3.07402 
