0.295864 2.73151 2.83983 3.00472 3.14694 3.14821 3.30259 3.39588 3.62917 3.74232 3.74611 3.74925 4.12393 4.1445 4.39254 4.45376 4.46703 4.4757 4.55819 4.56873 
0.295864 2.61004 2.73151 2.83983 2.84615 3.00472 3.14694 3.14821 3.23753 3.2534 3.30259 3.3732 3.39588 3.44233 3.62917 3.67792 3.74232 3.74611 3.74925 3.83053 
0.295864 2.49034 2.61004 2.73151 2.82272 2.83983 2.84615 3.00472 3.04529 3.08547 3.12947 3.14694 3.14821 3.23753 3.2534 3.30259 3.3732 3.39588 3.44233 3.50137 
0.295864 2.49034 2.5474 2.61004 2.73151 2.82272 2.83983 2.84615 3.00472 3.04529 3.08547 3.12947 3.14694 3.14821 3.23753 3.2534 3.30259 3.3732 3.39588 3.44233 
0.295864 2.49034 2.5474 2.61004 2.69845 2.73151 2.82272 2.83983 2.84615 3.00472 3.04529 3.08547 3.12947 3.14694 3.14821 3.23753 3.2534 3.30259 3.3732 3.39588 
0.295864 2.07015 2.49034 2.5474 2.55803 2.61004 2.64453 2.69845 2.73151 2.82272 2.83983 2.84615 3.00472 3.04529 3.08547 3.12947 3.14694 3.14821 3.23753 3.2534 
0.295864 2.07015 2.49034 2.5474 2.55803 2.61004 2.64453 2.69845 2.73151 2.82272 2.83983 2.84615 3.00472 3.04131 3.04529 3.08547 3.12947 3.14694 3.14821 3.18798 
0.295864 2.07015 2.49034 2.5474 2.55803 2.61004 2.64453 2.69845 2.73151 2.82272 2.83983 2.84615 3.00472 3.04131 3.04529 3.08547 3.12947 3.14694 3.14821 3.18798 
0.295864 2.07015 2.49034 2.5474 2.55803 2.61004 2.64453 2.69845 2.73151 2.82272 2.83983 2.84615 3.00472 3.04131 3.04529 3.08547 3.12947 3.14694 3.14821 3.18798 
0.295864 2.07015 2.49034 2.5474 2.55803 2.61004 2.64453 2.69845 2.73151 2.82272 2.83983 2.84615 3.00472 3.04131 3.04529 3.08547 3.12947 3.14694 3.14821 3.18798 
0.295864 2.07015 2.49034 2.5474 2.55803 2.61004 2.64453 2.69845 2.73151 2.82272 2.83983 2.84615 3.00472 3.04131 3.04529 3.08547 3.09417 3.12947 3.14694 3.14821 
0.295864 2.07015 2.49034 2.5474 2.55803 2.61004 2.64453 2.69845 2.73151 2.82272 2.83983 2.84615 3.00472 3.04131 3.04529 3.08547 3.09417 3.12947 3.14694 3.14821 
0.295864 2.07015 2.49034 2.5474 2.55803 2.61004 2.64453 2.69845 2.73151 2.82272 2.83983 2.84615 3.00472 3.04131 3.04529 3.08547 3.09417 3.12947 3.14694 3.14821 
0.295864 2.07015 2.49034 2.5474 2.55803 2.61004 2.64453 2.69845 2.73151 2.82272 2.83983 2.84615 3.00472 3.04131 3.04529 3.08547 3.09417 3.12947 3.14694 3.14821 
0.295864 2.07015 2.49034 2.5474 2.55803 2.61004 2.64453 2.69845 2.73151 2.82272 2.83983 2.84615 3.00472 3.04131 3.04529 3.08547 3.09417 3.12947 3.14694 3.14821 
0.295864 2.07015 2.49034 2.5474 2.55803 2.61004 2.64453 2.69845 2.73151 2.82272 2.83983 2.84615 3.00472 3.04131 3.04529 3.08547 3.09417 3.12947 3.14694 3.14821 
0.295864 2.07015 2.49034 2.5474 2.55803 2.61004 2.64453 2.69845 2.73151 2.82272 2.83983 2.84615 3.00472 3.04131 3.04529 3.08547 3.09417 3.12947 3.14694 3.14821 
0.295864 2.07015 2.49034 2.5474 2.55803 2.61004 2.64453 2.69845 2.73151 2.82272 2.83983 2.84615 3.00472 3.04131 3.04529 3.08547 3.09417 3.12947 3.14694 3.14821 
0.295864 2.07015 2.49034 2.5474 2.55803 2.61004 2.64453 2.69845 2.73151 2.82272 2.83983 2.84615 3.00472 3.04131 3.04529 3.08547 3.09417 3.12947 3.14694 3.14821 
0.295864 2.07015 2.49034 2.5474 2.55803 2.61004 2.64453 2.69845 2.73151 2.82272 2.83983 2.84615 3.00472 3.04131 3.04529 3.08547 3.09417 3.12947 3.14694 3.14821 
0.295864 2.07015 2.49034 2.5474 2.55803 2.61004 2.64453 2.69845 2.73151 2.82272 2.83983 2.84615 3.00472 3.04131 3.04529 3.08547 3.09417 3.12947 3.14694 3.14821 
0.295864 2.07015 2.49034 2.5474 2.55803 2.61004 2.64453 2.69845 2.73151 2.82272 2.83983 2.84615 3.00472 3.04131 3.04529 3.08547 3.09417 3.12947 3.14694 3.14821 
0.295864 2.07015 2.49034 2.5474 2.55803 2.61004 2.64453 2.69845 2.73151 2.82272 2.83983 2.84615 3.00472 3.04131 3.04529 3.08547 3.09417 3.12947 3.14694 3.14821 
0.295864 2.07015 2.49034 2.5474 2.55803 2.61004 2.64453 2.69845 2.73151 2.82272 2.83983 2.84615 3.00472 3.04131 3.04529 3.08547 3.09417 3.12947 3.14694 3.14821 
0.295864 2.07015 2.49034 2.5474 2.55803 2.61004 2.64453 2.69845 2.73151 2.82272 2.83983 2.84615 3.00472 3.04131 3.04529 3.08547 3.09417 3.12947 3.14694 3.14821 
0.295864 2.07015 2.49034 2.5474 2.55803 2.61004 2.64453 2.69845 2.73151 2.82272 2.83983 2.84615 3.00472 3.04131 3.04529 3.08547 3.09417 3.12947 3.14694 3.14821 
0.295864 2.07015 2.49034 2.5474 2.55803 2.61004 2.64453 2.69845 2.73151 2.82272 2.83983 2.84615 3.00472 3.04131 3.04529 3.08547 3.09417 3.12947 3.14694 3.14821 
0.295864 2.07015 2.49034 2.5474 2.55803 2.61004 2.64453 2.69845 2.73151 2.82272 2.83983 2.84615 3.00472 3.04131 3.04529 3.08547 3.09417 3.12947 3.14694 3.14821 
0.295864 2.07015 2.49034 2.5474 2.55803 2.61004 2.64453 2.69845 2.73151 2.82272 2.83983 2.84615 3.00472 3.04131 3.04529 3.08547 3.09417 3.12947 3.14694 3.14821 
0.295864 2.07015 2.49034 2.5474 2.55803 2.61004 2.64453 2.69845 2.73151 2.82272 2.83983 2.84615 3.00472 3.04131 3.04529 3.08547 3.09417 3.12947 3.14694 3.14821 
0.295864 2.07015 2.49034 2.5474 2.55803 2.61004 2.64453 2.69845 2.73151 2.82272 2.83983 2.84615 3.00472 3.04131 3.04529 3.08547 3.09417 3.12947 3.14694 3.14821 
0.295864 2.07015 2.49034 2.5474 2.55803 2.61004 2.64453 2.69845 2.73151 2.82272 2.83983 2.84615 3.00472 3.04131 3.04529 3.08547 3.09417 3.12947 3.14694 3.14821 
0.295864 2.07015 2.49034 2.5474 2.55803 2.61004 2.64453 2.69845 2.73151 2.82272 2.83983 2.84615 3.00472 3.04131 3.04529 3.08547 3.09417 3.12947 3.14694 3.14821 
0.295864 2.07015 2.49034 2.5474 2.55803 2.61004 2.64453 2.69845 2.73151 2.82272 2.83983 2.84615 3.00472 3.04131 3.04529 3.08547 3.09417 3.12947 3.14694 3.14821 
0.295864 2.07015 2.49034 2.5474 2.55803 2.61004 2.64453 2.69845 2.73151 2.82272 2.83983 2.84615 3.00472 3.04131 3.04529 3.08547 3.09417 3.12947 3.14694 3.14821 
0.295864 2.07015 2.49034 2.5474 2.55803 2.61004 2.64453 2.69845 2.73151 2.82272 2.83983 2.84615 3.00472 3.04131 3.04529 3.08547 3.09417 3.12947 3.14694 3.14821 
0.295864 2.07015 2.49034 2.5474 2.55803 2.61004 2.64453 2.69845 2.73151 2.82272 2.83983 2.84615 3.00472 3.04131 3.04529 3.08547 3.09417 3.12947 3.14694 3.14821 
0.295864 2.07015 2.49034 2.5474 2.55803 2.61004 2.64453 2.69845 2.73151 2.82272 2.83983 2.84615 3.00472 3.04131 3.04529 3.08547 3.09417 3.12947 3.14694 3.14821 
0.295864 2.07015 2.49034 2.5474 2.55803 2.61004 2.64453 2.69845 2.73151 2.82272 2.83983 2.84615 3.00472 3.04131 3.04529 3.08547 3.09417 3.12947 3.14694 3.14821 
0.295864 2.07015 2.49034 2.5474 2.55803 2.61004 2.64453 2.69845 2.73151 2.82272 2.83983 2.84615 3.00472 3.04131 3.04529 3.08547 3.09417 3.12947 3.14694 3.14821 
0.295864 2.07015 2.49034 2.5474 2.55803 2.61004 2.64453 2.69845 2.73151 2.82272 2.83983 2.84615 3.00472 3.04131 3.04529 3.08547 3.09417 3.12947 3.14694 3.14821 
0.295864 2.07015 2.49034 2.5474 2.55803 2.61004 2.64453 2.69845 2.73151 2.82272 2.83983 2.84615 3.00472 3.04131 3.04529 3.08547 3.09417 3.12947 3.14694 3.14821 
0.295864 2.07015 2.49034 2.5474 2.55803 2.61004 2.64453 2.69845 2.73151 2.82272 2.83983 2.84615 3.00472 3.04131 3.04529 3.08547 3.09417 3.12947 3.14694 3.14821 
0.295864 2.07015 2.49034 2.5474 2.55803 2.61004 2.64453 2.69845 2.73151 2.82272 2.83983 2.84615 3.00472 3.04131 3.04529 3.08547 3.09417 3.12947 3.14694 3.14821 
0.295864 2.07015 2.49034 2.5474 2.55803 2.61004 2.64453 2.69845 2.73151 2.82272 2.83983 2.84615 3.00472 3.04131 3.04529 3.08547 3.09417 3.12947 3.14694 3.14821 
0.295864 2.07015 2.49034 2.5474 2.55803 2.61004 2.64453 2.69845 2.73151 2.82272 2.83983 2.84615 3.00472 3.04131 3.04529 3.08547 3.09417 3.12947 3.14694 3.14821 
0.295864 2.07015 2.49034 2.5474 2.55803 2.61004 2.64453 2.69845 2.73151 2.82272 2.83983 2.84615 3.00472 3.04131 3.04529 3.08547 3.09417 3.12947 3.14694 3.14821 
0.295864 2.07015 2.49034 2.5474 2.55803 2.61004 2.64453 2.69845 2.73151 2.82272 2.83983 2.84615 3.00472 3.04131 3.04529 3.08547 3.09417 3.12947 3.14694 3.14821 
0.295864 2.07015 2.49034 2.5474 2.55803 2.61004 2.64453 2.69845 2.73151 2.82272 2.83983 2.84615 3.00472 3.04131 3.04529 3.08547 3.09417 3.12947 3.14694 3.14821 
0.295864 2.07015 2.49034 2.5474 2.55803 2.61004 2.64453 2.69845 2.73151 2.82272 2.83983 2.84615 3.00472 3.04131 3.04529 3.08547 3.09417 3.12947 3.14694 3.14821 
0.295864 2.07015 2.49034 2.5474 2.55803 2.61004 2.64453 2.69845 2.73151 2.82272 2.83983 2.84615 3.00472 3.04131 3.04529 3.08547 3.09417 3.12947 3.14694 3.14821 
0.295864 2.07015 2.49034 2.5474 2.55803 2.61004 2.64453 2.69845 2.73151 2.82272 2.83983 2.84615 3.00472 3.04131 3.04529 3.08547 3.09417 3.12947 3.14694 3.14821 
0.295864 2.07015 2.49034 2.5474 2.55803 2.61004 2.64453 2.69845 2.73151 2.82272 2.83983 2.84615 3.00472 3.04131 3.04529 3.08547 3.09417 3.12947 3.14694 3.14821 
0.295864 2.07015 2.49034 2.5474 2.55803 2.61004 2.64453 2.69845 2.73151 2.82272 2.83983 2.84615 3.00472 3.04131 3.04529 3.08547 3.09417 3.12947 3.14694 3.14821 
0.295864 2.07015 2.49034 2.5474 2.55803 2.61004 2.64453 2.69845 2.73151 2.82272 2.83983 2.84615 3.00472 3.04131 3.04529 3.08547 3.09417 3.12947 3.14694 3.14821 
0.295864 2.07015 2.49034 2.5474 2.55803 2.61004 2.64453 2.69845 2.73151 2.82272 2.83983 2.84615 3.00472 3.04131 3.04529 3.08547 3.09417 3.12947 3.14694 3.14821 
0.295864 2.07015 2.49034 2.5474 2.55803 2.61004 2.64453 2.69845 2.73151 2.82272 2.83983 2.84615 3.00472 3.04131 3.04529 3.08547 3.09417 3.12947 3.14694 3.14821 
0.295864 2.07015 2.49034 2.5474 2.55803 2.61004 2.64453 2.69845 2.73151 2.82272 2.83983 2.84615 3.00472 3.04131 3.04529 3.08547 3.09417 3.12947 3.14694 3.14821 
0.295864 2.07015 2.49034 2.5474 2.55803 2.61004 2.64453 2.69845 2.73151 2.82272 2.83983 2.84615 3.00472 3.04131 3.04529 3.08547 3.09417 3.12947 3.14694 3.14821 
0.295864 2.07015 2.49034 2.5474 2.55803 2.61004 2.64453 2.69845 2.73151 2.82272 2.83983 2.84615 3.00472 3.04131 3.04529 3.08547 3.09417 3.12947 3.14694 3.14821 
0.295864 2.07015 2.49034 2.5474 2.55803 2.61004 2.64453 2.69845 2.73151 2.82272 2.83983 2.84615 3.00472 3.04131 3.04529 3.08547 3.09417 3.12947 3.14694 3.14821 
0.295864 2.07015 2.49034 2.5474 2.55803 2.61004 2.64453 2.69845 2.73151 2.82272 2.83983 2.84615 3.00472 3.04131 3.04529 3.08547 3.09417 3.12947 3.14694 3.14821 
0.295864 2.07015 2.49034 2.5474 2.55803 2.61004 2.64453 2.69845 2.73151 2.82272 2.83983 2.84615 3.00472 3.04131 3.04529 3.08547 3.09417 3.12947 3.14694 3.14821 
0.295864 2.07015 2.49034 2.5474 2.55803 2.61004 2.64453 2.69845 2.73151 2.82272 2.83983 2.84615 3.00472 3.04131 3.04529 3.08547 3.09417 3.12947 3.14694 3.14821 
0.295864 2.07015 2.49034 2.5474 2.55803 2.61004 2.64453 2.69845 2.73151 2.82272 2.83983 2.84615 3.00472 3.04131 3.04529 3.08547 3.09417 3.12947 3.14694 3.14821 
0.295864 2.07015 2.49034 2.5474 2.55803 2.61004 2.64453 2.69845 2.73151 2.82272 2.83983 2.84615 3.00472 3.04131 3.04529 3.08547 3.09417 3.12947 3.14694 3.14821 
0.295864 2.07015 2.49034 2.5474 2.55803 2.61004 2.64453 2.69845 2.73151 2.82272 2.83983 2.84615 3.00472 3.04131 3.04529 3.08547 3.09417 3.12947 3.14694 3.14821 
0.295864 2.07015 2.49034 2.5474 2.55803 2.61004 2.64453 2.69845 2.73151 2.82272 2.83983 2.84615 3.00472 3.04131 3.04529 3.08547 3.09417 3.12947 3.14694 3.14821 
0.295864 2.07015 2.49034 2.5474 2.55803 2.61004 2.64453 2.69845 2.73151 2.82272 2.83983 2.84615 3.00472 3.04131 3.04529 3.08547 3.09417 3.12947 3.14694 3.14821 
0.295864 2.07015 2.49034 2.5474 2.55803 2.61004 2.64453 2.69845 2.73151 2.82272 2.83983 2.84615 3.00472 3.04131 3.04529 3.08547 3.09417 3.12947 3.14694 3.14821 
0.295864 2.07015 2.49034 2.5474 2.55803 2.61004 2.64453 2.69845 2.73151 2.82272 2.83983 2.84615 3.00472 3.04131 3.04529 3.08547 3.09417 3.12947 3.14694 3.14821 
0.295864 2.07015 2.49034 2.5474 2.55803 2.61004 2.64453 2.69845 2.73151 2.82272 2.83983 2.84615 3.00472 3.04131 3.04529 3.08547 3.09417 3.12947 3.14694 3.14821 
0.295864 2.07015 2.49034 2.5474 2.55803 2.61004 2.64453 2.69845 2.73151 2.82272 2.83983 2.84615 3.00472 3.04131 3.04529 3.08547 3.09417 3.12947 3.14694 3.14821 
0.295864 2.07015 2.49034 2.5474 2.55803 2.61004 2.64453 2.69845 2.73151 2.82272 2.83983 2.84615 3.00472 3.04131 3.04529 3.08547 3.09417 3.12947 3.14694 3.14821 
0.295864 2.07015 2.49034 2.5474 2.55803 2.61004 2.64453 2.69845 2.73151 2.82272 2.83983 2.84615 3.00472 3.04131 3.04529 3.08547 3.09417 3.12947 3.14694 3.14821 
0.295864 2.07015 2.49034 2.5474 2.55803 2.61004 2.64453 2.69845 2.73151 2.82272 2.83983 2.84615 3.00472 3.04131 3.04529 3.08547 3.09417 3.12947 3.14694 3.14821 
0.295864 2.07015 2.49034 2.5474 2.55803 2.61004 2.64453 2.69845 2.73151 2.82272 2.83983 2.84615 3.00472 3.04131 3.04529 3.08547 3.09417 3.12947 3.14694 3.14821 
0.295864 2.07015 2.49034 2.5474 2.55803 2.61004 2.64453 2.69845 2.73151 2.82272 2.83983 2.84615 3.00472 3.04131 3.04529 3.08547 3.09417 3.12947 3.14694 3.14821 
0.295864 2.07015 2.49034 2.5474 2.55803 2.61004 2.64453 2.69845 2.73151 2.82272 2.83983 2.84615 3.00472 3.04131 3.04529 3.08547 3.09417 3.12947 3.14694 3.14821 
0.295864 2.07015 2.49034 2.5474 2.55803 2.61004 2.64453 2.69845 2.73151 2.82272 2.83983 2.84615 3.00472 3.04131 3.04529 3.08547 3.09417 3.12947 3.14694 3.14821 
0.295864 2.07015 2.49034 2.5474 2.55803 2.61004 2.64453 2.69845 2.73151 2.82272 2.83983 2.84615 3.00472 3.04131 3.04529 3.08547 3.09417 3.12947 3.14694 3.14821 
0.295864 2.07015 2.49034 2.5474 2.55803 2.61004 2.64453 2.69845 2.73151 2.82272 2.83983 2.84615 3.00472 3.04131 3.04529 3.08547 3.09417 3.12947 3.14694 3.14821 
0.295864 2.07015 2.49034 2.5474 2.55803 2.61004 2.64453 2.69845 2.73151 2.82272 2.83983 2.84615 3.00472 3.04131 3.04529 3.08547 3.09417 3.12947 3.14694 3.14821 
0.295864 2.07015 2.49034 2.5474 2.55803 2.61004 2.64453 2.69845 2.73151 2.82272 2.83983 2.84615 3.00472 3.04131 3.04529 3.08547 3.09417 3.12947 3.14694 3.14821 
0.295864 2.07015 2.49034 2.5474 2.55803 2.61004 2.64453 2.69845 2.73151 2.82272 2.83983 2.84615 3.00472 3.04131 3.04529 3.08547 3.09417 3.12947 3.14694 3.14821 
0.295864 2.07015 2.49034 2.5474 2.55803 2.61004 2.64453 2.69845 2.73151 2.82272 2.83983 2.84615 3.00472 3.04131 3.04529 3.08547 3.09417 3.12947 3.14694 3.14821 
0.295864 2.07015 2.49034 2.5474 2.55803 2.61004 2.64453 2.69845 2.73151 2.82272 2.83983 2.84615 3.00472 3.04131 3.04529 3.08547 3.09417 3.12947 3.14694 3.14821 
0.295864 2.07015 2.49034 2.5474 2.55803 2.61004 2.64453 2.69845 2.73151 2.82272 2.83983 2.84615 3.00472 3.04131 3.04529 3.08547 3.09417 3.12947 3.14694 3.14821 
0.295864 2.07015 2.49034 2.5474 2.55803 2.61004 2.64453 2.69845 2.73151 2.82272 2.83983 2.84615 3.00472 3.04131 3.04529 3.08547 3.09417 3.12947 3.14694 3.14821 
0.295864 2.07015 2.49034 2.5474 2.55803 2.61004 2.64453 2.69845 2.73151 2.82272 2.83983 2.84615 3.00472 3.04131 3.04529 3.08547 3.09417 3.12947 3.14694 3.14821 
0.295864 2.07015 2.49034 2.5474 2.55803 2.61004 2.64453 2.69845 2.73151 2.82272 2.83983 2.84615 3.00472 3.04131 3.04529 3.08547 3.09417 3.12947 3.14694 3.14821 
0.295864 2.07015 2.49034 2.5474 2.55803 2.61004 2.64453 2.69845 2.73151 2.82272 2.83983 2.84615 3.00472 3.04131 3.04529 3.08547 3.09417 3.12947 3.14694 3.14821 
0.295864 2.07015 2.49034 2.5474 2.55803 2.61004 2.64453 2.69845 2.73151 2.82272 2.83983 2.84615 3.00472 3.04131 3.04529 3.08547 3.09417 3.12947 3.14694 3.14821 
0.295864 2.07015 2.49034 2.5474 2.55803 2.61004 2.64453 2.69845 2.73151 2.82272 2.83983 2.84615 3.00472 3.04131 3.04529 3.08547 3.09417 3.12947 3.14694 3.14821 
0.295864 2.07015 2.49034 2.5474 2.55803 2.61004 2.64453 2.69845 2.73151 2.82272 2.83983 2.84615 3.00472 3.04131 3.04529 3.08547 3.09417 3.12947 3.14694 3.14821 
0.295864 2.07015 2.49034 2.5474 2.55803 2.61004 2.64453 2.69845 2.73151 2.82272 2.83983 2.84615 3.00472 3.04131 3.04529 3.08547 3.09417 3.12947 3.14694 3.14821 
0.295864 2.07015 2.49034 2.5474 2.55803 2.61004 2.64453 2.69845 2.73151 2.82272 2.83983 2.84615 3.00472 3.04131 3.04529 3.08547 3.09417 3.12947 3.14694 3.14821 
0.295864 2.07015 2.49034 2.5474 2.55803 2.61004 2.64453 2.69845 2.73151 2.82272 2.83983 2.84615 3.00472 3.04131 3.04529 3.08547 3.09417 3.12947 3.14694 3.14821 
0.295864 2.07015 2.49034 2.5474 2.55803 2.61004 2.64453 2.69845 2.73151 2.82272 2.83983 2.84615 3.00472 3.04131 3.04529 3.08547 3.09417 3.12947 3.14694 3.14821 
0.295864 2.07015 2.49034 2.5474 2.55803 2.61004 2.64453 2.69845 2.73151 2.82272 2.83983 2.84615 3.00472 3.04131 3.04529 3.08547 3.09417 3.12947 3.14694 3.14821 
