2.25474 2.94169 3.22822 3.91555 4.27987 4.7816 5.09175 5.38322 5.57406 5.74924 5.80389 6.12475 6.26011 6.43351 6.57968 6.58627 6.67211 6.9149 6.99684 7.03013 
2.25474 2.94169 3.22822 3.60911 3.79291 3.89033 3.91555 4.03657 4.21841 4.27987 4.35276 4.7816 4.93302 5.08522 5.09175 5.38322 5.57406 5.74924 5.77685 5.80389 
2.25474 2.94169 3.22822 3.60911 3.79291 3.89033 3.91555 4.03657 4.21841 4.27987 4.35276 4.54916 4.60766 4.64777 4.69734 4.7816 4.93302 4.99425 5.08522 5.09175 
2.25474 2.94169 3.22822 3.60911 3.79291 3.89033 3.91555 4.03657 4.21841 4.27987 4.35276 4.54916 4.60766 4.64777 4.69734 4.7816 4.93302 4.99425 5.08522 5.09175 
2.25474 2.94169 3.22822 3.60911 3.79291 3.89033 3.91555 4.03657 4.21841 4.27987 4.35276 4.47515 4.54916 4.5886 4.60766 4.64777 4.69734 4.7816 4.93302 4.99425 
2.25474 2.94169 3.22822 3.60911 3.79291 3.89033 3.91555 4.03657 4.21841 4.27987 4.35276 4.47515 4.54916 4.5886 4.60766 4.64777 4.69734 4.7816 4.93302 4.99425 
2.25474 2.94169 3.22822 3.60911 3.79291 3.89033 3.91555 4.03657 4.21841 4.27987 4.35276 4.47515 4.54916 4.5886 4.60766 4.64777 4.69734 4.7816 4.93302 4.99425 
2.25474 2.94169 3.22822 3.60911 3.79291 3.89033 3.91555 4.03657 4.21841 4.27987 4.35276 4.47515 4.54916 4.5886 4.60766 4.64777 4.69734 4.7816 4.93302 4.99425 
2.25474 2.94169 3.06509 3.22822 3.60911 3.79291 3.89033 3.91555 4.03657 4.21841 4.27987 4.35276 4.47515 4.54916 4.5886 4.60766 4.64777 4.69734 4.7816 4.93302 
2.25474 2.94169 3.06509 3.22822 3.60911 3.79291 3.89033 3.91555 4.03657 4.21841 4.27987 4.30455 4.35276 4.47515 4.54916 4.5886 4.60766 4.64777 4.69734 4.7816 
2.25474 2.94169 3.05537 3.06509 3.22822 3.55519 3.60911 3.79291 3.88646 3.89033 3.91555 4.03657 4.21841 4.27987 4.30455 4.35276 4.47515 4.54916 4.5886 4.60766 
2.25474 2.78017 2.94169 3.05537 3.06509 3.22822 3.55519 3.60911 3.79291 3.88646 3.89033 3.91555 4.03657 4.21841 4.27987 4.30455 4.35276 4.47515 4.54916 4.57169 
2.25474 2.78017 2.94169 3.05537 3.06509 3.22822 3.55519 3.60911 3.79291 3.88646 3.89033 3.91555 4.03657 4.17674 4.21841 4.27987 4.30455 4.35276 4.47515 4.54916 
2.21692 2.25474 2.78017 2.94169 3.05537 3.06509 3.22822 3.55519 3.60911 3.79291 3.88646 3.89033 3.91555 4.03657 4.17674 4.21841 4.27987 4.30455 4.35276 4.38008 
2.21692 2.25474 2.78017 2.94169 3.05537 3.06509 3.22822 3.55519 3.60911 3.79291 3.88646 3.89033 3.91555 4.03657 4.17674 4.21841 4.27987 4.30455 4.35276 4.38008 
2.21692 2.25474 2.78017 2.94169 3.05537 3.06509 3.15339 3.22822 3.55519 3.60911 3.61511 3.79291 3.88646 3.89033 3.91555 4.03657 4.17674 4.21841 4.27987 4.30455 
0.93098 2.21692 2.25474 2.78017 2.94169 3.05537 3.06509 3.15339 3.22822 3.55519 3.60911 3.61511 3.79291 3.87826 3.88646 3.89033 3.91555 4.03657 4.17674 4.21841 
0.93098 2.21692 2.25474 2.78017 2.94169 3.05537 3.06509 3.15339 3.22822 3.55519 3.60911 3.61511 3.79291 3.87826 3.88646 3.89033 3.91555 4.03657 4.17674 4.21841 
0.93098 2.21692 2.25474 2.78017 2.94169 3.05537 3.06509 3.15339 3.22822 3.55519 3.60911 3.61511 3.79291 3.87826 3.88646 3.89033 3.91555 4.03657 4.17674 4.21841 
0.93098 2.21692 2.25474 2.78017 2.94169 3.05537 3.06509 3.15339 3.22822 3.55519 3.60911 3.61511 3.67373 3.68288 3.79291 3.87826 3.88646 3.89033 3.91555 4.03657 
0.93098 2.21692 2.25474 2.78017 2.94169 3.05537 3.06509 3.15339 3.22822 3.55519 3.60911 3.61511 3.67373 3.68288 3.79291 3.87826 3.88646 3.89033 3.91555 4.03657 
0.93098 2.21692 2.25474 2.78017 2.94169 3.00135 3.05537 3.06509 3.15339 3.22822 3.55519 3.60911 3.61511 3.67373 3.68288 3.79291 3.87826 3.88646 3.89033 3.91555 
0.93098 1.34212 1.36831 2.21692 2.25474 2.78017 2.94169 3.00135 3.05537 3.06509 3.15339 3.22822 3.55519 3.60911 3.61511 3.67373 3.68288 3.79291 3.87826 3.88646 
0.93098 1.34212 1.36831 2.21692 2.25474 2.78017 2.94169 2.98423 3.00135 3.05537 3.06509 3.15339 3.22822 3.55519 3.60911 3.61511 3.67373 3.68288 3.79291 3.87826 
0.93098 1.34212 1.36831 2.21692 2.25474 2.78017 2.94169 2.98423 3.00135 3.05537 3.06509 3.15339 3.22822 3.55519 3.60911 3.61511 3.67373 3.68288 3.79291 3.87826 
0.93098 1.34212 1.36831 2.21692 2.25474 2.68327 2.78017 2.94169 2.98423 3.00135 3.05537 3.06509 3.15339 3.22822 3.55519 3.60911 3.61511 3.67373 3.68288 3.79291 
0.93098 1.34212 1.36831 2.21692 2.25474 2.68327 2.78017 2.94169 2.98423 3.00135 3.05537 3.06509 3.15339 3.22822 3.55519 3.60911 3.61511 3.67373 3.68288 3.79291 
0.93098 1.34212 1.36831 2.21692 2.25474 2.58015 2.68327 2.78017 2.94169 2.98423 3.00135 3.05537 3.06509 3.15339 3.22822 3.55519 3.60911 3.61511 3.67373 3.68288 
0.93098 1.34212 1.36831 2.21692 2.25474 2.58015 2.68327 2.78017 2.94169 2.98423 3.00135 3.05537 3.06509 3.15339 3.22822 3.55519 3.60911 3.61511 3.67373 3.68288 
0.93098 1.34212 1.36831 2.17025 2.21692 2.25474 2.58015 2.68327 2.78017 2.82145 2.94169 2.98423 3.00135 3.05537 3.06509 3.15339 3.22822 3.55519 3.60911 3.61511 
0.93098 1.34212 1.36831 2.17025 2.21692 2.25474 2.58015 2.68327 2.78017 2.82145 2.94169 2.98423 3.00135 3.05537 3.06509 3.15339 3.22822 3.55519 3.60911 3.61511 
0.93098 1.34212 1.36831 2.1229 2.17025 2.21692 2.25474 2.58015 2.68327 2.78017 2.8144 2.82145 2.94169 2.98423 3.00135 3.05537 3.06509 3.15339 3.22822 3.55519 
0.93098 1.34212 1.36831 2.1229 2.17025 2.21692 2.25474 2.58015 2.68327 2.78017 2.8144 2.82145 2.94169 2.98423 3.00135 3.05537 3.06509 3.15339 3.22822 3.55519 
0.93098 1.34212 1.36831 1.66424 2.1229 2.17025 2.21692 2.25474 2.58015 2.68327 2.78017 2.8144 2.82145 2.85515 2.94169 2.98423 3.00135 3.05537 3.06509 3.15339 
0.92287 0.93098 1.34212 1.36831 1.66424 2.1229 2.17025 2.21692 2.25474 2.58015 2.68327 2.78017 2.8144 2.82145 2.85515 2.94169 2.98423 3.00135 3.05537 3.06509 
0.92287 0.93098 1.34212 1.36831 1.54118 1.66424 2.07453 2.1229 2.17025 2.21692 2.25474 2.58015 2.68327 2.78017 2.8144 2.82145 2.85515 2.94169 2.98423 3.00135 
0.92287 0.93098 1.34212 1.36831 1.54118 1.66424 1.9411 2.07453 2.1229 2.17025 2.21692 2.25474 2.58015 2.68327 2.78017 2.8144 2.82145 2.85515 2.94169 2.98423 
0.92287 0.93098 1.34212 1.36831 1.54118 1.66424 1.9411 1.98155 2.07453 2.1229 2.17025 2.21692 2.25474 2.58015 2.68327 2.78017 2.8144 2.82145 2.85515 2.94169 
0.92287 0.93098 1.34212 1.36831 1.54118 1.60603 1.66424 1.9411 1.98155 2.07453 2.1229 2.17025 2.21692 2.25474 2.58015 2.68327 2.78017 2.8144 2.82145 2.85515 
0.92287 0.93098 1.34212 1.36831 1.54118 1.60603 1.66424 1.9411 1.98155 2.07453 2.1229 2.17025 2.21692 2.25474 2.58015 2.68327 2.78017 2.8144 2.82145 2.85515 
0.92287 0.93098 1.34212 1.36831 1.54118 1.60603 1.66424 1.9411 1.98155 2.07453 2.1229 2.17025 2.21692 2.25474 2.58015 2.68327 2.78017 2.8144 2.82145 2.85515 
0.174637 0.92287 0.93098 1.34212 1.36831 1.54118 1.60603 1.66424 1.9411 1.98155 2.07453 2.1229 2.17025 2.21692 2.25474 2.58015 2.68327 2.78017 2.8144 2.82145 
0.174637 0.768293 0.92287 0.93098 1.34212 1.36831 1.54118 1.60603 1.66424 1.9411 1.98155 2.07453 2.1229 2.17025 2.21692 2.25474 2.58015 2.68327 2.78017 2.8144 
0.174637 0.768293 0.92287 0.93098 1.34212 1.36831 1.54118 1.60603 1.66424 1.9411 1.98155 2.07453 2.1229 2.17025 2.21692 2.25474 2.58015 2.68327 2.78017 2.8144 
0.174637 0.768293 0.92287 0.93098 1.34212 1.35778 1.36831 1.54118 1.60603 1.66424 1.9411 1.98155 2.07453 2.1229 2.17025 2.21692 2.25474 2.58015 2.68327 2.78017 
0.174637 0.768293 0.92287 0.93098 1.34212 1.35778 1.36831 1.54118 1.60603 1.66424 1.9411 1.98155 2.07453 2.1229 2.17025 2.21692 2.25474 2.58015 2.68327 2.78017 
0.174637 0.768293 0.92287 0.93098 0.947267 1.34212 1.35778 1.36831 1.54118 1.60603 1.66424 1.9411 1.98155 2.07453 2.1229 2.17025 2.21692 2.25474 2.58015 2.68327 
0.174637 0.768293 0.92287 0.93098 0.947267 1.34212 1.35778 1.36831 1.54118 1.60603 1.66424 1.9411 1.98155 2.07453 2.1229 2.17025 2.21692 2.25474 2.58015 2.68327 
0.174637 0.768293 0.92287 0.93098 0.947267 1.03205 1.34212 1.35778 1.36831 1.54118 1.60603 1.66424 1.9411 1.98155 2.07453 2.1229 2.17025 2.21692 2.25474 2.58015 
0.174637 0.768293 0.92287 0.93098 0.947267 1.03205 1.34212 1.35778 1.36831 1.54118 1.60603 1.66424 1.9411 1.98155 2.07453 2.1229 2.17025 2.21692 2.25474 2.58015 
0.174637 0.768293 0.92287 0.93098 0.947267 1.03205 1.34212 1.35778 1.36831 1.54118 1.60603 1.66424 1.9411 1.98155 2.07453 2.1229 2.17025 2.21692 2.25474 2.58015 
0.174637 0.768293 0.92287 0.93098 0.947267 1.03205 1.34212 1.35778 1.36831 1.54118 1.60603 1.66424 1.9411 1.98155 2.07453 2.1229 2.17025 2.21692 2.25474 2.58015 
0.174637 0.768293 0.92287 0.93098 0.947267 1.03205 1.34212 1.35778 1.36831 1.54118 1.60603 1.66424 1.9411 1.98155 2.07453 2.1229 2.17025 2.21692 2.25474 2.58015 
0.174637 0.768293 0.92287 0.93098 0.947267 1.03205 1.34212 1.35778 1.36831 1.54118 1.60603 1.66424 1.9411 1.98155 2.07453 2.1229 2.17025 2.21692 2.25474 2.58015 
0.174637 0.768293 0.92287 0.93098 0.947267 1.03205 1.29695 1.34212 1.35778 1.36831 1.54118 1.60603 1.66424 1.9411 1.98155 2.07453 2.1229 2.17025 2.21692 2.25474 
0.174637 0.290567 0.768293 0.92287 0.93098 0.947267 1.03205 1.29695 1.34212 1.35778 1.36831 1.54118 1.60603 1.66424 1.9411 1.98155 2.07453 2.1229 2.17025 2.21692 
0.174637 0.290567 0.768293 0.802995 0.92287 0.93098 0.947267 1.03205 1.29695 1.34212 1.35778 1.36831 1.54118 1.60603 1.66424 1.9411 1.98155 2.07453 2.1229 2.17025 
0.174637 0.290567 0.768293 0.802995 0.92287 0.93098 0.947267 1.03205 1.29695 1.34212 1.35778 1.36831 1.54118 1.60603 1.66424 1.9411 1.98155 2.07453 2.1229 2.17025 
0.174637 0.290567 0.768293 0.802995 0.92287 0.93098 0.947267 1.03205 1.29695 1.34212 1.35778 1.36831 1.54118 1.60603 1.66424 1.9411 1.98155 2.07453 2.1229 2.17025 
0.174637 0.290567 0.768293 0.802995 0.92287 0.93098 0.947267 1.03205 1.0897 1.29695 1.34212 1.35778 1.36831 1.54118 1.60603 1.66424 1.9411 1.98155 2.07453 2.1229 
0.174637 0.290567 0.768293 0.802995 0.92287 0.93098 0.947267 1.02994 1.03205 1.0897 1.29695 1.34212 1.35778 1.36831 1.54118 1.60603 1.66424 1.9411 1.98155 2.07453 
0.174637 0.290567 0.768293 0.802995 0.92287 0.93098 0.947267 1.02994 1.03205 1.0897 1.29695 1.34212 1.35778 1.36831 1.54118 1.60603 1.66424 1.9411 1.98155 2.07453 
0.174637 0.290567 0.768293 0.802995 0.92287 0.93098 0.947267 1.02994 1.03205 1.0897 1.29695 1.34212 1.35778 1.36831 1.54118 1.60603 1.66424 1.9411 1.98155 2.07453 
0.174637 0.290567 0.663954 0.768293 0.802995 0.92287 0.93098 0.947267 1.02994 1.03205 1.0897 1.29695 1.34212 1.35778 1.36831 1.54118 1.60603 1.66424 1.9411 1.98155 
0.174637 0.290567 0.663954 0.742074 0.768293 0.802995 0.92287 0.93098 0.947267 1.02994 1.03205 1.0897 1.29695 1.34212 1.35778 1.36831 1.54118 1.60603 1.66424 1.9411 
0.174637 0.290567 0.663954 0.742074 0.768293 0.802995 0.92287 0.93098 0.947267 1.02994 1.03205 1.0897 1.29695 1.34212 1.35778 1.36831 1.54118 1.60603 1.66424 1.9411 
0.174637 0.218005 0.290567 0.588697 0.663954 0.742074 0.768293 0.802995 0.92287 0.93098 0.947267 1.02994 1.03205 1.0897 1.29695 1.34212 1.35778 1.36831 1.54118 1.60603 
0.174637 0.218005 0.290567 0.588697 0.663954 0.742074 0.768293 0.802995 0.879314 0.92287 0.93098 0.947267 1.02994 1.03205 1.0897 1.29695 1.34212 1.35778 1.36831 1.54118 
0.0440021 0.174637 0.218005 0.290567 0.588697 0.663954 0.742074 0.768293 0.802995 0.836322 0.879314 0.92287 0.93098 0.947267 1.02994 1.03205 1.0897 1.29695 1.34212 1.35778 
0.0440021 0.174637 0.218005 0.290567 0.395475 0.588697 0.663954 0.742074 0.768293 0.802995 0.836322 0.879314 0.92287 0.93098 0.947267 1.02994 1.03205 1.0897 1.29695 1.34212 
0.0440021 0.174637 0.218005 0.290567 0.395475 0.588697 0.635535 0.663954 0.742074 0.761192 0.768293 0.802995 0.836322 0.879314 0.92287 0.93098 0.947267 1.02994 1.03205 1.0897 
0.0440021 0.169944 0.174637 0.218005 0.290567 0.307004 0.395475 0.588697 0.635535 0.663954 0.742074 0.761192 0.768293 0.802995 0.836322 0.879314 0.92287 0.93098 0.947267 1.02994 
0.0440021 0.169944 0.174637 0.218005 0.290567 0.307004 0.395475 0.588697 0.635535 0.663954 0.742074 0.761192 0.768293 0.802995 0.836322 0.879314 0.92287 0.93098 0.947267 1.02994 
0.0440021 0.169944 0.174637 0.218005 0.290567 0.307004 0.395475 0.471347 0.528051 0.588697 0.635535 0.663954 0.742074 0.761192 0.768293 0.802995 0.836322 0.879314 0.92287 0.93098 
0.0440021 0.134895 0.169944 0.174637 0.218005 0.290567 0.307004 0.395475 0.430525 0.455645 0.471347 0.528051 0.588697 0.635535 0.663954 0.742074 0.761192 0.768293 0.802995 0.836322 
0.0440021 0.134895 0.169944 0.174637 0.218005 0.290567 0.307004 0.395475 0.430525 0.455645 0.471347 0.528051 0.588697 0.635535 0.663954 0.742074 0.761192 0.768293 0.802995 0.836322 
0.0440021 0.134895 0.169944 0.174637 0.218005 0.290567 0.307004 0.395475 0.430525 0.455645 0.471347 0.528051 0.588697 0.635535 0.663954 0.742074 0.761192 0.768293 0.802995 0.836322 
0.0440021 0.134895 0.169944 0.174637 0.218005 0.290567 0.307004 0.395475 0.395943 0.430525 0.455645 0.471347 0.528051 0.588697 0.635535 0.663954 0.742074 0.761192 0.768293 0.802995 
0.0440021 0.134895 0.169944 0.174637 0.218005 0.290567 0.307004 0.395475 0.395943 0.430525 0.455645 0.471347 0.528051 0.588697 0.635535 0.663954 0.742074 0.761192 0.768293 0.802995 
0.0440021 0.134895 0.169944 0.174637 0.218005 0.272744 0.290567 0.307004 0.395475 0.395943 0.430525 0.455645 0.471347 0.528051 0.588697 0.635535 0.663954 0.742074 0.761192 0.768293 
0.0440021 0.134895 0.169944 0.174637 0.185746 0.218005 0.272744 0.290567 0.307004 0.395475 0.395943 0.430525 0.455645 0.471347 0.528051 0.588697 0.635535 0.663954 0.742074 0.761192 
0.0440021 0.134895 0.169944 0.174637 0.185746 0.218005 0.272744 0.290567 0.307004 0.395475 0.395943 0.430525 0.455645 0.471347 0.528051 0.588697 0.635535 0.663954 0.742074 0.761192 
0.0440021 0.134895 0.169944 0.174637 0.185746 0.218005 0.272744 0.273629 0.290567 0.307004 0.395475 0.395943 0.430525 0.455645 0.471347 0.528051 0.588697 0.635535 0.663954 0.742074 
0.0440021 0.134895 0.169944 0.174637 0.185746 0.218005 0.272744 0.273629 0.290567 0.307004 0.395475 0.395943 0.430525 0.455645 0.471347 0.528051 0.588697 0.635535 0.663954 0.742074 
0.0440021 0.134895 0.169944 0.174637 0.185746 0.218005 0.272744 0.273629 0.290567 0.307004 0.395475 0.395943 0.430525 0.455645 0.471347 0.528051 0.588697 0.635535 0.663954 0.742074 
0.0440021 0.134895 0.169944 0.174637 0.185746 0.218005 0.272744 0.273629 0.290567 0.307004 0.395475 0.395943 0.430525 0.455645 0.471347 0.528051 0.588697 0.635535 0.663954 0.742074 
0.0440021 0.134895 0.169944 0.174637 0.185746 0.218005 0.272744 0.273629 0.28895 0.290567 0.307004 0.395475 0.395943 0.430525 0.455645 0.471347 0.528051 0.588697 0.635535 0.663954 
0.0440021 0.134895 0.169944 0.174637 0.185746 0.218005 0.272744 0.273629 0.28895 0.290567 0.307004 0.395475 0.395943 0.430525 0.455645 0.471347 0.528051 0.588697 0.635535 0.663954 
0.0440021 0.134895 0.169944 0.174637 0.185746 0.218005 0.272744 0.273629 0.28895 0.290567 0.307004 0.395475 0.395943 0.430525 0.455645 0.471347 0.528051 0.588697 0.635535 0.663954 
0.0440021 0.0720578 0.134895 0.140508 0.169944 0.174637 0.185746 0.218005 0.272744 0.273629 0.28895 0.290567 0.307004 0.395475 0.395943 0.430525 0.455645 0.471347 0.528051 0.588697 
0.0440021 0.0720578 0.134895 0.140508 0.169944 0.174637 0.185746 0.218005 0.272744 0.273629 0.28895 0.290567 0.307004 0.395475 0.395943 0.430525 0.455645 0.471347 0.528051 0.588697 
0.0440021 0.0720578 0.134895 0.140508 0.169944 0.174637 0.185746 0.2154 0.218005 0.272744 0.273629 0.28895 0.290567 0.307004 0.395475 0.395943 0.430525 0.455645 0.471347 0.528051 
0.0440021 0.0644486 0.0720578 0.134895 0.140508 0.169944 0.174637 0.185746 0.2154 0.218005 0.272744 0.273629 0.28895 0.290567 0.307004 0.395475 0.395943 0.430525 0.455645 0.471347 
0.0440021 0.0644486 0.0720578 0.132493 0.134895 0.140508 0.169944 0.174637 0.185746 0.2154 0.218005 0.272744 0.273629 0.28895 0.290567 0.307004 0.395475 0.395943 0.430525 0.455645 
0.0440021 0.0644486 0.0720578 0.103724 0.132493 0.134895 0.140508 0.169944 0.172361 0.174637 0.185746 0.2154 0.218005 0.272744 0.273629 0.28895 0.290567 0.307004 0.395475 0.395943 
0.0328103 0.0440021 0.0644486 0.0720578 0.103724 0.132493 0.134895 0.140508 0.169944 0.172361 0.174637 0.185746 0.2154 0.218005 0.272744 0.273629 0.28895 0.290567 0.307004 0.395475 
0.0328103 0.0440021 0.0644486 0.0720578 0.103724 0.11315 0.132493 0.134895 0.140508 0.169944 0.172361 0.174637 0.185746 0.2154 0.218005 0.272744 0.273629 0.28895 0.290567 0.307004 
0.0328103 0.0440021 0.0644486 0.0720578 0.103724 0.11315 0.132493 0.134895 0.140508 0.169944 0.172361 0.174637 0.185746 0.2154 0.218005 0.272744 0.273629 0.28895 0.290567 0.307004 
0.0328103 0.0440021 0.0644486 0.0720578 0.103724 0.11315 0.126956 0.132493 0.134895 0.140508 0.169944 0.172361 0.174637 0.185746 0.2154 0.218005 0.272744 0.273629 0.28895 0.290567 
0.0328103 0.0440021 0.0644486 0.0720578 0.103724 0.11315 0.126956 0.128308 0.132493 0.134895 0.140508 0.169944 0.172361 0.174637 0.185746 0.2154 0.218005 0.272744 0.273629 0.28895 
