1.51498 2.72673 3.01961 3.12216 3.13891 3.27227 3.38439 3.38648 3.53095 3.57704 3.63594 4.11766 4.24811 4.29605 4.4031 4.42193 4.43709 4.49571 4.53929 4.54793 
1.3027 1.51498 2.5611 2.72673 2.78141 3.00807 3.01961 3.12216 3.13891 3.27227 3.32457 3.38439 3.38648 3.45713 3.53095 3.56404 3.57704 3.63594 3.96775 4.11766 
1.3027 1.45057 1.51498 2.34388 2.5611 2.72673 2.74965 2.78141 2.92228 3.00807 3.01961 3.12216 3.13891 3.27227 3.32457 3.33411 3.35854 3.38439 3.38648 3.45713 
1.3027 1.45057 1.51498 2.34388 2.5611 2.64946 2.72673 2.74965 2.78141 2.82238 2.92228 3.00807 3.01961 3.06403 3.12216 3.13891 3.27227 3.32457 3.33411 3.35854 
1.3027 1.45057 1.51498 2.15184 2.34388 2.5611 2.64946 2.72673 2.74965 2.78141 2.82238 2.92228 2.92655 3.00807 3.01961 3.06403 3.12216 3.13891 3.27227 3.32457 
1.3027 1.45057 1.51498 2.15184 2.34388 2.5611 2.64946 2.72673 2.74965 2.78141 2.82238 2.92228 2.92655 3.00807 3.01961 3.06403 3.12216 3.13891 3.27227 3.32457 
1.3027 1.45057 1.51498 2.15184 2.34388 2.5611 2.64946 2.72673 2.74965 2.78141 2.82238 2.92228 2.92655 3.00807 3.01961 3.06403 3.12216 3.13891 3.27227 3.32457 
1.3027 1.45057 1.51498 2.15184 2.34388 2.5611 2.64946 2.72673 2.74965 2.78141 2.78872 2.82238 2.92228 2.92655 3.00807 3.01961 3.06403 3.12216 3.13891 3.27227 
1.3027 1.45057 1.51498 2.15184 2.34388 2.5611 2.64946 2.72673 2.74965 2.78141 2.78872 2.82238 2.92228 2.92655 3.00807 3.01961 3.06403 3.12216 3.13891 3.27227 
1.3027 1.45057 1.51498 2.15184 2.34388 2.5611 2.64946 2.72673 2.74965 2.78141 2.78872 2.82238 2.92228 2.92655 3.00807 3.01961 3.06403 3.12216 3.13891 3.27227 
1.3027 1.45057 1.51498 2.15184 2.34388 2.5611 2.64946 2.72673 2.74965 2.78141 2.78872 2.82238 2.92228 2.92655 3.00807 3.01961 3.06403 3.12216 3.13891 3.27227 
1.3027 1.45057 1.51498 2.15184 2.34388 2.5611 2.64946 2.72673 2.74965 2.78141 2.78872 2.82238 2.92228 2.92655 3.00807 3.01961 3.06403 3.12216 3.13891 3.27227 
1.3027 1.45057 1.51498 2.15184 2.34388 2.5611 2.64946 2.72673 2.74965 2.78141 2.78872 2.82238 2.92228 2.92655 3.00807 3.01961 3.06403 3.12216 3.13891 3.27227 
1.3027 1.45057 1.51498 2.15184 2.34388 2.5611 2.64946 2.72673 2.74965 2.78141 2.78872 2.82238 2.92228 2.92655 3.00807 3.01961 3.06403 3.12216 3.13891 3.27227 
1.3027 1.45057 1.51498 2.15184 2.34388 2.5611 2.64946 2.72673 2.74965 2.78141 2.78872 2.82238 2.92228 2.92655 3.00807 3.01961 3.06403 3.12216 3.13891 3.27227 
1.3027 1.45057 1.51498 2.15184 2.34388 2.5611 2.64946 2.72673 2.74965 2.78141 2.78872 2.82238 2.92228 2.92655 3.00807 3.01961 3.06403 3.12216 3.13891 3.27227 
1.3027 1.45057 1.51498 2.15184 2.34388 2.5611 2.64946 2.72673 2.74965 2.78141 2.78872 2.82238 2.92228 2.92655 3.00807 3.01961 3.06403 3.12216 3.13891 3.27227 
1.3027 1.45057 1.51498 2.15184 2.34388 2.5611 2.64946 2.72673 2.74965 2.78141 2.78872 2.82238 2.92228 2.92655 3.00807 3.01961 3.06403 3.12216 3.13891 3.27227 
1.3027 1.45057 1.51498 2.15184 2.34388 2.5611 2.64946 2.72673 2.74965 2.78141 2.78872 2.82238 2.92228 2.92655 3.00807 3.01961 3.06403 3.12216 3.13891 3.27227 
1.3027 1.45057 1.51498 2.15184 2.34388 2.5611 2.64946 2.72673 2.74965 2.78141 2.78872 2.82238 2.92228 2.92655 3.00807 3.01961 3.06403 3.12216 3.13891 3.27227 
1.3027 1.45057 1.51498 2.15184 2.34388 2.5611 2.64946 2.72673 2.74965 2.78141 2.78872 2.82238 2.92228 2.92655 3.00807 3.01961 3.06403 3.12216 3.13891 3.27227 
1.3027 1.45057 1.51498 2.15184 2.34388 2.5611 2.64946 2.72673 2.74965 2.78141 2.78872 2.82238 2.92228 2.92655 3.00807 3.01961 3.06403 3.12216 3.13891 3.27227 
1.3027 1.45057 1.51498 2.15184 2.34388 2.5611 2.64946 2.72673 2.74965 2.78141 2.78872 2.82238 2.92228 2.92655 3.00807 3.01961 3.06403 3.12216 3.13891 3.27227 
1.3027 1.45057 1.51498 2.15184 2.34388 2.5611 2.64946 2.72673 2.74965 2.78141 2.78872 2.82238 2.92228 2.92655 3.00807 3.01961 3.06403 3.12216 3.13891 3.27227 
1.3027 1.45057 1.51498 2.15184 2.34388 2.5611 2.64946 2.72673 2.74965 2.78141 2.78872 2.82238 2.92228 2.92655 3.00807 3.01961 3.06403 3.12216 3.13891 3.27227 
1.3027 1.45057 1.51498 2.15184 2.34388 2.5611 2.64946 2.72673 2.74965 2.78141 2.78872 2.82238 2.92228 2.92655 3.00807 3.01961 3.06403 3.12216 3.13891 3.27227 
1.3027 1.45057 1.51498 2.15184 2.34388 2.5611 2.64946 2.72673 2.74965 2.78141 2.78872 2.82238 2.92228 2.92655 3.00807 3.01961 3.06403 3.12216 3.13891 3.27227 
1.3027 1.45057 1.51498 2.15184 2.34388 2.5611 2.64946 2.72673 2.74965 2.78141 2.78872 2.82238 2.92228 2.92655 3.00807 3.01961 3.06403 3.12216 3.13891 3.27227 
1.3027 1.45057 1.51498 2.15184 2.34388 2.5611 2.64946 2.72673 2.74965 2.78141 2.78872 2.82238 2.92228 2.92655 3.00807 3.01961 3.06403 3.12216 3.13891 3.27227 
1.3027 1.45057 1.51498 2.15184 2.34388 2.5611 2.64946 2.72673 2.74965 2.78141 2.78872 2.82238 2.92228 2.92655 3.00807 3.01961 3.06403 3.12216 3.13891 3.27227 
1.3027 1.45057 1.51498 2.15184 2.34388 2.5611 2.64946 2.72673 2.74965 2.78141 2.78872 2.82238 2.92228 2.92655 3.00807 3.01961 3.06403 3.12216 3.13891 3.27227 
1.3027 1.45057 1.51498 2.15184 2.34388 2.5611 2.64946 2.72673 2.74965 2.78141 2.78872 2.82238 2.92228 2.92655 3.00807 3.01961 3.06403 3.12216 3.13891 3.27227 
1.3027 1.45057 1.51498 2.15184 2.34388 2.5611 2.64946 2.72673 2.74965 2.78141 2.78872 2.82238 2.92228 2.92655 3.00807 3.01961 3.06403 3.12216 3.13891 3.27227 
1.3027 1.45057 1.51498 2.15184 2.34388 2.5611 2.64946 2.72673 2.74965 2.78141 2.78872 2.82238 2.92228 2.92655 3.00807 3.01961 3.06403 3.12216 3.13891 3.27227 
1.3027 1.45057 1.51498 2.15184 2.34388 2.5611 2.64946 2.72673 2.74965 2.78141 2.78872 2.82238 2.92228 2.92655 3.00807 3.01961 3.06403 3.12216 3.13891 3.27227 
1.3027 1.45057 1.51498 2.15184 2.34388 2.5611 2.64946 2.72673 2.74965 2.78141 2.78872 2.82238 2.92228 2.92655 3.00807 3.01961 3.06403 3.12216 3.13891 3.27227 
1.3027 1.45057 1.51498 2.15184 2.34388 2.5611 2.64946 2.72673 2.74965 2.78141 2.78872 2.82238 2.92228 2.92655 3.00807 3.01961 3.06403 3.12216 3.13891 3.27227 
1.3027 1.45057 1.51498 2.15184 2.34388 2.5611 2.64946 2.72673 2.74965 2.78141 2.78872 2.82238 2.92228 2.92655 3.00807 3.01961 3.06403 3.12216 3.13891 3.27227 
1.3027 1.45057 1.51498 2.15184 2.34388 2.5611 2.64946 2.72673 2.74965 2.78141 2.78872 2.82238 2.92228 2.92655 3.00807 3.01961 3.06403 3.12216 3.13891 3.27227 
1.3027 1.45057 1.51498 2.15184 2.34388 2.5611 2.64946 2.72673 2.74965 2.78141 2.78872 2.82238 2.92228 2.92655 3.00807 3.01961 3.06403 3.12216 3.13891 3.27227 
1.3027 1.45057 1.51498 2.15184 2.34388 2.5611 2.64946 2.72673 2.74965 2.78141 2.78872 2.82238 2.92228 2.92655 3.00807 3.01961 3.06403 3.12216 3.13891 3.27227 
1.3027 1.45057 1.51498 2.15184 2.34388 2.5611 2.64946 2.72673 2.74965 2.78141 2.78872 2.82238 2.92228 2.92655 3.00807 3.01961 3.06403 3.12216 3.13891 3.27227 
1.3027 1.45057 1.51498 2.15184 2.34388 2.5611 2.64946 2.72673 2.74965 2.78141 2.78872 2.82238 2.92228 2.92655 3.00807 3.01961 3.06403 3.12216 3.13891 3.27227 
1.3027 1.45057 1.51498 2.15184 2.34388 2.5611 2.64946 2.72673 2.74965 2.78141 2.78872 2.82238 2.92228 2.92655 3.00807 3.01961 3.06403 3.12216 3.13891 3.27227 
1.3027 1.45057 1.51498 2.15184 2.34388 2.5611 2.64946 2.72673 2.74965 2.78141 2.78872 2.82238 2.92228 2.92655 3.00807 3.01961 3.06403 3.12216 3.13891 3.27227 
1.3027 1.45057 1.51498 2.15184 2.34388 2.5611 2.64946 2.72673 2.74965 2.78141 2.78872 2.82238 2.92228 2.92655 3.00807 3.01961 3.06403 3.12216 3.13891 3.27227 
1.3027 1.45057 1.51498 2.15184 2.34388 2.5611 2.64946 2.72673 2.74965 2.78141 2.78872 2.82238 2.92228 2.92655 3.00807 3.01961 3.06403 3.12216 3.13891 3.27227 
1.3027 1.45057 1.51498 2.15184 2.34388 2.5611 2.64946 2.72673 2.74965 2.78141 2.78872 2.82238 2.92228 2.92655 3.00807 3.01961 3.06403 3.12216 3.13891 3.27227 
1.3027 1.45057 1.51498 2.15184 2.34388 2.5611 2.64946 2.72673 2.74965 2.78141 2.78872 2.82238 2.92228 2.92655 3.00807 3.01961 3.06403 3.12216 3.13891 3.27227 
1.3027 1.45057 1.51498 2.15184 2.34388 2.5611 2.64946 2.72673 2.74965 2.78141 2.78872 2.82238 2.92228 2.92655 3.00807 3.01961 3.06403 3.12216 3.13891 3.27227 
1.3027 1.45057 1.51498 2.15184 2.34388 2.5611 2.64946 2.72673 2.74965 2.78141 2.78872 2.82238 2.92228 2.92655 3.00807 3.01961 3.06403 3.12216 3.13891 3.27227 
1.3027 1.45057 1.51498 2.15184 2.34388 2.5611 2.64946 2.72673 2.74965 2.78141 2.78872 2.82238 2.92228 2.92655 3.00807 3.01961 3.06403 3.12216 3.13891 3.27227 
1.3027 1.45057 1.51498 2.15184 2.34388 2.5611 2.64946 2.72673 2.74965 2.78141 2.78872 2.82238 2.92228 2.92655 3.00807 3.01961 3.06403 3.12216 3.13891 3.27227 
1.3027 1.45057 1.51498 2.15184 2.34388 2.5611 2.64946 2.72673 2.74965 2.78141 2.78872 2.82238 2.92228 2.92655 3.00807 3.01961 3.06403 3.12216 3.13891 3.27227 
1.3027 1.45057 1.51498 2.15184 2.34388 2.5611 2.64946 2.72673 2.74965 2.78141 2.78872 2.82238 2.92228 2.92655 3.00807 3.01961 3.06403 3.12216 3.13891 3.27227 
1.3027 1.45057 1.51498 2.15184 2.34388 2.5611 2.64946 2.72673 2.74965 2.78141 2.78872 2.82238 2.92228 2.92655 3.00807 3.01961 3.06403 3.12216 3.13891 3.27227 
1.3027 1.45057 1.51498 2.15184 2.34388 2.5611 2.64946 2.72673 2.74965 2.78141 2.78872 2.82238 2.92228 2.92655 3.00807 3.01961 3.06403 3.12216 3.13891 3.27227 
1.3027 1.45057 1.51498 2.15184 2.34388 2.5611 2.64946 2.72673 2.74965 2.78141 2.78872 2.82238 2.92228 2.92655 3.00807 3.01961 3.06403 3.12216 3.13891 3.27227 
1.3027 1.45057 1.51498 2.15184 2.34388 2.5611 2.64946 2.72673 2.74965 2.78141 2.78872 2.82238 2.92228 2.92655 3.00807 3.01961 3.06403 3.12216 3.13891 3.27227 
1.3027 1.45057 1.51498 2.15184 2.34388 2.5611 2.64946 2.72673 2.74965 2.78141 2.78872 2.82238 2.92228 2.92655 3.00807 3.01961 3.06403 3.12216 3.13891 3.27227 
1.3027 1.45057 1.51498 2.15184 2.34388 2.5611 2.64946 2.72673 2.74965 2.78141 2.78872 2.82238 2.92228 2.92655 3.00807 3.01961 3.06403 3.12216 3.13891 3.27227 
1.3027 1.45057 1.51498 2.15184 2.34388 2.5611 2.64946 2.72673 2.74965 2.78141 2.78872 2.82238 2.92228 2.92655 3.00807 3.01961 3.06403 3.12216 3.13891 3.27227 
1.3027 1.45057 1.51498 2.15184 2.34388 2.5611 2.64946 2.72673 2.74965 2.78141 2.78872 2.82238 2.92228 2.92655 3.00807 3.01961 3.06403 3.12216 3.13891 3.27227 
1.3027 1.45057 1.51498 2.15184 2.34388 2.5611 2.64946 2.72673 2.74965 2.78141 2.78872 2.82238 2.92228 2.92655 3.00807 3.01961 3.06403 3.12216 3.13891 3.27227 
1.3027 1.45057 1.51498 2.15184 2.34388 2.5611 2.64946 2.72673 2.74965 2.78141 2.78872 2.82238 2.92228 2.92655 3.00807 3.01961 3.06403 3.12216 3.13891 3.27227 
1.3027 1.45057 1.51498 2.15184 2.34388 2.5611 2.64946 2.72673 2.74965 2.78141 2.78872 2.82238 2.92228 2.92655 3.00807 3.01961 3.06403 3.12216 3.13891 3.27227 
1.3027 1.45057 1.51498 2.15184 2.34388 2.5611 2.64946 2.72673 2.74965 2.78141 2.78872 2.82238 2.92228 2.92655 3.00807 3.01961 3.06403 3.12216 3.13891 3.27227 
1.3027 1.45057 1.51498 2.15184 2.34388 2.5611 2.64946 2.72673 2.74965 2.78141 2.78872 2.82238 2.92228 2.92655 3.00807 3.01961 3.06403 3.12216 3.13891 3.27227 
1.3027 1.45057 1.51498 2.15184 2.34388 2.5611 2.64946 2.72673 2.74965 2.78141 2.78872 2.82238 2.92228 2.92655 3.00807 3.01961 3.06403 3.12216 3.13891 3.27227 
1.3027 1.45057 1.51498 2.15184 2.34388 2.5611 2.64946 2.72673 2.74965 2.78141 2.78872 2.82238 2.92228 2.92655 3.00807 3.01961 3.06403 3.12216 3.13891 3.27227 
1.3027 1.45057 1.51498 2.15184 2.34388 2.5611 2.64946 2.72673 2.74965 2.78141 2.78872 2.82238 2.92228 2.92655 3.00807 3.01961 3.06403 3.12216 3.13891 3.27227 
1.3027 1.45057 1.51498 2.15184 2.34388 2.5611 2.64946 2.72673 2.74965 2.78141 2.78872 2.82238 2.92228 2.92655 3.00807 3.01961 3.06403 3.12216 3.13891 3.27227 
1.3027 1.45057 1.51498 2.15184 2.34388 2.5611 2.64946 2.72673 2.74965 2.78141 2.78872 2.82238 2.92228 2.92655 3.00807 3.01961 3.06403 3.12216 3.13891 3.27227 
1.3027 1.45057 1.51498 2.15184 2.34388 2.5611 2.64946 2.72673 2.74965 2.78141 2.78872 2.82238 2.92228 2.92655 3.00807 3.01961 3.06403 3.12216 3.13891 3.27227 
1.3027 1.45057 1.51498 2.15184 2.34388 2.5611 2.64946 2.72673 2.74965 2.78141 2.78872 2.82238 2.92228 2.92655 3.00807 3.01961 3.06403 3.12216 3.13891 3.27227 
1.3027 1.45057 1.51498 2.15184 2.34388 2.5611 2.64946 2.72673 2.74965 2.78141 2.78872 2.82238 2.92228 2.92655 3.00807 3.01961 3.06403 3.12216 3.13891 3.27227 
1.3027 1.45057 1.51498 2.15184 2.34388 2.5611 2.64946 2.72673 2.74965 2.78141 2.78872 2.82238 2.92228 2.92655 3.00807 3.01961 3.06403 3.12216 3.13891 3.27227 
1.3027 1.45057 1.51498 2.15184 2.34388 2.5611 2.64946 2.72673 2.74965 2.78141 2.78872 2.82238 2.92228 2.92655 3.00807 3.01961 3.06403 3.12216 3.13891 3.27227 
1.3027 1.45057 1.51498 2.15184 2.34388 2.5611 2.64946 2.72673 2.74965 2.78141 2.78872 2.82238 2.92228 2.92655 3.00807 3.01961 3.06403 3.12216 3.13891 3.27227 
1.3027 1.45057 1.51498 2.15184 2.34388 2.5611 2.64946 2.72673 2.74965 2.78141 2.78872 2.82238 2.92228 2.92655 3.00807 3.01961 3.06403 3.12216 3.13891 3.27227 
1.3027 1.45057 1.51498 2.15184 2.34388 2.5611 2.64946 2.72673 2.74965 2.78141 2.78872 2.82238 2.92228 2.92655 3.00807 3.01961 3.06403 3.12216 3.13891 3.27227 
1.3027 1.45057 1.51498 2.15184 2.34388 2.5611 2.64946 2.72673 2.74965 2.78141 2.78872 2.82238 2.92228 2.92655 3.00807 3.01961 3.06403 3.12216 3.13891 3.27227 
1.3027 1.45057 1.51498 2.15184 2.34388 2.5611 2.64946 2.72673 2.74965 2.78141 2.78872 2.82238 2.92228 2.92655 3.00807 3.01961 3.06403 3.12216 3.13891 3.27227 
1.3027 1.45057 1.51498 2.15184 2.34388 2.5611 2.64946 2.72673 2.74965 2.78141 2.78872 2.82238 2.92228 2.92655 3.00807 3.01961 3.06403 3.12216 3.13891 3.27227 
1.3027 1.45057 1.51498 2.15184 2.34388 2.5611 2.64946 2.72673 2.74965 2.78141 2.78872 2.82238 2.92228 2.92655 3.00807 3.01961 3.06403 3.12216 3.13891 3.27227 
1.3027 1.45057 1.51498 2.15184 2.34388 2.5611 2.64946 2.72673 2.74965 2.78141 2.78872 2.82238 2.92228 2.92655 3.00807 3.01961 3.06403 3.12216 3.13891 3.27227 
1.3027 1.45057 1.51498 2.15184 2.34388 2.5611 2.64946 2.72673 2.74965 2.78141 2.78872 2.82238 2.92228 2.92655 3.00807 3.01961 3.06403 3.12216 3.13891 3.27227 
1.3027 1.45057 1.51498 2.15184 2.34388 2.5611 2.64946 2.72673 2.74965 2.78141 2.78872 2.82238 2.92228 2.92655 3.00807 3.01961 3.06403 3.12216 3.13891 3.27227 
1.3027 1.45057 1.51498 2.15184 2.34388 2.5611 2.64946 2.72673 2.74965 2.78141 2.78872 2.82238 2.92228 2.92655 3.00807 3.01961 3.06403 3.12216 3.13891 3.27227 
1.3027 1.45057 1.51498 2.15184 2.34388 2.5611 2.64946 2.72673 2.74965 2.78141 2.78872 2.82238 2.92228 2.92655 3.00807 3.01961 3.06403 3.12216 3.13891 3.27227 
1.3027 1.45057 1.51498 2.15184 2.34388 2.5611 2.64946 2.72673 2.74965 2.78141 2.78872 2.82238 2.92228 2.92655 3.00807 3.01961 3.06403 3.12216 3.13891 3.27227 
1.3027 1.45057 1.51498 2.15184 2.34388 2.5611 2.64946 2.72673 2.74965 2.78141 2.78872 2.82238 2.92228 2.92655 3.00807 3.01961 3.06403 3.12216 3.13891 3.27227 
1.3027 1.45057 1.51498 2.15184 2.34388 2.5611 2.64946 2.72673 2.74965 2.78141 2.78872 2.82238 2.92228 2.92655 3.00807 3.01961 3.06403 3.12216 3.13891 3.27227 
1.3027 1.45057 1.51498 2.15184 2.34388 2.5611 2.64946 2.72673 2.74965 2.78141 2.78872 2.82238 2.92228 2.92655 3.00807 3.01961 3.06403 3.12216 3.13891 3.27227 
1.3027 1.45057 1.51498 2.15184 2.34388 2.5611 2.64946 2.72673 2.74965 2.78141 2.78872 2.82238 2.92228 2.92655 3.00807 3.01961 3.06403 3.12216 3.13891 3.27227 
1.3027 1.45057 1.51498 2.15184 2.34388 2.5611 2.64946 2.72673 2.74965 2.78141 2.78872 2.82238 2.92228 2.92655 3.00807 3.01961 3.06403 3.12216 3.13891 3.27227 
1.3027 1.45057 1.51498 2.15184 2.34388 2.5611 2.64946 2.72673 2.74965 2.78141 2.78872 2.82238 2.92228 2.92655 3.00807 3.01961 3.06403 3.12216 3.13891 3.27227 
1.3027 1.45057 1.51498 2.15184 2.34388 2.5611 2.64946 2.72673 2.74965 2.78141 2.78872 2.82238 2.92228 2.92655 3.00807 3.01961 3.06403 3.12216 3.13891 3.27227 
1.3027 1.45057 1.51498 2.15184 2.34388 2.5611 2.64946 2.72673 2.74965 2.78141 2.78872 2.82238 2.92228 2.92655 3.00807 3.01961 3.06403 3.12216 3.13891 3.27227 
1.3027 1.45057 1.51498 2.15184 2.34388 2.5611 2.64946 2.72673 2.74965 2.78141 2.78872 2.82238 2.92228 2.92655 3.00807 3.01961 3.06403 3.12216 3.13891 3.27227 
