1.43279 2.77921 3.00112 4.14861 5.28991 5.4823 5.66307 5.69042 5.72053 5.78732 5.84585 5.86998 5.98352 6.267 6.51029 6.87802 6.98624 6.99827 7.20499 7.4808 
0.639657 1.43279 2.77921 3.00112 3.79047 4.14861 4.52876 4.53714 4.60821 4.91626 5.28991 5.29845 5.4823 5.59372 5.66307 5.69042 5.72053 5.78732 5.84585 5.86998 
0.639657 1.43279 2.6936 2.77921 3.00112 3.04461 3.75965 3.79047 4.12668 4.14861 4.41568 4.52876 4.53714 4.60821 4.91626 5.15419 5.28991 5.29845 5.4823 5.59372 
0.639657 1.43279 2.6936 2.7525 2.77921 3.00112 3.04461 3.65394 3.75965 3.79047 4.12668 4.14861 4.32905 4.41568 4.52876 4.53714 4.54667 4.60821 4.612 4.91626 
0.639657 1.43279 2.6936 2.7525 2.77921 3.00112 3.04461 3.19257 3.65394 3.75965 3.79047 4.12668 4.14169 4.14861 4.32905 4.41568 4.52876 4.53714 4.54667 4.60821 
0.639657 1.43279 2.04279 2.6936 2.7525 2.77921 2.96393 3.00112 3.04461 3.11391 3.19257 3.65394 3.75965 3.79047 4.12668 4.14169 4.14861 4.32905 4.41568 4.52876 
0.639657 1.43279 2.04279 2.6936 2.7525 2.77921 2.96393 3.00112 3.04461 3.11391 3.19257 3.65394 3.73646 3.75965 3.79047 3.88195 4.12668 4.14169 4.14861 4.32905 
0.639657 1.43279 2.04279 2.6936 2.7525 2.77921 2.96393 3.00112 3.04461 3.11391 3.18588 3.19257 3.65394 3.69263 3.73646 3.75965 3.79047 3.88195 3.94805 3.97938 
0.639657 1.43279 2.04279 2.6936 2.7525 2.77921 2.96393 3.00112 3.04461 3.11391 3.18588 3.19257 3.28308 3.65394 3.69263 3.73646 3.75965 3.79047 3.84918 3.88195 
0.639657 1.43279 2.04279 2.6936 2.7525 2.77804 2.77921 2.96393 2.96951 3.00112 3.04461 3.11391 3.18588 3.19257 3.28308 3.65394 3.69263 3.73646 3.75965 3.79047 
0.639657 1.43279 2.04279 2.6936 2.7525 2.77804 2.77921 2.96393 2.96951 3.00112 3.04461 3.11391 3.18588 3.18692 3.19257 3.28308 3.65394 3.69263 3.73646 3.75965 
0.639657 1.43279 1.87104 2.04279 2.63676 2.6936 2.7525 2.77804 2.77921 2.96393 2.96951 3.00112 3.04461 3.11391 3.18588 3.18692 3.19257 3.28308 3.50255 3.64292 
0.639657 1.43279 1.87104 2.04279 2.59818 2.63676 2.6936 2.7525 2.77804 2.77921 2.95514 2.96393 2.96951 3.00112 3.04461 3.07359 3.11391 3.18588 3.18692 3.19257 
0.639657 1.43279 1.87104 2.04279 2.20645 2.59818 2.63676 2.6936 2.7525 2.7659 2.77804 2.77921 2.95514 2.96393 2.96951 2.979 3.00112 3.04461 3.07359 3.09561 
0.639657 0.766629 0.918115 1.43279 1.87104 2.04279 2.20645 2.59818 2.63676 2.67477 2.6936 2.7525 2.7659 2.77804 2.77921 2.95514 2.96393 2.96951 2.979 3.00112 
0.639657 0.766629 0.918115 1.43279 1.87104 2.04279 2.20645 2.59818 2.63676 2.67477 2.6936 2.7525 2.7659 2.77804 2.77921 2.95514 2.96393 2.96951 2.979 3.00112 
0.639657 0.766629 0.918115 1.43279 1.87104 2.04279 2.20645 2.59818 2.63676 2.67477 2.6936 2.7525 2.7659 2.77804 2.77921 2.9166 2.95514 2.96393 2.96951 2.979 
0.639657 0.766629 0.918115 1.43279 1.4666 1.81549 1.87104 2.04279 2.20645 2.59818 2.59856 2.63676 2.67477 2.6936 2.73946 2.7525 2.7659 2.77804 2.77921 2.9166 
0.639657 0.766629 0.918115 1.43279 1.4666 1.81549 1.87104 2.04279 2.20645 2.59818 2.59856 2.63676 2.67477 2.6936 2.73946 2.7525 2.7659 2.77804 2.77921 2.9166 
0.396714 0.639657 0.766629 0.918115 1.43279 1.4666 1.81549 1.87104 2.04279 2.20645 2.59818 2.59856 2.63676 2.67477 2.6936 2.73946 2.7525 2.7659 2.77804 2.77921 
0.396714 0.483109 0.639657 0.766629 0.918115 1.36461 1.43279 1.4666 1.81549 1.87104 2.04279 2.20645 2.34103 2.59818 2.59856 2.63676 2.67477 2.6936 2.73946 2.7525 
0.396714 0.483109 0.553226 0.639657 0.766629 0.918115 1.36461 1.43279 1.4666 1.81549 1.87104 2.04279 2.20645 2.34103 2.59818 2.59856 2.63676 2.67477 2.6936 2.73946 
0.396714 0.483109 0.553226 0.639657 0.766629 0.918115 1.36461 1.43279 1.4666 1.81549 1.87104 2.04279 2.20645 2.34103 2.59818 2.59856 2.63676 2.67366 2.67477 2.67512 
0.396714 0.483109 0.553226 0.639657 0.766629 0.918115 1.36461 1.43279 1.4666 1.81549 1.87104 1.96707 2.04279 2.20645 2.2077 2.34103 2.39072 2.59281 2.59818 2.59856 
0.396714 0.483109 0.553226 0.639657 0.766629 0.918115 1.36461 1.43279 1.4666 1.81549 1.87104 1.96707 2.04279 2.20645 2.2077 2.33725 2.34103 2.39072 2.41972 2.54363 
0.396714 0.483109 0.553226 0.639657 0.766629 0.918115 0.940959 1.36461 1.43279 1.4666 1.81549 1.87104 1.96707 2.04279 2.20645 2.2077 2.33725 2.34103 2.39072 2.41972 
0.396714 0.483109 0.553226 0.639657 0.766629 0.918115 0.940959 1.36461 1.43279 1.4666 1.81549 1.87104 1.96707 2.04279 2.20645 2.2077 2.33725 2.34103 2.39072 2.41972 
0.396714 0.483109 0.553226 0.639657 0.766629 0.918115 0.940959 1.36461 1.43279 1.4666 1.48442 1.80416 1.81549 1.87104 1.96707 2.04279 2.20645 2.2077 2.33725 2.34103 
0.238151 0.396714 0.483109 0.497189 0.553226 0.639657 0.766629 0.918115 0.940959 1.36461 1.43279 1.4666 1.48442 1.68773 1.74291 1.80416 1.81549 1.87104 1.96707 2.04279 
0.238151 0.396714 0.483109 0.497189 0.553226 0.639657 0.766629 0.918115 0.940959 1.03831 1.36461 1.43279 1.4666 1.48442 1.68773 1.74291 1.80416 1.81549 1.87104 1.87366 
0.238151 0.396714 0.483109 0.497189 0.553226 0.639657 0.766629 0.918115 0.940959 0.997775 1.03831 1.36461 1.43279 1.4666 1.48442 1.68773 1.74291 1.80416 1.81549 1.87104 
0.238151 0.396714 0.483109 0.497189 0.535221 0.553226 0.639657 0.761689 0.766629 0.918115 0.940959 0.997775 1.03831 1.36461 1.43279 1.4666 1.48442 1.68773 1.74291 1.80416 
0.238151 0.396714 0.483109 0.497189 0.535221 0.553226 0.639657 0.761689 0.766629 0.918115 0.940959 0.997775 1.03831 1.36461 1.42253 1.43279 1.4666 1.48442 1.50732 1.68773 
0.116896 0.238151 0.396714 0.483109 0.497189 0.535221 0.553226 0.639657 0.761689 0.766629 0.918115 0.940959 0.997775 1.03831 1.10233 1.12226 1.36461 1.42253 1.43279 1.4666 
0.116896 0.238151 0.396714 0.483109 0.497189 0.535221 0.553226 0.639657 0.761689 0.766629 0.918115 0.940959 0.997775 1.03831 1.10233 1.12226 1.36461 1.42253 1.43279 1.4666 
0.116896 0.238151 0.396714 0.483109 0.497189 0.535221 0.553226 0.639657 0.761689 0.766629 0.918115 0.940959 0.997775 1.03831 1.10233 1.12226 1.36461 1.42253 1.43279 1.4666 
0.116896 0.238151 0.396714 0.483109 0.497189 0.535221 0.553226 0.639657 0.761689 0.766629 0.918115 0.940959 0.997775 1.03831 1.10233 1.12226 1.36461 1.42253 1.43279 1.4666 
0.116896 0.238151 0.396714 0.483109 0.497189 0.535221 0.553226 0.639657 0.761689 0.766629 0.918115 0.940959 0.997775 1.03831 1.10233 1.12226 1.20236 1.36461 1.42253 1.43279 
0.116896 0.238151 0.396714 0.483109 0.497189 0.535221 0.54617 0.553226 0.639657 0.761689 0.766629 0.918115 0.940959 0.997775 1.03831 1.10233 1.12226 1.20236 1.36461 1.42253 
0.116896 0.238151 0.396714 0.483109 0.497189 0.535221 0.54617 0.553226 0.639657 0.761689 0.766629 0.918115 0.940959 0.997775 1.03831 1.10233 1.12226 1.20236 1.36461 1.42253 
0.0484387 0.116896 0.238151 0.396714 0.483109 0.497189 0.535221 0.54617 0.553226 0.639657 0.761689 0.766629 0.918115 0.940959 0.997775 1.03831 1.10233 1.12226 1.20236 1.36461 
0.0484387 0.116896 0.185826 0.238151 0.25113 0.396714 0.483109 0.497189 0.535221 0.54617 0.553226 0.639657 0.761689 0.766629 0.918115 0.940959 0.997775 1.03831 1.10233 1.12226 
0.0484387 0.116896 0.185826 0.238151 0.25113 0.396714 0.483109 0.497189 0.535221 0.54617 0.553226 0.639657 0.706883 0.761689 0.766629 0.888702 0.918115 0.940959 0.997775 1.00519 
0.0484387 0.116896 0.185826 0.206951 0.238151 0.25113 0.396714 0.483109 0.497189 0.535221 0.54617 0.553226 0.639657 0.706883 0.761689 0.766629 0.888702 0.918115 0.926807 0.940959 
0.0484387 0.116896 0.185826 0.206951 0.238151 0.25113 0.396714 0.483109 0.497189 0.535221 0.54617 0.553226 0.639657 0.698177 0.706883 0.718967 0.761689 0.766629 0.888702 0.918115 
0.0484387 0.116896 0.185826 0.206951 0.238151 0.25113 0.396714 0.483109 0.497189 0.535221 0.54617 0.553226 0.639657 0.698177 0.706883 0.718967 0.761689 0.766629 0.888702 0.918115 
0.0484387 0.116896 0.185826 0.206951 0.238151 0.25113 0.396714 0.483109 0.497189 0.535221 0.54617 0.553226 0.639657 0.64489 0.698177 0.706883 0.718967 0.761689 0.766629 0.888702 
0.0484387 0.116896 0.185826 0.206951 0.238151 0.25113 0.396714 0.483109 0.497189 0.535221 0.54617 0.553226 0.639657 0.64489 0.698177 0.706883 0.718967 0.761689 0.766629 0.888702 
0.0484387 0.116896 0.185826 0.206951 0.238151 0.25113 0.38896 0.396714 0.462006 0.483109 0.497189 0.535221 0.54617 0.553226 0.639657 0.64489 0.698177 0.706883 0.718967 0.761689 
0.0484387 0.116896 0.185826 0.206951 0.238151 0.25113 0.38896 0.396714 0.462006 0.483109 0.497189 0.535221 0.54617 0.553226 0.639657 0.64489 0.698177 0.706883 0.718967 0.761689 
0.0484387 0.116896 0.185826 0.206951 0.238151 0.25113 0.38896 0.396714 0.462006 0.483109 0.497189 0.535221 0.54617 0.553226 0.639657 0.64489 0.698177 0.706883 0.718967 0.761689 
0.0484387 0.116896 0.185826 0.206951 0.238151 0.25113 0.38896 0.396714 0.462006 0.483109 0.497189 0.535221 0.54617 0.553226 0.639657 0.64489 0.698177 0.706883 0.718967 0.761689 
0.0484387 0.0506102 0.116896 0.185826 0.206951 0.238151 0.25113 0.38896 0.396714 0.456307 0.462006 0.483109 0.497189 0.535221 0.54617 0.553226 0.639657 0.64489 0.698177 0.706883 
0.0484387 0.0506102 0.116896 0.185826 0.206951 0.238151 0.25113 0.38896 0.396714 0.456307 0.458529 0.462006 0.483109 0.488618 0.497189 0.535221 0.54617 0.553226 0.639657 0.64489 
0.0484387 0.0506102 0.116896 0.185826 0.206951 0.238151 0.25113 0.38896 0.396714 0.456307 0.458529 0.462006 0.483109 0.488618 0.497189 0.535221 0.54617 0.553226 0.639657 0.64489 
0.0484387 0.0506102 0.116896 0.185826 0.206951 0.238151 0.25113 0.38896 0.396714 0.456307 0.458529 0.462006 0.483109 0.488618 0.497189 0.535221 0.542521 0.54617 0.553226 0.639657 
0.0484387 0.0506102 0.116896 0.185826 0.206951 0.238151 0.25113 0.304749 0.38896 0.396714 0.456307 0.458529 0.462006 0.483109 0.488618 0.497189 0.535221 0.542521 0.54617 0.553226 
0.0484387 0.0506102 0.116896 0.185826 0.206951 0.22821 0.238151 0.25113 0.304749 0.38896 0.396714 0.456307 0.458529 0.462006 0.483109 0.488618 0.497189 0.535221 0.542521 0.54617 
0.0484387 0.0506102 0.116896 0.185826 0.206951 0.22821 0.238151 0.25113 0.304749 0.38896 0.396714 0.456307 0.458529 0.462006 0.483109 0.488618 0.497189 0.535221 0.542521 0.54617 
0.0484387 0.0506102 0.116896 0.185826 0.206951 0.22821 0.238151 0.25113 0.304749 0.38896 0.396714 0.456307 0.458529 0.462006 0.483109 0.488618 0.497189 0.535221 0.542521 0.54617 
0.0484387 0.0506102 0.116896 0.185826 0.206951 0.22821 0.238151 0.25113 0.304749 0.38896 0.396714 0.456307 0.458529 0.462006 0.483109 0.488618 0.497189 0.535221 0.542521 0.54617 
0.0484387 0.0506102 0.116896 0.185826 0.206951 0.22821 0.238151 0.25113 0.304749 0.319305 0.38896 0.396714 0.456307 0.458529 0.462006 0.483109 0.488618 0.497189 0.535221 0.542521 
0.0484387 0.0506102 0.116896 0.185826 0.206951 0.22821 0.238151 0.25113 0.304749 0.319305 0.38896 0.396714 0.456307 0.458529 0.462006 0.483109 0.488618 0.497189 0.535221 0.542521 
0.0484387 0.0506102 0.116896 0.185826 0.206951 0.22821 0.238151 0.25113 0.304749 0.319305 0.38896 0.396714 0.456307 0.458529 0.462006 0.483109 0.488618 0.497189 0.535221 0.542521 
0.0484387 0.0506102 0.116896 0.185826 0.206951 0.22821 0.238151 0.25113 0.304749 0.319305 0.38896 0.396714 0.456307 0.458529 0.462006 0.483109 0.488618 0.497189 0.535221 0.542521 
0.0484387 0.0506102 0.116896 0.185826 0.206951 0.22821 0.238151 0.25113 0.304749 0.319305 0.365741 0.38896 0.396714 0.456307 0.458529 0.462006 0.483109 0.488618 0.497189 0.535221 
0.0484387 0.0506102 0.116896 0.185826 0.206951 0.22821 0.238151 0.25113 0.304034 0.304749 0.319305 0.365741 0.38896 0.396714 0.456307 0.458529 0.462006 0.483109 0.488618 0.497189 
0.0484387 0.0506102 0.116896 0.185826 0.206951 0.22821 0.238151 0.25113 0.304034 0.304749 0.319305 0.365741 0.38896 0.396714 0.456307 0.458529 0.462006 0.483109 0.488618 0.497189 
0.0484387 0.0506102 0.116896 0.185826 0.206951 0.22821 0.238151 0.25113 0.304034 0.304749 0.319305 0.353457 0.365741 0.38896 0.396714 0.456307 0.458529 0.462006 0.483109 0.488618 
0.0484387 0.0506102 0.116896 0.185826 0.193687 0.206951 0.22821 0.238151 0.25113 0.304034 0.304749 0.319305 0.353457 0.365741 0.38896 0.396714 0.456307 0.458529 0.462006 0.483109 
0.0484387 0.0506102 0.116896 0.185826 0.193687 0.206951 0.22821 0.238151 0.25113 0.304034 0.304749 0.319305 0.353457 0.365741 0.38896 0.396714 0.456307 0.458529 0.462006 0.483109 
0.0484387 0.0506102 0.116896 0.185826 0.193687 0.206951 0.22821 0.238151 0.25113 0.304034 0.304749 0.319305 0.353457 0.365741 0.38896 0.396714 0.456307 0.458529 0.462006 0.483109 
0.0484387 0.0506102 0.116896 0.185826 0.193687 0.206951 0.22821 0.238151 0.25113 0.304034 0.304749 0.319305 0.353457 0.365741 0.38896 0.396714 0.456307 0.458529 0.462006 0.483109 
0.0484387 0.0506102 0.116896 0.185826 0.193687 0.206951 0.22821 0.238151 0.25113 0.304034 0.304749 0.319305 0.353457 0.365741 0.38896 0.396714 0.456307 0.458529 0.462006 0.483109 
0.0484387 0.0506102 0.116896 0.185826 0.193687 0.206951 0.22821 0.238151 0.25113 0.304034 0.304749 0.319305 0.353457 0.365741 0.38896 0.396714 0.456307 0.458529 0.462006 0.483109 
0.0484387 0.0506102 0.116896 0.185826 0.193687 0.206951 0.22821 0.238151 0.25113 0.304034 0.304749 0.319305 0.353457 0.365741 0.38896 0.396714 0.456307 0.458529 0.462006 0.483109 
0.0484387 0.0506102 0.116896 0.185826 0.193687 0.206951 0.22821 0.238151 0.25113 0.304034 0.304749 0.319305 0.353457 0.365741 0.38896 0.396714 0.456307 0.458529 0.462006 0.483109 
0.0484387 0.0506102 0.116896 0.185826 0.193687 0.206951 0.22821 0.238151 0.25113 0.304034 0.304749 0.319305 0.353457 0.365741 0.38896 0.396714 0.456307 0.458529 0.462006 0.483109 
0.0484387 0.0506102 0.116896 0.185826 0.193687 0.206951 0.22821 0.238151 0.25113 0.304034 0.304749 0.319305 0.353457 0.365741 0.38896 0.396714 0.456307 0.458529 0.462006 0.483109 
0.0484387 0.0506102 0.116896 0.185826 0.193687 0.206951 0.22821 0.238151 0.25113 0.304034 0.304749 0.319305 0.353457 0.365741 0.38896 0.396714 0.456307 0.458529 0.462006 0.483109 
0.0484387 0.0506102 0.116896 0.185826 0.193687 0.206951 0.22821 0.238151 0.25113 0.304034 0.304749 0.319305 0.353457 0.365741 0.38896 0.396714 0.456307 0.458529 0.462006 0.483109 
0.0484387 0.0506102 0.116896 0.185826 0.193687 0.206951 0.22821 0.238151 0.25113 0.304034 0.304749 0.319305 0.353457 0.365741 0.38896 0.396714 0.456307 0.458529 0.462006 0.483109 
0.0484387 0.0506102 0.116896 0.185826 0.193687 0.206951 0.22821 0.238151 0.25113 0.304034 0.304749 0.319305 0.353457 0.365741 0.38896 0.396714 0.456307 0.458529 0.462006 0.483109 
0.0484387 0.0506102 0.116896 0.185826 0.193687 0.206951 0.22821 0.238151 0.25113 0.304034 0.304749 0.319305 0.353457 0.365741 0.38896 0.396714 0.456307 0.458529 0.462006 0.483109 
0.0484387 0.0506102 0.116896 0.185826 0.193687 0.206951 0.22821 0.238151 0.25113 0.304034 0.304749 0.319305 0.353457 0.365741 0.38896 0.396714 0.456307 0.458529 0.462006 0.483109 
0.0484387 0.0506102 0.116896 0.185826 0.193687 0.206951 0.22821 0.238151 0.25113 0.304034 0.304749 0.319305 0.353457 0.365741 0.38896 0.396714 0.456307 0.458529 0.462006 0.483109 
0.0484387 0.0506102 0.116896 0.185826 0.193687 0.206951 0.22821 0.238151 0.25113 0.304034 0.304749 0.319305 0.353457 0.365741 0.38896 0.396714 0.456307 0.458529 0.462006 0.483109 
0.0484387 0.0506102 0.116896 0.185826 0.193687 0.206951 0.22821 0.238151 0.25113 0.304034 0.304749 0.319305 0.353457 0.365741 0.38896 0.396714 0.456307 0.458529 0.462006 0.483109 
0.0484387 0.0506102 0.116896 0.185826 0.193687 0.206951 0.22821 0.238151 0.25113 0.304034 0.304749 0.319305 0.353457 0.365741 0.38896 0.396714 0.456307 0.458529 0.462006 0.483109 
0.0484387 0.0506102 0.116896 0.185826 0.193687 0.206951 0.22821 0.238151 0.25113 0.304034 0.304749 0.319305 0.353457 0.365741 0.38896 0.396714 0.456307 0.458529 0.462006 0.483109 
0.0484387 0.0506102 0.116896 0.185826 0.193687 0.206951 0.22821 0.238151 0.25113 0.304034 0.304749 0.319305 0.353457 0.365741 0.38896 0.396714 0.456307 0.458529 0.462006 0.483109 
0.0484387 0.0506102 0.116896 0.185826 0.193687 0.206951 0.22821 0.238151 0.25113 0.304034 0.304749 0.319305 0.353457 0.365741 0.38896 0.396714 0.456307 0.458529 0.462006 0.483109 
0.0484387 0.0506102 0.116896 0.185826 0.193687 0.206951 0.22821 0.238151 0.25113 0.304034 0.304749 0.319305 0.353457 0.365741 0.38896 0.396714 0.456307 0.458529 0.462006 0.483109 
0.0484387 0.0506102 0.116896 0.185826 0.193687 0.206951 0.22821 0.238151 0.25113 0.304034 0.304749 0.319305 0.353457 0.365741 0.38896 0.396714 0.456307 0.458529 0.462006 0.483109 
0.0484387 0.0506102 0.116896 0.185826 0.193687 0.206951 0.22821 0.238151 0.25113 0.304034 0.304749 0.319305 0.353457 0.365741 0.38896 0.396714 0.456307 0.458529 0.462006 0.483109 
0.0484387 0.0506102 0.116896 0.185826 0.193687 0.206951 0.22821 0.238151 0.25113 0.304034 0.304749 0.319305 0.353457 0.365741 0.38896 0.396714 0.456307 0.458529 0.462006 0.483109 
0.0484387 0.0506102 0.116896 0.185826 0.193687 0.206951 0.22821 0.238151 0.25113 0.304034 0.304749 0.319305 0.353457 0.365741 0.38896 0.396714 0.456307 0.458529 0.462006 0.483109 
0.0484387 0.0506102 0.116896 0.185826 0.193687 0.206951 0.22821 0.238151 0.25113 0.304034 0.304749 0.319305 0.353457 0.365741 0.38896 0.396714 0.456307 0.458529 0.462006 0.483109 
0.0484387 0.0506102 0.116896 0.185826 0.193687 0.206951 0.22821 0.238151 0.25113 0.304034 0.304749 0.319305 0.353457 0.365741 0.38896 0.396714 0.456307 0.458529 0.462006 0.483109 
0.0484387 0.0506102 0.116896 0.185826 0.193687 0.206951 0.22821 0.238151 0.25113 0.304034 0.304749 0.319305 0.353457 0.365741 0.38896 0.396714 0.456307 0.458529 0.462006 0.483109 
