0.941821 2.2392 2.58876 2.77454 2.93442 3.24029 3.28555 3.33608 3.62004 3.67651 4.19296 4.23846 4.31151 4.36985 4.40868 4.48149 4.50778 4.54205 4.5588 4.58094 
0.490719 0.941821 2.2392 2.47051 2.49863 2.58876 2.77454 2.9063 2.93442 3.01619 3.24029 3.28555 3.33608 3.57934 3.61751 3.62004 3.67651 3.77478 3.79453 3.99208 
0.490719 0.941821 2.2392 2.47051 2.49863 2.58876 2.77454 2.9063 2.93442 3.01619 3.24029 3.28555 3.33608 3.38415 3.46083 3.57934 3.61751 3.62004 3.67651 3.77478 
0.490719 0.941821 2.2392 2.47051 2.49863 2.58876 2.75037 2.77454 2.9063 2.93442 3.01619 3.19135 3.24029 3.28555 3.33608 3.38415 3.46083 3.50753 3.57934 3.61751 
0.490719 0.941821 2.2392 2.47051 2.49863 2.58876 2.75037 2.77454 2.9063 2.90706 2.92476 2.93442 2.961 3.01619 3.19135 3.23371 3.24029 3.28555 3.29861 3.33608 
0.490719 0.941821 2.2392 2.47051 2.49863 2.58876 2.75037 2.77454 2.9063 2.90706 2.92476 2.93442 2.961 3.01619 3.18121 3.19135 3.23371 3.24029 3.28555 3.29861 
0.490719 0.941821 2.2392 2.47051 2.49863 2.58876 2.75037 2.77454 2.88088 2.9063 2.90706 2.92476 2.93442 2.961 3.01619 3.18121 3.19135 3.23371 3.24029 3.28555 
0.490719 0.941821 2.2392 2.23945 2.47051 2.49863 2.58876 2.75037 2.77454 2.88088 2.9063 2.90706 2.92476 2.93442 2.961 3.01619 3.12642 3.13588 3.18121 3.19135 
0.490719 0.941821 2.2392 2.23945 2.47051 2.49863 2.58876 2.75037 2.77454 2.77554 2.88088 2.9063 2.90706 2.92476 2.93442 2.961 3.01619 3.12642 3.13588 3.18121 
0.490719 0.941821 2.2392 2.23945 2.47051 2.49863 2.58876 2.75037 2.77454 2.77554 2.88088 2.9063 2.90706 2.92476 2.93442 2.961 3.01619 3.12642 3.13588 3.18121 
0.490719 0.941821 2.2392 2.23945 2.47051 2.49863 2.58876 2.75037 2.77454 2.77554 2.88088 2.9063 2.90706 2.92476 2.93442 2.961 3.01619 3.12642 3.13588 3.18121 
0.490719 0.941821 2.2392 2.23945 2.47051 2.49863 2.58876 2.75037 2.77454 2.77554 2.88088 2.9063 2.90706 2.92476 2.93442 2.961 3.01619 3.12642 3.13588 3.18121 
0.490719 0.941821 2.2392 2.23945 2.47051 2.49863 2.58876 2.75037 2.77454 2.77554 2.88088 2.9063 2.90706 2.92476 2.93442 2.961 3.01619 3.12642 3.13588 3.18121 
0.490719 0.941821 2.2392 2.23945 2.47051 2.49863 2.58876 2.75037 2.77454 2.77554 2.88088 2.9063 2.90706 2.92476 2.93442 2.961 3.01619 3.12642 3.13588 3.18121 
0.490719 0.941821 2.2392 2.23945 2.47051 2.49863 2.58876 2.75037 2.77454 2.77554 2.88088 2.9063 2.90706 2.92476 2.93442 2.961 3.01619 3.12642 3.13588 3.18121 
0.490719 0.941821 2.2392 2.23945 2.47051 2.49863 2.58876 2.75037 2.77454 2.77554 2.88088 2.9063 2.90706 2.92476 2.93442 2.961 3.01619 3.12642 3.13588 3.18121 
0.490719 0.941821 2.2392 2.23945 2.47051 2.49863 2.58876 2.75037 2.77454 2.77554 2.88088 2.9063 2.90706 2.92476 2.93442 2.961 3.01619 3.12642 3.13588 3.18121 
0.490719 0.941821 2.2392 2.23945 2.47051 2.49863 2.58876 2.75037 2.77454 2.77554 2.88088 2.9063 2.90706 2.92476 2.93442 2.961 3.01619 3.12642 3.13588 3.18121 
0.490719 0.941821 2.2392 2.23945 2.47051 2.49863 2.58876 2.75037 2.77454 2.77554 2.88088 2.9063 2.90706 2.92476 2.93442 2.961 3.01619 3.12642 3.13588 3.18121 
0.490719 0.941821 2.2392 2.23945 2.47051 2.49863 2.58876 2.75037 2.77454 2.77554 2.88088 2.9063 2.90706 2.92476 2.93442 2.961 3.01619 3.12642 3.13588 3.18121 
0.490719 0.941821 2.2392 2.23945 2.47051 2.49863 2.58876 2.75037 2.77454 2.77554 2.88088 2.9063 2.90706 2.92476 2.93442 2.961 3.01619 3.12642 3.13588 3.18121 
0.490719 0.941821 2.2392 2.23945 2.47051 2.49863 2.58876 2.75037 2.77454 2.77554 2.88088 2.9063 2.90706 2.92476 2.93442 2.961 3.01619 3.12642 3.13588 3.18121 
0.490719 0.941821 2.2392 2.23945 2.47051 2.49863 2.58876 2.75037 2.77454 2.77554 2.88088 2.9063 2.90706 2.92476 2.93442 2.961 3.01619 3.12642 3.13588 3.18121 
0.490719 0.941821 2.2392 2.23945 2.47051 2.49863 2.58876 2.75037 2.77454 2.77554 2.88088 2.9063 2.90706 2.92476 2.93442 2.961 3.01619 3.12642 3.13588 3.18121 
0.490719 0.941821 2.2392 2.23945 2.47051 2.49863 2.58876 2.75037 2.77454 2.77554 2.88088 2.9063 2.90706 2.92476 2.93442 2.961 3.01619 3.12642 3.13588 3.18121 
0.490719 0.941821 2.2392 2.23945 2.47051 2.49863 2.58876 2.75037 2.77454 2.77554 2.88088 2.9063 2.90706 2.92476 2.93442 2.961 3.01619 3.12642 3.13588 3.18121 
0.490719 0.941821 2.2392 2.23945 2.47051 2.49863 2.58876 2.75037 2.77454 2.77554 2.88088 2.9063 2.90706 2.92476 2.93442 2.961 3.01619 3.12642 3.13588 3.18121 
0.490719 0.941821 2.2392 2.23945 2.47051 2.49863 2.58876 2.75037 2.77454 2.77554 2.88088 2.9063 2.90706 2.92476 2.93442 2.961 3.01619 3.12642 3.13588 3.18121 
0.490719 0.941821 2.2392 2.23945 2.47051 2.49863 2.58876 2.75037 2.77454 2.77554 2.88088 2.9063 2.90706 2.92476 2.93442 2.961 3.01619 3.12642 3.13588 3.18121 
0.490719 0.941821 2.2392 2.23945 2.47051 2.49863 2.58876 2.75037 2.77454 2.77554 2.88088 2.9063 2.90706 2.92476 2.93442 2.961 3.01619 3.12642 3.13588 3.18121 
0.490719 0.941821 2.2392 2.23945 2.47051 2.49863 2.58876 2.75037 2.77454 2.77554 2.88088 2.9063 2.90706 2.92476 2.93442 2.961 3.01619 3.12642 3.13588 3.18121 
0.490719 0.941821 2.2392 2.23945 2.47051 2.49863 2.58876 2.75037 2.77454 2.77554 2.88088 2.9063 2.90706 2.92476 2.93442 2.961 3.01619 3.12642 3.13588 3.18121 
0.490719 0.941821 2.2392 2.23945 2.47051 2.49863 2.58876 2.75037 2.77454 2.77554 2.88088 2.9063 2.90706 2.92476 2.93442 2.961 3.01619 3.12642 3.13588 3.18121 
0.490719 0.941821 2.2392 2.23945 2.47051 2.49863 2.58876 2.75037 2.77454 2.77554 2.88088 2.9063 2.90706 2.92476 2.93442 2.961 3.01619 3.12642 3.13588 3.18121 
0.490719 0.941821 2.2392 2.23945 2.47051 2.49863 2.58876 2.75037 2.77454 2.77554 2.88088 2.9063 2.90706 2.92476 2.93442 2.961 3.01619 3.12642 3.13588 3.18121 
0.490719 0.941821 2.2392 2.23945 2.47051 2.49863 2.58876 2.75037 2.77454 2.77554 2.88088 2.9063 2.90706 2.92476 2.93442 2.961 3.01619 3.12642 3.13588 3.18121 
0.490719 0.941821 2.2392 2.23945 2.47051 2.49863 2.58876 2.75037 2.77454 2.77554 2.88088 2.9063 2.90706 2.92476 2.93442 2.961 3.01619 3.12642 3.13588 3.18121 
0.490719 0.941821 2.2392 2.23945 2.47051 2.49863 2.58876 2.75037 2.77454 2.77554 2.88088 2.9063 2.90706 2.92476 2.93442 2.961 3.01619 3.12642 3.13588 3.18121 
0.490719 0.941821 2.2392 2.23945 2.47051 2.49863 2.58876 2.75037 2.77454 2.77554 2.88088 2.9063 2.90706 2.92476 2.93442 2.961 3.01619 3.12642 3.13588 3.18121 
0.490719 0.941821 2.2392 2.23945 2.47051 2.49863 2.58876 2.75037 2.77454 2.77554 2.88088 2.9063 2.90706 2.92476 2.93442 2.961 3.01619 3.12642 3.13588 3.18121 
0.490719 0.941821 2.2392 2.23945 2.47051 2.49863 2.58876 2.75037 2.77454 2.77554 2.88088 2.9063 2.90706 2.92476 2.93442 2.961 3.01619 3.12642 3.13588 3.18121 
0.490719 0.941821 2.2392 2.23945 2.47051 2.49863 2.58876 2.75037 2.77454 2.77554 2.88088 2.9063 2.90706 2.92476 2.93442 2.961 3.01619 3.12642 3.13588 3.18121 
0.490719 0.941821 2.2392 2.23945 2.47051 2.49863 2.58876 2.75037 2.77454 2.77554 2.88088 2.9063 2.90706 2.92476 2.93442 2.961 3.01619 3.12642 3.13588 3.18121 
0.490719 0.941821 2.2392 2.23945 2.47051 2.49863 2.58876 2.75037 2.77454 2.77554 2.88088 2.9063 2.90706 2.92476 2.93442 2.961 3.01619 3.12642 3.13588 3.18121 
0.490719 0.941821 2.2392 2.23945 2.47051 2.49863 2.58876 2.75037 2.77454 2.77554 2.88088 2.9063 2.90706 2.92476 2.93442 2.961 3.01619 3.12642 3.13588 3.18121 
0.490719 0.941821 2.2392 2.23945 2.47051 2.49863 2.58876 2.75037 2.77454 2.77554 2.88088 2.9063 2.90706 2.92476 2.93442 2.961 3.01619 3.12642 3.13588 3.18121 
0.490719 0.941821 2.2392 2.23945 2.47051 2.49863 2.58876 2.75037 2.77454 2.77554 2.88088 2.9063 2.90706 2.92476 2.93442 2.961 3.01619 3.12642 3.13588 3.18121 
0.490719 0.941821 2.2392 2.23945 2.47051 2.49863 2.58876 2.75037 2.77454 2.77554 2.88088 2.9063 2.90706 2.92476 2.93442 2.961 3.01619 3.12642 3.13588 3.18121 
0.490719 0.941821 2.2392 2.23945 2.47051 2.49863 2.58876 2.75037 2.77454 2.77554 2.88088 2.9063 2.90706 2.92476 2.93442 2.961 3.01619 3.12642 3.13588 3.18121 
0.490719 0.941821 2.2392 2.23945 2.47051 2.49863 2.58876 2.75037 2.77454 2.77554 2.88088 2.9063 2.90706 2.92476 2.93442 2.961 3.01619 3.12642 3.13588 3.18121 
0.490719 0.941821 2.2392 2.23945 2.47051 2.49863 2.58876 2.75037 2.77454 2.77554 2.88088 2.9063 2.90706 2.92476 2.93442 2.961 3.01619 3.12642 3.13588 3.18121 
0.490719 0.941821 2.2392 2.23945 2.47051 2.49863 2.58876 2.75037 2.77454 2.77554 2.88088 2.9063 2.90706 2.92476 2.93442 2.961 3.01619 3.12642 3.13588 3.18121 
0.490719 0.941821 2.2392 2.23945 2.47051 2.49863 2.58876 2.75037 2.77454 2.77554 2.88088 2.9063 2.90706 2.92476 2.93442 2.961 3.01619 3.12642 3.13588 3.18121 
0.490719 0.941821 2.2392 2.23945 2.47051 2.49863 2.58876 2.75037 2.77454 2.77554 2.88088 2.9063 2.90706 2.92476 2.93442 2.961 3.01619 3.12642 3.13588 3.18121 
0.490719 0.941821 2.2392 2.23945 2.47051 2.49863 2.58876 2.75037 2.77454 2.77554 2.88088 2.9063 2.90706 2.92476 2.93442 2.961 3.01619 3.12642 3.13588 3.18121 
0.490719 0.941821 2.2392 2.23945 2.47051 2.49863 2.58876 2.75037 2.77454 2.77554 2.88088 2.9063 2.90706 2.92476 2.93442 2.961 3.01619 3.12642 3.13588 3.18121 
0.490719 0.941821 2.2392 2.23945 2.47051 2.49863 2.58876 2.75037 2.77454 2.77554 2.88088 2.9063 2.90706 2.92476 2.93442 2.961 3.01619 3.12642 3.13588 3.18121 
0.490719 0.941821 2.2392 2.23945 2.47051 2.49863 2.58876 2.75037 2.77454 2.77554 2.88088 2.9063 2.90706 2.92476 2.93442 2.961 3.01619 3.12642 3.13588 3.18121 
0.490719 0.941821 2.2392 2.23945 2.47051 2.49863 2.58876 2.75037 2.77454 2.77554 2.88088 2.9063 2.90706 2.92476 2.93442 2.961 3.01619 3.12642 3.13588 3.18121 
0.490719 0.941821 2.2392 2.23945 2.47051 2.49863 2.58876 2.75037 2.77454 2.77554 2.88088 2.9063 2.90706 2.92476 2.93442 2.961 3.01619 3.12642 3.13588 3.18121 
0.490719 0.941821 2.2392 2.23945 2.47051 2.49863 2.58876 2.75037 2.77454 2.77554 2.88088 2.9063 2.90706 2.92476 2.93442 2.961 3.01619 3.12642 3.13588 3.18121 
0.490719 0.941821 2.2392 2.23945 2.47051 2.49863 2.58876 2.75037 2.77454 2.77554 2.88088 2.9063 2.90706 2.92476 2.93442 2.961 3.01619 3.12642 3.13588 3.18121 
0.490719 0.941821 2.2392 2.23945 2.47051 2.49863 2.58876 2.75037 2.77454 2.77554 2.88088 2.9063 2.90706 2.92476 2.93442 2.961 3.01619 3.12642 3.13588 3.18121 
0.490719 0.941821 2.2392 2.23945 2.47051 2.49863 2.58876 2.75037 2.77454 2.77554 2.88088 2.9063 2.90706 2.92476 2.93442 2.961 3.01619 3.12642 3.13588 3.18121 
0.490719 0.941821 2.2392 2.23945 2.47051 2.49863 2.58876 2.75037 2.77454 2.77554 2.88088 2.9063 2.90706 2.92476 2.93442 2.961 3.01619 3.12642 3.13588 3.18121 
0.490719 0.941821 2.2392 2.23945 2.47051 2.49863 2.58876 2.75037 2.77454 2.77554 2.88088 2.9063 2.90706 2.92476 2.93442 2.961 3.01619 3.12642 3.13588 3.18121 
0.490719 0.941821 2.2392 2.23945 2.47051 2.49863 2.58876 2.75037 2.77454 2.77554 2.88088 2.9063 2.90706 2.92476 2.93442 2.961 3.01619 3.12642 3.13588 3.18121 
0.490719 0.941821 2.2392 2.23945 2.47051 2.49863 2.58876 2.75037 2.77454 2.77554 2.88088 2.9063 2.90706 2.92476 2.93442 2.961 3.01619 3.12642 3.13588 3.18121 
0.490719 0.941821 2.2392 2.23945 2.47051 2.49863 2.58876 2.75037 2.77454 2.77554 2.88088 2.9063 2.90706 2.92476 2.93442 2.961 3.01619 3.12642 3.13588 3.18121 
0.490719 0.941821 2.2392 2.23945 2.47051 2.49863 2.58876 2.75037 2.77454 2.77554 2.88088 2.9063 2.90706 2.92476 2.93442 2.961 3.01619 3.12642 3.13588 3.18121 
0.490719 0.941821 2.2392 2.23945 2.47051 2.49863 2.58876 2.75037 2.77454 2.77554 2.88088 2.9063 2.90706 2.92476 2.93442 2.961 3.01619 3.12642 3.13588 3.18121 
0.490719 0.941821 2.2392 2.23945 2.47051 2.49863 2.58876 2.75037 2.77454 2.77554 2.88088 2.9063 2.90706 2.92476 2.93442 2.961 3.01619 3.12642 3.13588 3.18121 
0.490719 0.941821 2.2392 2.23945 2.47051 2.49863 2.58876 2.75037 2.77454 2.77554 2.88088 2.9063 2.90706 2.92476 2.93442 2.961 3.01619 3.12642 3.13588 3.18121 
0.490719 0.941821 2.2392 2.23945 2.47051 2.49863 2.58876 2.75037 2.77454 2.77554 2.88088 2.9063 2.90706 2.92476 2.93442 2.961 3.01619 3.12642 3.13588 3.18121 
0.490719 0.941821 2.2392 2.23945 2.47051 2.49863 2.58876 2.75037 2.77454 2.77554 2.88088 2.9063 2.90706 2.92476 2.93442 2.961 3.01619 3.12642 3.13588 3.18121 
0.490719 0.941821 2.2392 2.23945 2.47051 2.49863 2.58876 2.75037 2.77454 2.77554 2.88088 2.9063 2.90706 2.92476 2.93442 2.961 3.01619 3.12642 3.13588 3.18121 
0.490719 0.941821 2.2392 2.23945 2.47051 2.49863 2.58876 2.75037 2.77454 2.77554 2.88088 2.9063 2.90706 2.92476 2.93442 2.961 3.01619 3.12642 3.13588 3.18121 
0.490719 0.941821 2.2392 2.23945 2.47051 2.49863 2.58876 2.75037 2.77454 2.77554 2.88088 2.9063 2.90706 2.92476 2.93442 2.961 3.01619 3.12642 3.13588 3.18121 
0.490719 0.941821 2.2392 2.23945 2.47051 2.49863 2.58876 2.75037 2.77454 2.77554 2.88088 2.9063 2.90706 2.92476 2.93442 2.961 3.01619 3.12642 3.13588 3.18121 
0.490719 0.941821 2.2392 2.23945 2.47051 2.49863 2.58876 2.75037 2.77454 2.77554 2.88088 2.9063 2.90706 2.92476 2.93442 2.961 3.01619 3.12642 3.13588 3.18121 
0.490719 0.941821 2.2392 2.23945 2.47051 2.49863 2.58876 2.75037 2.77454 2.77554 2.88088 2.9063 2.90706 2.92476 2.93442 2.961 3.01619 3.12642 3.13588 3.18121 
0.490719 0.941821 2.2392 2.23945 2.47051 2.49863 2.58876 2.75037 2.77454 2.77554 2.88088 2.9063 2.90706 2.92476 2.93442 2.961 3.01619 3.12642 3.13588 3.18121 
0.490719 0.941821 2.2392 2.23945 2.47051 2.49863 2.58876 2.75037 2.77454 2.77554 2.88088 2.9063 2.90706 2.92476 2.93442 2.961 3.01619 3.12642 3.13588 3.18121 
0.490719 0.941821 2.2392 2.23945 2.47051 2.49863 2.58876 2.75037 2.77454 2.77554 2.88088 2.9063 2.90706 2.92476 2.93442 2.961 3.01619 3.12642 3.13588 3.18121 
0.490719 0.941821 2.2392 2.23945 2.47051 2.49863 2.58876 2.75037 2.77454 2.77554 2.88088 2.9063 2.90706 2.92476 2.93442 2.961 3.01619 3.12642 3.13588 3.18121 
0.490719 0.941821 2.2392 2.23945 2.47051 2.49863 2.58876 2.75037 2.77454 2.77554 2.88088 2.9063 2.90706 2.92476 2.93442 2.961 3.01619 3.12642 3.13588 3.18121 
0.490719 0.941821 2.2392 2.23945 2.47051 2.49863 2.58876 2.75037 2.77454 2.77554 2.88088 2.9063 2.90706 2.92476 2.93442 2.961 3.01619 3.12642 3.13588 3.18121 
0.490719 0.941821 2.2392 2.23945 2.47051 2.49863 2.58876 2.75037 2.77454 2.77554 2.88088 2.9063 2.90706 2.92476 2.93442 2.961 3.01619 3.12642 3.13588 3.18121 
0.490719 0.941821 2.2392 2.23945 2.47051 2.49863 2.58876 2.75037 2.77454 2.77554 2.88088 2.9063 2.90706 2.92476 2.93442 2.961 3.01619 3.12642 3.13588 3.18121 
0.490719 0.941821 2.2392 2.23945 2.47051 2.49863 2.58876 2.75037 2.77454 2.77554 2.88088 2.9063 2.90706 2.92476 2.93442 2.961 3.01619 3.12642 3.13588 3.18121 
0.490719 0.941821 2.2392 2.23945 2.47051 2.49863 2.58876 2.75037 2.77454 2.77554 2.88088 2.9063 2.90706 2.92476 2.93442 2.961 3.01619 3.12642 3.13588 3.18121 
0.490719 0.941821 2.2392 2.23945 2.47051 2.49863 2.58876 2.75037 2.77454 2.77554 2.88088 2.9063 2.90706 2.92476 2.93442 2.961 3.01619 3.12642 3.13588 3.18121 
0.490719 0.941821 2.2392 2.23945 2.47051 2.49863 2.58876 2.75037 2.77454 2.77554 2.88088 2.9063 2.90706 2.92476 2.93442 2.961 3.01619 3.12642 3.13588 3.18121 
0.490719 0.941821 2.2392 2.23945 2.47051 2.49863 2.58876 2.75037 2.77454 2.77554 2.88088 2.9063 2.90706 2.92476 2.93442 2.961 3.01619 3.12642 3.13588 3.18121 
0.490719 0.941821 2.2392 2.23945 2.47051 2.49863 2.58876 2.75037 2.77454 2.77554 2.88088 2.9063 2.90706 2.92476 2.93442 2.961 3.01619 3.12642 3.13588 3.18121 
0.490719 0.941821 2.2392 2.23945 2.47051 2.49863 2.58876 2.75037 2.77454 2.77554 2.88088 2.9063 2.90706 2.92476 2.93442 2.961 3.01619 3.12642 3.13588 3.18121 
0.490719 0.941821 2.2392 2.23945 2.47051 2.49863 2.58876 2.75037 2.77454 2.77554 2.88088 2.9063 2.90706 2.92476 2.93442 2.961 3.01619 3.12642 3.13588 3.18121 
0.490719 0.941821 2.2392 2.23945 2.47051 2.49863 2.58876 2.75037 2.77454 2.77554 2.88088 2.9063 2.90706 2.92476 2.93442 2.961 3.01619 3.12642 3.13588 3.18121 
0.490719 0.941821 2.2392 2.23945 2.47051 2.49863 2.58876 2.75037 2.77454 2.77554 2.88088 2.9063 2.90706 2.92476 2.93442 2.961 3.01619 3.12642 3.13588 3.18121 
0.490719 0.941821 2.2392 2.23945 2.47051 2.49863 2.58876 2.75037 2.77454 2.77554 2.88088 2.9063 2.90706 2.92476 2.93442 2.961 3.01619 3.12642 3.13588 3.18121 
