3.57338 3.95365 4.37328 4.50746 4.54243 4.54632 4.56561 4.61644 6.50798 6.99909 
3.51727 3.57338 3.82235 3.95365 3.99675 4.37328 4.50746 4.54243 4.54632 4.56561 
0.969116 3.25671 3.51727 3.57338 3.82235 3.95365 3.99675 4.37328 4.45468 4.50746 
0.969116 3.25671 3.48348 3.51727 3.55229 3.57338 3.82235 3.95365 3.99675 4.14351 
0.969116 3.25671 3.48348 3.51727 3.55229 3.57338 3.71266 3.82235 3.95365 3.99675 
0.969116 2.53571 3.25671 3.48348 3.51727 3.55229 3.57338 3.71266 3.82235 3.95365 
0.969116 2.53571 3.20021 3.25671 3.302 3.48348 3.51727 3.55229 3.57338 3.66931 
0.969116 1.20969 2.53571 3.20021 3.25671 3.302 3.48348 3.51727 3.55229 3.57338 
0.969116 1.20969 2.50567 2.53571 2.76278 3.12501 3.20021 3.25671 3.302 3.48348 
0.969116 1.20969 2.48162 2.50567 2.53571 2.76278 3.12501 3.20021 3.25671 3.302 
0.969116 1.20969 2.48162 2.50567 2.53571 2.60524 2.76278 2.82366 3.12501 3.20021 
0.969116 1.20969 2.48162 2.50567 2.53571 2.60524 2.76278 2.82366 3.12501 3.20021 
0.969116 1.20969 2.48162 2.50567 2.53571 2.60524 2.76278 2.82366 3.12501 3.17758 
0.969116 1.20969 2.24329 2.48162 2.50567 2.53571 2.60524 2.76278 2.79253 2.82366 
0.83113 0.969116 1.20969 2.24329 2.48162 2.50567 2.53571 2.60524 2.76278 2.79253 
0.83113 0.969116 1.20969 2.24329 2.48162 2.50567 2.52146 2.53571 2.60524 2.76278 
0.83113 0.969116 1.20969 1.55336 2.09322 2.24329 2.48162 2.50567 2.52146 2.53571 
0.83113 0.969116 1.20969 1.55336 2.07841 2.09322 2.15623 2.24329 2.48162 2.50567 
0.83113 0.969116 1.20969 1.55336 2.07841 2.09322 2.14438 2.15623 2.24329 2.48162 
0.83113 0.969116 1.20969 1.55336 2.07841 2.09322 2.14438 2.15623 2.22458 2.24329 
0.53469 0.83113 0.969116 1.20969 1.55336 1.9719 2.07841 2.09322 2.14438 2.15623 
0.53469 0.83113 0.969116 1.20969 1.55336 1.9719 2.07841 2.09322 2.14438 2.15623 
0.195112 0.53469 0.83113 0.969116 1.20969 1.55336 1.9719 2.07841 2.09322 2.14438 
0.195112 0.53469 0.83113 0.969116 1.0531 1.20969 1.24889 1.55336 1.9719 2.07841 
0.195112 0.53469 0.83113 0.969116 1.0531 1.20969 1.24889 1.52213 1.55336 1.9719 
0.195112 0.53469 0.83113 0.969116 1.0531 1.20969 1.24889 1.52213 1.55336 1.9719 
0.195112 0.53469 0.548753 0.83113 0.969116 1.0531 1.20969 1.24889 1.52213 1.55336 
0.173401 0.195112 0.291447 0.53469 0.548753 0.83113 0.969116 1.0531 1.20969 1.24889 
0.173401 0.195112 0.291447 0.53469 0.548753 0.83113 0.969116 1.0531 1.18493 1.19464 
0.173401 0.195112 0.291447 0.53469 0.548753 0.83113 0.969116 1.0531 1.18493 1.19464 
0.173401 0.195112 0.291447 0.412674 0.53469 0.548753 0.644968 0.800325 0.83113 0.880122 
0.173401 0.195112 0.291447 0.412674 0.53469 0.548753 0.548859 0.637132 0.644968 0.800325 
0.173401 0.195112 0.291447 0.412674 0.430521 0.53469 0.548753 0.548859 0.637132 0.644968 
0.173401 0.195112 0.291447 0.412674 0.430521 0.53469 0.548753 0.548859 0.637132 0.644968 
0.173401 0.195112 0.291447 0.324102 0.412674 0.430521 0.53469 0.548753 0.548859 0.637132 
0.173401 0.195112 0.291447 0.308189 0.324102 0.412674 0.430521 0.53469 0.548753 0.548859 
0.173401 0.195112 0.291447 0.308189 0.324102 0.347582 0.412674 0.430521 0.53469 0.548753 
0.173401 0.195112 0.291447 0.308189 0.324102 0.347582 0.412674 0.430521 0.53469 0.546388 
0.173401 0.195112 0.291447 0.308189 0.324102 0.347582 0.412674 0.430521 0.53469 0.546388 
0.118766 0.173401 0.195112 0.291447 0.308189 0.324102 0.347582 0.412674 0.430521 0.53469 
0.118766 0.173401 0.195112 0.291447 0.308189 0.324102 0.347582 0.412674 0.430521 0.53469 
0.0933701 0.118766 0.173401 0.195112 0.291447 0.308189 0.324102 0.347582 0.412674 0.430521 
0.0933701 0.118766 0.173401 0.195112 0.291447 0.308189 0.324102 0.347582 0.406887 0.412674 
0.0933701 0.118766 0.173401 0.181447 0.195112 0.291447 0.308189 0.324102 0.337102 0.347582 
0.0933701 0.118766 0.173401 0.181447 0.195112 0.291447 0.308189 0.324102 0.337102 0.347582 
0.0933701 0.118766 0.173401 0.181447 0.195112 0.291447 0.308189 0.324102 0.337102 0.33966 
0.0933701 0.118766 0.173401 0.181447 0.195112 0.291447 0.308189 0.324102 0.337102 0.33966 
0.0933701 0.118766 0.173401 0.181447 0.195112 0.291447 0.308189 0.324102 0.337102 0.33966 
0.0933701 0.118766 0.173401 0.181447 0.195112 0.291447 0.308189 0.324102 0.337102 0.33966 
0.0933701 0.118766 0.173401 0.181447 0.195112 0.291447 0.308189 0.324102 0.337102 0.33966 
0.0933701 0.118766 0.173401 0.181447 0.195112 0.291447 0.308189 0.324102 0.337102 0.33966 
0.0933701 0.118766 0.173401 0.181447 0.195112 0.291447 0.304823 0.308189 0.308279 0.324102 
0.0933701 0.118766 0.173401 0.181447 0.195112 0.291447 0.304823 0.308189 0.308279 0.324102 
0.0933701 0.118766 0.173401 0.181447 0.195112 0.291447 0.304823 0.308189 0.308279 0.324102 
0.0933701 0.118766 0.173401 0.181447 0.195112 0.239691 0.291447 0.304823 0.308189 0.308279 
0.0933701 0.118766 0.173401 0.181447 0.195112 0.239691 0.291447 0.304823 0.308189 0.308279 
0.0933701 0.118766 0.173401 0.181447 0.195112 0.239691 0.291447 0.304823 0.308189 0.308279 
0.0933701 0.118766 0.173401 0.181447 0.195112 0.239691 0.291447 0.304823 0.308189 0.308279 
0.0933701 0.118766 0.173401 0.181447 0.195112 0.239691 0.291447 0.304823 0.308189 0.308279 
0.0933701 0.118766 0.173401 0.181447 0.195112 0.239691 0.291447 0.304823 0.308189 0.308279 
0.0933701 0.118766 0.173401 0.181447 0.195112 0.239691 0.291447 0.304823 0.308189 0.308279 
0.0933701 0.118766 0.173401 0.181447 0.195112 0.239691 0.291447 0.304823 0.308189 0.308279 
0.0933701 0.118766 0.173401 0.181447 0.195112 0.239691 0.291447 0.304823 0.308189 0.308279 
0.0933701 0.118766 0.173401 0.181447 0.195112 0.239691 0.291447 0.304823 0.308189 0.308279 
0.0933701 0.118766 0.173401 0.181447 0.195112 0.239691 0.291447 0.304823 0.308189 0.308279 
0.0933701 0.118766 0.173401 0.181447 0.195112 0.239691 0.291447 0.304823 0.308189 0.308279 
0.0933701 0.118766 0.173401 0.181447 0.195112 0.239691 0.291447 0.304823 0.308189 0.308279 
0.0933701 0.118766 0.173401 0.181447 0.195112 0.239691 0.291447 0.304823 0.308189 0.308279 
0.0933701 0.118766 0.173401 0.181447 0.195112 0.239691 0.291447 0.304823 0.308189 0.308279 
0.0933701 0.118766 0.173401 0.181447 0.195112 0.239691 0.291447 0.304823 0.308189 0.308279 
0.0933701 0.118766 0.173401 0.181447 0.195112 0.239691 0.291447 0.304823 0.308189 0.308279 
0.0933701 0.118766 0.173401 0.181447 0.195112 0.239691 0.291447 0.304823 0.308189 0.308279 
0.0933701 0.118766 0.173401 0.181447 0.195112 0.239691 0.291447 0.304823 0.308189 0.308279 
0.0933701 0.118766 0.173401 0.181447 0.195112 0.239691 0.291447 0.304823 0.308189 0.308279 
0.0933701 0.118766 0.173401 0.181447 0.195112 0.239691 0.291447 0.304823 0.308189 0.308279 
0.0933701 0.118766 0.173401 0.181447 0.195112 0.239691 0.291447 0.304823 0.308189 0.308279 
0.0933701 0.118766 0.173401 0.181447 0.195112 0.239691 0.291447 0.304823 0.308189 0.308279 
0.0933701 0.118766 0.173401 0.181447 0.195112 0.239691 0.291447 0.304823 0.308189 0.308279 
0.0933701 0.118766 0.173401 0.181447 0.195112 0.239691 0.291447 0.304823 0.308189 0.308279 
0.0933701 0.118766 0.173401 0.181447 0.195112 0.239691 0.291447 0.304823 0.308189 0.308279 
0.0933701 0.118766 0.173401 0.181447 0.195112 0.239691 0.291447 0.304823 0.308189 0.308279 
0.0933701 0.118766 0.173401 0.181447 0.195112 0.239691 0.291447 0.304823 0.308189 0.308279 
0.0933701 0.118766 0.173401 0.181447 0.195112 0.239691 0.291447 0.304823 0.308189 0.308279 
0.0933701 0.118766 0.173401 0.181447 0.195112 0.239691 0.291447 0.304823 0.308189 0.308279 
0.0933701 0.118766 0.173401 0.181447 0.195112 0.239691 0.291447 0.304823 0.308189 0.308279 
0.0933701 0.118766 0.173401 0.181447 0.195112 0.239691 0.291447 0.304823 0.308189 0.308279 
0.0933701 0.118766 0.173401 0.181447 0.195112 0.239691 0.291447 0.304823 0.308189 0.308279 
0.0933701 0.118766 0.173401 0.181447 0.195112 0.239691 0.291447 0.304823 0.308189 0.308279 
0.0933701 0.118766 0.173401 0.181447 0.195112 0.239691 0.291447 0.304823 0.308189 0.308279 
0.0933701 0.118766 0.173401 0.181447 0.195112 0.239691 0.291447 0.304823 0.308189 0.308279 
0.0933701 0.118766 0.173401 0.181447 0.195112 0.239691 0.291447 0.304823 0.308189 0.308279 
0.0933701 0.118766 0.173401 0.181447 0.195112 0.239691 0.291447 0.304823 0.308189 0.308279 
0.0933701 0.118766 0.173401 0.181447 0.195112 0.239691 0.291447 0.304823 0.308189 0.308279 
0.0933701 0.118766 0.173401 0.181447 0.195112 0.239691 0.291447 0.304823 0.308189 0.308279 
0.0933701 0.118766 0.173401 0.181447 0.195112 0.239691 0.291447 0.304823 0.308189 0.308279 
0.0933701 0.118766 0.173401 0.181447 0.195112 0.239691 0.291447 0.304823 0.308189 0.308279 
0.0933701 0.118766 0.173401 0.181447 0.195112 0.239691 0.291447 0.304823 0.308189 0.308279 
0.0933701 0.118766 0.173401 0.181447 0.195112 0.239691 0.291447 0.304823 0.308189 0.308279 
0.0933701 0.118766 0.173401 0.181447 0.195112 0.239691 0.291447 0.304823 0.308189 0.308279 
0.0933701 0.118766 0.173401 0.181447 0.195112 0.239691 0.291447 0.304823 0.308189 0.308279 
