4.90747 5.77693 5.98981 6.04655 6.26383 6.63502 6.7084 6.7543 7.21661 8.31989 
4.90747 5.666 5.77693 5.98981 6.04655 6.26383 6.63502 6.7084 6.7543 7.21661 
4.90747 5.666 5.77693 5.98981 6.04655 6.26383 6.63502 6.7084 6.7543 7.21661 
4.90747 5.35636 5.666 5.77693 5.92753 5.98981 6.04655 6.26383 6.63502 6.7084 
4.90747 5.35636 5.666 5.77693 5.92753 5.98981 6.04655 6.17042 6.26383 6.30584 
4.90747 5.35636 5.666 5.77693 5.92753 5.98981 6.04655 6.17042 6.26383 6.30584 
4.22465 4.90747 5.35636 5.666 5.77693 5.92753 5.98981 6.04655 6.17042 6.26383 
4.22465 4.90747 5.35636 5.66572 5.666 5.77693 5.92753 5.98981 6.04655 6.17042 
4.22465 4.90747 5.35636 5.66572 5.666 5.77693 5.92753 5.98981 6.04655 6.17042 
3.95301 4.22465 4.90747 5.35636 5.66572 5.666 5.77693 5.92753 5.98981 6.04655 
3.95301 4.22465 4.90747 5.01221 5.35636 5.66572 5.666 5.77693 5.92253 5.92753 
3.95301 4.22465 4.90747 5.01221 5.35636 5.66572 5.666 5.77693 5.92253 5.92753 
3.95301 4.22465 4.45961 4.90747 5.01221 5.35636 5.66572 5.666 5.77693 5.92253 
3.95301 4.22465 4.45961 4.90747 5.01221 5.13459 5.35636 5.66572 5.666 5.77693 
3.37478 3.95301 4.22465 4.45961 4.90747 5.01221 5.13459 5.35636 5.66572 5.666 
3.37478 3.95301 4.22465 4.34737 4.45961 4.66864 4.90747 5.01221 5.13459 5.35636 
3.37478 3.87206 3.95301 4.22465 4.34737 4.45961 4.50111 4.66864 4.90747 5.01221 
1.26434 3.37478 3.87206 3.95301 4.22465 4.34737 4.45961 4.50111 4.66864 4.90747 
1.26434 3.37478 3.87206 3.95301 4.05638 4.22465 4.26375 4.34737 4.45961 4.50111 
1.26434 3.2134 3.37478 3.87206 3.95301 4.05638 4.22465 4.26375 4.34737 4.45961 
1.26434 3.2134 3.37478 3.87206 3.95301 4.04376 4.05638 4.22465 4.26375 4.34737 
1.26434 3.2134 3.37478 3.87206 3.95301 4.04376 4.05638 4.22465 4.26375 4.34737 
1.26434 3.2134 3.37478 3.68734 3.87206 3.95301 4.04376 4.05638 4.22465 4.26375 
1.26434 3.2134 3.37478 3.68734 3.87206 3.95301 4.04376 4.05638 4.22465 4.26375 
1.26434 3.2134 3.37478 3.68734 3.87206 3.95301 4.03534 4.04376 4.05638 4.22465 
1.26434 3.2134 3.37478 3.68734 3.87206 3.95301 4.03534 4.04376 4.05638 4.22465 
1.26434 3.2134 3.37478 3.68734 3.87206 3.95301 4.03534 4.04376 4.05638 4.22465 
1.26434 3.2134 3.37478 3.64279 3.68734 3.87206 3.95301 4.03534 4.04376 4.05638 
1.26434 2.83989 3.2134 3.37478 3.64279 3.68734 3.87206 3.95301 4.03534 4.04376 
1.26434 2.83989 3.2134 3.37478 3.64279 3.68734 3.87206 3.95301 4.03534 4.04376 
1.26434 2.83989 3.20416 3.2134 3.37478 3.63823 3.64279 3.68734 3.78867 3.87206 
1.26434 1.50893 2.83989 3.20416 3.2134 3.37478 3.63823 3.64279 3.68734 3.70921 
1.26434 1.50893 2.83989 3.20416 3.2134 3.37478 3.63823 3.64279 3.68734 3.70921 
1.26434 1.50893 2.83989 3.20416 3.2134 3.24932 3.37478 3.63823 3.64279 3.68734 
1.26434 1.50893 2.83989 3.20416 3.2134 3.24932 3.37478 3.40284 3.63823 3.64279 
1.26434 1.50893 2.83989 3.14383 3.20416 3.2134 3.24932 3.36484 3.37478 3.40284 
1.26434 1.50893 2.51657 2.83989 3.14383 3.20416 3.2134 3.24932 3.36484 3.37478 
1.26434 1.50893 2.00619 2.51657 2.81566 2.83989 3.14383 3.15716 3.20416 3.2134 
1.26434 1.50893 2.00619 2.51657 2.81566 2.83989 3.14383 3.15716 3.20416 3.2134 
1.26434 1.40359 1.50893 2.00619 2.51657 2.81566 2.83989 3.14383 3.15716 3.17381 
1.26434 1.40359 1.50893 2.00619 2.51657 2.81566 2.83989 3.14383 3.15716 3.17381 
1.26434 1.40359 1.50893 2.00619 2.16649 2.51657 2.81566 2.83989 3.09602 3.14383 
1.26434 1.40359 1.50893 1.8761 2.00619 2.16649 2.51657 2.81566 2.83989 3.09602 
1.26434 1.40359 1.50893 1.8761 2.00619 2.16649 2.51657 2.81566 2.83989 3.09602 
1.26434 1.40359 1.50893 1.8761 2.00619 2.16649 2.51657 2.81566 2.83989 3.09602 
1.26434 1.40359 1.50893 1.8761 2.00619 2.16649 2.51657 2.81566 2.83573 2.83989 
1.26434 1.40359 1.50893 1.8761 2.00619 2.16649 2.51657 2.79078 2.81566 2.83573 
1.26434 1.40359 1.50893 1.8761 2.00619 2.16649 2.51657 2.79078 2.81566 2.83573 
1.26434 1.40359 1.50893 1.8761 2.00619 2.16649 2.51657 2.79078 2.81566 2.83573 
1.26434 1.40359 1.50893 1.8761 2.00619 2.16649 2.51657 2.79078 2.81566 2.83573 
1.26434 1.40359 1.50893 1.8761 2.00619 2.16649 2.51657 2.79078 2.81566 2.83573 
1.26434 1.40359 1.50893 1.8761 2.00619 2.16649 2.51657 2.79078 2.81566 2.83573 
1.26434 1.40359 1.50893 1.8761 2.00619 2.16649 2.51657 2.79078 2.81566 2.83573 
1.26434 1.40359 1.50893 1.8761 2.00619 2.16649 2.51657 2.79078 2.81566 2.83573 
1.26434 1.40359 1.50893 1.8761 2.00619 2.16649 2.51657 2.79078 2.81566 2.83573 
1.26434 1.40359 1.50893 1.8761 2.00619 2.16649 2.51657 2.79078 2.81566 2.83573 
1.26434 1.40359 1.50893 1.8761 2.00619 2.16649 2.51657 2.79078 2.81566 2.83573 
1.26434 1.40359 1.50893 1.8761 2.00619 2.16649 2.51657 2.79078 2.81566 2.83573 
1.26434 1.40359 1.50893 1.8761 2.00619 2.16649 2.51657 2.79078 2.81566 2.83573 
1.26434 1.40359 1.50893 1.8761 2.00619 2.16649 2.49769 2.51657 2.79078 2.81566 
1.26434 1.40359 1.50893 1.8761 2.00619 2.16649 2.49769 2.51657 2.79078 2.81566 
1.26434 1.40359 1.50893 1.8761 2.00619 2.16649 2.49769 2.51657 2.54102 2.79078 
1.26434 1.40359 1.50893 1.8761 2.00619 2.16649 2.49769 2.51657 2.54102 2.79078 
1.26434 1.40359 1.50893 1.8761 2.00619 2.16649 2.49769 2.51657 2.54102 2.79078 
1.26434 1.40359 1.50893 1.8761 2.00619 2.16649 2.49769 2.51657 2.54102 2.79078 
1.26434 1.40359 1.50893 1.8761 2.00619 2.16649 2.49769 2.51657 2.54102 2.79078 
1.26434 1.40359 1.50893 1.8761 2.00619 2.16649 2.49769 2.51657 2.54102 2.79078 
1.26434 1.40359 1.50893 1.8761 2.00619 2.16649 2.49769 2.51657 2.54102 2.79078 
1.26434 1.40359 1.50893 1.8761 2.00619 2.16649 2.49769 2.51657 2.54102 2.79078 
1.26434 1.40359 1.50893 1.8761 2.00619 2.16649 2.49769 2.51657 2.54102 2.79078 
1.26434 1.40359 1.50893 1.8761 2.00619 2.16649 2.25473 2.49769 2.51657 2.54102 
1.26434 1.40359 1.50893 1.8761 2.00619 2.16649 2.25473 2.49769 2.51657 2.54102 
1.26434 1.40359 1.50893 1.8761 2.00619 2.16649 2.25473 2.49769 2.51657 2.54102 
1.26434 1.40359 1.50893 1.8761 2.00619 2.16649 2.25473 2.49769 2.51657 2.54102 
1.26434 1.40359 1.50893 1.8761 2.00619 2.16649 2.22676 2.25473 2.49769 2.51657 
1.26434 1.40359 1.50893 1.8761 2.00619 2.16649 2.22676 2.25473 2.49769 2.51657 
1.26434 1.40359 1.50893 1.8761 2.00619 2.16649 2.22676 2.25473 2.49769 2.51657 
1.26434 1.40359 1.50893 1.8761 2.00619 2.16649 2.22676 2.25473 2.49769 2.51657 
1.26434 1.40359 1.50893 1.8761 2.00619 2.16649 2.22676 2.25473 2.49769 2.51657 
1.26434 1.40359 1.50893 1.8761 2.00619 2.16649 2.22676 2.25473 2.49769 2.51657 
1.26434 1.40359 1.50893 1.8761 2.00619 2.16649 2.22676 2.2369 2.25473 2.49769 
1.26434 1.40359 1.50893 1.8761 2.00619 2.16649 2.22676 2.2369 2.25473 2.49769 
1.26434 1.40359 1.50893 1.8761 2.00619 2.1297 2.16649 2.22676 2.2369 2.25473 
1.26434 1.40359 1.50893 1.8761 2.00619 2.02577 2.1297 2.16649 2.22676 2.2369 
1.26434 1.40359 1.50893 1.8761 2.00619 2.02577 2.1297 2.16649 2.22676 2.2369 
1.26434 1.40359 1.50893 1.8761 1.95656 2.00619 2.02577 2.1297 2.13844 2.16649 
1.26434 1.40359 1.50893 1.8761 1.95656 2.00619 2.02577 2.06928 2.1297 2.13844 
1.26434 1.40359 1.50893 1.8761 1.95656 2.00619 2.02577 2.06928 2.07784 2.1297 
1.26434 1.40359 1.50893 1.8761 1.95656 2.00619 2.02577 2.06928 2.07784 2.1297 
1.26434 1.31067 1.40359 1.50893 1.8761 1.95656 2.00619 2.02577 2.06928 2.07784 
1.26434 1.31067 1.40359 1.50893 1.66229 1.8761 1.95656 2.00619 2.02577 2.06928 
1.26434 1.31067 1.3861 1.40359 1.50893 1.66229 1.8761 1.95656 2.00619 2.02577 
1.21492 1.25581 1.26434 1.31067 1.3861 1.40359 1.50893 1.66229 1.8761 1.95656 
1.21492 1.25581 1.26434 1.31067 1.3861 1.40359 1.50893 1.66229 1.8761 1.95656 
1.21492 1.25581 1.26434 1.31067 1.34512 1.3861 1.40359 1.50893 1.66229 1.8761 
1.21492 1.25581 1.26434 1.31067 1.34512 1.3861 1.40359 1.50893 1.66229 1.8761 
1.21492 1.25581 1.26434 1.31067 1.34512 1.3861 1.40359 1.50893 1.66229 1.8761 
1.21492 1.25581 1.26434 1.31067 1.34512 1.3861 1.40359 1.50893 1.66229 1.8761 
0.847137 1.09864 1.21492 1.21805 1.25581 1.26434 1.31067 1.34512 1.3861 1.40359 
0.847137 1.09864 1.21492 1.21805 1.25581 1.26434 1.31067 1.34512 1.3861 1.40359 
