3.25596 3.27465 3.44596 4.0005 4.19657 4.24138 4.27195 4.48609 6.34992 7.20005 
0.865178 3.25596 3.27465 3.44596 3.557 4.0005 4.19657 4.23084 4.24138 4.27195 
0.865178 3.25596 3.27465 3.44596 3.557 3.83163 3.92501 4.0005 4.03163 4.19657 
0.865178 2.2839 3.25596 3.27465 3.44596 3.557 3.83163 3.92501 4.0005 4.03163 
0.865178 1.93467 2.2839 2.77152 2.92139 3.25596 3.27465 3.44596 3.557 3.83163 
0.865178 1.93467 2.2839 2.77152 2.92139 3.08402 3.24667 3.25596 3.27465 3.44596 
0.865178 1.93467 2.2839 2.77152 2.92139 3.08402 3.24667 3.25596 3.27465 3.44596 
0.865178 1.50948 1.93467 2.2839 2.77152 2.92139 3.08402 3.24667 3.25596 3.27465 
0.865178 1.50948 1.91583 1.93467 2.2839 2.77152 2.92139 3.05531 3.08402 3.24667 
0.865178 1.50948 1.91583 1.93467 2.2839 2.77152 2.92139 3.0241 3.05531 3.08402 
0.230475 0.865178 1.50948 1.91583 1.93467 2.2839 2.77152 2.92139 3.0241 3.05531 
0.230475 0.822059 0.865178 1.50948 1.78369 1.91583 1.93467 2.2839 2.77152 2.92139 
0.230475 0.822059 0.865178 1.50948 1.78369 1.91583 1.93467 2.2839 2.77152 2.92139 
0.230475 0.822059 0.865178 1.50948 1.78369 1.89282 1.91583 1.93467 2.13535 2.2839 
0.230475 0.822059 0.865178 1.50948 1.77096 1.78369 1.89282 1.91583 1.93467 2.13535 
0.230475 0.822059 0.865178 1.01203 1.50948 1.77096 1.78369 1.89282 1.91583 1.93467 
0.230475 0.822059 0.865178 1.01203 1.50948 1.77096 1.78369 1.89282 1.91583 1.93467 
0.230475 0.822059 0.865178 1.01203 1.35696 1.50948 1.77096 1.78369 1.89282 1.91583 
0.230475 0.822059 0.865178 1.01203 1.35696 1.50948 1.77096 1.78369 1.89282 1.91583 
0.230475 0.822059 0.865178 1.01203 1.35696 1.50948 1.77096 1.78369 1.89282 1.91583 
0.230475 0.822059 0.865178 1.01203 1.35696 1.50948 1.77096 1.78369 1.89282 1.91583 
0.230475 0.822059 0.865178 1.01203 1.35696 1.50948 1.77096 1.78369 1.89282 1.91583 
0.230475 0.822059 0.865178 1.01203 1.35696 1.50948 1.69423 1.77096 1.78369 1.89282 
0.174311 0.230475 0.822059 0.865178 1.01203 1.35696 1.50948 1.65893 1.69423 1.77096 
0.174311 0.230475 0.822059 0.865178 1.01203 1.35696 1.47956 1.50948 1.65893 1.69423 
0.174311 0.230475 0.822059 0.865178 1.01203 1.1046 1.12759 1.35696 1.47956 1.50948 
0.174311 0.230475 0.822059 0.865178 1.01203 1.1046 1.11182 1.12759 1.31481 1.35696 
0.174311 0.230475 0.822059 0.865178 1.00346 1.01203 1.1046 1.11182 1.12759 1.31481 
0.174311 0.230475 0.822059 0.865178 1.00346 1.01203 1.1046 1.11182 1.12759 1.31481 
0.174311 0.230475 0.344455 0.822059 0.865178 1.00346 1.01203 1.1046 1.11182 1.12759 
0.174311 0.230475 0.344455 0.822059 0.865178 1.00346 1.01203 1.1046 1.11182 1.12759 
0.174311 0.230475 0.344455 0.470982 0.822059 0.865178 1.00346 1.01203 1.1046 1.11182 
0.174311 0.230475 0.344455 0.470982 0.822059 0.865178 1.00346 1.01203 1.1046 1.11182 
0.174311 0.230475 0.344455 0.470982 0.822059 0.865178 1.00346 1.01203 1.1046 1.11182 
0.174311 0.230475 0.344455 0.470982 0.623721 0.822059 0.865178 1.00346 1.01203 1.1046 
0.174311 0.230475 0.344455 0.470982 0.623721 0.822059 0.865178 1.00346 1.01203 1.1046 
0.168597 0.174311 0.230475 0.344455 0.470982 0.623721 0.822059 0.865178 1.00346 1.01203 
0.168597 0.174311 0.230475 0.344455 0.470982 0.623721 0.822059 0.865178 1.00346 1.01203 
0.142611 0.168597 0.174311 0.181299 0.230475 0.344455 0.470982 0.623721 0.822059 0.865178 
0.142611 0.168597 0.174311 0.181299 0.230475 0.344455 0.470982 0.623721 0.822059 0.865178 
0.142611 0.168597 0.174311 0.181299 0.230475 0.344455 0.470982 0.562661 0.623721 0.822059 
0.142611 0.168597 0.174311 0.181299 0.230475 0.344455 0.353361 0.470982 0.562661 0.566318 
0.142611 0.168597 0.174311 0.181299 0.230475 0.344455 0.353361 0.470982 0.562661 0.566318 
0.142611 0.168597 0.174311 0.181299 0.230475 0.246139 0.344455 0.353361 0.470982 0.562661 
0.142611 0.168597 0.174311 0.181299 0.230475 0.246139 0.344455 0.353361 0.470982 0.562661 
0.142611 0.168597 0.174311 0.181299 0.230475 0.246139 0.344455 0.353361 0.470982 0.562661 
0.142611 0.168597 0.174311 0.181299 0.230475 0.246139 0.344455 0.353361 0.470982 0.562661 
0.142611 0.168597 0.174311 0.181299 0.230475 0.246139 0.344455 0.353361 0.470982 0.562661 
0.142611 0.168597 0.174311 0.181299 0.230475 0.246139 0.344455 0.353361 0.470982 0.562661 
0.142611 0.168597 0.174311 0.181299 0.230475 0.246139 0.344455 0.353361 0.470982 0.562661 
0.142611 0.168597 0.174311 0.181299 0.230475 0.246139 0.344455 0.353361 0.470982 0.562661 
0.142611 0.168597 0.174311 0.181299 0.230475 0.246139 0.344455 0.353361 0.470982 0.562661 
0.142611 0.168597 0.174311 0.181299 0.230475 0.246139 0.344455 0.353361 0.470982 0.562661 
0.142611 0.168597 0.174311 0.181299 0.230475 0.246139 0.344455 0.353361 0.470982 0.562661 
0.142611 0.168597 0.174311 0.181299 0.230475 0.246139 0.344455 0.353361 0.470982 0.562661 
0.142611 0.168597 0.174311 0.181299 0.230475 0.246139 0.344455 0.353361 0.470982 0.562661 
0.142611 0.168597 0.174311 0.181299 0.230475 0.246139 0.344455 0.353361 0.470982 0.562661 
0.142611 0.168597 0.174311 0.181299 0.230475 0.246139 0.344455 0.353361 0.470982 0.562661 
0.142611 0.168597 0.174311 0.181299 0.230475 0.246139 0.344455 0.353361 0.470982 0.562661 
0.142611 0.168597 0.174311 0.181299 0.230475 0.246139 0.344455 0.353361 0.470982 0.562661 
0.142611 0.168597 0.174311 0.181299 0.230475 0.246139 0.344455 0.353361 0.470982 0.562661 
0.142611 0.168597 0.174311 0.181299 0.230475 0.246139 0.344455 0.353361 0.470982 0.562661 
0.142611 0.168597 0.174311 0.181299 0.230475 0.246139 0.344455 0.353361 0.470982 0.562661 
0.142611 0.168597 0.174311 0.181299 0.230475 0.246139 0.344455 0.353361 0.470982 0.562661 
0.142611 0.168597 0.174311 0.181299 0.230475 0.246139 0.344455 0.353361 0.470982 0.562661 
0.142611 0.168597 0.174311 0.181299 0.230475 0.246139 0.344455 0.353361 0.470982 0.562661 
0.142611 0.168597 0.174311 0.181299 0.230475 0.246139 0.344455 0.353361 0.470982 0.562661 
0.142611 0.168597 0.174311 0.181299 0.230475 0.246139 0.344455 0.353361 0.470982 0.562661 
0.142611 0.168597 0.174311 0.181299 0.230475 0.246139 0.344455 0.353361 0.470982 0.562661 
0.142611 0.168597 0.174311 0.181299 0.230475 0.246139 0.344455 0.353361 0.470982 0.562661 
0.142611 0.168597 0.174311 0.181299 0.230475 0.246139 0.344455 0.353361 0.470982 0.562661 
0.142611 0.168597 0.174311 0.181299 0.230475 0.246139 0.344455 0.353361 0.470982 0.562661 
0.142611 0.168597 0.174311 0.181299 0.230475 0.246139 0.344455 0.353361 0.470982 0.562661 
0.142611 0.168597 0.174311 0.181299 0.230475 0.246139 0.344455 0.353361 0.470982 0.562661 
0.142611 0.168597 0.174311 0.181299 0.230475 0.246139 0.344455 0.353361 0.470982 0.562661 
0.142611 0.168597 0.174311 0.181299 0.230475 0.246139 0.344455 0.353361 0.470982 0.562661 
0.142611 0.168597 0.174311 0.181299 0.230475 0.246139 0.344455 0.353361 0.470982 0.562661 
0.142611 0.168597 0.174311 0.181299 0.230475 0.246139 0.344455 0.353361 0.470982 0.562661 
0.142611 0.168597 0.174311 0.181299 0.230475 0.246139 0.344455 0.353361 0.470982 0.562661 
0.142611 0.168597 0.174311 0.181299 0.230475 0.246139 0.344455 0.353361 0.470982 0.562661 
0.142611 0.168597 0.174311 0.181299 0.230475 0.246139 0.344455 0.353361 0.470982 0.562661 
0.142611 0.168597 0.174311 0.181299 0.230475 0.246139 0.344455 0.353361 0.470982 0.562661 
0.142611 0.168597 0.174311 0.181299 0.230475 0.246139 0.344455 0.353361 0.470982 0.562661 
0.142611 0.168597 0.174311 0.181299 0.230475 0.246139 0.344455 0.353361 0.470982 0.562661 
0.142611 0.168597 0.174311 0.181299 0.230475 0.246139 0.344455 0.353361 0.470982 0.562661 
0.142611 0.168597 0.174311 0.181299 0.230475 0.246139 0.344455 0.353361 0.470982 0.562661 
0.142611 0.168597 0.174311 0.181299 0.230475 0.246139 0.344455 0.353361 0.470982 0.562661 
0.142611 0.168597 0.174311 0.181299 0.230475 0.246139 0.344455 0.353361 0.470982 0.562661 
0.142611 0.168597 0.174311 0.181299 0.230475 0.246139 0.344455 0.353361 0.470982 0.562661 
0.142611 0.168597 0.174311 0.181299 0.230475 0.246139 0.344455 0.353361 0.470982 0.562661 
0.142611 0.168597 0.174311 0.181299 0.230475 0.246139 0.344455 0.353361 0.470982 0.562661 
0.142611 0.168597 0.174311 0.181299 0.230475 0.246139 0.344455 0.353361 0.470982 0.562661 
0.142611 0.168597 0.174311 0.181299 0.230475 0.246139 0.344455 0.353361 0.470982 0.562661 
0.142611 0.168597 0.174311 0.181299 0.230475 0.246139 0.344455 0.353361 0.470982 0.562661 
0.142611 0.168597 0.174311 0.181299 0.230475 0.246139 0.344455 0.353361 0.470982 0.562661 
0.142611 0.168597 0.174311 0.181299 0.230475 0.246139 0.344455 0.353361 0.470982 0.562661 
0.142611 0.168597 0.174311 0.181299 0.230475 0.246139 0.344455 0.353361 0.470982 0.562661 
0.142611 0.168597 0.174311 0.181299 0.230475 0.246139 0.344455 0.353361 0.470982 0.562661 
0.142611 0.168597 0.174311 0.181299 0.230475 0.246139 0.344455 0.353361 0.470982 0.562661 
0.142611 0.168597 0.174311 0.181299 0.230475 0.246139 0.344455 0.353361 0.470982 0.562661 
