2.7271 3.103 5.50171 6.26649 6.37586 6.42968 6.46973 6.664 6.80301 6.98539 
2.7271 3.103 5.50171 6.26649 6.37586 6.42968 6.46973 6.52617 6.664 6.80301 
2.7271 3.103 5.50171 6.26649 6.37586 6.42968 6.46973 6.52617 6.664 6.80301 
2.7271 3.103 5.50171 6.26649 6.37586 6.42968 6.46973 6.52617 6.664 6.80301 
2.7271 3.103 5.50171 6.26649 6.37586 6.42968 6.46973 6.52617 6.664 6.80301 
2.7271 3.103 4.42527 5.50171 6.26649 6.37586 6.42968 6.46973 6.52617 6.664 
2.7271 3.103 4.42527 5.50171 6.26649 6.37586 6.42968 6.46973 6.52617 6.664 
2.7271 3.103 4.42527 5.50171 6.26649 6.37586 6.42968 6.46973 6.52617 6.664 
2.7271 3.103 4.33469 4.42527 5.50171 6.26649 6.37586 6.42968 6.46973 6.52617 
2.7271 3.103 4.33469 4.42527 5.50171 6.26649 6.33621 6.37586 6.42968 6.46973 
2.7271 3.103 4.33469 4.42527 5.50171 6.26649 6.33621 6.37586 6.42968 6.46973 
2.7271 3.103 4.33469 4.42527 5.50171 6.26649 6.33621 6.37586 6.42968 6.46973 
2.7271 3.103 4.33469 4.42527 5.50171 6.26649 6.31674 6.33621 6.37586 6.42968 
2.7271 3.103 3.26519 4.33469 4.42527 5.50171 6.26649 6.31674 6.33621 6.37586 
2.7271 3.103 3.26519 4.33469 4.42527 4.77431 5.50171 6.26649 6.31674 6.33621 
2.7271 3.103 3.26519 4.33469 4.42527 4.77431 5.50171 6.26649 6.31674 6.33621 
2.7271 3.103 3.14304 3.26519 4.33469 4.42527 4.77431 5.50171 5.68898 6.26649 
2.7271 3.103 3.14236 3.14304 3.26519 4.33469 4.42527 4.77431 5.50171 5.64817 
2.7271 3.103 3.14236 3.14304 3.26519 4.33469 4.42527 4.77431 5.50171 5.64817 
2.7271 3.103 3.14236 3.14304 3.26519 4.33469 4.42527 4.77431 5.50171 5.59858 
2.7271 3.103 3.14236 3.14304 3.25759 3.26519 4.26669 4.33469 4.42527 4.77431 
2.7271 3.103 3.14236 3.14304 3.25759 3.26519 4.26669 4.33469 4.42527 4.77431 
2.7271 3.103 3.14236 3.14304 3.25759 3.26519 4.26669 4.33469 4.42527 4.77431 
2.7271 2.96624 3.103 3.14236 3.14304 3.25759 3.26519 3.6715 4.26669 4.33469 
2.7271 2.82357 2.96624 3.103 3.14236 3.14304 3.25759 3.26519 3.6715 4.26669 
2.7271 2.82357 2.96624 3.103 3.14236 3.14304 3.25759 3.26519 3.6715 4.26669 
2.7271 2.82357 2.96624 3.103 3.14236 3.14304 3.25759 3.26519 3.6715 4.26669 
2.7271 2.82357 2.96624 3.103 3.14236 3.14304 3.25759 3.26519 3.6715 4.26669 
2.7271 2.82357 2.96624 3.103 3.14236 3.14304 3.25759 3.26519 3.6715 4.26669 
2.7271 2.82357 2.96624 3.103 3.14236 3.14304 3.25759 3.26519 3.6715 4.26669 
2.68329 2.7271 2.82357 2.96624 3.103 3.14236 3.14304 3.25759 3.26519 3.32486 
2.68329 2.7271 2.82357 2.96624 3.103 3.14236 3.14304 3.25759 3.26519 3.32486 
2.68329 2.7271 2.82357 2.96624 3.103 3.14236 3.14304 3.25759 3.26519 3.32486 
2.68329 2.7271 2.82357 2.96624 3.103 3.14236 3.14304 3.25759 3.26519 3.32486 
2.68329 2.7271 2.82357 2.96624 3.103 3.14236 3.14304 3.25759 3.26519 3.32486 
1.61677 2.68329 2.7271 2.82357 2.96624 3.103 3.14236 3.14304 3.25759 3.26519 
1.61677 2.68329 2.7271 2.82357 2.96624 3.103 3.14236 3.14304 3.25759 3.26519 
1.61677 2.68329 2.7271 2.82357 2.96624 3.103 3.14236 3.14304 3.25759 3.26519 
1.61677 1.88556 2.68329 2.7271 2.82357 2.95614 2.96624 3.103 3.14236 3.14304 
1.61677 1.88556 2.68329 2.7271 2.82357 2.93652 2.95614 2.96624 3.103 3.14236 
0.907426 1.61677 1.88556 2.68329 2.7271 2.82357 2.93652 2.95614 2.96624 3.103 
0.907426 1.61677 1.88556 2.68329 2.7271 2.82357 2.93652 2.95614 2.96624 3.103 
0.907426 1.61677 1.88556 2.68329 2.7271 2.82357 2.93652 2.95614 2.96624 3.103 
0.907426 1.61677 1.88556 2.64319 2.68329 2.7271 2.82357 2.93652 2.95614 2.96624 
0.907426 1.61677 1.88556 2.6015 2.64319 2.68329 2.7271 2.82357 2.93652 2.95614 
0.907426 1.57877 1.61677 1.88556 2.6015 2.64319 2.68329 2.7271 2.82357 2.93652 
0.907426 1.57877 1.61677 1.88556 2.6015 2.64319 2.68329 2.7271 2.82357 2.93652 
0.907426 1.57877 1.61677 1.88556 2.6015 2.64319 2.68329 2.7271 2.82357 2.93652 
0.907426 1.17775 1.57877 1.61677 1.88556 2.4287 2.6015 2.64319 2.68329 2.7271 
0.907426 1.17775 1.57877 1.61677 1.88556 2.4287 2.46106 2.6015 2.64319 2.68329 
0.907426 1.07265 1.17775 1.57877 1.61677 1.88556 2.4287 2.46106 2.6015 2.64319 
0.70269 0.907426 1.07265 1.17775 1.57877 1.61677 1.7452 1.88556 2.4287 2.46106 
0.70269 0.907426 1.07265 1.17775 1.57877 1.61677 1.7452 1.88556 2.4287 2.46106 
0.16334 0.70269 0.750974 0.907426 1.07265 1.17775 1.57877 1.61677 1.7452 1.88556 
0.16334 0.70269 0.750974 0.907426 1.07265 1.17775 1.57877 1.61677 1.7452 1.88556 
0.16334 0.54791 0.70269 0.750974 0.907426 1.07265 1.17775 1.57877 1.61677 1.7452 
0.16334 0.54791 0.70269 0.750974 0.907426 1.07265 1.17775 1.57877 1.61677 1.7452 
0.16334 0.54791 0.70269 0.750974 0.907426 1.07265 1.17775 1.57877 1.61677 1.7452 
0.16334 0.54791 0.70269 0.750974 0.907426 1.07265 1.17775 1.57877 1.61677 1.7452 
0.16334 0.54791 0.70269 0.750974 0.907426 1.07265 1.17775 1.21142 1.57877 1.61677 
0.16334 0.192108 0.54791 0.70269 0.750974 0.907426 1.07265 1.17775 1.19004 1.21142 
0.16334 0.192108 0.54791 0.70269 0.750974 0.907426 1.07265 1.17775 1.19004 1.21142 
0.16334 0.192108 0.54791 0.70269 0.750974 0.907426 1.07265 1.10761 1.17775 1.19004 
0.16334 0.192108 0.54791 0.70269 0.750974 0.907426 1.07265 1.07769 1.10761 1.17775 
0.16334 0.192108 0.54791 0.70269 0.750974 0.907426 1.07265 1.07769 1.10761 1.17775 
0.16334 0.192108 0.54791 0.70269 0.750974 0.907426 1.05304 1.07265 1.07769 1.10761 
0.16334 0.192108 0.54791 0.70269 0.750974 0.907426 1.05304 1.07265 1.07769 1.10761 
0.16334 0.192108 0.54791 0.70269 0.750974 0.907426 1.05304 1.07265 1.07769 1.10761 
0.16334 0.192108 0.54791 0.556562 0.70269 0.750974 0.907426 1.05304 1.07265 1.07769 
0.16334 0.192108 0.54791 0.556562 0.70269 0.750974 0.907426 1.05304 1.07265 1.07769 
0.16334 0.192108 0.54791 0.556562 0.70269 0.750974 0.907426 1.05304 1.07265 1.07769 
0.16334 0.192108 0.54791 0.556562 0.70269 0.750974 0.907426 1.05304 1.07265 1.07769 
0.16334 0.192108 0.54791 0.556562 0.70269 0.750974 0.907426 0.918795 1.05304 1.07265 
0.16334 0.192108 0.54791 0.556562 0.618643 0.70269 0.750974 0.907426 0.918795 1.05304 
0.16334 0.192108 0.54791 0.556562 0.618643 0.70269 0.750974 0.907426 0.918795 1.05304 
0.16334 0.192108 0.54791 0.556562 0.618643 0.70269 0.750974 0.907426 0.918795 0.989056 
0.16334 0.192108 0.54791 0.556562 0.618643 0.70269 0.750974 0.860463 0.907426 0.918795 
0.16334 0.192108 0.54791 0.556562 0.618643 0.70269 0.750974 0.860463 0.907426 0.918795 
0.16334 0.192108 0.54791 0.556562 0.618643 0.70269 0.750974 0.860463 0.907426 0.918795 
0.16334 0.192108 0.54791 0.556562 0.618643 0.70269 0.750974 0.860463 0.907426 0.918795 
0.16334 0.192108 0.54791 0.556562 0.618643 0.70269 0.750974 0.860463 0.907426 0.918795 
0.16334 0.192108 0.54791 0.556562 0.618643 0.70269 0.750974 0.860463 0.907426 0.918795 
0.16334 0.192108 0.54791 0.556562 0.618643 0.70269 0.750974 0.860463 0.907426 0.918795 
0.16334 0.192108 0.54791 0.556562 0.618643 0.690148 0.70269 0.750974 0.860463 0.907426 
0.16334 0.192108 0.54791 0.556562 0.618643 0.690148 0.70269 0.750974 0.860463 0.907426 
0.16334 0.192108 0.54791 0.556562 0.618643 0.690148 0.70269 0.750974 0.860463 0.907426 
0.16334 0.192108 0.463025 0.54791 0.556562 0.618643 0.690148 0.699534 0.70269 0.750974 
0.16334 0.192108 0.463025 0.54791 0.556562 0.618643 0.690148 0.699534 0.70269 0.750974 
0.16334 0.192108 0.463025 0.54791 0.556562 0.618643 0.690148 0.699534 0.70269 0.750974 
0.16334 0.192108 0.463025 0.54791 0.556562 0.618643 0.690148 0.699534 0.70269 0.750974 
0.16334 0.192108 0.463025 0.54791 0.556562 0.618643 0.690148 0.699534 0.70269 0.750974 
0.16334 0.192108 0.463025 0.54791 0.556562 0.618643 0.690148 0.699534 0.70269 0.750974 
0.16334 0.192108 0.463025 0.54791 0.556562 0.618643 0.690148 0.699534 0.70269 0.750974 
0.16334 0.192108 0.463025 0.54791 0.556562 0.618643 0.627575 0.690148 0.699534 0.70269 
0.16334 0.192108 0.463025 0.54791 0.556562 0.618643 0.627575 0.690148 0.699534 0.70269 
0.16334 0.192108 0.463025 0.54791 0.556562 0.618643 0.627575 0.690148 0.699534 0.70269 
0.16334 0.192108 0.463025 0.54791 0.556562 0.618643 0.627575 0.690148 0.699534 0.70269 
0.16334 0.192108 0.463025 0.54791 0.556562 0.618643 0.627575 0.690148 0.699534 0.70269 
0.16334 0.192108 0.463025 0.54791 0.556562 0.618643 0.627575 0.690148 0.699534 0.70269 
0.16334 0.192108 0.463025 0.54791 0.556562 0.618643 0.627575 0.690148 0.699534 0.70269 
