3.2925 3.47074 4.80034 5.93579 6.0307 6.47718 7.19524 7.21872 8.88482 9.03089 
3.2925 3.47074 4.26318 4.80034 5.93579 6.0307 6.47718 7.19524 7.21872 7.54884 
2.08852 2.3129 3.2925 3.47074 4.26318 4.80034 4.82486 5.93579 6.0307 6.47718 
2.08852 2.3129 3.2925 3.47074 3.92758 4.26318 4.80034 4.82486 5.93579 6.0307 
2.08852 2.3129 3.2925 3.47074 3.92758 4.22353 4.25245 4.26318 4.80034 4.82486 
2.08852 2.3129 3.2925 3.47074 3.92758 4.22353 4.25245 4.26318 4.5603 4.80034 
2.08852 2.3129 3.2925 3.47074 3.92758 4.22353 4.25245 4.26318 4.5603 4.80034 
2.08852 2.3129 3.2925 3.47074 3.92758 4.22353 4.23816 4.25245 4.26318 4.5603 
2.08852 2.3129 3.2925 3.47074 3.92758 4.22353 4.23816 4.25245 4.26318 4.5603 
2.08852 2.3129 3.2925 3.47074 3.60942 3.88531 3.92758 4.22353 4.23816 4.25245 
2.08852 2.3129 3.2925 3.47074 3.60942 3.88531 3.92758 4.22353 4.23816 4.25245 
2.08852 2.3129 3.2925 3.47074 3.60942 3.83822 3.88531 3.92758 4.22353 4.23816 
2.08852 2.3129 2.61687 3.2925 3.47074 3.60942 3.83822 3.88531 3.92758 3.99763 
2.08852 2.3129 2.61687 3.2925 3.3442 3.47074 3.60942 3.69702 3.83822 3.88531 
2.08852 2.3129 2.61687 3.2925 3.3442 3.47074 3.60942 3.69702 3.83167 3.83822 
2.08852 2.3129 2.37352 2.61687 3.2925 3.3442 3.47074 3.60942 3.69702 3.83167 
2.08852 2.3129 2.37352 2.57039 2.61687 2.96952 3.2925 3.3442 3.47074 3.60942 
2.08852 2.3129 2.37352 2.57039 2.61687 2.96952 3.03397 3.15631 3.2925 3.3442 
2.08852 2.3129 2.37352 2.57039 2.61687 2.96952 3.03397 3.15631 3.2925 3.3442 
2.08852 2.3129 2.37352 2.57039 2.61687 2.69887 2.96952 3.03397 3.15631 3.2925 
2.08852 2.18283 2.3129 2.37352 2.57039 2.61687 2.69887 2.96952 3.03397 3.15631 
2.08852 2.18283 2.3129 2.37352 2.57039 2.61687 2.69887 2.96952 3.03397 3.15631 
1.4467 2.08852 2.18283 2.3129 2.37352 2.57039 2.61687 2.69887 2.75816 2.96952 
1.4467 2.08852 2.18283 2.3129 2.37352 2.57039 2.61687 2.69887 2.75816 2.96952 
1.4467 1.96355 2.08852 2.18283 2.3129 2.37352 2.57039 2.61687 2.69887 2.72761 
1.4467 1.96355 2.08852 2.18283 2.3129 2.37352 2.57039 2.61687 2.69887 2.71399 
1.4467 1.96355 2.08852 2.18283 2.3129 2.37352 2.57039 2.61687 2.69887 2.71399 
1.4467 1.96355 2.08852 2.18283 2.3129 2.37352 2.57039 2.61687 2.65661 2.69887 
1.4467 1.96355 2.08852 2.18283 2.3129 2.37352 2.43511 2.57039 2.61687 2.65661 
1.4467 1.96355 2.08852 2.18283 2.3129 2.37352 2.43511 2.57039 2.61687 2.65661 
1.4467 1.96355 2.08852 2.18283 2.3129 2.37352 2.43511 2.57039 2.61687 2.65661 
1.4467 1.96355 2.08852 2.18283 2.3129 2.37352 2.43511 2.57039 2.61687 2.65661 
1.4467 1.96355 2.08852 2.18283 2.3129 2.37352 2.43511 2.56042 2.57039 2.61687 
1.4467 1.96355 2.08852 2.18283 2.3129 2.37352 2.43511 2.56042 2.57039 2.61687 
1.181 1.4467 1.96355 2.08852 2.18283 2.3129 2.37352 2.43511 2.56042 2.57039 
1.181 1.4467 1.54968 1.96355 2.08852 2.13238 2.18283 2.3129 2.37352 2.43511 
1.181 1.4467 1.54968 1.96355 2.08852 2.13238 2.18283 2.3129 2.37352 2.43511 
1.181 1.4467 1.54968 1.96355 2.047 2.08852 2.13238 2.18283 2.3129 2.37352 
1.181 1.4467 1.54968 1.96355 2.047 2.08852 2.13238 2.18283 2.3129 2.37352 
1.03868 1.181 1.4467 1.54968 1.96355 2.047 2.08852 2.13238 2.18283 2.3129 
1.03868 1.181 1.4467 1.54968 1.65407 1.96355 2.047 2.08852 2.13238 2.18283 
1.03868 1.181 1.4467 1.48422 1.54968 1.65407 1.96355 2.047 2.08852 2.13238 
0.582815 1.03868 1.181 1.4467 1.48422 1.54968 1.65407 1.96355 2.047 2.07426 
0.302124 0.305163 0.582815 1.03868 1.181 1.4467 1.48422 1.54968 1.65407 1.96355 
0.11042 0.302124 0.305163 0.582815 0.702004 1.03868 1.181 1.43441 1.4467 1.48422 
0.11042 0.302124 0.305163 0.582815 0.702004 1.00888 1.03868 1.181 1.43441 1.4467 
0.11042 0.302124 0.305163 0.582815 0.702004 1.00888 1.03868 1.181 1.43441 1.4467 
0.11042 0.302124 0.305163 0.582815 0.702004 1.00888 1.03868 1.181 1.43441 1.4467 
0.11042 0.302124 0.305163 0.582815 0.702004 1.00888 1.03868 1.181 1.43441 1.4467 
0.11042 0.302124 0.305163 0.582815 0.702004 1.00888 1.03868 1.181 1.43441 1.4467 
0.11042 0.302124 0.305163 0.582815 0.702004 1.00888 1.03517 1.03868 1.181 1.35382 
0.11042 0.302124 0.305163 0.582815 0.702004 1.00888 1.03517 1.03868 1.181 1.35382 
0.11042 0.302124 0.305163 0.582815 0.702004 1.00888 1.03517 1.03868 1.181 1.35382 
0.11042 0.302124 0.305163 0.582815 0.702004 0.860817 1.00888 1.03517 1.03868 1.181 
0.11042 0.302124 0.305163 0.582815 0.702004 0.860817 0.938488 1.00888 1.03517 1.03868 
0.11042 0.302124 0.305163 0.329083 0.582815 0.702004 0.860817 0.938488 1.00888 1.03517 
0.11042 0.242813 0.302124 0.305163 0.329083 0.582815 0.702004 0.785369 0.860817 0.938488 
0.11042 0.242813 0.302124 0.305163 0.329083 0.569112 0.582815 0.702004 0.785369 0.860817 
0.11042 0.242813 0.302124 0.305163 0.329083 0.569112 0.582815 0.702004 0.785369 0.860817 
0.11042 0.242813 0.302124 0.305163 0.329083 0.569112 0.582815 0.702004 0.785369 0.860817 
0.11042 0.242813 0.302124 0.305163 0.329083 0.569112 0.582815 0.702004 0.785369 0.860817 
0.11042 0.242813 0.302124 0.305163 0.329083 0.569112 0.582815 0.702004 0.785369 0.860817 
0.11042 0.242813 0.302124 0.305163 0.329083 0.569112 0.582815 0.702004 0.785369 0.860817 
0.11042 0.242813 0.302124 0.305163 0.329083 0.569112 0.582815 0.702004 0.785369 0.860817 
0.11042 0.242813 0.302124 0.305163 0.329083 0.569112 0.582815 0.702004 0.785369 0.860817 
0.11042 0.242813 0.302124 0.305163 0.329083 0.569112 0.582815 0.702004 0.785369 0.860817 
0.11042 0.242813 0.302124 0.305163 0.329083 0.569112 0.582815 0.702004 0.785369 0.860817 
0.11042 0.242813 0.302124 0.305163 0.329083 0.569112 0.582815 0.702004 0.785369 0.860817 
0.11042 0.242813 0.302124 0.305163 0.329083 0.569112 0.582815 0.702004 0.785369 0.860817 
0.11042 0.242813 0.302124 0.305163 0.329083 0.569112 0.582815 0.702004 0.785369 0.860817 
0.11042 0.242813 0.302124 0.305163 0.329083 0.569112 0.582815 0.702004 0.785369 0.860817 
0.11042 0.242813 0.302124 0.305163 0.329083 0.569112 0.582815 0.702004 0.785369 0.860817 
0.11042 0.242813 0.302124 0.305163 0.329083 0.569112 0.582815 0.702004 0.785369 0.860817 
0.11042 0.242813 0.302124 0.305163 0.329083 0.569112 0.582815 0.702004 0.785369 0.860817 
0.11042 0.242813 0.302124 0.305163 0.329083 0.569112 0.582815 0.702004 0.785369 0.860817 
0.11042 0.242813 0.302124 0.305163 0.329083 0.569112 0.582815 0.702004 0.785369 0.860817 
0.11042 0.242813 0.302124 0.305163 0.329083 0.569112 0.582815 0.702004 0.785369 0.860817 
0.11042 0.242813 0.302124 0.305163 0.329083 0.569112 0.582815 0.702004 0.785369 0.860817 
0.11042 0.242813 0.302124 0.305163 0.329083 0.569112 0.582815 0.702004 0.785369 0.860817 
0.11042 0.242813 0.302124 0.305163 0.329083 0.569112 0.582815 0.702004 0.785369 0.860817 
0.11042 0.242813 0.302124 0.305163 0.329083 0.569112 0.582815 0.702004 0.785369 0.860817 
0.11042 0.242813 0.302124 0.305163 0.329083 0.569112 0.582815 0.702004 0.785369 0.860817 
0.11042 0.242813 0.302124 0.305163 0.329083 0.569112 0.582815 0.702004 0.785369 0.860817 
0.11042 0.242813 0.302124 0.305163 0.329083 0.569112 0.582815 0.702004 0.785369 0.860817 
0.11042 0.242813 0.302124 0.305163 0.329083 0.569112 0.582815 0.702004 0.785369 0.860817 
0.11042 0.242813 0.302124 0.305163 0.329083 0.569112 0.582815 0.702004 0.785369 0.860817 
0.11042 0.242813 0.302124 0.305163 0.329083 0.569112 0.582815 0.702004 0.785369 0.860817 
0.11042 0.242813 0.302124 0.305163 0.329083 0.569112 0.582815 0.702004 0.785369 0.860817 
0.11042 0.242813 0.302124 0.305163 0.329083 0.569112 0.582815 0.702004 0.785369 0.860817 
0.11042 0.242813 0.302124 0.305163 0.329083 0.569112 0.582815 0.702004 0.785369 0.860817 
0.11042 0.242813 0.302124 0.305163 0.329083 0.569112 0.582815 0.702004 0.785369 0.860817 
0.11042 0.242813 0.302124 0.305163 0.329083 0.569112 0.582815 0.702004 0.785369 0.860817 
0.11042 0.242813 0.302124 0.305163 0.329083 0.569112 0.582815 0.702004 0.785369 0.860817 
0.11042 0.242813 0.302124 0.305163 0.329083 0.569112 0.582815 0.702004 0.785369 0.860817 
0.11042 0.242813 0.302124 0.305163 0.329083 0.569112 0.582815 0.702004 0.785369 0.860817 
0.11042 0.242813 0.302124 0.305163 0.329083 0.569112 0.582815 0.702004 0.785369 0.860817 
0.11042 0.242813 0.302124 0.305163 0.329083 0.569112 0.582815 0.702004 0.785369 0.860817 
0.11042 0.242813 0.302124 0.305163 0.329083 0.569112 0.582815 0.702004 0.785369 0.860817 
0.11042 0.242813 0.302124 0.305163 0.329083 0.569112 0.582815 0.702004 0.785369 0.860817 
0.11042 0.242813 0.302124 0.305163 0.329083 0.569112 0.582815 0.702004 0.785369 0.860817 
