3.23621 3.57856 3.78648 3.94688 4.60637 6.14318 6.2164 7.45217 7.53632 7.64484 
3.23621 3.57856 3.78648 3.94688 4.60637 6.14318 6.19349 6.2164 6.96845 7.45217 
3.23621 3.57856 3.71099 3.78648 3.94688 4.60637 6.14318 6.19349 6.2164 6.56838 
0.172289 3.23621 3.57856 3.71099 3.78648 3.94688 4.60637 5.72643 6.14318 6.19349 
0.172289 2.86506 3.23621 3.57856 3.71099 3.78648 3.94688 4.60637 5.72643 5.92939 
0.172289 2.86506 3.23621 3.57856 3.71099 3.78648 3.94688 4.60637 5.72643 5.92939 
0.172289 2.86506 3.23621 3.5518 3.57856 3.70749 3.71099 3.78648 3.94688 4.60637 
0.172289 2.86506 3.23621 3.5518 3.57856 3.70749 3.71099 3.78648 3.94688 4.59422 
0.172289 2.86506 3.23621 3.5518 3.57856 3.70749 3.71099 3.72034 3.78648 3.94688 
0.172289 0.662709 2.86506 3.23621 3.5518 3.57856 3.70749 3.71099 3.72034 3.78648 
0.172289 0.662709 2.86506 3.23621 3.5518 3.57856 3.70749 3.71099 3.72034 3.78648 
0.172289 0.662709 1.33517 2.86506 3.02855 3.23621 3.5518 3.57856 3.70749 3.71099 
0.172289 0.662709 1.33517 2.86506 3.02855 3.12956 3.23621 3.5518 3.57856 3.70749 
0.172289 0.662709 1.33517 2.86506 3.02855 3.12956 3.23621 3.27319 3.50165 3.5518 
0.172289 0.662709 1.33517 2.86506 3.02855 3.12956 3.23621 3.27319 3.49132 3.50165 
0.172289 0.662709 1.33517 2.86506 3.02855 3.12956 3.23621 3.27319 3.49132 3.50165 
0.172289 0.662709 1.33517 2.86506 3.02855 3.12956 3.21937 3.23621 3.27319 3.49132 
0.172289 0.662709 1.33517 2.48495 2.86506 3.02855 3.12956 3.21937 3.23621 3.27319 
0.172289 0.662709 1.33517 2.48495 2.86506 3.02855 3.12956 3.21937 3.23621 3.27319 
0.172289 0.662709 1.33517 2.48495 2.86506 3.02855 3.12956 3.21937 3.23621 3.27319 
0.172289 0.662709 1.33517 2.48495 2.60146 2.86506 3.02855 3.12956 3.21937 3.23621 
0.172289 0.662709 0.795344 1.33517 1.41723 2.48495 2.60146 2.78079 2.86506 3.02855 
0.172289 0.662709 0.795344 1.33517 1.41723 1.79145 2.48495 2.60146 2.78079 2.86506 
0.172289 0.662709 0.795344 0.845107 1.33517 1.41723 1.7785 1.79145 2.48495 2.60146 
0.172289 0.662709 0.795344 0.845107 1.33517 1.34151 1.41723 1.7785 1.79145 2.48495 
0.172289 0.662709 0.795344 0.845107 1.33517 1.34151 1.41723 1.7785 1.79145 2.48495 
0.172289 0.662709 0.795344 0.845107 1.33517 1.34151 1.41723 1.7785 1.79145 2.48495 
0.172289 0.662709 0.795344 0.845107 1.33517 1.34151 1.41723 1.7785 1.79145 2.48495 
0.172289 0.662709 0.795344 0.845107 1.33517 1.34151 1.41723 1.7785 1.79145 2.48495 
0.172289 0.662709 0.795344 0.845107 1.33517 1.34151 1.41723 1.7785 1.79145 2.48495 
0.172289 0.662709 0.795344 0.845107 1.33517 1.34151 1.41723 1.7785 1.79145 2.48495 
0.172289 0.662709 0.795344 0.845107 1.33517 1.34151 1.41723 1.7785 1.79145 2.48495 
0.172289 0.662709 0.795344 0.845107 0.971587 1.13412 1.15887 1.33517 1.34151 1.41723 
0.172289 0.662709 0.795344 0.845107 0.971587 1.13412 1.15887 1.33517 1.34151 1.41723 
0.172289 0.662709 0.795344 0.845107 0.960942 0.971587 1.13412 1.15887 1.33517 1.34151 
0.172289 0.537867 0.662709 0.795344 0.845107 0.960942 0.971587 1.13412 1.15887 1.33517 
0.172289 0.537867 0.662709 0.795344 0.845107 0.960942 0.971587 1.13412 1.15887 1.33517 
0.172289 0.537867 0.662709 0.795344 0.845107 0.960942 0.971587 1.13412 1.15887 1.33517 
0.172289 0.537867 0.662709 0.795344 0.845107 0.960942 0.971587 1.13412 1.15887 1.33517 
0.172289 0.537867 0.662709 0.795344 0.845107 0.960942 0.971587 1.13412 1.15887 1.33517 
0.172289 0.537867 0.662709 0.795344 0.845107 0.960942 0.971587 1.13412 1.15887 1.33517 
0.172289 0.537867 0.592424 0.662709 0.795344 0.845107 0.960942 0.971587 1.13412 1.15887 
0.172289 0.231616 0.537867 0.592424 0.662709 0.695049 0.795344 0.845107 0.960942 0.971587 
0.172289 0.231616 0.373662 0.537867 0.592424 0.662709 0.695049 0.795344 0.845107 0.960942 
0.172289 0.231616 0.373662 0.537867 0.577124 0.592424 0.662709 0.695049 0.700691 0.795344 
0.172289 0.231616 0.373662 0.537867 0.577124 0.592424 0.662709 0.695049 0.700691 0.795344 
0.172289 0.231616 0.373662 0.537867 0.577124 0.592424 0.662709 0.695049 0.700691 0.718588 
0.172289 0.231616 0.373662 0.537867 0.577124 0.592424 0.662709 0.695049 0.700691 0.718588 
0.172289 0.231616 0.373662 0.537867 0.577124 0.592424 0.662709 0.695049 0.700691 0.718588 
0.172289 0.231616 0.373662 0.537867 0.577124 0.592424 0.662709 0.695049 0.700691 0.718588 
0.172289 0.231616 0.373662 0.537867 0.564108 0.577124 0.592424 0.662709 0.695049 0.700691 
0.172289 0.192709 0.231616 0.373662 0.401313 0.537867 0.564108 0.577124 0.592424 0.662709 
0.172289 0.192709 0.231616 0.373662 0.401313 0.537867 0.564108 0.577124 0.592424 0.662709 
0.172289 0.192709 0.231616 0.373662 0.401313 0.537867 0.55107 0.564108 0.577124 0.592424 
0.172289 0.192709 0.231616 0.373662 0.401313 0.537867 0.55107 0.564108 0.577124 0.592424 
0.172289 0.192709 0.231616 0.373662 0.373843 0.401313 0.537867 0.55107 0.564108 0.577124 
0.172289 0.192709 0.231616 0.373662 0.373843 0.401313 0.537867 0.55107 0.564108 0.577124 
0.172289 0.192709 0.231616 0.373662 0.373843 0.401313 0.537867 0.55107 0.564108 0.577124 
0.172289 0.192709 0.231616 0.373662 0.373843 0.401313 0.537867 0.55107 0.564108 0.567763 
0.172289 0.192709 0.231616 0.373662 0.373843 0.401313 0.537867 0.55107 0.564108 0.567763 
0.172289 0.192709 0.231616 0.373662 0.373843 0.401313 0.537867 0.55107 0.564108 0.567763 
0.172289 0.192709 0.231616 0.373662 0.373843 0.401313 0.537867 0.55107 0.564108 0.567763 
0.172289 0.192709 0.231616 0.373662 0.373843 0.401313 0.537867 0.55107 0.564108 0.567763 
0.172289 0.192709 0.231616 0.373662 0.373843 0.401313 0.537867 0.55107 0.564108 0.567763 
0.172289 0.192709 0.231616 0.373662 0.373843 0.401313 0.537867 0.55107 0.564108 0.567763 
0.172289 0.192709 0.231616 0.373662 0.373843 0.401313 0.537867 0.55107 0.564108 0.567763 
0.172289 0.192709 0.231616 0.373662 0.373843 0.401313 0.537867 0.55107 0.564108 0.567763 
0.172289 0.192709 0.231616 0.373662 0.373843 0.401313 0.537867 0.55107 0.564108 0.567763 
0.172289 0.192709 0.231616 0.373662 0.373843 0.401313 0.537867 0.55107 0.564108 0.567763 
0.172289 0.192709 0.231616 0.373662 0.373843 0.401313 0.537867 0.55107 0.564108 0.567763 
0.172289 0.192709 0.231616 0.373662 0.373843 0.401313 0.537867 0.55107 0.564108 0.567763 
0.172289 0.192709 0.231616 0.373662 0.373843 0.401313 0.537867 0.55107 0.564108 0.567763 
0.172289 0.192709 0.231616 0.373662 0.373843 0.401313 0.537867 0.55107 0.564108 0.567763 
0.172289 0.192709 0.231616 0.373662 0.373843 0.401313 0.537867 0.55107 0.564108 0.567763 
0.172289 0.192709 0.231616 0.373662 0.373843 0.401313 0.537867 0.55107 0.564108 0.567763 
0.172289 0.192709 0.231616 0.373662 0.373843 0.401313 0.537867 0.55107 0.564108 0.567763 
0.172289 0.192709 0.231616 0.373662 0.373843 0.401313 0.537867 0.55107 0.564108 0.567763 
0.172289 0.192709 0.231616 0.373662 0.373843 0.401313 0.537867 0.55107 0.564108 0.567763 
0.172289 0.192709 0.231616 0.373662 0.373843 0.401313 0.537867 0.55107 0.564108 0.567763 
0.172289 0.192709 0.231616 0.373662 0.373843 0.401313 0.537867 0.55107 0.564108 0.567763 
0.172289 0.192709 0.231616 0.373662 0.373843 0.401313 0.537867 0.55107 0.564108 0.567763 
0.172289 0.192709 0.231616 0.373662 0.373843 0.401313 0.537867 0.55107 0.564108 0.567763 
0.172289 0.192709 0.231616 0.373662 0.373843 0.401313 0.537867 0.55107 0.564108 0.567763 
0.172289 0.192709 0.231616 0.373662 0.373843 0.401313 0.537867 0.55107 0.564108 0.567763 
0.172289 0.192709 0.231616 0.373662 0.373843 0.401313 0.537867 0.55107 0.564108 0.567763 
0.172289 0.192709 0.231616 0.373662 0.373843 0.401313 0.537867 0.55107 0.564108 0.567763 
0.172289 0.192709 0.231616 0.373662 0.373843 0.401313 0.537867 0.55107 0.564108 0.567763 
0.172289 0.192709 0.231616 0.373662 0.373843 0.401313 0.537867 0.55107 0.564108 0.567763 
0.172289 0.192709 0.231616 0.373662 0.373843 0.401313 0.537867 0.55107 0.564108 0.567763 
0.172289 0.192709 0.231616 0.373662 0.373843 0.401313 0.537867 0.55107 0.564108 0.567763 
0.172289 0.192709 0.231616 0.373662 0.373843 0.401313 0.537867 0.55107 0.564108 0.567763 
0.172289 0.192709 0.231616 0.373662 0.373843 0.401313 0.537867 0.55107 0.564108 0.567763 
0.172289 0.192709 0.231616 0.373662 0.373843 0.401313 0.537867 0.55107 0.564108 0.567763 
0.172289 0.192709 0.231616 0.373662 0.373843 0.401313 0.537867 0.55107 0.564108 0.567763 
0.172289 0.192709 0.231616 0.373662 0.373843 0.401313 0.537867 0.55107 0.564108 0.567763 
0.172289 0.192709 0.231616 0.373662 0.373843 0.401313 0.537867 0.55107 0.564108 0.567763 
0.172289 0.192709 0.231616 0.373662 0.373843 0.401313 0.537867 0.55107 0.564108 0.567763 
0.172289 0.192709 0.231616 0.373662 0.373843 0.401313 0.537867 0.55107 0.564108 0.567763 
0.172289 0.192709 0.231616 0.373662 0.373843 0.401313 0.537867 0.55107 0.564108 0.567763 
0.172289 0.192709 0.231616 0.373662 0.373843 0.401313 0.537867 0.55107 0.564108 0.567763 
