3.09395 3.24762 3.40204 3.77059 3.82383 3.88372 4.02611 4.06583 4.29691 4.55392 
1.45247 3.09395 3.24598 3.24762 3.40204 3.77059 3.82383 3.88372 3.94382 4.02611 
1.45247 1.50063 1.62003 3.09395 3.19869 3.24598 3.24762 3.40204 3.77059 3.82383 
1.45247 1.50063 1.62003 3.09395 3.19869 3.24598 3.24762 3.40204 3.77059 3.82383 
0.353434 1.45247 1.50063 1.62003 2.28199 3.09395 3.19869 3.24598 3.24762 3.40204 
0.353434 1.45247 1.50063 1.62003 2.28199 3.09395 3.19869 3.23746 3.24598 3.24762 
0.353434 1.45247 1.50063 1.62003 2.19636 2.28199 3.09395 3.19869 3.23746 3.24598 
0.353434 1.45247 1.50063 1.62003 2.19636 2.28199 2.93502 2.98589 3.09395 3.19869 
0.353434 1.45247 1.50063 1.62003 2.19636 2.28199 2.93502 2.98589 3.09395 3.19869 
0.353434 1.45247 1.50063 1.62003 1.68101 2.19636 2.28199 2.93502 2.98589 3.00207 
0.353434 1.45247 1.50063 1.62003 1.68101 2.19636 2.28199 2.54315 2.69162 2.93502 
0.353434 1.45247 1.50063 1.62003 1.68101 2.19636 2.28199 2.54315 2.69162 2.93502 
0.353434 1.45247 1.50063 1.62003 1.68101 2.19636 2.28199 2.38883 2.54315 2.66357 
0.353434 0.68035 1.45247 1.50063 1.62003 1.68101 2.19636 2.28199 2.38883 2.54315 
0.353434 0.68035 1.45247 1.50063 1.62003 1.68101 1.90453 2.19636 2.28199 2.38883 
0.353434 0.68035 1.45247 1.50063 1.62003 1.68101 1.90453 2.19636 2.2175 2.28199 
0.353434 0.68035 1.17962 1.45247 1.50063 1.62003 1.68101 1.90453 2.19636 2.2175 
0.353434 0.68035 1.17962 1.45247 1.50063 1.62003 1.68101 1.90453 2.11712 2.19636 
0.21455 0.353434 0.68035 1.17962 1.45247 1.50063 1.62003 1.68101 1.90453 1.9784 
0.21455 0.353434 0.68035 1.17962 1.45247 1.50063 1.62003 1.68101 1.90453 1.9784 
0.21455 0.353434 0.68035 1.17962 1.45247 1.50063 1.62003 1.6593 1.68101 1.90453 
0.21455 0.353434 0.68035 1.17962 1.45247 1.50063 1.54095 1.62003 1.6593 1.68101 
0.21455 0.353434 0.68035 1.17962 1.45247 1.50063 1.54095 1.59238 1.62003 1.6593 
0.21455 0.353434 0.68035 1.17962 1.45247 1.50063 1.54095 1.59238 1.62003 1.64836 
0.21455 0.353434 0.68035 1.17962 1.45247 1.50063 1.51257 1.54095 1.59238 1.59865 
0.12696 0.21455 0.353434 0.68035 1.17962 1.45247 1.50063 1.51257 1.54095 1.59238 
0.12696 0.21455 0.353434 0.68035 1.17962 1.30493 1.33917 1.45247 1.50063 1.50629 
0.12696 0.21455 0.288881 0.353434 0.68035 1.17962 1.30493 1.33917 1.45247 1.50063 
0.12696 0.21455 0.288881 0.353434 0.68035 1.17962 1.21639 1.30493 1.33917 1.45247 
0.0731016 0.12696 0.21455 0.288881 0.353434 0.68035 0.803531 1.17962 1.21639 1.30493 
0.0731016 0.12696 0.21455 0.288881 0.353434 0.68035 0.803531 1.17962 1.21639 1.30493 
0.0731016 0.12696 0.21455 0.288881 0.353434 0.68035 0.803531 1.10145 1.17962 1.21639 
0.0731016 0.12696 0.21455 0.288881 0.353434 0.68035 0.803531 0.941107 1.10145 1.17962 
0.0731016 0.12696 0.21455 0.288881 0.353434 0.447915 0.68035 0.803531 0.941107 1.10145 
0.0731016 0.12696 0.21455 0.288881 0.353434 0.447915 0.48128 0.669344 0.68035 0.803531 
0.0731016 0.12696 0.21455 0.288881 0.353434 0.414232 0.421926 0.447915 0.48128 0.669344 
0.0731016 0.12696 0.21455 0.288881 0.353434 0.372017 0.414232 0.421926 0.447915 0.48128 
0.0731016 0.12696 0.15035 0.21455 0.288881 0.353434 0.372017 0.414232 0.421926 0.447915 
0.0731016 0.12696 0.144343 0.15035 0.21455 0.288881 0.323897 0.353434 0.372017 0.386636 
0.0731016 0.12696 0.144343 0.15035 0.21455 0.288881 0.323897 0.353434 0.372017 0.386636 
0.0731016 0.12696 0.144343 0.15035 0.21455 0.288881 0.323897 0.353434 0.372017 0.386636 
0.0731016 0.12696 0.144343 0.15035 0.21455 0.288881 0.323897 0.353434 0.372017 0.38012 
0.0731016 0.12696 0.144343 0.15035 0.21455 0.267275 0.288881 0.323897 0.353434 0.372017 
0.0731016 0.12696 0.144343 0.15035 0.21455 0.267275 0.288881 0.323897 0.353434 0.372017 
0.0731016 0.12696 0.144343 0.15035 0.21455 0.267275 0.288881 0.323897 0.353434 0.372017 
0.0731016 0.12696 0.144343 0.15035 0.21455 0.267275 0.288881 0.323897 0.353434 0.372017 
0.0731016 0.12696 0.144343 0.15035 0.21455 0.267275 0.288881 0.323897 0.353434 0.372017 
0.0731016 0.12696 0.144343 0.15035 0.21455 0.253571 0.267275 0.288881 0.323897 0.353434 
0.0731016 0.12696 0.144343 0.15035 0.21455 0.253571 0.267275 0.288881 0.323897 0.353434 
0.0731016 0.102831 0.12696 0.144343 0.15035 0.21455 0.253571 0.267275 0.288881 0.323897 
0.0731016 0.102831 0.12696 0.144343 0.15035 0.21455 0.253571 0.267206 0.267275 0.288881 
0.0731016 0.102831 0.12696 0.144343 0.15035 0.21455 0.253571 0.266833 0.267206 0.267275 
0.0731016 0.102831 0.12696 0.144343 0.15035 0.21455 0.253571 0.266833 0.267206 0.267275 
0.0731016 0.102831 0.12696 0.144343 0.15035 0.21455 0.253571 0.266833 0.267206 0.267275 
0.0380849 0.0731016 0.102831 0.12696 0.144343 0.15035 0.21455 0.253571 0.266833 0.267206 
0.0380849 0.0731016 0.102831 0.103538 0.12696 0.144343 0.15035 0.21455 0.253571 0.266833 
0.0380849 0.0731016 0.102831 0.103538 0.12696 0.144343 0.15035 0.21455 0.243763 0.253571 
0.0380849 0.0731016 0.102831 0.103538 0.12696 0.144343 0.15035 0.185307 0.199378 0.21455 
0.0380849 0.0731016 0.102831 0.103538 0.12696 0.144343 0.15035 0.185307 0.199378 0.21455 
0.0380849 0.0731016 0.0826928 0.102831 0.103538 0.12696 0.144343 0.15035 0.185307 0.199378 
0.0380849 0.0731016 0.0826928 0.102831 0.103538 0.12696 0.144343 0.15035 0.185307 0.199378 
0.0380849 0.0731016 0.0826928 0.102831 0.103538 0.120152 0.12696 0.144343 0.15035 0.185307 
0.0380849 0.0731016 0.0826928 0.102831 0.103538 0.120152 0.12696 0.144343 0.15035 0.185307 
0.0380849 0.0731016 0.0826928 0.102831 0.103538 0.120152 0.12696 0.144343 0.15035 0.185307 
0.0380849 0.0731016 0.0826928 0.102831 0.103538 0.120152 0.12696 0.144343 0.15035 0.185307 
0.0380849 0.0731016 0.0826928 0.102831 0.103538 0.120152 0.12696 0.144343 0.15035 0.185307 
0.0380849 0.0731016 0.0826928 0.102831 0.103538 0.120152 0.12696 0.144343 0.15035 0.185307 
0.0380849 0.0731016 0.0826928 0.102831 0.103538 0.120152 0.12696 0.144343 0.15035 0.185307 
0.0380849 0.0731016 0.0826928 0.102831 0.103538 0.120152 0.12696 0.144343 0.15035 0.185307 
0.0380849 0.0731016 0.0826928 0.102831 0.103538 0.120152 0.12696 0.144343 0.15035 0.185307 
0.0380849 0.0731016 0.0826928 0.102831 0.103538 0.120152 0.12696 0.144343 0.15035 0.185307 
0.0380849 0.0731016 0.0826928 0.102831 0.103538 0.120152 0.12696 0.144343 0.15035 0.185307 
0.0380849 0.0731016 0.0826928 0.102831 0.103538 0.120152 0.12696 0.144343 0.15035 0.185307 
0.0380849 0.0731016 0.0826928 0.102831 0.103538 0.120152 0.12696 0.144343 0.15035 0.185307 
0.0380849 0.0731016 0.0826928 0.102831 0.103538 0.120152 0.12696 0.144343 0.15035 0.185307 
0.0380849 0.0731016 0.0826928 0.102831 0.103538 0.120152 0.12696 0.144343 0.15035 0.185307 
0.0380849 0.0731016 0.0826928 0.102831 0.103538 0.120152 0.12696 0.144343 0.15035 0.185307 
0.0380849 0.0731016 0.0826928 0.102831 0.103538 0.120152 0.12696 0.144343 0.15035 0.185307 
0.0380849 0.0731016 0.0826928 0.102831 0.103538 0.120152 0.12696 0.141807 0.144343 0.15035 
0.0380849 0.0731016 0.0826928 0.102831 0.103538 0.120152 0.12696 0.141807 0.144343 0.15035 
0.0380849 0.0731016 0.0826928 0.102831 0.103538 0.120152 0.12696 0.141807 0.144343 0.15035 
0.0380849 0.0731016 0.0826928 0.102831 0.103538 0.104808 0.120152 0.12696 0.141807 0.143674 
0.0380849 0.0731016 0.0826928 0.102831 0.103538 0.104808 0.120152 0.12696 0.141807 0.143674 
0.0380849 0.0731016 0.0826928 0.102831 0.103538 0.104808 0.120152 0.122302 0.12696 0.141807 
0.0380849 0.0731016 0.0826928 0.102831 0.103538 0.104808 0.120152 0.122302 0.12696 0.141807 
0.0380849 0.0731016 0.0826928 0.0971308 0.102831 0.103538 0.104808 0.120152 0.122302 0.12297 
0.0380849 0.0731016 0.0826928 0.0971308 0.102831 0.103538 0.104808 0.119147 0.120152 0.122302 
0.0380849 0.0731016 0.0826928 0.0971308 0.102831 0.103538 0.104808 0.119147 0.120152 0.122302 
0.0380849 0.0731016 0.0826928 0.0971308 0.102831 0.103538 0.104808 0.119147 0.120152 0.122302 
0.0380849 0.0731016 0.0826928 0.0971308 0.102831 0.103538 0.104808 0.119147 0.120152 0.122302 
0.0380849 0.0731016 0.0826928 0.0971308 0.102831 0.103538 0.104808 0.119147 0.120152 0.122302 
0.0380849 0.0731016 0.0826928 0.0971308 0.102831 0.103538 0.104808 0.119147 0.120152 0.122302 
0.0380849 0.0731016 0.0826928 0.0971308 0.102831 0.103538 0.104808 0.109373 0.116166 0.119147 
0.0380849 0.0731016 0.0826928 0.0888027 0.0971308 0.102831 0.103538 0.104808 0.109373 0.116166 
0.0380849 0.0731016 0.0826928 0.0888027 0.0942757 0.0971308 0.102831 0.103538 0.104808 0.109373 
0.0380849 0.0731016 0.0788867 0.0826928 0.0888027 0.0893888 0.0942757 0.0971308 0.102831 0.103538 
0.0380849 0.0731016 0.0788867 0.0826928 0.0882801 0.0888027 0.0893888 0.0942757 0.0971308 0.102831 
0.0380849 0.0731016 0.0788867 0.0802968 0.0826928 0.0882801 0.0888027 0.0893888 0.0942757 0.0971308 
0.0380849 0.0731016 0.0788867 0.0802968 0.0826928 0.0875114 0.0882801 0.0888027 0.0893888 0.0942757 
0.0380849 0.0731016 0.0788867 0.0802968 0.0826928 0.0875114 0.0882801 0.0888027 0.0893888 0.0942757 
