1.75924 3.96457 4.85649 5.95085 6.40434 6.95549 7.0677 7.18865 7.53156 7.55263 
1.75924 3.96457 4.85649 5.95085 6.0691 6.32465 6.40434 6.95549 7.0677 7.18865 
1.75924 3.85102 3.96457 4.85649 5.95085 6.0691 6.32465 6.40434 6.95549 7.0677 
1.75924 3.85102 3.96457 4.85649 5.24563 5.95085 6.0691 6.32465 6.40434 6.95549 
1.75924 3.85102 3.96457 4.85649 5.24563 5.57605 5.95085 6.0691 6.32465 6.40434 
1.75924 3.85102 3.96457 4.85649 5.24563 5.57605 5.95085 6.0691 6.32465 6.40434 
1.75924 3.85102 3.91637 3.96457 4.85649 5.24563 5.57605 5.95085 6.0691 6.32465 
1.75924 3.85102 3.91637 3.96457 4.85649 5.24563 5.57605 5.95085 6.0691 6.32465 
1.75924 3.85102 3.91637 3.96457 4.85649 5.24563 5.57605 5.95085 6.0691 6.32465 
1.75924 3.85102 3.91637 3.96457 4.85649 5.24563 5.57605 5.95085 6.0691 6.32465 
1.75924 3.85102 3.91637 3.96457 4.06975 4.85649 5.24563 5.57605 5.95085 6.0691 
1.75924 3.85102 3.91637 3.96457 4.06975 4.85649 5.24563 5.57605 5.95085 6.0691 
1.75924 3.85102 3.91637 3.96457 4.06975 4.85649 5.24563 5.57605 5.86915 5.95085 
1.75924 3.85102 3.91637 3.96457 4.06975 4.5477 4.85649 5.24563 5.57605 5.86915 
1.75924 3.85102 3.91637 3.96457 4.06975 4.5477 4.85649 5.24563 5.57605 5.86915 
1.75924 3.85102 3.91637 3.96457 4.06975 4.5477 4.85649 5.24563 5.57605 5.86915 
1.75924 3.85102 3.91637 3.96457 4.06975 4.5477 4.85649 5.02464 5.24563 5.57605 
1.75924 3.85102 3.91637 3.96457 4.06975 4.5477 4.85649 5.02464 5.24563 5.57605 
1.75924 3.81146 3.85102 3.91637 3.96457 4.06975 4.5477 4.85649 5.02464 5.24563 
1.75924 3.81146 3.85102 3.91637 3.96457 4.06975 4.5477 4.85649 5.02464 5.24563 
1.75924 2.727 3.51402 3.81146 3.85102 3.91637 3.96457 4.06975 4.5477 4.85649 
1.75924 2.727 3.51402 3.81146 3.85102 3.91637 3.96457 4.06975 4.5477 4.59626 
1.75924 2.727 3.51402 3.81146 3.85102 3.91637 3.96457 4.06975 4.18127 4.5477 
1.75924 2.727 3.51402 3.53049 3.81146 3.85102 3.91637 3.96457 4.06975 4.18127 
1.75924 2.727 3.51402 3.53049 3.81146 3.85102 3.91637 3.96457 4.06975 4.18127 
1.75924 2.727 3.51402 3.53049 3.81146 3.85102 3.91637 3.96457 4.06975 4.18127 
1.75924 2.727 3.3865 3.51402 3.53049 3.81146 3.85102 3.91637 3.96457 4.06975 
1.75924 2.53824 2.727 3.3865 3.51402 3.53049 3.65667 3.81146 3.85102 3.90616 
1.75924 2.53824 2.727 3.3865 3.51402 3.53049 3.56212 3.65667 3.81146 3.85102 
1.75924 2.53824 2.727 3.3865 3.51402 3.53049 3.56212 3.65667 3.81146 3.85102 
1.75924 2.53824 2.727 3.3865 3.51402 3.53049 3.56212 3.65667 3.81146 3.85102 
1.75924 2.53824 2.727 3.3865 3.51402 3.53049 3.56212 3.65667 3.81146 3.85102 
1.75924 2.53824 2.727 3.09401 3.21034 3.3865 3.51402 3.53049 3.56212 3.65667 
1.75924 2.53824 2.727 3.09401 3.21034 3.214 3.3865 3.51402 3.53049 3.56212 
1.75924 2.53824 2.727 3.09401 3.21034 3.214 3.3865 3.51402 3.53049 3.56212 
1.75924 2.53824 2.727 2.97892 3.09401 3.20298 3.21034 3.214 3.3865 3.51402 
1.75924 2.51965 2.53824 2.727 2.97892 3.06723 3.09401 3.20298 3.21034 3.214 
1.75924 2.51965 2.53824 2.727 2.97892 3.06723 3.09401 3.20298 3.21034 3.214 
1.75924 2.51965 2.53824 2.727 2.97892 3.06723 3.09401 3.20298 3.21034 3.213 
1.75924 2.51965 2.53824 2.727 2.83265 2.94261 2.97892 3.06723 3.09401 3.20298 
1.75924 2.51965 2.53824 2.727 2.83265 2.94261 2.97892 3.06723 3.09401 3.20298 
1.75924 2.51965 2.53824 2.727 2.83265 2.94261 2.97892 3.06723 3.09401 3.18843 
1.75924 2.51965 2.53824 2.727 2.83265 2.94261 2.97892 3.06723 3.09401 3.18843 
1.75924 2.51965 2.53824 2.727 2.83265 2.94261 2.97892 3.06723 3.09401 3.18843 
1.75924 2.51965 2.53824 2.727 2.83265 2.94261 2.97892 3.06723 3.09401 3.18843 
1.75924 1.95531 2.51965 2.53824 2.727 2.83265 2.94261 2.97892 3.06723 3.09401 
1.75924 1.95531 2.51965 2.53824 2.727 2.83265 2.94261 2.97892 3.06723 3.09401 
1.75924 1.95531 2.51965 2.53824 2.727 2.83265 2.94261 2.97892 3.06723 3.09401 
1.75924 1.95531 2.51965 2.53824 2.727 2.83265 2.94261 2.97892 3.06723 3.09401 
1.75924 1.95531 2.51965 2.53824 2.727 2.83265 2.94261 2.97892 3.06723 3.09401 
1.75924 1.95531 2.51965 2.53824 2.727 2.83265 2.94261 2.97892 3.06723 3.09401 
1.75924 1.95531 2.51965 2.53824 2.727 2.83265 2.94261 2.97892 3.06723 3.09401 
1.75924 1.95531 2.51965 2.53824 2.727 2.83265 2.94261 2.97892 3.06723 3.09401 
1.75924 1.95531 2.51965 2.53824 2.727 2.83265 2.94261 2.97892 3.06723 3.09401 
1.75924 1.95531 2.51965 2.53824 2.727 2.83265 2.94261 2.97892 3.06723 3.09401 
1.75924 1.95531 2.51965 2.53824 2.727 2.83265 2.94261 2.97892 3.06723 3.09401 
1.75924 1.95531 2.51965 2.53824 2.66919 2.727 2.83265 2.94261 2.97892 3.06723 
1.75924 1.95531 2.51965 2.53824 2.66919 2.727 2.83265 2.94261 2.97892 3.06723 
1.75924 1.95531 2.51965 2.53824 2.66919 2.727 2.83265 2.94261 2.97892 3.06723 
1.75924 1.95531 2.51965 2.53824 2.66919 2.727 2.83265 2.94261 2.97892 3.06723 
1.75924 1.95531 2.51965 2.53824 2.66919 2.727 2.83265 2.94261 2.97892 3.06723 
1.75924 1.95531 2.51965 2.53824 2.66919 2.727 2.83265 2.94261 2.97892 3.06723 
1.75924 1.95531 2.51965 2.53824 2.66919 2.727 2.83265 2.94261 2.97892 3.06723 
1.75924 1.95531 2.51965 2.53824 2.66919 2.727 2.83265 2.94261 2.97892 3.06723 
1.75924 1.95531 2.51965 2.53824 2.66919 2.727 2.83265 2.94261 2.97892 3.06723 
1.75924 1.95531 2.51965 2.53824 2.66919 2.727 2.83265 2.94261 2.97892 3.06723 
1.75924 1.95531 2.51965 2.53824 2.66919 2.727 2.83265 2.94261 2.97892 3.06723 
1.75924 1.95531 2.51965 2.53824 2.66919 2.727 2.83265 2.94261 2.97892 3.06723 
1.75924 1.95531 2.51965 2.53824 2.66919 2.727 2.83265 2.94261 2.97892 3.01739 
1.75924 1.95531 2.51965 2.53824 2.66919 2.727 2.83265 2.94261 2.97892 3.01739 
1.75924 1.95531 2.51965 2.53824 2.66919 2.727 2.83265 2.94261 2.97892 3.01739 
1.75924 1.95531 2.51965 2.53824 2.66919 2.727 2.83265 2.94261 2.97892 3.01739 
1.75924 1.95531 2.45492 2.51965 2.53824 2.66919 2.727 2.83265 2.94261 2.97892 
1.75924 1.95531 2.11985 2.45492 2.51965 2.53824 2.66919 2.727 2.83265 2.94261 
1.75924 1.95531 2.11985 2.45492 2.51965 2.53824 2.66919 2.727 2.83265 2.94261 
1.75924 1.95531 2.11985 2.45492 2.51965 2.53824 2.66919 2.727 2.83265 2.94261 
1.75924 1.95531 2.11985 2.45492 2.51965 2.53824 2.66919 2.727 2.83265 2.94261 
1.75924 1.95531 2.11985 2.45492 2.51965 2.53824 2.66919 2.727 2.83265 2.94261 
1.75924 1.95531 2.11985 2.45492 2.51965 2.53824 2.66919 2.727 2.83265 2.94261 
1.75924 1.95531 2.11985 2.45492 2.51965 2.53824 2.66919 2.727 2.83265 2.94261 
1.75924 1.95531 2.11985 2.45492 2.51965 2.53824 2.66919 2.7003 2.727 2.83265 
1.75924 1.95531 2.11985 2.45492 2.51965 2.53824 2.66919 2.7003 2.727 2.83265 
1.34132 1.75924 1.95531 2.05589 2.11985 2.12305 2.42212 2.45492 2.51965 2.53824 
1.34132 1.75924 1.95531 2.05589 2.0619 2.11985 2.12305 2.42212 2.45492 2.51965 
1.34132 1.75924 1.95531 2.05589 2.0619 2.11985 2.12305 2.42212 2.45492 2.51965 
1.34132 1.75924 1.80413 1.95531 2.05589 2.0619 2.11985 2.12305 2.42212 2.45492 
1.34132 1.75924 1.80413 1.95531 2.05589 2.0619 2.11985 2.12305 2.42212 2.45492 
1.34132 1.7465 1.75924 1.80413 1.95531 2.05589 2.0619 2.11985 2.12305 2.42212 
1.34132 1.7465 1.75924 1.80413 1.95531 2.05589 2.0619 2.11985 2.12305 2.42212 
1.34132 1.7465 1.75924 1.80413 1.95531 2.05589 2.0619 2.11985 2.12305 2.42212 
1.34132 1.7465 1.75924 1.80413 1.95531 2.05589 2.0619 2.11985 2.12305 2.33982 
1.34132 1.7465 1.75924 1.80413 1.87927 1.95531 2.05589 2.0619 2.11985 2.12305 
1.25861 1.34132 1.69261 1.7465 1.75924 1.80413 1.87927 1.95531 2.05589 2.0619 
1.25861 1.34132 1.69261 1.7465 1.75924 1.80413 1.87927 1.95531 2.05589 2.0619 
1.25861 1.34132 1.69261 1.7465 1.75924 1.80413 1.87927 1.95531 2.05589 2.0619 
1.25861 1.34132 1.40487 1.69261 1.7465 1.75924 1.8031 1.80413 1.87927 1.95531 
1.25861 1.32449 1.34132 1.34447 1.40487 1.69261 1.7465 1.75924 1.8031 1.80413 
0.490071 1.00772 1.25861 1.26875 1.32449 1.34132 1.34447 1.40487 1.69261 1.7465 
0.490071 1.00772 1.25861 1.26875 1.32449 1.34132 1.34447 1.40487 1.69261 1.7465 
0.490071 0.835867 0.858031 1.00772 1.25861 1.26875 1.32449 1.34132 1.34447 1.40487 
