1.25573 3.01132 3.17337 3.19909 3.26115 3.62775 4.29433 4.35043 4.52903 4.55276 
1.25573 1.71704 3.01132 3.17337 3.19909 3.26115 3.62775 3.65729 4.006 4.29433 
1.25573 1.59011 1.71704 3.01132 3.17337 3.19909 3.26115 3.43832 3.46825 3.59082 
0.702711 1.25573 1.59011 1.71704 2.28232 2.92983 3.01132 3.17337 3.19909 3.26115 
0.702711 1.25573 1.59011 1.71704 2.28232 2.92983 3.01132 3.17337 3.19909 3.26115 
0.702711 1.25573 1.59011 1.71704 2.28232 2.51647 2.92983 3.01132 3.14274 3.17337 
0.702711 0.745908 1.25573 1.59011 1.71704 2.28232 2.51647 2.92983 3.01132 3.14274 
0.166563 0.702711 0.745908 1.25573 1.59011 1.71704 2.28232 2.51647 2.92983 3.01132 
0.166563 0.702711 0.745908 1.25573 1.59011 1.71704 2.28232 2.51647 2.92983 3.01132 
0.166563 0.702711 0.745908 1.25573 1.59011 1.71704 2.28232 2.51647 2.75148 2.92151 
0.166563 0.702711 0.745908 1.25573 1.41842 1.59011 1.71704 1.79018 2.28232 2.51647 
0.166563 0.702711 0.745908 1.25573 1.41842 1.59011 1.71704 1.79018 2.28232 2.343 
0.166563 0.702711 0.745908 1.25573 1.41842 1.59011 1.71704 1.79018 2.04754 2.28232 
0.166563 0.702711 0.745908 1.25573 1.41842 1.59011 1.71704 1.79018 2.04754 2.28232 
0.166563 0.702711 0.745908 1.25573 1.41842 1.59011 1.71704 1.79018 2.04754 2.28232 
0.166563 0.702711 0.745908 1.11653 1.25573 1.41842 1.59011 1.71704 1.79018 2.04754 
0.166563 0.702711 0.745908 1.11653 1.25573 1.41842 1.59011 1.71704 1.79018 1.91357 
0.166563 0.702711 0.745908 1.11653 1.25573 1.41842 1.59011 1.71704 1.79018 1.91357 
0.166563 0.702711 0.745908 1.11653 1.25573 1.41842 1.59011 1.70052 1.71704 1.79018 
0.166563 0.702711 0.745908 1.11653 1.25573 1.41842 1.59011 1.70052 1.71704 1.79018 
0.166563 0.702711 0.745908 1.11653 1.25573 1.41842 1.59011 1.70052 1.71704 1.79018 
0.166563 0.702711 0.745908 1.11653 1.25573 1.41842 1.59011 1.70052 1.71704 1.79018 
0.166563 0.483373 0.702711 0.745908 1.11653 1.25573 1.2572 1.41842 1.46945 1.59011 
0.166563 0.366871 0.483373 0.702711 0.745908 1.11653 1.25573 1.2572 1.41842 1.46945 
0.166563 0.258585 0.366871 0.483373 0.702711 0.745908 1.11653 1.25573 1.2572 1.41842 
0.166563 0.258585 0.366871 0.483373 0.702711 0.745908 1.11653 1.25573 1.2572 1.41842 
0.166563 0.258585 0.300154 0.366871 0.483373 0.702711 0.745908 1.11653 1.25573 1.2572 
0.135137 0.166563 0.258585 0.300154 0.366871 0.483373 0.702711 0.745908 1.11653 1.25573 
0.135137 0.166563 0.258585 0.300154 0.366871 0.483373 0.702711 0.745908 1.11653 1.25573 
0.135137 0.166563 0.258585 0.300154 0.366871 0.483373 0.702711 0.745908 1.11653 1.1652 
0.135137 0.166563 0.258585 0.300154 0.331949 0.366871 0.483373 0.702711 0.745908 1.11653 
0.135137 0.166563 0.258585 0.300154 0.331949 0.366871 0.483373 0.702711 0.745908 1.11653 
0.135137 0.166563 0.258585 0.300154 0.331949 0.366871 0.483373 0.702711 0.745908 1.11653 
0.135137 0.166563 0.258585 0.300154 0.331949 0.366871 0.483373 0.702711 0.745908 1.09679 
0.135137 0.166563 0.258585 0.300154 0.309598 0.331949 0.365707 0.366871 0.483373 0.702711 
0.135137 0.166563 0.258585 0.300154 0.309598 0.331949 0.357332 0.365707 0.366871 0.483373 
0.135137 0.166563 0.258585 0.300154 0.309598 0.331949 0.357332 0.365707 0.366871 0.483373 
0.135137 0.166563 0.258585 0.300154 0.309598 0.331949 0.357332 0.365707 0.366871 0.483373 
0.135137 0.166563 0.258585 0.300154 0.309598 0.331949 0.357332 0.365707 0.366871 0.483373 
0.135137 0.166563 0.258585 0.300154 0.309598 0.331949 0.357332 0.365707 0.366871 0.483373 
0.135137 0.166563 0.258585 0.300154 0.309598 0.331949 0.357332 0.365707 0.366871 0.483373 
0.135137 0.166563 0.258585 0.300154 0.309598 0.331949 0.357332 0.365707 0.366871 0.483373 
0.135137 0.166563 0.258585 0.300154 0.309598 0.331949 0.357332 0.365707 0.366871 0.483373 
0.135137 0.166563 0.258585 0.300154 0.309598 0.331949 0.357332 0.365707 0.366871 0.483373 
0.135137 0.166563 0.258585 0.300154 0.309598 0.331949 0.357332 0.365707 0.366871 0.483373 
0.135137 0.166563 0.258585 0.300154 0.309598 0.331949 0.357332 0.365707 0.366871 0.483373 
0.135137 0.166563 0.258585 0.300154 0.309598 0.331949 0.357332 0.365707 0.366871 0.483373 
0.135137 0.166563 0.258585 0.300154 0.309598 0.331949 0.357332 0.365707 0.366871 0.483373 
0.135137 0.166563 0.258585 0.300154 0.309598 0.331949 0.357332 0.365707 0.366871 0.483373 
0.135137 0.166563 0.258585 0.300154 0.309598 0.331949 0.357332 0.365707 0.366871 0.483373 
0.135137 0.166563 0.258585 0.300154 0.309598 0.331949 0.357332 0.365707 0.366871 0.483373 
0.135137 0.166563 0.258585 0.300154 0.309598 0.331949 0.357332 0.365707 0.366871 0.483373 
0.135137 0.166563 0.258585 0.300154 0.309598 0.331949 0.357332 0.365707 0.366871 0.483373 
0.135137 0.166563 0.258585 0.300154 0.309598 0.331949 0.357332 0.365707 0.366871 0.483373 
0.135137 0.166563 0.258585 0.300154 0.309598 0.331949 0.357332 0.365707 0.366871 0.483373 
0.135137 0.166563 0.258585 0.300154 0.309598 0.331949 0.357332 0.365707 0.366871 0.483373 
0.135137 0.166563 0.258585 0.300154 0.309598 0.331949 0.357332 0.365707 0.366871 0.483373 
0.135137 0.166563 0.258585 0.300154 0.309598 0.331949 0.357332 0.365707 0.366871 0.483373 
0.135137 0.166563 0.258585 0.300154 0.309598 0.331949 0.357332 0.365707 0.366871 0.483373 
0.135137 0.166563 0.258585 0.300154 0.309598 0.331949 0.357332 0.365707 0.366871 0.483373 
0.135137 0.166563 0.258585 0.300154 0.309598 0.331949 0.357332 0.365707 0.366871 0.483373 
0.135137 0.166563 0.258585 0.300154 0.309598 0.331949 0.357332 0.365707 0.366871 0.483373 
0.135137 0.166563 0.258585 0.300154 0.309598 0.331949 0.357332 0.365707 0.366871 0.483373 
0.135137 0.166563 0.258585 0.300154 0.309598 0.331949 0.357332 0.365707 0.366871 0.483373 
0.135137 0.166563 0.258585 0.300154 0.309598 0.331949 0.357332 0.365707 0.366871 0.483373 
0.135137 0.166563 0.258585 0.300154 0.309598 0.331949 0.357332 0.365707 0.366871 0.456195 
0.135137 0.166563 0.258585 0.300154 0.309598 0.331949 0.357332 0.365707 0.366871 0.456195 
0.135137 0.166563 0.258585 0.300154 0.309598 0.331949 0.357332 0.365707 0.366871 0.456195 
0.135137 0.166563 0.258585 0.300154 0.309598 0.331949 0.357332 0.365707 0.366871 0.456195 
0.135137 0.166563 0.258585 0.300154 0.309598 0.331949 0.357332 0.365707 0.366871 0.456195 
0.135137 0.166563 0.258585 0.300154 0.309598 0.331949 0.357332 0.365707 0.366871 0.456195 
0.135137 0.166563 0.258585 0.300154 0.309598 0.326176 0.331949 0.357332 0.365707 0.366871 
0.135137 0.166563 0.258585 0.300154 0.309598 0.326176 0.331949 0.357332 0.359351 0.365707 
0.135137 0.166563 0.258585 0.300154 0.309598 0.326176 0.331949 0.334091 0.335981 0.357332 
0.135137 0.166563 0.258585 0.300154 0.309598 0.326176 0.331949 0.334091 0.335981 0.357332 
0.135137 0.166563 0.258585 0.287196 0.300154 0.309598 0.326176 0.331949 0.334091 0.335981 
0.135137 0.166563 0.258585 0.287196 0.300154 0.309598 0.326176 0.331949 0.334091 0.335981 
0.135137 0.166563 0.258585 0.287196 0.300154 0.30498 0.309598 0.321703 0.326176 0.331949 
0.135137 0.166563 0.258585 0.287196 0.300154 0.30498 0.309598 0.321703 0.326176 0.331949 
0.135137 0.166563 0.258585 0.287196 0.300154 0.30498 0.309598 0.321703 0.323729 0.326176 
0.135137 0.166563 0.258585 0.287196 0.300154 0.30498 0.309598 0.321703 0.323729 0.326176 
0.135137 0.166563 0.258585 0.287196 0.300154 0.30498 0.309598 0.321703 0.323729 0.326176 
0.135137 0.166563 0.258585 0.287196 0.300154 0.30498 0.309598 0.321703 0.323729 0.326176 
0.135137 0.166563 0.258585 0.287196 0.300154 0.30498 0.309598 0.321703 0.323729 0.326176 
0.135137 0.166563 0.258585 0.287196 0.300154 0.30498 0.309598 0.321703 0.323729 0.326176 
0.135137 0.166563 0.258585 0.287196 0.300154 0.30498 0.309598 0.321703 0.323729 0.326176 
0.135137 0.166563 0.209097 0.258585 0.287196 0.300154 0.30498 0.309598 0.321703 0.323729 
0.135137 0.166563 0.209097 0.258585 0.265381 0.287196 0.300154 0.30498 0.309598 0.321703 
0.135137 0.166563 0.209097 0.232937 0.258585 0.265381 0.281327 0.287196 0.300154 0.30498 
0.135137 0.166563 0.209097 0.232937 0.233578 0.258585 0.265381 0.281327 0.287196 0.300154 
0.135137 0.166563 0.209097 0.232937 0.233578 0.236696 0.258585 0.265381 0.281327 0.287196 
0.135137 0.145214 0.166563 0.199765 0.209097 0.232937 0.233578 0.236696 0.258585 0.265381 
0.135137 0.145214 0.163171 0.166563 0.199765 0.204567 0.209097 0.214384 0.232937 0.233578 
0.135137 0.145214 0.163171 0.166563 0.185832 0.199765 0.204567 0.209097 0.214384 0.232937 
0.135137 0.145214 0.156646 0.163171 0.166563 0.185832 0.188547 0.199765 0.204567 0.209097 
0.135137 0.145214 0.156646 0.163171 0.166563 0.17315 0.185832 0.188547 0.199765 0.204567 
0.135137 0.145214 0.146672 0.156646 0.163171 0.166563 0.17315 0.185832 0.188547 0.199765 
0.135137 0.145214 0.146672 0.156646 0.163171 0.166563 0.17315 0.185832 0.188547 0.199765 
0.135137 0.145214 0.146672 0.148739 0.156646 0.163171 0.166563 0.17315 0.185832 0.188547 
0.135137 0.145214 0.146672 0.148739 0.156646 0.163171 0.166563 0.17315 0.185832 0.188547 
