3.13065 4.35262 5.4653 6.63989 6.66704 8.1114 9.10153 9.19598 9.20596 9.22605 
2.97727 3.13065 3.13696 4.35262 4.56002 5.4653 6.63989 6.66704 7.47201 7.8277 
2.97727 3.13065 3.13696 4.35262 4.56002 5.4653 6.63989 6.66704 7.47201 7.8277 
2.97727 3.13065 3.13696 4.35262 4.56002 5.4653 5.90676 6.12656 6.63989 6.66704 
2.97727 3.13065 3.13696 3.45709 4.35262 4.56002 4.96722 5.4653 5.90676 6.12656 
2.97727 3.13065 3.13696 3.45709 4.35262 4.56002 4.63868 4.96722 5.4653 5.70898 
2.62514 2.97727 3.13065 3.13696 3.23377 3.45709 3.89838 3.91522 4.35262 4.50401 
2.62514 2.97727 3.13065 3.13696 3.23377 3.45709 3.80419 3.89838 3.91522 4.35262 
2.50414 2.62514 2.97727 3.13065 3.13696 3.23377 3.26079 3.45709 3.80419 3.89838 
2.50414 2.62514 2.97727 3.13065 3.13696 3.23377 3.26079 3.45709 3.80419 3.89838 
1.50041 2.50414 2.62514 2.97727 3.13065 3.13641 3.13696 3.15154 3.23377 3.26079 
1.50041 2.50414 2.62514 2.97727 3.13065 3.13641 3.13696 3.15154 3.23377 3.26079 
1.50041 2.50414 2.62514 2.97727 3.13065 3.13641 3.13696 3.15154 3.23377 3.26079 
1.50041 2.50414 2.62514 2.87499 2.97727 3.0066 3.13065 3.13641 3.13696 3.15154 
1.50041 2.50414 2.62514 2.87499 2.97727 3.0066 3.13065 3.13641 3.13696 3.15154 
1.50041 2.50414 2.62514 2.87499 2.97727 3.0066 3.13065 3.13641 3.13696 3.15154 
1.50041 2.50414 2.62514 2.87499 2.97727 3.0066 3.13065 3.13641 3.13696 3.15154 
1.50041 2.50414 2.60543 2.62514 2.87499 2.97727 3.0066 3.13065 3.13641 3.13696 
1.50041 2.50414 2.60543 2.62514 2.87499 2.97727 3.0066 3.13065 3.13641 3.13696 
1.50041 2.50414 2.60543 2.62514 2.87499 2.97727 3.0066 3.13065 3.13641 3.13696 
1.50041 2.50414 2.58403 2.60543 2.62514 2.83036 2.87499 2.97727 3.0066 3.13065 
1.50041 2.50414 2.58403 2.60543 2.62514 2.81642 2.83036 2.87499 2.97727 3.0066 
1.50041 2.50414 2.58403 2.60543 2.62514 2.74201 2.81642 2.83036 2.87499 2.97727 
1.50041 2.50414 2.58403 2.60543 2.62514 2.74201 2.81642 2.83036 2.87499 2.97727 
1.50041 2.50414 2.58403 2.60543 2.62514 2.74201 2.81642 2.83036 2.87499 2.91456 
1.50041 2.49214 2.50414 2.58403 2.60543 2.62514 2.74201 2.81642 2.83036 2.87499 
1.50041 2.49214 2.50414 2.58403 2.60543 2.62514 2.74201 2.81642 2.83036 2.87499 
0.785164 1.50041 2.49214 2.50414 2.58403 2.60543 2.62514 2.74201 2.81642 2.83036 
0.657353 0.785164 1.19029 1.50041 2.49214 2.50414 2.58403 2.60543 2.62514 2.69553 
0.657353 0.785164 1.19029 1.50041 2.49214 2.50414 2.58403 2.60543 2.62514 2.69553 
0.657353 0.785164 1.19029 1.44885 1.50041 2.49214 2.50414 2.58403 2.60543 2.62514 
0.592259 0.657353 0.785164 1.19029 1.44885 1.50041 2.49214 2.50414 2.58403 2.60543 
0.592259 0.657353 0.785164 0.900485 1.19029 1.44885 1.50041 2.49214 2.50414 2.58403 
0.592259 0.657353 0.785164 0.900485 1.02462 1.19029 1.44885 1.50041 2.49214 2.50414 
0.592259 0.657353 0.785164 0.900485 1.02462 1.19029 1.44885 1.50041 2.1654 2.49214 
0.592259 0.657353 0.785164 0.900485 1.02462 1.19029 1.42242 1.44885 1.50041 1.71059 
0.592259 0.657353 0.785164 0.900485 1.02462 1.19029 1.42242 1.44885 1.50041 1.63567 
0.592259 0.657353 0.785164 0.900485 1.02462 1.19029 1.42242 1.44885 1.50041 1.63567 
0.592259 0.657353 0.689632 0.785164 0.900485 1.02462 1.19029 1.42242 1.44885 1.50041 
0.592259 0.657353 0.689632 0.785164 0.900485 1.02462 1.19029 1.42242 1.44885 1.50041 
0.592259 0.657353 0.689632 0.785164 0.900485 1.02462 1.19029 1.42242 1.44885 1.50041 
0.592259 0.657353 0.689632 0.785164 0.900485 1.02462 1.19029 1.42242 1.44885 1.50041 
0.592259 0.657353 0.689632 0.785164 0.900485 1.02462 1.19029 1.36977 1.42242 1.44885 
0.592259 0.657353 0.689632 0.785164 0.900485 1.02462 1.19029 1.36977 1.42242 1.44885 
0.592259 0.657353 0.689632 0.785164 0.900485 1.02462 1.19029 1.36977 1.42242 1.44885 
0.182765 0.592259 0.657353 0.689632 0.785164 0.900485 1.02462 1.19029 1.36977 1.42242 
0.182765 0.592259 0.620369 0.657353 0.689632 0.785164 0.900485 1.02462 1.19029 1.36977 
0.182765 0.592259 0.620369 0.657353 0.689632 0.785164 0.900485 1.02462 1.19029 1.36977 
0.182765 0.592259 0.620369 0.657353 0.689632 0.785164 0.900485 1.02462 1.19029 1.3608 
0.182765 0.592259 0.620369 0.657353 0.689632 0.785164 0.900485 1.02462 1.19029 1.3608 
0.182765 0.592259 0.620369 0.657353 0.689632 0.785164 0.900485 1.02462 1.19029 1.3608 
0.182765 0.592259 0.620369 0.657353 0.689632 0.785164 0.900485 1.02462 1.11694 1.19029 
0.182765 0.592259 0.620369 0.657353 0.689632 0.785164 0.900485 1.02462 1.11694 1.19029 
0.182765 0.592259 0.620369 0.657353 0.689632 0.785164 0.900485 1.02462 1.11694 1.19029 
0.182765 0.592259 0.620369 0.657353 0.689632 0.785164 0.900485 1.02462 1.11694 1.19029 
0.182765 0.592259 0.620369 0.657353 0.689632 0.785164 0.900485 1.02462 1.11694 1.19029 
0.182765 0.592259 0.620369 0.657353 0.689632 0.785164 0.900485 1.02462 1.11694 1.19029 
0.182765 0.592259 0.620369 0.657353 0.689632 0.785164 0.900485 1.02462 1.11694 1.19029 
0.182765 0.592259 0.620369 0.657353 0.689632 0.785164 0.900485 1.02462 1.11694 1.19029 
0.182765 0.592259 0.620369 0.657353 0.689632 0.785164 0.900485 1.02462 1.11694 1.19029 
0.182765 0.592259 0.620369 0.657353 0.689632 0.785164 0.900485 1.02462 1.11694 1.19029 
0.182765 0.592259 0.620369 0.657353 0.689632 0.785164 0.900485 1.02462 1.11694 1.19029 
0.182765 0.592259 0.620369 0.657353 0.689632 0.785164 0.900485 1.02462 1.11694 1.19029 
0.182765 0.592259 0.620369 0.657353 0.689632 0.785164 0.900485 1.02462 1.11694 1.19029 
0.182765 0.592259 0.620369 0.657353 0.689632 0.785164 0.900485 1.02462 1.11694 1.19029 
0.182765 0.592259 0.620369 0.657353 0.689632 0.785164 0.900485 1.02462 1.11694 1.19029 
0.182765 0.592259 0.620369 0.657353 0.689632 0.785164 0.900485 1.02462 1.11694 1.19029 
0.182765 0.592259 0.620369 0.657353 0.689632 0.785164 0.900485 1.02462 1.11694 1.19029 
0.182765 0.592259 0.620369 0.657353 0.689632 0.785164 0.900485 1.02462 1.11694 1.19029 
0.182765 0.592259 0.620369 0.657353 0.689632 0.785164 0.900485 1.02462 1.11694 1.19029 
0.182765 0.592259 0.620369 0.657353 0.689632 0.785164 0.900485 1.02462 1.11694 1.19029 
0.182765 0.592259 0.620369 0.657353 0.689632 0.785164 0.900485 1.02462 1.11694 1.19029 
0.182765 0.592259 0.620369 0.657353 0.689632 0.785164 0.900485 1.02462 1.11694 1.19029 
0.182765 0.592259 0.620369 0.657353 0.689632 0.785164 0.900485 1.02462 1.11694 1.19029 
0.182765 0.592259 0.620369 0.657353 0.689632 0.785164 0.900485 1.02462 1.11694 1.19029 
0.182765 0.592259 0.620369 0.657353 0.689632 0.785164 0.900485 1.02462 1.11694 1.19029 
0.182765 0.592259 0.620369 0.657353 0.689632 0.785164 0.900485 1.02462 1.11694 1.19029 
0.182765 0.592259 0.620369 0.657353 0.689632 0.785164 0.900485 1.02462 1.11694 1.19029 
0.182765 0.592259 0.620369 0.657353 0.689632 0.785164 0.900485 1.02462 1.11694 1.19029 
0.182765 0.592259 0.620369 0.657353 0.689632 0.785164 0.900485 1.02462 1.11694 1.19029 
0.182765 0.592259 0.620369 0.657353 0.689632 0.785164 0.900485 1.02462 1.11694 1.19029 
0.182765 0.592259 0.620369 0.657353 0.689632 0.785164 0.900485 1.02462 1.11694 1.19029 
0.182765 0.592259 0.620369 0.657353 0.689632 0.785164 0.900485 1.02462 1.11694 1.19029 
0.182765 0.592259 0.620369 0.657353 0.689632 0.785164 0.900485 1.02462 1.11694 1.19029 
0.182765 0.592259 0.620369 0.657353 0.689632 0.785164 0.900485 1.02462 1.11694 1.19029 
0.182765 0.592259 0.620369 0.657353 0.689632 0.785164 0.900485 1.02462 1.11694 1.19029 
0.182765 0.592259 0.620369 0.657353 0.689632 0.785164 0.900485 1.02462 1.11694 1.19029 
0.182765 0.592259 0.620369 0.657353 0.689632 0.785164 0.900485 1.02462 1.11694 1.19029 
0.182765 0.592259 0.620369 0.657353 0.689632 0.785164 0.900485 1.02462 1.11694 1.19029 
0.182765 0.592259 0.620369 0.657353 0.689632 0.785164 0.900485 1.02462 1.11694 1.19029 
0.182765 0.592259 0.620369 0.657353 0.689632 0.785164 0.900485 1.02462 1.11694 1.19029 
0.182765 0.592259 0.620369 0.657353 0.689632 0.785164 0.900485 1.02462 1.11694 1.19029 
0.182765 0.592259 0.620369 0.657353 0.689632 0.785164 0.900485 1.02462 1.11694 1.19029 
0.182765 0.592259 0.620369 0.657353 0.689632 0.785164 0.900485 1.02462 1.11694 1.19029 
0.182765 0.592259 0.620369 0.657353 0.689632 0.785164 0.900485 1.02462 1.11694 1.19029 
0.182765 0.592259 0.620369 0.657353 0.689632 0.785164 0.900485 1.02462 1.11694 1.19029 
0.182765 0.592259 0.620369 0.657353 0.689632 0.785164 0.900485 1.02462 1.11694 1.19029 
0.182765 0.592259 0.620369 0.657353 0.689632 0.785164 0.900485 1.02462 1.11694 1.19029 
0.182765 0.592259 0.620369 0.657353 0.689632 0.785164 0.900485 1.02462 1.11694 1.19029 
0.182765 0.592259 0.620369 0.657353 0.689632 0.785164 0.900485 1.02462 1.11694 1.19029 
