2.97079 3.42968 4.01841 4.05062 4.43582 4.85444 5.26709 5.98125 6.38869 6.39294 
2.97079 3.42968 4.01841 4.05062 4.43582 4.85444 5.09103 5.26709 5.98125 6.38869 
2.97079 3.42968 4.01841 4.05062 4.43582 4.85444 5.09103 5.26709 5.82078 5.85916 
2.97079 3.42968 3.4956 4.01841 4.05062 4.43582 4.85444 5.09103 5.26709 5.26978 
2.97079 3.42968 3.4956 3.90841 4.01841 4.05062 4.11548 4.43582 4.67921 4.85444 
2.97079 3.23203 3.37079 3.42968 3.4956 3.90841 4.01841 4.05062 4.11548 4.43582 
1.89305 2.97079 3.23203 3.37079 3.42968 3.4956 3.90841 4.01841 4.05062 4.11548 
1.89305 2.6751 2.97079 3.23203 3.37079 3.42968 3.4956 3.90841 4.01841 4.05062 
1.89305 2.6751 2.97079 3.23203 3.37079 3.42968 3.4956 3.90841 4.01841 4.05062 
1.89305 2.6751 2.97079 3.23203 3.30239 3.37079 3.42968 3.4956 3.79065 3.90841 
1.89305 2.6751 2.97079 3.23203 3.30239 3.37079 3.42968 3.4956 3.79065 3.90841 
1.89305 2.64087 2.6751 2.97079 3.23203 3.30239 3.37079 3.42968 3.4956 3.79065 
1.89305 2.64087 2.6751 2.97079 3.23203 3.30239 3.37079 3.39706 3.4268 3.42968 
1.89305 2.64087 2.6751 2.97079 3.10563 3.23203 3.30239 3.37079 3.39706 3.4268 
1.89305 2.64087 2.6751 2.97079 3.10563 3.23203 3.30239 3.37079 3.39706 3.4268 
1.89305 2.64087 2.6751 2.97079 3.10563 3.23203 3.30239 3.37079 3.39706 3.4268 
1.89305 2.64087 2.6751 2.97079 3.10563 3.23203 3.30239 3.37079 3.39706 3.4268 
1.89305 2.64087 2.6751 2.97079 3.10563 3.23203 3.30239 3.37079 3.39706 3.4268 
1.54836 1.89305 2.64087 2.6751 2.97079 3.10563 3.23203 3.30239 3.37079 3.39706 
1.54836 1.89305 2.64087 2.6751 2.97079 3.10563 3.23203 3.30239 3.37079 3.39706 
1.54836 1.89305 2.614 2.64087 2.6751 2.97079 3.10563 3.23203 3.30239 3.37079 
1.54836 1.89305 2.614 2.64087 2.6751 2.97079 3.10563 3.15616 3.23203 3.28183 
1.54836 1.89305 2.614 2.64087 2.6751 2.97079 3.10563 3.14413 3.15616 3.17882 
1.54836 1.89305 2.614 2.64087 2.6751 2.97079 3.10563 3.14413 3.15616 3.17882 
1.54836 1.89305 2.614 2.64087 2.6751 2.97079 3.03131 3.10563 3.14413 3.15616 
1.54836 1.89305 2.614 2.64087 2.6751 2.80115 2.97079 3.03131 3.10563 3.14413 
1.54836 1.89305 2.614 2.64087 2.6751 2.75166 2.80115 2.97079 3.03131 3.10563 
1.54836 1.89305 2.614 2.64087 2.6751 2.75166 2.80115 2.84833 2.97079 3.03131 
1.54836 1.89305 2.18742 2.5775 2.614 2.64087 2.6751 2.75166 2.80115 2.84833 
1.54836 1.89305 2.18742 2.5775 2.614 2.64087 2.6751 2.68489 2.68706 2.75166 
1.54836 1.89305 2.18742 2.5775 2.614 2.64087 2.6751 2.68489 2.68706 2.70909 
1.54836 1.68001 1.89305 2.18742 2.5775 2.59597 2.614 2.63967 2.64087 2.6751 
0.697536 1.54836 1.68001 1.89305 2.18742 2.5775 2.59119 2.59597 2.614 2.63967 
0.697536 0.733275 1.54836 1.68001 1.80274 1.89305 2.04191 2.18742 2.5775 2.59119 
0.697536 0.733275 1.54836 1.68001 1.80274 1.89305 2.04191 2.18742 2.5775 2.59119 
0.697536 0.733275 1.54836 1.68001 1.80274 1.89305 2.04191 2.18742 2.44868 2.5775 
0.697536 0.733275 1.54836 1.68001 1.80274 1.89305 2.04191 2.18742 2.35197 2.37361 
0.697536 0.733275 1.54836 1.59216 1.68001 1.80274 1.89305 2.04191 2.18742 2.35197 
0.697536 0.733275 1.39562 1.54836 1.59216 1.68001 1.80274 1.89305 2.04191 2.18742 
0.697536 0.733275 1.39562 1.54836 1.59216 1.68001 1.80274 1.89305 2.02665 2.04191 
0.396275 0.697536 0.733275 1.39562 1.54836 1.59216 1.68001 1.80274 1.89305 2.02665 
0.396275 0.697536 0.733275 1.39562 1.54836 1.59216 1.68001 1.80274 1.89305 2.02665 
0.396275 0.697536 0.733275 1.39562 1.54836 1.59216 1.68001 1.80274 1.89305 1.99527 
0.396275 0.697536 0.733275 1.39562 1.54836 1.59216 1.68001 1.80274 1.85298 1.89305 
0.396275 0.697536 0.733275 1.39562 1.54836 1.59216 1.68001 1.73989 1.80274 1.85298 
0.396275 0.697536 0.733275 1.39562 1.54836 1.59216 1.68001 1.73989 1.80274 1.85298 
0.396275 0.651652 0.697536 0.733275 1.21735 1.39562 1.54836 1.59216 1.68001 1.72861 
0.396275 0.576272 0.651652 0.697536 0.733275 1.21735 1.39562 1.54836 1.59216 1.68001 
0.396275 0.576272 0.651652 0.697536 0.733275 1.21735 1.39562 1.54836 1.59216 1.68001 
0.396275 0.576272 0.651652 0.697536 0.733275 0.842501 1.21735 1.23174 1.39562 1.54836 
0.396275 0.576272 0.651652 0.697536 0.733275 0.842501 1.21735 1.23174 1.39562 1.54836 
0.396275 0.576272 0.651652 0.697536 0.733275 0.842501 0.898522 1.21735 1.23174 1.39562 
0.396275 0.576272 0.651652 0.665994 0.697536 0.733275 0.781379 0.842501 0.898522 1.21735 
0.396275 0.576272 0.651652 0.665994 0.697536 0.733275 0.781379 0.842501 0.898522 1.11603 
0.396275 0.576272 0.651652 0.665994 0.697536 0.733275 0.781379 0.842501 0.898522 1.11603 
0.396275 0.576272 0.651652 0.665994 0.689913 0.697536 0.733275 0.781379 0.842501 0.898522 
0.396275 0.576272 0.651652 0.665994 0.689913 0.697536 0.733275 0.781379 0.842501 0.898522 
0.396275 0.576272 0.651652 0.665994 0.689913 0.697536 0.733275 0.781379 0.842501 0.898522 
0.396275 0.576272 0.651652 0.665994 0.689913 0.697536 0.733275 0.781379 0.842501 0.898522 
0.396275 0.576272 0.651652 0.665994 0.689913 0.697536 0.733275 0.781379 0.842501 0.898522 
0.396275 0.576272 0.651652 0.665994 0.689913 0.697536 0.733275 0.781379 0.842501 0.898522 
0.396275 0.576272 0.651652 0.665994 0.689913 0.697536 0.733275 0.781379 0.799418 0.842501 
0.396275 0.576272 0.651652 0.665994 0.689913 0.697536 0.733275 0.781379 0.799418 0.842501 
0.396275 0.576272 0.651652 0.665994 0.689913 0.697536 0.733275 0.781379 0.799418 0.842501 
0.396275 0.576272 0.651652 0.665994 0.689913 0.697536 0.733275 0.781379 0.799418 0.842501 
0.396275 0.576272 0.651652 0.665994 0.689913 0.697536 0.733275 0.781379 0.799418 0.842501 
0.396275 0.576272 0.651652 0.665994 0.689913 0.697536 0.733275 0.781379 0.799418 0.842501 
0.396275 0.576272 0.651652 0.665994 0.689913 0.697536 0.733275 0.781379 0.799418 0.842501 
0.396275 0.576272 0.651652 0.665994 0.689913 0.697536 0.733275 0.781379 0.799418 0.842501 
0.396275 0.576272 0.651652 0.665994 0.689913 0.697536 0.733275 0.781379 0.799418 0.842501 
0.396275 0.576272 0.651652 0.665994 0.689913 0.697536 0.733275 0.781379 0.799418 0.842501 
0.396275 0.576272 0.651652 0.665994 0.689913 0.697536 0.733275 0.781379 0.799418 0.842501 
0.396275 0.576272 0.651652 0.665994 0.689913 0.697536 0.733275 0.781379 0.799418 0.842501 
0.396275 0.576272 0.651652 0.665994 0.689913 0.697536 0.733275 0.781379 0.799418 0.842501 
0.396275 0.576272 0.651652 0.665994 0.689913 0.697536 0.733275 0.781379 0.799418 0.842501 
0.396275 0.576272 0.651652 0.665994 0.689913 0.697536 0.733275 0.781379 0.799418 0.842501 
0.396275 0.576272 0.651652 0.665994 0.689913 0.697536 0.733275 0.781379 0.799418 0.842501 
0.396275 0.576272 0.651652 0.665994 0.689913 0.697536 0.733275 0.781379 0.799418 0.842501 
0.396275 0.576272 0.651652 0.665994 0.689913 0.697536 0.733275 0.781379 0.799418 0.842501 
0.396275 0.576272 0.651652 0.665994 0.689913 0.697536 0.733275 0.781379 0.799418 0.842501 
0.396275 0.576272 0.651652 0.665994 0.689913 0.697536 0.733275 0.781379 0.799418 0.842501 
0.396275 0.576272 0.651652 0.665994 0.689913 0.697536 0.733275 0.781379 0.799418 0.842501 
0.396275 0.576272 0.651652 0.665994 0.689913 0.697536 0.733275 0.781379 0.799418 0.842501 
0.396275 0.576272 0.651652 0.665994 0.689913 0.697536 0.733275 0.781379 0.799418 0.842501 
0.396275 0.576272 0.651652 0.665994 0.689913 0.697536 0.733275 0.781379 0.799418 0.842501 
0.396275 0.576272 0.651652 0.665994 0.689913 0.697536 0.733275 0.781379 0.799418 0.842501 
0.396275 0.576272 0.651652 0.665994 0.689913 0.697536 0.733275 0.781379 0.799418 0.842501 
0.396275 0.576272 0.651652 0.665994 0.689913 0.697536 0.733275 0.781379 0.799418 0.842501 
0.396275 0.576272 0.651652 0.665994 0.689913 0.697536 0.733275 0.781379 0.799418 0.842501 
0.396275 0.576272 0.651652 0.665994 0.689913 0.697536 0.733275 0.781379 0.799418 0.842501 
0.396275 0.576272 0.651652 0.665994 0.689913 0.697536 0.733275 0.781379 0.799418 0.842501 
0.396275 0.576272 0.651652 0.665994 0.689913 0.697536 0.733275 0.781379 0.799418 0.842501 
0.396275 0.576272 0.651652 0.665994 0.689913 0.697536 0.733275 0.781379 0.799418 0.842501 
0.396275 0.576272 0.651652 0.665994 0.689913 0.697536 0.733275 0.781379 0.799418 0.842501 
0.396275 0.576272 0.651652 0.665994 0.689913 0.697536 0.733275 0.781379 0.799418 0.842501 
0.396275 0.576272 0.651652 0.665994 0.689913 0.697536 0.733275 0.781379 0.799418 0.842501 
0.396275 0.576272 0.651652 0.665994 0.689913 0.697536 0.733275 0.781379 0.799418 0.842501 
0.396275 0.576272 0.651652 0.665994 0.689913 0.697536 0.733275 0.781379 0.799418 0.842501 
0.396275 0.576272 0.651652 0.665994 0.689913 0.697536 0.733275 0.781379 0.799418 0.842501 
0.396275 0.576272 0.651652 0.665994 0.689913 0.697536 0.733275 0.781379 0.799418 0.842501 
