2.56465 3.25391 3.28266 3.42948 3.47205 4.10902 4.51376 5.01663 5.74878 7.13529 
2.19944 2.56465 3.04786 3.25391 3.28266 3.42948 3.47205 4.10902 4.24155 4.51376 
2.19944 2.26411 2.56465 3.04786 3.25391 3.28266 3.42948 3.47205 4.10902 4.24155 
2.19944 2.26411 2.26539 2.56465 2.86842 3.04786 3.25391 3.28266 3.42948 3.47205 
2.19944 2.26411 2.26539 2.56465 2.86842 2.90572 3.04786 3.14736 3.1598 3.25391 
0.854358 2.19944 2.26411 2.26539 2.56465 2.86842 2.90572 3.04786 3.14736 3.1598 
0.854358 1.62758 2.19944 2.26411 2.26539 2.56465 2.86842 2.90572 3.04786 3.14736 
0.854358 1.62758 2.19944 2.26411 2.26539 2.38525 2.48814 2.56465 2.75877 2.86842 
0.854358 1.18113 1.62758 2.19944 2.26411 2.26539 2.38525 2.48814 2.48971 2.56465 
0.854358 1.18113 1.21996 1.49951 1.62758 2.19944 2.26411 2.26539 2.38525 2.48814 
0.854358 1.18113 1.21996 1.49951 1.62758 1.77097 2.19944 2.26411 2.26539 2.38525 
0.854358 1.18113 1.21996 1.49951 1.62758 1.77097 1.80906 2.19944 2.26411 2.26539 
0.854358 1.18113 1.21996 1.49951 1.62758 1.77097 1.80906 2.19944 2.26411 2.26539 
0.854358 1.18113 1.21996 1.49951 1.62758 1.77097 1.80906 2.02878 2.19944 2.26411 
0.854358 1.18113 1.21996 1.49951 1.62758 1.77097 1.80906 2.02878 2.19944 2.26411 
0.854358 1.18113 1.21996 1.49951 1.62758 1.77097 1.80906 2.02878 2.19944 2.20304 
0.854358 1.18113 1.21996 1.49951 1.62758 1.77097 1.80906 2.02878 2.19944 2.20304 
0.854358 1.18113 1.21996 1.49951 1.62758 1.77097 1.80906 2.02878 2.19944 2.20304 
0.224069 0.854358 1.18113 1.21996 1.49951 1.62758 1.77097 1.80906 2.02878 2.19944 
0.224069 0.854358 1.18113 1.21996 1.49951 1.62758 1.77097 1.80906 2.02878 2.19944 
0.0514408 0.224069 0.854358 1.18113 1.21996 1.49951 1.62758 1.77097 1.80906 2.02878 
0.0514408 0.224069 0.854358 1.18113 1.21996 1.49951 1.62758 1.77097 1.80906 1.94767 
0.0514408 0.224069 0.43674 0.854358 1.18113 1.21996 1.45171 1.49951 1.62758 1.77097 
0.0514408 0.224069 0.43674 0.854358 1.18113 1.21996 1.29788 1.45171 1.49951 1.52973 
0.0514408 0.224069 0.43674 0.806057 0.854358 1.18113 1.21192 1.21996 1.29788 1.32918 
0.0514408 0.224069 0.43674 0.806057 0.854358 1.18113 1.21192 1.21996 1.22741 1.29788 
0.0514408 0.224069 0.43674 0.806057 0.854358 1.18113 1.21192 1.21996 1.22741 1.29788 
0.0514408 0.224069 0.43674 0.806057 0.854358 1.02203 1.18113 1.21192 1.21996 1.22741 
0.0514408 0.224069 0.239955 0.43674 0.514278 0.806057 0.854358 1.02203 1.18113 1.21192 
0.0514408 0.224069 0.239955 0.289918 0.43674 0.514278 0.806057 0.854358 1.02203 1.18113 
0.0514408 0.224069 0.239955 0.289918 0.43674 0.514278 0.567635 0.806057 0.854358 1.02203 
0.0514408 0.224069 0.239955 0.289918 0.43674 0.514278 0.55293 0.567635 0.779035 0.806057 
0.0514408 0.224069 0.239955 0.289918 0.43674 0.514278 0.55293 0.567635 0.779035 0.78964 
0.0514408 0.131787 0.224069 0.239955 0.289918 0.43674 0.514278 0.55293 0.567635 0.779035 
0.0514408 0.131787 0.224069 0.239955 0.289918 0.43674 0.514278 0.55293 0.567635 0.69117 
0.0514408 0.131787 0.224069 0.239955 0.289918 0.43674 0.514278 0.55293 0.567635 0.661424 
0.0514408 0.131787 0.224069 0.239955 0.289918 0.43674 0.514278 0.55293 0.567635 0.661424 
0.0514408 0.131787 0.224069 0.239955 0.254217 0.289918 0.43674 0.514278 0.55293 0.567635 
0.0514408 0.131787 0.224069 0.239955 0.254217 0.289918 0.43674 0.514278 0.55293 0.567635 
0.0514408 0.131787 0.224069 0.239955 0.254217 0.289918 0.43674 0.514278 0.55293 0.567635 
0.0514408 0.131787 0.224069 0.239955 0.254217 0.289918 0.43674 0.514278 0.55293 0.555355 
0.0514408 0.131787 0.224069 0.239955 0.254217 0.289918 0.43674 0.514278 0.55293 0.555355 
0.0514408 0.131787 0.178313 0.224069 0.239955 0.254217 0.289918 0.43674 0.514278 0.55293 
0.0514408 0.0514778 0.131787 0.178313 0.224069 0.239955 0.254217 0.289918 0.43674 0.514278 
0.0514408 0.0514778 0.131787 0.178313 0.224069 0.239955 0.254217 0.289918 0.43674 0.514278 
0.0514408 0.0514778 0.131787 0.178313 0.224069 0.239955 0.254217 0.289918 0.43674 0.514278 
0.0514408 0.0514778 0.131787 0.178313 0.224069 0.239955 0.254217 0.289918 0.43674 0.514278 
0.0514408 0.0514778 0.131787 0.178313 0.224069 0.239955 0.254217 0.289918 0.43674 0.514278 
0.0514408 0.0514778 0.131787 0.178313 0.224069 0.239955 0.254217 0.289918 0.43674 0.514278 
0.0514408 0.0514778 0.131787 0.178313 0.224069 0.239955 0.254217 0.289918 0.43674 0.514278 
0.0514408 0.0514778 0.131787 0.178313 0.224069 0.239955 0.254217 0.289918 0.43674 0.514278 
0.0514408 0.0514778 0.131787 0.178313 0.224069 0.239955 0.254217 0.289918 0.43674 0.514278 
0.0514408 0.0514778 0.131787 0.178313 0.224069 0.239955 0.254217 0.289918 0.43674 0.514278 
0.0514408 0.0514778 0.131787 0.178313 0.224069 0.239955 0.254217 0.289918 0.43674 0.514278 
0.0514408 0.0514778 0.131787 0.178313 0.224069 0.239955 0.254217 0.289918 0.43674 0.514278 
0.0514408 0.0514778 0.131787 0.178313 0.224069 0.239955 0.254217 0.289918 0.43674 0.514278 
0.0514408 0.0514778 0.131787 0.178313 0.224069 0.239955 0.254217 0.289918 0.43674 0.514278 
0.0514408 0.0514778 0.131787 0.178313 0.224069 0.239955 0.254217 0.289918 0.43674 0.514278 
0.0514408 0.0514778 0.131787 0.178313 0.224069 0.239955 0.254217 0.289918 0.43674 0.514278 
0.0514408 0.0514778 0.131787 0.178313 0.224069 0.239955 0.254217 0.289918 0.43674 0.514278 
0.0514408 0.0514778 0.131787 0.178313 0.224069 0.239955 0.254217 0.289918 0.43674 0.514278 
0.0514408 0.0514778 0.131787 0.178313 0.224069 0.239955 0.254217 0.289918 0.43674 0.514278 
0.0514408 0.0514778 0.131787 0.178313 0.224069 0.239955 0.254217 0.289918 0.43674 0.514278 
0.0514408 0.0514778 0.131787 0.178313 0.224069 0.239955 0.254217 0.289918 0.43674 0.514278 
0.0514408 0.0514778 0.131787 0.178313 0.224069 0.239955 0.254217 0.289918 0.43674 0.514278 
0.0514408 0.0514778 0.131787 0.178313 0.224069 0.239955 0.254217 0.289918 0.43674 0.514278 
0.0514408 0.0514778 0.131787 0.178313 0.224069 0.239955 0.254217 0.289918 0.43674 0.514278 
0.0514408 0.0514778 0.131787 0.178313 0.224069 0.239955 0.254217 0.289918 0.43674 0.514278 
0.0514408 0.0514778 0.131787 0.178313 0.224069 0.239955 0.254217 0.289918 0.43674 0.514278 
0.0514408 0.0514778 0.131787 0.178313 0.224069 0.239955 0.254217 0.289918 0.43674 0.514278 
0.0514408 0.0514778 0.131787 0.178313 0.224069 0.239955 0.254217 0.289918 0.43674 0.514278 
0.0514408 0.0514778 0.131787 0.178313 0.224069 0.239955 0.254217 0.289918 0.43674 0.514278 
0.0514408 0.0514778 0.131787 0.178313 0.224069 0.239955 0.254217 0.289918 0.43674 0.514278 
0.0514408 0.0514778 0.131787 0.178313 0.224069 0.239955 0.254217 0.289918 0.43674 0.514278 
0.0514408 0.0514778 0.131787 0.178313 0.224069 0.239955 0.254217 0.289918 0.43674 0.514278 
0.0514408 0.0514778 0.131787 0.178313 0.224069 0.239955 0.254217 0.289918 0.43674 0.514278 
0.0514408 0.0514778 0.131787 0.178313 0.224069 0.239955 0.254217 0.289918 0.43674 0.514278 
0.0514408 0.0514778 0.131787 0.178313 0.224069 0.239955 0.254217 0.289918 0.43674 0.514278 
0.0514408 0.0514778 0.131787 0.178313 0.224069 0.239955 0.254217 0.289918 0.43674 0.514278 
0.0514408 0.0514778 0.131787 0.178313 0.224069 0.239955 0.254217 0.289918 0.43674 0.514278 
0.0514408 0.0514778 0.131787 0.178313 0.224069 0.239955 0.254217 0.289918 0.43674 0.514278 
0.0514408 0.0514778 0.131787 0.178313 0.224069 0.239955 0.254217 0.289918 0.43674 0.514278 
0.0514408 0.0514778 0.131787 0.178313 0.224069 0.239955 0.254217 0.289918 0.43674 0.514278 
0.0514408 0.0514778 0.131787 0.178313 0.224069 0.239955 0.254217 0.289918 0.43674 0.514278 
0.0514408 0.0514778 0.131787 0.178313 0.224069 0.239955 0.254217 0.289918 0.43674 0.514278 
0.0514408 0.0514778 0.131787 0.178313 0.224069 0.239955 0.254217 0.289918 0.43674 0.514278 
0.0514408 0.0514778 0.131787 0.178313 0.224069 0.239955 0.254217 0.289918 0.43674 0.514278 
0.0514408 0.0514778 0.131787 0.178313 0.224069 0.239955 0.254217 0.289918 0.43674 0.514278 
0.0514408 0.0514778 0.131787 0.178313 0.224069 0.239955 0.254217 0.289918 0.43674 0.514278 
0.0514408 0.0514778 0.131787 0.178313 0.224069 0.239955 0.254217 0.289918 0.43674 0.514278 
0.0514408 0.0514778 0.131787 0.178313 0.224069 0.239955 0.254217 0.289918 0.43674 0.514278 
0.0514408 0.0514778 0.131787 0.178313 0.224069 0.239955 0.254217 0.289918 0.43674 0.514278 
0.0514408 0.0514778 0.131787 0.178313 0.224069 0.239955 0.254217 0.289918 0.43674 0.514278 
0.0514408 0.0514778 0.131787 0.178313 0.224069 0.239955 0.254217 0.289918 0.43674 0.514278 
0.0514408 0.0514778 0.131787 0.178313 0.224069 0.239955 0.254217 0.289918 0.43674 0.514278 
0.0514408 0.0514778 0.131787 0.178313 0.224069 0.239955 0.254217 0.289918 0.43674 0.514278 
0.0514408 0.0514778 0.131787 0.178313 0.224069 0.239955 0.254217 0.289918 0.43674 0.514278 
0.0514408 0.0514778 0.131787 0.178313 0.224069 0.239955 0.254217 0.289918 0.43674 0.514278 
0.0514408 0.0514778 0.131787 0.178313 0.224069 0.239955 0.254217 0.289918 0.43674 0.514278 
0.0514408 0.0514778 0.131787 0.178313 0.224069 0.239955 0.254217 0.289918 0.43674 0.514278 
