4.93604 6.30724 6.4314 7.24478 7.3439 8.24837 8.297 8.51942 8.60893 8.62955 
4.93604 5.4217 5.44523 5.51263 6.30724 6.4314 7.11066 7.24478 7.3439 7.6765 
4.93604 5.4217 5.44523 5.51263 6.30724 6.4314 7.11066 7.24478 7.3439 7.59517 
4.93604 5.4217 5.44523 5.51263 6.30724 6.4314 6.92464 7.11066 7.14907 7.24478 
3.75949 4.93604 5.4217 5.44523 5.51263 5.63064 5.69752 6.30724 6.4314 6.92464 
3.75949 4.93604 5.4217 5.44523 5.51263 5.63064 5.69752 5.93216 6.30724 6.4314 
3.75949 4.76854 4.93604 5.4217 5.44523 5.51263 5.63064 5.69752 5.93216 6.10119 
3.75949 4.37164 4.76854 4.93604 5.4217 5.44523 5.51263 5.63064 5.69752 5.93216 
3.75949 4.37164 4.76854 4.93604 5.4217 5.44523 5.51263 5.63064 5.69752 5.93216 
3.75949 4.37164 4.76854 4.93604 5.4217 5.44523 5.51263 5.63064 5.69752 5.93216 
3.75949 4.37164 4.37641 4.76854 4.93604 5.4217 5.44523 5.51263 5.63064 5.69752 
3.75949 4.37164 4.37641 4.76854 4.93604 5.4217 5.44523 5.51263 5.63064 5.69752 
3.75949 4.37164 4.37641 4.76854 4.93604 5.4217 5.44523 5.51263 5.63064 5.69752 
3.75949 4.37164 4.37641 4.76854 4.93604 4.95639 5.4217 5.44523 5.51263 5.63064 
3.75949 4.34782 4.37164 4.37641 4.76854 4.93604 4.95639 5.4217 5.44523 5.51263 
3.75949 4.34782 4.37164 4.37641 4.76854 4.93604 4.95639 5.4217 5.44523 5.51263 
0.510588 1.92366 3.75949 4.28016 4.34782 4.37164 4.37641 4.76854 4.93604 4.95639 
0.510588 1.92366 3.48697 3.75949 3.80325 4.28016 4.34782 4.37164 4.37641 4.67144 
0.510588 1.92366 3.1181 3.48697 3.75949 3.80325 4.28016 4.34782 4.37164 4.37641 
0.510588 1.92366 3.1181 3.48697 3.75949 3.80325 4.28016 4.34782 4.37164 4.37641 
0.510588 1.92366 3.1181 3.48697 3.59209 3.67891 3.75949 3.80325 4.12212 4.28016 
0.510588 1.92366 3.1181 3.12896 3.48697 3.59209 3.67891 3.75949 3.80325 4.12212 
0.510588 1.92366 3.1181 3.12896 3.48697 3.59209 3.67891 3.75949 3.80325 4.12212 
0.510588 1.92366 3.1181 3.12896 3.48697 3.59209 3.67891 3.75949 3.80325 4.12212 
0.510588 1.92366 3.1181 3.12896 3.48697 3.59209 3.67891 3.73835 3.75949 3.80325 
0.510588 1.33575 1.92366 3.1181 3.12896 3.48697 3.5633 3.59209 3.67891 3.73835 
0.510588 1.33575 1.92366 3.1181 3.12896 3.48697 3.5633 3.59209 3.63033 3.67891 
0.510588 1.33575 1.92366 3.11421 3.1181 3.12896 3.48697 3.5633 3.59209 3.63033 
0.510588 1.33575 1.92366 2.91266 3.11421 3.1181 3.12896 3.48697 3.5633 3.59209 
0.510588 1.33575 1.92366 2.91266 3.11421 3.1181 3.12896 3.48697 3.5633 3.59209 
0.510588 1.33575 1.92366 2.91266 3.11421 3.1181 3.12896 3.25224 3.48697 3.5633 
0.510588 1.33575 1.92366 2.79784 2.91266 3.11421 3.1181 3.12896 3.25224 3.48697 
0.510588 1.33575 1.92366 2.79784 2.91266 3.11421 3.1181 3.12896 3.21805 3.25224 
0.510588 1.33575 1.92366 2.79784 2.91266 3.11421 3.1181 3.12896 3.21805 3.25224 
0.510588 1.33575 1.92366 2.79784 2.91266 3.11421 3.1181 3.12896 3.21805 3.25224 
0.510588 0.958685 1.33575 1.92366 2.79784 2.91266 3.05821 3.11421 3.1181 3.12896 
0.510588 0.958685 1.33575 1.92366 2.79784 2.91266 3.05821 3.11421 3.1181 3.12896 
0.510588 0.958685 1.33575 1.92366 2.73559 2.79784 2.91266 3.05821 3.11421 3.1181 
0.510588 0.958685 1.33575 1.69329 1.92366 2.67761 2.73559 2.79784 2.91266 3.05821 
0.510588 0.958685 1.33575 1.69329 1.92366 2.67761 2.73559 2.79784 2.91266 3.05821 
0.510588 0.958685 1.33575 1.69329 1.92366 2.67761 2.73559 2.79784 2.91266 3.05821 
0.510588 0.958685 1.33575 1.69329 1.89293 1.92366 2.67761 2.73559 2.79784 2.91266 
0.510588 0.958685 1.33575 1.69329 1.89293 1.92366 2.67761 2.73559 2.79784 2.91266 
0.510588 0.958685 1.33575 1.69329 1.89293 1.92366 2.67761 2.73559 2.79784 2.91266 
0.510588 0.958685 1.33575 1.69329 1.69812 1.89293 1.92366 2.23355 2.67761 2.73559 
0.510588 0.958685 1.33575 1.69329 1.69812 1.89293 1.92366 2.23355 2.30003 2.67761 
0.510588 0.958685 1.33575 1.69329 1.69812 1.89293 1.92366 2.23355 2.30003 2.67761 
0.510588 0.958685 1.33575 1.69329 1.69812 1.89293 1.92366 2.23355 2.30003 2.67761 
0.510588 0.958685 1.33575 1.69329 1.69812 1.89293 1.92366 2.23355 2.30003 2.67761 
0.510588 0.958685 1.33575 1.69329 1.69812 1.89293 1.92366 2.23355 2.30003 2.67761 
0.510588 0.958685 1.33575 1.69329 1.69812 1.82675 1.89293 1.92366 2.23355 2.30003 
0.510588 0.958685 1.33575 1.69329 1.69812 1.82675 1.89293 1.92366 2.23355 2.30003 
0.510588 0.958685 1.33575 1.69329 1.69812 1.82675 1.89293 1.92366 2.23355 2.30003 
0.510588 0.958685 1.33575 1.69329 1.69812 1.82675 1.89293 1.92366 2.23355 2.30003 
0.510588 0.958685 1.33575 1.69329 1.69812 1.82675 1.89293 1.92366 2.23355 2.30003 
0.510588 0.958685 1.33575 1.69329 1.69812 1.82675 1.89293 1.92366 2.23355 2.30003 
0.510588 0.958685 1.33575 1.69329 1.69812 1.82675 1.89293 1.92366 2.23042 2.23355 
0.510588 0.958685 1.33575 1.69329 1.69812 1.82675 1.89293 1.92366 2.23042 2.23355 
0.510588 0.958685 1.33575 1.69329 1.69812 1.82675 1.89293 1.92366 2.23042 2.23355 
0.510588 0.958685 1.33575 1.69329 1.69812 1.82675 1.89293 1.92366 2.23042 2.23355 
0.510588 0.958685 1.33575 1.69329 1.69812 1.82675 1.89293 1.92366 2.23042 2.23355 
0.510588 0.958685 1.33575 1.69329 1.69812 1.82675 1.89293 1.92366 2.23042 2.23355 
0.510588 0.958685 1.33575 1.69329 1.69812 1.82675 1.89293 1.92366 2.23042 2.23355 
0.510588 0.958685 1.33575 1.69329 1.69812 1.82675 1.89293 1.92366 2.23042 2.23355 
0.510588 0.958685 1.33575 1.69329 1.69812 1.82675 1.89293 1.92366 2.23042 2.23355 
0.510588 0.958685 1.33575 1.69329 1.69812 1.82675 1.89293 1.92366 2.23042 2.23355 
0.510588 0.958685 1.33575 1.69329 1.69812 1.82675 1.89293 1.92366 2.23042 2.23355 
0.510588 0.958685 1.33575 1.69329 1.69812 1.82675 1.89293 1.92366 2.23042 2.23355 
0.510588 0.958685 1.33575 1.69329 1.69812 1.82675 1.89293 1.92366 2.23042 2.23355 
0.510588 0.958685 1.33575 1.69329 1.69812 1.82675 1.89293 1.92366 2.23042 2.23355 
0.510588 0.958685 1.33575 1.69329 1.69812 1.82675 1.89293 1.92366 2.21914 2.23042 
0.510588 0.958685 1.33575 1.69329 1.69812 1.82675 1.89293 1.92366 2.21914 2.23042 
0.510588 0.958685 1.33575 1.69329 1.69812 1.82675 1.89293 1.92366 2.21914 2.23042 
0.510588 0.958685 1.33575 1.69329 1.69812 1.82675 1.89293 1.92366 2.21914 2.23042 
0.510588 0.958685 1.33575 1.69329 1.69812 1.82675 1.89293 1.92366 2.21914 2.2301 
0.510588 0.958685 1.33575 1.69329 1.69812 1.82675 1.89293 1.92366 2.21914 2.2301 
0.510588 0.958685 1.33575 1.69329 1.69812 1.82675 1.89293 1.92366 2.21914 2.2301 
0.510588 0.958685 1.33575 1.69329 1.69812 1.82675 1.89293 1.92366 2.21914 2.2301 
0.510588 0.857165 0.958685 1.33575 1.48089 1.69329 1.69812 1.82675 1.89293 1.92366 
0.510588 0.857165 0.958685 1.30448 1.33575 1.48089 1.69329 1.69812 1.82675 1.89293 
0.510588 0.857165 0.958685 1.30448 1.33575 1.48089 1.69329 1.69812 1.82675 1.89293 
0.510588 0.857165 0.958685 1.30448 1.33575 1.48089 1.69329 1.69812 1.82675 1.89293 
0.510588 0.857165 0.958685 1.30448 1.33575 1.48089 1.69329 1.69812 1.79902 1.82675 
0.510588 0.857165 0.958685 1.30448 1.33575 1.48089 1.69329 1.69812 1.79902 1.82675 
0.510588 0.692801 0.857165 0.958685 1.30448 1.33575 1.48089 1.66145 1.69329 1.69812 
0.510588 0.692801 0.857165 0.958685 1.30448 1.33575 1.48089 1.66145 1.69329 1.69812 
0.510588 0.692801 0.857165 0.958685 1.30448 1.33575 1.48089 1.66145 1.69329 1.69812 
0.510588 0.692801 0.857165 0.958685 1.27056 1.27661 1.30448 1.33575 1.43006 1.48089 
0.510588 0.692801 0.857165 0.958685 1.27056 1.2706 1.27661 1.30448 1.33575 1.43006 
0.510588 0.692801 0.857165 0.958685 1.02463 1.27056 1.2706 1.27661 1.30448 1.33575 
0.510588 0.692801 0.795868 0.857165 0.958685 1.02463 1.27056 1.2706 1.27661 1.30448 
0.343291 0.510588 0.692801 0.795868 0.857165 0.958685 1.02463 1.27056 1.2706 1.27661 
0.343291 0.510588 0.539512 0.692801 0.795868 0.857165 0.958685 1.02463 1.09374 1.27056 
0.315549 0.343291 0.510588 0.539512 0.692801 0.795868 0.857165 0.958685 1.02463 1.09374 
0.315549 0.343291 0.452191 0.510588 0.539512 0.692801 0.795868 0.857165 0.958685 1.02463 
0.315549 0.343291 0.452191 0.510588 0.539512 0.692801 0.795868 0.857165 0.958685 1.02463 
0.315549 0.343291 0.365938 0.452191 0.510588 0.539512 0.692801 0.795868 0.857165 0.919599 
0.315549 0.343291 0.365938 0.452191 0.510588 0.539512 0.597898 0.692801 0.795868 0.857165 
0.212395 0.315549 0.340422 0.343291 0.365938 0.452191 0.510588 0.539512 0.597898 0.608229 
0.212395 0.277743 0.315549 0.340422 0.343291 0.365938 0.452191 0.510588 0.539512 0.597898 
