3.84856 4.13023 4.91511 5.86096 6.65668 6.81779 7.63656 7.70114 7.88021 8.1399 
2.62133 3.84856 4.13023 4.91511 5.86096 6.65668 6.81779 7.63656 7.70114 7.88021 
2.62133 3.68796 3.84856 4.12177 4.13023 4.91511 5.78007 5.86096 6.36581 6.65668 
2.62133 3.15863 3.52226 3.68796 3.84856 4.12177 4.13023 4.62613 4.91511 5.78007 
2.62133 3.15863 3.28717 3.52226 3.68796 3.84856 4.12177 4.13023 4.62613 4.91511 
2.62133 3.15863 3.28717 3.52226 3.55474 3.68796 3.84856 4.12177 4.13023 4.62613 
2.62133 3.15863 3.28717 3.52226 3.55474 3.68796 3.84856 3.93384 4.12177 4.13023 
2.62133 3.15863 3.28717 3.52226 3.55474 3.68796 3.84856 3.88629 3.93384 4.12177 
2.62133 3.15863 3.28717 3.52226 3.55474 3.57681 3.68796 3.84856 3.88629 3.93384 
2.62133 3.15863 3.28717 3.52226 3.55474 3.57328 3.57681 3.68796 3.80557 3.84856 
2.62133 3.15863 3.28717 3.52226 3.55474 3.57328 3.57681 3.68796 3.80557 3.84856 
2.62133 3.15863 3.17501 3.28717 3.50897 3.52226 3.55474 3.57328 3.57681 3.68796 
2.62133 3.15863 3.17501 3.28717 3.50897 3.52226 3.55474 3.57328 3.57681 3.68796 
2.62133 2.72329 3.15863 3.17501 3.28717 3.50897 3.52226 3.55474 3.57328 3.57681 
2.62133 2.72329 3.15863 3.17501 3.28717 3.50897 3.52226 3.55474 3.57328 3.57681 
2.62133 2.72329 3.15863 3.17501 3.28717 3.50897 3.52226 3.55474 3.57328 3.57681 
2.62133 2.72329 3.15863 3.17501 3.28717 3.50897 3.52226 3.55474 3.57328 3.57681 
0.966811 2.62133 2.72329 2.8284 3.15863 3.17501 3.28717 3.50897 3.52226 3.55474 
0.289391 0.966811 1.84721 2.62133 2.72329 2.74877 2.8284 3.15863 3.17501 3.28717 
0.289391 0.966811 1.84721 2.62133 2.72329 2.74877 2.8284 3.15863 3.17501 3.28717 
0.289391 0.966811 1.84721 2.62133 2.72329 2.74877 2.8284 2.90645 3.15863 3.17501 
0.289391 0.383287 0.966811 1.84721 2.62133 2.65511 2.72329 2.74877 2.8284 2.88779 
0.289391 0.383287 0.966811 1.84596 1.84721 2.62133 2.65511 2.72329 2.74877 2.8284 
0.289391 0.383287 0.966811 1.84596 1.84721 1.86508 2.62133 2.65511 2.68436 2.72329 
0.289391 0.383287 0.966811 1.84596 1.84721 1.86508 2.62133 2.65511 2.68436 2.72329 
0.289391 0.383287 0.966811 1.8012 1.84596 1.84721 1.86508 2.62133 2.65511 2.68436 
0.289391 0.383287 0.966811 1.10754 1.8012 1.84596 1.84721 1.86508 2.62133 2.65511 
0.289391 0.383287 0.966811 1.10754 1.8012 1.84596 1.84721 1.86508 2.62133 2.65161 
0.289391 0.383287 0.966811 1.10754 1.8012 1.84596 1.84721 1.86508 2.07217 2.62133 
0.289391 0.383287 0.966811 1.10754 1.8012 1.84596 1.84721 1.86508 2.07217 2.44413 
0.289391 0.383287 0.966811 1.10754 1.8012 1.84596 1.84721 1.86508 2.07217 2.44413 
0.289391 0.383287 0.966811 1.10754 1.8012 1.84596 1.84721 1.86508 2.07217 2.44413 
0.289391 0.383287 0.966811 1.10754 1.8012 1.84596 1.84721 1.86508 2.04633 2.07217 
0.289391 0.383287 0.966811 1.10754 1.8012 1.84596 1.84721 1.86508 1.94053 2.04633 
0.289391 0.383287 0.966811 1.10754 1.8012 1.84596 1.84721 1.86508 1.94053 2.04633 
0.289391 0.383287 0.966811 1.10754 1.8012 1.84596 1.84721 1.86508 1.94053 2.04633 
0.289391 0.383287 0.966811 1.10754 1.8012 1.84596 1.84721 1.86508 1.94053 2.01935 
0.289391 0.383287 0.966811 1.10754 1.26988 1.8012 1.84596 1.84721 1.86508 1.94053 
0.289391 0.383287 0.388026 0.966811 1.10754 1.26988 1.8012 1.84596 1.84721 1.86508 
0.289391 0.383287 0.388026 0.966811 1.10754 1.26988 1.33041 1.8012 1.84596 1.84721 
0.289391 0.383287 0.388026 0.966811 1.10754 1.26988 1.33041 1.56122 1.8012 1.84596 
0.289391 0.383287 0.388026 0.966811 1.01977 1.10754 1.26988 1.33041 1.56122 1.8012 
0.152288 0.289391 0.383287 0.388026 0.495062 0.966811 1.01977 1.10754 1.26988 1.33041 
0.152288 0.289391 0.383287 0.388026 0.495062 0.966811 1.01977 1.10754 1.26988 1.33041 
0.152288 0.289391 0.335374 0.383287 0.388026 0.495062 0.966811 1.01977 1.10754 1.26988 
0.152288 0.289391 0.335374 0.383287 0.388026 0.495062 0.607944 0.966811 1.01977 1.10754 
0.152288 0.289391 0.335374 0.383287 0.388026 0.495062 0.584449 0.607944 0.966811 1.01977 
0.152288 0.289391 0.335374 0.383287 0.388026 0.495062 0.584449 0.607944 0.966811 1.01977 
0.152288 0.289391 0.335374 0.383287 0.388026 0.495062 0.584449 0.607944 0.966811 0.988426 
0.152288 0.289391 0.335374 0.340951 0.383287 0.388026 0.495062 0.584449 0.607944 0.966811 
0.152288 0.289391 0.335374 0.340951 0.383287 0.388026 0.495062 0.584449 0.607944 0.966811 
0.152288 0.289391 0.335374 0.340951 0.383287 0.388026 0.495062 0.584449 0.607944 0.966811 
0.152288 0.289391 0.335374 0.340951 0.383287 0.388026 0.495062 0.584449 0.607944 0.732403 
0.152288 0.289391 0.335374 0.340951 0.383287 0.388026 0.495062 0.584449 0.607944 0.732403 
0.152288 0.289391 0.335374 0.340951 0.383287 0.388026 0.495062 0.584449 0.607944 0.732403 
0.152288 0.289391 0.335374 0.340951 0.383287 0.388026 0.495062 0.584449 0.607944 0.732403 
0.152288 0.289391 0.335374 0.340951 0.383287 0.388026 0.495062 0.584449 0.607944 0.732403 
0.152288 0.289391 0.335374 0.340951 0.383287 0.388026 0.495062 0.584449 0.607944 0.732403 
0.152288 0.289391 0.335374 0.340951 0.383287 0.388026 0.495062 0.565088 0.584449 0.607944 
0.152288 0.289391 0.335374 0.340951 0.383287 0.388026 0.495062 0.565088 0.584449 0.607944 
0.152288 0.289391 0.335374 0.340951 0.383287 0.388026 0.495062 0.565088 0.584449 0.607944 
0.152288 0.289391 0.335374 0.340951 0.383287 0.388026 0.495062 0.565088 0.584449 0.607944 
0.103505 0.152288 0.289391 0.335374 0.340951 0.383287 0.388026 0.495062 0.565088 0.584449 
0.103505 0.152288 0.289391 0.335374 0.340951 0.383287 0.388026 0.495062 0.565088 0.584449 
0.103505 0.152288 0.289391 0.335374 0.340951 0.365624 0.383287 0.388026 0.495062 0.565088 
0.103505 0.152288 0.289391 0.335374 0.340951 0.365624 0.383287 0.388026 0.495062 0.565088 
0.103505 0.152288 0.289391 0.335374 0.340951 0.365624 0.383287 0.388026 0.495062 0.565088 
0.103505 0.152288 0.289391 0.335374 0.340951 0.365624 0.383287 0.388026 0.39774 0.495062 
0.103505 0.152288 0.289391 0.335374 0.340951 0.365624 0.383287 0.388026 0.39774 0.495062 
0.103505 0.152288 0.289391 0.335374 0.340951 0.348557 0.365624 0.383287 0.388026 0.39774 
0.103505 0.152288 0.289391 0.335374 0.340951 0.348557 0.365624 0.383287 0.388026 0.39774 
0.103505 0.152288 0.289391 0.335374 0.340951 0.348557 0.365624 0.383287 0.388026 0.39774 
0.103505 0.152288 0.289391 0.335374 0.340951 0.348557 0.365624 0.383287 0.388026 0.39774 
0.103505 0.152288 0.289391 0.335374 0.340951 0.348557 0.365624 0.383287 0.388026 0.39774 
0.103505 0.152288 0.289391 0.335374 0.340951 0.348557 0.365624 0.383287 0.388026 0.39774 
0.103505 0.152288 0.289391 0.335374 0.340951 0.348557 0.365624 0.383287 0.388026 0.39774 
0.103505 0.152288 0.217965 0.289391 0.335374 0.340951 0.348557 0.365624 0.383287 0.388026 
0.103505 0.152288 0.217965 0.289391 0.335374 0.340951 0.348557 0.365624 0.383287 0.388026 
0.103505 0.152288 0.217965 0.289391 0.335374 0.340951 0.348557 0.365624 0.383287 0.388026 
0.103505 0.152288 0.217965 0.289391 0.335374 0.340951 0.348557 0.365624 0.383287 0.388026 
0.103505 0.152288 0.217965 0.289391 0.335374 0.340951 0.348557 0.365624 0.383287 0.388026 
0.103505 0.152288 0.217965 0.289391 0.335374 0.340951 0.348557 0.365624 0.383287 0.388026 
0.103505 0.152288 0.217965 0.289391 0.335374 0.340951 0.348557 0.365624 0.383287 0.388026 
0.103505 0.152288 0.217965 0.289391 0.335374 0.340951 0.348557 0.365624 0.383287 0.388026 
0.103505 0.152288 0.217965 0.289391 0.335374 0.340951 0.348557 0.365624 0.383287 0.388026 
0.103505 0.152288 0.217965 0.289391 0.335374 0.340951 0.348557 0.365624 0.383287 0.388026 
0.103505 0.152288 0.217965 0.289391 0.335374 0.340951 0.348557 0.365624 0.383287 0.388026 
0.103505 0.152288 0.217965 0.289391 0.335374 0.340951 0.348557 0.365624 0.383287 0.388026 
0.103505 0.152288 0.217965 0.289391 0.335374 0.340951 0.348557 0.365624 0.383287 0.388026 
0.103505 0.152288 0.217965 0.289391 0.335374 0.340951 0.348557 0.365624 0.383287 0.388026 
0.103505 0.152288 0.217965 0.289391 0.335374 0.340951 0.348557 0.365624 0.383287 0.388026 
0.103505 0.152288 0.217965 0.289391 0.335374 0.340951 0.348557 0.365624 0.383287 0.388026 
0.103505 0.152288 0.217965 0.289391 0.335374 0.340951 0.348557 0.365624 0.383287 0.388026 
0.103505 0.152288 0.217965 0.289391 0.335374 0.340951 0.348557 0.365624 0.383287 0.388026 
0.103505 0.152288 0.217965 0.289391 0.335374 0.340951 0.348557 0.365624 0.383287 0.388026 
0.103505 0.152288 0.217965 0.289391 0.335374 0.340951 0.348557 0.365624 0.383287 0.388026 
0.103505 0.152288 0.217965 0.289391 0.335374 0.340951 0.348557 0.365624 0.383287 0.388026 
0.103505 0.152288 0.217965 0.289391 0.335374 0.340951 0.348557 0.365624 0.383287 0.388026 
0.103505 0.152288 0.217965 0.289391 0.335374 0.340951 0.348557 0.365624 0.383287 0.388026 
0.103505 0.152288 0.217965 0.289391 0.335374 0.340951 0.348557 0.365624 0.383287 0.388026 
