2.69223 3.07377 3.40707 3.55252 3.59985 3.98193 4.43262 4.56369 4.56616 6.37821 
2.69223 3.01495 3.07377 3.30806 3.40707 3.55252 3.59985 3.65565 3.89723 3.98193 
2.69223 3.01495 3.07377 3.30806 3.40707 3.55252 3.59214 3.59985 3.65565 3.65865 
2.69223 3.01495 3.07377 3.12159 3.30806 3.40707 3.52019 3.55252 3.59214 3.59561 
2.69223 3.01495 3.07377 3.12159 3.30806 3.39023 3.40228 3.40707 3.52019 3.55252 
1.72105 2.69223 3.01495 3.07377 3.12159 3.30806 3.34793 3.39023 3.40228 3.40707 
1.72105 1.80524 2.69223 3.01495 3.07377 3.12159 3.23969 3.30806 3.34793 3.39023 
1.72105 1.80524 2.54724 2.69223 3.01495 3.07377 3.12159 3.23969 3.30806 3.34793 
1.72105 1.80524 2.54724 2.69223 2.88388 3.01495 3.07377 3.12159 3.13066 3.23969 
1.72105 1.72576 1.80524 1.9599 2.32552 2.54724 2.69223 2.88388 3.01495 3.07377 
1.72105 1.72576 1.80524 1.9599 2.32552 2.54724 2.69223 2.88388 3.01495 3.05492 
1.72105 1.72576 1.80524 1.9599 2.32552 2.54724 2.63318 2.69223 2.88388 3.01495 
1.14292 1.72105 1.72576 1.80524 1.9599 2.32552 2.54724 2.63318 2.69223 2.88388 
1.14292 1.72105 1.72576 1.80524 1.9599 2.32552 2.54724 2.63318 2.66551 2.69223 
0.26876 1.14292 1.72105 1.72576 1.80524 1.9599 2.16285 2.32552 2.54724 2.63318 
0.26876 0.473277 1.14292 1.58436 1.72105 1.72576 1.80524 1.9599 2.16285 2.32552 
0.26876 0.473277 1.14292 1.58436 1.72105 1.72576 1.80524 1.9599 2.16285 2.32552 
0.26876 0.473277 1.14292 1.1459 1.58436 1.72105 1.72576 1.80524 1.9599 2.16285 
0.26876 0.297318 0.473277 1.14292 1.1459 1.58436 1.72105 1.72576 1.80524 1.9599 
0.26876 0.297318 0.473277 1.13476 1.14292 1.1459 1.42236 1.58436 1.72105 1.72576 
0.26876 0.297318 0.473277 1.13476 1.14292 1.1459 1.25681 1.42236 1.58436 1.72105 
0.26876 0.297318 0.467684 0.473277 1.13476 1.14292 1.1459 1.25681 1.42236 1.58436 
0.26876 0.297318 0.467684 0.473277 1.13476 1.14292 1.1459 1.25681 1.29852 1.42236 
0.26876 0.297318 0.467684 0.473277 1.04589 1.11194 1.13476 1.14292 1.1459 1.25681 
0.26876 0.297318 0.467684 0.473277 1.04589 1.11194 1.13476 1.14292 1.1459 1.25681 
0.26876 0.297318 0.467684 0.473277 1.04589 1.11194 1.13476 1.14292 1.1459 1.25681 
0.26876 0.297318 0.386874 0.467684 0.473277 1.04589 1.11194 1.13476 1.14292 1.1459 
0.230857 0.26876 0.297318 0.386874 0.467684 0.473277 1.04589 1.11194 1.13476 1.14292 
0.230857 0.26876 0.297318 0.386874 0.467684 0.473277 0.620688 1.04589 1.10896 1.11194 
0.185933 0.230857 0.26876 0.297318 0.386874 0.467684 0.473277 0.620688 1.04589 1.10896 
0.185933 0.230857 0.26876 0.297318 0.386874 0.467684 0.473277 0.620688 1.04589 1.10896 
0.0312429 0.185933 0.230857 0.26876 0.297318 0.386874 0.467684 0.473277 0.620688 1.04589 
0.0312429 0.185933 0.230857 0.26876 0.297318 0.386874 0.467684 0.473277 0.620688 1.04589 
0.0312429 0.185933 0.230857 0.26876 0.297318 0.324643 0.386874 0.467684 0.473277 0.620688 
0.0312429 0.185933 0.230857 0.26876 0.297318 0.324643 0.386874 0.467684 0.473277 0.620688 
0.0312429 0.144251 0.185933 0.230857 0.26876 0.297318 0.324643 0.386874 0.398443 0.421835 
0.0312429 0.144251 0.185933 0.230857 0.26876 0.297318 0.324643 0.386874 0.398443 0.421835 
0.0312429 0.144251 0.185933 0.230857 0.26876 0.297318 0.324643 0.386874 0.398443 0.409837 
0.0312429 0.144251 0.185933 0.230857 0.26876 0.297318 0.324643 0.386874 0.398443 0.409837 
0.0312429 0.144251 0.185933 0.230857 0.26876 0.297318 0.324643 0.386874 0.398443 0.409837 
0.0312429 0.144251 0.185933 0.230857 0.26876 0.297318 0.324643 0.386874 0.398443 0.409837 
0.0312429 0.144251 0.185933 0.230857 0.26876 0.297318 0.324643 0.386874 0.398443 0.409837 
0.0312429 0.144251 0.185933 0.230857 0.26876 0.297318 0.324643 0.386874 0.398443 0.409837 
0.0312429 0.116147 0.144251 0.185933 0.230857 0.26876 0.297318 0.324643 0.386874 0.398443 
0.0312429 0.116147 0.144251 0.185933 0.230857 0.232695 0.26876 0.297318 0.324643 0.386874 
0.0312429 0.116147 0.144251 0.185933 0.230857 0.232695 0.26876 0.297318 0.324643 0.386874 
0.0312429 0.116147 0.144251 0.185933 0.230857 0.232695 0.26876 0.297318 0.324643 0.386874 
0.0312429 0.110718 0.116147 0.144251 0.185933 0.230857 0.232695 0.26876 0.297318 0.324643 
0.0312429 0.110718 0.116147 0.126309 0.144251 0.185933 0.230857 0.232695 0.26876 0.297318 
0.0312429 0.110718 0.116147 0.126309 0.144251 0.185933 0.230857 0.232695 0.26876 0.297318 
0.0312429 0.110718 0.116147 0.126309 0.144251 0.185933 0.230857 0.232695 0.26876 0.297318 
0.0312429 0.0880791 0.110718 0.116147 0.126309 0.144251 0.185933 0.230857 0.232695 0.26876 
0.0312429 0.0880791 0.110718 0.116147 0.126309 0.144251 0.185933 0.230857 0.232695 0.26876 
0.0312429 0.0880791 0.110718 0.116147 0.126309 0.144251 0.185933 0.230857 0.232695 0.26876 
0.0312429 0.0880791 0.110718 0.116147 0.126309 0.144251 0.185933 0.230857 0.232695 0.26876 
0.0312429 0.0880791 0.110718 0.116147 0.126309 0.144251 0.185933 0.230857 0.232695 0.26876 
0.0312429 0.0880791 0.110718 0.116147 0.126309 0.144251 0.185933 0.230857 0.232695 0.26876 
0.0312429 0.0880791 0.110718 0.116147 0.126309 0.144251 0.185933 0.230857 0.232695 0.26876 
0.0312429 0.0880791 0.110718 0.116147 0.126309 0.144251 0.185933 0.230857 0.232695 0.26876 
0.0312429 0.0880791 0.110718 0.116147 0.126309 0.144251 0.185933 0.230857 0.232695 0.26876 
0.0312429 0.0880791 0.110718 0.116147 0.126309 0.144251 0.185933 0.230857 0.232695 0.26876 
0.0312429 0.0880791 0.110718 0.116147 0.126309 0.144251 0.185933 0.230857 0.232695 0.26876 
0.0312429 0.0880791 0.110718 0.116147 0.126309 0.144251 0.185933 0.230857 0.232695 0.26876 
0.0312429 0.0880791 0.110718 0.116147 0.126309 0.144251 0.185933 0.230857 0.232695 0.26876 
0.0312429 0.0880791 0.110718 0.116147 0.126309 0.144251 0.185933 0.230857 0.232695 0.26876 
0.0312429 0.0880791 0.110718 0.116147 0.126309 0.144251 0.185933 0.230857 0.232695 0.26876 
0.0312429 0.0880791 0.110718 0.116147 0.126309 0.144251 0.185933 0.230857 0.232695 0.26876 
0.0312429 0.0880791 0.110718 0.116147 0.126309 0.144251 0.185933 0.230857 0.232695 0.26876 
0.0312429 0.0880791 0.110718 0.116147 0.126309 0.144251 0.185933 0.230857 0.232695 0.26876 
0.0312429 0.0880791 0.110718 0.116147 0.126309 0.144251 0.185933 0.230857 0.232695 0.26876 
0.0312429 0.0880791 0.110718 0.116147 0.126309 0.144251 0.185933 0.230857 0.232695 0.26876 
0.0312429 0.0880791 0.110718 0.116147 0.126309 0.144251 0.185933 0.230857 0.232695 0.26876 
0.0312429 0.0880791 0.110718 0.116147 0.126309 0.144251 0.185933 0.230857 0.232695 0.26876 
0.0312429 0.0880791 0.110718 0.116147 0.126309 0.144251 0.185933 0.230857 0.232695 0.26876 
0.0312429 0.0880791 0.110718 0.116147 0.126309 0.144251 0.185933 0.230857 0.232695 0.26876 
0.0312429 0.0880791 0.110718 0.116147 0.126309 0.144251 0.185933 0.230857 0.232695 0.26876 
0.0312429 0.0880791 0.110718 0.116147 0.126309 0.144251 0.185933 0.230857 0.232695 0.26876 
0.0312429 0.0880791 0.110718 0.116147 0.126309 0.144251 0.185933 0.230857 0.232695 0.26876 
0.0312429 0.0880791 0.110718 0.116147 0.126309 0.144251 0.185933 0.230857 0.232695 0.26876 
0.0312429 0.0880791 0.110718 0.116147 0.126309 0.144251 0.185933 0.230857 0.232695 0.26876 
0.0312429 0.0880791 0.110718 0.116147 0.126309 0.144251 0.185933 0.230857 0.232695 0.26876 
0.0312429 0.0880791 0.110718 0.116147 0.126309 0.144251 0.185933 0.230857 0.232695 0.26876 
0.0312429 0.0880791 0.110718 0.116147 0.126309 0.144251 0.185933 0.230857 0.232695 0.255194 
0.0312429 0.0880791 0.110718 0.116147 0.126309 0.144251 0.185933 0.230857 0.232695 0.255194 
0.0312429 0.0880791 0.110718 0.116147 0.126309 0.144251 0.185933 0.230857 0.232695 0.255194 
0.0312429 0.0880791 0.110718 0.116147 0.126309 0.144251 0.185933 0.230857 0.232695 0.255194 
0.0312429 0.0880791 0.110718 0.116147 0.126309 0.144251 0.185933 0.230857 0.232695 0.255194 
0.0312429 0.0880791 0.110718 0.116147 0.126309 0.144251 0.185933 0.230857 0.232695 0.255194 
0.0312429 0.0880791 0.110718 0.116147 0.126309 0.144251 0.185933 0.230857 0.232695 0.255194 
0.0312429 0.0880791 0.110718 0.116147 0.126309 0.144251 0.185933 0.230857 0.232695 0.255194 
0.0312429 0.0880791 0.110718 0.116147 0.126309 0.144251 0.185933 0.230857 0.232695 0.255194 
0.0312429 0.0880791 0.110718 0.116147 0.126309 0.144251 0.185933 0.196865 0.197645 0.230857 
0.0312429 0.0880791 0.110718 0.116147 0.126309 0.144251 0.185933 0.196865 0.197645 0.222615 
0.0312429 0.0880791 0.110718 0.116147 0.126309 0.144251 0.185933 0.196865 0.197591 0.197645 
0.0312429 0.0880791 0.110718 0.116147 0.126309 0.144251 0.17209 0.176171 0.185933 0.196865 
0.0312429 0.0880791 0.110718 0.116147 0.126309 0.144251 0.17209 0.176171 0.185933 0.196865 
0.0312429 0.0880791 0.110718 0.116147 0.126309 0.144251 0.159744 0.17209 0.176171 0.185933 
0.0312429 0.0880791 0.110718 0.116147 0.126309 0.144251 0.159744 0.17209 0.176171 0.181722 
0.0312429 0.0880791 0.110718 0.116147 0.126309 0.144251 0.145174 0.159744 0.17209 0.176171 
0.0312429 0.0880791 0.110718 0.116147 0.123613 0.126309 0.144251 0.145174 0.158184 0.159744 
