1.95636 5.21863 5.39371 5.42906 6.01409 6.13404 6.29707 6.56716 7.19151 7.34432 
1.95636 5.21863 5.39371 5.42906 6.01409 6.13404 6.20426 6.29707 6.56716 6.70129 
1.95636 3.72357 3.8324 5.21863 5.39371 5.42906 6.01409 6.079 6.13404 6.20426 
1.95636 3.72357 3.8324 4.22888 4.34675 4.57204 5.21863 5.39371 5.42906 5.57214 
1.95636 3.72357 3.8324 4.22888 4.34675 4.36005 4.51223 4.57204 5.03808 5.21863 
1.95636 3.00635 3.30457 3.46691 3.72357 3.8324 4.01516 4.22888 4.34675 4.36005 
1.95636 3.00635 3.30457 3.46691 3.57443 3.72357 3.8324 4.01516 4.22888 4.34675 
0.707172 1.95636 3.00635 3.30457 3.46691 3.57443 3.72357 3.8324 4.01516 4.22888 
0.707172 1.95636 3.00635 3.30457 3.46691 3.57443 3.72357 3.8324 4.01516 4.05125 
0.707172 1.95636 3.00635 3.30457 3.46691 3.57443 3.72357 3.8324 4.01516 4.05125 
0.707172 1.95636 2.81027 3.00635 3.30457 3.46691 3.57443 3.72357 3.8324 3.93495 
0.707172 1.95636 2.81027 3.00635 3.30457 3.46691 3.52627 3.57443 3.72357 3.8324 
0.707172 1.10701 1.95636 2.81027 3.00635 3.02799 3.30457 3.46691 3.52627 3.57443 
0.707172 1.10701 1.95636 2.81027 3.00635 3.02799 3.30457 3.46691 3.51013 3.52627 
0.707172 1.10701 1.95636 2.81027 3.00635 3.02799 3.30457 3.46691 3.51013 3.52627 
0.707172 0.974941 1.10701 1.25782 1.95636 2.81027 3.00635 3.02799 3.30457 3.33856 
0.707172 0.974941 1.10701 1.25782 1.95636 2.81027 3.00635 3.02799 3.30457 3.33856 
0.707172 0.974941 1.10701 1.25782 1.95636 2.81027 3.00635 3.02799 3.30457 3.33856 
0.707172 0.974941 1.10701 1.25782 1.95636 2.81027 2.87663 3.00635 3.02799 3.30457 
0.707172 0.974941 1.10701 1.25782 1.95636 2.63761 2.81027 2.87663 3.00635 3.02799 
0.41467 0.707172 0.974941 1.10701 1.25782 1.91204 1.95636 2.63761 2.81027 2.87663 
0.41467 0.707172 0.974941 1.10701 1.25782 1.91204 1.95636 2.63761 2.81027 2.87663 
0.41467 0.707172 0.974941 1.10701 1.25782 1.91204 1.95636 2.63761 2.81027 2.87663 
0.41467 0.574437 0.707172 0.974941 1.10701 1.25782 1.91204 1.95636 2.63761 2.81027 
0.41467 0.574437 0.707172 0.974941 1.10701 1.25782 1.91204 1.95636 2.03637 2.63761 
0.41467 0.574437 0.707172 0.974941 1.10701 1.25782 1.91204 1.95636 2.03637 2.37221 
0.41467 0.574437 0.707172 0.974941 1.10701 1.25782 1.91204 1.95636 2.03637 2.37221 
0.41467 0.574437 0.707172 0.974941 1.10701 1.25782 1.91204 1.95636 2.03637 2.37221 
0.41467 0.574437 0.707172 0.974941 1.10701 1.25782 1.91204 1.95636 2.03637 2.37221 
0.41467 0.574437 0.707172 0.974941 1.10701 1.25782 1.91204 1.95636 2.03637 2.37221 
0.41467 0.574437 0.707172 0.974941 1.10701 1.25782 1.51585 1.91204 1.95636 2.03637 
0.156817 0.41467 0.574437 0.586402 0.628004 0.707172 0.974941 1.10701 1.25782 1.51585 
0.156817 0.41467 0.544465 0.574437 0.586402 0.628004 0.707172 0.974941 1.10701 1.25782 
0.156817 0.41467 0.544465 0.574437 0.586402 0.628004 0.707172 0.974941 1.10701 1.25782 
0.156817 0.41467 0.544465 0.574437 0.586402 0.628004 0.707172 0.848916 0.974941 1.01204 
0.156817 0.41467 0.544465 0.574437 0.586402 0.628004 0.707172 0.848916 0.974941 1.01204 
0.156817 0.41467 0.544465 0.574437 0.586402 0.61855 0.628004 0.707172 0.848916 0.974941 
0.156817 0.41467 0.544465 0.574437 0.586402 0.61855 0.628004 0.707172 0.848916 0.974941 
0.156817 0.41467 0.544465 0.574437 0.586402 0.61855 0.628004 0.707172 0.848916 0.974941 
0.156817 0.41467 0.544465 0.574437 0.586402 0.61855 0.628004 0.707172 0.848916 0.974941 
0.156817 0.41467 0.544465 0.574437 0.586402 0.61855 0.628004 0.707172 0.848916 0.974941 
0.156817 0.41467 0.544465 0.574437 0.586402 0.61855 0.628004 0.707172 0.848916 0.974941 
0.156817 0.41467 0.544465 0.574437 0.586402 0.61855 0.628004 0.707172 0.848916 0.974941 
0.156817 0.41467 0.544465 0.574437 0.586402 0.61855 0.628004 0.707172 0.848916 0.974941 
0.156817 0.41467 0.544465 0.574437 0.586402 0.61855 0.628004 0.707172 0.848916 0.974941 
0.156817 0.41467 0.544465 0.574437 0.586402 0.61855 0.628004 0.707172 0.848916 0.959917 
0.156817 0.41467 0.544465 0.574437 0.586402 0.61855 0.628004 0.707172 0.848916 0.959917 
0.156817 0.41467 0.544465 0.574437 0.586402 0.61855 0.628004 0.707172 0.848916 0.959917 
0.156817 0.41467 0.544465 0.574437 0.586402 0.61855 0.628004 0.707172 0.848916 0.959917 
0.156817 0.196778 0.41467 0.544465 0.574437 0.586402 0.61855 0.628004 0.707172 0.848916 
0.156817 0.196778 0.41467 0.544465 0.574437 0.586402 0.61855 0.628004 0.707172 0.848916 
0.156817 0.196778 0.41467 0.544465 0.574437 0.586402 0.61855 0.628004 0.707172 0.848916 
0.156817 0.196778 0.41467 0.544465 0.574437 0.586402 0.61855 0.628004 0.707172 0.848916 
0.156817 0.196778 0.41467 0.544465 0.574437 0.586402 0.61855 0.628004 0.707172 0.713537 
0.156817 0.196778 0.41467 0.41882 0.544465 0.574437 0.586402 0.61855 0.628004 0.707172 
0.156817 0.196778 0.41467 0.41882 0.544465 0.566761 0.574437 0.586402 0.61855 0.628004 
0.156817 0.196778 0.41467 0.41882 0.544465 0.566761 0.574437 0.586402 0.61855 0.628004 
0.156817 0.196778 0.41467 0.41882 0.544465 0.566761 0.574437 0.586402 0.61855 0.628004 
0.156817 0.196778 0.41467 0.41882 0.544465 0.566761 0.574437 0.586402 0.61855 0.628004 
0.156817 0.196778 0.41467 0.41882 0.544465 0.566761 0.574437 0.586402 0.61855 0.628004 
0.156817 0.196778 0.316283 0.41467 0.41882 0.436137 0.544465 0.566761 0.574437 0.586402 
0.156817 0.196778 0.316283 0.41467 0.41882 0.436137 0.544465 0.566761 0.574437 0.586402 
0.156817 0.196778 0.316283 0.41467 0.41882 0.436137 0.476654 0.544465 0.566761 0.574437 
0.156817 0.196778 0.316283 0.41467 0.41882 0.436137 0.476654 0.544465 0.566761 0.574437 
0.156817 0.196778 0.316283 0.41467 0.41882 0.436137 0.476654 0.544465 0.566761 0.574437 
0.156817 0.196778 0.316283 0.41467 0.41882 0.436137 0.476654 0.544465 0.566761 0.574437 
0.156817 0.196778 0.316283 0.41467 0.41882 0.436137 0.476654 0.544465 0.566761 0.574437 
0.156817 0.196778 0.316283 0.41467 0.41882 0.436137 0.476654 0.544465 0.566761 0.574437 
0.156817 0.196778 0.316283 0.41467 0.41882 0.436137 0.476654 0.544465 0.566761 0.574437 
0.156817 0.196778 0.316283 0.41467 0.41882 0.436137 0.476654 0.544465 0.566761 0.574437 
0.156817 0.196778 0.316283 0.41467 0.41882 0.436137 0.476654 0.544465 0.566761 0.574437 
0.156817 0.196778 0.316283 0.41467 0.41882 0.436137 0.476654 0.544465 0.566761 0.574437 
0.156817 0.196778 0.316283 0.41467 0.41882 0.436137 0.476654 0.544465 0.566761 0.574437 
0.156817 0.196778 0.316283 0.41467 0.41882 0.436137 0.476654 0.544465 0.566761 0.574437 
0.156817 0.196778 0.316283 0.41467 0.41882 0.436137 0.476654 0.544465 0.566761 0.574437 
0.156817 0.196778 0.316283 0.41467 0.41882 0.436137 0.476654 0.544465 0.566761 0.574437 
0.156817 0.196778 0.316283 0.41467 0.41882 0.436137 0.476654 0.544465 0.566761 0.574437 
0.156817 0.196778 0.316283 0.41467 0.41882 0.436137 0.476654 0.544465 0.566761 0.574437 
0.156817 0.196778 0.316283 0.41467 0.41882 0.436137 0.476654 0.544465 0.566761 0.574437 
0.156817 0.196778 0.316283 0.41467 0.41882 0.436137 0.476654 0.544465 0.566761 0.574437 
0.156817 0.196778 0.316283 0.41467 0.41882 0.436137 0.476654 0.544465 0.566761 0.574437 
0.156817 0.196778 0.316283 0.41467 0.41882 0.436137 0.476654 0.544465 0.566761 0.574437 
0.156817 0.196778 0.316283 0.41467 0.41882 0.436137 0.476654 0.544465 0.566761 0.574437 
0.156817 0.196778 0.316283 0.41467 0.41882 0.436137 0.476654 0.544465 0.566761 0.574437 
0.156817 0.196778 0.316283 0.41467 0.41882 0.436137 0.476654 0.544465 0.566761 0.574437 
0.156817 0.196778 0.316283 0.41467 0.41882 0.436137 0.476654 0.544465 0.566761 0.574437 
0.156817 0.196778 0.316283 0.41467 0.41882 0.436137 0.476654 0.544465 0.566761 0.574437 
0.156817 0.196778 0.316283 0.41467 0.41882 0.436137 0.476654 0.544465 0.566761 0.574437 
0.156817 0.196778 0.316283 0.41467 0.41882 0.436137 0.476654 0.544465 0.566761 0.574437 
0.156817 0.196778 0.316283 0.41467 0.41882 0.436137 0.476654 0.544465 0.566761 0.574437 
0.156817 0.196778 0.316283 0.41467 0.41882 0.436137 0.476654 0.544465 0.566761 0.574437 
0.156817 0.196778 0.316283 0.41467 0.41882 0.436137 0.476654 0.544465 0.566761 0.574437 
0.156817 0.196778 0.316283 0.41467 0.41882 0.436137 0.476654 0.544465 0.566761 0.574437 
0.156817 0.196778 0.316283 0.41467 0.41882 0.436137 0.476654 0.544465 0.566761 0.574437 
0.156817 0.196778 0.316283 0.41467 0.41882 0.436137 0.476654 0.544465 0.566761 0.574437 
0.156817 0.196778 0.316283 0.41467 0.41882 0.436137 0.476654 0.544465 0.566761 0.574437 
0.156817 0.196778 0.316283 0.41467 0.41882 0.436137 0.476654 0.544465 0.566761 0.574437 
0.156817 0.196778 0.316283 0.41467 0.41882 0.436137 0.476654 0.544465 0.566761 0.574437 
0.156817 0.196778 0.316283 0.41467 0.41882 0.436137 0.476654 0.544465 0.566761 0.574437 
0.156817 0.196778 0.316283 0.41467 0.41882 0.436137 0.476654 0.544465 0.566761 0.574437 
