1.29121 2.59929 2.63761 3.57736 4.07688 4.18089 4.35999 4.49976 6.16507 6.24864 
1.29121 2.59929 2.63761 3.57736 3.72578 3.91629 4.07688 4.18089 4.35999 4.49976 
1.29121 2.30969 2.59929 2.63761 3.57736 3.66221 3.68762 3.72578 3.91629 4.07688 
1.29121 2.30969 2.59929 2.63761 2.65781 3.12639 3.3044 3.31801 3.57736 3.66221 
1.29121 2.30969 2.59929 2.63761 2.65781 2.99989 3.12639 3.3044 3.31801 3.57736 
1.29121 2.30969 2.59929 2.63761 2.65781 2.72788 2.99989 3.12639 3.3044 3.31801 
1.29121 2.30969 2.59929 2.63761 2.65781 2.72788 2.99989 3.05675 3.12639 3.3044 
1.29121 2.30969 2.59929 2.63761 2.65781 2.72788 2.9813 2.99989 3.05675 3.12639 
1.29121 2.29326 2.30315 2.30969 2.59929 2.63761 2.65781 2.72788 2.9813 2.99989 
1.29121 2.14322 2.29326 2.30315 2.30969 2.59929 2.63761 2.65781 2.72788 2.9813 
1.29121 2.14322 2.29326 2.30315 2.30969 2.59929 2.63761 2.65781 2.72788 2.9813 
0.679001 1.29121 2.14322 2.29326 2.30315 2.30969 2.59929 2.63761 2.65781 2.72788 
0.679001 1.29121 2.14322 2.29326 2.30315 2.30969 2.59929 2.63761 2.65781 2.72788 
0.679001 1.29121 2.14322 2.29326 2.30315 2.30969 2.59929 2.63761 2.65781 2.72788 
0.679001 1.29121 2.14322 2.1883 2.29326 2.30315 2.30969 2.59929 2.63761 2.65781 
0.679001 1.29121 1.34755 1.91805 2.14322 2.1883 2.29326 2.30315 2.30969 2.59929 
0.679001 1.29121 1.34755 1.91805 2.14322 2.1883 2.29326 2.30315 2.30969 2.56077 
0.679001 0.860019 1.29121 1.34755 1.91805 2.13098 2.14322 2.1883 2.29326 2.30315 
0.679001 0.860019 1.29121 1.34755 1.91805 2.13098 2.14322 2.1883 2.29326 2.30315 
0.679001 0.860019 1.29121 1.34755 1.69088 1.77101 1.91805 2.13098 2.14322 2.1883 
0.191471 0.679001 0.860019 1.29121 1.34755 1.69088 1.77101 1.91805 2.08945 2.13098 
0.191471 0.679001 0.860019 1.29121 1.34755 1.69088 1.77101 1.91805 2.08945 2.13098 
0.191471 0.271849 0.679001 0.860019 1.29121 1.34755 1.69088 1.77101 1.91805 2.08945 
0.175703 0.191471 0.271849 0.679001 0.860019 0.953383 0.990267 1.29121 1.34755 1.69088 
0.175703 0.191471 0.271849 0.355267 0.679001 0.819479 0.860019 0.953383 0.990267 1.29121 
0.175703 0.191471 0.271849 0.276428 0.355267 0.679001 0.819479 0.860019 0.953383 0.990267 
0.175703 0.191471 0.268105 0.271849 0.276428 0.355267 0.679001 0.819479 0.860019 0.953383 
0.175703 0.191471 0.268105 0.271849 0.276428 0.355267 0.679001 0.819479 0.860019 0.953383 
0.0996909 0.175703 0.191471 0.198751 0.268105 0.271849 0.276428 0.355267 0.679001 0.819479 
0.0996909 0.175703 0.191471 0.198751 0.268105 0.271849 0.276428 0.355267 0.679001 0.819479 
0.0996909 0.175703 0.191471 0.198751 0.268105 0.271849 0.276428 0.355267 0.679001 0.819479 
0.0996909 0.175703 0.191471 0.198751 0.268105 0.271849 0.276428 0.355267 0.6271 0.679001 
0.0996909 0.175703 0.191471 0.198751 0.268105 0.271849 0.276428 0.355267 0.6271 0.679001 
0.0996909 0.175703 0.191471 0.198751 0.268105 0.271849 0.276428 0.355267 0.6271 0.679001 
0.0996909 0.175703 0.191471 0.198751 0.268105 0.271849 0.276428 0.355267 0.6271 0.679001 
0.0996909 0.175703 0.191471 0.198751 0.268105 0.271849 0.276428 0.355267 0.6271 0.679001 
0.0996909 0.175703 0.191471 0.198751 0.268105 0.271849 0.276428 0.355267 0.6271 0.679001 
0.0996909 0.175703 0.191471 0.198751 0.268105 0.271849 0.276428 0.355267 0.6271 0.679001 
0.0996909 0.175703 0.191471 0.198751 0.268105 0.271849 0.276428 0.355267 0.6271 0.679001 
0.0996909 0.175703 0.191471 0.198751 0.268105 0.271849 0.276428 0.355267 0.6271 0.679001 
0.0996909 0.175703 0.191471 0.198751 0.268105 0.271849 0.276428 0.355267 0.6271 0.679001 
0.0996909 0.175703 0.191471 0.198751 0.268105 0.271849 0.276428 0.355267 0.6271 0.679001 
0.0996909 0.175703 0.191471 0.198751 0.268105 0.271849 0.276428 0.355267 0.6271 0.679001 
0.0996909 0.175703 0.191471 0.198751 0.268105 0.271849 0.276428 0.355267 0.6271 0.679001 
0.0996909 0.175703 0.191471 0.198751 0.268105 0.271849 0.276428 0.355267 0.6271 0.679001 
0.0996909 0.175703 0.191471 0.198751 0.268105 0.271849 0.276428 0.355267 0.6271 0.679001 
0.0996909 0.175703 0.191471 0.198751 0.268105 0.271849 0.276428 0.355267 0.6271 0.679001 
0.0996909 0.175703 0.191471 0.198751 0.268105 0.271849 0.276428 0.355267 0.6271 0.679001 
0.0996909 0.175703 0.191471 0.198751 0.268105 0.271849 0.276428 0.355267 0.6271 0.679001 
0.0996909 0.175703 0.191471 0.198751 0.268105 0.271849 0.276428 0.355267 0.6271 0.679001 
0.0996909 0.175703 0.191471 0.198751 0.268105 0.271849 0.276428 0.355267 0.6271 0.679001 
0.0996909 0.175703 0.191471 0.198751 0.268105 0.271849 0.276428 0.355267 0.6271 0.679001 
0.0996909 0.175703 0.191471 0.198751 0.268105 0.271849 0.276428 0.355267 0.6271 0.679001 
0.0996909 0.175703 0.191471 0.198751 0.268105 0.271849 0.276428 0.355267 0.6271 0.679001 
0.0996909 0.175703 0.191471 0.198751 0.268105 0.271849 0.276428 0.355267 0.6271 0.679001 
0.0996909 0.175703 0.191471 0.198751 0.268105 0.271849 0.276428 0.355267 0.6271 0.679001 
0.0996909 0.175703 0.191471 0.198751 0.268105 0.271849 0.276428 0.355267 0.6271 0.679001 
0.0996909 0.175703 0.191471 0.198751 0.268105 0.271849 0.276428 0.355267 0.6271 0.679001 
0.0996909 0.175703 0.191471 0.198751 0.268105 0.271849 0.276428 0.355267 0.6271 0.679001 
0.0996909 0.175703 0.191471 0.198751 0.268105 0.271849 0.276428 0.355267 0.6271 0.679001 
0.0996909 0.175703 0.191471 0.198751 0.268105 0.271849 0.276428 0.355267 0.6271 0.679001 
0.0996909 0.175703 0.191471 0.198751 0.268105 0.271849 0.276428 0.355267 0.6271 0.679001 
0.0996909 0.175703 0.191471 0.198751 0.268105 0.271849 0.276428 0.355267 0.6271 0.679001 
0.0996909 0.175703 0.191471 0.198751 0.268105 0.271849 0.276428 0.355267 0.6271 0.679001 
0.0996909 0.175703 0.191471 0.198751 0.268105 0.271849 0.276428 0.355267 0.6271 0.679001 
0.0996909 0.175703 0.191471 0.198751 0.268105 0.271849 0.276428 0.355267 0.6271 0.679001 
0.0996909 0.175703 0.191471 0.198751 0.268105 0.271849 0.276428 0.355267 0.6271 0.679001 
0.0996909 0.175703 0.191471 0.198751 0.268105 0.271849 0.276428 0.355267 0.6271 0.679001 
0.0996909 0.175703 0.191471 0.198751 0.268105 0.271849 0.276428 0.355267 0.6271 0.679001 
0.0996909 0.175703 0.191471 0.198751 0.268105 0.271849 0.276428 0.355267 0.6271 0.679001 
0.0996909 0.175703 0.191471 0.198751 0.268105 0.271849 0.276428 0.355267 0.6271 0.679001 
0.0996909 0.175703 0.191471 0.198751 0.268105 0.271849 0.276428 0.355267 0.6271 0.679001 
0.0996909 0.175703 0.191471 0.198751 0.268105 0.271849 0.276428 0.355267 0.6271 0.679001 
0.0996909 0.175703 0.191471 0.198751 0.268105 0.271849 0.276428 0.355267 0.6271 0.679001 
0.0996909 0.175703 0.191471 0.198751 0.268105 0.271849 0.276428 0.355267 0.6271 0.679001 
0.0996909 0.175703 0.191471 0.198751 0.268105 0.271849 0.276428 0.355267 0.6271 0.679001 
0.0996909 0.175703 0.191471 0.198751 0.268105 0.271849 0.276428 0.355267 0.6271 0.679001 
0.0996909 0.175703 0.191471 0.198751 0.268105 0.271849 0.276428 0.355267 0.6271 0.679001 
0.0996909 0.175703 0.191471 0.198751 0.268105 0.271849 0.276428 0.355267 0.6271 0.679001 
0.0996909 0.175703 0.191471 0.198751 0.268105 0.271849 0.276428 0.355267 0.6271 0.679001 
0.0996909 0.175703 0.191471 0.198751 0.268105 0.271849 0.276428 0.355267 0.6271 0.679001 
0.0996909 0.175703 0.191471 0.198751 0.268105 0.271849 0.276428 0.355267 0.6271 0.679001 
0.0996909 0.175703 0.191471 0.198751 0.268105 0.271849 0.276428 0.355267 0.6271 0.679001 
0.0996909 0.175703 0.191471 0.198751 0.268105 0.271849 0.276428 0.355267 0.6271 0.679001 
0.0996909 0.175703 0.191471 0.198751 0.268105 0.271849 0.276428 0.355267 0.6271 0.679001 
0.0996909 0.175703 0.191471 0.198751 0.268105 0.271849 0.276428 0.355267 0.6271 0.679001 
0.0996909 0.175703 0.191471 0.198751 0.268105 0.271849 0.276428 0.355267 0.6271 0.679001 
0.0996909 0.175703 0.191471 0.198751 0.268105 0.271849 0.276428 0.355267 0.6271 0.679001 
0.0996909 0.175703 0.191471 0.198751 0.268105 0.271849 0.276428 0.355267 0.6271 0.679001 
0.0996909 0.175703 0.191471 0.198751 0.268105 0.271849 0.276428 0.355267 0.6271 0.679001 
0.0996909 0.175703 0.191471 0.198751 0.268105 0.271849 0.276428 0.355267 0.6271 0.679001 
0.0996909 0.175703 0.191471 0.198751 0.268105 0.271849 0.276428 0.355267 0.6271 0.679001 
0.0996909 0.175703 0.191471 0.198751 0.268105 0.271849 0.276428 0.355267 0.6271 0.679001 
0.0996909 0.175703 0.191471 0.198751 0.268105 0.271849 0.276428 0.355267 0.6271 0.679001 
0.0996909 0.175703 0.191471 0.198751 0.268105 0.271849 0.276428 0.355267 0.6271 0.679001 
0.0996909 0.175703 0.191471 0.198751 0.268105 0.271849 0.276428 0.355267 0.6271 0.679001 
0.0996909 0.175703 0.191471 0.198751 0.268105 0.271849 0.276428 0.355267 0.6271 0.679001 
0.0996909 0.175703 0.191471 0.198751 0.268105 0.271849 0.276428 0.355267 0.6271 0.679001 
0.0996909 0.175703 0.191471 0.198751 0.268105 0.271849 0.276428 0.355267 0.6271 0.679001 
0.0996909 0.175703 0.191471 0.198751 0.268105 0.271849 0.276428 0.355267 0.6271 0.679001 
