2.75441 3.1498 3.21596 3.62051 3.95509 4.25826 4.26204 4.51241 7.08721 7.50973 
2.29512 2.33606 2.48802 2.75441 2.79117 2.98307 3.1498 3.21596 3.33464 3.38622 
2.29512 2.33606 2.48802 2.75441 2.79117 2.98307 3.1498 3.21596 3.33464 3.38622 
1.14264 2.29512 2.33606 2.48802 2.75441 2.79117 2.98307 3.1498 3.21596 3.33464 
1.14264 1.66917 2.29512 2.33606 2.48802 2.75441 2.79117 2.93112 2.98307 3.1498 
1.14264 1.66917 2.29512 2.33606 2.48802 2.75441 2.79117 2.93112 2.98307 3.07317 
1.14264 1.66917 2.19751 2.29512 2.33606 2.48802 2.75441 2.79117 2.93112 2.98307 
0.106398 0.521936 1.14264 1.66917 2.19751 2.29512 2.33606 2.48802 2.65709 2.75441 
0.106398 0.521936 1.14264 1.66917 2.19751 2.29512 2.33606 2.48802 2.65709 2.75441 
0.106398 0.521936 1.14264 1.66917 1.78822 2.19751 2.29512 2.33606 2.48802 2.65709 
0.106398 0.521936 1.14264 1.66917 1.78822 2.19751 2.29512 2.33606 2.48802 2.61938 
0.106398 0.521936 1.14264 1.66728 1.66917 1.78822 2.19751 2.29512 2.33606 2.48802 
0.106398 0.521936 0.949047 1.14264 1.66728 1.66917 1.78822 2.19751 2.29512 2.33606 
0.106398 0.521936 0.949047 1.14264 1.66728 1.66917 1.78822 2.19751 2.29512 2.33606 
0.106398 0.521936 0.949047 1.14264 1.66728 1.66917 1.66943 1.78822 2.19751 2.29512 
0.106398 0.521936 0.949047 1.14264 1.23317 1.66728 1.66917 1.66943 1.78822 2.19751 
0.106398 0.521936 0.949047 1.0564 1.14264 1.23317 1.66728 1.66917 1.66943 1.78822 
0.106398 0.521936 0.949047 1.0564 1.14264 1.23317 1.66728 1.66917 1.66943 1.78822 
0.106398 0.521936 0.949047 1.0564 1.14264 1.23317 1.66728 1.66917 1.66943 1.78822 
0.106398 0.521936 0.949047 1.0564 1.14264 1.23317 1.66728 1.66917 1.66943 1.77087 
0.106398 0.521936 0.949047 1.0564 1.14264 1.23317 1.66728 1.66917 1.66943 1.77087 
0.106398 0.521936 0.949047 1.0564 1.14264 1.23317 1.66728 1.66917 1.66943 1.68288 
0.106398 0.521936 0.949047 1.0564 1.14264 1.23317 1.44256 1.66728 1.66917 1.66943 
0.106398 0.521936 0.949047 1.0564 1.14264 1.23317 1.44256 1.60549 1.66728 1.66917 
0.106398 0.521936 0.949047 1.0564 1.14264 1.18463 1.23317 1.44256 1.5401 1.58796 
0.106398 0.521936 0.862762 0.949047 1.0564 1.14264 1.18463 1.23317 1.44256 1.5401 
0.106398 0.318935 0.521936 0.862762 0.949047 1.0564 1.14264 1.18463 1.23317 1.44256 
0.106398 0.318935 0.521936 0.862762 0.949047 1.0564 1.14264 1.18463 1.23317 1.44256 
0.106398 0.318935 0.521936 0.862762 0.949047 1.05483 1.0564 1.14264 1.18463 1.23317 
0.106398 0.318935 0.521936 0.862762 0.885849 0.949047 0.997643 1.05483 1.0564 1.14264 
0.106398 0.318935 0.521936 0.862762 0.885849 0.949047 0.997643 1.05483 1.0564 1.14264 
0.106398 0.318935 0.521936 0.547316 0.862762 0.885849 0.949047 0.997643 1.05483 1.0564 
0.106398 0.318935 0.521936 0.547316 0.772254 0.825202 0.862762 0.885849 0.949047 0.997643 
0.106398 0.318935 0.521936 0.533391 0.547316 0.772254 0.825202 0.862762 0.885849 0.949047 
0.106398 0.318935 0.521936 0.533391 0.547316 0.636338 0.648421 0.772254 0.825202 0.862762 
0.106398 0.318935 0.380607 0.521936 0.533391 0.547316 0.636338 0.648421 0.772254 0.825202 
0.106398 0.318935 0.380607 0.521936 0.533391 0.547316 0.636338 0.648421 0.772254 0.825202 
0.106398 0.119266 0.149132 0.318935 0.380607 0.521936 0.533391 0.547316 0.636338 0.648421 
0.106398 0.119266 0.132391 0.149132 0.318935 0.353986 0.380607 0.521936 0.533391 0.547316 
0.106398 0.119266 0.132391 0.149132 0.318935 0.342223 0.353986 0.380607 0.521936 0.533391 
0.106398 0.119266 0.132391 0.149132 0.241925 0.318935 0.342223 0.353986 0.380607 0.521936 
0.106398 0.119266 0.132391 0.149132 0.241925 0.318935 0.342223 0.353986 0.380607 0.419375 
0.106398 0.119266 0.132391 0.149132 0.241925 0.318935 0.342223 0.353986 0.380607 0.405731 
0.106398 0.119266 0.132391 0.149132 0.241925 0.266183 0.318935 0.342223 0.353986 0.380607 
0.106398 0.119266 0.120364 0.132391 0.149132 0.241925 0.266183 0.318935 0.342223 0.353986 
0.106398 0.119266 0.120364 0.132391 0.149132 0.241925 0.266183 0.318935 0.342223 0.353986 
0.106398 0.119266 0.120364 0.132391 0.149132 0.241925 0.266183 0.318935 0.342223 0.353986 
0.106398 0.119266 0.120364 0.132391 0.149132 0.241925 0.266183 0.318935 0.342223 0.353986 
0.106398 0.119266 0.120364 0.132391 0.149132 0.241925 0.266183 0.313014 0.318935 0.342223 
0.106398 0.119266 0.120364 0.132391 0.149132 0.241925 0.266183 0.313014 0.318935 0.342223 
0.106398 0.119266 0.120364 0.132391 0.149132 0.241925 0.266183 0.313014 0.318935 0.342223 
0.106398 0.119266 0.120364 0.132391 0.149132 0.241925 0.266183 0.313014 0.318935 0.342223 
0.106398 0.119266 0.120364 0.132391 0.149132 0.241925 0.266183 0.313014 0.318935 0.342223 
0.106398 0.119266 0.120364 0.132391 0.149132 0.241925 0.266183 0.313014 0.318935 0.342223 
0.106398 0.119266 0.120364 0.132391 0.149132 0.241925 0.266183 0.313014 0.318935 0.342223 
0.106398 0.119266 0.120364 0.132391 0.149132 0.241925 0.266183 0.313014 0.318935 0.342223 
0.106398 0.119266 0.120364 0.132391 0.149132 0.241925 0.266183 0.313014 0.318935 0.342223 
0.106398 0.119266 0.120364 0.132391 0.149132 0.241925 0.266183 0.313014 0.318935 0.342223 
0.106398 0.119266 0.120364 0.132391 0.149132 0.241925 0.266183 0.313014 0.318935 0.342223 
0.106398 0.119266 0.120364 0.132391 0.149132 0.241925 0.266183 0.313014 0.318935 0.342223 
0.106398 0.119266 0.120364 0.132391 0.149132 0.241925 0.266183 0.313014 0.318935 0.342223 
0.106398 0.119266 0.120364 0.132391 0.149132 0.241925 0.266183 0.283538 0.313014 0.318935 
0.106398 0.119266 0.120364 0.132391 0.149132 0.241925 0.266183 0.283538 0.313014 0.318935 
0.106398 0.119266 0.120364 0.132391 0.149132 0.241925 0.266183 0.283538 0.313014 0.318935 
0.106398 0.119266 0.120364 0.132391 0.149132 0.241925 0.266183 0.27375 0.283538 0.313014 
0.106398 0.119266 0.120364 0.132391 0.149132 0.241925 0.266183 0.27375 0.283538 0.313014 
0.106398 0.119266 0.120364 0.132391 0.149132 0.241925 0.248449 0.266183 0.27375 0.283538 
0.106398 0.119266 0.120364 0.132391 0.149132 0.241925 0.248449 0.266183 0.27375 0.283538 
0.106398 0.119266 0.120364 0.132391 0.149132 0.241925 0.248449 0.266183 0.27375 0.283538 
0.106398 0.119266 0.120364 0.132391 0.149132 0.241925 0.248449 0.266183 0.27375 0.283538 
0.106398 0.119266 0.120364 0.132391 0.149132 0.188548 0.241925 0.248449 0.266183 0.27375 
0.106398 0.119266 0.120364 0.132391 0.149132 0.188548 0.241925 0.248449 0.266183 0.27375 
0.106398 0.119266 0.120364 0.132391 0.135647 0.149132 0.188548 0.241925 0.248449 0.266183 
0.106398 0.119266 0.120364 0.132391 0.135647 0.149132 0.188548 0.207936 0.241925 0.248449 
0.106398 0.119266 0.120364 0.132391 0.133459 0.135647 0.149132 0.188548 0.207936 0.20979 
0.106398 0.119266 0.120364 0.121719 0.132391 0.133459 0.135647 0.149132 0.165773 0.188548 
0.106398 0.119266 0.120364 0.121719 0.132391 0.133459 0.135647 0.149132 0.161951 0.165773 
0.106398 0.119266 0.120364 0.121719 0.132391 0.133459 0.13384 0.135647 0.149132 0.161951 
0.106398 0.119266 0.120364 0.121719 0.132391 0.133459 0.13384 0.135647 0.149132 0.161951 
0.10108 0.106398 0.119266 0.120364 0.121719 0.132391 0.133459 0.13384 0.135647 0.149132 
0.10108 0.106398 0.119266 0.120364 0.121719 0.132391 0.133459 0.13384 0.135647 0.149132 
0.0824138 0.0847309 0.10108 0.104531 0.106398 0.113179 0.119266 0.120364 0.121719 0.132391 
0.0824138 0.0847309 0.10108 0.101987 0.104531 0.106398 0.109414 0.113179 0.119266 0.120364 
0.0824138 0.0847309 0.10108 0.101987 0.104531 0.106398 0.109414 0.113179 0.115106 0.119266 
0.0824138 0.0847309 0.0873783 0.10108 0.101987 0.104531 0.106398 0.109414 0.113179 0.115106 
0.059402 0.0824138 0.0847309 0.0873783 0.10108 0.101987 0.104531 0.106398 0.109414 0.113179 
0.059402 0.0606456 0.0663623 0.0824138 0.0847309 0.0873783 0.10108 0.101987 0.104531 0.106398 
0.059402 0.0606456 0.0663623 0.0824138 0.0847309 0.0873783 0.10108 0.101987 0.104531 0.106398 
0.0485236 0.059402 0.0606456 0.0663623 0.0704506 0.0824138 0.0847309 0.0873783 0.10108 0.101987 
0.0485236 0.059402 0.0606456 0.0663623 0.0704506 0.0824138 0.0847309 0.0873783 0.10108 0.101987 
0.0423276 0.0485236 0.0581311 0.059402 0.0606456 0.0663623 0.0704506 0.0811035 0.0824138 0.0840658 
0.0423276 0.0485236 0.0581311 0.059402 0.0606456 0.0643265 0.0663623 0.0704506 0.0811035 0.0824138 
0.0423276 0.0485236 0.0487425 0.0581311 0.059402 0.0606456 0.0643265 0.0663623 0.0704506 0.0811035 
0.0416199 0.0423276 0.0485236 0.0487425 0.054208 0.0544831 0.0581311 0.059402 0.0606456 0.0643265 
0.0316039 0.0359895 0.0416199 0.0423276 0.0450586 0.0474271 0.0485236 0.0487425 0.054208 0.0544831 
0.0316039 0.0359895 0.0405991 0.0416199 0.0423276 0.0450586 0.0474271 0.0485236 0.0487425 0.0535509 
0.0316039 0.0357632 0.0359895 0.0366919 0.0388505 0.0405991 0.0416199 0.0423276 0.0450586 0.0474271 
0.0316039 0.0357632 0.0359895 0.0366919 0.0388505 0.0392812 0.0405991 0.0416199 0.0423276 0.0443481 
0.0316039 0.0316319 0.0357632 0.0359895 0.0366919 0.0388505 0.0392812 0.0405991 0.0416199 0.0423276 
0.0316039 0.0316319 0.0341873 0.0357632 0.0359895 0.0362395 0.0366919 0.0388505 0.0392812 0.0396215 
