2.67589 3.15273 3.2263 3.54598 4.3237 4.32447 4.47795 6.42443 6.7686 6.85884 
0.527388 2.67589 2.69898 3.15273 3.2263 3.5379 3.54598 3.92574 4.3237 4.32447 
0.527388 0.531638 2.67589 2.69898 3.15273 3.17491 3.2263 3.5379 3.54598 3.92574 
0.527388 0.531638 2.67589 2.69898 3.15273 3.17491 3.2263 3.5379 3.54598 3.92574 
0.527388 0.531638 2.16642 2.67589 2.69898 2.77654 3.15273 3.17491 3.2263 3.5379 
0.527388 0.531638 0.700657 2.16642 2.56259 2.67589 2.69898 2.77654 3.15273 3.17491 
0.527388 0.531638 0.700657 1.98341 2.16642 2.56259 2.67589 2.69898 2.77654 2.94626 
0.527388 0.531638 0.700657 1.98341 2.16642 2.56259 2.67589 2.69898 2.72937 2.77654 
0.527388 0.531638 0.700657 1.98341 2.16642 2.56259 2.67589 2.69898 2.72937 2.77654 
0.527388 0.531638 0.700657 1.98341 2.16642 2.20671 2.56259 2.67589 2.69898 2.72937 
0.527388 0.531638 0.700657 1.98341 2.16642 2.20671 2.56259 2.67589 2.69898 2.72937 
0.425584 0.527388 0.531638 0.700657 1.98341 2.16642 2.20671 2.56259 2.67589 2.69898 
0.425584 0.527388 0.531638 0.700657 0.721555 1.98341 2.16642 2.20671 2.56259 2.67589 
0.425584 0.527388 0.531638 0.700657 0.721555 1.98341 2.05065 2.16642 2.20671 2.56259 
0.425584 0.527388 0.531638 0.700657 0.721555 1.98341 2.05065 2.16642 2.19606 2.20671 
0.425584 0.509774 0.527388 0.531638 0.700657 0.721555 1.54956 1.98341 2.05065 2.16642 
0.425584 0.509774 0.527388 0.531638 0.700657 0.721555 1.54956 1.70184 1.98341 2.05065 
0.425584 0.509774 0.527388 0.531638 0.700657 0.721555 0.912361 1.54956 1.70184 1.95394 
0.425584 0.509774 0.527388 0.531638 0.700657 0.721555 0.910863 0.912361 1.54956 1.70184 
0.425584 0.509774 0.527388 0.531638 0.700657 0.721555 0.910863 0.912361 1.06671 1.54956 
0.425584 0.509774 0.527388 0.531638 0.700657 0.721555 0.910863 0.912361 1.06671 1.54956 
0.425584 0.509774 0.527388 0.531638 0.700657 0.721555 0.910863 0.912361 1.06671 1.54956 
0.425584 0.509774 0.527388 0.531638 0.700657 0.721555 0.910863 0.912361 1.06671 1.54956 
0.425584 0.509774 0.527388 0.531638 0.700657 0.721555 0.910863 0.912361 1.06671 1.54956 
0.358713 0.425584 0.509774 0.527388 0.531638 0.700657 0.721555 0.910863 0.912361 1.06671 
0.358713 0.425584 0.509774 0.527388 0.531638 0.700657 0.721555 0.910863 0.912361 1.06671 
0.358713 0.425584 0.509774 0.527388 0.531638 0.700657 0.721555 0.907573 0.910863 0.912361 
0.358713 0.425584 0.509774 0.527388 0.531638 0.700657 0.721555 0.907573 0.910863 0.912361 
0.358713 0.425584 0.509774 0.527388 0.531638 0.700657 0.721555 0.907573 0.910863 0.912361 
0.358713 0.425584 0.509774 0.527388 0.531638 0.700657 0.721555 0.907573 0.910863 0.912361 
0.358713 0.425584 0.509774 0.527388 0.531638 0.582448 0.700657 0.721555 0.907573 0.910863 
0.358713 0.425584 0.509774 0.527388 0.531638 0.582448 0.700657 0.721555 0.907573 0.910863 
0.358713 0.425584 0.509774 0.527388 0.531638 0.582448 0.700657 0.721555 0.890232 0.907573 
0.358713 0.425584 0.509774 0.527388 0.531638 0.582448 0.700657 0.721555 0.890232 0.907573 
0.358713 0.425584 0.509774 0.527388 0.531638 0.582448 0.700657 0.721555 0.890232 0.907573 
0.358713 0.425584 0.509774 0.527388 0.531638 0.582448 0.700657 0.721555 0.890232 0.907573 
0.358713 0.425584 0.509774 0.524279 0.527388 0.531638 0.582448 0.591481 0.700657 0.721555 
0.358713 0.425584 0.509314 0.509774 0.524279 0.527388 0.531638 0.582448 0.591481 0.700657 
0.0124191 0.358713 0.425584 0.509314 0.509774 0.524279 0.527388 0.531638 0.581619 0.582448 
0.0124191 0.112615 0.358713 0.425584 0.509314 0.509774 0.524279 0.527388 0.531638 0.581619 
0.0124191 0.112615 0.18944 0.358713 0.425584 0.509314 0.509774 0.524279 0.527388 0.531638 
0.0124191 0.0546975 0.112615 0.18944 0.358713 0.425584 0.509314 0.509774 0.524279 0.527388 
0.0124191 0.0546975 0.112615 0.18944 0.358713 0.425584 0.509314 0.509774 0.524279 0.527388 
0.0124191 0.0546975 0.112615 0.18944 0.358713 0.425584 0.509314 0.509774 0.524279 0.527388 
0.0124191 0.0546975 0.112615 0.18944 0.358713 0.425584 0.43459 0.509314 0.509774 0.524279 
0.0124191 0.0546975 0.112615 0.18944 0.21603 0.358713 0.425584 0.43459 0.509314 0.509774 
0.0124191 0.0546975 0.112615 0.18944 0.21603 0.358713 0.425584 0.43459 0.509314 0.509774 
0.0124191 0.0546975 0.112615 0.18944 0.21603 0.358713 0.425584 0.43459 0.470459 0.509314 
0.0124191 0.0546975 0.112615 0.18944 0.21603 0.253024 0.358713 0.425584 0.43459 0.470459 
0.0124191 0.0546975 0.112615 0.18944 0.192933 0.21603 0.253024 0.358713 0.425584 0.43459 
0.0124191 0.0546975 0.112615 0.18944 0.192933 0.21603 0.253024 0.358713 0.425584 0.43459 
0.0124191 0.0546975 0.112615 0.18944 0.192933 0.21603 0.253024 0.358713 0.425584 0.43459 
0.0124191 0.0546975 0.112615 0.18944 0.192933 0.21603 0.253024 0.358713 0.425584 0.43459 
0.0124191 0.0546975 0.112615 0.18944 0.192933 0.21603 0.253024 0.358713 0.425584 0.43459 
0.0124191 0.0546975 0.112615 0.18944 0.192933 0.21603 0.253024 0.358713 0.425584 0.43459 
0.0124191 0.0546975 0.112615 0.18944 0.192933 0.21603 0.253024 0.358713 0.425584 0.43459 
0.0124191 0.0546975 0.112615 0.18944 0.192933 0.21603 0.253024 0.358713 0.425584 0.43459 
0.0124191 0.0546975 0.112615 0.18944 0.192933 0.21603 0.253024 0.358713 0.425584 0.43459 
0.0124191 0.0546975 0.112615 0.18944 0.192933 0.21603 0.253024 0.358713 0.425584 0.43459 
0.0124191 0.0546975 0.112615 0.18944 0.192933 0.21603 0.253024 0.358713 0.425584 0.43459 
0.0124191 0.0546975 0.112615 0.18944 0.192933 0.21603 0.253024 0.358713 0.425584 0.43459 
0.0124191 0.0546975 0.112615 0.18944 0.192933 0.21603 0.253024 0.358713 0.425584 0.43459 
0.0124191 0.0546975 0.112615 0.18944 0.192933 0.21603 0.253024 0.358713 0.425584 0.43459 
0.0124191 0.0546975 0.112615 0.18944 0.192933 0.21603 0.253024 0.358713 0.425584 0.43459 
0.0124191 0.0546975 0.112615 0.18944 0.192933 0.21603 0.253024 0.358713 0.425584 0.43459 
0.0124191 0.0546975 0.112615 0.18944 0.192933 0.21603 0.253024 0.358713 0.425584 0.43459 
0.0124191 0.0546975 0.112615 0.18944 0.192933 0.21603 0.253024 0.358713 0.425584 0.43459 
0.0124191 0.0546975 0.112615 0.18944 0.192933 0.21603 0.253024 0.358713 0.425584 0.43459 
0.0124191 0.0546975 0.112615 0.18944 0.192933 0.21603 0.253024 0.358713 0.425584 0.43459 
0.0124191 0.0546975 0.112615 0.18944 0.192933 0.21603 0.253024 0.358713 0.425584 0.43459 
0.0124191 0.0546975 0.112615 0.18944 0.192933 0.21603 0.253024 0.358713 0.425584 0.43459 
0.0124191 0.0546975 0.112615 0.18944 0.192933 0.21603 0.253024 0.358713 0.425584 0.43459 
0.0124191 0.0546975 0.112615 0.18944 0.192933 0.21603 0.253024 0.358713 0.425584 0.43459 
0.0124191 0.0546975 0.112615 0.18944 0.192933 0.21603 0.253024 0.358713 0.425584 0.43459 
0.0124191 0.0546975 0.112615 0.18944 0.192933 0.21603 0.253024 0.358713 0.425584 0.43459 
0.0124191 0.0546975 0.112615 0.18944 0.192933 0.21603 0.253024 0.358713 0.425584 0.43459 
0.0124191 0.0546975 0.112615 0.18944 0.192933 0.21603 0.253024 0.358713 0.425584 0.43459 
0.0124191 0.0546975 0.112615 0.18944 0.192933 0.21603 0.253024 0.358713 0.425584 0.43459 
0.0124191 0.0546975 0.112615 0.18944 0.192933 0.21603 0.253024 0.358713 0.425584 0.43459 
0.0124191 0.0546975 0.112615 0.18944 0.192933 0.21603 0.253024 0.358713 0.425584 0.43459 
0.0124191 0.0546975 0.112615 0.18944 0.192933 0.21603 0.253024 0.358713 0.425584 0.43459 
0.0124191 0.0546975 0.112615 0.18944 0.192933 0.21603 0.253024 0.358713 0.425584 0.43459 
0.0124191 0.0546975 0.112615 0.18944 0.192933 0.21603 0.253024 0.358713 0.425584 0.43459 
0.0124191 0.0546975 0.112615 0.18944 0.192933 0.21603 0.253024 0.358713 0.425584 0.43459 
0.0124191 0.0546975 0.112615 0.18944 0.192933 0.21603 0.253024 0.358713 0.425584 0.43459 
0.0124191 0.0546975 0.112615 0.18944 0.192933 0.21603 0.253024 0.358713 0.425584 0.43459 
0.0124191 0.0546975 0.112615 0.18944 0.192933 0.21603 0.253024 0.358713 0.425584 0.43459 
0.0124191 0.0546975 0.112615 0.18944 0.192933 0.21603 0.253024 0.358713 0.425584 0.43459 
0.0124191 0.0546975 0.112615 0.18944 0.192933 0.21603 0.253024 0.358713 0.425584 0.43459 
0.0124191 0.0546975 0.112615 0.18944 0.192933 0.21603 0.253024 0.358713 0.425584 0.43459 
0.0124191 0.0546975 0.112615 0.18944 0.192933 0.21603 0.253024 0.358713 0.425584 0.43459 
0.0124191 0.0546975 0.112615 0.18944 0.192933 0.21603 0.253024 0.358713 0.425584 0.43459 
0.0124191 0.0546975 0.112615 0.18944 0.192933 0.21603 0.253024 0.358713 0.425584 0.43459 
0.0124191 0.0546975 0.112615 0.18944 0.192933 0.21603 0.253024 0.358713 0.425584 0.43459 
0.0124191 0.0546975 0.112615 0.18944 0.192933 0.21603 0.253024 0.358713 0.425584 0.43459 
0.0124191 0.0546975 0.112615 0.18944 0.192933 0.21603 0.253024 0.358713 0.425584 0.43459 
0.0124191 0.0546975 0.112615 0.18944 0.192933 0.21603 0.253024 0.358713 0.425584 0.43459 
0.0124191 0.0546975 0.112615 0.18944 0.192933 0.21603 0.253024 0.358713 0.425584 0.43459 
0.0124191 0.0546975 0.112615 0.18944 0.192933 0.21603 0.253024 0.358713 0.425584 0.43459 
0.0124191 0.0546975 0.112615 0.18944 0.192933 0.21603 0.253024 0.358713 0.425584 0.43459 
