3.37772 4.35303 5.31323 5.69377 6.15767 6.18057 6.41925 6.64655 7.32012 7.62528 
3.37772 4.33951 4.35303 5.31323 5.43237 5.69377 6.15767 6.18057 6.35864 6.41925 
3.37772 4.33951 4.35303 4.72239 5.31323 5.43237 5.69377 6.15767 6.18057 6.35864 
3.37772 4.33951 4.35303 4.72239 5.31323 5.43237 5.69377 6.15767 6.18057 6.35864 
3.37772 4.33951 4.35303 4.72239 5.31323 5.43237 5.69377 6.15767 6.18057 6.35864 
3.37772 4.33951 4.35303 4.72239 5.02666 5.31323 5.43237 5.69377 6.15767 6.18057 
3.37772 4.33951 4.35303 4.43438 4.72239 5.02666 5.31323 5.43237 5.69377 6.15767 
3.37772 4.14738 4.33951 4.35303 4.43438 4.72239 5.02666 5.31323 5.43237 5.69377 
3.37772 4.14738 4.33951 4.35303 4.43438 4.72239 5.02666 5.31323 5.43237 5.69377 
3.37772 4.14738 4.33951 4.35303 4.43438 4.72239 5.02666 5.31323 5.43237 5.69377 
3.37772 4.14738 4.33951 4.35303 4.43438 4.72239 5.02666 5.31323 5.43237 5.69377 
3.31369 3.37772 4.14738 4.33951 4.35303 4.43438 4.72239 5.02666 5.31323 5.43237 
3.28241 3.31369 3.37772 4.14738 4.33951 4.35303 4.43438 4.72239 5.02666 5.31323 
3.28241 3.31369 3.37772 3.69461 4.14738 4.33951 4.35303 4.43438 4.72239 5.02666 
3.28241 3.31369 3.37772 3.69461 3.70198 4.14738 4.33951 4.35303 4.43438 4.72239 
3.28241 3.31369 3.37772 3.69461 3.70198 4.11761 4.14738 4.33951 4.35303 4.43438 
3.28241 3.31369 3.37772 3.61304 3.69461 3.70198 4.11761 4.14738 4.33951 4.35303 
2.83574 3.28241 3.31369 3.37772 3.61304 3.69461 3.70198 3.78153 4.11761 4.14738 
2.83574 3.28241 3.31369 3.37772 3.61304 3.69461 3.70198 3.78153 4.11761 4.14738 
2.83574 3.28241 3.31369 3.37772 3.61304 3.69461 3.70198 3.78153 4.11761 4.13931 
2.83574 3.28241 3.31369 3.37772 3.61304 3.69461 3.70198 3.78153 4.11761 4.13931 
2.1557 2.83574 3.28241 3.31369 3.37772 3.61304 3.69461 3.70198 3.78153 3.92519 
2.1557 2.83574 3.28241 3.31369 3.37772 3.61304 3.69461 3.70198 3.7307 3.78153 
2.1557 2.61247 2.83574 3.28241 3.31369 3.37772 3.61304 3.69461 3.70198 3.7307 
2.1557 2.61247 2.83574 2.99959 3.28241 3.31369 3.37772 3.61304 3.69461 3.70198 
1.9624 2.1557 2.61247 2.83574 2.99959 3.28241 3.31369 3.37772 3.61304 3.69461 
1.9624 2.1557 2.61247 2.83574 2.99959 3.28241 3.31369 3.37772 3.61304 3.69461 
1.9624 2.1557 2.61247 2.83574 2.99959 3.22184 3.28241 3.31369 3.37772 3.61304 
1.9624 2.1557 2.61247 2.83574 2.99959 3.22184 3.28241 3.31369 3.37772 3.61304 
1.9624 2.1557 2.61247 2.83574 2.99959 3.22184 3.28241 3.31369 3.37772 3.61304 
1.9624 2.1557 2.61247 2.83574 2.99959 3.22184 3.28241 3.31369 3.37772 3.61304 
1.9624 2.1557 2.61247 2.83574 2.99959 3.22184 3.28241 3.31369 3.37772 3.42501 
1.9624 2.1557 2.61247 2.83574 2.99959 3.22184 3.28241 3.31369 3.37772 3.42501 
1.9624 2.1557 2.61247 2.83574 2.92716 2.99959 3.22184 3.28241 3.31369 3.37772 
1.9624 2.1557 2.61247 2.83574 2.92716 2.99959 3.22184 3.28241 3.31369 3.37772 
1.9624 2.1557 2.61247 2.83574 2.92716 2.99959 3.22184 3.28241 3.31369 3.37772 
1.9624 2.1557 2.61247 2.83574 2.92716 2.99959 3.22184 3.28241 3.31369 3.37772 
1.49473 1.9624 2.1557 2.61247 2.83574 2.92716 2.99959 3.22184 3.28241 3.31369 
1.49473 1.9624 2.1557 2.61247 2.83574 2.92716 2.99959 3.22184 3.28241 3.31369 
1.49473 1.9624 2.1557 2.47746 2.61247 2.83574 2.92716 2.99959 3.22184 3.28241 
1.49473 1.9624 2.1557 2.47746 2.61247 2.83574 2.92716 2.99959 3.22184 3.28241 
1.49473 1.9624 2.1557 2.47746 2.61247 2.83574 2.92716 2.99959 3.11197 3.22184 
1.49473 1.78754 1.9624 2.1557 2.47746 2.61247 2.83574 2.92716 2.99088 2.99959 
1.49473 1.78754 1.9624 2.1557 2.47746 2.61247 2.68146 2.83574 2.92716 2.99088 
1.49473 1.78754 1.9624 2.1557 2.47746 2.61247 2.68146 2.83574 2.92716 2.99088 
1.49473 1.78754 1.9624 2.1557 2.47746 2.61247 2.68146 2.83574 2.92716 2.99088 
0.3068 1.49473 1.78754 1.9624 2.1557 2.47746 2.61247 2.68146 2.83574 2.92716 
0.3068 1.49473 1.78754 1.9624 2.1557 2.47746 2.61247 2.68146 2.83574 2.92716 
0.3068 1.49473 1.78754 1.9624 2.1557 2.47746 2.61247 2.68146 2.83574 2.92716 
0.3068 1.49473 1.78754 1.9624 2.1557 2.47746 2.61247 2.68146 2.83574 2.92716 
0.3068 1.49473 1.78754 1.9624 2.1557 2.47746 2.61247 2.68146 2.83574 2.92716 
0.3068 1.49473 1.78754 1.9624 2.1557 2.47746 2.51957 2.61247 2.68146 2.83574 
0.3068 1.49473 1.78754 1.9624 2.1557 2.47746 2.51957 2.61247 2.68146 2.83574 
0.3068 1.49473 1.78754 1.9624 2.1557 2.47746 2.51957 2.61247 2.68146 2.83574 
0.3068 1.49473 1.78754 1.9624 2.1557 2.47746 2.51957 2.61247 2.68146 2.83574 
0.3068 1.49473 1.78754 1.9624 2.1557 2.47746 2.51957 2.61247 2.68146 2.83574 
0.3068 1.49473 1.78754 1.9624 2.1557 2.47746 2.51957 2.61247 2.68146 2.83574 
0.3068 1.49473 1.78754 1.9624 2.1557 2.47746 2.51957 2.61247 2.68146 2.83574 
0.3068 1.49473 1.78754 1.9624 2.1557 2.47746 2.51957 2.61247 2.68146 2.83574 
0.3068 1.49473 1.78754 1.9624 2.1557 2.47746 2.51957 2.61247 2.68146 2.83574 
0.3068 1.49473 1.78754 1.9624 2.1557 2.47746 2.51957 2.61247 2.68146 2.83574 
0.3068 1.49473 1.78754 1.9624 2.1557 2.47746 2.51957 2.61247 2.68146 2.83574 
0.3068 1.49473 1.78754 1.9624 2.1557 2.47746 2.51957 2.61247 2.68146 2.83574 
0.3068 1.49473 1.78754 1.9624 2.1557 2.47746 2.51957 2.61247 2.68146 2.83574 
0.3068 1.49473 1.78754 1.9624 2.1557 2.47746 2.51957 2.61247 2.68146 2.83574 
0.3068 1.49473 1.78754 1.9624 2.1557 2.47746 2.51957 2.61247 2.68146 2.83574 
0.3068 1.49473 1.78754 1.9624 2.1557 2.47746 2.51957 2.61247 2.68146 2.83574 
0.3068 1.49473 1.78754 1.9624 2.1557 2.47746 2.51957 2.61247 2.68146 2.83574 
0.3068 1.49473 1.78754 1.9624 2.1557 2.47746 2.51957 2.61247 2.68146 2.83574 
0.3068 1.49473 1.78754 1.9624 2.1557 2.47746 2.51957 2.61247 2.68146 2.83574 
0.3068 1.49473 1.78754 1.9624 2.1557 2.47746 2.51957 2.61247 2.68146 2.83574 
0.3068 1.49473 1.78754 1.9624 2.1557 2.47746 2.51957 2.61247 2.68146 2.83574 
0.3068 1.49473 1.78754 1.9624 2.1557 2.43347 2.47746 2.51957 2.61247 2.68146 
0.3068 1.49473 1.78754 1.9624 2.1557 2.43347 2.47746 2.51957 2.61247 2.68146 
0.3068 1.49473 1.78754 1.9624 2.1557 2.43347 2.47746 2.51957 2.61247 2.6555 
0.3068 1.49473 1.78754 1.9624 2.1557 2.38529 2.43347 2.47746 2.51957 2.61247 
0.3068 1.49473 1.78754 1.9624 2.03627 2.1557 2.38529 2.43347 2.47746 2.51957 
0.3068 1.49473 1.78754 1.8235 1.9624 2.03627 2.1557 2.38529 2.43347 2.47746 
0.3068 1.49473 1.78754 1.8235 1.9624 2.03627 2.1557 2.38529 2.43347 2.47746 
0.3068 1.49473 1.78754 1.8235 1.9624 2.03627 2.1557 2.38529 2.43347 2.47746 
0.3068 1.49473 1.65617 1.78754 1.8235 1.9624 2.03627 2.1557 2.38529 2.43347 
0.3068 1.49473 1.65233 1.65617 1.78754 1.8235 1.9624 2.03627 2.1557 2.38529 
0.3068 1.46845 1.49473 1.65233 1.65617 1.78754 1.8235 1.9624 2.03627 2.1557 
0.3068 1.46845 1.49473 1.57866 1.65233 1.65617 1.78754 1.8235 1.9624 2.03627 
0.3068 1.46845 1.49473 1.57866 1.65233 1.65617 1.78754 1.8235 1.9624 2.03627 
0.3068 1.46845 1.49473 1.57866 1.65233 1.65617 1.78754 1.8235 1.9624 2.03627 
0.3068 1.2847 1.46845 1.49473 1.57866 1.65233 1.65617 1.78754 1.8235 1.9624 
0.3068 1.2847 1.46845 1.49473 1.57866 1.65233 1.65617 1.78754 1.8235 1.9624 
0.3068 1.2847 1.46845 1.49473 1.57866 1.65233 1.65617 1.78754 1.8235 1.9624 
0.3068 0.967687 1.2847 1.46845 1.49473 1.57866 1.65233 1.65617 1.78754 1.8235 
0.3068 0.967687 1.2847 1.46845 1.49473 1.57866 1.65233 1.65617 1.67824 1.78754 
0.3068 0.967687 1.2847 1.46845 1.49473 1.57866 1.61431 1.65233 1.65617 1.67824 
0.3068 0.967687 1.24339 1.2847 1.46845 1.49473 1.57866 1.61431 1.65233 1.65617 
0.3068 0.903705 0.967687 1.24339 1.2847 1.46845 1.49473 1.57866 1.61431 1.65233 
0.3068 0.657904 0.903705 0.967687 1.24339 1.2847 1.46845 1.49473 1.57866 1.61431 
0.3068 0.657904 0.695502 0.903705 0.967687 1.24339 1.2847 1.39258 1.39576 1.46845 
0.3068 0.657904 0.695502 0.903705 0.932877 0.967687 1.24339 1.2847 1.39258 1.39576 
0.3068 0.627362 0.657904 0.695502 0.903705 0.932877 0.967687 1.24339 1.2847 1.39258 
0.3068 0.525642 0.57831 0.627362 0.657904 0.695502 0.903705 0.932877 0.967687 1.16709 
0.3068 0.525642 0.57831 0.627362 0.657904 0.695502 0.903705 0.932877 0.967687 1.16709 
