1.80469 3.89901 4.00092 5.52383 5.90849 5.91362 5.91638 6.14853 6.63888 6.64517 
1.80469 3.89901 4.00092 5.52383 5.7106 5.90849 5.91362 5.91638 5.96363 6.14853 
1.80469 2.82039 3.89901 4.00092 5.52383 5.7106 5.90849 5.91362 5.91638 5.96363 
1.80469 1.9167 2.82039 3.89901 4.00092 4.54843 4.8747 5.52383 5.7106 5.90849 
1.80469 1.9167 2.82039 3.61381 3.89901 4.00092 4.37516 4.54843 4.8747 5.52383 
1.80469 1.9167 2.82039 3.61381 3.89901 4.00092 4.21071 4.37516 4.54843 4.8747 
0.856299 1.80469 1.9167 2.31394 2.82039 3.61381 3.89901 4.00092 4.21071 4.37516 
0.856299 1.80469 1.9167 2.31394 2.82039 3.61381 3.89901 4.00092 4.21071 4.37516 
0.856299 1.80469 1.9167 2.31394 2.82039 3.19258 3.61381 3.81295 3.89901 4.00092 
0.856299 1.80469 1.9167 2.31394 2.81586 2.82039 3.19258 3.61381 3.81295 3.89901 
0.856299 1.80469 1.9167 2.31394 2.81586 2.82039 2.8222 3.19258 3.61381 3.81295 
0.856299 1.80469 1.9167 2.31394 2.81586 2.82039 2.8222 3.19258 3.61381 3.81295 
0.856299 1.80469 1.9167 2.31394 2.81586 2.82039 2.8222 3.19258 3.61381 3.64742 
0.856299 1.80469 1.9167 2.31394 2.81586 2.82039 2.8222 3.19258 3.36031 3.61381 
0.856299 1.80469 1.9167 2.31394 2.81586 2.82039 2.8222 3.19258 3.36031 3.61381 
0.856299 1.80469 1.9167 2.31394 2.81586 2.82039 2.8222 2.96983 3.03053 3.19258 
0.856299 1.67651 1.80469 1.9167 2.31394 2.78373 2.81586 2.82039 2.8222 2.96983 
0.856299 1.67651 1.69239 1.80469 1.9167 2.31394 2.78373 2.81586 2.82039 2.8222 
0.856299 1.67651 1.69239 1.80469 1.9167 2.31394 2.78373 2.81586 2.82039 2.8222 
0.856299 1.67651 1.69239 1.80469 1.9167 2.31394 2.78373 2.81586 2.82039 2.8222 
0.856299 1.67651 1.69239 1.80469 1.9167 2.31394 2.78373 2.81586 2.82039 2.8222 
0.856299 1.67651 1.69239 1.80469 1.9167 2.31394 2.78373 2.81586 2.82039 2.8222 
0.856299 0.971187 1.67651 1.69239 1.80469 1.9167 2.31394 2.5805 2.78373 2.81586 
0.856299 0.971187 1.67651 1.69239 1.80469 1.9167 2.31394 2.5805 2.78373 2.81586 
0.856299 0.971187 1.67651 1.69239 1.80469 1.8416 1.9167 2.31394 2.5805 2.78373 
0.856299 0.971187 1.67651 1.69239 1.80469 1.8416 1.9167 2.31394 2.5805 2.78373 
0.856299 0.971187 1.5155 1.67651 1.69239 1.80469 1.8416 1.9167 2.31394 2.5805 
0.22299 0.856299 0.971187 1.5155 1.67651 1.69239 1.80469 1.8416 1.9167 2.31394 
0.22299 0.856299 0.971187 1.5155 1.67651 1.69239 1.80469 1.8416 1.9167 2.31394 
0.22299 0.856299 0.971187 1.5155 1.67651 1.69239 1.80469 1.8416 1.9167 2.31394 
0.22299 0.856299 0.971187 1.5155 1.67651 1.69239 1.74931 1.80469 1.8416 1.9167 
0.22299 0.856299 0.971187 1.09274 1.5155 1.67651 1.69239 1.74931 1.80469 1.8416 
0.22299 0.856299 0.971187 1.09274 1.5155 1.67651 1.69239 1.74931 1.80469 1.8416 
0.22299 0.856299 0.971187 1.09274 1.5155 1.67651 1.69239 1.74931 1.80469 1.8416 
0.22299 0.856299 0.971187 1.09274 1.5155 1.67651 1.69239 1.74931 1.80469 1.8416 
0.22299 0.856299 0.971187 1.09274 1.28294 1.5155 1.67651 1.69239 1.74931 1.80469 
0.22299 0.856299 0.971187 1.09274 1.27792 1.28294 1.5155 1.67651 1.69239 1.74931 
0.22299 0.856299 0.971187 1.09274 1.27792 1.28294 1.5155 1.67651 1.69239 1.74931 
0.22299 0.856299 0.971187 1.09274 1.27792 1.28294 1.5155 1.67651 1.69239 1.74931 
0.22299 0.382854 0.856299 0.971187 1.09274 1.27792 1.28294 1.5155 1.67651 1.69239 
0.22299 0.382854 0.856299 0.971187 1.09274 1.27792 1.28294 1.5155 1.67651 1.69239 
0.22299 0.382854 0.856299 0.971187 1.07251 1.09274 1.27792 1.28294 1.5155 1.67651 
0.22299 0.354728 0.382854 0.856299 0.971187 1.06291 1.07251 1.09274 1.27792 1.28294 
0.22299 0.354728 0.382854 0.856299 0.971187 1.06291 1.07251 1.09274 1.27792 1.28294 
0.22299 0.354728 0.382854 0.856299 0.971187 1.06291 1.07251 1.09274 1.27792 1.28294 
0.22299 0.354728 0.382854 0.399397 0.856299 0.971187 1.06291 1.07251 1.09274 1.27792 
0.22299 0.354728 0.382854 0.399397 0.521002 0.856299 0.971187 1.06291 1.07251 1.09274 
0.22299 0.354728 0.382854 0.399397 0.521002 0.856299 0.872276 0.971187 1.06291 1.07251 
0.22299 0.354728 0.382854 0.399397 0.521002 0.856299 0.872276 0.971187 1.06291 1.07251 
0.22299 0.354728 0.382854 0.399397 0.521002 0.856299 0.872276 0.971187 1.06291 1.07251 
0.22299 0.354728 0.382854 0.399397 0.521002 0.856299 0.872276 0.971187 1.06291 1.07251 
0.10686 0.22299 0.354728 0.382854 0.399397 0.521002 0.856299 0.872276 0.971187 1.06291 
0.10686 0.22299 0.354728 0.382854 0.399397 0.521002 0.856299 0.872276 0.971187 1.06291 
0.10686 0.22299 0.354728 0.382854 0.399397 0.521002 0.856299 0.872276 0.971187 1.06291 
0.10686 0.22299 0.354728 0.382854 0.399397 0.521002 0.856299 0.872276 0.971187 1.06291 
0.10686 0.22299 0.354728 0.382854 0.399397 0.521002 0.754736 0.856299 0.872276 0.971187 
0.10686 0.22299 0.354728 0.382854 0.399397 0.521002 0.716759 0.754736 0.856299 0.872276 
0.10686 0.22299 0.354728 0.382854 0.399397 0.521002 0.623817 0.716759 0.754736 0.856299 
0.10686 0.22299 0.354728 0.382854 0.399397 0.521002 0.623817 0.716759 0.754736 0.856299 
0.10686 0.22299 0.354728 0.382854 0.399397 0.521002 0.623817 0.716759 0.754736 0.81944 
0.10686 0.22299 0.354728 0.382854 0.399397 0.44875 0.521002 0.623817 0.716759 0.754736 
0.10686 0.22299 0.354728 0.382854 0.399397 0.44875 0.521002 0.623817 0.716759 0.744695 
0.10686 0.22299 0.354728 0.382854 0.399397 0.417021 0.44875 0.521002 0.623817 0.716759 
0.10686 0.22299 0.354728 0.382854 0.399397 0.417021 0.44875 0.521002 0.576645 0.605734 
0.10686 0.154863 0.22299 0.318194 0.354728 0.382854 0.399397 0.417021 0.44875 0.521002 
0.10686 0.154863 0.22299 0.318194 0.354728 0.382854 0.399397 0.417021 0.44875 0.521002 
0.10686 0.154863 0.22299 0.318194 0.354728 0.382854 0.399397 0.417021 0.44875 0.521002 
0.10686 0.154863 0.22299 0.318194 0.354728 0.355087 0.382854 0.399397 0.417021 0.44875 
0.10686 0.154863 0.22299 0.318194 0.354728 0.355087 0.382854 0.399397 0.417021 0.44875 
0.10686 0.154863 0.22299 0.318194 0.354728 0.355087 0.382854 0.399397 0.417021 0.44875 
0.10686 0.154863 0.19858 0.22299 0.318194 0.354728 0.355087 0.382854 0.399397 0.405959 
0.10686 0.154863 0.19858 0.22299 0.318194 0.354728 0.355087 0.382854 0.399397 0.405959 
0.10686 0.154863 0.19858 0.22299 0.227804 0.318194 0.354728 0.355087 0.382854 0.399397 
0.10686 0.154863 0.19858 0.22299 0.227804 0.318194 0.351813 0.354728 0.355087 0.382854 
0.10686 0.154863 0.19858 0.22299 0.227804 0.318194 0.351813 0.354728 0.355087 0.382854 
0.10686 0.154863 0.19858 0.22299 0.227804 0.318194 0.351813 0.354728 0.355087 0.382854 
0.10686 0.154863 0.19858 0.22299 0.227804 0.318194 0.351813 0.354728 0.355087 0.372657 
0.10686 0.154863 0.19858 0.22299 0.227804 0.234317 0.318194 0.351813 0.354728 0.355087 
0.10686 0.154863 0.19858 0.22299 0.227804 0.234317 0.318194 0.351813 0.354728 0.355087 
0.10686 0.154863 0.19858 0.22299 0.227804 0.234317 0.318194 0.351813 0.354728 0.355087 
0.10686 0.154863 0.19858 0.22299 0.227804 0.234317 0.252685 0.318194 0.351813 0.354728 
0.10686 0.154863 0.19858 0.22299 0.227804 0.234317 0.252685 0.318194 0.351813 0.354728 
0.10686 0.154863 0.19858 0.22299 0.227804 0.234317 0.252685 0.318194 0.342604 0.351813 
0.10686 0.154863 0.182328 0.19858 0.22299 0.227804 0.234317 0.252685 0.318194 0.342604 
0.10686 0.154863 0.182328 0.19858 0.22299 0.227804 0.234317 0.252685 0.318194 0.342604 
0.10686 0.154863 0.182328 0.19858 0.22299 0.227804 0.234317 0.252685 0.318194 0.342604 
0.10686 0.154863 0.182328 0.19858 0.22299 0.227804 0.234317 0.252685 0.318194 0.342604 
0.10686 0.154863 0.182328 0.19858 0.199736 0.22299 0.227804 0.234317 0.252685 0.318194 
0.10686 0.154863 0.182328 0.19858 0.199736 0.22299 0.227804 0.234317 0.252685 0.318194 
0.10686 0.154863 0.182328 0.19858 0.199736 0.22299 0.227804 0.234317 0.252685 0.318194 
0.10686 0.154863 0.182328 0.19858 0.199736 0.22299 0.227804 0.234317 0.252685 0.318194 
0.10686 0.154863 0.182328 0.19858 0.199736 0.22299 0.227804 0.234317 0.252685 0.318194 
0.10686 0.154863 0.182328 0.19858 0.199736 0.22299 0.227804 0.234317 0.252685 0.318194 
0.10686 0.154863 0.182328 0.19858 0.199736 0.22299 0.227804 0.234317 0.252685 0.318194 
0.10686 0.154863 0.182328 0.19858 0.199736 0.22299 0.227804 0.234317 0.252685 0.318194 
0.10686 0.154863 0.182328 0.19858 0.199736 0.22299 0.227804 0.234317 0.252685 0.318194 
0.10686 0.154863 0.182328 0.19858 0.199736 0.22299 0.227804 0.234317 0.252685 0.318194 
0.10686 0.154863 0.182328 0.19858 0.199736 0.22299 0.227804 0.234317 0.252685 0.318194 
0.10686 0.154863 0.182328 0.19858 0.199736 0.22299 0.227804 0.234317 0.252685 0.318194 
0.10686 0.154863 0.182328 0.19858 0.199736 0.22299 0.227804 0.234317 0.252685 0.318194 
