3.71601 4.58484 4.84939 5.64395 6.05919 6.29707 7.76896 7.91457 8.04527 8.10295 
3.71601 4.58484 4.84939 5.64395 6.05919 6.29707 6.4355 6.44382 6.472 7.76896 
3.71601 4.58484 4.84939 5.64395 6.05919 6.29707 6.4355 6.44382 6.472 7.76896 
3.71601 4.58484 4.84939 5.64395 6.05919 6.29707 6.4355 6.44382 6.472 7.13235 
3.44333 3.71601 4.58484 4.84939 5.61889 5.64395 6.05919 6.29707 6.4355 6.44382 
3.44333 3.71601 4.58484 4.84939 5.61889 5.64395 6.05919 6.29707 6.4355 6.44382 
3.44333 3.71601 4.58484 4.84939 5.61889 5.64395 6.05919 6.29707 6.4355 6.44382 
3.44333 3.71601 4.58484 4.84939 5.61889 5.64395 6.05919 6.29707 6.4355 6.44382 
3.44333 3.71601 4.58484 4.84939 5.61889 5.64395 6.05919 6.29707 6.4355 6.44382 
3.44333 3.71601 4.58484 4.84939 5.61889 5.64395 6.05919 6.29707 6.4355 6.44382 
3.44333 3.71601 4.58484 4.84939 5.07875 5.61889 5.64395 6.05919 6.29707 6.4355 
3.44333 3.71601 4.2347 4.58484 4.84939 5.07875 5.61889 5.64395 6.05919 6.29707 
3.44333 3.71601 4.2347 4.31547 4.58484 4.84939 5.07875 5.49983 5.61889 5.64395 
3.44333 3.71601 4.2347 4.31547 4.58484 4.84939 5.07875 5.49983 5.61889 5.64395 
3.44333 3.71601 4.2347 4.31547 4.58484 4.84939 5.07875 5.49983 5.61889 5.64395 
3.44333 3.71601 4.2347 4.31547 4.58484 4.84939 5.07875 5.49983 5.61889 5.64395 
3.44333 3.71601 4.2347 4.31547 4.58484 4.84939 5.07875 5.49983 5.61889 5.64395 
3.44333 3.71601 4.2347 4.31547 4.58484 4.84939 5.07875 5.25283 5.49983 5.61889 
3.44333 3.71601 4.2347 4.31547 4.58484 4.84939 5.07875 5.1149 5.25283 5.41547 
3.24477 3.44333 3.71601 4.2347 4.31547 4.48341 4.58484 4.84939 5.07875 5.1149 
3.24477 3.44333 3.71601 4.2347 4.31547 4.48341 4.5056 4.58484 4.84939 5.07875 
3.24477 3.44333 3.71601 3.73081 4.2347 4.31547 4.48341 4.5056 4.58484 4.84939 
3.24477 3.44333 3.71601 3.73081 4.2347 4.31547 4.48341 4.5056 4.54297 4.58484 
3.22009 3.24477 3.44333 3.71601 3.73081 4.2347 4.31547 4.48341 4.5056 4.54297 
3.22009 3.24477 3.44333 3.71601 3.73081 4.10487 4.2347 4.31547 4.48341 4.5056 
2.56713 3.22009 3.24477 3.44333 3.71601 3.73081 4.10487 4.2347 4.31547 4.48341 
2.56713 3.22009 3.24477 3.44333 3.71601 3.73081 4.10487 4.2347 4.31547 4.48341 
2.56713 3.22009 3.24477 3.44333 3.71601 3.73081 4.10487 4.2347 4.31547 4.48341 
2.56713 3.22009 3.24477 3.44333 3.71601 3.73081 4.10487 4.11997 4.2347 4.31547 
2.56713 3.22009 3.24477 3.44333 3.6085 3.67267 3.71601 3.73081 4.10487 4.11997 
2.56713 3.22009 3.24477 3.44333 3.6085 3.67267 3.71601 3.73081 4.10487 4.11997 
2.56713 2.7517 3.22009 3.24477 3.44333 3.6085 3.67267 3.71601 3.73081 3.99098 
2.56713 2.7517 3.22009 3.24477 3.44333 3.6085 3.67267 3.71601 3.73081 3.99098 
2.4257 2.56713 2.7517 3.22009 3.24477 3.44333 3.6085 3.67267 3.71601 3.73081 
2.4257 2.56713 2.7517 3.22009 3.24477 3.44333 3.6085 3.65488 3.67267 3.71601 
2.4257 2.56713 2.7517 3.13356 3.22009 3.24477 3.44333 3.51129 3.6085 3.65488 
2.4257 2.56713 2.7517 2.83315 3.13356 3.22009 3.24477 3.44333 3.51129 3.6085 
2.4257 2.56713 2.7517 2.83315 3.13356 3.22009 3.24477 3.44333 3.51129 3.6085 
2.4257 2.45929 2.56713 2.7517 2.83315 3.13356 3.22009 3.24477 3.43866 3.44333 
2.4257 2.45929 2.56713 2.65162 2.7517 2.83315 3.06207 3.13356 3.22009 3.24477 
2.4257 2.45929 2.56713 2.65162 2.7517 2.83315 3.06207 3.13356 3.22009 3.24477 
2.4257 2.45929 2.56713 2.65162 2.7517 2.83315 3.06207 3.13356 3.15652 3.22009 
2.4257 2.45929 2.56713 2.65162 2.7517 2.83315 3.06207 3.13356 3.15652 3.22009 
2.4257 2.45929 2.56713 2.65162 2.7517 2.83315 2.86176 3.06207 3.12293 3.13356 
2.4257 2.45929 2.56713 2.65162 2.7517 2.83315 2.86176 3.06207 3.12293 3.13356 
2.4257 2.45929 2.56713 2.65162 2.7517 2.83315 2.86176 2.96486 3.06207 3.12293 
2.4257 2.45929 2.56713 2.65162 2.7517 2.83315 2.86176 2.96486 3.06207 3.12293 
2.4257 2.45929 2.56713 2.65162 2.7517 2.83315 2.86176 2.96486 3.06207 3.12293 
2.4257 2.45929 2.56713 2.65162 2.7517 2.83315 2.86176 2.96486 3.06207 3.12293 
2.4257 2.45929 2.56713 2.65162 2.7517 2.83315 2.86176 2.96486 3.06207 3.12293 
2.4257 2.45929 2.56713 2.65162 2.7517 2.83315 2.86176 2.96486 3.04665 3.06207 
2.4257 2.45929 2.56713 2.65162 2.7517 2.83315 2.86176 2.96486 3.04665 3.05461 
2.4257 2.45929 2.56713 2.65162 2.7517 2.83315 2.86176 2.96486 3.04665 3.05461 
2.4257 2.45929 2.56713 2.65162 2.7517 2.83315 2.86176 2.96486 3.04665 3.05461 
2.4257 2.45929 2.56713 2.65162 2.7517 2.83315 2.86176 2.96486 3.04665 3.05461 
2.4257 2.45929 2.56713 2.65162 2.7517 2.83315 2.86176 2.96486 3.04665 3.05461 
2.4257 2.45929 2.56713 2.65162 2.7517 2.83315 2.86176 2.96486 3.04665 3.05461 
2.4257 2.45929 2.56713 2.65162 2.7517 2.83315 2.86176 2.96486 3.04665 3.05461 
2.4257 2.45929 2.56713 2.65162 2.70781 2.72624 2.7517 2.83315 2.86176 2.87383 
2.4257 2.45929 2.56713 2.65162 2.70781 2.72624 2.7517 2.83315 2.86176 2.87383 
2.4257 2.45929 2.56713 2.65162 2.70781 2.72624 2.7517 2.83315 2.86176 2.87383 
2.4257 2.45929 2.56713 2.65162 2.65972 2.70781 2.72624 2.7517 2.83315 2.86176 
2.4257 2.45929 2.56713 2.65162 2.65972 2.70781 2.72624 2.7517 2.83315 2.86176 
2.4257 2.45929 2.56713 2.65162 2.65972 2.70781 2.72624 2.7517 2.83315 2.86176 
2.4257 2.45929 2.56713 2.65162 2.65972 2.70781 2.72624 2.7517 2.83315 2.86176 
2.4257 2.45929 2.56713 2.65162 2.65972 2.70781 2.72624 2.7517 2.83315 2.86176 
2.36896 2.4257 2.45929 2.56713 2.65162 2.65972 2.70781 2.72624 2.7517 2.83315 
2.36896 2.4257 2.45929 2.56713 2.65162 2.65972 2.70781 2.72624 2.7517 2.83315 
2.36896 2.4257 2.45929 2.56713 2.65162 2.65972 2.70781 2.72624 2.7517 2.83315 
2.36896 2.4257 2.45929 2.56713 2.65162 2.65972 2.70781 2.72624 2.7517 2.83315 
2.21316 2.36896 2.4257 2.45929 2.56713 2.65162 2.65972 2.70781 2.72624 2.7517 
2.21316 2.36896 2.4257 2.45929 2.56713 2.59952 2.65162 2.65972 2.70781 2.72624 
2.21316 2.36896 2.4257 2.45929 2.56713 2.59952 2.65162 2.65972 2.70781 2.72624 
2.02032 2.21316 2.36896 2.4257 2.45929 2.56713 2.59952 2.65162 2.65972 2.70781 
2.02032 2.21316 2.36896 2.4257 2.45929 2.56713 2.59952 2.64056 2.65162 2.65972 
2.02032 2.21316 2.36896 2.4257 2.45929 2.56713 2.59952 2.64056 2.65162 2.65972 
2.02032 2.21316 2.36896 2.4257 2.45929 2.56713 2.59952 2.64056 2.65162 2.65972 
2.02032 2.21316 2.36896 2.4257 2.45929 2.56713 2.59952 2.64056 2.64706 2.65162 
1.69898 2.02032 2.21316 2.36896 2.4257 2.45929 2.56713 2.59952 2.64056 2.64706 
1.69898 2.02032 2.0804 2.09063 2.21316 2.36896 2.4257 2.45929 2.56713 2.59952 
1.69898 2.02032 2.0804 2.09063 2.21316 2.36896 2.4257 2.45929 2.56713 2.59952 
1.69898 2.02032 2.0804 2.09063 2.14189 2.21316 2.36896 2.4257 2.42962 2.45929 
1.69898 2.02032 2.02226 2.0804 2.09063 2.14189 2.21316 2.36896 2.4257 2.42962 
1.69898 2.02032 2.02226 2.0804 2.09063 2.14189 2.15685 2.21316 2.36896 2.37878 
1.52903 1.6593 1.69898 2.02032 2.02226 2.0804 2.09063 2.14189 2.15685 2.21316 
1.52903 1.6593 1.69898 2.02032 2.02226 2.0804 2.09063 2.14189 2.15685 2.21316 
1.52903 1.6593 1.69898 2.02032 2.02226 2.0804 2.09063 2.14189 2.15685 2.21316 
1.52903 1.6593 1.69898 1.72086 2.02032 2.02226 2.0804 2.09063 2.14189 2.15685 
1.47792 1.52903 1.6593 1.69898 1.72086 1.96176 2.02032 2.02226 2.06864 2.0804 
1.34995 1.47792 1.52903 1.6593 1.69898 1.72086 1.96176 2.02032 2.02226 2.06864 
1.34995 1.47792 1.52903 1.6593 1.69898 1.72086 1.76688 1.96176 2.02032 2.02226 
1.34995 1.47792 1.50972 1.52903 1.6593 1.69898 1.72086 1.76688 1.91815 1.96176 
1.34995 1.47792 1.50972 1.52903 1.6593 1.69898 1.72086 1.76688 1.91815 1.96176 
1.34995 1.47792 1.50972 1.52903 1.6593 1.69898 1.72086 1.76688 1.91815 1.96176 
1.27848 1.34995 1.47792 1.50972 1.52903 1.6593 1.69898 1.72086 1.76688 1.84893 
1.27848 1.34995 1.47792 1.47856 1.50972 1.52903 1.58522 1.6593 1.69898 1.72086 
1.27848 1.34995 1.47792 1.47856 1.50972 1.52903 1.58522 1.6593 1.69898 1.72086 
1.27848 1.34995 1.44399 1.47792 1.47856 1.50972 1.52903 1.58522 1.60452 1.6593 
1.2155 1.27848 1.34995 1.44399 1.47792 1.47856 1.50972 1.52903 1.58522 1.60452 
1.2155 1.27848 1.34995 1.44399 1.47792 1.47856 1.50972 1.52903 1.58522 1.60452 
