3.24504 3.60927 4.33344 4.40248 4.64231 5.63115 6.15188 6.59493 6.70636 7.55172 
2.92645 3.24504 3.60927 4.33344 4.40248 4.58069 4.64231 5.30295 5.63115 5.83302 
2.92645 3.24504 3.60927 4.33344 4.40248 4.58069 4.64231 5.30295 5.63115 5.83302 
2.92645 3.24504 3.60927 4.33344 4.40248 4.58069 4.64231 5.30295 5.63115 5.83302 
2.92645 3.24504 3.60927 4.32696 4.33344 4.40248 4.58069 4.64231 5.30295 5.63115 
2.92645 3.24504 3.60927 4.32696 4.33344 4.40248 4.58069 4.64231 5.30295 5.63115 
2.92645 3.24504 3.60927 4.32696 4.33344 4.40248 4.58069 4.64231 5.30295 5.63115 
2.92645 3.24504 3.60927 4.32696 4.33344 4.40248 4.58069 4.64231 5.30295 5.63115 
2.92645 3.24504 3.60927 4.32696 4.33344 4.40248 4.58069 4.64231 4.73494 5.30295 
2.92645 3.24504 3.60927 3.98442 4.32696 4.33344 4.40248 4.58069 4.64231 4.73494 
2.92645 3.24504 3.60927 3.98442 4.32696 4.33344 4.40248 4.58069 4.64231 4.73494 
2.92645 3.24504 3.60927 3.98442 4.32696 4.33344 4.40248 4.56965 4.58069 4.64231 
2.92645 3.24504 3.60927 3.98442 4.32696 4.33344 4.40248 4.56965 4.58069 4.64231 
2.92645 3.24504 3.42399 3.60927 3.98442 4.32696 4.33344 4.40248 4.56965 4.58069 
2.92645 3.24504 3.42399 3.60927 3.98442 4.32696 4.33344 4.39193 4.40248 4.56965 
2.92645 3.24504 3.42399 3.60927 3.98442 4.32696 4.33344 4.39193 4.40248 4.56965 
2.92645 3.05005 3.24504 3.42399 3.60927 3.98442 4.32696 4.33344 4.39193 4.40248 
2.92645 3.05005 3.24504 3.42399 3.43898 3.60927 3.98442 4.32696 4.33344 4.39193 
2.92645 3.05005 3.24504 3.42399 3.43898 3.60927 3.98442 4.09558 4.22485 4.32696 
2.92645 3.05005 3.24504 3.42399 3.43898 3.60927 3.98442 4.09558 4.22485 4.32696 
2.92645 3.05005 3.24504 3.42399 3.43898 3.60927 3.98442 4.09558 4.22485 4.32696 
2.92645 3.05005 3.24504 3.42399 3.43898 3.60927 3.98442 4.09558 4.22485 4.32696 
2.92645 3.05005 3.24504 3.42399 3.43898 3.60927 3.98442 4.09558 4.22485 4.32696 
2.92645 3.05005 3.24504 3.42399 3.43898 3.60927 3.98442 4.09558 4.22485 4.32696 
0.247971 2.92645 3.05005 3.24504 3.42399 3.43898 3.60927 3.79621 3.98442 4.09558 
0.247971 1.87806 2.92645 3.05005 3.24504 3.42399 3.43898 3.60927 3.79621 3.98442 
0.247971 1.87806 2.92645 3.05005 3.24504 3.42399 3.43898 3.60927 3.79621 3.98442 
0.247971 1.87806 2.92645 3.05005 3.24504 3.42399 3.43898 3.60927 3.79621 3.98442 
0.247971 1.87806 2.06099 2.92645 3.05005 3.24504 3.42399 3.43898 3.60927 3.79621 
0.247971 1.87806 2.06099 2.92645 3.05005 3.07621 3.24504 3.39574 3.42399 3.43898 
0.247971 1.87806 2.06099 2.92645 3.05005 3.07621 3.18143 3.24504 3.39574 3.42399 
0.247971 1.87806 2.06099 2.92645 3.05005 3.07621 3.18143 3.24504 3.27651 3.39574 
0.247971 1.87806 2.06099 2.92645 3.05005 3.0584 3.07621 3.18143 3.24504 3.27651 
0.247971 1.87806 2.06099 2.92645 3.05005 3.0584 3.07621 3.18143 3.24504 3.27651 
0.247971 1.87806 2.06099 2.09534 2.92645 3.05005 3.0584 3.07621 3.11199 3.18143 
0.247971 1.87806 2.06099 2.09534 2.73388 2.90421 2.92645 3.05005 3.0584 3.07621 
0.247971 1.87806 2.06099 2.09534 2.73388 2.86782 2.89931 2.90421 2.92645 3.05005 
0.247971 1.55467 1.87806 2.06099 2.09534 2.12023 2.73388 2.84691 2.86782 2.89931 
0.247971 1.55467 1.80037 1.87806 2.06099 2.09534 2.12023 2.45987 2.73388 2.84691 
0.247971 1.55467 1.80037 1.87806 2.06099 2.09534 2.12023 2.45987 2.73388 2.84691 
0.247971 1.55467 1.80037 1.87806 2.06099 2.09534 2.12023 2.45987 2.73388 2.84138 
0.247971 1.55467 1.80037 1.87806 2.06099 2.09534 2.12023 2.45987 2.73388 2.84138 
0.247971 0.673498 1.55467 1.80037 1.87806 2.06099 2.08557 2.09534 2.12023 2.45987 
0.247971 0.673498 1.01893 1.55467 1.80037 1.87806 2.06099 2.08557 2.09534 2.12023 
0.247971 0.673498 1.01893 1.55467 1.80037 1.87806 2.06099 2.08557 2.09534 2.12023 
0.247971 0.673498 1.01893 1.55467 1.80037 1.87806 2.06099 2.08557 2.09534 2.12023 
0.247971 0.673498 1.01893 1.55467 1.68489 1.80037 1.87806 2.06099 2.08557 2.09534 
0.247971 0.673498 1.01893 1.55467 1.68489 1.80037 1.87806 2.06099 2.08557 2.09534 
0.247971 0.673498 1.01893 1.55467 1.68489 1.80037 1.87806 2.06099 2.08557 2.09534 
0.247971 0.673498 1.01893 1.55467 1.68489 1.80037 1.87806 2.06099 2.08557 2.09534 
0.247971 0.673498 1.01893 1.55467 1.68489 1.80037 1.87806 2.06099 2.08557 2.09534 
0.247971 0.673498 1.01893 1.55467 1.56029 1.68489 1.73677 1.80037 1.87806 2.06099 
0.247971 0.673498 1.01893 1.55467 1.56029 1.68489 1.73677 1.80037 1.87806 2.06099 
0.247971 0.673498 1.01893 1.55467 1.56029 1.68489 1.73677 1.80037 1.87806 2.06099 
0.247971 0.473262 0.673498 1.01893 1.55467 1.56029 1.68489 1.73677 1.80037 1.87806 
0.247971 0.473262 0.673498 1.01893 1.55467 1.56029 1.68489 1.73677 1.80037 1.87806 
0.247971 0.473262 0.673498 1.01893 1.55467 1.56029 1.68489 1.73677 1.80037 1.87806 
0.247971 0.473262 0.673498 1.01893 1.55467 1.56029 1.56481 1.68489 1.73677 1.80037 
0.247971 0.473262 0.673498 1.01893 1.29512 1.55467 1.56029 1.56481 1.68489 1.73677 
0.247971 0.473262 0.647502 0.673498 1.01893 1.29512 1.55467 1.56029 1.56481 1.68489 
0.247971 0.473262 0.647502 0.673498 1.01893 1.29512 1.55467 1.56029 1.56481 1.68489 
0.247971 0.473262 0.647502 0.673498 0.827661 1.01893 1.29512 1.55467 1.56029 1.56481 
0.247971 0.473262 0.567695 0.647502 0.673498 0.827661 1.01893 1.29512 1.55467 1.56029 
0.247971 0.35148 0.473262 0.567695 0.647502 0.673498 0.827661 1.01893 1.29512 1.55467 
0.247971 0.35148 0.473262 0.567695 0.647502 0.673498 0.827661 1.01893 1.29512 1.55467 
0.247971 0.35148 0.473262 0.567695 0.647502 0.673498 0.827661 1.01893 1.29512 1.55467 
0.247971 0.35148 0.473262 0.567695 0.647502 0.673498 0.827661 1.01893 1.29512 1.47816 
0.247971 0.35148 0.473262 0.567695 0.641004 0.647502 0.673498 0.827661 1.01893 1.29512 
0.247971 0.35148 0.473262 0.567695 0.641004 0.647502 0.673498 0.827661 1.01893 1.15974 
0.247971 0.35148 0.473262 0.567695 0.641004 0.647502 0.673498 0.827661 1.01893 1.15974 
0.247971 0.35148 0.473262 0.567695 0.641004 0.647502 0.673498 0.827661 1.01893 1.15974 
0.247971 0.35148 0.473262 0.567695 0.641004 0.647502 0.673498 0.827661 1.01893 1.15974 
0.247971 0.35148 0.473262 0.567695 0.641004 0.647502 0.673498 0.827661 1.01893 1.15974 
0.247971 0.35148 0.473262 0.567695 0.641004 0.647502 0.673498 0.827661 1.01893 1.15974 
0.247971 0.35148 0.473262 0.567695 0.641004 0.647502 0.673498 0.827661 1.01893 1.15974 
0.247971 0.254964 0.35148 0.473262 0.567695 0.641004 0.647502 0.673498 0.827661 1.01893 
0.247971 0.254964 0.35148 0.473262 0.567695 0.641004 0.647502 0.673498 0.827661 1.01893 
0.247971 0.254964 0.35148 0.473262 0.567695 0.641004 0.647502 0.673498 0.827661 1.01893 
0.247971 0.254964 0.35148 0.473262 0.567695 0.641004 0.647502 0.673498 0.827661 1.01893 
0.247971 0.254964 0.35148 0.473262 0.567695 0.641004 0.647502 0.673498 0.827661 1.01893 
0.247971 0.254964 0.35148 0.367051 0.473262 0.567695 0.641004 0.647502 0.673498 0.827661 
0.247971 0.254964 0.35148 0.367051 0.473262 0.567695 0.641004 0.647502 0.673498 0.827661 
0.247971 0.254964 0.297931 0.35148 0.367051 0.473262 0.567695 0.641004 0.647502 0.673498 
0.246409 0.247971 0.254964 0.297931 0.35148 0.367051 0.473262 0.567695 0.641004 0.647502 
0.246409 0.247971 0.254964 0.297931 0.35148 0.367051 0.471724 0.473262 0.567695 0.641004 
0.246409 0.247971 0.254964 0.297931 0.35148 0.367051 0.471724 0.473262 0.567695 0.641004 
0.246409 0.247971 0.254964 0.297931 0.35148 0.367051 0.471724 0.473262 0.567695 0.641004 
0.246409 0.247971 0.254964 0.297931 0.35148 0.367051 0.401202 0.471724 0.473262 0.567695 
0.246409 0.247971 0.254964 0.297931 0.35148 0.367051 0.401202 0.420391 0.471724 0.473262 
0.246409 0.247971 0.254964 0.297931 0.35148 0.367051 0.401202 0.420391 0.471724 0.473262 
0.246409 0.247971 0.254964 0.297931 0.35148 0.367051 0.401202 0.420391 0.471724 0.473262 
0.246409 0.247971 0.254964 0.27834 0.297931 0.35148 0.367051 0.401202 0.420391 0.471724 
0.246409 0.247971 0.254964 0.27834 0.297931 0.35148 0.367051 0.401202 0.420391 0.471724 
0.246409 0.247971 0.254964 0.27834 0.297931 0.35148 0.367051 0.401202 0.420391 0.471724 
0.0785366 0.246409 0.247971 0.254964 0.27834 0.297931 0.35148 0.367051 0.401202 0.420391 
0.0785366 0.246409 0.247971 0.254964 0.27834 0.297931 0.35148 0.367051 0.401202 0.420391 
0.0785366 0.246409 0.247971 0.254964 0.27834 0.297931 0.35148 0.367051 0.401202 0.420391 
0.0785366 0.246409 0.247971 0.254964 0.27834 0.297931 0.35148 0.367051 0.401202 0.420391 
0.0785366 0.246409 0.247971 0.254964 0.27834 0.297931 0.35148 0.367051 0.401202 0.40672 
0.0785366 0.246409 0.247971 0.254964 0.27834 0.297931 0.35148 0.367051 0.401202 0.40672 
