4.55765 5.24632 5.66207 6.79364 7.50067 7.5185 7.73385 7.87059 8.09785 8.34277 
4.55765 4.97505 5.24632 5.47642 5.66207 6.055 6.79364 7.22184 7.4261 7.44324 
2.86958 4.36771 4.55765 4.97505 5.03382 5.24632 5.47642 5.66207 5.75043 6.055 
2.86958 3.63352 4.36771 4.55765 4.97505 5.03382 5.24632 5.47642 5.66207 5.75043 
2.86958 3.63352 3.9464 4.36771 4.55765 4.97505 5.03382 5.24632 5.38976 5.47642 
2.86958 3.63352 3.9464 4.36771 4.55765 4.97505 5.03382 5.24632 5.38976 5.47642 
2.86958 3.63352 3.9464 4.36771 4.55765 4.81307 4.97505 5.03382 5.24632 5.38976 
2.86958 3.63352 3.9464 4.36771 4.55765 4.81307 4.97505 5.03382 5.24632 5.38976 
2.05974 2.86958 3.63352 3.9464 4.36771 4.55765 4.81307 4.97505 5.03382 5.24632 
2.05974 2.60787 2.86958 3.63352 3.9464 4.31482 4.36771 4.55765 4.81307 4.97505 
2.05974 2.60787 2.86958 3.63352 3.9464 4.17939 4.31482 4.34496 4.36771 4.38803 
2.05974 2.60787 2.86958 3.63352 3.84825 3.9464 4.14838 4.17939 4.31482 4.34496 
2.05974 2.60787 2.86958 3.63352 3.84825 3.9464 4.14838 4.17939 4.19098 4.29203 
2.05974 2.60787 2.65494 2.86958 3.11001 3.63352 3.84825 3.9464 4.14838 4.17939 
2.05974 2.60787 2.65494 2.86958 3.11001 3.63352 3.77258 3.84825 3.9464 4.14838 
2.05974 2.60787 2.65494 2.86958 3.11001 3.63352 3.77258 3.84825 3.9464 4.10613 
2.05974 2.60787 2.65494 2.86958 3.11001 3.63352 3.68426 3.77258 3.84825 3.9464 
2.05974 2.60787 2.65494 2.86958 3.11001 3.33917 3.63352 3.68426 3.77258 3.7944 
2.05974 2.60787 2.65494 2.86958 3.11001 3.24783 3.33917 3.63352 3.68426 3.77258 
2.05974 2.60787 2.65494 2.86958 3.11001 3.24783 3.3278 3.33917 3.63352 3.68426 
2.05974 2.60787 2.61485 2.65494 2.86958 3.11001 3.18867 3.24783 3.3278 3.33917 
2.05974 2.60787 2.61485 2.65494 2.86958 3.11001 3.18867 3.24783 3.26559 3.3278 
2.05974 2.60787 2.61485 2.65494 2.86958 3.11001 3.18867 3.24783 3.26559 3.3278 
2.05974 2.60787 2.61485 2.65494 2.86958 3.11001 3.18867 3.19583 3.24783 3.26559 
1.12892 1.31523 2.05974 2.60787 2.61485 2.65494 2.86958 2.90952 3.03426 3.11001 
1.12892 1.25863 1.31523 2.05974 2.60787 2.60897 2.61485 2.65494 2.68056 2.69715 
1.12892 1.25863 1.31523 2.05974 2.52807 2.60787 2.60897 2.61485 2.65494 2.68056 
1.12892 1.25863 1.31523 2.05974 2.52807 2.60787 2.60897 2.61485 2.65494 2.68056 
1.12892 1.25863 1.31523 2.05974 2.52807 2.60787 2.60897 2.61485 2.65494 2.68056 
1.12892 1.25863 1.31523 1.32948 2.05974 2.52807 2.60787 2.60897 2.61485 2.65494 
1.12892 1.25581 1.25863 1.31523 1.32948 2.05974 2.52807 2.60787 2.60897 2.61485 
1.08946 1.12892 1.25581 1.25863 1.31523 1.32948 1.98651 2.05974 2.52807 2.60787 
1.08946 1.12892 1.25581 1.25863 1.31523 1.32948 1.98651 2.05974 2.52807 2.60787 
1.08946 1.12892 1.25581 1.25863 1.31523 1.32948 1.50457 1.98651 2.05974 2.52807 
1.08946 1.12892 1.25581 1.25863 1.31523 1.32948 1.50457 1.98651 2.05974 2.52807 
1.08946 1.12892 1.25581 1.25863 1.31523 1.32948 1.50457 1.98651 2.05974 2.51231 
1.08946 1.12892 1.25581 1.25863 1.31523 1.32948 1.50457 1.98651 2.05974 2.51231 
1.08946 1.12892 1.25581 1.25863 1.31523 1.32262 1.32948 1.50457 1.98651 2.05974 
1.08946 1.12892 1.25581 1.25863 1.31523 1.32262 1.32948 1.50457 1.98651 2.05974 
1.08946 1.12892 1.25581 1.25863 1.31523 1.32262 1.32948 1.50457 1.98651 2.05974 
1.08946 1.12892 1.25581 1.25863 1.31523 1.32262 1.32948 1.50457 1.98651 2.05974 
1.08946 1.12892 1.25581 1.25863 1.31523 1.32262 1.32948 1.50457 1.98651 2.05974 
0.223421 1.08946 1.12892 1.25581 1.25863 1.31523 1.32262 1.32948 1.50457 1.98651 
0.223421 1.08946 1.12892 1.25581 1.25863 1.31523 1.32262 1.32948 1.50457 1.98651 
0.223421 1.08946 1.12892 1.25581 1.25863 1.31523 1.32262 1.32948 1.50457 1.98651 
0.223421 1.08946 1.12892 1.25581 1.25863 1.31523 1.32262 1.32948 1.50457 1.98651 
0.223421 1.08946 1.12892 1.25581 1.25863 1.31523 1.32262 1.32948 1.50457 1.98651 
0.223421 1.08946 1.12892 1.25581 1.25863 1.31523 1.32262 1.32948 1.50457 1.98651 
0.223421 1.08946 1.12892 1.25581 1.25863 1.31523 1.32262 1.32948 1.50457 1.98651 
0.223421 1.08946 1.12892 1.25581 1.25863 1.31523 1.32262 1.32948 1.50457 1.98651 
0.223421 1.08946 1.12892 1.25581 1.25863 1.31523 1.32262 1.32948 1.50457 1.98651 
0.223421 1.08946 1.12892 1.25581 1.25863 1.31523 1.32262 1.32948 1.50457 1.98651 
0.223421 1.08946 1.12892 1.24948 1.25581 1.25863 1.31523 1.32262 1.32948 1.50457 
0.223421 1.08946 1.12892 1.24948 1.25581 1.25863 1.31523 1.32262 1.32948 1.50457 
0.223421 1.08946 1.12892 1.24948 1.25581 1.25863 1.31523 1.32262 1.32948 1.50457 
0.223421 1.08946 1.12892 1.24948 1.25581 1.25863 1.31523 1.32262 1.32948 1.50457 
0.223421 1.08946 1.12892 1.24948 1.25581 1.25863 1.31523 1.32262 1.32948 1.50457 
0.223421 1.08946 1.12892 1.24948 1.25581 1.25863 1.31523 1.32262 1.32948 1.50457 
0.223421 1.08946 1.12892 1.24948 1.25581 1.25863 1.31523 1.32262 1.32948 1.50457 
0.223421 1.08946 1.12892 1.24948 1.25581 1.25863 1.31523 1.32262 1.32948 1.50457 
0.223421 1.08946 1.12892 1.24948 1.25581 1.25863 1.31523 1.32262 1.32948 1.50457 
0.223421 1.08946 1.12892 1.24948 1.25581 1.25863 1.31523 1.32262 1.32948 1.50457 
0.223421 1.08946 1.12892 1.24948 1.25581 1.25863 1.31523 1.32262 1.32948 1.50457 
0.223421 1.08946 1.12892 1.24948 1.25581 1.25863 1.31523 1.32262 1.32948 1.50457 
0.223421 1.08946 1.12892 1.24948 1.25581 1.25863 1.31523 1.32262 1.32948 1.50457 
0.223421 1.08946 1.12892 1.24948 1.25581 1.25863 1.31523 1.32262 1.32948 1.50457 
0.223421 1.08946 1.12892 1.24948 1.25581 1.25863 1.31523 1.32262 1.32948 1.50457 
0.223421 1.08946 1.12892 1.24948 1.25581 1.25863 1.31523 1.32262 1.32948 1.50457 
0.223421 1.08946 1.12892 1.24948 1.25581 1.25863 1.31523 1.32262 1.32948 1.50457 
0.223421 1.08946 1.12892 1.24948 1.25581 1.25863 1.31523 1.32262 1.32948 1.50457 
0.223421 1.08946 1.12892 1.24948 1.25581 1.25863 1.31523 1.32262 1.32948 1.50457 
0.223421 1.08946 1.12892 1.24948 1.25581 1.25863 1.31523 1.32262 1.32948 1.50457 
0.223421 1.08946 1.12892 1.24948 1.25581 1.25863 1.31523 1.32262 1.32948 1.50457 
0.223421 1.08946 1.12892 1.24948 1.25581 1.25863 1.31523 1.32262 1.32948 1.50457 
0.223421 1.08946 1.12892 1.24948 1.25581 1.25863 1.31523 1.32262 1.32948 1.50457 
0.223421 1.08946 1.12892 1.24948 1.25581 1.25863 1.31523 1.32262 1.32948 1.50457 
0.223421 1.08946 1.12892 1.24948 1.25581 1.25863 1.31523 1.32262 1.32948 1.50457 
0.223421 1.08946 1.12892 1.24948 1.25581 1.25863 1.31523 1.32262 1.32948 1.50457 
0.223421 1.08946 1.12892 1.24948 1.25581 1.25863 1.31523 1.32262 1.32948 1.50457 
0.223421 1.08946 1.12892 1.24948 1.25581 1.25863 1.31523 1.32262 1.32948 1.50457 
0.223421 1.08946 1.12892 1.24948 1.25581 1.25863 1.31523 1.32262 1.32948 1.50457 
0.223421 1.08946 1.12892 1.24948 1.25581 1.25863 1.31523 1.32262 1.32948 1.50457 
0.223421 1.08946 1.12892 1.24948 1.25581 1.25863 1.31523 1.32262 1.32948 1.50457 
0.223421 1.08946 1.12892 1.24948 1.25581 1.25863 1.31523 1.32262 1.32948 1.50457 
0.223421 1.08946 1.12892 1.24948 1.25581 1.25863 1.31523 1.32262 1.32948 1.50457 
0.223421 1.08946 1.12892 1.24948 1.25581 1.25863 1.31523 1.32262 1.32948 1.50457 
0.223421 1.08946 1.12892 1.24948 1.25581 1.25863 1.31523 1.32262 1.32948 1.50457 
0.223421 1.08946 1.12892 1.24948 1.25581 1.25863 1.31523 1.32262 1.32948 1.50457 
0.223421 1.08946 1.12892 1.24948 1.25581 1.25863 1.31523 1.32262 1.32948 1.50457 
0.223421 1.08946 1.12892 1.24948 1.25581 1.25863 1.31523 1.32262 1.32948 1.50457 
0.223421 1.08946 1.12892 1.24948 1.25581 1.25863 1.31523 1.32262 1.32948 1.50457 
0.223421 1.08946 1.12892 1.24948 1.25581 1.25863 1.31523 1.32262 1.32948 1.50457 
0.223421 1.08946 1.12892 1.24948 1.25581 1.25863 1.31523 1.32262 1.32948 1.50457 
0.223421 1.08946 1.12892 1.24948 1.25581 1.25863 1.31523 1.32262 1.32948 1.50457 
0.223421 1.08946 1.12892 1.24948 1.25581 1.25863 1.31523 1.32262 1.32948 1.50457 
0.223421 1.08946 1.12892 1.24948 1.25581 1.25863 1.31523 1.32262 1.32948 1.50457 
0.223421 1.08946 1.12892 1.24948 1.25581 1.25863 1.31523 1.32262 1.32948 1.50457 
0.223421 1.08946 1.12892 1.24948 1.25581 1.25863 1.31523 1.32262 1.32948 1.50457 
0.223421 1.08946 1.12892 1.24948 1.25581 1.25863 1.31523 1.32262 1.32948 1.50457 
0.223421 1.08946 1.12892 1.24948 1.25581 1.25863 1.31523 1.32262 1.32948 1.50457 
