3.24258 3.65886 4.5307 4.55893 4.59566 6.25132 6.54308 7.4041 7.88994 7.9716 
1.51411 3.23305 3.24258 3.65886 3.67499 4.5307 4.55893 4.59566 6.20745 6.25132 
1.51411 2.22477 3.23305 3.24258 3.26234 3.65886 3.67499 4.5307 4.55893 4.59566 
1.51411 2.05065 2.22477 2.53402 3.06842 3.23305 3.24258 3.26234 3.65886 3.67499 
1.51411 2.05065 2.22477 2.53402 2.89954 3.06842 3.23305 3.24258 3.26234 3.65886 
1.51411 2.05065 2.22477 2.53402 2.89954 3.06842 3.23305 3.24258 3.26234 3.65886 
1.51411 2.05065 2.22477 2.53402 2.89954 3.06842 3.23305 3.24258 3.26234 3.65886 
1.51411 2.05065 2.22477 2.53402 2.89954 3.06842 3.23305 3.24258 3.26234 3.65886 
0.838405 1.51411 2.05065 2.22477 2.53402 2.89954 3.06842 3.23305 3.24258 3.26234 
0.838405 1.51411 2.05065 2.22477 2.53402 2.89954 3.06842 3.23305 3.24258 3.26234 
0.838405 1.51411 2.05065 2.22477 2.33535 2.53402 2.89954 3.06842 3.23305 3.24258 
0.838405 1.37181 1.51411 2.05065 2.13909 2.22477 2.33535 2.53402 2.89954 3.06842 
0.838405 1.37181 1.51411 2.05065 2.13909 2.22477 2.33535 2.53402 2.89954 3.06842 
0.838405 1.37181 1.51411 2.05065 2.13909 2.22477 2.33535 2.53402 2.89954 3.06842 
0.411727 0.838405 1.37181 1.51411 2.05065 2.13909 2.22477 2.33535 2.53402 2.89954 
0.411727 0.838405 1.37181 1.51411 2.05065 2.13909 2.22477 2.33535 2.53402 2.89954 
0.411727 0.838405 1.37181 1.51411 2.05065 2.13909 2.22477 2.33535 2.53402 2.89954 
0.411727 0.838405 1.28431 1.37181 1.51411 2.05065 2.13909 2.22477 2.33535 2.53402 
0.411727 0.838405 1.28431 1.37181 1.51411 2.05065 2.13909 2.22477 2.33535 2.53402 
0.411727 0.759045 0.838405 1.28431 1.37181 1.51411 2.05065 2.13909 2.22477 2.33535 
0.411727 0.759045 0.838405 1.28431 1.37181 1.51411 2.05065 2.13909 2.22477 2.33535 
0.411727 0.759045 0.838405 1.28431 1.37181 1.51411 2.05065 2.13909 2.22477 2.33535 
0.342168 0.411727 0.759045 0.838405 0.978589 1.28431 1.37181 1.51411 2.05065 2.13909 
0.342168 0.411727 0.644102 0.759045 0.838405 0.978589 1.28431 1.37181 1.51411 2.05065 
0.303859 0.342168 0.411727 0.644102 0.759045 0.838405 0.978589 1.28431 1.37181 1.51411 
0.303859 0.342168 0.411727 0.644102 0.759045 0.838405 0.978589 1.28431 1.37181 1.51411 
0.303859 0.342168 0.370026 0.411727 0.644102 0.759045 0.838405 0.978589 1.28431 1.37181 
0.303859 0.342168 0.370026 0.411727 0.644102 0.759045 0.838405 0.978589 1.28431 1.37181 
0.303859 0.342168 0.370026 0.411727 0.644102 0.759045 0.838405 0.978589 1.28431 1.37181 
0.303859 0.342168 0.370026 0.411727 0.644102 0.759045 0.838405 0.978589 1.28431 1.37181 
0.303859 0.342168 0.370026 0.411727 0.446472 0.644102 0.759045 0.838405 0.978589 1.28431 
0.303859 0.342168 0.370026 0.411727 0.446472 0.644102 0.759045 0.838405 0.978589 1.28431 
0.303859 0.342168 0.370026 0.411727 0.446472 0.644102 0.759045 0.838405 0.978589 1.28431 
0.303859 0.342168 0.370026 0.411727 0.446472 0.644102 0.759045 0.838405 0.978589 1.28431 
0.303859 0.342168 0.370026 0.411727 0.446472 0.644102 0.759045 0.838405 0.978589 1.28431 
0.303859 0.342168 0.370026 0.411727 0.446472 0.644102 0.759045 0.838405 0.978589 1.28431 
0.303859 0.342168 0.370026 0.411727 0.446472 0.644102 0.759045 0.838405 0.978589 1.28431 
0.303859 0.337111 0.342168 0.370026 0.411727 0.446472 0.644102 0.759045 0.838405 0.978589 
0.303859 0.337111 0.342168 0.370026 0.411727 0.446472 0.644102 0.759045 0.838405 0.978589 
0.303859 0.337111 0.342168 0.370026 0.411727 0.446472 0.644102 0.759045 0.838405 0.978589 
0.303859 0.337111 0.342168 0.370026 0.411727 0.446472 0.644102 0.759045 0.838405 0.978589 
0.303859 0.337111 0.342168 0.370026 0.411727 0.446472 0.644102 0.759045 0.838405 0.978589 
0.303859 0.337111 0.342168 0.370026 0.411727 0.446472 0.644102 0.759045 0.838405 0.978589 
0.303859 0.337111 0.342168 0.370026 0.411727 0.446472 0.644102 0.759045 0.838405 0.978589 
0.303859 0.337111 0.342168 0.370026 0.411727 0.446472 0.644102 0.759045 0.838405 0.978589 
0.303859 0.337111 0.342168 0.370026 0.411727 0.446472 0.644102 0.759045 0.838405 0.978589 
0.303859 0.337111 0.342168 0.370026 0.411727 0.446472 0.644102 0.759045 0.838405 0.978589 
0.303859 0.337111 0.342168 0.370026 0.411727 0.446472 0.644102 0.759045 0.838405 0.978589 
0.303859 0.337111 0.342168 0.370026 0.411727 0.446472 0.644102 0.759045 0.838405 0.978589 
0.303859 0.337111 0.342168 0.370026 0.411727 0.446472 0.644102 0.759045 0.838405 0.978589 
0.303859 0.337111 0.342168 0.370026 0.411727 0.446472 0.644102 0.759045 0.838405 0.978589 
0.303859 0.337111 0.342168 0.370026 0.411727 0.446472 0.644102 0.759045 0.838405 0.978589 
0.303859 0.337111 0.342168 0.370026 0.411727 0.446472 0.644102 0.759045 0.838405 0.978589 
0.303859 0.337111 0.342168 0.370026 0.411727 0.446472 0.644102 0.759045 0.838405 0.978589 
0.303859 0.337111 0.342168 0.370026 0.411727 0.446472 0.644102 0.759045 0.838405 0.978589 
0.303859 0.337111 0.342168 0.370026 0.411727 0.446472 0.644102 0.759045 0.838405 0.978589 
0.303859 0.337111 0.342168 0.370026 0.411727 0.446472 0.644102 0.759045 0.838405 0.978589 
0.303859 0.337111 0.342168 0.370026 0.411727 0.446472 0.644102 0.759045 0.838405 0.978589 
0.303859 0.337111 0.342168 0.370026 0.411727 0.446472 0.644102 0.759045 0.838405 0.978589 
0.303859 0.337111 0.342168 0.370026 0.411727 0.446472 0.644102 0.759045 0.838405 0.978589 
0.303859 0.337111 0.342168 0.370026 0.411727 0.446472 0.644102 0.759045 0.838405 0.978589 
0.303859 0.337111 0.342168 0.370026 0.411727 0.446472 0.644102 0.759045 0.838405 0.978589 
0.303859 0.337111 0.342168 0.370026 0.411727 0.446472 0.644102 0.759045 0.838405 0.978589 
0.303859 0.337111 0.342168 0.370026 0.411727 0.446472 0.644102 0.759045 0.838405 0.978589 
0.303859 0.337111 0.342168 0.370026 0.411727 0.446472 0.644102 0.759045 0.838405 0.978589 
0.303859 0.337111 0.342168 0.370026 0.411727 0.446472 0.644102 0.759045 0.838405 0.978589 
0.303859 0.337111 0.342168 0.370026 0.411727 0.446472 0.644102 0.759045 0.838405 0.978589 
0.303859 0.337111 0.342168 0.370026 0.411727 0.446472 0.644102 0.759045 0.838405 0.978589 
0.303859 0.337111 0.342168 0.370026 0.411727 0.446472 0.644102 0.759045 0.838405 0.978589 
0.303859 0.337111 0.342168 0.370026 0.411727 0.446472 0.644102 0.759045 0.838405 0.978589 
0.303859 0.337111 0.342168 0.370026 0.411727 0.446472 0.644102 0.759045 0.838405 0.978589 
0.303859 0.337111 0.342168 0.370026 0.411727 0.446472 0.644102 0.759045 0.838405 0.978589 
0.303859 0.337111 0.342168 0.370026 0.411727 0.446472 0.644102 0.759045 0.838405 0.978589 
0.303859 0.337111 0.342168 0.370026 0.411727 0.446472 0.644102 0.759045 0.838405 0.978589 
0.303859 0.337111 0.342168 0.370026 0.411727 0.446472 0.644102 0.759045 0.838405 0.978589 
0.303859 0.337111 0.342168 0.370026 0.411727 0.446472 0.644102 0.759045 0.838405 0.978589 
0.303859 0.337111 0.342168 0.370026 0.411727 0.446472 0.644102 0.759045 0.838405 0.978589 
0.303859 0.337111 0.342168 0.370026 0.411727 0.446472 0.644102 0.759045 0.838405 0.978589 
0.303859 0.337111 0.342168 0.370026 0.411727 0.446472 0.644102 0.759045 0.838405 0.978589 
0.303859 0.337111 0.342168 0.370026 0.411727 0.446472 0.644102 0.759045 0.838405 0.978589 
0.303859 0.337111 0.342168 0.370026 0.411727 0.446472 0.644102 0.759045 0.838405 0.978589 
0.303859 0.337111 0.342168 0.370026 0.411727 0.446472 0.644102 0.759045 0.838405 0.978589 
0.303859 0.337111 0.342168 0.370026 0.411727 0.446472 0.644102 0.759045 0.838405 0.978589 
0.303859 0.337111 0.342168 0.370026 0.411727 0.446472 0.644102 0.759045 0.838405 0.978589 
0.303859 0.337111 0.342168 0.370026 0.411727 0.446472 0.644102 0.759045 0.838405 0.978589 
0.303859 0.337111 0.342168 0.370026 0.411727 0.446472 0.644102 0.759045 0.838405 0.978589 
0.303859 0.337111 0.342168 0.370026 0.411727 0.446472 0.644102 0.759045 0.838405 0.978589 
0.303859 0.337111 0.342168 0.370026 0.411727 0.446472 0.644102 0.759045 0.838405 0.978589 
0.303859 0.337111 0.342168 0.370026 0.411727 0.446472 0.644102 0.759045 0.838405 0.978589 
0.303859 0.337111 0.342168 0.370026 0.411727 0.446472 0.644102 0.759045 0.838405 0.978589 
0.303859 0.337111 0.342168 0.370026 0.411727 0.446472 0.644102 0.759045 0.838405 0.978589 
0.303859 0.337111 0.342168 0.370026 0.411727 0.446472 0.644102 0.759045 0.838405 0.978589 
0.303859 0.337111 0.342168 0.370026 0.411727 0.446472 0.644102 0.759045 0.838405 0.978589 
0.303859 0.337111 0.342168 0.370026 0.411727 0.446472 0.644102 0.759045 0.838405 0.978589 
0.303859 0.337111 0.342168 0.370026 0.411727 0.446472 0.644102 0.759045 0.838405 0.978589 
0.303859 0.337111 0.342168 0.370026 0.411727 0.446472 0.644102 0.759045 0.838405 0.978589 
0.303859 0.337111 0.342168 0.370026 0.411727 0.446472 0.644102 0.759045 0.838405 0.978589 
0.303859 0.337111 0.342168 0.370026 0.411727 0.446472 0.644102 0.759045 0.838405 0.978589 
0.303859 0.337111 0.342168 0.370026 0.411727 0.446472 0.644102 0.759045 0.838405 0.978589 
0.303859 0.337111 0.342168 0.370026 0.411727 0.446472 0.644102 0.759045 0.838405 0.978589 
