1.13186 4.17101 4.19465 4.35093 4.45222 7.29012 7.45617 7.62242 7.65663 8.16288 
1.13186 2.80778 3.64128 4.14295 4.17101 4.19465 4.35093 4.45222 5.81576 6.44488 
1.13186 2.80778 2.84012 3.64128 3.73501 4.14295 4.17101 4.19465 4.35093 4.45222 
1.13186 2.80778 2.84012 3.22817 3.64128 3.73501 4.14295 4.17101 4.19465 4.35093 
1.13186 2.32321 2.80778 2.84012 3.22817 3.64128 3.65661 3.73501 3.94292 4.14295 
1.13186 2.2263 2.32321 2.80778 2.82258 2.84012 3.22817 3.64128 3.65661 3.73501 
1.13186 2.2263 2.23695 2.32321 2.80778 2.82258 2.84012 3.22817 3.64128 3.65661 
1.13186 1.30343 2.2263 2.23695 2.32321 2.80778 2.82258 2.84012 3.22817 3.64128 
1.13186 1.30343 2.2263 2.23695 2.32125 2.32321 2.80778 2.82258 2.84012 3.22817 
1.13186 1.30343 2.2263 2.23695 2.32125 2.32321 2.80778 2.82258 2.84012 3.22817 
1.13186 1.30343 2.2263 2.23695 2.32125 2.32321 2.80778 2.82258 2.84012 3.22817 
1.13186 1.30343 2.2263 2.23695 2.32125 2.32321 2.80778 2.82258 2.84012 3.22817 
1.13186 1.17188 1.30343 2.2263 2.23695 2.32125 2.32321 2.80778 2.82258 2.84012 
1.13186 1.17188 1.30343 2.2263 2.23695 2.32125 2.32321 2.80778 2.82258 2.84012 
1.13186 1.17188 1.30343 2.2263 2.23695 2.32125 2.32321 2.80778 2.82258 2.84012 
1.13186 1.17188 1.30343 1.59276 1.87273 2.2263 2.23695 2.32125 2.32321 2.80778 
1.13186 1.17188 1.30343 1.59276 1.87273 2.2263 2.23695 2.32125 2.32321 2.80778 
1.13186 1.17188 1.30343 1.59276 1.87273 2.2263 2.23695 2.32125 2.32321 2.80778 
0.316471 1.13186 1.17188 1.30343 1.59276 1.87273 2.2263 2.23695 2.32125 2.32321 
0.316471 1.13186 1.17188 1.30343 1.59276 1.87273 2.2263 2.23695 2.32125 2.32321 
0.316471 1.04576 1.13186 1.17188 1.30343 1.59276 1.87273 2.2263 2.23695 2.32125 
0.316471 1.04576 1.13186 1.17188 1.30343 1.59276 1.87273 2.2263 2.23695 2.32125 
0.316471 1.04576 1.13186 1.17188 1.30343 1.59276 1.87273 2.2263 2.23695 2.32125 
0.316471 1.04576 1.13186 1.17188 1.30343 1.59276 1.87273 2.2263 2.23695 2.32125 
0.316471 1.04576 1.13186 1.17188 1.30343 1.59276 1.87273 2.2263 2.23695 2.32125 
0.165425 0.316471 1.04576 1.11503 1.13186 1.17188 1.30343 1.59276 1.87273 2.2263 
0.165425 0.316471 1.04576 1.11503 1.13186 1.17188 1.30343 1.59276 1.87273 2.2263 
0.165425 0.316471 1.04576 1.11503 1.13186 1.17188 1.30343 1.59276 1.87273 2.2263 
0.165425 0.316471 1.04576 1.11503 1.13186 1.17188 1.30343 1.59276 1.87273 2.2263 
0.165425 0.316471 1.04576 1.11503 1.13186 1.17188 1.30343 1.59276 1.87273 2.2263 
0.165425 0.316471 1.04576 1.11503 1.13186 1.17188 1.30343 1.59276 1.87273 2.2263 
0.165425 0.316471 1.04576 1.11503 1.13186 1.17188 1.30343 1.59276 1.87273 2.2263 
0.165425 0.316471 1.04576 1.11503 1.13186 1.17188 1.30343 1.59276 1.87273 2.2263 
0.165425 0.316471 1.04576 1.11503 1.13186 1.17188 1.30343 1.59276 1.87273 2.2263 
0.0938391 0.165425 0.316471 0.761352 1.04576 1.11503 1.13186 1.17188 1.30343 1.59276 
0.0938391 0.165425 0.316471 0.617933 0.761352 1.04576 1.11503 1.13186 1.17188 1.30343 
0.0938391 0.165425 0.316471 0.617933 0.761352 1.04576 1.11503 1.13186 1.17188 1.30343 
0.0938391 0.165425 0.316471 0.617933 0.761352 1.04576 1.11503 1.13186 1.17188 1.30343 
0.0938391 0.165425 0.316471 0.617933 0.761352 1.04576 1.11503 1.13186 1.17188 1.30343 
0.0938391 0.165425 0.316471 0.617933 0.761352 1.04576 1.11503 1.13186 1.17188 1.30343 
0.0938391 0.165425 0.316471 0.617933 0.761352 1.04576 1.11503 1.13186 1.17188 1.30343 
0.0938391 0.165425 0.316471 0.509841 0.617933 0.761352 1.04576 1.11503 1.13186 1.17188 
0.0938391 0.165425 0.316471 0.509841 0.617933 0.761352 1.04576 1.11503 1.13186 1.17188 
0.0938391 0.165425 0.316471 0.509841 0.617933 0.761352 1.04576 1.11503 1.13186 1.17188 
0.0938391 0.165425 0.316471 0.509841 0.617933 0.761352 1.04576 1.11503 1.13186 1.17188 
0.0938391 0.165425 0.316471 0.509841 0.617933 0.761352 1.04576 1.11503 1.13186 1.17188 
0.0938391 0.165425 0.316471 0.509841 0.617933 0.761352 1.04576 1.11503 1.13186 1.17188 
0.0938391 0.165425 0.316471 0.509841 0.617933 0.761352 1.04576 1.11503 1.13186 1.17188 
0.0938391 0.165425 0.316471 0.509841 0.617933 0.761352 1.04576 1.11503 1.13186 1.17188 
0.0938391 0.165425 0.316471 0.509841 0.617933 0.761352 1.04576 1.11503 1.13186 1.17188 
0.0938391 0.165425 0.316471 0.509841 0.617933 0.761352 1.04576 1.11503 1.13186 1.17188 
0.0938391 0.165425 0.316471 0.509841 0.617933 0.761352 1.04576 1.11503 1.13186 1.17188 
0.0938391 0.165425 0.316471 0.509841 0.617933 0.761352 1.04576 1.11503 1.13186 1.17188 
0.0938391 0.165425 0.316471 0.509841 0.617933 0.761352 1.04576 1.11503 1.13186 1.17188 
0.0938391 0.165425 0.316471 0.509841 0.617933 0.761352 1.04576 1.11503 1.13186 1.17188 
0.0938391 0.165425 0.316471 0.509841 0.617933 0.761352 1.04576 1.11503 1.13186 1.17188 
0.0938391 0.165425 0.316471 0.509841 0.617933 0.761352 1.04576 1.11503 1.13186 1.17188 
0.0938391 0.165425 0.316471 0.509841 0.617933 0.761352 1.04576 1.11503 1.13186 1.17188 
0.0938391 0.165425 0.316471 0.509841 0.617933 0.761352 1.04576 1.11503 1.13186 1.17188 
0.0938391 0.165425 0.316471 0.509841 0.617933 0.761352 1.04576 1.11503 1.13186 1.17188 
0.0938391 0.165425 0.316471 0.509841 0.617933 0.761352 1.04576 1.11503 1.13186 1.17188 
0.0938391 0.165425 0.316471 0.509841 0.617933 0.761352 1.04576 1.10113 1.11503 1.13186 
0.0938391 0.165425 0.316471 0.509841 0.617933 0.761352 0.819146 1.04576 1.10113 1.11503 
0.0938391 0.165425 0.316471 0.509841 0.617933 0.761352 0.819146 1.04576 1.10113 1.11503 
0.0938391 0.165425 0.316471 0.509841 0.617933 0.761352 0.819146 1.04576 1.10113 1.11503 
0.0938391 0.165425 0.316471 0.509841 0.617933 0.761352 0.819146 1.04576 1.10113 1.11503 
0.0938391 0.165425 0.316471 0.509841 0.617933 0.761352 0.819146 1.04576 1.10113 1.11503 
0.0938391 0.165425 0.316471 0.509841 0.617933 0.668769 0.761352 0.794664 0.819146 1.04576 
0.0938391 0.165425 0.316471 0.509841 0.617933 0.668769 0.761352 0.794664 0.819146 1.04576 
0.0938391 0.165425 0.316471 0.509841 0.610738 0.617933 0.668769 0.761352 0.794664 0.819146 
0.0938391 0.165425 0.316471 0.509841 0.610738 0.617933 0.668769 0.761352 0.771439 0.794664 
0.0938391 0.165425 0.316471 0.509841 0.610738 0.617933 0.668769 0.761352 0.771439 0.794664 
0.0938391 0.165425 0.316471 0.509841 0.610738 0.617933 0.668769 0.677609 0.761352 0.771439 
0.0938391 0.165425 0.316471 0.509841 0.610738 0.617933 0.640535 0.668769 0.677609 0.761352 
0.0938391 0.165425 0.316471 0.509841 0.610738 0.617933 0.640535 0.668769 0.677609 0.727679 
0.0938391 0.165425 0.316471 0.509841 0.610738 0.617933 0.640535 0.668769 0.677609 0.727679 
0.0938391 0.165425 0.316471 0.509841 0.610738 0.617933 0.633846 0.640535 0.668769 0.677609 
0.0938391 0.165425 0.316471 0.509841 0.610738 0.617933 0.633846 0.640535 0.651102 0.668769 
0.0938391 0.165425 0.316471 0.509841 0.573779 0.610738 0.617933 0.633846 0.640535 0.651102 
0.0938391 0.165425 0.316471 0.496955 0.509841 0.573779 0.610738 0.617933 0.633846 0.640535 
0.0938391 0.165425 0.316471 0.471268 0.496955 0.509841 0.573779 0.610738 0.617933 0.633846 
0.0938391 0.165425 0.287762 0.316471 0.471268 0.496955 0.509841 0.520863 0.573779 0.610738 
0.0938391 0.165425 0.287762 0.316471 0.407109 0.471268 0.496955 0.509841 0.520863 0.573779 
0.0938391 0.165425 0.287762 0.316471 0.407109 0.408516 0.471268 0.496955 0.509841 0.520863 
0.0938391 0.165425 0.287762 0.316471 0.336746 0.407109 0.408516 0.456189 0.471268 0.492353 
0.0938391 0.165425 0.287762 0.316471 0.336746 0.337732 0.407109 0.408516 0.456189 0.471268 
0.0938391 0.165425 0.287762 0.316471 0.336746 0.337732 0.394245 0.407109 0.408516 0.456189 
0.0938391 0.165425 0.287762 0.316471 0.336746 0.337732 0.379741 0.394245 0.407109 0.408516 
0.0938391 0.165425 0.287762 0.316471 0.336746 0.337732 0.379741 0.388817 0.394245 0.407109 
0.0938391 0.165425 0.273552 0.287762 0.316471 0.336746 0.337732 0.379741 0.388817 0.394245 
0.0938391 0.165425 0.273552 0.287762 0.316471 0.336746 0.337732 0.352493 0.379741 0.388817 
0.0938391 0.165425 0.226245 0.265834 0.270827 0.273552 0.287762 0.289192 0.316471 0.336746 
0.0938391 0.165425 0.226245 0.265834 0.270827 0.273552 0.287762 0.289192 0.316471 0.336746 
0.0938391 0.165425 0.226245 0.23085 0.240126 0.257803 0.265834 0.270827 0.273552 0.287762 
0.0938391 0.165425 0.226245 0.23085 0.240126 0.257803 0.265834 0.270827 0.273552 0.287762 
0.0938391 0.122659 0.15917 0.165425 0.226245 0.23085 0.236267 0.240126 0.257803 0.265834 
0.0938391 0.122659 0.15917 0.165425 0.226245 0.23085 0.236267 0.240126 0.257803 0.265834 
0.0938391 0.122659 0.15917 0.165425 0.226245 0.23085 0.236267 0.240126 0.244677 0.257803 
0.0938391 0.122659 0.131505 0.15917 0.165425 0.226245 0.23085 0.236267 0.240126 0.244677 
0.0938391 0.122659 0.131505 0.15917 0.165425 0.16834 0.226245 0.23085 0.236267 0.240126 
