1.03432 2.84218 3.13705 3.432 4.15574 4.64956 7.10727 7.64707 8.0793 8.28604 
1.03432 2.84218 3.07505 3.13705 3.19131 3.432 4.15574 4.64956 5.16967 6.48312 
1.03432 2.84218 3.07505 3.13705 3.19131 3.36635 3.432 3.83058 4.15574 4.31174 
1.03432 2.84218 2.96923 3.07505 3.13705 3.19131 3.36635 3.432 3.83058 4.15574 
1.03432 2.84218 2.96923 3.07505 3.13705 3.19131 3.36635 3.432 3.83058 4.15574 
1.03432 2.23331 2.84218 2.96923 3.07401 3.07505 3.13705 3.19131 3.36635 3.432 
1.03432 1.52507 2.23331 2.84218 2.96923 3.07401 3.07505 3.13705 3.19131 3.36635 
1.03432 1.52507 2.23331 2.77643 2.84218 2.96923 3.07401 3.07505 3.13705 3.19131 
1.03432 1.52507 2.23331 2.77643 2.84218 2.96923 3.07401 3.07505 3.13705 3.19131 
1.03432 1.24176 1.52507 2.23331 2.77643 2.84218 2.96923 3.07401 3.07505 3.13705 
1.03432 1.24176 1.52507 2.23331 2.77643 2.84218 2.96923 3.07401 3.07505 3.13705 
1.03432 1.24176 1.52507 2.23331 2.77643 2.84218 2.96923 3.07401 3.07505 3.13705 
1.03432 1.24176 1.50843 1.52507 2.23331 2.77643 2.84218 2.96923 3.07401 3.07505 
1.03432 1.24176 1.50843 1.52507 2.23331 2.77643 2.84218 2.96923 3.07401 3.07505 
1.03432 1.24176 1.26463 1.50843 1.52507 2.23331 2.77643 2.84218 2.96923 3.07401 
0.679877 1.03432 1.24176 1.26463 1.50843 1.52507 2.23331 2.77643 2.84218 2.96923 
0.679877 1.03432 1.24176 1.26463 1.50843 1.52507 2.23331 2.77643 2.84218 2.96923 
0.679877 1.03432 1.10589 1.24176 1.26463 1.50843 1.52507 2.23331 2.77643 2.84218 
0.679877 1.03432 1.10589 1.24176 1.26463 1.50843 1.52507 2.23331 2.77643 2.84218 
0.679877 1.03432 1.10589 1.24176 1.26463 1.50843 1.52507 2.23331 2.77643 2.84218 
0.679877 1.03432 1.06374 1.10589 1.24176 1.26463 1.50843 1.52507 2.23331 2.77643 
0.679877 1.03432 1.06374 1.10589 1.24176 1.26463 1.50843 1.52507 2.23331 2.77643 
0.679877 1.03432 1.06374 1.10589 1.24176 1.26463 1.50843 1.52507 2.23331 2.77643 
0.679877 1.03432 1.06374 1.10589 1.24176 1.26463 1.50843 1.52507 2.23331 2.77643 
0.679877 0.810612 1.03432 1.06374 1.10589 1.24176 1.26463 1.50843 1.52507 2.23331 
0.679877 0.810612 1.03432 1.06374 1.10589 1.24176 1.26463 1.50843 1.52507 2.23331 
0.679877 0.810612 1.03432 1.06374 1.10589 1.24176 1.26463 1.50843 1.52507 2.23331 
0.494588 0.679877 0.810612 1.03432 1.06374 1.10589 1.24176 1.26463 1.50843 1.52507 
0.494588 0.679877 0.810612 1.03432 1.06374 1.10589 1.24176 1.26463 1.50843 1.52507 
0.494588 0.679877 0.810612 1.03432 1.06374 1.10589 1.24176 1.26463 1.50843 1.52507 
0.494588 0.679877 0.810612 1.03432 1.06374 1.10589 1.24176 1.26463 1.50843 1.52507 
0.494588 0.679877 0.810612 1.03432 1.06374 1.10589 1.24176 1.26463 1.50843 1.52507 
0.259517 0.494588 0.679877 0.810612 1.03432 1.06374 1.10589 1.24176 1.26463 1.50843 
0.259517 0.494588 0.679877 0.810612 1.03432 1.06374 1.10589 1.24176 1.26463 1.50843 
0.259517 0.494588 0.679877 0.810612 1.03432 1.06374 1.10589 1.24176 1.26463 1.50843 
0.259517 0.494588 0.679877 0.810612 1.03432 1.06374 1.10589 1.24176 1.26463 1.50843 
0.137101 0.259517 0.494588 0.679877 0.810612 1.03432 1.06374 1.10589 1.24176 1.26463 
0.137101 0.142312 0.259517 0.494588 0.679877 0.810612 1.03432 1.06374 1.10589 1.24176 
0.137101 0.142312 0.259517 0.494588 0.679877 0.810612 1.03432 1.06374 1.10589 1.24176 
0.137101 0.142312 0.259517 0.494588 0.679877 0.810612 1.03432 1.06374 1.10589 1.24176 
0.137101 0.142312 0.259517 0.494588 0.679877 0.810612 1.03432 1.06374 1.10589 1.24176 
0.0869508 0.137101 0.142312 0.259517 0.494588 0.679877 0.810612 1.03432 1.06374 1.10589 
0.0869508 0.137101 0.142312 0.259517 0.494588 0.679877 0.810612 1.03432 1.06374 1.10589 
0.0869508 0.137101 0.142312 0.259517 0.448677 0.494588 0.679877 0.810612 1.03432 1.06374 
0.0869508 0.137101 0.142312 0.259517 0.418236 0.448677 0.494588 0.679877 0.810612 1.03432 
0.0869508 0.137101 0.142312 0.259517 0.418236 0.448677 0.494588 0.679877 0.810612 1.03432 
0.0869508 0.137101 0.142312 0.20366 0.259517 0.418236 0.448677 0.494588 0.679877 0.810612 
0.0869508 0.137101 0.142312 0.20366 0.259517 0.418236 0.448677 0.494588 0.679877 0.810612 
0.0869508 0.137101 0.142312 0.20366 0.259517 0.418236 0.448677 0.494588 0.679877 0.810612 
0.0869508 0.137101 0.142312 0.20366 0.259517 0.418236 0.448677 0.494588 0.679877 0.810612 
0.0869508 0.137101 0.142312 0.20366 0.259517 0.418236 0.448677 0.494588 0.679877 0.810612 
0.0869508 0.137101 0.142312 0.20366 0.259517 0.418236 0.448677 0.494588 0.679877 0.810612 
0.0869508 0.137101 0.142312 0.20366 0.259517 0.418236 0.448677 0.494588 0.679877 0.810612 
0.0869508 0.137101 0.142312 0.20366 0.259517 0.418236 0.448677 0.494588 0.679877 0.810612 
0.0869508 0.137101 0.142312 0.20366 0.259517 0.418236 0.448677 0.494588 0.679877 0.810612 
0.0869508 0.137101 0.142312 0.20366 0.259517 0.418236 0.448677 0.494588 0.679877 0.810612 
0.0869508 0.137101 0.142312 0.20366 0.259517 0.418236 0.448677 0.494588 0.679877 0.810612 
0.0869508 0.137101 0.142312 0.20366 0.259517 0.418236 0.448677 0.494588 0.679877 0.810612 
0.0869508 0.137101 0.142312 0.20366 0.259517 0.418236 0.448677 0.494588 0.679877 0.810612 
0.0869508 0.137101 0.142312 0.20366 0.259517 0.418236 0.448677 0.494588 0.679877 0.810612 
0.0869508 0.137101 0.142312 0.20366 0.259517 0.418236 0.448677 0.494588 0.679877 0.692902 
0.0869508 0.137101 0.142312 0.20366 0.259517 0.418236 0.448677 0.494588 0.679877 0.692902 
0.0869508 0.137101 0.142312 0.20366 0.259517 0.418236 0.448677 0.494588 0.679877 0.692902 
0.0869508 0.137101 0.142312 0.20366 0.259517 0.418236 0.448677 0.494588 0.679877 0.692902 
0.0869508 0.137101 0.142312 0.20366 0.259517 0.418236 0.448677 0.494588 0.679877 0.692902 
0.0869508 0.137101 0.142312 0.20366 0.259517 0.418236 0.448677 0.494588 0.679877 0.692902 
0.0869508 0.137101 0.142312 0.20366 0.259517 0.418236 0.448677 0.494588 0.679877 0.692902 
0.0869508 0.137101 0.142312 0.20366 0.259517 0.418236 0.448677 0.494588 0.667702 0.679877 
0.0869508 0.137101 0.142312 0.20366 0.259517 0.418236 0.448677 0.494588 0.655332 0.667702 
0.0869508 0.137101 0.142312 0.20366 0.259517 0.418236 0.448677 0.494588 0.655332 0.667702 
0.0869508 0.137101 0.142312 0.20366 0.259517 0.38143 0.418236 0.448677 0.494588 0.655332 
0.0869508 0.137101 0.142312 0.20366 0.259517 0.38143 0.418236 0.448677 0.494588 0.655332 
0.0869508 0.137101 0.142312 0.20366 0.259517 0.333418 0.38143 0.412122 0.418236 0.448677 
0.0869508 0.137101 0.142312 0.20366 0.259517 0.333418 0.38143 0.404511 0.412122 0.418236 
0.0869508 0.137101 0.142312 0.20366 0.259517 0.333418 0.38143 0.404511 0.412122 0.418236 
0.0869508 0.137101 0.142312 0.20366 0.259517 0.333418 0.38143 0.404511 0.412122 0.418236 
0.0869508 0.137101 0.142312 0.20366 0.259517 0.333418 0.38143 0.404511 0.412122 0.418236 
0.0869508 0.137101 0.142312 0.20366 0.259517 0.333418 0.379901 0.38143 0.404511 0.412122 
0.0869508 0.137101 0.142312 0.20366 0.242923 0.259517 0.333418 0.379901 0.38143 0.404511 
0.0869508 0.137101 0.142312 0.20366 0.242923 0.259517 0.333418 0.379901 0.38143 0.404511 
0.0869508 0.137101 0.142312 0.20366 0.242923 0.259517 0.333418 0.360584 0.379901 0.38143 
0.0869508 0.137101 0.142312 0.20366 0.242923 0.259517 0.333418 0.360584 0.364423 0.379901 
0.0869508 0.137101 0.142312 0.20366 0.242923 0.259517 0.30241 0.333418 0.360584 0.364423 
0.0869508 0.137101 0.142312 0.20366 0.242923 0.259517 0.30241 0.333418 0.360584 0.364423 
0.0869508 0.137101 0.142312 0.20366 0.242923 0.259517 0.30241 0.316056 0.333418 0.360584 
0.0869508 0.137101 0.142312 0.184 0.20366 0.242923 0.259517 0.30241 0.315709 0.316056 
0.0869508 0.137101 0.142312 0.184 0.20366 0.242923 0.259517 0.270182 0.30241 0.315709 
0.0869508 0.137101 0.142312 0.184 0.20366 0.242923 0.259517 0.270182 0.30241 0.315709 
0.0869508 0.137101 0.142312 0.184 0.192227 0.20366 0.242923 0.259517 0.270182 0.278623 
0.0869508 0.137101 0.142312 0.184 0.192227 0.20366 0.242923 0.259517 0.270182 0.278623 
0.0869508 0.137101 0.142312 0.184 0.192227 0.20366 0.242923 0.259517 0.270182 0.278623 
0.0869508 0.137101 0.142312 0.184 0.192227 0.20366 0.242923 0.259517 0.270182 0.278623 
0.0869508 0.137101 0.142312 0.184 0.192227 0.20366 0.219563 0.242923 0.259517 0.270182 
0.0869508 0.137101 0.142312 0.165775 0.184 0.192227 0.20366 0.219563 0.22274 0.242923 
0.0869508 0.137101 0.142312 0.165775 0.184 0.192227 0.20366 0.219563 0.22274 0.230929 
0.0869508 0.137101 0.142312 0.165775 0.184 0.192227 0.20366 0.219563 0.22274 0.230929 
0.0869508 0.137101 0.142312 0.165775 0.180596 0.184 0.192227 0.199794 0.20366 0.219563 
0.0869508 0.137101 0.142312 0.165775 0.180596 0.184 0.192227 0.199794 0.20366 0.219563 
0.0869508 0.0997056 0.137101 0.142312 0.165775 0.180596 0.184 0.192227 0.199794 0.20366 
0.0869508 0.0997056 0.137101 0.142312 0.165775 0.180596 0.184 0.192227 0.19354 0.199794 
