2.91664 3.11422 3.8001 3.91788 4.19195 6.83473 7.0971 7.65264 7.88091 8.66997 
1.90453 2.91664 3.11422 3.8001 3.91788 4.19195 6.83473 6.88549 7.0971 7.65264 
1.24067 1.90453 2.29173 2.91664 3.11422 3.8001 3.91788 4.03196 4.19195 4.22878 
1.24067 1.90453 2.29173 2.80077 2.91664 3.11422 3.63635 3.70333 3.8001 3.91788 
1.24067 1.90453 2.29173 2.80077 2.91664 2.96713 3.11422 3.63635 3.70333 3.8001 
1.24067 1.90453 2.29173 2.80077 2.91664 2.96713 3.11422 3.63635 3.70333 3.8001 
1.24067 1.90453 2.29173 2.73864 2.80077 2.91664 2.96713 3.11422 3.63635 3.70333 
0.227714 1.24067 1.90453 2.29173 2.73864 2.80077 2.91664 2.96713 3.11422 3.63635 
0.227714 1.24067 1.90453 2.29173 2.73864 2.80077 2.91664 2.96713 3.11422 3.63635 
0.227714 0.289614 1.24067 1.90453 2.29173 2.29282 2.73864 2.80077 2.91664 2.96713 
0.227714 0.289614 0.595796 1.24067 1.90453 2.29173 2.29282 2.73864 2.80077 2.91664 
0.227714 0.289614 0.595796 1.24067 1.71528 1.90453 2.29173 2.29282 2.73864 2.80077 
0.227714 0.289614 0.595796 1.24067 1.71528 1.90453 2.29173 2.29282 2.73864 2.80077 
0.227714 0.289614 0.595796 1.1939 1.24067 1.26775 1.71528 1.90453 2.29173 2.29282 
0.227714 0.266397 0.289614 0.595796 1.1939 1.24067 1.26775 1.71528 1.90453 2.29173 
0.227714 0.266397 0.289614 0.595796 0.73368 1.1939 1.24067 1.26775 1.71528 1.90453 
0.227714 0.266397 0.289614 0.595796 0.73368 1.1939 1.24067 1.26775 1.71528 1.90453 
0.227714 0.266397 0.289614 0.595796 0.73368 1.1939 1.24067 1.26775 1.71528 1.90453 
0.227714 0.266397 0.289614 0.595796 0.73368 1.1939 1.24067 1.26775 1.71528 1.90453 
0.227714 0.266397 0.289614 0.595796 0.73368 1.1939 1.24067 1.26775 1.71528 1.90453 
0.227714 0.266397 0.289614 0.595796 0.73368 1.1939 1.24067 1.26775 1.71528 1.90453 
0.227714 0.266397 0.289614 0.595796 0.73368 1.1939 1.24067 1.26775 1.71528 1.90453 
0.227714 0.266397 0.289614 0.595796 0.73368 1.1939 1.24067 1.26775 1.71528 1.90453 
0.227714 0.266397 0.289614 0.595796 0.73368 1.1939 1.24067 1.26775 1.71528 1.90453 
0.227714 0.266397 0.289614 0.595796 0.73368 1.1939 1.24067 1.26775 1.71528 1.90453 
0.227714 0.266397 0.289614 0.595796 0.73368 1.1939 1.24067 1.26775 1.71528 1.90453 
0.227714 0.266397 0.289614 0.595796 0.64737 0.73368 1.1939 1.24067 1.26775 1.71528 
0.227714 0.266397 0.289614 0.349792 0.595796 0.64737 0.73368 1.1939 1.24067 1.26775 
0.227714 0.266397 0.289614 0.349792 0.385472 0.595796 0.64737 0.73368 1.1939 1.24067 
0.227714 0.266397 0.289614 0.349792 0.385472 0.595796 0.64737 0.73368 1.1939 1.24067 
0.227714 0.266397 0.289614 0.349792 0.385472 0.595796 0.64737 0.73368 1.1939 1.24067 
0.227714 0.266397 0.289614 0.349792 0.385472 0.595796 0.64737 0.73368 1.1939 1.24067 
0.227714 0.266397 0.289614 0.349792 0.385472 0.595796 0.64737 0.73368 1.1939 1.24067 
0.227714 0.266397 0.289614 0.349792 0.385472 0.595796 0.64737 0.73368 1.1939 1.24067 
0.178403 0.227714 0.266397 0.289614 0.349792 0.385472 0.595796 0.64737 0.73368 1.1939 
0.178403 0.227714 0.266397 0.289614 0.349792 0.385472 0.595796 0.64737 0.73368 1.1939 
0.178403 0.227714 0.266397 0.289614 0.349792 0.385472 0.595796 0.64737 0.73368 1.1939 
0.178403 0.227714 0.266397 0.289614 0.349792 0.385472 0.595796 0.64737 0.73368 1.1939 
0.178403 0.227714 0.266397 0.289614 0.293786 0.349792 0.385472 0.595796 0.64737 0.73368 
0.178403 0.227714 0.266397 0.289614 0.293786 0.349792 0.385472 0.595796 0.64737 0.73368 
0.178403 0.227714 0.266397 0.289614 0.293786 0.349792 0.385472 0.595796 0.64737 0.73368 
0.178403 0.227714 0.266397 0.289614 0.293786 0.349792 0.385472 0.595796 0.64737 0.73368 
0.178403 0.227714 0.266397 0.289614 0.293786 0.349792 0.385472 0.595796 0.64737 0.73368 
0.178403 0.227714 0.266397 0.289614 0.293786 0.349792 0.385472 0.595796 0.64737 0.73368 
0.178403 0.227714 0.266397 0.289614 0.293786 0.349792 0.385472 0.595796 0.64737 0.73368 
0.178403 0.227714 0.266397 0.279899 0.289614 0.293786 0.349792 0.385472 0.595796 0.64737 
0.178403 0.227714 0.266397 0.279899 0.289614 0.293786 0.349792 0.385472 0.595796 0.64737 
0.178403 0.227714 0.266397 0.279899 0.289614 0.293786 0.349792 0.385472 0.595796 0.64737 
0.178403 0.227714 0.266397 0.279899 0.289614 0.293786 0.349792 0.385472 0.595796 0.64737 
0.178403 0.227714 0.266397 0.279899 0.289614 0.293786 0.349792 0.385472 0.595796 0.64737 
0.178403 0.227714 0.266397 0.279899 0.289614 0.293786 0.349792 0.385472 0.595796 0.64737 
0.178403 0.227714 0.266397 0.279899 0.289614 0.293786 0.349792 0.385472 0.595796 0.64737 
0.178403 0.227714 0.266397 0.279899 0.289614 0.293786 0.349792 0.385472 0.595796 0.64737 
0.178403 0.227714 0.266397 0.279899 0.289614 0.293786 0.349792 0.385472 0.595796 0.64737 
0.178403 0.227714 0.266397 0.279899 0.289614 0.293786 0.349792 0.385472 0.595796 0.64737 
0.178403 0.227714 0.266397 0.279899 0.289614 0.293786 0.349792 0.385472 0.595796 0.64737 
0.178403 0.227714 0.266397 0.279899 0.289614 0.293786 0.349792 0.385472 0.595796 0.64737 
0.178403 0.227714 0.266397 0.279899 0.289614 0.293786 0.349792 0.385472 0.595796 0.64737 
0.178403 0.227714 0.266397 0.279899 0.289614 0.293786 0.349792 0.385472 0.595796 0.64737 
0.178403 0.227714 0.266397 0.279899 0.289614 0.293786 0.349792 0.385472 0.595796 0.64737 
0.178403 0.227714 0.266397 0.279899 0.289614 0.293786 0.349792 0.385472 0.595796 0.64737 
0.178403 0.227714 0.266397 0.279899 0.289614 0.293786 0.349792 0.385472 0.595796 0.64737 
0.178403 0.227714 0.266397 0.279899 0.289614 0.293786 0.349792 0.385472 0.595796 0.64737 
0.178403 0.227714 0.266397 0.279899 0.289614 0.293786 0.349792 0.385472 0.595796 0.64737 
0.178403 0.227714 0.266397 0.279899 0.289614 0.293786 0.349792 0.385472 0.595796 0.64737 
0.178403 0.227714 0.266397 0.279899 0.289614 0.293786 0.349792 0.385472 0.595796 0.64737 
0.178403 0.227714 0.266397 0.279899 0.289614 0.293786 0.349792 0.385472 0.595796 0.64737 
0.178403 0.227714 0.266397 0.279899 0.289614 0.293786 0.349792 0.385472 0.595796 0.606613 
0.178403 0.227714 0.266397 0.279899 0.289614 0.293786 0.349792 0.385472 0.595796 0.606613 
0.178403 0.227714 0.266397 0.279899 0.289614 0.293786 0.349792 0.385472 0.595796 0.606613 
0.178403 0.227714 0.266397 0.279899 0.289614 0.293786 0.321537 0.349792 0.385472 0.595796 
0.178403 0.227714 0.266397 0.279899 0.289614 0.293786 0.321537 0.349792 0.385472 0.595796 
0.178403 0.227714 0.266397 0.279899 0.289614 0.293786 0.321537 0.349792 0.385472 0.56351 
0.178403 0.227714 0.266397 0.279899 0.289614 0.293786 0.321537 0.349792 0.385472 0.539718 
0.178403 0.227714 0.266397 0.279899 0.289614 0.293786 0.321537 0.349792 0.385472 0.539718 
0.178403 0.227714 0.266397 0.279899 0.289614 0.293786 0.321537 0.349792 0.385472 0.539718 
0.178403 0.227714 0.266397 0.279899 0.286485 0.289614 0.293786 0.321537 0.349792 0.385472 
0.178403 0.227714 0.266397 0.279899 0.286485 0.289614 0.293786 0.321537 0.349792 0.385472 
0.178403 0.227714 0.266397 0.279899 0.286485 0.289614 0.293786 0.321537 0.349792 0.385472 
0.178403 0.227714 0.266397 0.279899 0.286485 0.289614 0.293786 0.321537 0.349792 0.385472 
0.178403 0.227714 0.266397 0.279899 0.286485 0.289614 0.293786 0.321537 0.349792 0.385472 
0.178403 0.227714 0.266397 0.279899 0.286485 0.289614 0.293786 0.321537 0.349792 0.385472 
0.178403 0.227714 0.266397 0.279899 0.286485 0.289614 0.293786 0.321537 0.349792 0.385472 
0.178403 0.227714 0.266397 0.279899 0.286485 0.289614 0.293786 0.321537 0.349792 0.385472 
0.178403 0.227714 0.266397 0.279899 0.286485 0.289614 0.293786 0.321537 0.349792 0.385472 
0.178403 0.227714 0.266397 0.279899 0.286485 0.289614 0.293786 0.321537 0.349792 0.381757 
0.178403 0.227714 0.266397 0.279899 0.286485 0.289614 0.293786 0.321537 0.349792 0.381757 
0.178403 0.227714 0.250806 0.266397 0.279899 0.286485 0.289614 0.293786 0.321537 0.349792 
0.178403 0.227714 0.239741 0.250806 0.266397 0.279899 0.286485 0.289614 0.293786 0.321537 
0.14734 0.178403 0.227329 0.227714 0.239741 0.250602 0.250806 0.266397 0.279899 0.286485 
0.14734 0.178403 0.227329 0.227714 0.239741 0.250602 0.250806 0.253104 0.266397 0.279899 
0.14734 0.178403 0.195807 0.227329 0.227714 0.239741 0.250602 0.250806 0.253104 0.266397 
0.14734 0.178403 0.195807 0.227329 0.227714 0.239741 0.250602 0.250806 0.253104 0.266397 
0.14734 0.178403 0.195807 0.219255 0.227329 0.227714 0.239741 0.240852 0.250602 0.250806 
0.14734 0.178403 0.195807 0.201889 0.219255 0.227329 0.227714 0.239741 0.240852 0.250602 
0.14734 0.178403 0.195807 0.201889 0.219255 0.227329 0.227714 0.239741 0.240852 0.250602 
0.115807 0.14734 0.178403 0.188549 0.195807 0.201889 0.219255 0.227329 0.227714 0.239741 
0.115807 0.14734 0.178403 0.188549 0.195807 0.201889 0.219255 0.227329 0.227714 0.239741 
0.115807 0.14734 0.178403 0.188549 0.195807 0.198411 0.201889 0.219255 0.227329 0.227714 
0.115807 0.14734 0.178403 0.188549 0.195807 0.198411 0.201889 0.219255 0.227329 0.227714 
