1.41423 4.32283 5.83775 6.66938 6.69744 8.41314 8.87175 8.94551 9.1814 9.46678 
1.41423 4.03329 4.03442 4.32283 4.59105 5.83775 6.66938 6.69744 7.41582 7.55217 
1.41423 3.47459 4.03329 4.03442 4.32283 4.59105 5.08872 5.7395 5.83775 6.63182 
1.41423 3.47459 4.03329 4.03442 4.32283 4.59105 5.08872 5.7395 5.83775 6.63182 
1.41423 3.47459 4.03329 4.03442 4.32283 4.59105 5.08872 5.7395 5.83775 6.63182 
1.41423 3.47459 4.02574 4.03329 4.03442 4.32283 4.55971 4.59105 5.08872 5.7395 
1.41423 3.47459 4.02574 4.03329 4.03442 4.32283 4.55971 4.59105 5.08872 5.7395 
0.766244 1.41423 3.47459 4.02574 4.03329 4.03442 4.32283 4.55971 4.59105 5.08872 
0.766244 1.41423 3.18999 3.47459 4.02574 4.03329 4.03442 4.32283 4.55971 4.59105 
0.766244 1.41423 3.18999 3.47459 4.02574 4.03329 4.03442 4.32283 4.55971 4.59105 
0.766244 1.41423 3.18999 3.47459 4.02574 4.03329 4.03442 4.32283 4.55971 4.59105 
0.766244 1.41423 3.18999 3.47459 3.60761 4.02574 4.03329 4.03442 4.32283 4.55971 
0.766244 1.41423 3.18999 3.47459 3.60761 4.02574 4.03329 4.03442 4.32283 4.55971 
0.766244 1.41423 3.18999 3.47459 3.60761 4.02574 4.03329 4.03442 4.32283 4.55971 
0.766244 1.41423 3.18999 3.47459 3.60761 4.02574 4.03329 4.03442 4.32283 4.55971 
0.766244 1.41423 3.18999 3.47459 3.60761 4.02574 4.03329 4.03442 4.32283 4.55971 
0.766244 1.41423 3.18999 3.47459 3.60761 4.02574 4.03329 4.03442 4.32283 4.55971 
0.766244 1.41423 3.18999 3.47459 3.60761 4.02574 4.03329 4.03442 4.32283 4.55971 
0.766244 1.41423 3.18999 3.47459 3.60761 4.02574 4.03329 4.03442 4.32283 4.55971 
0.766244 1.41423 3.18999 3.47459 3.60761 4.02574 4.03329 4.03442 4.32283 4.55971 
0.766244 1.41423 3.18999 3.47459 3.60761 4.02574 4.03329 4.03442 4.32283 4.55971 
0.766244 1.41423 3.18999 3.47459 3.60761 4.02574 4.03329 4.03442 4.32283 4.55971 
0.766244 1.41423 3.18999 3.47459 3.60761 4.02574 4.03329 4.03442 4.32283 4.55971 
0.766244 1.41423 3.18999 3.47459 3.60761 4.02574 4.03329 4.03442 4.32283 4.55971 
0.766244 1.41423 3.18999 3.47459 3.60761 4.02574 4.03329 4.03442 4.32283 4.55971 
0.766244 1.41423 3.18999 3.47459 3.60761 4.02574 4.03329 4.03442 4.32283 4.55971 
0.766244 1.41423 3.18999 3.47459 3.60761 4.02574 4.03329 4.03442 4.32283 4.55971 
0.766244 1.41423 3.18999 3.47459 3.60761 4.02574 4.03329 4.03442 4.32283 4.55971 
0.766244 1.41423 3.18999 3.47459 3.60761 4.02574 4.03329 4.03442 4.32283 4.55971 
0.766244 1.41423 3.18999 3.47459 3.60761 4.02574 4.03329 4.03442 4.32283 4.55971 
0.766244 1.41423 3.18999 3.47459 3.60761 4.02574 4.03329 4.03442 4.32283 4.55971 
0.766244 1.41423 3.18999 3.47459 3.60761 4.02574 4.03329 4.03442 4.32283 4.55971 
0.766244 1.41423 3.18999 3.47459 3.60761 4.02574 4.03329 4.03442 4.32283 4.55971 
0.766244 1.41423 3.18999 3.47459 3.60761 4.02574 4.03329 4.03442 4.32283 4.55971 
0.766244 1.41423 3.18999 3.47459 3.60761 4.02574 4.03329 4.03442 4.32283 4.55971 
0.766244 1.41423 3.18999 3.47459 3.60761 4.02574 4.03329 4.03442 4.06717 4.32283 
0.766244 1.41423 3.18999 3.29201 3.47459 3.60761 4.02574 4.03329 4.03442 4.06717 
0.766244 1.41423 3.18999 3.29201 3.47459 3.60761 4.02574 4.03329 4.03442 4.06717 
0.766244 1.41423 3.18999 3.29201 3.47459 3.60761 4.02574 4.03329 4.03442 4.06717 
0.766244 1.41423 3.18999 3.29201 3.47459 3.60761 4.02574 4.03329 4.03442 4.06717 
0.766244 1.41423 3.18999 3.29201 3.47459 3.60761 4.02574 4.03329 4.03442 4.06717 
0.766244 1.41423 3.18999 3.29201 3.47459 3.60761 4.02574 4.03329 4.03442 4.06717 
0.766244 1.41423 3.01846 3.18999 3.29201 3.47459 3.60761 4.02574 4.03329 4.03442 
0.766244 1.41423 3.01846 3.18999 3.29201 3.47459 3.60761 4.02574 4.03329 4.03442 
0.766244 1.41423 3.01846 3.18999 3.29201 3.47459 3.60761 4.02574 4.03329 4.03442 
0.766244 1.41423 3.01846 3.18999 3.29201 3.47459 3.60761 4.02574 4.03329 4.03442 
0.766244 1.41423 3.01846 3.18999 3.29201 3.47459 3.60761 4.02574 4.03329 4.03442 
0.766244 1.41423 3.01846 3.18999 3.29201 3.47459 3.60761 4.02574 4.03329 4.03442 
0.766244 1.41423 3.01846 3.18999 3.29201 3.47459 3.60761 4.02574 4.03329 4.03442 
0.766244 1.41423 3.01846 3.18999 3.29201 3.47459 3.60761 4.02574 4.03329 4.03442 
0.766244 1.41423 3.01846 3.18999 3.29201 3.47459 3.60761 4.02574 4.03329 4.03442 
0.766244 1.41423 3.01846 3.18999 3.29201 3.47459 3.60761 4.02574 4.03329 4.03442 
0.766244 1.41423 3.01846 3.18999 3.29201 3.47459 3.60761 4.02574 4.03329 4.03442 
0.766244 1.41423 3.01846 3.18999 3.29201 3.47459 3.60761 4.02574 4.03329 4.03442 
0.766244 1.41423 3.01846 3.18999 3.29201 3.47459 3.60761 4.02574 4.03329 4.03442 
0.766244 1.41423 3.01846 3.18999 3.29201 3.47459 3.60761 4.02574 4.03329 4.03442 
0.766244 1.41423 3.01846 3.18999 3.29201 3.47459 3.60761 4.02574 4.03329 4.03442 
0.766244 1.41423 3.01846 3.18999 3.29201 3.47459 3.60761 4.02032 4.02574 4.03329 
0.766244 1.41423 3.01846 3.18999 3.29201 3.47459 3.60761 4.02032 4.02574 4.03329 
0.766244 1.41423 3.01846 3.18999 3.29201 3.47459 3.60761 3.97732 4.02032 4.02574 
0.766244 1.41423 3.01846 3.18999 3.29201 3.47459 3.60761 3.97732 4.02032 4.02574 
0.766244 1.41423 3.01846 3.18999 3.29201 3.47459 3.60761 3.97732 4.02032 4.02574 
0.766244 1.41423 3.01846 3.18999 3.29201 3.47459 3.60761 3.97732 4.02032 4.02574 
0.766244 1.41423 3.01846 3.18999 3.29201 3.47459 3.60761 3.97732 4.02032 4.02574 
0.766244 1.41423 3.01846 3.18999 3.29201 3.47459 3.60761 3.85995 3.97732 4.02032 
0.766244 1.41423 3.01846 3.18999 3.29201 3.47459 3.60761 3.85995 3.97732 4.02032 
0.766244 1.41423 3.01846 3.18999 3.29201 3.47459 3.60761 3.85995 3.97732 4.02032 
0.766244 1.41423 3.01846 3.18999 3.29201 3.47459 3.60761 3.77977 3.85995 3.97732 
0.766244 1.41423 3.01846 3.18999 3.29201 3.47459 3.60761 3.77977 3.85995 3.97732 
0.766244 1.41423 3.01846 3.18999 3.29201 3.47459 3.60761 3.77977 3.85995 3.97732 
0.766244 1.41423 2.75554 3.01846 3.18999 3.29201 3.47459 3.60761 3.77977 3.85995 
0.766244 1.41423 2.75554 3.01846 3.18999 3.29201 3.47459 3.60761 3.77977 3.85995 
0.766244 1.41423 2.75554 3.01846 3.18999 3.22555 3.29201 3.47459 3.60761 3.77977 
0.766244 1.41423 2.75554 3.01846 3.18999 3.22555 3.29201 3.47459 3.60761 3.77977 
0.766244 1.41423 2.75554 3.01846 3.18999 3.22555 3.29201 3.47459 3.60761 3.77977 
0.766244 1.41423 2.74585 2.75554 3.01846 3.18999 3.22555 3.29201 3.40591 3.47459 
0.766244 1.41423 2.74585 2.75554 2.81071 3.01846 3.18999 3.22555 3.29201 3.40591 
0.766244 1.41423 2.74585 2.75554 2.81071 3.01846 3.18999 3.22555 3.29201 3.40591 
0.766244 1.41423 1.4933 2.74585 2.75554 2.81071 3.01846 3.18999 3.22555 3.29201 
0.766244 1.41423 1.4933 2.53043 2.74585 2.75554 2.81071 3.01846 3.06038 3.18999 
0.766244 1.41423 1.4933 2.53043 2.74585 2.75554 2.81071 3.01846 3.06038 3.18999 
0.766244 1.41423 1.4933 2.53043 2.74585 2.75554 2.81071 2.86193 3.01846 3.06038 
0.766244 1.41423 1.4933 2.53043 2.68739 2.74585 2.75554 2.81071 2.86193 3.01846 
0.766244 1.41423 1.4933 2.53043 2.68739 2.74585 2.75554 2.81071 2.86193 3.01846 
0.766244 1.41423 1.4933 2.53043 2.68739 2.74585 2.75554 2.81071 2.86193 3.01846 
0.766244 1.41423 1.4933 2.53043 2.68739 2.74585 2.75554 2.81071 2.86193 3.01846 
0.766244 1.41423 1.4933 2.53043 2.68739 2.74585 2.75554 2.81071 2.86193 3.01846 
0.766244 1.41423 1.4933 2.53043 2.68739 2.74585 2.75554 2.81071 2.86193 3.01846 
0.766244 1.41423 1.4933 1.75761 2.53043 2.68739 2.74585 2.75554 2.81071 2.86193 
0.766244 1.41423 1.4933 1.75761 2.53043 2.68739 2.74585 2.75554 2.81071 2.86193 
0.766244 1.41423 1.4933 1.75761 2.04865 2.53043 2.64185 2.68739 2.74585 2.75554 
0.766244 1.41423 1.4933 1.75761 2.04865 2.53043 2.64185 2.68739 2.74585 2.75554 
0.766244 1.41423 1.4933 1.75761 2.04865 2.53043 2.64185 2.68739 2.74585 2.75554 
0.766244 1.41423 1.4933 1.75761 2.04865 2.53043 2.64185 2.68739 2.74585 2.75554 
0.766244 1.41423 1.4933 1.75761 2.04865 2.53043 2.64185 2.68739 2.74585 2.75554 
0.766244 1.41423 1.4933 1.75761 2.04865 2.53043 2.64185 2.68739 2.74585 2.75554 
0.766244 1.41423 1.4933 1.75761 2.04865 2.53043 2.62005 2.64185 2.68739 2.74585 
0.766244 1.41423 1.4933 1.75761 2.04865 2.53043 2.62005 2.64185 2.68739 2.74585 
0.766244 1.41423 1.4933 1.75761 2.04865 2.09273 2.53043 2.62005 2.64185 2.68739 
0.766244 1.41423 1.4933 1.75761 2.04865 2.09273 2.53043 2.62005 2.64185 2.68739 
