1.23811 3.07599 3.22883 4.5453 4.60276 5.24717 5.71696 5.84862 6.22727 7.76797 
1.23811 2.65723 3.07599 3.22883 3.45757 4.5453 4.60276 5.12113 5.24717 5.63531 
1.23811 2.65723 3.07599 3.18776 3.22883 3.45757 4.5453 4.60276 4.97213 5.12113 
1.23811 2.65723 3.07599 3.18776 3.22883 3.45757 4.5453 4.60276 4.97213 5.12113 
1.23811 2.22436 2.65723 3.07599 3.18776 3.22883 3.45757 4.5453 4.60276 4.97213 
1.23811 2.22436 2.65723 3.07599 3.18776 3.22883 3.45757 4.5453 4.60276 4.97213 
1.23811 2.22436 2.65723 3.0158 3.07599 3.18776 3.22883 3.45757 4.5453 4.60276 
1.23811 2.22436 2.39181 2.65723 3.0158 3.07599 3.18776 3.22883 3.45757 4.5453 
1.23811 2.22436 2.39181 2.65723 3.0158 3.07599 3.18776 3.22883 3.45757 4.5453 
1.23811 2.22436 2.39181 2.65723 3.0158 3.07599 3.18776 3.22883 3.45757 4.5453 
1.23811 1.63108 2.22436 2.39181 2.65723 3.0158 3.07599 3.18776 3.22883 3.45757 
1.23811 1.63108 2.20094 2.22436 2.39181 2.65723 3.0158 3.07599 3.18776 3.22883 
1.23811 1.39468 1.63108 2.20094 2.22436 2.39181 2.65723 3.0158 3.07599 3.18776 
1.23811 1.39468 1.63108 1.76945 2.20094 2.22436 2.39181 2.65723 3.0158 3.07599 
1.23811 1.39468 1.63108 1.76945 2.20094 2.22436 2.39181 2.65723 3.0158 3.07599 
1.23811 1.39468 1.63108 1.76945 2.20094 2.22436 2.39181 2.65723 3.0158 3.07599 
1.23811 1.39468 1.63108 1.76945 1.91723 2.20094 2.22436 2.39181 2.65723 3.0158 
1.23811 1.39468 1.63108 1.76945 1.91723 2.20094 2.22436 2.39181 2.65723 3.0158 
1.23811 1.39468 1.63108 1.76945 1.91723 2.20094 2.22436 2.39181 2.65723 3.0158 
1.23811 1.39468 1.63108 1.76945 1.91723 2.20094 2.22436 2.39181 2.65723 3.0158 
1.04506 1.23811 1.39468 1.63108 1.76945 1.91723 2.20094 2.22436 2.39181 2.65723 
1.04506 1.23811 1.39468 1.63108 1.76945 1.91723 2.20094 2.22436 2.39181 2.65723 
1.04506 1.14858 1.23811 1.39468 1.54267 1.63108 1.76945 1.91723 2.20094 2.22436 
1.04506 1.14858 1.23811 1.39468 1.54267 1.63108 1.76945 1.91723 2.20094 2.22436 
1.04506 1.14858 1.23811 1.39468 1.419 1.54267 1.63108 1.76945 1.91723 2.20094 
1.04506 1.14858 1.19536 1.23811 1.39468 1.419 1.54267 1.63108 1.76945 1.91723 
0.716866 1.04506 1.14858 1.19536 1.23811 1.39468 1.419 1.54267 1.63108 1.76945 
0.249818 0.716866 1.04506 1.14858 1.19536 1.23811 1.39468 1.419 1.54267 1.63108 
0.249818 0.716866 1.04506 1.14858 1.19536 1.23811 1.39468 1.419 1.54267 1.63108 
0.249818 0.438088 0.716866 1.04506 1.14858 1.19536 1.23811 1.39468 1.419 1.54267 
0.249818 0.438088 0.716866 1.04506 1.12017 1.14858 1.19536 1.23811 1.39468 1.419 
0.249818 0.438088 0.716866 0.727163 0.881132 1.04506 1.12017 1.14858 1.19536 1.23811 
0.249818 0.438088 0.716866 0.727163 0.881132 1.04506 1.12017 1.14858 1.19536 1.23811 
0.249818 0.438088 0.716866 0.727163 0.807074 0.881132 1.04506 1.12017 1.14858 1.19536 
0.249818 0.438088 0.716866 0.727163 0.807074 0.881132 1.04506 1.12017 1.14858 1.19536 
0.249818 0.438088 0.570538 0.614332 0.662387 0.716866 0.727163 0.807074 0.881132 1.04506 
0.249818 0.438088 0.570538 0.614332 0.662387 0.716866 0.727163 0.807074 0.881132 1.04506 
0.192449 0.249818 0.438088 0.570538 0.614332 0.662387 0.716866 0.727163 0.807074 0.881132 
0.192449 0.249818 0.403351 0.438088 0.52879 0.570538 0.614332 0.662387 0.716866 0.727163 
0.192449 0.249818 0.403351 0.438088 0.52879 0.570538 0.614332 0.662387 0.716866 0.727163 
0.192449 0.249818 0.403351 0.438088 0.52879 0.570538 0.614332 0.662387 0.716866 0.727163 
0.0770923 0.192449 0.249818 0.403351 0.438088 0.52879 0.570538 0.614332 0.662387 0.716866 
0.0770923 0.192449 0.249818 0.403351 0.438088 0.52879 0.570538 0.614332 0.662387 0.716866 
0.0770923 0.192449 0.249818 0.403351 0.438088 0.52879 0.570538 0.614332 0.662387 0.716866 
0.0770923 0.192449 0.249818 0.403351 0.438088 0.52879 0.570538 0.614332 0.662387 0.716866 
0.0770923 0.192449 0.249818 0.403351 0.438088 0.52879 0.570538 0.614332 0.662387 0.716866 
0.0770923 0.192449 0.249818 0.403351 0.438088 0.52879 0.570538 0.614332 0.662387 0.716866 
0.0770923 0.192449 0.249818 0.403351 0.438088 0.52879 0.570538 0.614332 0.662387 0.716866 
0.0770923 0.192449 0.249818 0.403351 0.438088 0.52879 0.570538 0.614332 0.662387 0.716866 
0.0770923 0.192449 0.249818 0.403351 0.432758 0.438088 0.52879 0.570538 0.614332 0.662387 
0.0770923 0.192449 0.249818 0.403351 0.432758 0.438088 0.52879 0.570538 0.614332 0.662387 
0.0770923 0.192449 0.249818 0.403351 0.432758 0.438088 0.52879 0.570538 0.614332 0.662387 
0.0770923 0.192449 0.249818 0.403351 0.432758 0.438088 0.52879 0.570538 0.614332 0.662387 
0.0770923 0.192449 0.249818 0.403351 0.432758 0.438088 0.52879 0.570538 0.614332 0.662387 
0.0770923 0.192449 0.249818 0.403351 0.432758 0.438088 0.52879 0.570538 0.614332 0.662387 
0.0770923 0.192449 0.249818 0.403351 0.432758 0.438088 0.52879 0.570538 0.614332 0.662387 
0.0770923 0.192449 0.249818 0.403351 0.432758 0.438088 0.52879 0.570538 0.614332 0.662387 
0.0770923 0.192449 0.249818 0.403351 0.432758 0.438088 0.52879 0.570538 0.614332 0.662387 
0.0770923 0.192449 0.249818 0.403351 0.432758 0.438088 0.52879 0.570538 0.614332 0.662387 
0.0770923 0.192449 0.249818 0.403351 0.432758 0.438088 0.52879 0.570538 0.614332 0.662387 
0.0770923 0.192449 0.249818 0.403351 0.432758 0.438088 0.52879 0.570538 0.614332 0.662387 
0.0770923 0.192449 0.249818 0.403351 0.432758 0.438088 0.52879 0.570538 0.614332 0.662387 
0.0770923 0.192449 0.249818 0.403351 0.432758 0.438088 0.52879 0.570538 0.614332 0.662387 
0.0770923 0.192449 0.249818 0.403351 0.432758 0.438088 0.52879 0.570538 0.614332 0.662387 
0.0770923 0.192449 0.249818 0.403351 0.432758 0.438088 0.52879 0.570538 0.614332 0.662387 
0.0770923 0.192449 0.249818 0.403351 0.432758 0.438088 0.52879 0.570538 0.614332 0.662387 
0.0770923 0.192449 0.249818 0.403351 0.432758 0.438088 0.52879 0.570538 0.614332 0.662387 
0.0770923 0.192449 0.249818 0.403351 0.432758 0.438088 0.52879 0.570538 0.614332 0.662387 
0.0770923 0.192449 0.249818 0.403351 0.432758 0.438088 0.52879 0.570538 0.614332 0.662387 
0.0770923 0.192449 0.249818 0.403351 0.432758 0.438088 0.52879 0.570538 0.614332 0.662387 
0.0770923 0.192449 0.249818 0.403351 0.432758 0.438088 0.52879 0.570538 0.614332 0.662387 
0.0770923 0.192449 0.249818 0.403351 0.432758 0.438088 0.52879 0.570538 0.614332 0.662387 
0.0770923 0.192449 0.249818 0.403351 0.432758 0.438088 0.52879 0.570538 0.614332 0.662387 
0.0770923 0.192449 0.249818 0.403351 0.432758 0.438088 0.52879 0.570538 0.614332 0.662387 
0.0770923 0.192449 0.249818 0.403351 0.432758 0.438088 0.52879 0.570538 0.614332 0.662387 
0.0770923 0.192449 0.249818 0.403351 0.432758 0.438088 0.52879 0.570538 0.614332 0.662387 
0.0770923 0.192449 0.249818 0.403351 0.432758 0.438088 0.52879 0.570538 0.614332 0.662387 
0.0770923 0.192449 0.249818 0.403351 0.432758 0.438088 0.52879 0.570538 0.614332 0.662387 
0.0770923 0.192449 0.249818 0.403351 0.432758 0.438088 0.52879 0.570538 0.614332 0.662387 
0.0770923 0.192449 0.249818 0.403351 0.432758 0.438088 0.52879 0.570538 0.614332 0.662387 
0.0770923 0.192449 0.249818 0.403351 0.432758 0.438088 0.52879 0.570538 0.614332 0.662387 
0.0770923 0.192449 0.249818 0.403351 0.432758 0.438088 0.52879 0.570538 0.614332 0.662387 
0.0770923 0.192449 0.249818 0.403351 0.432758 0.438088 0.52879 0.570538 0.614332 0.662387 
0.0770923 0.192449 0.249818 0.403351 0.432758 0.438088 0.52879 0.570538 0.614332 0.662387 
0.0770923 0.192449 0.249818 0.403351 0.432758 0.438088 0.52879 0.570538 0.614332 0.662387 
0.0770923 0.192449 0.249818 0.403351 0.432758 0.438088 0.52879 0.570538 0.614332 0.662387 
0.0770923 0.192449 0.249818 0.403351 0.432758 0.438088 0.52879 0.570538 0.614332 0.662387 
0.0770923 0.192449 0.249818 0.403351 0.432758 0.438088 0.52879 0.570538 0.614332 0.662387 
0.0770923 0.192449 0.249818 0.403351 0.432758 0.438088 0.52879 0.570538 0.614332 0.662387 
0.0770923 0.192449 0.249818 0.403351 0.432758 0.438088 0.52879 0.570538 0.614332 0.662387 
0.0770923 0.192449 0.249818 0.403351 0.432758 0.438088 0.52879 0.570538 0.614332 0.662387 
0.0770923 0.192449 0.249818 0.403351 0.432758 0.438088 0.52879 0.570538 0.614332 0.662387 
0.0770923 0.192449 0.249818 0.403351 0.432758 0.438088 0.52879 0.570538 0.614332 0.662387 
0.0770923 0.192449 0.249818 0.403351 0.432758 0.438088 0.52879 0.570538 0.614332 0.662387 
0.0770923 0.192449 0.249818 0.403351 0.432758 0.438088 0.52879 0.570538 0.614332 0.662387 
0.0770923 0.192449 0.249818 0.403351 0.432758 0.438088 0.52879 0.570538 0.614332 0.662387 
0.0770923 0.192449 0.249818 0.403351 0.432758 0.438088 0.52879 0.570538 0.614332 0.662387 
0.0770923 0.192449 0.249818 0.403351 0.432758 0.438088 0.52879 0.570538 0.614332 0.662387 
0.0770923 0.192449 0.249818 0.403351 0.432758 0.438088 0.52879 0.570538 0.614332 0.662387 
0.0770923 0.192449 0.249818 0.403351 0.432758 0.438088 0.52879 0.570538 0.614332 0.662387 
