2.84565 4.41231 5.66748 6.28143 6.45168 7.17882 7.89046 8.48754 8.64005 8.67052 
2.84565 4.41231 5.58532 5.66748 6.12399 6.28143 6.45168 6.61191 6.94693 7.17882 
2.84565 4.41231 5.58532 5.66748 6.12399 6.28143 6.45168 6.61191 6.94693 7.17882 
2.84565 4.41231 5.58532 5.66748 6.12399 6.28143 6.45168 6.61191 6.94693 7.07015 
2.35789 2.84565 4.38272 4.41231 4.54081 5.58532 5.66748 5.74954 6.12399 6.28143 
2.35789 2.84565 3.20706 4.19505 4.38272 4.41231 4.54081 5.58532 5.66748 5.74954 
2.35789 2.84565 3.20706 4.19505 4.28291 4.38272 4.41231 4.54081 5.58532 5.66748 
2.35789 2.84565 3.20706 3.94232 4.19505 4.28291 4.38272 4.41231 4.54081 4.7535 
2.35789 2.84565 3.20706 3.94232 4.19505 4.28291 4.38272 4.41231 4.54081 4.7535 
2.06255 2.34086 2.35789 2.60792 2.84565 3.20706 3.64105 3.89469 3.94232 4.19505 
2.06255 2.34086 2.35789 2.60792 2.84565 3.20706 3.64105 3.89469 3.94232 4.19505 
2.06255 2.34086 2.35789 2.60792 2.83191 2.84565 3.20706 3.32062 3.64105 3.89135 
2.06255 2.34086 2.35789 2.60792 2.83191 2.84565 2.98946 3.20706 3.32062 3.55494 
2.06255 2.34086 2.35789 2.60792 2.83191 2.84565 2.98946 3.20706 3.32062 3.55494 
2.04574 2.06255 2.34086 2.35789 2.60792 2.83191 2.84565 2.94652 2.98946 3.20706 
2.04574 2.06255 2.34086 2.35789 2.60792 2.83191 2.84565 2.94652 2.98946 3.20706 
2.04574 2.06255 2.34086 2.35789 2.60792 2.83191 2.84565 2.94652 2.98946 3.20706 
2.04574 2.06255 2.34086 2.35789 2.60792 2.83191 2.84565 2.94652 2.98946 3.11388 
2.04574 2.06255 2.34086 2.35789 2.60792 2.83191 2.84565 2.94652 2.98946 3.11388 
1.9788 2.04574 2.06255 2.34086 2.35789 2.60792 2.83191 2.84565 2.94652 2.98946 
1.9788 2.04574 2.06255 2.34086 2.35789 2.60792 2.83191 2.84565 2.94652 2.98946 
1.9788 2.04574 2.06255 2.34086 2.35789 2.60792 2.83191 2.84565 2.94652 2.98946 
1.9788 2.04574 2.06255 2.11482 2.34086 2.35789 2.60792 2.83191 2.84565 2.94652 
1.9788 2.04574 2.06255 2.11482 2.34086 2.35789 2.60792 2.83191 2.84565 2.94652 
1.9788 2.04574 2.06255 2.11482 2.34086 2.35789 2.60792 2.83191 2.84565 2.94652 
1.9788 2.04574 2.06255 2.11482 2.34086 2.35789 2.60792 2.65667 2.83191 2.84565 
1.9788 2.04574 2.06255 2.11482 2.34086 2.35789 2.4535 2.60792 2.65667 2.83191 
1.9788 2.04574 2.06255 2.11482 2.34086 2.35789 2.4535 2.60792 2.65667 2.83191 
1.9788 2.04574 2.06255 2.11482 2.34086 2.35789 2.4535 2.60792 2.65667 2.83191 
1.9788 2.04574 2.06255 2.11482 2.20147 2.34086 2.35789 2.4535 2.60792 2.65667 
0.772347 0.975241 1.9788 2.04574 2.06255 2.11482 2.20147 2.34086 2.35789 2.4535 
0.691286 0.772347 0.975241 1.39876 1.9788 2.04574 2.06255 2.11482 2.20147 2.34086 
0.691286 0.772347 0.975241 1.39876 1.9788 2.04574 2.06255 2.11482 2.20147 2.34086 
0.691286 0.772347 0.975241 1.39876 1.9788 2.04574 2.06255 2.11482 2.20147 2.34086 
0.417818 0.691286 0.772347 0.975241 1.39876 1.9788 2.04574 2.06255 2.11482 2.20147 
0.296114 0.417818 0.691286 0.772347 0.975241 1.39876 1.9788 2.04574 2.06255 2.11482 
0.296114 0.417818 0.691286 0.772347 0.975241 1.39876 1.9788 2.04574 2.06255 2.11482 
0.296114 0.417818 0.691286 0.772347 0.975241 1.39876 1.55508 1.9788 2.04574 2.06255 
0.296114 0.417818 0.691286 0.772347 0.975241 1.39876 1.55508 1.9788 2.04574 2.06255 
0.296114 0.417818 0.691286 0.772347 0.975241 1.39876 1.54484 1.55508 1.9788 2.04574 
0.296114 0.417818 0.691286 0.772347 0.975241 1.39876 1.54484 1.55508 1.9788 2.04574 
0.296114 0.417818 0.691286 0.772347 0.975241 1.39876 1.54484 1.55508 1.9788 2.04574 
0.296114 0.417818 0.691286 0.772347 0.975241 1.39876 1.54484 1.55508 1.9788 2.04574 
0.296114 0.417818 0.691286 0.772347 0.975241 1.39876 1.54484 1.55508 1.9788 2.04574 
0.296114 0.417818 0.691286 0.772347 0.975241 1.39876 1.54484 1.55508 1.9788 2.04574 
0.296114 0.417818 0.691286 0.772347 0.975241 1.39876 1.54484 1.55508 1.9788 2.04574 
0.296114 0.417818 0.691286 0.772347 0.975241 1.2916 1.39876 1.54484 1.55508 1.9788 
0.296114 0.417818 0.691286 0.772347 0.975241 1.2916 1.39876 1.54484 1.55508 1.9788 
0.296114 0.417818 0.691286 0.772347 0.975241 1.2916 1.39876 1.54484 1.55508 1.9788 
0.296114 0.417818 0.691286 0.772347 0.975241 1.2916 1.39876 1.54484 1.55508 1.9788 
0.296114 0.417818 0.691286 0.772347 0.975241 1.2916 1.39876 1.54484 1.55508 1.68693 
0.296114 0.382588 0.417818 0.691286 0.772347 0.975241 1.2916 1.39876 1.54484 1.55508 
0.296114 0.382588 0.417818 0.691286 0.772347 0.975241 1.2916 1.39876 1.54484 1.55508 
0.296114 0.382588 0.417818 0.691286 0.772347 0.975241 1.2916 1.39876 1.54484 1.55508 
0.296114 0.382588 0.417818 0.691286 0.772347 0.975241 1.2916 1.39876 1.54484 1.55508 
0.296114 0.382588 0.417818 0.691286 0.772347 0.975241 1.2916 1.39876 1.54484 1.55508 
0.296114 0.382588 0.417818 0.691286 0.772347 0.975241 1.2916 1.39876 1.54484 1.55508 
0.296114 0.382588 0.417818 0.691286 0.772347 0.975241 1.2916 1.39876 1.54484 1.55508 
0.296114 0.382588 0.417818 0.691286 0.772347 0.975241 1.2916 1.39876 1.54484 1.55508 
0.296114 0.382588 0.417818 0.691286 0.772347 0.975241 1.2916 1.39876 1.54484 1.55508 
0.296114 0.382588 0.417818 0.691286 0.772347 0.975241 1.2916 1.39876 1.54484 1.55508 
0.296114 0.382588 0.417818 0.691286 0.772347 0.975241 1.2916 1.39876 1.54484 1.55508 
0.296114 0.382588 0.417818 0.691286 0.772347 0.975241 1.2916 1.39876 1.54484 1.55508 
0.296114 0.382588 0.417818 0.691286 0.772347 0.975241 1.2916 1.39876 1.54484 1.55508 
0.296114 0.382588 0.417818 0.691286 0.772347 0.975241 1.2916 1.39876 1.54484 1.55508 
0.296114 0.382588 0.417818 0.691286 0.772347 0.975241 1.2916 1.39876 1.54484 1.55508 
0.296114 0.382588 0.417818 0.691286 0.772347 0.975241 1.2916 1.39876 1.54484 1.55508 
0.296114 0.382588 0.417818 0.691286 0.772347 0.975241 1.2916 1.39876 1.54484 1.55508 
0.296114 0.382588 0.417818 0.691286 0.772347 0.975241 1.2916 1.39876 1.54484 1.55508 
0.296114 0.382588 0.417818 0.691286 0.772347 0.975241 1.2916 1.39876 1.54484 1.55508 
0.296114 0.382588 0.417818 0.691286 0.772347 0.975241 1.2916 1.39876 1.54484 1.55508 
0.296114 0.382588 0.417818 0.691286 0.772347 0.975241 1.2916 1.39876 1.54484 1.55508 
0.296114 0.382588 0.417818 0.691286 0.772347 0.975241 1.2916 1.39876 1.54484 1.55508 
0.296114 0.382588 0.417818 0.691286 0.772347 0.975241 1.2916 1.39876 1.54484 1.55508 
0.296114 0.382588 0.417818 0.691286 0.772347 0.975241 1.2916 1.39876 1.54484 1.55508 
0.296114 0.382588 0.417818 0.691286 0.772347 0.975241 1.2916 1.39876 1.54484 1.55508 
0.296114 0.382588 0.417818 0.691286 0.772347 0.975241 1.2916 1.39876 1.54484 1.55508 
0.296114 0.382588 0.417818 0.691286 0.772347 0.975241 1.2916 1.39876 1.54484 1.55508 
0.296114 0.382588 0.417818 0.691286 0.772347 0.975241 1.2916 1.39876 1.54484 1.55508 
0.296114 0.382588 0.417818 0.691286 0.772347 0.975241 1.2916 1.39876 1.54484 1.55508 
0.296114 0.382588 0.417818 0.691286 0.772347 0.975241 1.2916 1.39876 1.54484 1.55508 
0.296114 0.382588 0.417818 0.691286 0.772347 0.975241 1.2916 1.39876 1.54484 1.55508 
0.296114 0.382588 0.417818 0.691286 0.772347 0.975241 1.2916 1.39876 1.54484 1.55508 
0.296114 0.382588 0.417818 0.691286 0.772347 0.975241 1.2916 1.39876 1.54484 1.55508 
0.296114 0.382588 0.417818 0.691286 0.772347 0.975241 1.2916 1.39876 1.54484 1.55508 
0.296114 0.382588 0.417818 0.691286 0.772347 0.975241 1.2916 1.39876 1.54484 1.55508 
0.296114 0.382588 0.417818 0.691286 0.772347 0.975241 1.2916 1.39876 1.54484 1.55508 
0.296114 0.382588 0.417818 0.691286 0.772347 0.975241 1.2916 1.39876 1.54484 1.55508 
0.296114 0.382588 0.417818 0.691286 0.772347 0.975241 1.2916 1.39876 1.54484 1.55508 
0.296114 0.382588 0.417818 0.691286 0.772347 0.975241 1.2916 1.39876 1.54484 1.55508 
0.296114 0.382588 0.417818 0.691286 0.772347 0.975241 1.2916 1.39876 1.54484 1.55508 
0.296114 0.382588 0.417818 0.691286 0.772347 0.975241 1.2916 1.39876 1.54484 1.55508 
0.296114 0.382588 0.417818 0.691286 0.772347 0.975241 1.2916 1.39876 1.54484 1.55508 
0.296114 0.382588 0.417818 0.691286 0.772347 0.975241 1.2916 1.39876 1.54484 1.55508 
0.296114 0.382588 0.417818 0.691286 0.772347 0.975241 1.2916 1.39876 1.54484 1.55508 
0.296114 0.382588 0.417818 0.691286 0.772347 0.975241 1.2916 1.39876 1.54484 1.55508 
0.296114 0.382588 0.417818 0.691286 0.772347 0.975241 1.2916 1.39876 1.54484 1.55508 
0.296114 0.382588 0.417818 0.691286 0.772347 0.975241 1.2916 1.39876 1.54484 1.55508 
0.296114 0.382588 0.417818 0.691286 0.772347 0.975241 1.2916 1.39876 1.54484 1.55508 
0.296114 0.382588 0.417818 0.691286 0.772347 0.975241 1.2916 1.39876 1.54484 1.55508 
