2.64713 3.25054 3.54576 4.2198 4.29714 6.60125 6.63633 7.119 7.6276 8.09293 
2.64713 3.25054 3.33505 3.4154 3.46133 3.54576 4.2198 4.29714 6.60125 6.63119 
2.5467 2.64713 2.79491 3.01898 3.25054 3.33505 3.4154 3.46133 3.54576 3.58441 
2.50693 2.5467 2.64713 2.79491 3.01898 3.25054 3.28911 3.33505 3.4154 3.46133 
2.10478 2.50693 2.5467 2.64713 2.79491 3.01898 3.25054 3.28911 3.33505 3.4154 
1.86634 2.10478 2.50693 2.5467 2.64713 2.79491 3.01898 3.25054 3.28911 3.33505 
1.34957 1.86634 2.10478 2.50693 2.5467 2.64713 2.79491 3.01898 3.25054 3.28911 
1.34957 1.86634 2.10478 2.50693 2.5467 2.64713 2.79491 3.01898 3.25054 3.28911 
1.34957 1.86634 2.10478 2.50693 2.5467 2.64713 2.79491 3.01898 3.25054 3.28911 
1.34957 1.86634 2.10478 2.50693 2.5467 2.64713 2.79491 3.01898 3.25054 3.28911 
1.34957 1.86634 2.10478 2.50693 2.5467 2.64713 2.79491 3.01898 3.25054 3.28911 
1.34957 1.86634 2.10478 2.34287 2.50693 2.5467 2.64713 2.79491 3.01898 3.25054 
1.34957 1.86634 2.10478 2.31795 2.34287 2.50693 2.5467 2.64713 2.79491 3.01898 
1.34957 1.68385 1.86634 2.10478 2.31795 2.34287 2.50693 2.5467 2.64713 2.79491 
1.34957 1.68385 1.86634 2.10478 2.31795 2.34287 2.50693 2.5467 2.64713 2.79491 
1.34957 1.50108 1.68385 1.86634 2.10478 2.31795 2.34287 2.50693 2.5467 2.64713 
1.34957 1.50108 1.68385 1.86634 2.10478 2.31795 2.34287 2.50693 2.5467 2.64713 
1.34957 1.50108 1.68385 1.86634 2.10478 2.31795 2.34287 2.50693 2.5467 2.64713 
0.896962 1.03812 1.34957 1.50108 1.68385 1.86634 2.10478 2.31795 2.34287 2.50693 
0.896962 1.03812 1.34957 1.50108 1.68385 1.86634 2.10478 2.31795 2.34287 2.50693 
0.896962 1.03812 1.34957 1.50108 1.68385 1.86634 2.10478 2.31795 2.34287 2.50693 
0.523593 0.896962 1.03812 1.34957 1.50108 1.68385 1.86634 2.10478 2.31795 2.34287 
0.523593 0.896962 1.03812 1.34957 1.50108 1.68385 1.86634 2.10478 2.31795 2.34287 
0.523593 0.896962 1.03812 1.34957 1.50108 1.68385 1.86634 2.10478 2.31795 2.34287 
0.445983 0.523593 0.896962 1.03812 1.34957 1.50108 1.68385 1.86634 2.10478 2.31795 
0.445983 0.523593 0.896962 1.03812 1.34957 1.50108 1.68385 1.86634 2.10478 2.31795 
0.445983 0.523593 0.896962 1.03812 1.34957 1.50108 1.68385 1.86634 2.10478 2.31795 
0.445983 0.523593 0.651657 0.854726 0.896962 1.03812 1.34957 1.50108 1.68385 1.86634 
0.445983 0.523593 0.651657 0.854726 0.896962 1.03812 1.34957 1.50108 1.68385 1.86634 
0.109515 0.445983 0.44643 0.523593 0.651657 0.854726 0.896962 1.03812 1.34957 1.50108 
0.109515 0.445983 0.44643 0.523593 0.651657 0.854726 0.896962 1.03812 1.34957 1.50108 
0.109515 0.445983 0.44643 0.523593 0.651657 0.854726 0.896962 1.03812 1.34957 1.50108 
0.109515 0.445983 0.44643 0.523593 0.544253 0.651657 0.854726 0.896962 1.03812 1.34957 
0.109515 0.445983 0.44643 0.523593 0.544253 0.651657 0.854726 0.896962 1.03812 1.34957 
0.109515 0.445983 0.44643 0.523593 0.544253 0.651657 0.854726 0.896962 1.03812 1.34957 
0.109515 0.445983 0.44643 0.523593 0.544253 0.651657 0.854726 0.896962 1.03812 1.34957 
0.109515 0.445983 0.44643 0.523593 0.544253 0.651657 0.854726 0.896962 1.03812 1.34957 
0.109515 0.445983 0.44643 0.523593 0.544253 0.651657 0.854726 0.896962 1.03812 1.34957 
0.109515 0.445983 0.44643 0.523593 0.544253 0.651657 0.854726 0.896962 1.03812 1.34957 
0.109515 0.370699 0.445983 0.44643 0.523593 0.544253 0.651657 0.854726 0.896962 1.03812 
0.109515 0.370699 0.445983 0.44643 0.523593 0.544253 0.651657 0.854726 0.896962 1.03812 
0.109515 0.370699 0.445983 0.44643 0.523593 0.544253 0.651657 0.854726 0.896962 1.03812 
0.109515 0.370699 0.445983 0.44643 0.523593 0.544253 0.651657 0.854726 0.896962 1.03812 
0.109515 0.370699 0.445983 0.44643 0.523593 0.544253 0.651657 0.854726 0.896962 1.03812 
0.109515 0.370699 0.445983 0.44643 0.523593 0.544253 0.651657 0.854726 0.896962 1.03812 
0.109515 0.370699 0.423562 0.445983 0.44643 0.523593 0.544253 0.651657 0.854726 0.896962 
0.109515 0.370699 0.423562 0.445983 0.44643 0.523593 0.544253 0.651657 0.854726 0.896962 
0.109515 0.370699 0.423562 0.445983 0.44643 0.523593 0.544253 0.651657 0.854726 0.896962 
0.109515 0.370699 0.423562 0.445983 0.44643 0.523593 0.544253 0.651657 0.854726 0.896962 
0.109515 0.370699 0.423562 0.445983 0.44643 0.523593 0.544253 0.651657 0.854726 0.896962 
0.109515 0.370699 0.423562 0.445983 0.44643 0.523593 0.544253 0.651657 0.854726 0.896962 
0.109515 0.370699 0.423562 0.445983 0.44643 0.523593 0.544253 0.651657 0.854726 0.896962 
0.109515 0.258852 0.370699 0.423562 0.445983 0.44643 0.523593 0.544253 0.651657 0.854726 
0.109515 0.258852 0.370699 0.423562 0.445983 0.44643 0.523593 0.544253 0.651657 0.854726 
0.109515 0.258852 0.370699 0.423562 0.445983 0.44643 0.523593 0.544253 0.651657 0.854726 
0.109515 0.258852 0.370699 0.373153 0.423562 0.445983 0.44643 0.523593 0.544253 0.651657 
0.109515 0.258852 0.370699 0.373153 0.423562 0.445983 0.44643 0.523593 0.544253 0.651657 
0.109515 0.258852 0.370699 0.373153 0.423562 0.445983 0.44643 0.523593 0.544253 0.651657 
0.109515 0.242051 0.258852 0.370699 0.373153 0.423562 0.445983 0.44643 0.523593 0.544253 
0.109515 0.242051 0.258852 0.341344 0.370699 0.373153 0.423562 0.445983 0.44643 0.523593 
0.109515 0.242051 0.258852 0.341344 0.370699 0.373153 0.423562 0.445983 0.44643 0.472921 
0.109515 0.242051 0.258852 0.341344 0.370699 0.373153 0.423562 0.445983 0.44643 0.472921 
0.109515 0.242051 0.258852 0.341344 0.370699 0.373153 0.423562 0.445983 0.44643 0.472921 
0.109515 0.242051 0.258852 0.341344 0.370699 0.373153 0.423562 0.445983 0.44643 0.472921 
0.109515 0.242051 0.258852 0.341344 0.370699 0.373153 0.423562 0.445983 0.44643 0.472921 
0.109515 0.242051 0.258852 0.341344 0.370699 0.373153 0.423562 0.445983 0.44643 0.472921 
0.0946691 0.109515 0.242051 0.258852 0.341344 0.370699 0.373153 0.423562 0.445983 0.44643 
0.0946691 0.109515 0.242051 0.258852 0.327052 0.341344 0.370699 0.373153 0.423562 0.445983 
0.0946691 0.109515 0.242051 0.258852 0.278809 0.327052 0.341344 0.370699 0.373153 0.423562 
0.0946691 0.109515 0.242051 0.258852 0.278809 0.327052 0.341344 0.370699 0.373153 0.423562 
0.0946691 0.109515 0.242051 0.258852 0.278809 0.327052 0.341344 0.370699 0.373153 0.423562 
0.0946691 0.109515 0.242051 0.258852 0.278809 0.327052 0.341344 0.370699 0.373153 0.423562 
0.0946691 0.109515 0.242051 0.258852 0.263886 0.278809 0.327052 0.341344 0.370699 0.373153 
0.0946691 0.109515 0.242051 0.258852 0.263886 0.278809 0.327052 0.341344 0.370699 0.373153 
0.0946691 0.109515 0.242051 0.255652 0.258852 0.263886 0.278809 0.327052 0.341344 0.370699 
0.0946691 0.109515 0.242051 0.255652 0.258852 0.263886 0.278809 0.327052 0.341344 0.367873 
0.0946691 0.109515 0.242051 0.255544 0.255652 0.258852 0.263886 0.278809 0.327052 0.341344 
0.0946691 0.109515 0.204199 0.242051 0.255544 0.255652 0.258852 0.263886 0.278809 0.319879 
0.0946691 0.109515 0.204199 0.242051 0.255544 0.255652 0.258852 0.263886 0.278809 0.301183 
0.0946691 0.109515 0.204199 0.225489 0.225504 0.242051 0.255544 0.255652 0.258852 0.263886 
0.0946691 0.109515 0.204199 0.225489 0.225504 0.242051 0.255544 0.255652 0.258852 0.263886 
0.0946691 0.109515 0.195291 0.204199 0.225489 0.225504 0.242051 0.255544 0.255652 0.258852 
0.0946691 0.109515 0.195291 0.204199 0.214931 0.221518 0.225489 0.225504 0.242051 0.255544 
0.0946691 0.109515 0.161647 0.195291 0.204199 0.214931 0.221518 0.225489 0.225504 0.242051 
0.0946691 0.109515 0.158593 0.161647 0.195291 0.204199 0.214931 0.221518 0.225489 0.225504 
0.0946691 0.109515 0.137421 0.158593 0.161647 0.195291 0.204199 0.214931 0.221518 0.225489 
0.0946691 0.109515 0.137421 0.158593 0.161647 0.195291 0.204199 0.214931 0.221518 0.225489 
0.0946691 0.0971379 0.109515 0.137421 0.158593 0.161647 0.195291 0.204199 0.214931 0.221518 
0.0946691 0.0971379 0.109515 0.117603 0.133279 0.137421 0.158593 0.161647 0.195291 0.204199 
0.0946691 0.0971379 0.0983247 0.109515 0.117603 0.133279 0.137421 0.15797 0.158593 0.161647 
0.0946691 0.0971379 0.0983247 0.109515 0.117603 0.133279 0.137421 0.15797 0.158593 0.161647 
0.0946691 0.0971379 0.0983247 0.109515 0.109818 0.117603 0.13044 0.133279 0.137421 0.15797 
0.0876736 0.0946691 0.0971379 0.0983247 0.109515 0.109818 0.117603 0.13044 0.133279 0.137421 
0.0679743 0.0876736 0.0946691 0.0971379 0.0983247 0.109515 0.109818 0.117603 0.121672 0.13044 
0.0679743 0.0876736 0.0938089 0.0946691 0.0971379 0.0971626 0.0983247 0.10251 0.109515 0.109818 
0.0679743 0.0876736 0.0907262 0.0938089 0.0946691 0.0971379 0.0971626 0.0983247 0.10251 0.109515 
0.0406491 0.0679743 0.0876736 0.0907262 0.0938089 0.0946691 0.0971379 0.0971626 0.0983247 0.10251 
0.0406491 0.0679743 0.0738621 0.0876736 0.0907262 0.0938089 0.0946691 0.0971379 0.0971626 0.0983247 
0.0406491 0.0679743 0.0738621 0.0876736 0.0907262 0.0938089 0.0946691 0.0971379 0.0971626 0.0983247 
0.0406491 0.0679743 0.0738621 0.0876736 0.0907262 0.0938089 0.0946691 0.0971379 0.0971626 0.0983247 
