3.06192 4.40686 5.5888 6.64192 7.34348 7.6752 7.71788 9.58087 9.71167 9.75538 
3.06192 3.10318 4.40686 5.5888 6.0434 6.64192 7.20628 7.34348 7.5947 7.6752 
3.06192 3.10318 3.32532 4.40686 5.5888 6.0434 6.42951 6.64192 7.20628 7.34348 
1.6635 3.06192 3.10318 3.32532 4.40686 4.47796 5.5888 6.0434 6.42951 6.48433 
1.6635 3.06192 3.10318 3.32532 4.40686 4.47796 5.5888 6.0434 6.12962 6.21469 
1.6635 3.06192 3.10318 3.32532 3.72719 4.40686 4.47796 5.5888 6.0434 6.12962 
1.6635 3.06192 3.10318 3.32532 3.50241 3.72719 4.40686 4.47796 5.5888 5.70698 
1.6635 3.06192 3.10318 3.32532 3.50241 3.72719 3.94749 4.40686 4.47796 4.82116 
1.6635 3.06192 3.10318 3.32532 3.50241 3.72719 3.94749 4.40686 4.47796 4.59036 
1.6635 3.06192 3.10318 3.32532 3.50241 3.67769 3.72719 3.94749 4.32138 4.40686 
1.6635 2.98741 3.06192 3.10318 3.22929 3.32532 3.50241 3.67769 3.72719 3.94749 
1.6635 2.98741 3.06192 3.10318 3.22929 3.32532 3.50241 3.67769 3.72719 3.94749 
1.45024 1.6635 2.98741 3.06192 3.10318 3.22929 3.32532 3.50241 3.67769 3.72719 
1.45024 1.6635 2.98741 3.06192 3.10318 3.14482 3.22929 3.32532 3.50241 3.67769 
1.45024 1.6635 2.98741 3.06192 3.10318 3.14482 3.22929 3.32532 3.50241 3.67769 
1.45024 1.6635 2.98741 3.06192 3.10318 3.14482 3.22929 3.32532 3.50241 3.67769 
1.45024 1.6635 2.5148 2.88133 2.98741 3.06192 3.10318 3.14482 3.22929 3.32532 
1.45024 1.6635 2.5148 2.88133 2.98741 3.06192 3.10318 3.14482 3.22929 3.32532 
1.45024 1.6635 1.95666 2.5148 2.88133 2.98233 2.98741 3.06192 3.10318 3.14482 
1.45024 1.6635 1.95666 2.5148 2.68041 2.88133 2.98233 2.98741 3.06192 3.10318 
0.923811 1.45024 1.6635 1.95666 1.99152 2.5148 2.68041 2.88133 2.98233 2.98741 
0.923811 1.45024 1.6635 1.95666 1.99152 2.5148 2.68041 2.88133 2.98233 2.98741 
0.923811 1.45024 1.6635 1.94369 1.95666 1.99152 2.5148 2.68041 2.88133 2.98233 
0.923811 1.45024 1.6635 1.94369 1.95666 1.99152 2.5148 2.68041 2.88133 2.98233 
0.923811 1.45024 1.6635 1.94369 1.95666 1.99152 2.5148 2.68041 2.88133 2.98233 
0.923811 1.45024 1.6635 1.94369 1.95666 1.99152 2.5148 2.68041 2.88133 2.98233 
0.923811 1.45024 1.6635 1.76123 1.94369 1.95666 1.99152 2.5148 2.68041 2.88133 
0.923811 1.45024 1.6635 1.76123 1.94369 1.95666 1.99152 2.5148 2.68041 2.88133 
0.923811 1.34366 1.45024 1.6635 1.76123 1.94369 1.95666 1.99152 2.21681 2.28874 
0.923811 1.34366 1.45024 1.6635 1.76123 1.94369 1.95666 1.99152 2.21681 2.28874 
0.923811 1.34366 1.45024 1.6635 1.76123 1.94369 1.95666 1.99152 2.0889 2.21681 
0.722958 0.923811 1.34366 1.45024 1.6635 1.76123 1.76987 1.79355 1.94369 1.95666 
0.722958 0.923811 1.34366 1.45024 1.6635 1.76123 1.76987 1.79355 1.94369 1.95666 
0.722958 0.923811 1.34366 1.45024 1.6635 1.76123 1.76987 1.79355 1.94369 1.95666 
0.722958 0.923811 1.34366 1.45024 1.6635 1.76123 1.76987 1.79355 1.94369 1.95666 
0.722958 0.923811 1.34366 1.45024 1.6635 1.76123 1.76987 1.79355 1.94369 1.95666 
0.722958 0.923811 1.34366 1.45024 1.6635 1.76123 1.76987 1.79355 1.94369 1.95666 
0.722958 0.923811 1.34366 1.45024 1.6635 1.66934 1.76123 1.76987 1.79355 1.90051 
0.722958 0.923811 1.34366 1.45024 1.6635 1.66934 1.76123 1.76987 1.79355 1.90051 
0.722958 0.923811 1.18781 1.34366 1.45024 1.6635 1.66934 1.76123 1.76987 1.79355 
0.722958 0.923811 1.18781 1.34366 1.45024 1.6635 1.66934 1.76123 1.76987 1.79355 
0.722958 0.923811 1.18781 1.34366 1.45024 1.6635 1.66934 1.76123 1.76987 1.79355 
0.722958 0.923811 1.18781 1.34366 1.45024 1.6635 1.66934 1.76123 1.76987 1.79355 
0.364726 0.722958 0.923811 1.18781 1.34366 1.45024 1.6635 1.66934 1.76123 1.76987 
0.364726 0.722958 0.923811 1.18781 1.34366 1.45024 1.6635 1.66934 1.76123 1.76987 
0.364726 0.722958 0.923811 1.18781 1.34366 1.45024 1.6635 1.66934 1.76123 1.76987 
0.364726 0.653986 0.722958 0.923811 1.18781 1.34366 1.45024 1.6635 1.66934 1.76123 
0.364726 0.653986 0.722958 0.923811 1.18781 1.34366 1.45024 1.6635 1.66934 1.76123 
0.364726 0.653986 0.722958 0.923811 1.18781 1.34366 1.45024 1.6635 1.66934 1.76123 
0.364726 0.653986 0.722958 0.923811 1.18781 1.34366 1.45024 1.6635 1.66934 1.76123 
0.364726 0.653986 0.722958 0.923811 1.18781 1.34366 1.45024 1.6635 1.66934 1.76123 
0.364726 0.653986 0.722958 0.923811 1.18781 1.34366 1.45024 1.6635 1.66934 1.76123 
0.364726 0.653986 0.722958 0.923811 1.18781 1.34366 1.45024 1.6635 1.66934 1.76123 
0.364726 0.653986 0.722958 0.923811 1.18781 1.34366 1.45024 1.6635 1.66934 1.76123 
0.364726 0.653986 0.722958 0.923811 1.18781 1.34366 1.45024 1.6635 1.66934 1.76123 
0.364726 0.653986 0.722958 0.923811 1.18781 1.34366 1.45024 1.6635 1.66934 1.76123 
0.364726 0.653986 0.722958 0.923811 1.18781 1.34366 1.45024 1.6635 1.66934 1.76123 
0.364726 0.653986 0.722958 0.923811 1.18781 1.34366 1.45024 1.6635 1.66934 1.76123 
0.364726 0.653986 0.722958 0.923811 1.18781 1.34366 1.45024 1.6635 1.66934 1.76123 
0.364726 0.653986 0.722958 0.923811 1.18781 1.34366 1.45024 1.6635 1.66934 1.76123 
0.364726 0.653986 0.722958 0.923811 1.18781 1.34366 1.45024 1.6635 1.66934 1.76123 
0.364726 0.653986 0.722958 0.923811 1.18781 1.34366 1.45024 1.6635 1.66934 1.76123 
0.364726 0.653986 0.722958 0.923811 1.18781 1.34366 1.45024 1.6635 1.66934 1.76123 
0.364726 0.653986 0.722958 0.923811 1.18781 1.34366 1.45024 1.6635 1.66934 1.76123 
0.364726 0.653986 0.722958 0.923811 1.18781 1.34366 1.45024 1.6635 1.66934 1.76123 
0.364726 0.653986 0.722958 0.923811 1.18781 1.34366 1.45024 1.6635 1.66934 1.76123 
0.364726 0.653986 0.722958 0.923811 1.18781 1.34366 1.45024 1.6635 1.66934 1.76123 
0.364726 0.653986 0.722958 0.923811 1.18781 1.34366 1.45024 1.6635 1.66934 1.76123 
0.364726 0.653986 0.722958 0.923811 1.18781 1.34366 1.45024 1.6635 1.66934 1.76123 
0.364726 0.653986 0.722958 0.923811 1.18781 1.34366 1.45024 1.6635 1.66934 1.76123 
0.364726 0.653986 0.722958 0.923811 1.18781 1.34366 1.45024 1.6635 1.66934 1.76123 
0.364726 0.653986 0.722958 0.923811 1.18781 1.34366 1.45024 1.6635 1.66934 1.76123 
0.364726 0.653986 0.722958 0.923811 1.18781 1.34366 1.45024 1.6635 1.66934 1.76123 
0.364726 0.653986 0.722958 0.923811 1.18781 1.34366 1.45024 1.6635 1.66934 1.76123 
0.364726 0.653986 0.722958 0.923811 1.18781 1.34366 1.45024 1.6635 1.66934 1.76123 
0.364726 0.653986 0.722958 0.923811 1.18781 1.34366 1.45024 1.6635 1.66934 1.76123 
0.364726 0.653986 0.722958 0.923811 1.18781 1.34366 1.45024 1.6635 1.66934 1.76123 
0.364726 0.653986 0.722958 0.923811 1.18781 1.34366 1.45024 1.6635 1.66934 1.76123 
0.364726 0.653986 0.722958 0.923811 1.18781 1.34366 1.45024 1.6635 1.66934 1.76123 
0.364726 0.653986 0.722958 0.923811 1.18781 1.34366 1.45024 1.6635 1.66934 1.76123 
0.364726 0.653986 0.722958 0.923811 1.18781 1.34366 1.45024 1.6635 1.66934 1.76123 
0.364726 0.653986 0.722958 0.923811 1.18781 1.34366 1.45024 1.6635 1.66934 1.76123 
0.364726 0.653986 0.722958 0.923811 1.18781 1.34366 1.45024 1.6635 1.66934 1.76123 
0.364726 0.653986 0.722958 0.923811 1.18781 1.34366 1.45024 1.6635 1.66934 1.76123 
0.364726 0.653986 0.722958 0.923811 1.18781 1.34366 1.45024 1.6635 1.66934 1.76123 
0.364726 0.653986 0.722958 0.923811 1.18781 1.34366 1.45024 1.6635 1.66934 1.76123 
0.364726 0.653986 0.722958 0.923811 1.18781 1.34366 1.45024 1.6635 1.66934 1.76123 
0.364726 0.653986 0.722958 0.923811 1.18781 1.34366 1.45024 1.6635 1.66934 1.76123 
0.364726 0.653986 0.722958 0.923811 1.18781 1.34366 1.45024 1.6635 1.66934 1.76123 
0.364726 0.653986 0.722958 0.923811 1.18781 1.34366 1.45024 1.6635 1.66934 1.76123 
0.364726 0.653986 0.722958 0.923811 1.18781 1.34366 1.45024 1.6635 1.66934 1.76123 
0.364726 0.653986 0.722958 0.923811 1.18781 1.34366 1.45024 1.6635 1.66934 1.76123 
0.364726 0.653986 0.722958 0.923811 1.18781 1.34366 1.45024 1.6635 1.66934 1.76123 
0.364726 0.653986 0.722958 0.923811 1.18781 1.34366 1.45024 1.6635 1.66934 1.76123 
0.364726 0.653986 0.722958 0.923811 1.18781 1.34366 1.45024 1.6635 1.66934 1.76123 
0.364726 0.653986 0.722958 0.923811 1.18781 1.34366 1.45024 1.6635 1.66934 1.76123 
0.364726 0.653986 0.722958 0.923811 1.18781 1.34366 1.45024 1.6635 1.66934 1.76123 
0.364726 0.653986 0.722958 0.923811 1.18781 1.34366 1.45024 1.6635 1.66934 1.76123 
0.364726 0.653986 0.722958 0.923811 1.18781 1.34366 1.45024 1.6635 1.66934 1.76123 
0.364726 0.653986 0.722958 0.923811 1.18781 1.34366 1.45024 1.6635 1.66934 1.76123 
