3.20821 4.57779 4.6517 5.63702 7.27115 7.45788 7.6986 8.28414 8.3369 8.48707 
3.20821 3.71066 4.57779 4.6517 5.63702 7.03916 7.27115 7.45788 7.6986 8.28414 
3.20821 3.71066 4.57779 4.6517 5.63702 6.25148 6.25287 6.54583 7.03916 7.27115 
3.20821 3.71066 4.57779 4.6517 5.11215 5.39812 5.63702 6.25148 6.25287 6.54583 
3.20821 3.71066 3.89056 4.56399 4.57779 4.6517 5.11215 5.39812 5.63702 6.04887 
3.03823 3.20821 3.26268 3.71066 3.89056 4.56399 4.57779 4.6517 5.11215 5.39812 
3.03823 3.20821 3.26268 3.71066 3.89056 4.3265 4.56399 4.57779 4.6517 5.11215 
3.03823 3.20821 3.26268 3.71066 3.89056 4.3265 4.41281 4.56399 4.57779 4.6517 
3.03823 3.20821 3.26268 3.60933 3.71066 3.89056 4.3265 4.41281 4.56399 4.57779 
0.328992 3.03823 3.20821 3.26268 3.60933 3.71066 3.89056 4.3265 4.41281 4.56399 
0.328992 0.64906 3.03823 3.20821 3.26268 3.60933 3.71066 3.76889 3.89056 4.21432 
0.328992 0.64906 3.03823 3.20821 3.26268 3.60933 3.71066 3.76889 3.89056 4.06656 
0.328992 0.64906 3.03823 3.20821 3.26268 3.60933 3.71066 3.76889 3.89056 3.96516 
0.328992 0.64906 1.06942 2.87578 3.03823 3.20821 3.26268 3.60933 3.71066 3.76889 
0.328992 0.583051 0.64906 1.06942 2.87578 3.03823 3.20821 3.26268 3.60933 3.71066 
0.328992 0.583051 0.64906 1.06942 2.87578 3.03823 3.20821 3.26268 3.60933 3.71066 
0.328992 0.583051 0.64906 1.06942 2.80427 2.87578 3.03823 3.20821 3.22427 3.26268 
0.328992 0.583051 0.64906 1.06942 2.73092 2.80427 2.87578 2.95822 3.03823 3.06592 
0.328992 0.583051 0.64906 1.06942 1.63812 2.73092 2.80427 2.87578 2.95822 3.03823 
0.328992 0.583051 0.64906 1.06942 1.63812 2.68753 2.73092 2.80427 2.87578 2.95822 
0.328992 0.583051 0.64906 1.06942 1.63812 2.68753 2.73092 2.80427 2.81746 2.87578 
0.328992 0.583051 0.64906 1.06942 1.63812 2.57425 2.68753 2.73092 2.80427 2.81746 
0.328992 0.583051 0.64906 1.06942 1.63812 2.09121 2.57425 2.68753 2.73092 2.80427 
0.328992 0.583051 0.64906 1.06942 1.63812 2.09121 2.57425 2.68753 2.73092 2.80427 
0.328992 0.583051 0.64906 1.06942 1.63812 2.09121 2.57425 2.68753 2.73092 2.77465 
0.328992 0.539497 0.583051 0.64906 1.06942 1.63812 2.09121 2.57425 2.68753 2.73092 
0.328992 0.539497 0.583051 0.64906 1.06942 1.63812 2.09121 2.57425 2.68753 2.73092 
0.328992 0.539497 0.583051 0.64906 1.06942 1.63812 1.68215 2.09121 2.57425 2.68753 
0.328992 0.539497 0.583051 0.64906 1.06942 1.63812 1.68215 2.09121 2.57425 2.68753 
0.328992 0.539497 0.583051 0.64906 1.06942 1.63812 1.68215 2.09121 2.57425 2.68753 
0.328992 0.539497 0.583051 0.64906 1.06942 1.63812 1.68215 2.09121 2.3194 2.57425 
0.328992 0.539497 0.583051 0.64906 1.06942 1.63812 1.68215 2.09121 2.3194 2.57425 
0.328992 0.539497 0.583051 0.64906 1.06942 1.12965 1.49571 1.63812 1.68215 2.09121 
0.328992 0.539497 0.583051 0.64906 1.06942 1.12965 1.49571 1.63812 1.68215 2.09121 
0.328992 0.539497 0.583051 0.64906 1.06942 1.12965 1.49571 1.63812 1.68215 1.85538 
0.328992 0.539497 0.583051 0.64906 1.06942 1.12965 1.49571 1.63812 1.68215 1.84323 
0.328992 0.539497 0.583051 0.64906 1.06942 1.12965 1.49571 1.63812 1.68215 1.84323 
0.328992 0.539497 0.583051 0.64906 1.06942 1.12965 1.49571 1.63812 1.68215 1.84323 
0.328992 0.539497 0.583051 0.64906 1.06942 1.12965 1.49571 1.63812 1.68215 1.84323 
0.328992 0.539497 0.583051 0.64906 1.06942 1.12965 1.49571 1.63812 1.68215 1.84323 
0.328992 0.539497 0.583051 0.64906 1.06942 1.12965 1.49571 1.63812 1.68215 1.84323 
0.328992 0.539497 0.583051 0.64906 1.06942 1.12965 1.49571 1.63812 1.68215 1.84323 
0.328992 0.539497 0.583051 0.64906 1.06942 1.12965 1.49571 1.63812 1.68215 1.84323 
0.328992 0.539497 0.583051 0.64906 1.06942 1.12965 1.49571 1.63812 1.68215 1.84323 
0.328992 0.539497 0.583051 0.64906 1.06942 1.12965 1.49571 1.63812 1.68215 1.84323 
0.328992 0.539497 0.583051 0.64906 1.06942 1.12965 1.49571 1.63812 1.68215 1.84323 
0.328992 0.539497 0.583051 0.64906 1.06942 1.12965 1.49571 1.63812 1.68215 1.84323 
0.328992 0.539497 0.540336 0.583051 0.64906 1.06942 1.12965 1.49571 1.63812 1.68215 
0.328992 0.539497 0.540336 0.583051 0.64906 1.06942 1.12965 1.49571 1.63812 1.68215 
0.328992 0.539497 0.540336 0.583051 0.64906 1.06942 1.12965 1.49571 1.63812 1.68215 
0.328992 0.539497 0.540336 0.583051 0.64906 1.06942 1.09693 1.12965 1.49571 1.63812 
0.328992 0.539497 0.540336 0.583051 0.64906 1.06942 1.09693 1.12965 1.49571 1.63812 
0.328992 0.539497 0.540336 0.583051 0.64906 1.06942 1.09693 1.12965 1.49571 1.63812 
0.328992 0.539497 0.540336 0.583051 0.64906 1.06942 1.09693 1.12965 1.49571 1.63812 
0.328992 0.539497 0.540336 0.583051 0.64906 1.06942 1.09693 1.12965 1.49571 1.63812 
0.328992 0.539497 0.540336 0.583051 0.64906 1.06942 1.09693 1.12965 1.31539 1.49571 
0.328992 0.539497 0.540336 0.583051 0.64906 1.06942 1.09693 1.12965 1.31539 1.49571 
0.328992 0.539497 0.540336 0.583051 0.64906 1.06942 1.09693 1.12965 1.31539 1.49571 
0.328992 0.486649 0.539497 0.540336 0.583051 0.64906 1.06942 1.09693 1.12965 1.31539 
0.328992 0.486649 0.539497 0.540336 0.583051 0.64906 1.00071 1.06942 1.09693 1.12965 
0.318554 0.328992 0.486649 0.539497 0.540336 0.583051 0.64906 1.00071 1.06942 1.09693 
0.318554 0.328992 0.486649 0.539497 0.540336 0.583051 0.64906 1.00071 1.06942 1.09693 
0.318554 0.328992 0.486649 0.539497 0.540336 0.583051 0.64906 1.00071 1.06942 1.09693 
0.318554 0.328992 0.486649 0.539497 0.540336 0.583051 0.64906 1.00071 1.06942 1.09693 
0.318554 0.328992 0.486649 0.539497 0.540336 0.583051 0.64906 1.00071 1.06942 1.09693 
0.318554 0.328992 0.486649 0.539497 0.540336 0.583051 0.64906 1.00071 1.06942 1.09693 
0.318554 0.328992 0.486649 0.539497 0.540336 0.583051 0.64906 1.00071 1.06942 1.09693 
0.318554 0.328992 0.486649 0.539497 0.540336 0.583051 0.64906 1.00071 1.06942 1.09693 
0.318554 0.328992 0.486649 0.539497 0.540336 0.583051 0.64906 1.00071 1.06942 1.09693 
0.318554 0.328992 0.486649 0.539497 0.540336 0.583051 0.64906 1.00071 1.06942 1.09693 
0.318554 0.328992 0.486649 0.539497 0.540336 0.583051 0.64906 1.00071 1.06942 1.09693 
0.318554 0.328992 0.486649 0.539497 0.540336 0.583051 0.64906 1.00071 1.06942 1.09693 
0.318554 0.328992 0.486649 0.539497 0.540336 0.583051 0.64906 1.00071 1.06942 1.09693 
0.318554 0.328992 0.486649 0.539497 0.540336 0.583051 0.64906 1.00071 1.06942 1.09693 
0.318554 0.328992 0.486649 0.539497 0.540336 0.583051 0.64906 1.00071 1.06942 1.09693 
0.318554 0.328992 0.486649 0.539497 0.540336 0.583051 0.64906 1.00071 1.06942 1.09693 
0.318554 0.328992 0.486649 0.539497 0.540336 0.583051 0.64906 1.00071 1.06942 1.09693 
0.318554 0.328992 0.486649 0.539497 0.540336 0.583051 0.64906 1.00071 1.06942 1.09693 
0.318554 0.328992 0.486649 0.539497 0.540336 0.583051 0.64906 1.00071 1.06942 1.09693 
0.318554 0.328992 0.486649 0.539497 0.540336 0.583051 0.64906 1.00071 1.06942 1.09693 
0.318554 0.328992 0.486649 0.539497 0.540336 0.583051 0.64906 1.00071 1.06942 1.09693 
0.318554 0.328992 0.486649 0.539497 0.540336 0.583051 0.64906 1.00071 1.06942 1.09693 
0.318554 0.328992 0.486649 0.539497 0.540336 0.583051 0.64906 1.00071 1.06942 1.09693 
0.318554 0.328992 0.486649 0.539497 0.540336 0.583051 0.64906 1.00071 1.06942 1.09693 
0.318554 0.328992 0.486649 0.539497 0.540336 0.583051 0.64906 1.00071 1.06942 1.09693 
0.318554 0.328992 0.486649 0.539497 0.540336 0.583051 0.64906 1.00071 1.06942 1.09693 
0.318554 0.328992 0.486649 0.539497 0.540336 0.583051 0.64906 1.00071 1.06942 1.09693 
0.318554 0.328992 0.486649 0.539497 0.540336 0.583051 0.64906 1.00071 1.06942 1.09693 
0.318554 0.328992 0.486649 0.539497 0.540336 0.583051 0.64906 1.00071 1.06942 1.09693 
0.318554 0.328992 0.486649 0.539497 0.540336 0.583051 0.64906 1.00071 1.06942 1.09693 
0.318554 0.328992 0.486649 0.539497 0.540336 0.583051 0.64906 1.00071 1.06942 1.09693 
0.318554 0.328992 0.486649 0.539497 0.540336 0.583051 0.64906 1.00071 1.06942 1.09693 
0.318554 0.328992 0.486649 0.539497 0.540336 0.583051 0.64906 1.00071 1.06942 1.09693 
0.318554 0.328992 0.486649 0.539497 0.540336 0.583051 0.64906 1.00071 1.06942 1.09693 
0.318554 0.328992 0.486649 0.539497 0.540336 0.583051 0.64906 1.00071 1.06942 1.09693 
0.318554 0.328992 0.486649 0.539497 0.540336 0.583051 0.64906 1.00071 1.06942 1.09693 
0.318554 0.328992 0.486649 0.539497 0.540336 0.583051 0.64906 1.00071 1.06942 1.09693 
0.318554 0.328992 0.486649 0.539497 0.540336 0.583051 0.64906 1.00071 1.06942 1.09693 
0.318554 0.328992 0.486649 0.539497 0.540336 0.583051 0.64906 1.00071 1.06942 1.09693 
0.318554 0.328992 0.486649 0.539497 0.540336 0.583051 0.64906 1.00071 1.06942 1.09693 
