2.68456 6.16468 6.51774 7.14515 7.91351 8.15657 8.17919 8.28025 8.74956 8.95176 
2.68456 3.0695 5.9111 6.16468 6.32248 6.43085 6.51774 6.6578 7.14515 7.49987 
2.68456 3.0695 3.93817 5.63687 5.9111 6.16468 6.32248 6.43085 6.51774 6.6578 
2.68456 3.0695 3.93817 5.63687 5.9111 6.16468 6.2758 6.32248 6.43085 6.51774 
2.68456 3.0695 3.93817 4.72968 5.63687 5.9111 6.16468 6.2758 6.32248 6.43085 
2.68456 3.0695 3.93817 4.72968 5.63687 5.9111 6.16468 6.2758 6.27955 6.32248 
2.68456 3.0695 3.93817 3.99315 4.72968 5.63687 5.9111 6.16468 6.2758 6.27955 
2.68456 3.0695 3.93817 3.99315 4.72968 5.63687 5.9111 6.16468 6.2758 6.27955 
2.68456 3.0695 3.70016 3.93817 3.99315 4.54538 4.72968 5.63687 5.9111 6.16468 
2.68456 3.0695 3.70016 3.93817 3.99315 4.54538 4.72968 5.63687 5.9111 6.16468 
2.68456 3.0695 3.70016 3.93817 3.99315 4.54538 4.72968 5.63687 5.9111 6.16468 
2.68456 3.0695 3.70016 3.93817 3.99315 4.13347 4.54538 4.72968 5.63687 5.9111 
2.68456 3.0695 3.70016 3.93817 3.99315 4.13347 4.14089 4.54538 4.72968 5.63687 
2.68456 3.0695 3.1966 3.70016 3.93817 3.99315 4.13347 4.14089 4.54538 4.72968 
2.68456 3.0695 3.1966 3.70016 3.93817 3.99315 4.13347 4.14089 4.54538 4.72968 
2.68456 3.0695 3.12008 3.1966 3.70016 3.93817 3.99315 4.13347 4.14089 4.54538 
2.68456 3.0695 3.12008 3.1966 3.251 3.70016 3.93817 3.99315 4.13347 4.14089 
2.68456 3.0695 3.12008 3.1966 3.251 3.70016 3.93817 3.99315 4.13347 4.14089 
2.68456 3.0695 3.12008 3.1966 3.251 3.70016 3.93817 3.99315 4.13347 4.14089 
2.68456 3.0695 3.12008 3.1966 3.251 3.70016 3.93817 3.99315 4.13347 4.14089 
2.52046 2.68456 3.0695 3.12008 3.1966 3.251 3.70016 3.93817 3.99315 4.13347 
2.52046 2.68456 3.0695 3.12008 3.1966 3.251 3.27411 3.70016 3.93817 3.99315 
2.52046 2.60854 2.68456 3.0695 3.12008 3.1966 3.251 3.27411 3.70016 3.93817 
2.52046 2.60854 2.68456 3.0695 3.12008 3.1966 3.251 3.27411 3.70016 3.93817 
2.52046 2.60854 2.68456 3.0695 3.12008 3.1966 3.251 3.27411 3.70016 3.93817 
2.52046 2.60854 2.68456 3.0695 3.12008 3.16717 3.1966 3.251 3.27411 3.70016 
2.12371 2.52046 2.60854 2.68456 3.0695 3.12008 3.16717 3.1966 3.251 3.27411 
2.12371 2.52046 2.60854 2.68456 3.0695 3.12008 3.16717 3.1966 3.251 3.27411 
2.12371 2.52046 2.60854 2.68456 3.0695 3.12008 3.16717 3.1966 3.251 3.27411 
2.12371 2.52046 2.60631 2.60854 2.68456 2.87545 3.0695 3.12008 3.16717 3.1966 
2.12371 2.52046 2.60631 2.60854 2.68456 2.87545 3.0695 3.12008 3.16717 3.1966 
2.12371 2.52046 2.60631 2.60854 2.68456 2.87545 3.0695 3.12008 3.16717 3.1966 
2.12371 2.52046 2.60631 2.60854 2.68456 2.87545 3.0695 3.12008 3.16717 3.1966 
2.12371 2.41601 2.52046 2.60631 2.60854 2.68456 2.87545 3.0695 3.12008 3.16717 
2.12371 2.40583 2.41601 2.52046 2.60631 2.60854 2.68456 2.87545 3.0695 3.12008 
2.12371 2.40583 2.41601 2.52046 2.60631 2.60854 2.68456 2.87545 3.0695 3.12008 
2.12371 2.40583 2.41601 2.52046 2.60631 2.60854 2.68456 2.87545 3.0695 3.12008 
2.12371 2.40583 2.41601 2.52046 2.60631 2.60854 2.68456 2.87545 3.0695 3.12008 
1.97213 2.12371 2.40583 2.41601 2.52046 2.60631 2.60854 2.68456 2.87545 3.0695 
1.97213 2.12371 2.13203 2.40583 2.41601 2.52046 2.60631 2.60854 2.68456 2.87545 
1.55233 1.97213 2.12371 2.13203 2.40583 2.41601 2.52046 2.60631 2.60854 2.68456 
1.55233 1.97213 2.12371 2.13203 2.40583 2.41601 2.52046 2.60631 2.60854 2.68456 
1.55233 1.97213 2.12371 2.13203 2.40583 2.41601 2.52046 2.60631 2.60854 2.68456 
0.578669 1.55233 1.97213 2.12371 2.13203 2.40583 2.41601 2.52046 2.60631 2.60854 
0.578669 1.55233 1.97213 2.12371 2.13203 2.40583 2.41601 2.52046 2.60631 2.60854 
0.190062 0.525441 0.578669 1.55233 1.97213 2.12371 2.13203 2.40583 2.41601 2.52046 
0.190062 0.525441 0.578669 1.55233 1.97213 2.12371 2.13203 2.40583 2.41601 2.52046 
0.190062 0.525441 0.578669 1.29028 1.55233 1.97213 2.12371 2.13203 2.40583 2.41601 
0.190062 0.525441 0.578669 1.29028 1.48613 1.55233 1.97213 2.12371 2.13203 2.40583 
0.190062 0.525441 0.578669 1.29028 1.48613 1.55233 1.97213 2.12371 2.13203 2.40583 
0.190062 0.525441 0.578669 1.29028 1.48613 1.55233 1.97213 2.12371 2.13203 2.40583 
0.190062 0.525441 0.578669 1.29028 1.48613 1.55233 1.97213 2.12371 2.13203 2.40583 
0.190062 0.525441 0.578669 1.29028 1.48613 1.55233 1.97213 2.12371 2.13203 2.40583 
0.190062 0.525441 0.578669 1.29028 1.48613 1.55233 1.97213 2.12371 2.13203 2.40583 
0.190062 0.525441 0.578669 1.29028 1.48613 1.55233 1.97213 2.12371 2.13203 2.40583 
0.190062 0.525441 0.578669 1.29028 1.48613 1.55233 1.97213 2.12371 2.13203 2.40583 
0.190062 0.525441 0.578669 1.29028 1.48613 1.55233 1.97213 2.12371 2.13203 2.40583 
0.190062 0.525441 0.578669 1.29028 1.48613 1.55233 1.97213 2.12371 2.13203 2.40583 
0.190062 0.525441 0.578669 1.29028 1.48613 1.55233 1.97213 2.12371 2.13203 2.40583 
0.190062 0.525441 0.578669 1.29028 1.48613 1.55233 1.97213 2.12371 2.13203 2.40583 
0.190062 0.525441 0.578669 1.29028 1.48613 1.55233 1.97213 2.12371 2.13203 2.40583 
0.190062 0.525441 0.578669 1.29028 1.48613 1.55233 1.97213 2.12371 2.13203 2.40583 
0.190062 0.525441 0.578669 1.29028 1.48613 1.55233 1.97213 2.12371 2.13203 2.40583 
0.190062 0.525441 0.578669 1.29028 1.48613 1.55233 1.97213 2.12371 2.13203 2.40583 
0.190062 0.525441 0.578669 1.29028 1.48613 1.55233 1.97213 2.12371 2.13203 2.40583 
0.190062 0.525441 0.578669 1.29028 1.48613 1.55233 1.97213 2.12371 2.13203 2.40583 
0.190062 0.525441 0.578669 1.29028 1.48613 1.55233 1.97213 2.12371 2.13203 2.40583 
0.190062 0.525441 0.578669 1.29028 1.48613 1.55233 1.97213 2.12371 2.13203 2.40583 
0.190062 0.525441 0.578669 1.29028 1.48613 1.55233 1.97213 2.12371 2.13203 2.40583 
0.190062 0.525441 0.578669 1.29028 1.48613 1.55233 1.97213 2.12371 2.13203 2.40583 
0.190062 0.525441 0.578669 1.29028 1.48613 1.55233 1.97213 2.12371 2.13203 2.40583 
0.190062 0.525441 0.578669 1.29028 1.48613 1.55233 1.97213 2.12371 2.13203 2.40583 
0.190062 0.525441 0.578669 1.29028 1.48613 1.55233 1.97213 2.12371 2.13203 2.40583 
0.190062 0.525441 0.578669 1.29028 1.48613 1.55233 1.97213 2.12371 2.13203 2.40583 
0.190062 0.525441 0.578669 1.29028 1.48613 1.55233 1.97213 2.12371 2.13203 2.40583 
0.190062 0.525441 0.578669 1.29028 1.48613 1.55233 1.97213 2.12371 2.13203 2.40583 
0.190062 0.525441 0.578669 1.29028 1.48613 1.55233 1.97213 2.12371 2.13203 2.40583 
0.190062 0.525441 0.578669 1.29028 1.48613 1.55233 1.97213 2.12371 2.13203 2.40583 
0.190062 0.525441 0.578669 1.29028 1.48613 1.55233 1.97213 2.12371 2.13203 2.40583 
0.190062 0.525441 0.578669 1.29028 1.48613 1.55233 1.97213 2.12371 2.13203 2.40583 
0.190062 0.525441 0.578669 1.29028 1.48613 1.55233 1.97213 2.12371 2.13203 2.40583 
0.190062 0.525441 0.578669 1.29028 1.48613 1.55233 1.97213 2.12371 2.13203 2.40583 
0.190062 0.525441 0.578669 1.29028 1.48613 1.55233 1.97213 2.12371 2.13203 2.40583 
0.190062 0.525441 0.578669 1.29028 1.48613 1.55233 1.97213 2.12371 2.13203 2.40583 
0.190062 0.525441 0.578669 1.29028 1.48613 1.55233 1.97213 2.12371 2.13203 2.40583 
0.190062 0.525441 0.578669 1.29028 1.48613 1.55233 1.97213 2.12371 2.13203 2.40583 
0.190062 0.525441 0.578669 1.29028 1.48613 1.55233 1.97213 2.12371 2.13203 2.40583 
0.190062 0.525441 0.578669 1.29028 1.48613 1.55233 1.97213 2.12371 2.13203 2.40583 
0.190062 0.525441 0.578669 1.29028 1.48613 1.55233 1.97213 2.12371 2.13203 2.40583 
0.190062 0.525441 0.578669 1.29028 1.48613 1.55233 1.97213 2.12371 2.13203 2.40583 
0.190062 0.525441 0.578669 1.29028 1.48613 1.55233 1.97213 2.12371 2.13203 2.40583 
0.190062 0.525441 0.578669 1.29028 1.48613 1.55233 1.97213 2.12371 2.13203 2.40583 
0.190062 0.525441 0.578669 1.29028 1.48613 1.55233 1.97213 2.12371 2.13203 2.40583 
0.190062 0.525441 0.578669 1.29028 1.48613 1.55233 1.97213 2.12371 2.13203 2.40583 
0.190062 0.525441 0.578669 1.29028 1.48613 1.55233 1.97213 2.12371 2.13203 2.40583 
0.190062 0.525441 0.578669 1.29028 1.48613 1.55233 1.97213 2.12371 2.13203 2.40583 
0.190062 0.525441 0.578669 1.29028 1.48613 1.55233 1.97213 2.12371 2.13203 2.40583 
0.190062 0.525441 0.578669 1.29028 1.48613 1.55233 1.97213 2.12371 2.13203 2.40583 
0.190062 0.525441 0.578669 1.29028 1.48613 1.55233 1.97213 2.12371 2.13203 2.40583 
0.190062 0.525441 0.578669 1.29028 1.48613 1.55233 1.97213 2.12371 2.13203 2.40583 
