5.85363 6.15388 7.1926 7.60914 8.9064 8.93711 8.98835 9.0043 9.11196 9.74681 
5.03208 5.14306 5.20833 5.22464 5.30019 5.85363 6.15388 7.1926 7.27944 7.60914 
4.81879 5.03208 5.14306 5.20833 5.22464 5.30019 5.7987 5.85363 6.15388 6.17687 
4.1001 4.81879 5.03208 5.14306 5.20833 5.22464 5.30019 5.7987 5.85363 6.15388 
1.00608 4.1001 4.48441 4.81879 5.03208 5.14306 5.20833 5.22464 5.30019 5.7987 
1.00608 2.79172 3.81497 4.1001 4.48441 4.54254 4.81879 5.03208 5.14306 5.20833 
1.00608 2.79172 3.02615 3.81497 4.03113 4.1001 4.48441 4.54254 4.81879 5.03208 
1.00608 2.79172 3.02615 3.81497 4.03113 4.1001 4.48441 4.54254 4.81879 5.03208 
1.00608 2.79172 3.02615 3.47289 3.81497 4.03113 4.1001 4.48441 4.54254 4.81879 
1.00608 2.79172 3.02615 3.25152 3.47289 3.81497 4.03113 4.1001 4.48441 4.53906 
1.00608 2.79172 3.02615 3.18249 3.25152 3.47289 3.81497 4.03113 4.1001 4.30281 
1.00608 2.79172 3.02615 3.18249 3.25152 3.47289 3.62103 3.81497 3.92522 4.03113 
1.00608 2.79172 3.02615 3.18249 3.25152 3.47289 3.62103 3.81105 3.81497 3.92522 
1.00608 2.79172 3.02615 3.18249 3.25152 3.47289 3.62103 3.64971 3.67977 3.81105 
1.00608 1.13345 2.79172 3.02615 3.18249 3.25152 3.47289 3.62103 3.64971 3.67977 
1.00608 1.13345 2.79172 3.02615 3.18249 3.25152 3.47289 3.62103 3.64971 3.67977 
1.00608 1.13345 2.79172 3.02615 3.18249 3.25152 3.47289 3.62103 3.64971 3.67977 
1.00608 1.13345 1.64487 2.79172 3.02615 3.18249 3.25152 3.47289 3.61885 3.62103 
0.497148 1.00608 1.13345 1.64487 2.79172 3.02615 3.06175 3.17135 3.18249 3.25152 
0.497148 1.00608 1.13345 1.64487 2.79172 3.0121 3.02615 3.06175 3.17135 3.18249 
0.497148 1.00608 1.13345 1.64487 2.79172 3.0121 3.02615 3.06175 3.17135 3.18249 
0.497148 1.00608 1.13345 1.64487 2.75207 2.79172 2.82674 3.0121 3.02615 3.06175 
0.497148 1.00608 1.13345 1.64487 2.75207 2.79172 2.82674 3.0121 3.02615 3.06175 
0.497148 0.802599 1.00608 1.13345 1.64487 2.64989 2.75207 2.79172 2.82674 3.0121 
0.497148 0.802599 1.00608 1.13345 1.64487 2.64989 2.75207 2.79172 2.82674 3.0121 
0.497148 0.802599 1.00608 1.13345 1.64487 2.13011 2.64989 2.75207 2.79172 2.82674 
0.497148 0.802599 1.00608 1.13345 1.64487 2.13011 2.60379 2.64989 2.75207 2.79172 
0.497148 0.802599 1.00608 1.13345 1.64487 2.13011 2.60379 2.64989 2.71121 2.75207 
0.497148 0.802599 1.00608 1.13345 1.64487 2.13011 2.60379 2.64989 2.71121 2.75207 
0.497148 0.802599 1.00608 1.13345 1.58478 1.64487 2.13011 2.60379 2.64989 2.71121 
0.497148 0.802599 1.00608 1.13345 1.58478 1.64487 2.13011 2.60379 2.64989 2.71121 
0.497148 0.802599 1.00608 1.13345 1.58478 1.64487 2.13011 2.60379 2.64989 2.71121 
0.497148 0.802599 1.00608 1.13345 1.58478 1.64487 2.13011 2.60379 2.64989 2.71121 
0.497148 0.802599 1.00608 1.13345 1.58478 1.64487 2.13011 2.60379 2.64989 2.71121 
0.497148 0.802599 1.00608 1.13345 1.58478 1.64487 2.13011 2.60379 2.64989 2.71121 
0.0749727 0.497148 0.802599 1.00608 1.13345 1.58478 1.64487 2.13011 2.60379 2.64989 
0.0749727 0.497148 0.802599 1.00608 1.13345 1.58478 1.64487 2.13011 2.60379 2.64989 
0.0749727 0.497148 0.802599 1.00608 1.13345 1.58478 1.64487 2.13011 2.60379 2.64989 
0.0749727 0.497148 0.802599 1.00608 1.13345 1.58478 1.64487 2.13011 2.60379 2.64989 
0.0749727 0.497148 0.802599 1.00608 1.13345 1.58478 1.64487 2.13011 2.60379 2.64989 
0.0749727 0.497148 0.802599 1.00608 1.13345 1.58478 1.64487 2.13011 2.60379 2.64989 
0.0749727 0.497148 0.802599 1.00608 1.13345 1.58478 1.64487 2.13011 2.60379 2.64989 
0.0749727 0.497148 0.802599 1.00608 1.13345 1.58478 1.64487 2.13011 2.60379 2.64989 
0.0749727 0.497148 0.802599 1.00608 1.13345 1.58478 1.64487 2.13011 2.60379 2.64989 
0.0749727 0.497148 0.802599 1.00608 1.13345 1.58478 1.64487 2.13011 2.60379 2.64989 
0.0749727 0.497148 0.802599 1.00608 1.13345 1.58478 1.64487 2.13011 2.60379 2.64989 
0.0749727 0.497148 0.802599 1.00608 1.13345 1.58478 1.64487 2.13011 2.60379 2.64989 
0.0749727 0.497148 0.802599 1.00608 1.13345 1.58478 1.64487 2.13011 2.60379 2.64989 
0.0749727 0.497148 0.802599 1.00608 1.13345 1.58478 1.64487 2.13011 2.60379 2.64989 
0.0749727 0.497148 0.802599 1.00608 1.13345 1.58478 1.64487 2.13011 2.60379 2.64989 
0.0749727 0.497148 0.802599 1.00608 1.13345 1.58478 1.64487 2.13011 2.60379 2.64989 
0.0749727 0.497148 0.802599 1.00608 1.13345 1.58478 1.64487 2.13011 2.60379 2.64989 
0.0749727 0.497148 0.802599 1.00608 1.13345 1.58478 1.64487 2.13011 2.60379 2.64989 
0.0749727 0.497148 0.623439 0.802599 1.00608 1.13345 1.58478 1.64487 2.13011 2.60379 
0.0749727 0.497148 0.623439 0.802599 1.00608 1.13345 1.58478 1.64487 2.13011 2.60379 
0.0749727 0.497148 0.623439 0.802599 1.00608 1.13345 1.58478 1.64487 2.13011 2.60379 
0.0749727 0.497148 0.623439 0.802599 1.00608 1.13345 1.58478 1.64487 2.13011 2.60379 
0.0749727 0.497148 0.623439 0.802599 1.00608 1.13345 1.58478 1.64487 2.13011 2.60379 
0.0749727 0.497148 0.623439 0.802599 1.00608 1.13345 1.58478 1.64487 2.13011 2.60379 
0.0749727 0.497148 0.623439 0.802599 1.00608 1.13345 1.58478 1.64487 2.13011 2.60379 
0.0749727 0.497148 0.623439 0.802599 1.00608 1.13345 1.58478 1.64487 2.13011 2.60379 
0.0749727 0.497148 0.623439 0.802599 1.00608 1.13345 1.58478 1.64487 2.13011 2.60379 
0.0749727 0.497148 0.623439 0.802599 1.00608 1.13345 1.58478 1.64487 2.13011 2.60379 
0.0749727 0.497148 0.623439 0.802599 1.00608 1.13345 1.58478 1.64487 2.13011 2.60379 
0.0749727 0.497148 0.623439 0.802599 1.00608 1.13345 1.58478 1.64487 2.13011 2.60379 
0.0749727 0.497148 0.623439 0.802599 1.00608 1.13345 1.58478 1.64487 2.13011 2.60379 
0.0749727 0.497148 0.623439 0.802599 1.00608 1.13345 1.58478 1.64487 2.13011 2.60379 
0.0749727 0.497148 0.623439 0.802599 1.00608 1.13345 1.58478 1.64487 2.13011 2.60379 
0.0749727 0.497148 0.623439 0.802599 1.00608 1.13345 1.58478 1.64487 2.13011 2.60379 
0.0749727 0.497148 0.623439 0.802599 1.00608 1.13345 1.58478 1.64487 2.13011 2.60379 
0.0749727 0.497148 0.623439 0.802599 1.00608 1.13345 1.58478 1.64487 2.13011 2.60379 
0.0749727 0.497148 0.623439 0.802599 1.00608 1.13345 1.58478 1.64487 2.13011 2.60379 
0.0749727 0.497148 0.623439 0.802599 1.00608 1.13345 1.58478 1.64487 2.13011 2.60379 
0.0749727 0.497148 0.623439 0.802599 1.00608 1.13345 1.16849 1.58478 1.64487 2.13011 
0.0749727 0.497148 0.623439 0.802599 1.00608 1.13345 1.16849 1.58478 1.64487 2.13011 
0.0749727 0.497148 0.623439 0.802599 1.00608 1.13345 1.16849 1.58478 1.64487 2.13011 
0.0749727 0.497148 0.623439 0.802599 1.00608 1.13345 1.16849 1.58478 1.64487 2.13011 
0.0749727 0.497148 0.623439 0.802599 1.00608 1.13345 1.16849 1.58478 1.64487 2.13011 
0.0749727 0.497148 0.623439 0.802599 1.00608 1.13345 1.16849 1.58478 1.64487 2.13011 
0.0749727 0.497148 0.623439 0.802599 1.00608 1.13345 1.16849 1.58478 1.64487 2.13011 
0.0749727 0.497148 0.623439 0.802599 1.00608 1.13345 1.16849 1.58478 1.64487 2.13011 
0.0749727 0.497148 0.623439 0.802599 1.00608 1.13345 1.16849 1.58478 1.64487 2.13011 
0.0749727 0.497148 0.623439 0.802599 1.00608 1.13345 1.16849 1.58478 1.64487 2.13011 
0.0749727 0.497148 0.623439 0.802599 1.00608 1.13345 1.16849 1.58478 1.64487 2.13011 
0.0749727 0.497148 0.623439 0.802599 1.00608 1.13345 1.16849 1.58478 1.64487 2.13011 
0.0749727 0.497148 0.623439 0.802599 1.00608 1.13345 1.16849 1.58478 1.64487 2.13011 
0.0749727 0.497148 0.623439 0.802599 1.00608 1.13345 1.16849 1.58478 1.64487 2.13011 
0.0749727 0.497148 0.623439 0.802599 1.00608 1.13345 1.16849 1.58478 1.64487 2.13011 
0.0749727 0.497148 0.623439 0.802599 1.00608 1.13345 1.16849 1.58478 1.64487 2.13011 
0.0749727 0.497148 0.623439 0.802599 1.00608 1.13345 1.16849 1.58478 1.64487 2.13011 
0.0749727 0.497148 0.623439 0.802599 1.00608 1.13345 1.16849 1.58478 1.64487 2.13011 
0.0749727 0.497148 0.623439 0.802599 1.00608 1.13345 1.16849 1.58478 1.64487 2.13011 
0.0749727 0.497148 0.623439 0.802599 1.00608 1.13345 1.16849 1.58478 1.64487 2.13011 
0.0749727 0.497148 0.623439 0.802599 1.00608 1.13345 1.16849 1.58478 1.64487 2.13011 
0.0749727 0.497148 0.623439 0.802599 1.00608 1.13345 1.16849 1.58478 1.64487 2.13011 
0.0749727 0.497148 0.623439 0.802599 1.00608 1.13345 1.16849 1.58478 1.64487 2.13011 
0.0749727 0.497148 0.623439 0.802599 1.00608 1.13345 1.16849 1.58478 1.64487 2.13011 
0.0749727 0.497148 0.623439 0.802599 1.00608 1.13345 1.16849 1.58478 1.64487 2.13011 
0.0749727 0.497148 0.623439 0.802599 1.00608 1.13345 1.16849 1.58478 1.64487 2.13011 
0.0749727 0.497148 0.623439 0.802599 1.00608 1.13345 1.16849 1.58478 1.64487 2.13011 
