3.17197 3.23087 3.68931 4.09236 4.65743 5.64023 7.37798 7.74186 8.03681 8.25511 
1.34149 1.75094 2.6808 3.17197 3.23087 3.68931 4.09236 4.65743 5.64023 7.37798 
0.630612 1.34149 1.75094 2.6808 3.17197 3.23087 3.68931 4.09236 4.65743 5.64023 
0.630612 1.34149 1.75094 2.50874 2.6808 3.17197 3.23087 3.68931 4.09236 4.65743 
0.630612 1.34149 1.75094 2.50874 2.6808 3.17197 3.23087 3.68931 4.09236 4.65743 
0.630612 1.34149 1.75094 1.98521 2.06687 2.50874 2.6808 3.17197 3.23087 3.68931 
0.630612 1.34149 1.73498 1.75094 1.98521 2.06687 2.50874 2.6808 3.17197 3.23087 
0.630612 1.34149 1.73498 1.75094 1.98521 2.06687 2.50874 2.6808 3.17197 3.23087 
0.0513356 0.630612 1.34149 1.73498 1.75094 1.98521 2.06687 2.50874 2.6808 3.17197 
0.0513356 0.630612 1.34149 1.73498 1.75094 1.98521 2.06687 2.50874 2.6808 3.17197 
0.0513356 0.630612 1.34149 1.73498 1.75094 1.98521 2.06687 2.50874 2.6808 3.17197 
0.0513356 0.630612 0.926617 1.34149 1.73498 1.75094 1.98521 2.06687 2.50874 2.6808 
0.0513356 0.630612 0.926617 1.34149 1.73498 1.75094 1.98521 2.06687 2.50874 2.6808 
0.0513356 0.630612 0.926617 1.34149 1.73498 1.75094 1.98521 2.06687 2.50874 2.6808 
0.0513356 0.630612 0.926617 1.34149 1.73498 1.75094 1.98521 2.06687 2.50874 2.6808 
0.0513356 0.630612 0.926617 1.34149 1.73498 1.75094 1.98521 2.06687 2.50874 2.6808 
0.0513356 0.630612 0.926617 1.34149 1.73498 1.75094 1.98521 2.06687 2.50874 2.6808 
0.0513356 0.630612 0.926617 1.34149 1.73498 1.75094 1.98521 2.06687 2.50874 2.6808 
0.0513356 0.571031 0.630612 0.926617 1.34149 1.73498 1.75094 1.98521 2.06687 2.50874 
0.0513356 0.571031 0.630612 0.926617 1.34149 1.73498 1.75094 1.98521 2.06687 2.50874 
0.0513356 0.571031 0.630612 0.926617 1.34149 1.73498 1.75094 1.98521 2.06687 2.50874 
0.0513356 0.346407 0.387591 0.571031 0.630612 0.926617 1.34149 1.73498 1.75094 1.98521 
0.0513356 0.346407 0.387591 0.571031 0.630612 0.926617 1.34149 1.73498 1.75094 1.98521 
0.0513356 0.224256 0.346407 0.387591 0.423709 0.571031 0.630612 0.926617 1.34149 1.73498 
0.0513356 0.224256 0.346407 0.387591 0.423709 0.571031 0.630612 0.926617 1.34149 1.73498 
0.0513356 0.224256 0.346407 0.387591 0.423709 0.571031 0.630612 0.926617 1.34149 1.73498 
0.0513356 0.224256 0.346407 0.387591 0.423709 0.571031 0.630612 0.926617 1.34149 1.73498 
0.0513356 0.224256 0.346407 0.353506 0.387591 0.423709 0.571031 0.630612 0.926617 1.34149 
0.0513356 0.224256 0.346407 0.353506 0.387591 0.423709 0.571031 0.630612 0.926617 1.34149 
0.0513356 0.224256 0.346407 0.353506 0.387591 0.423709 0.571031 0.630612 0.926617 1.34149 
0.0513356 0.224256 0.346407 0.353506 0.387591 0.423709 0.571031 0.630612 0.926617 1.34149 
0.0513356 0.224256 0.346407 0.353506 0.387591 0.423709 0.571031 0.630612 0.926617 1.34149 
0.0513356 0.224256 0.346407 0.353506 0.387591 0.423709 0.571031 0.630612 0.926617 1.34149 
0.0513356 0.224256 0.346407 0.353506 0.387591 0.423709 0.571031 0.630612 0.926617 1.34149 
0.0513356 0.224256 0.346407 0.353506 0.387591 0.423709 0.571031 0.630612 0.926617 1.34149 
0.0513356 0.224256 0.346407 0.353506 0.387591 0.423709 0.571031 0.630612 0.926617 1.34149 
0.0513356 0.224256 0.346407 0.353506 0.387591 0.423709 0.571031 0.630612 0.926617 1.34149 
0.0513356 0.224256 0.346407 0.353506 0.387591 0.423709 0.571031 0.630612 0.926617 1.34149 
0.0513356 0.224256 0.346407 0.353506 0.387591 0.423709 0.571031 0.630612 0.926617 1.34149 
0.0513356 0.224256 0.346407 0.353506 0.387591 0.423709 0.571031 0.630612 0.926617 1.34149 
0.0513356 0.224256 0.346407 0.353506 0.387591 0.423709 0.571031 0.630612 0.926617 1.34149 
0.0513356 0.224256 0.346407 0.353506 0.387591 0.423709 0.571031 0.630612 0.926617 1.34149 
0.0513356 0.224256 0.346407 0.353506 0.387591 0.423709 0.571031 0.630612 0.926617 1.34149 
0.0513356 0.224256 0.346407 0.353506 0.387591 0.423709 0.571031 0.630612 0.926617 1.34149 
0.0513356 0.224256 0.346407 0.353506 0.387591 0.423709 0.571031 0.630612 0.926617 1.34149 
0.0513356 0.224256 0.346407 0.353506 0.379802 0.387591 0.423709 0.571031 0.630612 0.926617 
0.0513356 0.0755573 0.224256 0.346407 0.353506 0.379802 0.387591 0.423709 0.571031 0.630612 
0.0513356 0.0755573 0.224256 0.346407 0.353506 0.379802 0.387591 0.423709 0.571031 0.630612 
0.0513356 0.0755573 0.224256 0.346407 0.353506 0.379802 0.387591 0.423709 0.571031 0.630612 
0.0513356 0.0755573 0.224256 0.346407 0.353506 0.379802 0.387591 0.423709 0.571031 0.630612 
0.0513356 0.0755573 0.224256 0.346407 0.353506 0.379802 0.387591 0.423709 0.571031 0.630612 
0.0513356 0.0755573 0.224256 0.346407 0.353506 0.379802 0.387591 0.423709 0.571031 0.630612 
0.0513356 0.0755573 0.224256 0.346407 0.353506 0.379802 0.387591 0.423709 0.571031 0.630612 
0.0513356 0.0755573 0.176108 0.224256 0.346407 0.353506 0.379802 0.387591 0.423709 0.571031 
0.0513356 0.0755573 0.176108 0.224256 0.289262 0.346407 0.353506 0.379802 0.387591 0.423709 
0.0513356 0.0755573 0.176108 0.224256 0.243417 0.289262 0.346407 0.353506 0.379802 0.387591 
0.0513356 0.0755573 0.176108 0.224256 0.243417 0.289262 0.346407 0.353506 0.379802 0.387591 
0.0513356 0.0755573 0.176108 0.223299 0.224256 0.243417 0.289262 0.346407 0.353506 0.379802 
0.0513356 0.0755573 0.167098 0.176108 0.223299 0.224256 0.243417 0.289262 0.346407 0.353506 
0.0513356 0.0755573 0.167098 0.176108 0.223299 0.224256 0.243417 0.289262 0.346407 0.353506 
0.0513356 0.0755573 0.167098 0.176108 0.223299 0.224256 0.243417 0.289262 0.346407 0.353506 
0.0513356 0.0755573 0.167098 0.176108 0.223299 0.224256 0.243417 0.289262 0.346407 0.353506 
0.0513356 0.0755573 0.167098 0.176108 0.223299 0.224256 0.243417 0.289262 0.346407 0.353506 
0.0513356 0.0755573 0.167098 0.176108 0.223299 0.224256 0.243417 0.289262 0.346407 0.353506 
0.0513356 0.0755573 0.167098 0.176108 0.223299 0.224256 0.243417 0.289262 0.346407 0.353506 
0.0513356 0.0755573 0.167098 0.176108 0.223299 0.224256 0.243417 0.289262 0.346407 0.353506 
0.0513356 0.0755573 0.167098 0.176108 0.223299 0.224256 0.243417 0.289262 0.346407 0.353506 
0.0513356 0.0755573 0.167098 0.176108 0.223299 0.224256 0.243417 0.289262 0.346407 0.353506 
0.0513356 0.0755573 0.167098 0.176108 0.223299 0.224256 0.243417 0.289262 0.346407 0.353506 
0.0513356 0.0755573 0.167098 0.176108 0.223299 0.224256 0.243417 0.289262 0.346407 0.353506 
0.0513356 0.0755573 0.167098 0.176108 0.223299 0.224256 0.243417 0.289262 0.346407 0.353506 
0.0513356 0.0755573 0.167098 0.176108 0.223299 0.224256 0.243417 0.289262 0.346407 0.353506 
0.0513356 0.0755573 0.167098 0.176108 0.223299 0.224256 0.243417 0.289262 0.346407 0.353506 
0.0513356 0.0755573 0.167098 0.176108 0.223299 0.224256 0.243417 0.289262 0.346407 0.353506 
0.0513356 0.0755573 0.167098 0.176108 0.223299 0.224256 0.243417 0.289262 0.346407 0.353506 
0.0513356 0.0755573 0.167098 0.176108 0.223299 0.224256 0.243417 0.289262 0.346407 0.353506 
0.0513356 0.0755573 0.167098 0.176108 0.223299 0.224256 0.243417 0.289262 0.346407 0.353506 
0.0513356 0.0755573 0.167098 0.176108 0.223299 0.224256 0.243417 0.289262 0.346407 0.353506 
0.0513356 0.0755573 0.167098 0.176108 0.223299 0.224256 0.243417 0.289262 0.346407 0.353506 
0.0513356 0.0755573 0.167098 0.176108 0.223299 0.224256 0.243417 0.289262 0.346407 0.353506 
0.0513356 0.0755573 0.167098 0.176108 0.223299 0.224256 0.243417 0.289262 0.346407 0.353506 
0.0513356 0.0755573 0.167098 0.176108 0.223299 0.224256 0.243417 0.289262 0.346407 0.353506 
0.0513356 0.0755573 0.167098 0.176108 0.223299 0.224256 0.243417 0.289262 0.346407 0.353506 
0.0513356 0.0755573 0.167098 0.176108 0.223299 0.224256 0.243417 0.289262 0.346407 0.353506 
0.0513356 0.0755573 0.167098 0.176108 0.223299 0.224256 0.243417 0.289262 0.346407 0.353506 
0.0513356 0.0755573 0.167098 0.176108 0.223299 0.224256 0.243417 0.289262 0.346407 0.353506 
0.0513356 0.0755573 0.167098 0.176108 0.223299 0.224256 0.243417 0.289262 0.346407 0.353506 
0.0513356 0.0755573 0.167098 0.176108 0.223299 0.224256 0.243417 0.289262 0.346407 0.353506 
0.0513356 0.0755573 0.167098 0.176108 0.223299 0.224256 0.243417 0.289262 0.346407 0.353506 
0.0513356 0.0755573 0.167098 0.176108 0.223299 0.224256 0.243417 0.289262 0.346407 0.353506 
0.0513356 0.0755573 0.167098 0.176108 0.223299 0.224256 0.243417 0.289262 0.346407 0.353506 
0.0513356 0.0755573 0.167098 0.176108 0.223299 0.224256 0.243417 0.289262 0.346407 0.353506 
0.0513356 0.0755573 0.167098 0.176108 0.223299 0.224256 0.243417 0.289262 0.346407 0.353506 
0.0513356 0.0755573 0.167098 0.176108 0.223299 0.224256 0.243417 0.289262 0.346407 0.353506 
0.0513356 0.0755573 0.167098 0.176108 0.223299 0.224256 0.243417 0.289262 0.346407 0.353506 
0.0513356 0.0755573 0.167098 0.176108 0.223299 0.224256 0.243417 0.289262 0.346407 0.353506 
0.0513356 0.0755573 0.167098 0.176108 0.223299 0.224256 0.243417 0.289262 0.346407 0.353506 
0.0513356 0.0755573 0.167098 0.176108 0.223299 0.224256 0.243417 0.289262 0.346407 0.353506 
0.0513356 0.0755573 0.167098 0.176108 0.223299 0.224256 0.243417 0.289262 0.346407 0.353506 
0.0513356 0.0755573 0.167098 0.176108 0.223299 0.224256 0.243417 0.289262 0.346407 0.353506 
