3.80256 5.5489 5.91897 6.14225 6.60904 6.94218 7.08611 8.10854 8.32253 8.43265 
3.18069 3.80256 4.89574 5.5489 5.59339 5.6798 5.74489 5.91897 5.97225 6.14225 
3.18069 3.5505 3.66198 3.80256 4.89574 5.5489 5.59339 5.6798 5.74489 5.91897 
3.18069 3.5505 3.66198 3.80256 3.96902 4.89574 5.5489 5.59339 5.6798 5.74489 
3.18069 3.5505 3.66198 3.80256 3.96902 4.89574 5.5489 5.59339 5.6798 5.74489 
3.18069 3.54973 3.5505 3.66198 3.80256 3.96902 4.51532 4.89574 5.5489 5.59339 
3.18069 3.54973 3.5505 3.66198 3.80256 3.96902 4.51532 4.89574 5.44641 5.5489 
3.18069 3.54973 3.5505 3.66198 3.80256 3.96902 4.23119 4.45688 4.51532 4.89574 
3.18069 3.54973 3.5505 3.66198 3.79465 3.80256 3.96902 4.23119 4.45688 4.51532 
3.18069 3.54973 3.5505 3.66198 3.79465 3.80256 3.81841 3.96902 4.23119 4.44383 
3.18069 3.54973 3.5505 3.66198 3.79465 3.80256 3.81841 3.96902 4.23119 4.40594 
3.18069 3.54973 3.5505 3.66198 3.79465 3.80256 3.81841 3.92857 3.96902 4.23119 
3.11847 3.18069 3.30088 3.54973 3.5505 3.57474 3.66198 3.79465 3.80256 3.81841 
3.11847 3.18069 3.2156 3.30088 3.54973 3.5505 3.57474 3.66198 3.79465 3.80256 
3.11847 3.18069 3.2156 3.30088 3.3602 3.54973 3.5505 3.57474 3.66198 3.79465 
2.83241 2.94945 3.11847 3.18069 3.2156 3.30088 3.3602 3.54973 3.5505 3.57474 
2.83241 2.94945 3.11847 3.1575 3.18069 3.2156 3.30088 3.3602 3.54973 3.5505 
2.79807 2.83241 2.94945 3.11847 3.1575 3.18069 3.2156 3.30088 3.3602 3.54973 
2.79807 2.83241 2.94945 3.11847 3.1575 3.18069 3.2156 3.30088 3.33631 3.34273 
0.5943 2.79807 2.83241 2.94945 3.11847 3.1575 3.18069 3.2156 3.30088 3.33631 
0.5943 2.79807 2.83241 2.94945 3.11847 3.1575 3.18069 3.2156 3.30088 3.33631 
0.5943 2.79807 2.83241 2.94945 3.11847 3.1575 3.18069 3.2156 3.30088 3.33631 
0.5943 2.79807 2.83241 2.94945 3.11847 3.1575 3.15789 3.18069 3.2156 3.30088 
0.5943 2.77733 2.79807 2.83241 2.94945 3.11847 3.1575 3.15789 3.18069 3.2156 
0.5943 2.77733 2.79807 2.83241 2.94945 3.11847 3.1552 3.1575 3.15789 3.18069 
0.5943 2.77733 2.79807 2.83241 2.94945 3.11847 3.1552 3.1575 3.15789 3.18069 
0.5943 2.77733 2.79807 2.83241 2.94945 3.06819 3.11847 3.1552 3.1575 3.15789 
0.5943 2.77733 2.79807 2.83241 2.94945 3.06819 3.11847 3.1552 3.1575 3.15789 
0.5943 0.782084 2.77733 2.79807 2.83241 2.94945 3.06819 3.11847 3.1552 3.1575 
0.5943 0.782084 2.39164 2.77733 2.79807 2.83241 2.94945 3.01088 3.06819 3.11847 
0.5943 0.782084 1.95862 2.39164 2.77733 2.79807 2.83241 2.88908 2.94945 3.01088 
0.5943 0.782084 1.95862 2.39164 2.77733 2.79807 2.83241 2.88908 2.94945 3.01088 
0.5943 0.782084 1.60013 1.95862 2.39164 2.77733 2.79807 2.83241 2.87034 2.88908 
0.5943 0.782084 1.60013 1.95862 2.39164 2.77733 2.79807 2.83241 2.87034 2.88908 
0.5943 0.782084 1.60013 1.95862 2.39164 2.77733 2.79807 2.83241 2.85208 2.87034 
0.5943 0.782084 1.60013 1.95862 2.39164 2.77733 2.79449 2.79807 2.83241 2.85208 
0.5943 0.782084 1.60013 1.95862 2.39164 2.77733 2.79449 2.79807 2.83241 2.85208 
0.5943 0.782084 1.60013 1.69819 1.95862 2.39164 2.77733 2.79449 2.79807 2.82177 
0.5943 0.782084 1.60013 1.69819 1.82529 1.95862 2.32615 2.39164 2.77733 2.79449 
0.5943 0.723214 0.782084 1.60013 1.69819 1.82529 1.95862 2.32615 2.39164 2.48699 
0.5943 0.723214 0.782084 1.60013 1.69819 1.82529 1.95862 2.32615 2.39164 2.48699 
0.5943 0.723214 0.782084 1.60013 1.69819 1.82529 1.95862 2.32615 2.39164 2.48699 
0.5943 0.723214 0.782084 1.60013 1.69819 1.82529 1.95862 2.32615 2.39164 2.48699 
0.5943 0.723214 0.782084 1.60013 1.69819 1.82529 1.95862 2.32615 2.39164 2.48699 
0.5943 0.723214 0.782084 1.60013 1.69819 1.82529 1.95862 2.2381 2.32615 2.39164 
0.5943 0.723214 0.782084 1.60013 1.69819 1.82529 1.95862 2.2381 2.32615 2.39164 
0.5943 0.723214 0.782084 1.08843 1.60013 1.69819 1.82529 1.95862 2.1094 2.2381 
0.5943 0.723214 0.782084 1.08843 1.60013 1.69819 1.82529 1.95862 2.1094 2.2381 
0.5943 0.723214 0.782084 1.08843 1.53077 1.60013 1.69819 1.82529 1.95862 2.1094 
0.5943 0.723214 0.782084 0.927853 1.08843 1.53077 1.60013 1.69819 1.82529 1.95862 
0.5943 0.723214 0.782084 0.927853 1.08843 1.53077 1.60013 1.69819 1.76097 1.82529 
0.5943 0.723214 0.782084 0.927853 1.08843 1.53077 1.60013 1.69819 1.76097 1.82529 
0.5943 0.723214 0.782084 0.927853 1.08843 1.53077 1.60013 1.69819 1.76097 1.82529 
0.5943 0.723214 0.782084 0.927853 1.08843 1.53077 1.60013 1.69819 1.76097 1.82529 
0.5943 0.723214 0.782084 0.927853 1.08843 1.53077 1.60013 1.69819 1.76097 1.82529 
0.5943 0.723214 0.782084 0.927853 1.08843 1.53077 1.60013 1.69819 1.76097 1.82529 
0.5943 0.723214 0.782084 0.927853 1.08843 1.53077 1.60013 1.69819 1.76097 1.82529 
0.5943 0.723214 0.782084 0.927853 1.08843 1.53077 1.60013 1.69819 1.76097 1.82529 
0.5943 0.723214 0.782084 0.927853 1.08843 1.53077 1.60013 1.69819 1.76097 1.82529 
0.5943 0.723214 0.782084 0.927853 1.08843 1.53077 1.60013 1.69819 1.76097 1.82529 
0.5943 0.723214 0.782084 0.927853 1.08843 1.53077 1.60013 1.69819 1.76097 1.82529 
0.5943 0.723214 0.782084 0.927853 1.08843 1.53077 1.60013 1.69819 1.76097 1.82529 
0.5943 0.723214 0.782084 0.927853 1.08843 1.53077 1.60013 1.69819 1.76097 1.82529 
0.5943 0.723214 0.782084 0.927853 1.08843 1.53077 1.60013 1.69819 1.76097 1.82529 
0.5943 0.723214 0.782084 0.927853 1.08843 1.53077 1.60013 1.69819 1.76097 1.82529 
0.5943 0.723214 0.782084 0.927853 1.08843 1.53077 1.60013 1.69819 1.76097 1.82529 
0.5943 0.723214 0.782084 0.927853 1.08843 1.53077 1.60013 1.69819 1.76097 1.82529 
0.5943 0.723214 0.782084 0.927853 1.08843 1.53077 1.60013 1.69819 1.76097 1.82529 
0.5943 0.723214 0.782084 0.927853 1.08843 1.53077 1.60013 1.69819 1.76097 1.82529 
0.5943 0.723214 0.782084 0.927853 1.08843 1.53077 1.60013 1.69819 1.76097 1.82529 
0.5943 0.723214 0.782084 0.927853 1.08843 1.53077 1.60013 1.69819 1.76097 1.82529 
0.5943 0.723214 0.782084 0.927853 1.08843 1.53077 1.60013 1.69819 1.76097 1.82529 
0.5943 0.723214 0.782084 0.927853 1.08843 1.53077 1.60013 1.69819 1.76097 1.82529 
0.5943 0.723214 0.782084 0.927853 1.08843 1.53077 1.60013 1.69819 1.76097 1.82529 
0.5943 0.723214 0.782084 0.927853 1.08843 1.53077 1.60013 1.69819 1.76097 1.82529 
0.5943 0.723214 0.782084 0.927853 1.08843 1.53077 1.60013 1.69819 1.76097 1.82529 
0.5943 0.723214 0.782084 0.927853 1.08843 1.53077 1.60013 1.69819 1.76097 1.82529 
0.5943 0.723214 0.782084 0.927853 1.08843 1.53077 1.60013 1.69819 1.76097 1.82529 
0.5943 0.723214 0.782084 0.927853 1.08843 1.53077 1.60013 1.69819 1.76097 1.82529 
0.5943 0.723214 0.782084 0.927853 1.08843 1.53077 1.60013 1.69819 1.76097 1.82529 
0.5943 0.723214 0.782084 0.927853 1.08843 1.53077 1.60013 1.69819 1.76097 1.82529 
0.5943 0.723214 0.782084 0.927853 1.08843 1.53077 1.60013 1.69819 1.76097 1.82529 
0.5943 0.723214 0.782084 0.927853 1.08843 1.53077 1.60013 1.69819 1.76097 1.82529 
0.5943 0.723214 0.782084 0.927853 1.08843 1.53077 1.60013 1.69819 1.76097 1.82529 
0.5943 0.723214 0.782084 0.927853 1.08843 1.53077 1.60013 1.69819 1.76097 1.82529 
0.5943 0.723214 0.782084 0.927853 1.08843 1.53077 1.60013 1.69819 1.76097 1.82529 
0.5943 0.723214 0.782084 0.927853 1.08843 1.53077 1.60013 1.69819 1.76097 1.82529 
0.5943 0.723214 0.782084 0.927853 1.08843 1.53077 1.60013 1.69819 1.76097 1.82529 
0.5943 0.723214 0.782084 0.927853 1.08843 1.53077 1.60013 1.69819 1.76097 1.82529 
0.5943 0.723214 0.782084 0.927853 1.08843 1.53077 1.60013 1.69819 1.76097 1.82529 
0.5943 0.723214 0.782084 0.927853 1.08843 1.53077 1.60013 1.69819 1.76097 1.82529 
0.5943 0.723214 0.782084 0.927853 1.08843 1.53077 1.60013 1.69819 1.76097 1.82529 
0.5943 0.723214 0.782084 0.927853 1.08843 1.53077 1.60013 1.69819 1.76097 1.82529 
0.5943 0.723214 0.782084 0.927853 1.08843 1.53077 1.60013 1.69819 1.76097 1.82529 
0.5943 0.723214 0.782084 0.927853 1.08843 1.53077 1.60013 1.69819 1.76097 1.82529 
0.5943 0.723214 0.782084 0.927853 1.08843 1.53077 1.60013 1.69819 1.76097 1.82529 
0.5943 0.723214 0.782084 0.927853 1.08843 1.53077 1.60013 1.69819 1.76097 1.82529 
0.5943 0.723214 0.782084 0.927853 1.08843 1.53077 1.60013 1.69819 1.76097 1.82529 
0.5943 0.723214 0.782084 0.927853 1.08843 1.53077 1.60013 1.69819 1.76097 1.82529 
0.5943 0.723214 0.782084 0.927853 1.08843 1.53077 1.60013 1.69819 1.76097 1.82529 
