5.87109 5.90104 5.99609 7.19659 7.41479 7.87843 8.9068 9.09941 9.71992 10.0595 
4.15811 5.87109 5.90104 5.99609 6.44065 6.72174 7.04466 7.19659 7.33135 7.41479 
3.39509 4.15811 5.44523 5.45689 5.87109 5.90104 5.99609 6.44065 6.72174 7.04466 
3.39509 4.15811 5.00591 5.31231 5.44523 5.45689 5.86082 5.87109 5.90104 5.99609 
3.39509 3.6261 4.15811 5.00591 5.31231 5.44523 5.45689 5.86082 5.87109 5.90104 
2.89971 3.05928 3.39509 3.6261 4.15811 5.00591 5.31231 5.44523 5.45689 5.86082 
2.89971 3.05928 3.39509 3.6261 4.15811 5.00591 5.31231 5.44523 5.45689 5.74247 
2.89971 3.05928 3.39509 3.6261 4.15811 5.00591 5.31231 5.44523 5.45689 5.65053 
2.89971 3.05928 3.39509 3.6261 4.15811 5.00591 5.31231 5.44523 5.45689 5.65053 
2.89971 3.05928 3.39509 3.6261 4.15811 5.00591 5.31231 5.34466 5.44523 5.45689 
2.89971 3.05928 3.39509 3.6261 4.15811 4.28389 4.40228 4.86011 5.00591 5.31231 
2.89971 3.05928 3.39509 3.6261 3.97187 3.98199 4.15811 4.28389 4.31199 4.40228 
0.33454 2.07202 2.89971 3.05928 3.39509 3.6261 3.97187 3.98199 4.15811 4.28389 
0.33454 2.07202 2.88775 2.89971 3.05928 3.39509 3.6261 3.97187 3.98199 4.15811 
0.33454 2.07202 2.88775 2.89971 3.05928 3.39509 3.6261 3.69309 3.97187 3.98199 
0.33454 2.07202 2.88775 2.89971 3.05928 3.23683 3.39509 3.6261 3.69309 3.97187 
0.33454 2.07202 2.79807 2.88775 2.89971 3.05928 3.23683 3.39509 3.6261 3.69309 
0.33454 1.21054 2.07202 2.79807 2.88775 2.89971 3.05928 3.23683 3.39509 3.6261 
0.33454 1.21054 2.07202 2.79807 2.88775 2.89971 3.05928 3.23683 3.39509 3.6261 
0.33454 1.21054 2.07202 2.79807 2.85083 2.88775 2.89971 3.05928 3.23683 3.39509 
0.33454 1.21054 2.07202 2.79807 2.85083 2.88775 2.89971 3.05928 3.23683 3.39509 
0.33454 1.21054 2.07202 2.79807 2.83375 2.85083 2.88775 2.89971 3.05928 3.23683 
0.33454 1.21054 2.07202 2.79807 2.83375 2.85083 2.88775 2.89971 3.05928 3.23683 
0.33454 0.519558 1.21054 2.07202 2.79807 2.83375 2.85083 2.88775 2.89971 3.05928 
0.33454 0.519558 1.21054 2.07202 2.3929 2.79807 2.83375 2.85083 2.88775 2.89971 
0.33454 0.519558 1.21054 2.07202 2.19791 2.3929 2.79807 2.83375 2.85083 2.88775 
0.33454 0.519558 1.21054 2.07202 2.19791 2.32466 2.3929 2.79807 2.83375 2.85083 
0.33454 0.519558 1.21054 2.07202 2.19791 2.32466 2.3929 2.79807 2.83375 2.85083 
0.33454 0.519558 1.21054 2.07202 2.19791 2.32466 2.3929 2.61813 2.79807 2.83375 
0.33454 0.519558 1.21054 2.07202 2.19791 2.32466 2.3929 2.4151 2.61813 2.79807 
0.33454 0.519558 1.21054 1.79583 2.07202 2.19791 2.32466 2.3929 2.4151 2.61813 
0.33454 0.519558 1.21054 1.79583 2.07202 2.19791 2.32466 2.3929 2.4151 2.61813 
0.33454 0.519558 1.21054 1.64165 1.79583 2.07202 2.19791 2.32466 2.3929 2.4151 
0.33454 0.519558 1.21054 1.64165 1.79583 2.07202 2.19791 2.32466 2.3929 2.4151 
0.33454 0.519558 1.21054 1.64165 1.79583 2.07202 2.19791 2.26484 2.32466 2.3929 
0.33454 0.519558 1.21054 1.64165 1.79583 2.07202 2.19791 2.26484 2.32466 2.3929 
0.33454 0.519558 1.21054 1.64165 1.79583 2.07202 2.19791 2.26484 2.32466 2.3929 
0.33454 0.519558 1.21054 1.64165 1.79583 2.07202 2.19791 2.26484 2.32466 2.3929 
0.33454 0.519558 0.827879 1.21054 1.64165 1.79583 2.07202 2.19791 2.26484 2.32466 
0.33454 0.519558 0.655639 0.827879 1.21054 1.64165 1.79583 2.07202 2.19791 2.26484 
0.33454 0.519558 0.655639 0.827879 1.21054 1.64165 1.79583 2.07202 2.19791 2.26484 
0.33454 0.519558 0.655639 0.827879 1.21054 1.64165 1.79583 2.07202 2.19791 2.26484 
0.33454 0.519558 0.655639 0.827879 1.21054 1.64165 1.79583 2.07202 2.19791 2.26484 
0.33454 0.519558 0.655639 0.827879 1.21054 1.64165 1.79583 2.07202 2.19791 2.26484 
0.33454 0.519558 0.655639 0.827879 1.21054 1.64165 1.79583 2.07202 2.19791 2.26484 
0.33454 0.519558 0.655639 0.827879 1.21054 1.64165 1.79583 2.07202 2.19791 2.26484 
0.33454 0.519558 0.655639 0.827879 1.21054 1.64165 1.79583 2.07202 2.19791 2.26484 
0.33454 0.519558 0.655639 0.827879 1.21054 1.64165 1.79583 2.07202 2.19791 2.26484 
0.33454 0.519558 0.655639 0.827879 1.21054 1.64165 1.79583 2.07202 2.19791 2.26484 
0.33454 0.519558 0.655639 0.827879 1.21054 1.64165 1.79583 2.07202 2.19791 2.26484 
0.33454 0.519558 0.655639 0.827879 1.21054 1.64165 1.79583 2.07202 2.19791 2.26484 
0.139433 0.33454 0.519558 0.601282 0.655639 0.827879 1.21054 1.64165 1.79583 2.07202 
0.139433 0.33454 0.519558 0.601282 0.655639 0.827879 1.21054 1.64165 1.79583 2.07202 
0.139433 0.33454 0.519558 0.601282 0.655639 0.827879 1.21054 1.64165 1.79583 2.07202 
0.139433 0.33454 0.519558 0.601282 0.655639 0.827879 1.21054 1.64165 1.79583 2.07202 
0.139433 0.33454 0.519558 0.601282 0.655639 0.827879 1.21054 1.64165 1.79583 2.07202 
0.139433 0.33454 0.519558 0.601282 0.655639 0.827879 1.21054 1.64165 1.79583 2.07202 
0.139433 0.33454 0.519558 0.601282 0.655639 0.827879 1.21054 1.64165 1.79583 2.07202 
0.139433 0.33454 0.519558 0.601282 0.655639 0.827879 1.21054 1.64165 1.79583 2.07202 
0.139433 0.33454 0.519558 0.601282 0.655639 0.827879 1.21054 1.64165 1.79583 2.07202 
0.139433 0.33454 0.519558 0.601282 0.655639 0.827879 1.21054 1.64165 1.79583 2.07202 
0.139433 0.33454 0.519558 0.601282 0.655639 0.827879 1.21054 1.64165 1.79583 2.07202 
0.139433 0.33454 0.519558 0.601282 0.655639 0.827879 1.21054 1.64165 1.79583 2.07202 
0.139433 0.33454 0.519558 0.601282 0.655639 0.827879 1.21054 1.64165 1.79583 2.07202 
0.139433 0.33454 0.519558 0.601282 0.655639 0.827879 1.21054 1.64165 1.79583 2.07202 
0.139433 0.33454 0.519558 0.601282 0.655639 0.827879 1.21054 1.64165 1.79583 2.07202 
0.139433 0.33454 0.519558 0.601282 0.655639 0.827879 1.21054 1.64165 1.79583 2.07202 
0.139433 0.33454 0.519558 0.601282 0.655639 0.827879 1.21054 1.64165 1.79583 2.07202 
0.139433 0.33454 0.519558 0.601282 0.655639 0.827879 1.21054 1.64165 1.79583 2.07202 
0.139433 0.33454 0.519558 0.601282 0.655639 0.827879 1.21054 1.64165 1.79583 2.07202 
0.139433 0.33454 0.519558 0.601282 0.655639 0.827879 1.21054 1.64165 1.79583 2.07202 
0.139433 0.33454 0.519558 0.601282 0.655639 0.827879 1.21054 1.64165 1.79583 2.07202 
0.139433 0.33454 0.519558 0.601282 0.655639 0.827879 1.21054 1.64165 1.79583 2.07202 
0.139433 0.33454 0.519558 0.601282 0.655639 0.827879 1.21054 1.64165 1.79583 2.07202 
0.139433 0.33454 0.519558 0.601282 0.655639 0.827879 1.21054 1.64165 1.79583 2.07202 
0.139433 0.33454 0.519558 0.601282 0.655639 0.827879 1.21054 1.64165 1.79583 2.07202 
0.139433 0.33454 0.519558 0.601282 0.655639 0.827879 1.21054 1.64165 1.79583 2.07202 
0.139433 0.33454 0.519558 0.601282 0.655639 0.827879 1.21054 1.64165 1.79583 2.07202 
0.139433 0.33454 0.519558 0.601282 0.655639 0.827879 1.21054 1.64165 1.79583 2.07202 
0.139433 0.33454 0.519558 0.601282 0.655639 0.827879 1.21054 1.64165 1.79583 2.07202 
0.139433 0.33454 0.519558 0.601282 0.655639 0.827879 1.21054 1.64165 1.79583 2.07202 
0.139433 0.33454 0.519558 0.601282 0.655639 0.827879 1.21054 1.64165 1.79583 2.07202 
0.139433 0.33454 0.519558 0.601282 0.655639 0.827879 1.21054 1.64165 1.79583 2.07202 
0.139433 0.33454 0.519558 0.601282 0.655639 0.827879 1.21054 1.64165 1.79583 2.07202 
0.139433 0.33454 0.519558 0.601282 0.655639 0.827879 1.21054 1.64165 1.79583 2.07202 
0.139433 0.33454 0.519558 0.601282 0.655639 0.827879 1.21054 1.64165 1.79583 2.07202 
0.139433 0.33454 0.519558 0.601282 0.655639 0.827879 1.21054 1.64165 1.79583 2.07202 
0.139433 0.33454 0.519558 0.601282 0.655639 0.827879 1.21054 1.64165 1.79583 2.07202 
0.139433 0.33454 0.519558 0.601282 0.655639 0.827879 1.21054 1.64165 1.79583 2.07202 
0.139433 0.33454 0.519558 0.601282 0.655639 0.827879 1.21054 1.64165 1.79583 2.07202 
0.139433 0.33454 0.519558 0.601282 0.655639 0.827879 1.21054 1.64165 1.79583 2.07202 
0.139433 0.33454 0.519558 0.601282 0.655639 0.827879 1.21054 1.64165 1.79583 2.07202 
0.139433 0.33454 0.519558 0.601282 0.655639 0.827879 1.21054 1.64165 1.79583 2.07202 
0.139433 0.33454 0.519558 0.601282 0.655639 0.827879 1.21054 1.64165 1.79583 2.07202 
0.139433 0.33454 0.519558 0.601282 0.655639 0.827879 1.21054 1.64165 1.79583 2.07202 
0.139433 0.33454 0.519558 0.601282 0.655639 0.827879 1.21054 1.64165 1.79583 2.07202 
0.139433 0.33454 0.519558 0.601282 0.655639 0.827879 1.21054 1.64165 1.79583 2.07202 
0.139433 0.33454 0.519558 0.601282 0.655639 0.827879 1.21054 1.64165 1.79583 2.07202 
0.139433 0.33454 0.519558 0.601282 0.655639 0.827879 1.21054 1.64165 1.79583 2.07202 
0.139433 0.33454 0.519558 0.601282 0.655639 0.827879 1.21054 1.64165 1.79583 2.07202 
