0.700328 3.03776 3.59183 3.91278 4.48845 5.9587 6.29695 7.5327 7.54591 8.06677 
0.700328 1.63195 2.81016 3.03776 3.59183 3.91278 4.48845 5.9587 6.29695 7.48917 
0.700328 1.63195 2.81016 3.03776 3.07182 3.59183 3.91278 4.48845 5.9587 6.29695 
0.700328 1.63195 2.81016 3.03776 3.07182 3.59183 3.91278 4.48845 5.9587 6.29695 
0.495702 0.700328 1.05428 1.63195 2.79676 2.81016 3.03776 3.07182 3.59183 3.91278 
0.495702 0.700328 1.05428 1.63195 2.79676 2.81016 3.03776 3.07182 3.59183 3.91278 
0.495702 0.700328 1.05428 1.07734 1.63195 2.79676 2.81016 3.03776 3.07182 3.59183 
0.495702 0.700328 1.05428 1.07734 1.63195 2.79676 2.81016 3.03776 3.07182 3.59183 
0.495702 0.700328 1.05428 1.07734 1.63195 2.79676 2.81016 3.03776 3.07182 3.59183 
0.495702 0.582016 0.700328 1.05428 1.07734 1.63195 2.79676 2.81016 3.03776 3.07182 
0.495702 0.582016 0.700328 1.05428 1.07734 1.63195 2.79676 2.81016 3.03776 3.07182 
0.495702 0.582016 0.700328 0.814373 1.05428 1.07734 1.63195 2.79676 2.81016 3.03776 
0.495702 0.582016 0.700328 0.814373 1.05428 1.07734 1.63195 2.79676 2.81016 3.03776 
0.495702 0.582016 0.700328 0.814373 1.05428 1.07734 1.63195 2.79676 2.81016 3.03776 
0.495702 0.544124 0.582016 0.700328 0.814373 1.05428 1.07734 1.63195 2.79676 2.81016 
0.495702 0.544124 0.582016 0.700328 0.814373 1.05428 1.07734 1.63195 2.79676 2.81016 
0.495702 0.544124 0.582016 0.700328 0.814373 1.05428 1.07734 1.63195 2.79676 2.81016 
0.495702 0.544124 0.582016 0.700328 0.814373 1.05428 1.07734 1.63195 2.79676 2.81016 
0.495702 0.544124 0.582016 0.700328 0.814373 1.05428 1.07734 1.63195 2.79676 2.81016 
0.495702 0.544124 0.582016 0.700328 0.814373 1.05428 1.07734 1.63195 2.79676 2.81016 
0.495702 0.544124 0.582016 0.700328 0.814373 1.05428 1.07734 1.63195 2.79676 2.81016 
0.495702 0.544124 0.582016 0.660305 0.700328 0.814373 1.05428 1.07734 1.63195 2.79676 
0.467317 0.495702 0.544124 0.582016 0.660305 0.700328 0.814373 1.05428 1.07734 1.63195 
0.467317 0.495702 0.544124 0.582016 0.660305 0.700328 0.814373 1.05428 1.07734 1.63195 
0.467317 0.495702 0.544124 0.582016 0.660305 0.700328 0.814373 1.05428 1.07734 1.63195 
0.467317 0.495702 0.544124 0.582016 0.660305 0.700328 0.814373 1.05428 1.07734 1.63195 
0.467317 0.495702 0.544124 0.582016 0.660305 0.700328 0.814373 1.05428 1.07734 1.63195 
0.467317 0.495702 0.544124 0.582016 0.660305 0.700328 0.814373 1.05428 1.07734 1.63195 
0.467317 0.495702 0.544124 0.582016 0.660305 0.700328 0.814373 1.05428 1.07734 1.63195 
0.467317 0.495702 0.544124 0.582016 0.660305 0.700328 0.814373 1.05428 1.07734 1.63195 
0.0562154 0.467317 0.495702 0.544124 0.582016 0.660305 0.700328 0.814373 1.05428 1.07734 
0.0562154 0.467317 0.495702 0.544124 0.582016 0.660305 0.700328 0.814373 1.05428 1.07734 
0.0562154 0.467317 0.495702 0.544124 0.582016 0.660305 0.700328 0.814373 1.05428 1.07734 
0.0562154 0.467317 0.495702 0.544124 0.582016 0.660305 0.700328 0.814373 1.05428 1.07734 
0.0562154 0.467317 0.495702 0.544124 0.582016 0.660305 0.700328 0.814373 1.05428 1.07734 
0.0562154 0.467317 0.495702 0.544124 0.582016 0.660305 0.700328 0.814373 1.05428 1.07734 
0.0562154 0.467317 0.495702 0.544124 0.582016 0.660305 0.700328 0.814373 1.05428 1.07734 
0.0562154 0.467317 0.495702 0.544124 0.582016 0.660305 0.700328 0.814373 1.05428 1.07734 
0.0562154 0.322887 0.467317 0.495702 0.544124 0.582016 0.660305 0.700328 0.814373 1.05428 
0.0562154 0.322887 0.467317 0.495702 0.544124 0.582016 0.660305 0.700328 0.814373 1.05428 
0.0242593 0.0562154 0.322887 0.467317 0.495702 0.544124 0.582016 0.660305 0.700328 0.814373 
0.0242593 0.0562154 0.322887 0.467317 0.495702 0.544124 0.582016 0.660305 0.700328 0.814373 
0.0242593 0.0562154 0.322887 0.467317 0.495702 0.544124 0.582016 0.660305 0.700328 0.814373 
0.0242593 0.0562154 0.322887 0.417022 0.467317 0.495702 0.544124 0.582016 0.660305 0.700328 
0.0242593 0.0562154 0.322887 0.417022 0.467317 0.495702 0.544124 0.582016 0.660305 0.700328 
0.0242593 0.0562154 0.24559 0.322887 0.417022 0.467317 0.495702 0.544124 0.582016 0.660305 
0.0242593 0.0562154 0.24559 0.322887 0.417022 0.467317 0.495702 0.544124 0.582016 0.660305 
0.0242593 0.0562154 0.24559 0.322887 0.417022 0.467317 0.495702 0.544124 0.582016 0.660305 
0.0242593 0.0562154 0.24559 0.322887 0.417022 0.467317 0.495702 0.544124 0.582016 0.660305 
0.0242593 0.0562154 0.24559 0.322887 0.417022 0.467317 0.495702 0.544124 0.582016 0.660305 
0.0242593 0.0562154 0.24559 0.322887 0.372886 0.417022 0.467317 0.495702 0.544124 0.582016 
0.0242593 0.0562154 0.1901 0.24559 0.322887 0.372886 0.417022 0.467317 0.495702 0.544124 
0.0242593 0.0562154 0.1901 0.24559 0.322887 0.372886 0.417022 0.467317 0.495702 0.544124 
0.0242593 0.0562154 0.1901 0.193143 0.24559 0.322887 0.372886 0.417022 0.467317 0.495702 
0.0242593 0.0562154 0.1901 0.193143 0.24559 0.322887 0.372886 0.417022 0.467317 0.495702 
0.0242593 0.0562154 0.1901 0.193143 0.24559 0.322887 0.372886 0.417022 0.467317 0.495702 
0.0242593 0.0562154 0.1901 0.193143 0.24559 0.322887 0.372886 0.417022 0.467317 0.495702 
0.0242593 0.0562154 0.1901 0.193143 0.24559 0.322887 0.372886 0.417022 0.467317 0.495702 
0.0242593 0.0562154 0.1901 0.193143 0.24559 0.322887 0.372886 0.417022 0.467317 0.495702 
0.0242593 0.0562154 0.1901 0.193143 0.24559 0.322887 0.372886 0.417022 0.467317 0.495702 
0.0242593 0.0562154 0.1901 0.193143 0.24559 0.322887 0.372886 0.417022 0.467317 0.495702 
0.0242593 0.0562154 0.1901 0.193143 0.24559 0.322887 0.372886 0.417022 0.467317 0.495702 
0.0242593 0.0562154 0.1901 0.193143 0.24559 0.322887 0.372886 0.417022 0.467317 0.495702 
0.0242593 0.0562154 0.1901 0.193143 0.24559 0.322887 0.372886 0.417022 0.467317 0.495702 
0.0242593 0.0562154 0.1901 0.193143 0.24559 0.322887 0.372886 0.417022 0.467317 0.495702 
0.0242593 0.0562154 0.1901 0.193143 0.24559 0.322887 0.372886 0.417022 0.467317 0.495702 
0.0242593 0.0562154 0.1901 0.193143 0.24559 0.322887 0.372886 0.417022 0.467317 0.495702 
0.0242593 0.0562154 0.1901 0.193143 0.24559 0.322887 0.372886 0.417022 0.467317 0.495702 
0.0242593 0.0562154 0.1901 0.193143 0.24559 0.322887 0.372886 0.417022 0.467317 0.495702 
0.0242593 0.0562154 0.1901 0.193143 0.24559 0.322887 0.372886 0.417022 0.467317 0.495702 
0.0242593 0.0562154 0.1901 0.193143 0.24559 0.322887 0.372886 0.417022 0.467317 0.495702 
0.0242593 0.0562154 0.1901 0.193143 0.24559 0.322887 0.372886 0.417022 0.467317 0.495702 
0.0242593 0.0562154 0.1901 0.193143 0.24559 0.322887 0.372886 0.417022 0.467317 0.495702 
0.0242593 0.0562154 0.1901 0.193143 0.24559 0.322887 0.372886 0.417022 0.467317 0.495702 
0.0242593 0.0562154 0.1901 0.193143 0.24559 0.322887 0.372886 0.417022 0.467317 0.495702 
0.0242593 0.0562154 0.1901 0.193143 0.24559 0.322887 0.372886 0.417022 0.467317 0.495702 
0.0242593 0.0562154 0.1901 0.193143 0.24559 0.322887 0.372886 0.417022 0.467317 0.495702 
0.0242593 0.0562154 0.1901 0.193143 0.24559 0.322887 0.372886 0.417022 0.467317 0.495702 
0.0242593 0.0562154 0.1901 0.193143 0.24559 0.322887 0.372886 0.417022 0.467317 0.495702 
0.0242593 0.0562154 0.1901 0.193143 0.24559 0.322887 0.372886 0.417022 0.467317 0.495702 
0.0242593 0.0562154 0.1901 0.193143 0.24559 0.322887 0.372886 0.417022 0.467317 0.495702 
0.0242593 0.0562154 0.1901 0.193143 0.24559 0.322887 0.372886 0.417022 0.467317 0.495702 
0.0242593 0.0562154 0.1901 0.193143 0.24559 0.322887 0.372886 0.417022 0.467317 0.495702 
0.0242593 0.0562154 0.1901 0.193143 0.24559 0.322887 0.372886 0.417022 0.467317 0.495702 
0.0242593 0.0562154 0.1901 0.193143 0.24559 0.322887 0.372886 0.417022 0.467317 0.495702 
0.0242593 0.0562154 0.1901 0.193143 0.24559 0.322887 0.372886 0.417022 0.467317 0.495702 
0.0242593 0.0562154 0.1901 0.193143 0.24559 0.322887 0.372886 0.417022 0.467317 0.495702 
0.0242593 0.0562154 0.1901 0.193143 0.24559 0.322887 0.372886 0.417022 0.467317 0.495702 
0.0242593 0.0562154 0.1901 0.193143 0.24559 0.322887 0.372886 0.417022 0.467317 0.495702 
0.0242593 0.0562154 0.1901 0.193143 0.24559 0.322887 0.372886 0.417022 0.467317 0.495702 
0.0242593 0.0562154 0.1901 0.193143 0.24559 0.322887 0.372886 0.417022 0.467317 0.495702 
0.0242593 0.0562154 0.1901 0.193143 0.24559 0.322887 0.372886 0.417022 0.467317 0.495702 
0.0242593 0.0562154 0.1901 0.193143 0.24559 0.322887 0.372886 0.417022 0.467317 0.495702 
0.0242593 0.0562154 0.1901 0.193143 0.24559 0.322887 0.372886 0.417022 0.467317 0.495702 
0.0242593 0.0562154 0.1901 0.193143 0.24559 0.322887 0.372886 0.417022 0.467317 0.495702 
0.0242593 0.0562154 0.1901 0.193143 0.24559 0.322887 0.372886 0.417022 0.467317 0.495702 
0.0242593 0.0562154 0.1901 0.193143 0.24559 0.322887 0.372886 0.417022 0.467317 0.495702 
0.0242593 0.0562154 0.1901 0.193143 0.24559 0.322887 0.372886 0.417022 0.467317 0.495702 
0.0242593 0.0562154 0.1901 0.193143 0.24559 0.322887 0.372886 0.417022 0.467317 0.495702 
0.0242593 0.0562154 0.1901 0.193143 0.24559 0.322887 0.372886 0.417022 0.467317 0.495702 
