2.50275 3.00931 3.58381 4.1277 4.55303 7.28893 7.33192 7.45609 7.54778 8.97597 
2.50275 3.00931 3.58381 3.97884 4.05069 4.1277 4.55303 4.99934 5.63014 5.84244 
2.50275 2.6742 3.00931 3.58381 3.83164 3.97884 4.05069 4.1277 4.55303 4.99934 
2.40631 2.50275 2.6742 2.84041 3.00931 3.58381 3.83164 3.97884 4.05069 4.1277 
2.40631 2.50275 2.6742 2.84041 3.00931 3.58381 3.83164 3.97884 4.05069 4.1277 
1.1454 2.40631 2.50275 2.6742 2.84041 3.00931 3.58381 3.83164 3.97884 4.05069 
1.1454 2.40631 2.50275 2.6742 2.84041 3.00931 3.58381 3.83164 3.97884 4.05069 
1.1454 2.40631 2.50275 2.6742 2.84041 3.00931 3.58381 3.83164 3.97884 4.05069 
1.1454 2.40631 2.50275 2.6742 2.84041 3.00931 3.58381 3.83164 3.97884 4.05069 
0.408622 1.1454 2.29605 2.40631 2.50275 2.6742 2.84041 3.00931 3.58381 3.83164 
0.408622 1.1454 2.29605 2.40631 2.50275 2.6742 2.84041 3.00931 3.58381 3.83164 
0.408622 1.1454 2.29605 2.40631 2.50275 2.6742 2.84041 3.00931 3.58381 3.83164 
0.408622 0.473578 1.1454 2.29605 2.40631 2.50275 2.6742 2.84041 3.00931 3.58381 
0.408622 0.473578 1.1454 2.29605 2.40631 2.50275 2.6742 2.84041 3.00931 3.58381 
0.408622 0.473578 1.1454 2.29605 2.40631 2.50275 2.6742 2.84041 3.00931 3.58381 
0.408622 0.473578 1.1454 1.34947 2.29605 2.40631 2.50275 2.6742 2.84041 3.00931 
0.408622 0.473578 1.1454 1.34947 1.94921 2.29605 2.40631 2.50275 2.6742 2.84041 
0.408622 0.473578 1.1454 1.34947 1.94921 2.29605 2.40631 2.50275 2.6742 2.84041 
0.250295 0.408622 0.473578 1.1454 1.34947 1.94921 2.29605 2.40631 2.50275 2.6742 
0.250295 0.408622 0.473578 1.1454 1.34947 1.94921 2.29605 2.40631 2.50275 2.6742 
0.250295 0.408622 0.473578 1.1454 1.34947 1.94921 2.29605 2.40631 2.50275 2.6742 
0.250295 0.408622 0.411089 0.473578 1.1454 1.34947 1.94921 2.29605 2.40631 2.50275 
0.250295 0.408622 0.411089 0.473578 1.1454 1.34947 1.94921 2.29605 2.40631 2.50275 
0.250295 0.408622 0.411089 0.473578 1.1454 1.34947 1.94921 2.29605 2.40631 2.50275 
0.250295 0.408622 0.411089 0.473578 1.1454 1.34947 1.94921 2.29605 2.40631 2.50275 
0.250295 0.408622 0.411089 0.473578 1.1454 1.34947 1.94921 2.29605 2.40631 2.50275 
0.250295 0.408622 0.411089 0.473578 1.1454 1.34947 1.94921 2.29605 2.40631 2.50275 
0.250295 0.408622 0.411089 0.473578 1.1454 1.34947 1.94921 2.29605 2.40631 2.50275 
0.250295 0.408622 0.411089 0.473578 1.1454 1.34947 1.94921 2.29605 2.40631 2.50275 
0.250295 0.408622 0.411089 0.473578 1.1454 1.34947 1.94921 2.29605 2.40631 2.50275 
0.250295 0.408622 0.411089 0.473578 1.1454 1.34947 1.94921 2.29605 2.40631 2.50275 
0.250295 0.408622 0.411089 0.473578 1.1454 1.34947 1.94921 2.29605 2.40631 2.50275 
0.250295 0.408622 0.411089 0.473578 0.752714 1.1454 1.34947 1.94921 2.29605 2.40631 
0.250295 0.277669 0.408622 0.411089 0.473578 0.752714 1.1454 1.34947 1.94921 2.29605 
0.0347335 0.250295 0.277669 0.408622 0.411089 0.473578 0.752714 1.1454 1.34947 1.94921 
0.0347335 0.250295 0.277669 0.408622 0.411089 0.473578 0.752714 1.1454 1.34947 1.94921 
0.0347335 0.250295 0.277669 0.408622 0.411089 0.473578 0.752714 1.1454 1.34947 1.94921 
0.0347335 0.250295 0.277669 0.408622 0.411089 0.473578 0.752714 1.1454 1.34947 1.94921 
0.0347335 0.250295 0.277669 0.408622 0.411089 0.473578 0.752714 1.1454 1.34947 1.94921 
0.0347335 0.250295 0.277669 0.408622 0.411089 0.473578 0.752714 1.1454 1.34947 1.94921 
0.0347335 0.250295 0.277669 0.408622 0.411089 0.473578 0.752714 1.1454 1.34947 1.94921 
0.0347335 0.250295 0.277669 0.331638 0.408622 0.411089 0.473578 0.752714 1.1454 1.34947 
0.0347335 0.250295 0.277669 0.331638 0.408622 0.411089 0.473578 0.752714 1.1454 1.34947 
0.0347335 0.250295 0.277669 0.328303 0.331638 0.408622 0.411089 0.473578 0.752714 1.1454 
0.0347335 0.250295 0.277669 0.328303 0.331638 0.408622 0.411089 0.473578 0.752714 1.1454 
0.0347335 0.250295 0.277669 0.328303 0.331638 0.408622 0.411089 0.473578 0.752714 1.1454 
0.0347335 0.250295 0.277669 0.328303 0.331638 0.408622 0.411089 0.473578 0.752714 1.1454 
0.0347335 0.208359 0.250295 0.277669 0.328303 0.331638 0.408622 0.411089 0.473578 0.752714 
0.0347335 0.0881876 0.208359 0.250295 0.277669 0.328303 0.331638 0.408622 0.411089 0.473578 
0.0347335 0.0881876 0.208359 0.250295 0.277669 0.328303 0.331638 0.408622 0.411089 0.473578 
0.0347335 0.0881876 0.208359 0.250295 0.277669 0.328303 0.331638 0.408622 0.411089 0.473578 
0.0347335 0.0881876 0.208359 0.250295 0.277669 0.328303 0.331638 0.408622 0.411089 0.473578 
0.0347335 0.0881876 0.208359 0.250295 0.277669 0.328303 0.331638 0.408622 0.411089 0.473578 
0.0347335 0.0881876 0.208359 0.250295 0.277669 0.328303 0.331638 0.408622 0.411089 0.473578 
0.0347335 0.0881876 0.208359 0.250295 0.277669 0.328303 0.331638 0.408622 0.411089 0.473578 
0.0347335 0.0881876 0.208359 0.250295 0.277669 0.328303 0.331638 0.408622 0.411089 0.473578 
0.0347335 0.0881876 0.208359 0.250295 0.277669 0.328303 0.331638 0.408622 0.411089 0.473578 
0.0347335 0.0881876 0.196796 0.208359 0.250295 0.277669 0.328303 0.331638 0.408622 0.411089 
0.0347335 0.0881876 0.196796 0.208359 0.250295 0.277669 0.328303 0.331638 0.408622 0.411089 
0.0347335 0.0881876 0.176981 0.196796 0.208359 0.250295 0.277669 0.328303 0.331638 0.408622 
0.0347335 0.0881876 0.176981 0.196796 0.208359 0.250295 0.277669 0.328303 0.331638 0.408622 
0.0347335 0.0881876 0.176981 0.196796 0.208359 0.250295 0.277669 0.328303 0.331638 0.408622 
0.0347335 0.0881876 0.176981 0.186401 0.196796 0.208359 0.250295 0.277669 0.328303 0.331638 
0.0347335 0.0881876 0.176981 0.186401 0.196796 0.208359 0.250295 0.277669 0.328303 0.331638 
0.0347335 0.0881876 0.166171 0.176981 0.186401 0.196796 0.208359 0.250295 0.277669 0.328303 
0.0347335 0.0881876 0.166171 0.176981 0.186401 0.196796 0.208359 0.250295 0.277669 0.328303 
0.0347335 0.0881876 0.102657 0.166171 0.17554 0.176981 0.186401 0.196796 0.208359 0.250295 
0.0347335 0.0881876 0.102657 0.166171 0.17554 0.176981 0.186401 0.196796 0.208359 0.250295 
0.0347335 0.0411234 0.0881876 0.102657 0.166171 0.17554 0.176981 0.186401 0.196796 0.208359 
0.0347335 0.0411234 0.0716778 0.0881876 0.102657 0.166171 0.17554 0.176981 0.186401 0.196796 
0.0347335 0.0411234 0.0716778 0.0881876 0.102657 0.166171 0.17554 0.176981 0.186401 0.196796 
0.0347335 0.0411234 0.0716778 0.0780461 0.0881876 0.102657 0.166171 0.17554 0.176981 0.186401 
0.0347335 0.0411234 0.0716778 0.0780461 0.0881876 0.102657 0.166171 0.17554 0.176981 0.186401 
0.0347335 0.0411234 0.0716778 0.0780461 0.0881876 0.102657 0.166171 0.17554 0.176981 0.186401 
0.0347335 0.0411234 0.0560815 0.0716778 0.0780461 0.0881876 0.102657 0.166171 0.17554 0.176981 
0.0347335 0.0411234 0.0560815 0.0716778 0.0780461 0.0881876 0.102657 0.166171 0.17554 0.176981 
0.0347335 0.0411234 0.0560815 0.0716778 0.0780461 0.0881876 0.102657 0.166171 0.17554 0.176981 
0.0347335 0.0411234 0.0560815 0.0716778 0.0780461 0.0881876 0.102657 0.166171 0.17554 0.176981 
0.0347335 0.0411234 0.0560815 0.0588652 0.0716778 0.0780461 0.0881876 0.102657 0.166171 0.17554 
0.0112153 0.0347335 0.0411234 0.0560815 0.0588652 0.0716778 0.0780461 0.0881876 0.102657 0.166171 
0.0112153 0.0347335 0.0411234 0.0560815 0.0588652 0.0716778 0.0780461 0.0881876 0.102657 0.166171 
0.0112153 0.0347335 0.0411234 0.0560815 0.0588652 0.0716778 0.0780461 0.0881876 0.102657 0.166171 
0.0112153 0.0347335 0.0411234 0.0560815 0.0588652 0.0716778 0.0780461 0.0881876 0.102657 0.166171 
0.0112153 0.0347335 0.0411234 0.0560815 0.0588652 0.0716778 0.0780461 0.0881876 0.102657 0.166171 
0.0112153 0.0347335 0.0411234 0.0560815 0.0588652 0.0716778 0.0780461 0.0881876 0.102657 0.166171 
0.0112153 0.0347335 0.0411234 0.0560815 0.0588652 0.0716778 0.0780461 0.0881876 0.102657 0.166171 
0.0112153 0.0347335 0.0411234 0.0560815 0.0588652 0.0716778 0.0780461 0.0881876 0.102657 0.166171 
0.0112153 0.0347335 0.0411234 0.0560815 0.0588652 0.0716778 0.0780461 0.0881876 0.102657 0.166171 
0.0112153 0.0347335 0.0411234 0.0560815 0.0588652 0.0716778 0.0780461 0.0881876 0.102657 0.166171 
0.0112153 0.0347335 0.0411234 0.0560815 0.0588652 0.0716778 0.0780461 0.0881876 0.102657 0.166171 
0.0112153 0.0347335 0.0411234 0.0560815 0.0588652 0.0716778 0.0780461 0.0881876 0.102657 0.166171 
0.0112153 0.0347335 0.0411234 0.0560815 0.0588652 0.0716778 0.0780461 0.0881876 0.102657 0.166171 
0.0112153 0.0347335 0.0411234 0.0560815 0.0588652 0.0716778 0.0780461 0.0881876 0.102657 0.166171 
0.0112153 0.0347335 0.0411234 0.0560815 0.0588652 0.0716778 0.0780461 0.0881876 0.102657 0.166171 
0.0112153 0.0347335 0.0411234 0.0560815 0.0588652 0.0716778 0.0780461 0.0881876 0.102657 0.166171 
0.0112153 0.0347335 0.0411234 0.0560815 0.0588652 0.0716778 0.0780461 0.0881876 0.102657 0.166171 
0.0112153 0.0347335 0.0411234 0.0560815 0.0588652 0.0716778 0.0780461 0.0881876 0.102657 0.166171 
0.0112153 0.0347335 0.0411234 0.0560815 0.0588652 0.0716778 0.0780461 0.0881876 0.102657 0.166171 
0.0112153 0.0347335 0.0411234 0.0560815 0.0588652 0.0716778 0.0780461 0.0881876 0.102657 0.166171 
0.0112153 0.0347335 0.0411234 0.0560815 0.0588652 0.0716778 0.0780461 0.0881876 0.102657 0.166171 
