3.76934 3.80872 4.14335 4.43567 4.56183 6.75891 6.76494 7.4746 8.05539 8.06563 
2.86181 3.74154 3.76934 3.80872 3.90638 4.14335 4.43567 4.56183 5.46098 6.75891 
2.38026 2.86181 2.86833 3.20926 3.39179 3.74154 3.76934 3.80872 3.90638 3.90944 
2.38026 2.86181 2.86833 3.20926 3.39179 3.56704 3.57443 3.74154 3.76934 3.80872 
2.38026 2.86181 2.86833 3.20926 3.27631 3.39179 3.56704 3.57443 3.74154 3.76934 
1.7308 2.38026 2.86181 2.86833 3.20926 3.27631 3.39179 3.56704 3.57443 3.74154 
1.7308 2.38026 2.86181 2.86833 2.89663 3.10605 3.19164 3.20926 3.27631 3.39179 
1.7308 2.38026 2.86181 2.86833 2.89663 3.04129 3.10605 3.19164 3.20926 3.27631 
1.7308 2.15201 2.38026 2.86181 2.86833 2.89663 3.00473 3.04129 3.10605 3.19164 
1.07924 1.7308 2.15201 2.38026 2.86181 2.86833 2.89663 3.00473 3.04129 3.10605 
1.07924 1.7308 1.86131 2.15201 2.38026 2.40786 2.86181 2.86833 2.89663 3.00473 
1.07924 1.7308 1.86131 2.15201 2.38026 2.40786 2.86181 2.86833 2.89663 3.00473 
1.07924 1.7308 1.86131 2.15201 2.38026 2.40786 2.86181 2.86833 2.89663 3.00473 
0.491807 1.07924 1.7308 1.86131 2.15201 2.38026 2.40786 2.86181 2.86833 2.89663 
0.491807 1.07924 1.7308 1.86131 2.15201 2.38026 2.40786 2.86181 2.86833 2.89663 
0.491807 0.509445 1.07924 1.7308 1.86131 2.15201 2.38026 2.40786 2.86181 2.86833 
0.491807 0.509445 1.07924 1.7308 1.86131 2.15201 2.38026 2.40786 2.86181 2.86833 
0.491807 0.509445 1.07924 1.7308 1.86131 2.15201 2.38026 2.40786 2.86181 2.86833 
0.491807 0.509445 1.07924 1.7308 1.86131 2.15201 2.38026 2.40786 2.86181 2.86833 
0.491807 0.509445 1.07924 1.30597 1.7308 1.86131 2.15201 2.38026 2.40786 2.86181 
0.491807 0.509445 0.936095 1.07924 1.30597 1.7308 1.86131 2.15201 2.38026 2.40786 
0.440161 0.491807 0.509445 0.936095 1.07924 1.30597 1.7308 1.86131 2.15201 2.38026 
0.440161 0.491807 0.509445 0.936095 1.07924 1.30597 1.7308 1.86131 2.15201 2.38026 
0.440161 0.491807 0.509445 0.936095 1.07924 1.30597 1.7308 1.86131 2.15201 2.38026 
0.440161 0.491807 0.509445 0.936095 1.07924 1.30597 1.7308 1.86131 2.15201 2.38026 
0.440161 0.491807 0.509445 0.936095 1.07924 1.30597 1.7308 1.86131 2.15201 2.38026 
0.440161 0.491807 0.509445 0.936095 0.946591 1.07924 1.30597 1.7308 1.86131 2.15201 
0.334683 0.440161 0.491807 0.509445 0.936095 0.946591 1.07924 1.30597 1.7308 1.86131 
0.334683 0.440161 0.491807 0.509445 0.936095 0.946591 1.07924 1.30597 1.7308 1.86131 
0.22652 0.334683 0.440161 0.491807 0.509445 0.936095 0.946591 1.07924 1.30597 1.7308 
0.22652 0.334683 0.440161 0.491807 0.509445 0.936095 0.946591 1.07924 1.30597 1.7308 
0.22652 0.334683 0.440161 0.491807 0.509445 0.936095 0.946591 1.07924 1.30597 1.7308 
0.22652 0.334683 0.440161 0.491807 0.509445 0.936095 0.946591 1.07924 1.30597 1.7308 
0.22652 0.334683 0.440161 0.491807 0.509445 0.936095 0.946591 1.07924 1.30597 1.7308 
0.190034 0.22652 0.334683 0.440161 0.491807 0.509445 0.936095 0.946591 1.07924 1.30597 
0.190034 0.22652 0.334683 0.440161 0.491807 0.509445 0.936095 0.946591 1.07924 1.30597 
0.190034 0.22652 0.334683 0.440161 0.491807 0.509445 0.936095 0.946591 1.07924 1.30597 
0.190034 0.22652 0.334683 0.440161 0.491807 0.509445 0.936095 0.946591 1.07924 1.30597 
0.190034 0.22652 0.334683 0.440161 0.491807 0.509445 0.936095 0.946591 1.07924 1.30597 
0.190034 0.22652 0.334683 0.440161 0.491807 0.509445 0.936095 0.946591 1.07924 1.30597 
0.190034 0.22652 0.334683 0.440161 0.491807 0.509445 0.936095 0.946591 1.07924 1.30597 
0.190034 0.22652 0.334683 0.440161 0.491807 0.509445 0.936095 0.946591 1.07924 1.30597 
0.190034 0.22652 0.334683 0.440161 0.491807 0.509445 0.936095 0.946591 1.07924 1.30597 
0.190034 0.22652 0.334683 0.440161 0.491807 0.509445 0.936095 0.946591 1.07924 1.30597 
0.190034 0.22652 0.334683 0.440161 0.491807 0.509445 0.936095 0.946591 1.07924 1.30597 
0.190034 0.22652 0.334683 0.440161 0.491807 0.509445 0.936095 0.946591 1.07924 1.30597 
0.190034 0.22652 0.334683 0.440161 0.491807 0.509445 0.936095 0.946591 1.07924 1.30597 
0.190034 0.22652 0.334683 0.440161 0.491807 0.509445 0.936095 0.946591 1.07924 1.30597 
0.190034 0.22652 0.334683 0.440161 0.491807 0.509445 0.936095 0.946591 1.07924 1.30597 
0.190034 0.22652 0.334683 0.440161 0.491807 0.509445 0.936095 0.946591 1.07924 1.30597 
0.190034 0.22652 0.334683 0.440161 0.491807 0.509445 0.936095 0.946591 1.07924 1.30597 
0.190034 0.22652 0.334683 0.440161 0.491807 0.509445 0.936095 0.946591 1.07924 1.20049 
0.190034 0.22652 0.334683 0.440161 0.491807 0.509445 0.936095 0.946591 1.07924 1.20049 
0.190034 0.22652 0.334683 0.440161 0.491807 0.509445 0.936095 0.946591 1.07924 1.12602 
0.190034 0.22652 0.334683 0.440161 0.491807 0.509445 0.936095 0.946591 1.07924 1.12602 
0.190034 0.22652 0.334683 0.440161 0.491807 0.509445 0.936095 0.946591 1.07924 1.12602 
0.190034 0.22652 0.334683 0.440161 0.491807 0.509445 0.936095 0.946591 1.07924 1.12602 
0.190034 0.22652 0.334683 0.440161 0.491807 0.509445 0.936095 0.946591 1.07924 1.12602 
0.190034 0.22652 0.334683 0.440161 0.491807 0.509445 0.936095 0.946591 1.07924 1.12602 
0.190034 0.22652 0.334683 0.440161 0.491807 0.509445 0.936095 0.946591 1.07924 1.12602 
0.190034 0.22652 0.334683 0.440161 0.491807 0.509445 0.936095 0.946591 1.03585 1.07924 
0.190034 0.22652 0.334683 0.440161 0.491807 0.509445 0.886693 0.936095 0.946591 1.03585 
0.190034 0.22652 0.334683 0.440161 0.491807 0.509445 0.886693 0.936095 0.946591 1.03585 
0.190034 0.22652 0.334683 0.440161 0.491807 0.509445 0.886693 0.936095 0.946591 1.01511 
0.190034 0.22652 0.334683 0.440161 0.491807 0.509445 0.729498 0.886693 0.936095 0.946591 
0.190034 0.22652 0.334683 0.440161 0.491807 0.509445 0.729498 0.886693 0.890168 0.936095 
0.190034 0.22652 0.334683 0.440161 0.491807 0.509445 0.729498 0.886693 0.890168 0.936095 
0.190034 0.22652 0.334683 0.440161 0.491807 0.509445 0.698417 0.729498 0.791172 0.876063 
0.190034 0.22652 0.334683 0.440161 0.491807 0.509445 0.698417 0.729498 0.791172 0.876063 
0.190034 0.22652 0.334683 0.440161 0.491807 0.509445 0.698417 0.729498 0.791172 0.876063 
0.190034 0.22652 0.334683 0.440161 0.491807 0.509445 0.698417 0.729498 0.791172 0.876063 
0.190034 0.22652 0.334683 0.440161 0.491807 0.509445 0.592179 0.698417 0.729498 0.791172 
0.190034 0.22652 0.334683 0.440161 0.491807 0.509445 0.592179 0.698417 0.729498 0.791172 
0.190034 0.22652 0.334683 0.440161 0.491807 0.509445 0.552846 0.592179 0.698417 0.729498 
0.190034 0.22652 0.334683 0.440161 0.491807 0.509445 0.522648 0.552846 0.592179 0.698417 
0.190034 0.22652 0.334683 0.440161 0.48646 0.491807 0.509445 0.522648 0.537593 0.552846 
0.190034 0.22652 0.334683 0.440161 0.48646 0.491807 0.509445 0.522648 0.537593 0.552846 
0.190034 0.22652 0.334683 0.440161 0.48646 0.491807 0.503984 0.509445 0.522648 0.537593 
0.190034 0.22652 0.334683 0.440161 0.48646 0.491807 0.503984 0.509445 0.522648 0.528478 
0.190034 0.22652 0.334683 0.440161 0.48646 0.491807 0.503984 0.509445 0.522648 0.528478 
0.190034 0.22652 0.334683 0.440161 0.48646 0.491807 0.503984 0.509445 0.522648 0.528478 
0.190034 0.22652 0.334683 0.440161 0.48646 0.491807 0.503984 0.509445 0.522648 0.528478 
0.190034 0.22652 0.334683 0.440161 0.48646 0.491807 0.503984 0.509445 0.522648 0.528478 
0.190034 0.22652 0.334683 0.379545 0.440161 0.48646 0.491807 0.503984 0.509445 0.522648 
0.190034 0.22652 0.334683 0.379545 0.440161 0.48646 0.491807 0.503984 0.509445 0.522648 
0.190034 0.22652 0.334683 0.379545 0.440161 0.48646 0.491807 0.503984 0.509445 0.522648 
0.190034 0.22652 0.334683 0.348415 0.379545 0.440161 0.48646 0.491807 0.503984 0.509445 
0.190034 0.22652 0.334683 0.348415 0.379545 0.440161 0.48646 0.491807 0.503984 0.509445 
0.190034 0.22652 0.334683 0.348415 0.379545 0.440161 0.48646 0.4878 0.491807 0.503984 
0.190034 0.22652 0.276634 0.320151 0.334683 0.348415 0.379545 0.440161 0.48646 0.4878 
0.190034 0.22652 0.276634 0.320151 0.334683 0.348415 0.379545 0.440161 0.48646 0.4878 
0.190034 0.22652 0.276634 0.307224 0.320151 0.334683 0.348415 0.379545 0.440161 0.48646 
0.190034 0.22652 0.276634 0.307224 0.320151 0.334683 0.348415 0.379545 0.440161 0.48646 
0.190034 0.22652 0.276634 0.307224 0.320151 0.334683 0.348415 0.379545 0.440161 0.48646 
0.190034 0.22652 0.271243 0.276634 0.307224 0.320151 0.334683 0.348415 0.379545 0.440161 
0.190034 0.22652 0.271243 0.276634 0.307224 0.320151 0.324289 0.334683 0.348415 0.379545 
0.190034 0.22652 0.271243 0.276634 0.307224 0.320151 0.324289 0.334683 0.348415 0.379545 
0.190034 0.22652 0.271243 0.276634 0.307224 0.320151 0.324289 0.334683 0.348415 0.379545 
0.190034 0.22652 0.271243 0.276634 0.307224 0.320151 0.324289 0.334683 0.348415 0.379545 
0.190034 0.202187 0.22652 0.271243 0.276634 0.307224 0.320151 0.324289 0.334683 0.348415 
