3.30367 3.75979 4.09268 4.12408 4.12434 4.13221 4.23699 4.47644 
1.64388 3.25742 3.30367 3.75979 3.80815 3.86375 4.09268 4.12408 
0.677233 1.64388 2.46925 2.82708 3.25742 3.30367 3.6234 3.63249 
0.677233 1.64388 2.34551 2.46925 2.70051 2.82708 2.91112 3.12034 
0.677233 1.64388 2.34551 2.46925 2.70051 2.82708 2.91112 2.98437 
0.677233 1.64388 2.34551 2.46925 2.70051 2.82708 2.91112 2.98437 
0.677233 1.64388 2.34551 2.46925 2.70051 2.82708 2.91112 2.98437 
0.677233 1.64388 2.34551 2.46925 2.70051 2.79197 2.82708 2.91112 
0.677233 1.64388 2.34551 2.41853 2.46925 2.66802 2.70051 2.79197 
0.677233 1.64388 2.34551 2.41853 2.46925 2.66802 2.70051 2.79197 
0.677233 1.64388 2.34551 2.41853 2.46925 2.66802 2.70051 2.79197 
0.677233 1.64388 2.34551 2.41853 2.46925 2.66802 2.70051 2.79197 
0.677233 1.64388 2.34551 2.41853 2.46925 2.66802 2.70051 2.79197 
0.677233 1.64388 2.34551 2.41853 2.46925 2.66802 2.70051 2.79197 
0.677233 1.64388 2.34551 2.41853 2.46925 2.66802 2.70051 2.79197 
0.677233 0.944341 1.64388 2.34551 2.41853 2.46925 2.66802 2.70051 
0.677233 0.944341 1.64388 2.34551 2.41853 2.46925 2.66802 2.70051 
0.677233 0.944341 1.64388 2.18615 2.34551 2.41853 2.46925 2.66802 
0.677233 0.944341 1.01578 1.34602 1.64388 1.97747 2.18615 2.34551 
0.677233 0.944341 1.01578 1.34602 1.64388 1.97747 2.18615 2.34551 
0.677233 0.944341 1.01578 1.34602 1.64388 1.97747 2.18615 2.34551 
0.677233 0.944341 1.01578 1.34602 1.64388 1.97747 2.18615 2.34551 
0.677233 0.944341 1.01578 1.1754 1.34602 1.64388 1.97747 1.99384 
0.677233 0.944341 1.01578 1.1754 1.34602 1.64388 1.97747 1.99384 
0.677233 0.944341 1.01578 1.1754 1.34602 1.64388 1.97747 1.99384 
0.677233 0.944341 1.01578 1.1754 1.34602 1.64388 1.97747 1.99384 
0.677233 0.944341 1.01578 1.1754 1.34602 1.64388 1.97747 1.99384 
0.677233 0.944341 1.01578 1.1754 1.34602 1.64388 1.97747 1.99384 
0.677233 0.944341 1.01578 1.1754 1.34602 1.64388 1.97747 1.99384 
0.677233 0.944341 1.01578 1.1754 1.34602 1.64388 1.97747 1.99384 
0.677233 0.944341 1.01578 1.1754 1.34602 1.64388 1.97747 1.99384 
0.677233 0.944341 1.01578 1.1754 1.34602 1.64388 1.97747 1.99384 
0.677233 0.944341 1.01578 1.1754 1.34602 1.64388 1.97747 1.99384 
0.677233 0.944341 1.01578 1.1754 1.34602 1.64388 1.97747 1.99384 
0.677233 0.944341 1.01578 1.1754 1.34602 1.64388 1.97747 1.99384 
0.677233 0.944341 1.01578 1.1754 1.34602 1.64388 1.97747 1.99384 
0.677233 0.944341 1.01578 1.1754 1.34602 1.64388 1.97747 1.99384 
0.677233 0.944341 1.01578 1.1754 1.34602 1.64388 1.97747 1.99384 
0.677233 0.944341 1.01578 1.1754 1.34602 1.64388 1.97747 1.99384 
0.677233 0.944341 1.01578 1.1754 1.34602 1.64388 1.97747 1.99384 
0.499603 0.677233 0.944341 1.01578 1.1754 1.34602 1.64388 1.97747 
0.499603 0.677233 0.944341 1.01578 1.12063 1.1754 1.34602 1.64388 
0.499603 0.677233 0.944341 1.01578 1.12063 1.1754 1.34602 1.64388 
0.499603 0.677233 0.944341 1.01578 1.12063 1.1754 1.34602 1.54736 
0.499603 0.677233 0.944341 1.01578 1.12063 1.1754 1.34602 1.54736 
0.499603 0.677233 0.944341 1.01578 1.12063 1.1754 1.34602 1.54736 
0.499603 0.677233 0.944341 1.01578 1.12063 1.13972 1.1754 1.34602 
0.499603 0.677233 0.944341 1.01578 1.12063 1.13972 1.1754 1.34602 
0.499603 0.677233 0.944341 1.01578 1.12063 1.13972 1.1754 1.34602 
0.499603 0.677233 0.944341 1.01578 1.12063 1.13972 1.1754 1.34602 
0.499603 0.677233 0.944341 1.01578 1.12063 1.13972 1.1754 1.34602 
0.499603 0.677233 0.944341 1.01578 1.12063 1.13972 1.1754 1.34602 
0.499603 0.677233 0.944341 1.01578 1.12063 1.13972 1.1754 1.34602 
0.499603 0.677233 0.944341 1.01578 1.12063 1.13972 1.1754 1.34602 
0.499603 0.677233 0.944341 1.01578 1.12063 1.13972 1.1754 1.34602 
0.499603 0.677233 0.944341 1.01578 1.12063 1.13972 1.1754 1.34602 
0.499603 0.677233 0.944341 1.01578 1.12063 1.13972 1.1754 1.34602 
0.499603 0.677233 0.944341 1.01578 1.12063 1.13972 1.1754 1.34602 
0.499603 0.677233 0.944341 1.01578 1.12063 1.13972 1.1754 1.34602 
0.499603 0.677233 0.944341 1.01578 1.12063 1.13972 1.1754 1.34602 
0.499603 0.677233 0.944341 1.01578 1.12063 1.13972 1.1754 1.34602 
0.499603 0.677233 0.944341 1.01578 1.12063 1.13972 1.1754 1.34602 
0.499603 0.677233 0.944341 1.01578 1.12063 1.13972 1.1754 1.34602 
0.499603 0.677233 0.944341 1.01578 1.12063 1.13972 1.1754 1.34602 
0.499603 0.677233 0.944341 1.01578 1.12063 1.13972 1.1754 1.34602 
0.499603 0.677233 0.944341 1.01578 1.12063 1.13972 1.1754 1.34602 
0.499603 0.677233 0.944341 1.01578 1.12063 1.13972 1.1754 1.34602 
0.499603 0.677233 0.944341 1.01578 1.12063 1.13972 1.1754 1.34602 
0.499603 0.677233 0.944341 1.01578 1.12063 1.13972 1.1754 1.34602 
0.499603 0.677233 0.944341 1.01578 1.12063 1.13972 1.1754 1.34602 
0.499603 0.677233 0.944341 1.01578 1.12063 1.13972 1.1754 1.34602 
0.499603 0.677233 0.944341 1.01578 1.12063 1.13972 1.1754 1.34602 
0.499603 0.677233 0.944341 1.01578 1.12063 1.13972 1.1754 1.34602 
0.499603 0.677233 0.944341 1.01578 1.12063 1.13972 1.1754 1.34602 
0.499603 0.677233 0.944341 1.01578 1.12063 1.13972 1.1754 1.34602 
0.499603 0.677233 0.944341 1.01578 1.12063 1.13972 1.1754 1.34602 
0.499603 0.677233 0.944341 1.01578 1.12063 1.13972 1.1754 1.34602 
0.499603 0.677233 0.944341 1.01578 1.12063 1.13972 1.1754 1.34602 
0.499603 0.677233 0.944341 1.01578 1.12063 1.13972 1.1754 1.34602 
0.499603 0.677233 0.944341 1.01578 1.12063 1.13972 1.1754 1.34602 
0.499603 0.677233 0.944341 1.01578 1.12063 1.13972 1.1754 1.34602 
0.499603 0.677233 0.944341 1.01578 1.12063 1.13972 1.1754 1.34602 
0.499603 0.677233 0.944341 1.01578 1.12063 1.13972 1.1754 1.34602 
0.499603 0.677233 0.944341 1.01578 1.12063 1.13972 1.1754 1.34602 
0.499603 0.677233 0.944341 1.01578 1.12063 1.13972 1.1754 1.34602 
0.499603 0.677233 0.944341 1.01578 1.12063 1.13972 1.1754 1.34602 
0.499603 0.677233 0.944341 1.01578 1.12063 1.13972 1.1754 1.34602 
0.499603 0.677233 0.944341 1.01578 1.12063 1.13972 1.1754 1.34602 
0.499603 0.677233 0.944341 1.01578 1.12063 1.13972 1.1754 1.34602 
0.499603 0.677233 0.944341 1.01578 1.12063 1.13972 1.1754 1.34602 
0.499603 0.677233 0.944341 1.01578 1.12063 1.13972 1.1754 1.34602 
0.499603 0.677233 0.944341 1.01578 1.12063 1.13972 1.1754 1.34602 
0.499603 0.677233 0.944341 1.01578 1.12063 1.13972 1.1754 1.34602 
0.499603 0.677233 0.944341 1.01578 1.12063 1.13972 1.1754 1.34602 
0.499603 0.677233 0.944341 1.01578 1.12063 1.13972 1.1754 1.34602 
0.499603 0.677233 0.944341 1.01578 1.12063 1.13972 1.1754 1.34602 
0.499603 0.677233 0.944341 1.01578 1.12063 1.13972 1.1754 1.34602 
0.499603 0.677233 0.944341 1.01578 1.12063 1.13972 1.1754 1.34602 
0.499603 0.677233 0.944341 1.01578 1.12063 1.13972 1.1754 1.34602 
0.499603 0.677233 0.944341 1.01578 1.12063 1.13972 1.1754 1.34602 
