2.73747 3.03706 3.61124 4.12549 4.24441 4.38726 4.47212 4.55063 
2.73747 3.03706 3.61124 4.12549 4.24441 4.36988 4.38726 4.44376 
1.72925 2.28669 2.73747 2.99996 3.03706 3.2652 3.58897 3.61124 
1.72925 2.25797 2.28669 2.73747 2.90193 2.99996 3.03706 3.12913 
1.66119 1.72925 2.25797 2.28669 2.73747 2.90193 2.99996 3.03706 
1.66119 1.72925 2.21526 2.25797 2.28669 2.73747 2.83837 2.90193 
1.66119 1.72925 2.21526 2.25797 2.28669 2.60373 2.73747 2.83837 
1.66119 1.72925 2.21526 2.25797 2.28669 2.60373 2.73747 2.83837 
1.66119 1.72925 2.21526 2.25797 2.28669 2.60373 2.73747 2.83837 
1.66119 1.72925 2.21526 2.25797 2.28669 2.60373 2.73747 2.83837 
1.66119 1.72925 2.21526 2.25797 2.28669 2.60373 2.69676 2.73747 
1.66119 1.72925 2.21526 2.25797 2.28669 2.60373 2.69676 2.73747 
1.12769 1.66119 1.72925 2.21526 2.25797 2.28669 2.60373 2.69676 
1.12769 1.66119 1.72925 2.21526 2.25797 2.28669 2.60373 2.69676 
1.12769 1.66119 1.72925 2.21526 2.25797 2.28669 2.60373 2.69676 
1.12769 1.66119 1.72925 2.11779 2.21526 2.25797 2.28669 2.50744 
1.00566 1.12769 1.66119 1.72925 2.11779 2.21526 2.25797 2.28669 
1.00566 1.12769 1.66119 1.72925 2.11779 2.21526 2.25797 2.28669 
1.00566 1.12769 1.66119 1.72925 2.11779 2.21526 2.25797 2.28669 
1.00566 1.12769 1.66119 1.72925 2.11779 2.21526 2.25797 2.28669 
1.00566 1.12769 1.66119 1.72925 2.11779 2.21526 2.25797 2.28669 
1.00566 1.12769 1.66119 1.72925 1.82962 2.11779 2.21526 2.25797 
0.192591 1.00566 1.12769 1.66119 1.72925 1.82962 2.11779 2.21526 
0.192591 1.00566 1.12769 1.66119 1.72925 1.82962 2.11779 2.21526 
0.192591 1.00566 1.12769 1.62661 1.66119 1.72925 1.82962 2.11779 
0.0336809 0.0913784 0.192591 1.00566 1.12769 1.62661 1.66119 1.72925 
0.0336809 0.0913784 0.192591 1.00566 1.12769 1.62661 1.66119 1.72925 
0.0336809 0.0913784 0.192591 1.00566 1.12769 1.62661 1.66119 1.72925 
0.0336809 0.0913784 0.192591 1.00566 1.12769 1.62661 1.66119 1.72925 
0.0336809 0.0913784 0.0929546 0.192591 1.00566 1.12769 1.62661 1.66119 
0.0336809 0.0913784 0.0929546 0.192591 1.00566 1.12769 1.62661 1.66119 
0.0336809 0.0913784 0.0929546 0.192591 1.00566 1.12769 1.62661 1.66119 
0.0336809 0.0913784 0.0929546 0.192591 1.00566 1.12769 1.62661 1.66119 
0.0336809 0.0913784 0.0929546 0.192591 1.00566 1.12769 1.62661 1.66119 
0.0336809 0.0913784 0.0929546 0.192591 1.00566 1.12769 1.62661 1.66119 
0.0336809 0.0913784 0.0929546 0.192591 1.00566 1.12769 1.62661 1.66119 
0.0336809 0.0913784 0.0929546 0.192591 1.00566 1.12769 1.62661 1.66119 
0.0336809 0.0913784 0.0929546 0.192591 1.00566 1.12769 1.62661 1.66119 
0.0336809 0.0913784 0.0929546 0.192591 1.00566 1.12769 1.62661 1.66119 
0.0336809 0.0913784 0.0929546 0.192591 1.00566 1.12769 1.62661 1.66119 
0.0336809 0.0913784 0.0929546 0.192591 1.00566 1.12769 1.62661 1.66119 
0.0336809 0.0913784 0.0929546 0.192591 1.00566 1.12769 1.62661 1.66119 
0.0336809 0.0913784 0.0929546 0.192591 1.00566 1.12769 1.62661 1.66119 
0.0336809 0.0913784 0.0929546 0.192591 1.00566 1.12769 1.62661 1.66119 
0.0336809 0.0913784 0.0929546 0.192591 0.561423 1.00566 1.12769 1.62661 
0.0336809 0.0913784 0.0929546 0.192591 0.561423 1.00566 1.12769 1.62661 
0.0336809 0.0913784 0.0929546 0.192591 0.561423 1.00566 1.12769 1.62661 
0.0336809 0.0913784 0.0929546 0.192591 0.561423 1.00566 1.12769 1.62661 
0.0336809 0.0913784 0.0929546 0.192591 0.561423 0.662744 1.00566 1.12769 
0.0336809 0.0913784 0.0929546 0.192591 0.561423 0.662744 1.00566 1.12769 
0.0336809 0.0913784 0.0929546 0.192591 0.561423 0.662744 1.00566 1.12769 
0.0336809 0.0913784 0.0929546 0.192591 0.561423 0.662744 1.00566 1.12769 
0.0336809 0.0913784 0.0929546 0.192591 0.561423 0.662744 1.00566 1.12769 
0.0336809 0.0913784 0.0929546 0.192591 0.561423 0.662744 1.00566 1.12769 
0.0336809 0.0913784 0.0929546 0.192591 0.561423 0.662744 1.00566 1.12769 
0.0336809 0.0913784 0.0929546 0.192591 0.561423 0.662744 1.00566 1.12769 
0.0336809 0.0913784 0.0929546 0.192591 0.561423 0.662744 1.00566 1.12769 
0.0336809 0.0913784 0.0929546 0.192591 0.561423 0.662744 1.00566 1.12769 
0.0336809 0.0913784 0.0929546 0.192591 0.561423 0.662744 1.00566 1.12769 
0.0336809 0.0913784 0.0929546 0.192591 0.561423 0.662744 1.00566 1.12769 
0.0336809 0.0913784 0.0929546 0.192591 0.561423 0.662744 1.00566 1.12769 
0.0336809 0.0913784 0.0929546 0.192591 0.561423 0.662744 1.00566 1.12769 
0.0336809 0.0913784 0.0929546 0.192591 0.561423 0.662744 1.00566 1.12769 
0.0336809 0.0913784 0.0929546 0.192591 0.561423 0.662744 1.00566 1.12769 
0.0336809 0.0913784 0.0929546 0.192591 0.561423 0.662744 1.00566 1.12769 
0.0336809 0.0913784 0.0929546 0.192591 0.561423 0.662744 1.00566 1.12769 
0.0336809 0.0913784 0.0929546 0.192591 0.561423 0.662744 1.00566 1.12769 
0.0336809 0.0913784 0.0929546 0.192591 0.561423 0.662744 1.00566 1.12769 
0.0336809 0.0913784 0.0929546 0.192591 0.561423 0.662744 1.00566 1.12769 
0.0336809 0.0913784 0.0929546 0.192591 0.561423 0.662744 1.00566 1.12769 
0.0336809 0.0913784 0.0929546 0.192591 0.561423 0.662744 1.00566 1.12769 
0.0336809 0.0913784 0.0929546 0.192591 0.561423 0.662744 1.00566 1.12769 
0.0336809 0.0913784 0.0929546 0.192591 0.561423 0.662744 1.00566 1.12769 
0.0336809 0.0913784 0.0929546 0.192591 0.561423 0.662744 1.00566 1.12769 
0.0336809 0.0913784 0.0929546 0.192591 0.561423 0.662744 1.00566 1.12769 
0.0336809 0.0913784 0.0929546 0.192591 0.561423 0.662744 1.00566 1.12769 
0.0336809 0.0913784 0.0929546 0.192591 0.561423 0.662744 1.00566 1.12769 
0.0336809 0.0913784 0.0929546 0.192591 0.561423 0.662744 1.00566 1.12769 
0.0336809 0.0913784 0.0929546 0.192591 0.561423 0.662744 1.00566 1.12769 
0.0336809 0.0913784 0.0929546 0.192591 0.561423 0.662744 1.00566 1.12769 
0.0336809 0.0913784 0.0929546 0.192591 0.561423 0.662744 1.00566 1.12769 
0.0336809 0.0913784 0.0929546 0.192591 0.561423 0.662744 1.00566 1.12769 
0.0336809 0.0913784 0.0929546 0.192591 0.561423 0.662744 1.00566 1.12769 
0.0336809 0.0913784 0.0929546 0.192591 0.561423 0.662744 1.00566 1.12769 
0.0336809 0.0913784 0.0929546 0.192591 0.561423 0.662744 1.00566 1.12769 
0.0336809 0.0913784 0.0929546 0.192591 0.561423 0.662744 1.00566 1.12769 
0.0336809 0.0913784 0.0929546 0.192591 0.561423 0.662744 1.00566 1.12769 
0.0336809 0.0913784 0.0929546 0.192591 0.561423 0.662744 1.00566 1.12769 
0.0336809 0.0913784 0.0929546 0.192591 0.561423 0.662744 1.00566 1.12769 
0.0336809 0.0913784 0.0929546 0.192591 0.561423 0.662744 1.00566 1.12769 
0.0336809 0.0913784 0.0929546 0.192591 0.561423 0.662744 1.00566 1.12769 
0.0336809 0.0913784 0.0929546 0.192591 0.561423 0.662744 1.00566 1.12769 
0.0336809 0.0913784 0.0929546 0.192591 0.561423 0.662744 1.00566 1.12769 
0.0336809 0.0913784 0.0929546 0.192591 0.561423 0.662744 1.00566 1.12769 
0.0336809 0.0913784 0.0929546 0.192591 0.561423 0.662744 1.00566 1.12769 
0.0336809 0.0913784 0.0929546 0.192591 0.561423 0.662744 1.00566 1.12769 
0.0336809 0.0913784 0.0929546 0.192591 0.561423 0.662744 1.00566 1.12769 
0.0336809 0.0913784 0.0929546 0.192591 0.561423 0.662744 1.00566 1.12769 
0.0336809 0.0913784 0.0929546 0.192591 0.561423 0.662744 1.00566 1.12769 
0.0336809 0.0913784 0.0929546 0.192591 0.561423 0.662744 1.00566 1.12769 
