2.75614 2.86503 3.51741 3.72219 4.05001 4.1723 4.528 4.59385 
2.75614 2.86503 2.95803 3.51741 3.66963 3.72219 4.05001 4.1723 
2.75614 2.86503 2.95803 3.51741 3.66963 3.72219 4.05001 4.1723 
2.75614 2.86503 2.95803 3.51741 3.66963 3.72219 4.05001 4.1723 
2.75614 2.86503 2.95803 3.51741 3.66963 3.72219 4.05001 4.1723 
2.75614 2.86503 2.95803 3.51741 3.66963 3.72219 3.9497 4.05001 
2.75614 2.86503 2.95803 3.51741 3.66963 3.72219 3.9497 4.05001 
2.75614 2.86503 2.95803 3.51741 3.66963 3.72219 3.72689 3.9497 
2.75614 2.86503 2.95803 3.51741 3.63464 3.66963 3.72219 3.72689 
2.75614 2.86503 2.95803 3.51741 3.63464 3.66963 3.72219 3.72689 
2.75614 2.86503 2.95803 3.51741 3.63464 3.66963 3.72219 3.72689 
2.75614 2.86503 2.95803 3.51741 3.63464 3.66963 3.72219 3.72689 
2.75614 2.86503 2.95803 3.51741 3.63464 3.66963 3.72219 3.72689 
2.75614 2.86503 2.95803 3.51741 3.63464 3.66963 3.72219 3.72689 
2.75614 2.86503 2.95803 3.51741 3.63464 3.66963 3.72219 3.72689 
2.75614 2.86503 2.95803 3.51741 3.63464 3.66963 3.72219 3.72689 
2.75614 2.86503 2.95803 3.51741 3.63464 3.66963 3.72219 3.72689 
2.75614 2.86503 2.95803 3.51741 3.63464 3.66963 3.72219 3.72689 
2.75614 2.86503 2.95803 3.51741 3.63464 3.66963 3.72219 3.72689 
2.75614 2.86503 2.95803 3.51741 3.63464 3.66963 3.72219 3.72689 
2.75614 2.86503 2.95803 3.51741 3.63464 3.66963 3.72219 3.72689 
2.75614 2.86503 2.95803 3.51741 3.63464 3.66963 3.72219 3.72689 
2.75614 2.86503 2.95803 3.51741 3.63464 3.66963 3.72219 3.72689 
2.75614 2.86503 2.95803 3.51741 3.63464 3.66963 3.72219 3.72689 
2.75614 2.86503 2.95803 3.51741 3.63464 3.66963 3.72219 3.72689 
2.75614 2.86503 2.95803 3.51741 3.63464 3.66963 3.72219 3.72689 
2.75614 2.86503 2.95803 3.51741 3.63464 3.66963 3.72219 3.72689 
2.75614 2.86503 2.95803 3.51741 3.63464 3.66963 3.72219 3.72689 
2.75614 2.86503 2.95803 3.51741 3.63464 3.66963 3.72219 3.72689 
2.75614 2.86503 2.95803 3.51741 3.63464 3.66963 3.72219 3.72689 
2.75614 2.86503 2.95803 3.51741 3.63464 3.66963 3.72219 3.72689 
2.75614 2.86503 2.95803 3.51741 3.63464 3.66963 3.72219 3.72689 
2.75614 2.86503 2.95803 3.51741 3.63464 3.66963 3.72219 3.72689 
2.75614 2.86503 2.95803 3.51741 3.63464 3.66963 3.72219 3.72689 
2.75614 2.86503 2.95803 3.51741 3.63464 3.66963 3.72219 3.72689 
2.75614 2.86503 2.95803 3.51741 3.63464 3.66963 3.72219 3.72689 
2.75614 2.86503 2.95803 3.51741 3.63464 3.66963 3.72219 3.72689 
2.75614 2.86503 2.95803 3.51741 3.63464 3.66963 3.72219 3.72689 
2.75614 2.86503 2.95803 3.51741 3.63464 3.66963 3.72219 3.72689 
2.75614 2.86503 2.95803 3.51741 3.63464 3.66963 3.72219 3.72689 
2.75614 2.86503 2.95803 3.51741 3.63464 3.66963 3.72219 3.72689 
2.75614 2.86503 2.95803 3.51741 3.63464 3.66963 3.72219 3.72689 
2.75614 2.86503 2.95803 3.51741 3.63464 3.66963 3.72219 3.72689 
2.75614 2.86503 2.95803 3.51741 3.63464 3.66963 3.72219 3.72689 
2.75614 2.86503 2.95803 3.51741 3.63464 3.66963 3.72219 3.72689 
2.75614 2.86503 2.95803 3.51741 3.63464 3.66963 3.72219 3.72689 
2.75614 2.86503 2.95803 3.51741 3.63464 3.66963 3.72219 3.72689 
2.75614 2.86503 2.95803 3.51741 3.63464 3.66963 3.72219 3.72689 
2.75614 2.86503 2.95803 3.51741 3.63464 3.66963 3.72219 3.72689 
2.75614 2.86503 2.95803 3.51741 3.63464 3.66963 3.72219 3.72689 
2.75614 2.86503 2.95803 3.51741 3.63464 3.66963 3.72219 3.72689 
2.75614 2.86503 2.95803 3.51741 3.63464 3.66963 3.72219 3.72689 
2.75614 2.86503 2.95803 3.51741 3.63464 3.66963 3.72219 3.72689 
2.75614 2.86503 2.95803 3.51741 3.63464 3.66963 3.72219 3.72689 
2.75614 2.86503 2.95803 3.51741 3.63464 3.66963 3.72219 3.72689 
2.75614 2.86503 2.95803 3.51741 3.63464 3.66963 3.72219 3.72689 
2.75614 2.86503 2.95803 3.51741 3.63464 3.66963 3.72219 3.72689 
2.75614 2.86503 2.95803 3.51741 3.63464 3.66963 3.72219 3.72689 
2.75614 2.86503 2.95803 3.51741 3.63464 3.66963 3.72219 3.72689 
2.75614 2.86503 2.95803 3.51741 3.63464 3.66963 3.72219 3.72689 
2.75614 2.86503 2.95803 3.51741 3.63464 3.66963 3.72219 3.72689 
2.75614 2.86503 2.95803 3.51741 3.63464 3.66963 3.72219 3.72689 
2.75614 2.86503 2.95803 3.51741 3.63464 3.66963 3.72219 3.72689 
2.75614 2.86503 2.95803 3.51741 3.63464 3.66963 3.72219 3.72689 
2.75614 2.86503 2.95803 3.51741 3.63464 3.66963 3.72219 3.72689 
2.75614 2.86503 2.95803 3.51741 3.63464 3.66963 3.72219 3.72689 
2.75614 2.86503 2.95803 3.51741 3.63464 3.66963 3.72219 3.72689 
2.75614 2.86503 2.95803 3.51741 3.63464 3.66963 3.72219 3.72689 
2.75614 2.86503 2.95803 3.51741 3.63464 3.66963 3.72219 3.72689 
2.75614 2.86503 2.95803 3.51741 3.63464 3.66963 3.72219 3.72689 
2.75614 2.86503 2.95803 3.51741 3.63464 3.66963 3.72219 3.72689 
2.75614 2.86503 2.95803 3.51741 3.63464 3.66963 3.72219 3.72689 
2.75614 2.86503 2.95803 3.51741 3.63464 3.66963 3.72219 3.72689 
2.75614 2.86503 2.95803 3.51741 3.63464 3.66963 3.72219 3.72689 
2.75614 2.86503 2.95803 3.51741 3.63464 3.66963 3.72219 3.72689 
2.75614 2.86503 2.95803 3.51741 3.63464 3.66963 3.72219 3.72689 
2.75614 2.86503 2.95803 3.51741 3.63464 3.66963 3.72219 3.72689 
2.75614 2.86503 2.95803 3.51741 3.63464 3.66963 3.72219 3.72689 
2.75614 2.86503 2.95803 3.51741 3.63464 3.66963 3.72219 3.72689 
2.75614 2.86503 2.95803 3.51741 3.63464 3.66963 3.72219 3.72689 
2.75614 2.86503 2.95803 3.51741 3.63464 3.66963 3.72219 3.72689 
2.75614 2.86503 2.95803 3.51741 3.63464 3.66963 3.72219 3.72689 
2.75614 2.86503 2.95803 3.51741 3.63464 3.66963 3.72219 3.72689 
2.75614 2.86503 2.95803 3.51741 3.63464 3.66963 3.72219 3.72689 
2.75614 2.86503 2.95803 3.51741 3.63464 3.66963 3.72219 3.72689 
2.75614 2.86503 2.95803 3.51741 3.63464 3.66963 3.72219 3.72689 
2.75614 2.86503 2.95803 3.51741 3.63464 3.66963 3.72219 3.72689 
2.75614 2.86503 2.95803 3.51741 3.63464 3.66963 3.72219 3.72689 
2.75614 2.86503 2.95803 3.51741 3.63464 3.66963 3.72219 3.72689 
2.75614 2.86503 2.95803 3.51741 3.63464 3.66963 3.72219 3.72689 
2.75614 2.86503 2.95803 3.51741 3.63464 3.66963 3.72219 3.72689 
2.75614 2.86503 2.95803 3.51741 3.63464 3.66963 3.72219 3.72689 
2.75614 2.86503 2.95803 3.51741 3.63464 3.66963 3.72219 3.72689 
2.75614 2.86503 2.95803 3.51741 3.63464 3.66963 3.72219 3.72689 
2.75614 2.86503 2.95803 3.51741 3.63464 3.66963 3.72219 3.72689 
2.75614 2.86503 2.95803 3.51741 3.63464 3.66963 3.72219 3.72689 
2.75614 2.86503 2.95803 3.51741 3.63464 3.66963 3.72219 3.72689 
2.75614 2.86503 2.95803 3.51741 3.63464 3.66963 3.72219 3.72689 
2.75614 2.86503 2.95803 3.51741 3.63464 3.66963 3.72219 3.72689 
2.75614 2.86503 2.95803 3.51741 3.63464 3.66963 3.72219 3.72689 
