0.138211 2.99437 3.27175 3.86684 3.98361 4.08345 4.46579 4.52774 
0.138211 2.99437 3.27175 3.86684 3.98361 4.08345 4.36935 4.46579 
0.138211 2.99437 3.27175 3.81677 3.86684 3.98361 4.08345 4.36935 
0.138211 2.99437 3.27175 3.81677 3.86684 3.98361 4.08345 4.36935 
0.138211 2.99437 3.27175 3.81677 3.86684 3.98361 4.08345 4.36935 
0.138211 2.99437 3.27175 3.81677 3.86684 3.98361 4.08345 4.32192 
0.138211 2.99437 3.27175 3.70597 3.81677 3.86684 3.98361 4.08345 
0.138211 2.99437 3.27175 3.70597 3.81677 3.86684 3.98361 4.08345 
0.138211 2.99437 3.27175 3.70597 3.81677 3.86684 3.98361 4.08345 
0.138211 2.99437 3.27175 3.70597 3.81677 3.86684 3.98361 4.08345 
0.138211 2.99437 3.27175 3.70597 3.81677 3.86684 3.98361 4.08345 
0.138211 2.99437 3.27175 3.70597 3.81677 3.86684 3.98361 4.08345 
0.138211 2.99437 3.27175 3.70597 3.81677 3.86684 3.98361 4.08345 
0.138211 2.99437 3.27175 3.70597 3.81677 3.86684 3.98361 4.08345 
0.138211 2.99437 3.27175 3.70597 3.81677 3.86684 3.98361 4.08345 
0.138211 2.99437 3.27175 3.70597 3.81677 3.86684 3.98361 4.08345 
0.138211 2.99437 3.27175 3.70597 3.81677 3.86684 3.98361 4.08345 
0.138211 2.99437 3.27175 3.70597 3.81677 3.86684 3.98361 4.08345 
0.138211 2.99437 3.27175 3.70597 3.81677 3.86684 3.98361 4.08345 
0.138211 2.99437 3.27175 3.70597 3.81677 3.86684 3.98361 4.08345 
0.138211 2.99437 3.27175 3.70597 3.81677 3.86684 3.98361 4.08345 
0.138211 2.99437 3.27175 3.70597 3.81677 3.86684 3.98361 4.08345 
0.138211 2.99437 3.27175 3.70597 3.81677 3.86684 3.98361 4.08345 
0.138211 2.99437 3.27175 3.70597 3.81677 3.86684 3.98361 4.08345 
0.138211 2.99437 3.27175 3.70597 3.81677 3.86684 3.98361 4.08345 
0.138211 2.99437 3.27175 3.70597 3.81677 3.86684 3.98361 4.08345 
0.138211 2.99437 3.27175 3.70597 3.81677 3.86684 3.98361 4.08345 
0.138211 2.99437 3.27175 3.70597 3.81677 3.86684 3.98361 4.08345 
0.138211 2.99437 3.27175 3.70597 3.81677 3.86684 3.98361 4.08345 
0.138211 2.99437 3.27175 3.70597 3.81677 3.86684 3.98361 4.08345 
0.138211 2.99437 3.27175 3.70597 3.81677 3.86684 3.98361 4.08345 
0.138211 2.99437 3.27175 3.70597 3.81677 3.86684 3.98361 4.08345 
0.138211 2.99437 3.27175 3.70597 3.81677 3.86684 3.98361 4.08345 
0.138211 2.99437 3.27175 3.70597 3.81677 3.86684 3.98361 4.08345 
0.138211 2.99437 3.27175 3.70597 3.81677 3.86684 3.98361 4.08345 
0.138211 2.99437 3.27175 3.70597 3.81677 3.86684 3.98361 4.08345 
0.138211 2.99437 3.27175 3.70597 3.81677 3.86684 3.88478 3.98361 
0.138211 2.99437 3.27175 3.70597 3.81677 3.86684 3.88478 3.98361 
0.138211 2.99437 3.27175 3.70597 3.81677 3.86684 3.88478 3.98361 
0.138211 2.99437 3.27175 3.70597 3.81677 3.86684 3.88478 3.98361 
0.138211 2.99437 3.27175 3.70597 3.81677 3.86684 3.88478 3.98361 
0.138211 2.99437 3.27175 3.70597 3.81677 3.86684 3.88478 3.98361 
0.138211 2.99437 3.27175 3.70597 3.81677 3.86684 3.88478 3.98361 
0.138211 2.99437 3.27175 3.70597 3.81677 3.86684 3.88478 3.98361 
0.138211 2.99437 3.27175 3.70597 3.81677 3.86684 3.88478 3.98361 
0.138211 2.99437 3.27175 3.70597 3.81677 3.86684 3.88478 3.98361 
0.138211 2.99437 3.27175 3.70597 3.81677 3.86684 3.88478 3.98361 
0.138211 2.99437 3.27175 3.70597 3.81677 3.86684 3.88478 3.98361 
0.138211 2.99437 3.27175 3.70597 3.81677 3.86684 3.88478 3.98361 
0.138211 2.99437 3.27175 3.70597 3.81677 3.86684 3.88478 3.98361 
0.138211 2.99437 3.27175 3.70597 3.81677 3.86684 3.88478 3.98361 
0.138211 2.99437 3.27175 3.70597 3.81677 3.86684 3.88478 3.98361 
0.138211 2.99437 3.27175 3.70597 3.81677 3.86684 3.88478 3.98361 
0.138211 2.99437 3.27175 3.70597 3.81677 3.86684 3.88478 3.98361 
0.138211 2.99437 3.27175 3.70597 3.81677 3.86684 3.88478 3.98361 
0.138211 2.99437 3.27175 3.70597 3.81677 3.86684 3.88478 3.98361 
0.138211 2.99437 3.27175 3.70597 3.81677 3.86684 3.88478 3.98361 
0.138211 2.99437 3.27175 3.70597 3.81677 3.86684 3.88478 3.98361 
0.138211 2.99437 3.27175 3.70597 3.81677 3.86684 3.88478 3.98361 
0.138211 2.99437 3.27175 3.70597 3.81677 3.86684 3.88478 3.98361 
0.138211 2.99437 3.27175 3.70597 3.81677 3.86684 3.88478 3.98361 
0.138211 2.99437 3.27175 3.70597 3.81677 3.86684 3.88478 3.98361 
0.138211 2.99437 3.27175 3.70597 3.81677 3.86684 3.88478 3.98361 
0.138211 2.99437 3.27175 3.70597 3.81677 3.86684 3.88478 3.98361 
0.138211 2.99437 3.27175 3.70597 3.81677 3.86684 3.88478 3.98361 
0.138211 2.99437 3.27175 3.70597 3.81677 3.86684 3.88478 3.98361 
0.138211 2.99437 3.27175 3.70597 3.81677 3.86684 3.88478 3.98361 
0.138211 2.99437 3.27175 3.70597 3.81677 3.86684 3.88478 3.98361 
0.138211 2.99437 3.27175 3.70597 3.81677 3.86684 3.88478 3.98361 
0.138211 2.99437 3.27175 3.70597 3.81677 3.86684 3.88478 3.98361 
0.138211 2.99437 3.27175 3.70597 3.81677 3.86684 3.88478 3.98361 
0.138211 2.99437 3.27175 3.70597 3.81677 3.86684 3.88478 3.98361 
0.138211 2.99437 3.27175 3.70597 3.81677 3.86684 3.88478 3.98361 
0.138211 2.99437 3.27175 3.70597 3.81677 3.86684 3.88478 3.98361 
0.138211 2.99437 3.27175 3.70597 3.81677 3.86684 3.88478 3.98361 
0.138211 2.99437 3.27175 3.70597 3.81677 3.86684 3.88478 3.98361 
0.138211 2.99437 3.27175 3.70597 3.81677 3.86684 3.88478 3.98361 
0.138211 2.99437 3.27175 3.70597 3.81677 3.86684 3.88478 3.98361 
0.138211 2.99437 3.27175 3.70597 3.81677 3.86684 3.88478 3.98361 
0.138211 2.99437 3.27175 3.70597 3.81677 3.86684 3.88478 3.98361 
0.138211 2.99437 3.27175 3.70597 3.81677 3.86684 3.88478 3.98361 
0.138211 2.99437 3.27175 3.70597 3.81677 3.86684 3.88478 3.98361 
0.138211 2.99437 3.27175 3.70597 3.81677 3.86684 3.88478 3.98361 
0.138211 2.99437 3.27175 3.70597 3.81677 3.86684 3.88478 3.98361 
0.138211 2.99437 3.27175 3.70597 3.81677 3.86684 3.88478 3.98361 
0.138211 2.99437 3.27175 3.70597 3.81677 3.86684 3.88478 3.98361 
0.138211 2.99437 3.27175 3.70597 3.81677 3.86684 3.88478 3.98361 
0.138211 2.99437 3.27175 3.70597 3.81677 3.86684 3.88478 3.98361 
0.138211 2.99437 3.27175 3.70597 3.81677 3.86684 3.88478 3.98361 
0.138211 2.99437 3.27175 3.70597 3.81677 3.86684 3.88478 3.98361 
0.138211 2.99437 3.27175 3.70597 3.81677 3.86684 3.88478 3.98361 
0.138211 2.99437 3.27175 3.70597 3.81677 3.86684 3.88478 3.98361 
0.138211 2.99437 3.27175 3.70597 3.81677 3.86684 3.88478 3.98361 
0.138211 2.99437 3.27175 3.70597 3.81677 3.86684 3.88478 3.98361 
0.138211 2.99437 3.27175 3.70597 3.81677 3.86684 3.88478 3.98361 
0.138211 2.99437 3.27175 3.70597 3.81677 3.86684 3.88478 3.98361 
0.138211 2.99437 3.27175 3.70597 3.81677 3.86684 3.88478 3.98361 
0.138211 2.99437 3.27175 3.70597 3.81677 3.86684 3.88478 3.98361 
0.138211 2.99437 3.27175 3.70597 3.81677 3.86684 3.88478 3.98361 
0.138211 2.99437 3.27175 3.70597 3.81677 3.86684 3.88478 3.98361 
