2.92181 3.04573 3.18787 3.64448 3.82257 3.91854 4.05482 4.17176 
2.16149 2.92181 3.04573 3.18787 3.64448 3.82257 3.91854 4.05482 
2.16149 2.92181 3.04573 3.18787 3.29586 3.64448 3.67023 3.76858 
2.16149 2.92181 3.04573 3.18787 3.29586 3.64448 3.67023 3.76858 
2.16149 2.92181 3.04573 3.18787 3.29586 3.64448 3.67023 3.73545 
2.16149 2.92181 3.04573 3.18787 3.29586 3.64448 3.67023 3.73545 
2.16149 2.92181 3.04573 3.18787 3.29586 3.64448 3.67023 3.73545 
2.16149 2.92181 3.04573 3.18787 3.29586 3.61985 3.64448 3.67023 
2.16149 2.92181 3.04573 3.18787 3.29586 3.61985 3.64448 3.67023 
2.16149 2.92181 3.04573 3.18787 3.29586 3.61985 3.64448 3.67023 
2.16149 2.92181 3.04573 3.18787 3.29586 3.61985 3.64448 3.67023 
2.16149 2.92181 3.04573 3.18787 3.29586 3.61985 3.64448 3.67023 
2.16149 2.92181 3.04573 3.18787 3.29586 3.61985 3.64448 3.67023 
2.16149 2.92181 3.04573 3.18787 3.29586 3.61985 3.64448 3.67023 
2.16149 2.92181 3.04573 3.18787 3.29586 3.61985 3.64448 3.67023 
2.16149 2.92181 3.04573 3.18787 3.29586 3.61985 3.64448 3.67023 
2.16149 2.92181 3.04573 3.18787 3.29586 3.61985 3.64448 3.67023 
2.16149 2.92181 3.04573 3.18787 3.29586 3.61985 3.64448 3.67023 
2.16149 2.92181 3.04573 3.18787 3.29586 3.61985 3.64448 3.67023 
2.16149 2.92181 3.04573 3.18787 3.29586 3.61985 3.64448 3.67023 
2.16149 2.92181 3.04573 3.18787 3.29586 3.61985 3.64448 3.67023 
2.16149 2.92181 3.04573 3.18787 3.29586 3.61985 3.64448 3.67023 
2.16149 2.92181 3.04573 3.18787 3.29586 3.61985 3.64448 3.67023 
2.16149 2.92181 3.04573 3.18787 3.29586 3.61985 3.64448 3.67023 
2.16149 2.92181 3.04573 3.18787 3.29586 3.61985 3.64448 3.67023 
2.16149 2.92181 3.04573 3.18787 3.29586 3.61985 3.64448 3.67023 
2.16149 2.92181 3.04573 3.18787 3.29586 3.61985 3.64448 3.67023 
2.16149 2.92181 3.04573 3.18787 3.29586 3.61985 3.64448 3.67023 
2.16149 2.92181 3.04573 3.18787 3.29586 3.61985 3.64448 3.67023 
2.16149 2.92181 3.04573 3.18787 3.29586 3.61985 3.64448 3.67023 
2.16149 2.92181 3.04573 3.18787 3.29586 3.61985 3.64448 3.67023 
2.16149 2.92181 3.04573 3.18787 3.29586 3.61985 3.64448 3.67023 
2.16149 2.92181 3.04573 3.18787 3.29586 3.61985 3.64448 3.67023 
2.16149 2.92181 3.04573 3.18787 3.29586 3.61985 3.64448 3.67023 
2.16149 2.92181 3.04573 3.18787 3.29586 3.61985 3.64448 3.67023 
2.16149 2.92181 3.04573 3.18787 3.29586 3.61985 3.64448 3.67023 
2.16149 2.92181 3.04573 3.18787 3.29586 3.61985 3.64448 3.67023 
2.16149 2.92181 3.04573 3.18787 3.29586 3.61985 3.64448 3.67023 
2.16149 2.92181 3.04573 3.18787 3.29586 3.61985 3.64448 3.67023 
2.16149 2.92181 3.04573 3.18787 3.29586 3.61985 3.64448 3.67023 
2.16149 2.92181 3.04573 3.18787 3.29586 3.61985 3.64448 3.67023 
2.16149 2.92181 3.04573 3.18787 3.29586 3.61985 3.64448 3.67023 
2.16149 2.92181 3.04573 3.18787 3.29586 3.61985 3.64448 3.67023 
2.16149 2.92181 3.04573 3.18787 3.29586 3.61985 3.64448 3.67023 
2.16149 2.92181 3.04573 3.18787 3.29586 3.61985 3.64448 3.67023 
2.16149 2.92181 3.04573 3.18787 3.29586 3.61985 3.64448 3.67023 
2.16149 2.92181 3.04573 3.18787 3.29586 3.61985 3.64448 3.67023 
2.16149 2.92181 3.04573 3.18787 3.29586 3.61985 3.64448 3.67023 
2.16149 2.92181 3.04573 3.18787 3.29586 3.61985 3.64448 3.67023 
2.16149 2.92181 3.04573 3.18787 3.29586 3.61985 3.64448 3.67023 
2.16149 2.92181 3.04573 3.18787 3.29586 3.61985 3.64448 3.67023 
2.16149 2.92181 3.04573 3.18787 3.29586 3.61985 3.64448 3.67023 
2.16149 2.92181 3.04573 3.18787 3.29586 3.61985 3.64448 3.67023 
2.16149 2.92181 3.04573 3.18787 3.29586 3.61985 3.64448 3.67023 
2.16149 2.92181 3.04573 3.18787 3.29586 3.61985 3.64448 3.67023 
2.16149 2.92181 3.04573 3.18787 3.29586 3.61985 3.64448 3.67023 
2.16149 2.92181 3.04573 3.18787 3.29586 3.61985 3.64448 3.67023 
2.16149 2.92181 3.04573 3.18787 3.29586 3.61985 3.64448 3.67023 
2.16149 2.92181 3.04573 3.18787 3.29586 3.61985 3.64448 3.67023 
2.16149 2.92181 3.04573 3.18787 3.29586 3.61985 3.64448 3.67023 
2.16149 2.92181 3.04573 3.18787 3.29586 3.61985 3.64448 3.67023 
2.16149 2.92181 3.04573 3.18787 3.29586 3.61985 3.64448 3.67023 
2.16149 2.92181 3.04573 3.18787 3.29586 3.61985 3.64448 3.67023 
2.16149 2.92181 3.04573 3.18787 3.29586 3.61985 3.64448 3.67023 
2.16149 2.92181 3.04573 3.18787 3.29586 3.61985 3.64448 3.67023 
2.16149 2.92181 3.04573 3.18787 3.29586 3.61985 3.64448 3.67023 
2.16149 2.92181 3.04573 3.18787 3.29586 3.61985 3.64448 3.67023 
2.16149 2.92181 3.04573 3.18787 3.29586 3.61985 3.64448 3.67023 
2.16149 2.92181 3.04573 3.18787 3.29586 3.61985 3.64448 3.67023 
2.16149 2.92181 3.04573 3.18787 3.29586 3.61985 3.64448 3.67023 
2.16149 2.92181 3.04573 3.18787 3.29586 3.61985 3.64448 3.67023 
2.16149 2.92181 3.04573 3.18787 3.29586 3.61985 3.64448 3.67023 
2.16149 2.92181 3.04573 3.18787 3.29586 3.61985 3.64448 3.67023 
2.16149 2.92181 3.04573 3.18787 3.29586 3.61985 3.64448 3.67023 
2.16149 2.92181 3.04573 3.18787 3.29586 3.61985 3.64448 3.67023 
2.16149 2.92181 3.04573 3.18787 3.29586 3.61985 3.64448 3.67023 
2.16149 2.92181 3.04573 3.18787 3.29586 3.61985 3.64448 3.67023 
2.16149 2.92181 3.04573 3.18787 3.29586 3.61985 3.64448 3.67023 
2.16149 2.92181 3.04573 3.18787 3.29586 3.61985 3.64448 3.67023 
2.16149 2.92181 3.04573 3.18787 3.29586 3.61985 3.64448 3.67023 
2.16149 2.92181 3.04573 3.18787 3.29586 3.61985 3.64448 3.67023 
2.16149 2.92181 3.04573 3.18787 3.29586 3.61985 3.64448 3.67023 
2.16149 2.92181 3.04573 3.18787 3.29586 3.61985 3.64448 3.67023 
2.16149 2.92181 3.04573 3.18787 3.29586 3.61985 3.64448 3.67023 
2.16149 2.92181 3.04573 3.18787 3.29586 3.61985 3.64448 3.67023 
2.16149 2.92181 3.04573 3.18787 3.29586 3.61985 3.64448 3.67023 
2.16149 2.92181 3.04573 3.18787 3.29586 3.61985 3.64448 3.67023 
2.16149 2.92181 3.04573 3.18787 3.29586 3.61985 3.64448 3.67023 
2.16149 2.92181 3.04573 3.18787 3.29586 3.61985 3.64448 3.67023 
2.16149 2.92181 3.04573 3.18787 3.29586 3.61985 3.64448 3.67023 
2.16149 2.92181 3.04573 3.18787 3.29586 3.61985 3.64448 3.67023 
2.16149 2.92181 3.04573 3.18787 3.29586 3.61985 3.64448 3.67023 
2.16149 2.92181 3.04573 3.18787 3.29586 3.61985 3.64448 3.67023 
2.16149 2.92181 3.04573 3.18787 3.29586 3.61985 3.64448 3.67023 
2.16149 2.92181 3.04573 3.18787 3.29586 3.61985 3.64448 3.67023 
2.16149 2.92181 3.04573 3.18787 3.29586 3.61985 3.64448 3.67023 
2.16149 2.92181 3.04573 3.18787 3.29586 3.61985 3.64448 3.67023 
2.16149 2.92181 3.04573 3.18787 3.29586 3.61985 3.64448 3.67023 
2.16149 2.92181 3.04573 3.18787 3.29586 3.61985 3.64448 3.67023 
2.16149 2.92181 3.04573 3.18787 3.29586 3.61985 3.64448 3.67023 
