3.14728 3.2901 4.26517 4.54598 4.57675 5.78931 6.64218 6.66413 
3.14728 3.2901 4.26517 4.54598 4.57675 5.78931 6.01388 6.05132 
3.14728 3.2901 4.26517 4.54598 4.57675 5.3126 5.78931 6.01388 
3.14728 3.2901 4.26517 4.54598 4.57675 5.3126 5.78931 5.84441 
3.14728 3.2901 4.26517 4.54598 4.57675 5.3126 5.78931 5.84441 
3.14728 3.2901 4.26517 4.54598 4.57675 5.3126 5.37085 5.76889 
3.14728 3.2901 4.26517 4.4541 4.54598 4.57675 5.3126 5.37085 
3.14728 3.2901 3.33889 4.26517 4.4541 4.54598 4.57675 5.3126 
3.14728 3.2901 3.33889 3.86778 4.26517 4.4541 4.54598 4.57675 
3.14728 3.2901 3.33889 3.86778 4.26517 4.4541 4.54598 4.57675 
3.14728 3.2901 3.33889 3.86778 4.26517 4.4541 4.45491 4.54598 
3.14728 3.2901 3.33889 3.86778 4.06184 4.26517 4.4541 4.45491 
3.14728 3.2901 3.33889 3.86778 4.06184 4.24834 4.26517 4.4541 
3.14728 3.2901 3.33889 3.47934 3.86778 4.06184 4.24834 4.26517 
3.14728 3.2901 3.33889 3.47934 3.77664 3.86778 4.06184 4.24834 
3.14728 3.2901 3.33889 3.47934 3.77664 3.86778 4.06184 4.24834 
3.14728 3.2901 3.33889 3.47934 3.77664 3.86778 4.06184 4.24834 
3.14728 3.2901 3.33889 3.45449 3.47934 3.77664 3.86778 4.06184 
3.14728 3.2901 3.33889 3.45449 3.47934 3.77664 3.86778 4.06184 
3.14728 3.2901 3.33889 3.45449 3.47934 3.57123 3.77664 3.86778 
3.14728 3.2901 3.33889 3.45449 3.47934 3.57123 3.77664 3.86778 
3.14728 3.2901 3.33889 3.45449 3.47934 3.57123 3.77664 3.86778 
3.14728 3.2901 3.33889 3.43798 3.45449 3.47934 3.57123 3.77664 
3.14728 3.2901 3.33889 3.43798 3.45449 3.47934 3.57123 3.77664 
3.14728 3.2901 3.33889 3.43798 3.45449 3.47934 3.57123 3.77664 
2.85403 3.14728 3.2901 3.33889 3.39482 3.43798 3.45449 3.47934 
2.85403 3.14728 3.2901 3.33889 3.39482 3.40242 3.43798 3.45449 
2.85403 3.14728 3.2901 3.33889 3.39482 3.40242 3.43798 3.45449 
2.85403 3.14728 3.2901 3.33889 3.39482 3.40242 3.43798 3.45449 
2.85403 3.14728 3.2901 3.33889 3.39482 3.40242 3.43798 3.45449 
2.85403 3.14728 3.27921 3.2901 3.33889 3.39482 3.40242 3.43798 
2.82751 2.85403 3.14728 3.27921 3.2901 3.33889 3.39482 3.40242 
2.82751 2.85403 3.14728 3.27921 3.2901 3.33889 3.39482 3.40242 
2.82751 2.85403 3.14728 3.27921 3.2901 3.33889 3.39482 3.40242 
2.54838 2.82751 2.85403 3.14728 3.27921 3.2901 3.33889 3.39482 
2.54838 2.82751 2.85403 3.14728 3.27921 3.2901 3.33889 3.39482 
2.54838 2.82751 2.85403 3.14728 3.21597 3.27921 3.2901 3.308 
2.54838 2.82751 2.85403 3.14728 3.21597 3.27921 3.2901 3.308 
2.54838 2.82751 2.85403 3.11459 3.14728 3.17656 3.21597 3.21943 
0.613326 1.05337 2.54838 2.82751 2.85403 3.11459 3.14728 3.17656 
0.613326 1.05337 2.54838 2.82751 2.85403 3.11459 3.14728 3.17656 
0.613326 1.05337 2.54838 2.82751 2.85403 3.11459 3.14728 3.17656 
0.613326 1.05337 2.54838 2.65421 2.82751 2.85403 3.11459 3.14728 
0.613326 1.05337 2.54838 2.65421 2.82751 2.85403 3.11459 3.14728 
0.613326 1.05337 1.27182 2.54838 2.65421 2.82751 2.85403 3.11459 
0.544252 0.613326 1.05337 1.27182 2.54838 2.65421 2.82751 2.85403 
0.544252 0.613326 1.05337 1.27182 2.54838 2.65421 2.82751 2.85403 
0.544252 0.613326 1.05337 1.27182 2.54838 2.5915 2.65421 2.81717 
0.544252 0.613326 1.05337 1.27182 2.54838 2.5915 2.65421 2.79285 
0.544252 0.583505 0.613326 1.05337 1.27182 2.54838 2.5915 2.65421 
0.544252 0.583505 0.613326 1.05337 1.27182 2.54838 2.5915 2.60231 
0.544252 0.583505 0.613326 1.05337 1.27182 2.54838 2.5915 2.60231 
0.544252 0.583505 0.613326 1.05337 1.27182 1.61194 2.54838 2.5915 
0.544252 0.583505 0.613326 1.05337 1.27182 1.54935 1.61194 2.54838 
0.544252 0.583505 0.613326 0.660168 1.05337 1.27182 1.54935 1.61194 
0.544252 0.583505 0.613326 0.660168 1.05337 1.27182 1.54935 1.61194 
0.324271 0.544252 0.583505 0.613326 0.660168 0.849976 1.05337 1.27182 
0.324271 0.544252 0.583505 0.613326 0.660168 0.849976 1.05337 1.27182 
0.324271 0.544252 0.583505 0.613326 0.660168 0.849976 1.05337 1.27182 
0.324271 0.544252 0.583505 0.613326 0.660168 0.849976 1.05337 1.27182 
0.324271 0.544252 0.583505 0.613326 0.660168 0.849976 1.05337 1.21058 
0.282639 0.324271 0.544252 0.583505 0.613326 0.660168 0.849976 1.05337 
0.282639 0.324271 0.544252 0.583505 0.613326 0.660168 0.849976 1.05337 
0.282639 0.324271 0.544252 0.583505 0.613326 0.660168 0.849976 1.05337 
0.282639 0.324271 0.544252 0.583505 0.613326 0.660168 0.849976 1.05337 
0.18493 0.282639 0.324271 0.544252 0.583505 0.613326 0.660168 0.849976 
0.18493 0.282639 0.324271 0.544252 0.583505 0.613326 0.660168 0.849976 
0.18493 0.282639 0.324271 0.544252 0.583505 0.613326 0.660168 0.849976 
0.18493 0.282639 0.294798 0.324271 0.544252 0.583505 0.613326 0.660168 
0.18493 0.282639 0.294798 0.324271 0.544252 0.583505 0.613326 0.660168 
0.18493 0.206158 0.282639 0.294798 0.324271 0.544252 0.583505 0.590685 
0.18493 0.206158 0.282639 0.294798 0.324271 0.544252 0.583505 0.590685 
0.18493 0.206158 0.282639 0.294798 0.324271 0.544252 0.583505 0.590685 
0.18493 0.206158 0.282639 0.294798 0.324271 0.544252 0.583505 0.590685 
0.18493 0.206158 0.282639 0.294798 0.324271 0.544252 0.583505 0.590685 
0.18493 0.206158 0.282639 0.294798 0.324271 0.544252 0.583505 0.590685 
0.18493 0.206158 0.282639 0.294798 0.324271 0.544252 0.583505 0.590685 
0.18493 0.206158 0.282639 0.294798 0.324271 0.544252 0.583505 0.590685 
0.18493 0.206158 0.282639 0.294798 0.324271 0.544252 0.583505 0.590685 
0.18493 0.206158 0.282639 0.294798 0.324271 0.544252 0.583505 0.590685 
0.18493 0.206158 0.282639 0.294798 0.324271 0.544252 0.583505 0.590685 
0.18493 0.206158 0.282639 0.294798 0.324271 0.544252 0.583505 0.590685 
0.18493 0.206158 0.282639 0.294798 0.324271 0.544252 0.583505 0.590685 
0.18493 0.206158 0.282639 0.294798 0.324271 0.544252 0.583505 0.590685 
0.18493 0.206158 0.282639 0.294798 0.324271 0.544252 0.583505 0.590685 
0.18493 0.206158 0.282639 0.294798 0.324271 0.544252 0.583505 0.590685 
0.18493 0.206158 0.282639 0.294798 0.324271 0.544252 0.583505 0.590685 
0.18493 0.206158 0.282639 0.294798 0.324271 0.544252 0.583505 0.590685 
0.18493 0.206158 0.282639 0.294798 0.324271 0.544252 0.583505 0.590685 
0.18493 0.206158 0.282639 0.294798 0.324271 0.544252 0.583505 0.590685 
0.18493 0.206158 0.282639 0.294798 0.324271 0.544252 0.583505 0.590685 
0.18493 0.206158 0.282639 0.294798 0.324271 0.544252 0.583505 0.590685 
0.18493 0.206158 0.282639 0.294798 0.324271 0.544252 0.583505 0.590685 
0.18493 0.206158 0.282639 0.294798 0.324271 0.544252 0.583505 0.590685 
0.18493 0.206158 0.282639 0.294798 0.324271 0.544252 0.583505 0.590685 
0.18493 0.206158 0.282639 0.294798 0.324271 0.544252 0.583505 0.590685 
0.18493 0.206158 0.282639 0.294798 0.324271 0.544252 0.583505 0.590685 
0.18493 0.206158 0.282639 0.294798 0.324271 0.544252 0.583505 0.590685 
0.18493 0.206158 0.282639 0.294798 0.324271 0.544252 0.583505 0.590685 
0.18493 0.206158 0.282639 0.294798 0.324271 0.544252 0.583505 0.590685 
