3.21276 3.24811 3.43829 4.04512 4.12398 4.29163 4.32248 4.84593 
3.21276 3.24811 3.43829 4.04512 4.12398 4.29163 4.32248 4.60544 
3.21276 3.24811 3.43829 4.04512 4.12384 4.12398 4.24704 4.29163 
3.21276 3.24811 3.43829 4.04512 4.12384 4.12398 4.24704 4.29163 
3.21276 3.24811 3.43829 4.04512 4.06261 4.12384 4.12398 4.24704 
3.21276 3.24811 3.43829 4.04512 4.06261 4.12384 4.12398 4.24704 
3.21276 3.24811 3.43829 4.04512 4.06261 4.12384 4.12398 4.2066 
3.21276 3.24811 3.43829 4.04512 4.06261 4.12384 4.12398 4.2066 
3.21276 3.24811 3.43829 4.04512 4.06261 4.12384 4.12398 4.2066 
3.21276 3.24811 3.43829 4.04512 4.06261 4.12384 4.12398 4.2066 
3.21276 3.24811 3.43829 4.04512 4.06261 4.12384 4.12398 4.2066 
3.21276 3.24811 3.43829 3.92614 4.02902 4.04512 4.06261 4.12384 
3.21276 3.24811 3.43829 3.92614 4.02902 4.04512 4.06261 4.12384 
3.21276 3.24811 3.43829 3.92614 4.02902 4.04512 4.06261 4.12384 
3.21276 3.24811 3.43829 3.92614 4.02902 4.04512 4.06261 4.12384 
3.21276 3.24811 3.43829 3.92614 4.02902 4.04512 4.06261 4.12384 
3.21276 3.24811 3.43829 3.92614 4.02902 4.04512 4.06261 4.12384 
3.21276 3.24811 3.43829 3.92614 4.02902 4.04512 4.06261 4.12384 
3.21276 3.24811 3.43829 3.92614 4.02902 4.04512 4.06261 4.12384 
3.21276 3.24811 3.43829 3.92614 4.02902 4.04512 4.06261 4.12384 
3.21276 3.24811 3.43829 3.92614 4.02902 4.04512 4.06261 4.12384 
3.21276 3.24811 3.43829 3.92614 4.02902 4.04512 4.06261 4.12384 
3.21276 3.24811 3.43829 3.92614 4.02902 4.04512 4.06261 4.12384 
3.21276 3.24811 3.43829 3.92614 4.02902 4.04512 4.06261 4.12384 
3.21276 3.24811 3.43829 3.92614 4.02902 4.04512 4.06261 4.12384 
3.21276 3.24811 3.43829 3.92614 4.02902 4.04512 4.06261 4.12384 
3.21276 3.24811 3.43829 3.92614 4.02902 4.04512 4.06261 4.12384 
3.21276 3.24811 3.43829 3.92614 4.02902 4.04512 4.06261 4.12384 
3.21276 3.24811 3.43829 3.92614 4.02902 4.04512 4.06261 4.12384 
3.21276 3.24811 3.43829 3.92614 4.02902 4.04512 4.06261 4.12384 
3.21276 3.24811 3.43829 3.92614 4.02902 4.04512 4.06261 4.12384 
3.21276 3.24811 3.43829 3.92614 4.02902 4.04512 4.06261 4.12384 
3.21276 3.24811 3.43829 3.92614 4.02902 4.04512 4.06261 4.12384 
3.21276 3.24811 3.43829 3.92614 4.02902 4.04512 4.06261 4.12384 
3.21276 3.24811 3.43829 3.92614 4.02902 4.04512 4.06261 4.12384 
3.21276 3.24811 3.43829 3.92614 4.02902 4.04512 4.06261 4.12384 
3.21276 3.24811 3.43829 3.92614 4.02902 4.04512 4.06261 4.12384 
3.21276 3.24811 3.43829 3.92614 4.02902 4.04512 4.06261 4.12384 
3.21276 3.24811 3.43829 3.92614 4.02902 4.04512 4.06261 4.12384 
3.21276 3.24811 3.43829 3.92614 4.02902 4.04512 4.06261 4.12384 
3.21276 3.24811 3.43829 3.92614 4.02902 4.04512 4.06261 4.12384 
3.21276 3.24811 3.43829 3.92614 4.02902 4.04512 4.06261 4.12384 
3.21276 3.24811 3.43829 3.92614 4.02902 4.04512 4.06261 4.12384 
3.21276 3.24811 3.43829 3.92614 4.02902 4.04512 4.06261 4.12384 
3.21276 3.24811 3.43829 3.92614 4.02902 4.04512 4.06261 4.12384 
3.21276 3.24811 3.43829 3.92614 4.02902 4.04512 4.06261 4.12384 
3.21276 3.24811 3.43829 3.92614 4.02902 4.04512 4.06261 4.12384 
3.21276 3.24811 3.43829 3.92614 4.02902 4.04512 4.06261 4.12384 
3.21276 3.24811 3.43829 3.92614 4.02902 4.04512 4.06261 4.12384 
3.21276 3.24811 3.43829 3.92614 4.02902 4.04512 4.06261 4.12384 
3.21276 3.24811 3.43829 3.92614 4.02902 4.04512 4.06261 4.12384 
3.21276 3.24811 3.43829 3.92614 4.02902 4.04512 4.06261 4.12384 
3.21276 3.24811 3.43829 3.92614 4.02902 4.04512 4.06261 4.12384 
3.21276 3.24811 3.43829 3.92614 4.02902 4.04512 4.06261 4.12384 
3.21276 3.24811 3.43829 3.92614 4.02902 4.04512 4.06261 4.12384 
3.21276 3.24811 3.43829 3.92614 4.02902 4.04512 4.06261 4.12384 
3.21276 3.24811 3.43829 3.92614 4.02902 4.04512 4.06261 4.12384 
3.21276 3.24811 3.43829 3.92614 4.02902 4.04512 4.06261 4.12384 
3.21276 3.24811 3.43829 3.92614 4.02902 4.04512 4.06261 4.12384 
3.21276 3.24811 3.43829 3.92614 4.02902 4.04512 4.06261 4.12384 
3.21276 3.24811 3.43829 3.92614 4.02902 4.04512 4.06261 4.12384 
3.21276 3.24811 3.43829 3.92614 4.02902 4.04512 4.06261 4.12384 
3.21276 3.24811 3.43829 3.92614 4.02902 4.04512 4.06261 4.12384 
3.21276 3.24811 3.43829 3.92614 4.02902 4.04512 4.06261 4.12384 
3.21276 3.24811 3.43829 3.92614 4.02902 4.04512 4.06261 4.12384 
3.21276 3.24811 3.43829 3.92614 4.02902 4.04512 4.06261 4.12384 
3.21276 3.24811 3.43829 3.92614 4.02902 4.04512 4.06261 4.12384 
3.21276 3.24811 3.43829 3.92614 4.02902 4.04512 4.06261 4.12384 
3.21276 3.24811 3.43829 3.92614 4.02902 4.04512 4.06261 4.12384 
3.21276 3.24811 3.43829 3.92614 4.02902 4.04512 4.06261 4.12384 
3.21276 3.24811 3.43829 3.92614 4.02902 4.04512 4.06261 4.12384 
3.21276 3.24811 3.43829 3.92614 4.02902 4.04512 4.06261 4.12384 
3.21276 3.24811 3.43829 3.92614 4.02902 4.04512 4.06261 4.12384 
3.21276 3.24811 3.43829 3.92614 4.02902 4.04512 4.06261 4.12384 
3.21276 3.24811 3.43829 3.92614 4.02902 4.04512 4.06261 4.12384 
3.21276 3.24811 3.43829 3.92614 4.02902 4.04512 4.06261 4.12384 
3.21276 3.24811 3.43829 3.92614 4.02902 4.04512 4.06261 4.12384 
3.21276 3.24811 3.43829 3.92614 4.02902 4.04512 4.06261 4.12384 
3.21276 3.24811 3.43829 3.92614 4.02902 4.04512 4.06261 4.12384 
3.21276 3.24811 3.43829 3.92614 4.02902 4.04512 4.06261 4.12384 
3.21276 3.24811 3.43829 3.92614 4.02902 4.04512 4.06261 4.12384 
3.21276 3.24811 3.43829 3.92614 4.02902 4.04512 4.06261 4.12384 
3.21276 3.24811 3.43829 3.92614 4.02902 4.04512 4.06261 4.12384 
3.21276 3.24811 3.43829 3.92614 4.02902 4.04512 4.06261 4.12384 
3.21276 3.24811 3.43829 3.92614 4.02902 4.04512 4.06261 4.12384 
3.21276 3.24811 3.43829 3.92614 4.02902 4.04512 4.06261 4.12384 
3.21276 3.24811 3.43829 3.92614 4.02902 4.04512 4.06261 4.12384 
3.21276 3.24811 3.43829 3.92614 4.02902 4.04512 4.06261 4.12384 
3.21276 3.24811 3.43829 3.92614 4.02902 4.04512 4.06261 4.12384 
3.21276 3.24811 3.43829 3.92614 4.02902 4.04512 4.06261 4.12384 
3.21276 3.24811 3.43829 3.92614 4.02902 4.04512 4.06261 4.12384 
3.21276 3.24811 3.43829 3.92614 4.02902 4.04512 4.06261 4.12384 
3.21276 3.24811 3.43829 3.92614 4.02902 4.04512 4.06261 4.12384 
3.21276 3.24811 3.43829 3.92614 4.02902 4.04512 4.06261 4.12384 
3.21276 3.24811 3.43829 3.92614 4.02902 4.04512 4.06261 4.12384 
3.21276 3.24811 3.43829 3.92614 4.02902 4.04512 4.06261 4.12384 
3.21276 3.24811 3.43829 3.92614 4.02902 4.04512 4.06261 4.12384 
3.21276 3.24811 3.43829 3.92614 4.02902 4.04512 4.06261 4.12384 
3.21276 3.24811 3.43829 3.92614 4.02902 4.04512 4.06261 4.12384 
3.21276 3.24811 3.43829 3.92614 4.02902 4.04512 4.06261 4.12384 
