3.27529 4.34039 4.48801 5.10714 6.20199 6.30091 6.50039 6.5751 
3.27529 3.76511 4.07082 4.30926 4.34039 4.48801 4.54702 5.10714 
3.27529 3.76511 4.00908 4.07082 4.30926 4.34039 4.48801 4.54702 
3.27529 3.76511 4.00908 4.07082 4.30926 4.34039 4.48801 4.54702 
2.59312 3.27529 3.76511 4.00908 4.07082 4.30926 4.34039 4.48801 
2.59312 3.27529 3.76511 4.00908 4.07082 4.08393 4.30926 4.34039 
2.42211 2.59312 3.27529 3.76511 4.00908 4.07082 4.08393 4.11986 
2.42211 2.46836 2.59312 3.16632 3.27529 3.76511 4.00908 4.07082 
2.42211 2.46836 2.59312 2.59602 3.16632 3.27529 3.76511 4.00908 
2.42211 2.46836 2.59312 2.59602 3.16632 3.27529 3.76511 3.79889 
1.84906 2.42211 2.46836 2.59312 2.59602 2.81031 3.05892 3.16632 
1.84906 2.42211 2.46836 2.59312 2.59602 2.81031 3.05892 3.16632 
1.84906 2.42211 2.46836 2.59312 2.59602 2.81031 3.05892 3.16632 
1.84906 2.42211 2.46836 2.59312 2.59602 2.78539 2.81031 3.05892 
1.84906 2.42211 2.46836 2.59312 2.59602 2.78539 2.81031 3.05892 
0.465601 1.84906 2.42211 2.46836 2.59312 2.59602 2.73573 2.78539 
0.465601 0.684937 1.84906 2.42211 2.46836 2.59312 2.59602 2.73573 
0.465601 0.684937 1.84906 2.42211 2.46836 2.59312 2.59602 2.73573 
0.465601 0.684937 1.3675 1.84906 2.42211 2.46836 2.59312 2.59602 
0.465601 0.684937 1.3675 1.84906 2.42211 2.46836 2.59312 2.59602 
0.465601 0.684937 1.3675 1.84906 2.42211 2.46836 2.59312 2.59602 
0.35828 0.465601 0.684937 1.3675 1.84906 2.42211 2.46836 2.59312 
0.35828 0.465601 0.658702 0.684937 1.3675 1.84906 2.42211 2.46836 
0.35828 0.465601 0.658702 0.684937 1.3675 1.84906 2.42211 2.46836 
0.35828 0.465601 0.658702 0.684937 1.3675 1.49915 1.84906 2.42211 
0.35828 0.465601 0.658702 0.684937 1.3675 1.49915 1.84906 1.92122 
0.35828 0.465601 0.658702 0.684937 1.3675 1.49915 1.84906 1.92122 
0.35828 0.465601 0.658702 0.684937 1.3675 1.49915 1.84906 1.92122 
0.35828 0.465601 0.658702 0.684937 1.3675 1.49915 1.84906 1.9129 
0.35828 0.465601 0.658702 0.684937 0.720613 1.3675 1.49915 1.84906 
0.35828 0.465601 0.658702 0.684937 0.720613 1.3675 1.49915 1.84906 
0.35828 0.465601 0.658702 0.684937 0.720613 1.3675 1.49915 1.57537 
0.35828 0.465601 0.658702 0.684937 0.720613 1.07562 1.3675 1.49915 
0.35828 0.465601 0.658702 0.684937 0.720613 1.07562 1.27286 1.3675 
0.35828 0.465601 0.658702 0.684937 0.720613 1.07562 1.27286 1.3675 
0.35828 0.465601 0.658702 0.684937 0.720613 1.07562 1.27286 1.3675 
0.35828 0.465601 0.658702 0.684937 0.720613 1.07562 1.27286 1.3675 
0.314893 0.35828 0.465601 0.658702 0.684937 0.720613 1.07562 1.27286 
0.0782997 0.314893 0.35828 0.465601 0.658702 0.684937 0.720613 1.07562 
0.0782997 0.314893 0.35828 0.465601 0.658702 0.684937 0.720613 0.841241 
0.0782997 0.314893 0.35828 0.465601 0.658702 0.684937 0.720613 0.841241 
0.0782997 0.314893 0.35828 0.465601 0.658702 0.684937 0.720613 0.841241 
0.0782997 0.314893 0.35828 0.465601 0.658702 0.684937 0.720613 0.841241 
0.0782997 0.314893 0.35828 0.465601 0.505209 0.658702 0.684937 0.720613 
0.0782997 0.314893 0.35828 0.465601 0.505209 0.658702 0.684937 0.720613 
0.0782997 0.314893 0.35828 0.465601 0.505209 0.658702 0.684937 0.720613 
0.0782997 0.314893 0.35828 0.465601 0.505209 0.658702 0.684937 0.720613 
0.0782997 0.314893 0.35828 0.465601 0.505209 0.658702 0.684937 0.720613 
0.0782997 0.314893 0.35828 0.391764 0.465601 0.505209 0.600701 0.61975 
0.0782997 0.314893 0.35828 0.391764 0.465601 0.505209 0.600701 0.61975 
0.0782997 0.314893 0.35828 0.391764 0.465601 0.505209 0.600701 0.61975 
0.0782997 0.314893 0.35828 0.391764 0.465601 0.505209 0.600701 0.61975 
0.0782997 0.314893 0.35828 0.391764 0.465601 0.505209 0.600701 0.61975 
0.0782997 0.314893 0.35828 0.391764 0.465601 0.505209 0.600701 0.61975 
0.0782997 0.314893 0.35828 0.391764 0.465601 0.505209 0.600701 0.61975 
0.0782997 0.314893 0.35828 0.391764 0.465601 0.505209 0.600701 0.61975 
0.0782997 0.314893 0.35828 0.391764 0.465601 0.505209 0.600701 0.601209 
0.0782997 0.314893 0.35828 0.391764 0.465601 0.505209 0.600701 0.601209 
0.0782997 0.259377 0.314893 0.35828 0.391764 0.465601 0.505209 0.600701 
0.0782997 0.24624 0.259377 0.314893 0.35828 0.391764 0.465601 0.505209 
0.0782997 0.24624 0.259377 0.314893 0.35828 0.391764 0.465601 0.505209 
0.0782997 0.24624 0.259377 0.314893 0.35828 0.391764 0.465601 0.505209 
0.0782997 0.24624 0.259377 0.314893 0.35828 0.391764 0.465601 0.505209 
0.0782997 0.24624 0.259377 0.314893 0.35828 0.391764 0.465601 0.505209 
0.0782997 0.238871 0.24624 0.259377 0.314893 0.35828 0.391764 0.465601 
0.0782997 0.238871 0.24624 0.259377 0.314893 0.35828 0.391764 0.465601 
0.0782997 0.238871 0.24624 0.259377 0.314893 0.35828 0.391764 0.465601 
0.0782997 0.238871 0.24624 0.259377 0.314893 0.35828 0.391764 0.465601 
0.0782997 0.238871 0.24624 0.259377 0.314893 0.35828 0.391764 0.465601 
0.0782997 0.238871 0.24624 0.259377 0.314893 0.35828 0.391764 0.465601 
0.0782997 0.238871 0.24624 0.259377 0.314893 0.35828 0.391764 0.465601 
0.0782997 0.238871 0.24624 0.259377 0.314893 0.35828 0.391764 0.465601 
0.0782997 0.238871 0.24624 0.259377 0.314893 0.35828 0.391764 0.465601 
0.0782997 0.238871 0.24624 0.259377 0.314893 0.35828 0.391764 0.465601 
0.0782997 0.238871 0.24624 0.259377 0.314893 0.35828 0.391764 0.465601 
0.0782997 0.238871 0.24624 0.259377 0.314893 0.35828 0.391764 0.465601 
0.0782997 0.238871 0.24624 0.259377 0.314893 0.35828 0.391764 0.465601 
0.0782997 0.238871 0.24624 0.259377 0.314893 0.35828 0.391764 0.465601 
0.0782997 0.238871 0.24624 0.259377 0.314893 0.35828 0.391764 0.465601 
0.0782997 0.238871 0.24624 0.259377 0.314893 0.35828 0.391764 0.465601 
0.0782997 0.238871 0.24624 0.259377 0.314893 0.35828 0.391764 0.465601 
0.0782997 0.238871 0.24624 0.259377 0.314893 0.35828 0.391764 0.465601 
0.0782997 0.238871 0.24624 0.259377 0.314893 0.35828 0.391764 0.465601 
0.0782997 0.238871 0.24624 0.259377 0.314893 0.35828 0.391764 0.465601 
0.0782997 0.238871 0.24624 0.259377 0.314893 0.35828 0.391764 0.465601 
0.0782997 0.238871 0.24624 0.259377 0.314893 0.35828 0.391764 0.465601 
0.0782997 0.238871 0.24624 0.259377 0.314893 0.35828 0.391764 0.465601 
0.0782997 0.238871 0.24624 0.259377 0.314893 0.35828 0.391764 0.465601 
0.0782997 0.238871 0.24624 0.259377 0.314893 0.35828 0.391764 0.465601 
0.0782997 0.238871 0.24624 0.259377 0.314893 0.35828 0.391764 0.465601 
0.0782997 0.238871 0.24624 0.259377 0.314893 0.35828 0.391764 0.465601 
0.0782997 0.238871 0.24624 0.259377 0.314893 0.35828 0.391764 0.465601 
0.0782997 0.238871 0.24624 0.259377 0.314893 0.35828 0.391764 0.465601 
0.0782997 0.238871 0.24624 0.259377 0.314893 0.35828 0.391764 0.465601 
0.0782997 0.238871 0.24624 0.259377 0.314893 0.35828 0.391764 0.465601 
0.0782997 0.238871 0.24624 0.259377 0.314893 0.35828 0.391764 0.465601 
0.0782997 0.238871 0.24624 0.259377 0.314893 0.35828 0.391764 0.465601 
0.0782997 0.238871 0.24624 0.259377 0.314893 0.35828 0.391764 0.465601 
0.0782997 0.238871 0.24624 0.259377 0.314893 0.35828 0.391764 0.465601 
0.0782997 0.238871 0.24624 0.259377 0.314893 0.35828 0.391764 0.465601 
