2.12904 2.41302 3.26539 3.87359 4.12935 4.27241 4.55739 4.58019 
2.12904 2.41302 3.26539 3.37219 3.37271 3.87359 4.12935 4.27241 
2.12904 2.41302 3.26539 3.28072 3.37219 3.37271 3.87359 4.0794 
2.12904 2.41302 3.26539 3.28072 3.37219 3.37271 3.87359 4.0794 
2.12904 2.41302 3.26539 3.28072 3.37219 3.37271 3.87176 3.87359 
2.12904 2.41302 3.26539 3.28072 3.37219 3.37271 3.78966 3.87176 
2.12904 2.41302 3.26539 3.28072 3.37219 3.37271 3.78966 3.87176 
2.12904 2.41302 3.26539 3.28072 3.37219 3.37271 3.78966 3.87176 
2.12904 2.41302 3.26539 3.28072 3.37219 3.37271 3.78966 3.87176 
2.12904 2.41302 3.26539 3.28072 3.37219 3.37271 3.78966 3.87176 
2.12904 2.41302 3.26539 3.28072 3.37219 3.37271 3.78966 3.87176 
2.12904 2.41302 3.26539 3.28072 3.37219 3.37271 3.78966 3.87176 
2.12904 2.41302 3.26539 3.28072 3.37219 3.37271 3.78966 3.87176 
2.12904 2.41302 3.26539 3.28072 3.37219 3.37271 3.78966 3.87176 
2.12904 2.41302 3.26539 3.28072 3.37219 3.37271 3.78966 3.87176 
2.12904 2.41302 3.26539 3.28072 3.37219 3.37271 3.78966 3.87176 
2.12904 2.41302 3.26539 3.28072 3.37219 3.37271 3.78966 3.87176 
2.12904 2.41302 3.26539 3.28072 3.37219 3.37271 3.78966 3.87176 
2.12904 2.41302 3.26539 3.28072 3.37219 3.37271 3.78966 3.87176 
2.12904 2.41302 3.26539 3.28072 3.37219 3.37271 3.78966 3.87176 
2.12904 2.41302 3.26539 3.28072 3.37219 3.37271 3.78966 3.87176 
2.12904 2.41302 3.26539 3.28072 3.37219 3.37271 3.78966 3.87176 
2.12904 2.41302 3.26539 3.28072 3.37219 3.37271 3.78966 3.87176 
2.12904 2.41302 3.26539 3.28072 3.37219 3.37271 3.78966 3.87176 
2.12904 2.41302 3.26539 3.28072 3.37219 3.37271 3.78966 3.87176 
2.12904 2.41302 3.26539 3.28072 3.37219 3.37271 3.78966 3.87176 
2.12904 2.41302 3.26539 3.28072 3.37219 3.37271 3.78966 3.87176 
2.12904 2.41302 3.26539 3.28072 3.37219 3.37271 3.78966 3.87176 
2.12904 2.41302 3.26539 3.28072 3.37219 3.37271 3.78966 3.87176 
2.12904 2.41302 3.26539 3.28072 3.37219 3.37271 3.78966 3.87176 
2.12904 2.41302 3.26539 3.28072 3.37219 3.37271 3.78966 3.87176 
2.12904 2.41302 3.26539 3.28072 3.37219 3.37271 3.78966 3.87176 
2.12904 2.41302 3.26539 3.28072 3.37219 3.37271 3.78966 3.87176 
2.12904 2.41302 3.26539 3.28072 3.37219 3.37271 3.78966 3.87176 
2.12904 2.41302 3.26539 3.28072 3.37219 3.37271 3.78966 3.87176 
2.12904 2.41302 3.26539 3.28072 3.37219 3.37271 3.78966 3.87176 
2.12904 2.41302 3.26539 3.28072 3.37219 3.37271 3.78966 3.87176 
2.12904 2.41302 3.26539 3.28072 3.37219 3.37271 3.78966 3.87176 
2.12904 2.41302 3.26539 3.28072 3.37219 3.37271 3.78966 3.87176 
2.12904 2.41302 3.26539 3.28072 3.37219 3.37271 3.78966 3.87176 
2.12904 2.41302 3.26539 3.28072 3.37219 3.37271 3.78966 3.87176 
2.12904 2.41302 3.26539 3.28072 3.37219 3.37271 3.78966 3.87176 
2.12904 2.41302 3.26539 3.28072 3.37219 3.37271 3.78966 3.87176 
2.12904 2.41302 3.26539 3.28072 3.37219 3.37271 3.78966 3.87176 
2.12904 2.41302 3.26539 3.28072 3.37219 3.37271 3.78966 3.87176 
2.12904 2.41302 3.26539 3.28072 3.37219 3.37271 3.78966 3.87176 
2.12904 2.41302 3.26539 3.28072 3.37219 3.37271 3.78966 3.87176 
2.12904 2.41302 3.26539 3.28072 3.37219 3.37271 3.78966 3.87176 
2.12904 2.41302 3.26539 3.28072 3.37219 3.37271 3.78966 3.87176 
2.12904 2.41302 3.26539 3.28072 3.37219 3.37271 3.78966 3.87176 
2.12904 2.41302 3.26539 3.28072 3.37219 3.37271 3.78966 3.87176 
2.12904 2.41302 3.26539 3.28072 3.37219 3.37271 3.78966 3.87176 
2.12904 2.41302 3.26539 3.28072 3.37219 3.37271 3.78966 3.87176 
2.12904 2.41302 3.26539 3.28072 3.37219 3.37271 3.78966 3.87176 
2.12904 2.41302 3.26539 3.28072 3.37219 3.37271 3.78966 3.87176 
2.12904 2.41302 3.26539 3.28072 3.37219 3.37271 3.78966 3.87176 
2.12904 2.41302 3.26539 3.28072 3.37219 3.37271 3.78966 3.87176 
2.12904 2.41302 3.26539 3.28072 3.37219 3.37271 3.78966 3.87176 
2.12904 2.41302 3.26539 3.28072 3.37219 3.37271 3.78966 3.87176 
2.12904 2.41302 3.26539 3.28072 3.37219 3.37271 3.78966 3.87176 
2.12904 2.41302 3.26539 3.28072 3.37219 3.37271 3.78966 3.87176 
2.12904 2.41302 3.26539 3.28072 3.37219 3.37271 3.78966 3.87176 
2.12904 2.41302 3.26539 3.28072 3.37219 3.37271 3.78966 3.87176 
2.12904 2.41302 3.26539 3.28072 3.37219 3.37271 3.78966 3.87176 
2.12904 2.41302 3.26539 3.28072 3.37219 3.37271 3.78966 3.87176 
2.12904 2.41302 3.26539 3.28072 3.37219 3.37271 3.78966 3.87176 
2.12904 2.41302 3.26539 3.28072 3.37219 3.37271 3.78966 3.87176 
2.12904 2.41302 3.26539 3.28072 3.37219 3.37271 3.78966 3.87176 
2.12904 2.41302 3.26539 3.28072 3.37219 3.37271 3.78966 3.87176 
2.12904 2.41302 3.26539 3.28072 3.37219 3.37271 3.78966 3.87176 
2.12904 2.41302 3.26539 3.28072 3.37219 3.37271 3.78966 3.87176 
2.12904 2.41302 3.26539 3.28072 3.37219 3.37271 3.78966 3.87176 
2.12904 2.41302 3.26539 3.28072 3.37219 3.37271 3.78966 3.87176 
2.12904 2.41302 3.26539 3.28072 3.37219 3.37271 3.78966 3.87176 
2.12904 2.41302 3.26539 3.28072 3.37219 3.37271 3.78966 3.87176 
2.12904 2.41302 3.26539 3.28072 3.37219 3.37271 3.78966 3.87176 
2.12904 2.41302 3.26539 3.28072 3.37219 3.37271 3.78966 3.87176 
2.12904 2.41302 3.26539 3.28072 3.37219 3.37271 3.78966 3.87176 
2.12904 2.41302 3.26539 3.28072 3.37219 3.37271 3.78966 3.87176 
2.12904 2.41302 3.26539 3.28072 3.37219 3.37271 3.78966 3.87176 
2.12904 2.41302 3.26539 3.28072 3.37219 3.37271 3.78966 3.87176 
2.12904 2.41302 3.26539 3.28072 3.37219 3.37271 3.78966 3.87176 
2.12904 2.41302 3.26539 3.28072 3.37219 3.37271 3.78966 3.87176 
2.12904 2.41302 3.26539 3.28072 3.37219 3.37271 3.78966 3.87176 
2.12904 2.41302 3.26539 3.28072 3.37219 3.37271 3.78966 3.87176 
2.12904 2.41302 3.26539 3.28072 3.37219 3.37271 3.78966 3.87176 
2.12904 2.41302 3.26539 3.28072 3.37219 3.37271 3.78966 3.87176 
2.12904 2.41302 3.26539 3.28072 3.37219 3.37271 3.78966 3.87176 
2.12904 2.41302 3.26539 3.28072 3.37219 3.37271 3.78966 3.87176 
2.12904 2.41302 3.26539 3.28072 3.37219 3.37271 3.78966 3.87176 
2.12904 2.41302 3.26539 3.28072 3.37219 3.37271 3.78966 3.87176 
2.12904 2.41302 3.26539 3.28072 3.37219 3.37271 3.78966 3.87176 
2.12904 2.41302 3.26539 3.28072 3.37219 3.37271 3.78966 3.87176 
2.12904 2.41302 3.26539 3.28072 3.37219 3.37271 3.78966 3.87176 
2.12904 2.41302 3.26539 3.28072 3.37219 3.37271 3.78966 3.87176 
2.12904 2.41302 3.26539 3.28072 3.37219 3.37271 3.78966 3.87176 
2.12904 2.41302 3.26539 3.28072 3.37219 3.37271 3.78966 3.87176 
2.12904 2.41302 3.26539 3.28072 3.37219 3.37271 3.78966 3.87176 
2.12904 2.41302 3.26539 3.28072 3.37219 3.37271 3.78966 3.87176 
2.12904 2.41302 3.26539 3.28072 3.37219 3.37271 3.78966 3.87176 
