1.14422 3.11391 3.41415 3.57478 4.04058 4.57433 4.98782 5.01132 
1.14422 3.11391 3.41415 3.57478 4.04058 4.50066 4.57433 4.63771 
1.14422 3.11391 3.41415 3.55824 3.57478 4.04058 4.50066 4.57433 
1.14422 3.11391 3.41415 3.52188 3.55824 3.57478 4.04058 4.50066 
1.14422 3.11391 3.41415 3.52188 3.55824 3.57478 3.97341 4.04058 
1.14422 3.11391 3.41415 3.52188 3.55824 3.57478 3.97341 4.04058 
1.14422 3.11391 3.41415 3.52188 3.55824 3.57478 3.85595 3.97341 
1.14422 3.11391 3.41415 3.52188 3.55824 3.57478 3.85595 3.97341 
1.14422 3.11391 3.41415 3.52188 3.55824 3.57478 3.85595 3.97341 
1.14422 3.11391 3.41415 3.52188 3.55824 3.57478 3.85595 3.97341 
1.14422 3.11391 3.41415 3.52188 3.55824 3.57478 3.62289 3.85595 
1.14422 3.11391 3.41415 3.52188 3.55824 3.57478 3.62289 3.85595 
1.14422 3.11391 3.41415 3.52188 3.55824 3.57478 3.62289 3.85595 
1.14422 3.11391 3.41415 3.52188 3.55824 3.57478 3.62289 3.85595 
1.14422 3.11391 3.41415 3.52188 3.55824 3.57478 3.62289 3.85595 
1.14422 3.11391 3.41415 3.52188 3.55824 3.57478 3.62289 3.85595 
1.14422 3.11391 3.41415 3.52188 3.55824 3.57478 3.62289 3.85595 
1.14422 3.11391 3.41415 3.52188 3.55824 3.57478 3.62289 3.85595 
1.14422 3.11391 3.41415 3.52188 3.55824 3.57478 3.62289 3.85595 
1.14422 3.11391 3.41415 3.52188 3.55824 3.57478 3.62289 3.85595 
1.14422 3.11391 3.41415 3.52188 3.55824 3.57478 3.62289 3.85595 
1.14422 3.11391 3.41415 3.52188 3.55824 3.57478 3.62289 3.85595 
1.14422 3.11391 3.41415 3.52188 3.55824 3.57478 3.62289 3.85595 
1.14422 3.11391 3.41415 3.52188 3.55824 3.57478 3.62289 3.85595 
1.14422 3.11391 3.41415 3.52188 3.55824 3.57478 3.62289 3.85595 
1.14422 3.11391 3.41415 3.52188 3.55824 3.57478 3.62289 3.85595 
1.14422 3.11391 3.41415 3.52188 3.55824 3.57478 3.62289 3.85595 
1.14422 3.11391 3.41415 3.52188 3.55824 3.57478 3.62289 3.85595 
1.14422 3.11391 3.41415 3.52188 3.55824 3.57478 3.62289 3.85595 
1.14422 3.11391 3.41415 3.52188 3.55824 3.57478 3.62289 3.85595 
1.14422 3.11391 3.41415 3.52188 3.55824 3.57478 3.62289 3.85595 
1.14422 3.11391 3.41415 3.52188 3.55824 3.57478 3.62289 3.85595 
1.14422 3.11391 3.41415 3.52188 3.55824 3.57478 3.62289 3.85595 
1.14422 3.11391 3.41415 3.52188 3.55824 3.57478 3.62289 3.85595 
1.14422 3.11391 3.41415 3.52188 3.55824 3.57478 3.62289 3.85595 
1.14422 3.11391 3.41415 3.52188 3.55824 3.57478 3.62289 3.85595 
1.14422 3.11391 3.41415 3.52188 3.55824 3.57478 3.62289 3.85595 
1.14422 3.11391 3.41415 3.52188 3.55824 3.57478 3.62289 3.85595 
1.14422 3.11391 3.41415 3.52188 3.55824 3.57478 3.62289 3.85595 
1.14422 3.11391 3.41415 3.52188 3.55824 3.57478 3.62289 3.85595 
1.14422 3.11391 3.41415 3.52188 3.55824 3.57478 3.62289 3.85595 
1.14422 3.11391 3.41415 3.52188 3.55824 3.57478 3.62289 3.85595 
1.14422 3.11391 3.41415 3.52188 3.55824 3.57478 3.62289 3.85595 
1.14422 3.11391 3.41415 3.52188 3.55824 3.57478 3.62289 3.85595 
1.14422 3.11391 3.41415 3.52188 3.55824 3.57478 3.62289 3.85595 
1.14422 3.11391 3.41415 3.52188 3.55824 3.57478 3.62289 3.85595 
1.14422 3.11391 3.41415 3.52188 3.55824 3.57478 3.62289 3.85595 
1.14422 3.11391 3.41415 3.52188 3.55824 3.57478 3.62289 3.85595 
1.14422 3.11391 3.41415 3.52188 3.55824 3.57478 3.62289 3.85595 
1.14422 3.11391 3.41415 3.52188 3.55824 3.57478 3.62289 3.85595 
1.14422 3.11391 3.41415 3.52188 3.55824 3.57478 3.62289 3.85595 
1.14422 3.11391 3.41415 3.52188 3.55824 3.57478 3.62289 3.85595 
1.14422 3.11391 3.41415 3.52188 3.55824 3.57478 3.62289 3.85595 
1.14422 3.11391 3.41415 3.52188 3.55824 3.57478 3.62289 3.85595 
1.14422 3.11391 3.41415 3.52188 3.55824 3.57478 3.62289 3.85595 
1.14422 3.11391 3.41415 3.52188 3.55824 3.57478 3.62289 3.85595 
1.14422 3.11391 3.41415 3.52188 3.55824 3.57478 3.62289 3.85595 
1.14422 3.11391 3.41415 3.52188 3.55824 3.57478 3.62289 3.85595 
1.14422 3.11391 3.41415 3.52188 3.55824 3.57478 3.62289 3.85595 
1.14422 3.11391 3.41415 3.52188 3.55824 3.57478 3.62289 3.85595 
1.14422 3.11391 3.41415 3.52188 3.55824 3.57478 3.62289 3.85595 
1.14422 3.11391 3.41415 3.52188 3.55824 3.57478 3.62289 3.85595 
1.14422 3.11391 3.41415 3.52188 3.55824 3.57478 3.62289 3.85595 
1.14422 3.11391 3.41415 3.52188 3.55824 3.57478 3.62289 3.85595 
1.14422 3.11391 3.41415 3.52188 3.55824 3.57478 3.62289 3.85595 
1.14422 3.11391 3.41415 3.52188 3.55824 3.57478 3.62289 3.85595 
1.14422 3.11391 3.41415 3.52188 3.55824 3.57478 3.62289 3.85595 
1.14422 3.11391 3.41415 3.52188 3.55824 3.57478 3.62289 3.85595 
1.14422 3.11391 3.41415 3.52188 3.55824 3.57478 3.62289 3.85595 
1.14422 3.11391 3.41415 3.52188 3.55824 3.57478 3.62289 3.85595 
1.14422 3.11391 3.41415 3.52188 3.55824 3.57478 3.62289 3.85595 
1.14422 3.11391 3.41415 3.52188 3.55824 3.57478 3.62289 3.85595 
1.14422 3.11391 3.41415 3.52188 3.55824 3.57478 3.62289 3.85595 
1.14422 3.11391 3.41415 3.52188 3.55824 3.57478 3.62289 3.85595 
1.14422 3.11391 3.41415 3.52188 3.55824 3.57478 3.62289 3.85595 
1.14422 3.11391 3.41415 3.52188 3.55824 3.57478 3.62289 3.85595 
1.14422 3.11391 3.41415 3.52188 3.55824 3.57478 3.62289 3.85595 
1.14422 3.11391 3.41415 3.52188 3.55824 3.57478 3.62289 3.85595 
1.14422 3.11391 3.41415 3.52188 3.55824 3.57478 3.62289 3.85595 
1.14422 3.11391 3.41415 3.52188 3.55824 3.57478 3.62289 3.85595 
1.14422 3.11391 3.41415 3.52188 3.55824 3.57478 3.62289 3.85595 
1.14422 3.11391 3.41415 3.52188 3.55824 3.57478 3.62289 3.85595 
1.14422 3.11391 3.41415 3.52188 3.55824 3.57478 3.62289 3.85595 
1.14422 3.11391 3.41415 3.52188 3.55824 3.57478 3.62289 3.85595 
1.14422 3.11391 3.41415 3.52188 3.55824 3.57478 3.62289 3.85595 
1.14422 3.11391 3.41415 3.52188 3.55824 3.57478 3.62289 3.85595 
1.14422 3.11391 3.41415 3.52188 3.55824 3.57478 3.62289 3.85595 
1.14422 3.11391 3.41415 3.52188 3.55824 3.57478 3.62289 3.85595 
1.14422 3.11391 3.41415 3.52188 3.55824 3.57478 3.62289 3.85595 
1.14422 3.11391 3.41415 3.52188 3.55824 3.57478 3.62289 3.85595 
1.14422 3.11391 3.41415 3.52188 3.55824 3.57478 3.62289 3.85595 
1.14422 3.11391 3.41415 3.52188 3.55824 3.57478 3.62289 3.85595 
1.14422 3.11391 3.41415 3.52188 3.55824 3.57478 3.62289 3.85595 
1.14422 3.11391 3.41415 3.52188 3.55824 3.57478 3.62289 3.85595 
1.14422 3.11391 3.41415 3.52188 3.55824 3.57478 3.62289 3.85595 
1.14422 3.11391 3.41415 3.52188 3.55824 3.57478 3.62289 3.85595 
1.14422 3.11391 3.41415 3.52188 3.55824 3.57478 3.62289 3.85595 
1.14422 3.11391 3.41415 3.52188 3.55824 3.57478 3.62289 3.85595 
1.14422 3.11391 3.41415 3.52188 3.55824 3.57478 3.62289 3.85595 
1.14422 3.11391 3.41415 3.52188 3.55824 3.57478 3.62289 3.85595 
