3.25464 3.60791 4.84959 5.07494 5.1897 5.23902 6.23613 6.64272 
3.2539 3.25464 3.60791 4.84959 5.07494 5.1897 5.23902 6.23613 
3.2539 3.25464 3.60791 4.84959 5.07494 5.1897 5.23902 6.23613 
3.2539 3.25464 3.60791 4.84959 5.07494 5.1897 5.23902 6.23613 
3.2539 3.25464 3.60791 4.84959 5.07494 5.1897 5.23902 6.23613 
3.2539 3.25464 3.60791 4.84959 5.07494 5.1897 5.23902 5.63265 
3.2539 3.25464 3.60791 3.64314 4.84959 5.07494 5.1897 5.23902 
3.01903 3.2539 3.25464 3.60791 3.64314 4.84959 5.07494 5.1897 
3.01903 3.2539 3.25464 3.60791 3.64314 4.84959 5.07494 5.1897 
3.01903 3.2494 3.2539 3.25464 3.60791 3.64314 4.84959 5.07494 
3.01903 3.2494 3.2539 3.25464 3.60791 3.64314 4.84959 5.07494 
3.01903 3.2494 3.2539 3.25464 3.60791 3.64314 4.84959 5.07494 
3.01903 3.2494 3.2539 3.25464 3.60791 3.64314 4.84959 5.07494 
3.01903 3.2494 3.2539 3.25464 3.60791 3.64314 4.84959 5.07494 
3.01903 3.2494 3.2539 3.25464 3.28582 3.60791 3.64314 3.74687 
3.01903 3.2494 3.2539 3.25464 3.28582 3.60791 3.64314 3.74687 
3.01903 3.2494 3.2539 3.25464 3.28582 3.60791 3.64314 3.74687 
3.01903 3.13148 3.2494 3.2539 3.25464 3.28582 3.60791 3.64314 
2.13133 3.01903 3.13148 3.2494 3.2539 3.25464 3.28582 3.53245 
2.13133 2.9239 3.01903 3.13148 3.2494 3.2539 3.25464 3.28582 
2.13133 2.9239 3.01903 3.13148 3.2494 3.2539 3.25464 3.28582 
2.13133 2.9239 3.01903 3.13148 3.2494 3.2539 3.25464 3.28582 
2.13133 2.9239 3.01903 3.13148 3.20713 3.2494 3.2539 3.25464 
2.13133 2.9239 3.01903 3.13148 3.20713 3.2494 3.2539 3.25464 
2.13133 2.9239 3.01903 3.13148 3.20713 3.22785 3.2494 3.2539 
2.13133 2.9239 3.01903 3.13148 3.20713 3.22785 3.2494 3.2539 
1.6957 2.13133 2.76183 2.9239 2.98279 3.01903 3.13148 3.20713 
1.6957 2.13133 2.76183 2.9239 2.98279 3.01903 3.13148 3.20713 
1.6957 2.13133 2.76183 2.9239 2.98279 3.01903 3.13148 3.20713 
1.6957 2.13133 2.76183 2.9239 2.98279 3.01903 3.0386 3.13148 
1.49191 1.6957 2.13133 2.76183 2.9239 2.98279 3.01903 3.0386 
1.49191 1.6957 2.13133 2.76183 2.9239 2.98279 3.01903 3.0386 
1.49191 1.6957 2.13133 2.61836 2.76183 2.76993 2.82822 2.9239 
1.49191 1.6957 2.13133 2.49324 2.61836 2.76183 2.76993 2.82822 
1.49191 1.6957 2.13133 2.49324 2.61836 2.76183 2.76993 2.82822 
1.49191 1.6957 2.13133 2.49324 2.61836 2.76183 2.76993 2.78003 
1.49191 1.6957 2.13133 2.49324 2.61836 2.76183 2.76993 2.78003 
1.49191 1.6957 2.13133 2.4638 2.49324 2.61836 2.76183 2.76993 
1.49191 1.6957 2.13133 2.4638 2.49324 2.52447 2.61836 2.76183 
1.49191 1.6957 2.13133 2.40878 2.4638 2.49324 2.52447 2.61836 
1.49191 1.6957 2.13133 2.40878 2.4638 2.49324 2.52447 2.61836 
1.49191 1.6957 2.13133 2.40878 2.4638 2.49324 2.52447 2.61836 
1.49191 1.6957 2.13133 2.40878 2.4638 2.49324 2.52447 2.61836 
1.49191 1.6957 2.13133 2.40878 2.4638 2.49324 2.52447 2.58612 
0.794259 1.49191 1.6957 2.13133 2.40878 2.4638 2.49324 2.52447 
0.794259 1.49191 1.6957 1.81277 2.13133 2.40878 2.4638 2.49324 
0.794259 1.49191 1.6957 1.81277 2.13133 2.40878 2.4638 2.49324 
0.794259 1.49191 1.6957 1.73615 1.81277 2.13133 2.40878 2.42774 
0.794259 1.24999 1.49191 1.6957 1.73615 1.81277 2.13133 2.40878 
0.357055 0.794259 1.24999 1.49191 1.6957 1.73615 1.81277 2.13133 
0.357055 0.794259 1.24999 1.49191 1.6957 1.73615 1.81277 2.13133 
0.357055 0.794259 1.17535 1.24999 1.49191 1.6957 1.73615 1.81277 
0.357055 0.794259 0.96655 1.17535 1.24999 1.49191 1.6957 1.73615 
0.357055 0.794259 0.96655 1.17535 1.24999 1.49191 1.6957 1.73615 
0.357055 0.794259 0.96655 1.17535 1.24999 1.49191 1.6957 1.73615 
0.357055 0.794259 0.96655 1.17535 1.24999 1.47548 1.49191 1.6957 
0.357055 0.794259 0.96655 1.17535 1.24999 1.47548 1.49191 1.6957 
0.357055 0.794259 0.96655 1.17535 1.24999 1.47548 1.49191 1.6957 
0.357055 0.794259 0.96655 1.17535 1.24999 1.47548 1.49191 1.6957 
0.357055 0.794259 0.96655 1.17535 1.24999 1.47548 1.49191 1.6957 
0.357055 0.794259 0.96655 1.17535 1.24999 1.47548 1.49191 1.6957 
0.357055 0.794259 0.96655 1.17535 1.24999 1.47548 1.49191 1.6957 
0.357055 0.794259 0.96655 1.17535 1.24999 1.47548 1.49191 1.6957 
0.357055 0.794259 0.96655 1.17535 1.24999 1.47548 1.49191 1.6957 
0.357055 0.794259 0.96655 1.17535 1.24999 1.47548 1.49191 1.6957 
0.357055 0.794259 0.96655 1.17535 1.24999 1.47548 1.49191 1.6957 
0.357055 0.794259 0.96655 1.17535 1.24999 1.47548 1.49191 1.6957 
0.357055 0.794259 0.96655 1.17535 1.24999 1.47548 1.49191 1.6957 
0.357055 0.794259 0.96655 1.17535 1.24999 1.47548 1.49191 1.6957 
0.357055 0.794259 0.96655 1.17535 1.24999 1.47548 1.49191 1.6957 
0.357055 0.794259 0.96655 1.17535 1.24999 1.47548 1.49191 1.6957 
0.357055 0.794259 0.96655 1.17535 1.24999 1.47548 1.49191 1.6957 
0.357055 0.794259 0.96655 1.17535 1.24999 1.47548 1.49191 1.6957 
0.357055 0.794259 0.96655 1.17535 1.24999 1.47548 1.49191 1.6957 
0.357055 0.794259 0.96655 1.17535 1.24999 1.47548 1.49191 1.6957 
0.357055 0.794259 0.96655 1.17535 1.24999 1.47548 1.49191 1.6957 
0.357055 0.794259 0.96655 1.17535 1.24999 1.47548 1.49191 1.6957 
0.357055 0.794259 0.96655 1.17535 1.24999 1.47548 1.49191 1.6957 
0.357055 0.794259 0.96655 1.17535 1.19056 1.24999 1.31614 1.47548 
0.357055 0.794259 0.96655 1.17535 1.19056 1.24999 1.31614 1.47548 
0.357055 0.794259 0.96655 1.17535 1.19056 1.24999 1.31614 1.47548 
0.357055 0.794259 0.96655 1.17535 1.19056 1.24999 1.31614 1.47548 
0.357055 0.794259 0.96655 0.986519 1.17535 1.19056 1.24999 1.31614 
0.357055 0.794259 0.96655 0.986519 1.17535 1.19056 1.22262 1.24999 
0.357055 0.685455 0.794259 0.96655 0.986519 1.17535 1.19056 1.22262 
0.357055 0.685455 0.794259 0.96655 0.986519 1.17535 1.19056 1.22262 
0.357055 0.685455 0.794259 0.96655 0.986519 1.17535 1.19056 1.22262 
0.357055 0.685455 0.794259 0.96655 0.986519 1.17535 1.19056 1.22262 
0.357055 0.685455 0.794259 0.96655 0.986519 1.17535 1.19056 1.21235 
0.357055 0.685455 0.794259 0.96655 0.986519 1.17535 1.19056 1.21235 
0.357055 0.685455 0.794259 0.96655 0.986519 1.17535 1.19056 1.21235 
0.357055 0.380397 0.450651 0.685455 0.794259 0.96655 0.986519 1.04041 
0.357055 0.380397 0.450651 0.501053 0.685455 0.794259 0.96655 0.986519 
0.357055 0.380397 0.408073 0.450651 0.501053 0.685455 0.794259 0.96655 
0.357055 0.380397 0.408073 0.450651 0.501053 0.685455 0.794259 0.96655 
0.357055 0.380397 0.408073 0.437844 0.450651 0.501053 0.685455 0.794259 
0.357055 0.380397 0.408073 0.437844 0.450651 0.501053 0.685455 0.794259 
0.357055 0.380397 0.408073 0.437844 0.450651 0.501053 0.577102 0.685455 
0.252438 0.357055 0.380397 0.408073 0.437844 0.450651 0.501053 0.577102 
0.252438 0.357055 0.380397 0.408073 0.437844 0.450651 0.501053 0.577102 
