3.43076 4.42941 4.58205 5.1781 5.69171 5.85366 6.6513 6.8948 
3.43076 4.42941 4.58205 5.1781 5.66447 5.69171 5.85366 5.88592 
3.43076 4.19692 4.42941 4.58205 4.595 5.07006 5.1781 5.66447 
3.43076 4.19692 4.42941 4.58205 4.595 5.07006 5.1781 5.66447 
3.43076 3.47152 3.82324 4.19692 4.42941 4.5213 4.58205 4.595 
2.97844 3.43076 3.47152 3.82324 4.19692 4.19739 4.42941 4.5213 
2.97844 3.43076 3.47152 3.77317 3.82324 3.96787 4.19692 4.19739 
2.97844 3.14681 3.43076 3.47152 3.77317 3.82324 3.96787 4.19692 
2.97844 3.14681 3.43076 3.47152 3.77317 3.82324 3.96787 4.19692 
2.81582 2.97844 3.00709 3.14681 3.43076 3.47152 3.77317 3.82324 
2.81582 2.97844 3.00709 3.14681 3.23338 3.33602 3.43076 3.47152 
2.81582 2.97844 3.00709 3.14681 3.23338 3.27662 3.33602 3.43076 
2.81582 2.97844 3.00709 3.00711 3.14681 3.23338 3.27662 3.33602 
1.79314 2.81582 2.97844 3.00709 3.00711 3.14681 3.23338 3.27662 
1.79314 2.81582 2.97844 3.00709 3.00711 3.14681 3.23338 3.24265 
1.79314 2.56233 2.81582 2.97844 3.00709 3.00711 3.14681 3.23338 
1.79314 2.52736 2.56233 2.81582 2.92616 2.97844 3.00709 3.00711 
1.79314 2.52736 2.56233 2.71781 2.81582 2.92616 2.97844 3.00709 
1.11654 1.79314 2.38897 2.52736 2.56233 2.71781 2.81582 2.92616 
1.11654 1.79314 2.38897 2.52736 2.56233 2.71781 2.81582 2.92616 
1.11654 1.79314 2.38897 2.52736 2.56233 2.71781 2.72173 2.81582 
1.11654 1.79314 2.38897 2.52736 2.56233 2.71781 2.72173 2.81582 
0.0888729 1.11654 1.79314 2.38897 2.52736 2.56233 2.62077 2.67102 
0.0888729 1.11654 1.79314 2.38897 2.52736 2.56233 2.62077 2.67102 
0.0888729 1.11654 1.79314 2.38897 2.52736 2.56233 2.62077 2.67102 
0.0888729 0.483097 1.11654 1.79314 2.18978 2.38897 2.52736 2.56233 
0.0888729 0.483097 1.11654 1.79314 2.18978 2.38897 2.4136 2.52736 
0.0888729 0.483097 0.917112 1.11654 1.2423 1.79314 2.18978 2.38897 
0.0888729 0.483097 0.917112 1.11654 1.2423 1.68274 1.79314 2.18978 
0.0888729 0.483097 0.917112 1.11654 1.2423 1.68274 1.79314 2.18978 
0.0888729 0.483097 0.917112 1.11654 1.2423 1.68274 1.79314 2.18978 
0.0888729 0.483097 0.917112 1.11654 1.2423 1.68274 1.79314 2.18978 
0.0888729 0.483097 0.917112 1.11654 1.2423 1.68274 1.79314 2.18978 
0.0426918 0.0888729 0.483097 0.917112 1.06797 1.11654 1.2423 1.68274 
0.0426918 0.0888729 0.483097 0.917112 1.06797 1.11654 1.21109 1.2423 
0.0426918 0.0888729 0.483097 0.917112 0.948761 1.06797 1.11654 1.21109 
0.0426918 0.0888729 0.483097 0.917112 0.948761 1.06797 1.11654 1.21109 
0.0231431 0.0426918 0.0888729 0.483097 0.917112 0.948761 1.06797 1.11654 
0.0231431 0.0426918 0.0888729 0.298966 0.483097 0.917112 0.948761 1.06797 
0.0231431 0.0426918 0.0888729 0.298966 0.483097 0.917112 0.948761 1.06797 
0.0231431 0.0426918 0.0888729 0.298966 0.483097 0.917112 0.948761 1.06797 
0.0231431 0.0426918 0.0888729 0.298966 0.483097 0.857569 0.917112 0.948761 
0.0231431 0.0426918 0.0888729 0.298966 0.483097 0.857569 0.917112 0.948761 
0.0231431 0.0426918 0.0888729 0.298966 0.464375 0.483097 0.857569 0.917112 
0.0231431 0.0426918 0.0888729 0.298966 0.464375 0.483097 0.76581 0.857569 
0.0231431 0.0426918 0.0888729 0.298966 0.464375 0.483097 0.698214 0.76581 
0.0231431 0.0426918 0.0888729 0.298966 0.428195 0.464375 0.483097 0.698214 
0.0231431 0.0426918 0.0888729 0.298966 0.428195 0.464375 0.483097 0.698214 
0.0231431 0.0426918 0.0888729 0.298966 0.428195 0.464375 0.483097 0.534485 
0.0231431 0.0426918 0.0888729 0.298966 0.428195 0.464375 0.483097 0.534485 
0.0231431 0.0426918 0.0888729 0.298966 0.428195 0.464375 0.483097 0.483893 
0.0231431 0.0426918 0.0888729 0.298966 0.428195 0.464375 0.483097 0.483893 
0.0231431 0.0426918 0.0888729 0.298966 0.428195 0.464375 0.483097 0.483893 
0.0231431 0.0426918 0.0888729 0.298966 0.428195 0.464375 0.483097 0.483893 
0.0231431 0.0426918 0.0888729 0.298966 0.381015 0.428195 0.464375 0.483097 
0.0231431 0.0426918 0.0888729 0.206027 0.298966 0.372891 0.381015 0.428195 
0.0231431 0.0426918 0.0888729 0.206027 0.248469 0.298966 0.372891 0.381015 
0.0231431 0.0426918 0.0888729 0.206027 0.248469 0.298966 0.372891 0.381015 
0.0231431 0.0426918 0.0888729 0.206027 0.248469 0.298966 0.372891 0.381015 
0.0231431 0.0426918 0.0888729 0.206027 0.248469 0.298966 0.372891 0.381015 
0.0231431 0.0426918 0.0888729 0.206027 0.248469 0.298966 0.372891 0.381015 
0.0231431 0.0426918 0.0888729 0.206027 0.248469 0.298966 0.372891 0.381015 
0.0231431 0.0426918 0.0888729 0.206027 0.248469 0.298966 0.372891 0.381015 
0.0231431 0.0426918 0.0888729 0.206027 0.248469 0.298966 0.372891 0.381015 
0.0231431 0.0426918 0.0888729 0.206027 0.248469 0.277976 0.298966 0.372891 
0.0231431 0.0426918 0.0888729 0.206027 0.248469 0.277976 0.298966 0.372891 
0.0231431 0.0426918 0.0888729 0.206027 0.248469 0.277976 0.298966 0.308393 
0.0231431 0.0426918 0.0888729 0.206027 0.248469 0.277976 0.298966 0.308393 
0.0231431 0.0426918 0.0888729 0.206027 0.248469 0.277976 0.298966 0.308393 
0.0231431 0.0426918 0.0888729 0.206027 0.248469 0.277976 0.298966 0.308393 
0.0231431 0.0426918 0.0888729 0.206027 0.248469 0.277976 0.298966 0.308393 
0.0231431 0.0426918 0.0888729 0.206027 0.248469 0.277976 0.298966 0.308393 
0.0231431 0.0426918 0.0888729 0.206027 0.248469 0.277976 0.298966 0.308393 
0.0231431 0.0426918 0.0888729 0.206027 0.248469 0.277976 0.298966 0.308393 
0.0231431 0.0426918 0.0888729 0.206027 0.248469 0.277976 0.298966 0.308393 
0.0231431 0.0426918 0.0888729 0.206027 0.248469 0.277976 0.298966 0.308393 
0.0231431 0.0426918 0.0888729 0.206027 0.248469 0.277976 0.298966 0.308393 
0.0231431 0.0426918 0.0888729 0.206027 0.248469 0.277976 0.298966 0.308393 
0.0231431 0.0426918 0.0888729 0.206027 0.248469 0.277976 0.298966 0.308393 
0.0231431 0.0426918 0.0888729 0.206027 0.248469 0.277976 0.298966 0.308393 
0.0231431 0.0426918 0.0888729 0.206027 0.248469 0.277976 0.298966 0.308393 
0.0231431 0.0426918 0.0888729 0.206027 0.248469 0.277976 0.298966 0.308393 
0.0231431 0.0426918 0.0888729 0.206027 0.248469 0.277976 0.298966 0.308393 
0.0231431 0.0426918 0.0888729 0.206027 0.248469 0.277976 0.298966 0.308393 
0.0231431 0.0426918 0.0888729 0.206027 0.248469 0.277976 0.298966 0.308393 
0.0231431 0.0426918 0.0888729 0.206027 0.248469 0.277976 0.298966 0.308393 
0.0231431 0.0426918 0.0888729 0.206027 0.248469 0.277976 0.298966 0.308393 
0.0231431 0.0426918 0.0888729 0.206027 0.248469 0.277976 0.298966 0.308393 
0.0231431 0.0426918 0.0888729 0.206027 0.248469 0.277976 0.298966 0.308393 
0.0231431 0.0426918 0.0888729 0.206027 0.248469 0.277976 0.298966 0.308393 
0.0231431 0.0426918 0.0888729 0.206027 0.248469 0.277976 0.298966 0.308393 
0.0231431 0.0426918 0.0888729 0.206027 0.248469 0.277976 0.298966 0.308393 
0.0231431 0.0426918 0.0888729 0.206027 0.248469 0.277976 0.298966 0.308393 
0.0231431 0.0426918 0.0888729 0.206027 0.248469 0.277976 0.298966 0.308393 
0.0231431 0.0426918 0.0888729 0.206027 0.248469 0.277976 0.298966 0.308393 
0.0231431 0.0426918 0.0888729 0.206027 0.248469 0.277976 0.298966 0.308393 
0.0231431 0.0426918 0.0888729 0.206027 0.248469 0.277976 0.298966 0.308393 
0.0231431 0.0426918 0.0888729 0.206027 0.248469 0.277976 0.298966 0.308393 
0.0231431 0.0426918 0.0888729 0.206027 0.248469 0.277976 0.298966 0.308393 
0.0231431 0.0426918 0.0888729 0.206027 0.248469 0.277976 0.298966 0.308393 
