1.5982 3.15724 3.17132 3.51558 3.97685 4.28029 4.48032 4.50274 
1.5982 3.15724 3.17132 3.51558 3.67603 3.97685 4.28029 4.41803 
1.5982 3.15724 3.17132 3.51558 3.67603 3.92648 3.97685 4.11773 
1.5982 3.15724 3.17132 3.51558 3.67603 3.89108 3.92648 3.97685 
1.5982 3.15724 3.17132 3.51558 3.67603 3.89108 3.92648 3.97685 
1.5982 3.15724 3.17132 3.51558 3.67603 3.89108 3.92648 3.97685 
1.5982 3.15724 3.17132 3.51558 3.67603 3.89108 3.92648 3.97685 
1.5982 3.15724 3.17132 3.51558 3.67603 3.89108 3.92648 3.97685 
1.5982 3.15724 3.17132 3.51558 3.67603 3.89108 3.92648 3.97685 
1.5982 3.15724 3.17132 3.51558 3.67603 3.89108 3.92648 3.97685 
1.5982 3.15724 3.17132 3.51558 3.67603 3.89108 3.92648 3.97685 
1.5982 3.15724 3.17132 3.51558 3.67603 3.89108 3.92648 3.97685 
1.5982 3.15724 3.17132 3.51558 3.67603 3.89108 3.92648 3.97685 
1.5982 3.15724 3.17132 3.51558 3.67603 3.89108 3.92648 3.97685 
1.5982 3.15724 3.17132 3.51558 3.67603 3.89108 3.92648 3.97685 
1.5982 3.15724 3.17132 3.51558 3.67603 3.89108 3.92648 3.97685 
1.5982 3.15724 3.17132 3.51558 3.67603 3.89108 3.92648 3.97685 
1.5982 3.15724 3.17132 3.51558 3.67603 3.89108 3.92648 3.97685 
1.5982 3.15724 3.17132 3.51558 3.67603 3.89108 3.92648 3.97685 
1.5982 3.15724 3.17132 3.51558 3.67603 3.89108 3.92648 3.97685 
1.5982 3.15724 3.17132 3.51558 3.67603 3.89108 3.92648 3.97685 
1.5982 3.15724 3.17132 3.51558 3.67603 3.89108 3.92648 3.97685 
1.5982 3.15724 3.17132 3.51558 3.67603 3.89108 3.92648 3.97685 
1.5982 3.15724 3.17132 3.51558 3.67603 3.89108 3.92648 3.97685 
1.5982 3.15724 3.17132 3.51558 3.67603 3.89108 3.92648 3.97685 
1.5982 3.15724 3.17132 3.51558 3.67603 3.89108 3.92648 3.97685 
1.5982 3.15724 3.17132 3.51558 3.67603 3.89108 3.92648 3.97685 
1.5982 3.15724 3.17132 3.51558 3.67603 3.89108 3.92648 3.97685 
1.5982 3.15724 3.17132 3.51558 3.67603 3.89108 3.92648 3.97685 
1.5982 3.15724 3.17132 3.51558 3.67603 3.89108 3.92648 3.97685 
1.5982 3.15724 3.17132 3.51558 3.67603 3.89108 3.92648 3.97685 
1.5982 3.15724 3.17132 3.51558 3.67603 3.89108 3.92648 3.97685 
1.5982 3.15724 3.17132 3.51558 3.67603 3.89108 3.92648 3.97685 
1.5982 3.15724 3.17132 3.51558 3.67603 3.89108 3.92648 3.97685 
1.5982 3.15724 3.17132 3.51558 3.67603 3.89108 3.92648 3.97685 
1.5982 3.15724 3.17132 3.51558 3.67603 3.89108 3.92648 3.97685 
1.5982 3.15724 3.17132 3.51558 3.67603 3.89108 3.92648 3.97685 
1.5982 3.15724 3.17132 3.51558 3.67603 3.89108 3.92648 3.97685 
1.5982 3.15724 3.17132 3.51558 3.67603 3.89108 3.92648 3.97685 
1.5982 3.15724 3.17132 3.51558 3.67603 3.89108 3.92648 3.97685 
1.5982 3.15724 3.17132 3.51558 3.67603 3.89108 3.92648 3.97685 
1.5982 3.15724 3.17132 3.51558 3.67603 3.89108 3.92648 3.97685 
1.5982 3.15724 3.17132 3.51558 3.67603 3.89108 3.92648 3.97685 
1.5982 3.15724 3.17132 3.51558 3.67603 3.89108 3.92648 3.97685 
1.5982 3.15724 3.17132 3.51558 3.67603 3.89108 3.92648 3.97685 
1.5982 3.15724 3.17132 3.51558 3.67603 3.89108 3.92648 3.97685 
1.5982 3.15724 3.17132 3.51558 3.67603 3.89108 3.92648 3.97685 
1.5982 3.15724 3.17132 3.51558 3.67603 3.89108 3.92648 3.97685 
1.5982 3.15724 3.17132 3.51558 3.67603 3.89108 3.92648 3.97685 
1.5982 3.15724 3.17132 3.51558 3.67603 3.89108 3.92648 3.97685 
1.5982 3.15724 3.17132 3.51558 3.67603 3.89108 3.92648 3.97685 
1.5982 3.15724 3.17132 3.51558 3.67603 3.89108 3.92648 3.97685 
1.5982 3.15724 3.17132 3.51558 3.67603 3.89108 3.92648 3.97685 
1.5982 3.15724 3.17132 3.51558 3.67603 3.89108 3.92648 3.97685 
1.5982 3.15724 3.17132 3.51558 3.67603 3.89108 3.92648 3.97685 
1.5982 3.15724 3.17132 3.51558 3.67603 3.89108 3.92648 3.97685 
1.5982 3.15724 3.17132 3.51558 3.67603 3.89108 3.92648 3.97685 
1.5982 3.15724 3.17132 3.51558 3.67603 3.89108 3.92648 3.97685 
1.5982 3.15724 3.17132 3.51558 3.67603 3.89108 3.92648 3.97685 
1.5982 3.15724 3.17132 3.51558 3.67603 3.89108 3.92648 3.97685 
1.5982 3.15724 3.17132 3.51558 3.67603 3.89108 3.92648 3.97685 
1.5982 3.15724 3.17132 3.51558 3.67603 3.89108 3.92648 3.97685 
1.5982 3.15724 3.17132 3.51558 3.67603 3.89108 3.92648 3.97685 
1.5982 3.15724 3.17132 3.51558 3.67603 3.89108 3.92648 3.97685 
1.5982 3.15724 3.17132 3.51558 3.67603 3.89108 3.92648 3.97685 
1.5982 3.15724 3.17132 3.51558 3.67603 3.89108 3.92648 3.97685 
1.5982 3.15724 3.17132 3.51558 3.67603 3.89108 3.92648 3.97685 
1.5982 3.15724 3.17132 3.51558 3.67603 3.89108 3.92648 3.97685 
1.5982 3.15724 3.17132 3.51558 3.67603 3.89108 3.92648 3.97685 
1.5982 3.15724 3.17132 3.51558 3.67603 3.89108 3.92648 3.97685 
1.5982 3.15724 3.17132 3.51558 3.67603 3.89108 3.92648 3.97685 
1.5982 3.15724 3.17132 3.51558 3.67603 3.89108 3.92648 3.97685 
1.5982 3.15724 3.17132 3.51558 3.67603 3.89108 3.92648 3.97685 
1.5982 3.15724 3.17132 3.51558 3.67603 3.89108 3.92648 3.97685 
1.5982 3.15724 3.17132 3.51558 3.67603 3.89108 3.92648 3.97685 
1.5982 3.15724 3.17132 3.51558 3.67603 3.89108 3.92648 3.97685 
1.5982 3.15724 3.17132 3.51558 3.67603 3.89108 3.92648 3.97685 
1.5982 3.15724 3.17132 3.51558 3.67603 3.89108 3.92648 3.97685 
1.5982 3.15724 3.17132 3.51558 3.67603 3.89108 3.92648 3.97685 
1.5982 3.15724 3.17132 3.51558 3.67603 3.89108 3.92648 3.97685 
1.5982 3.15724 3.17132 3.51558 3.67603 3.89108 3.92648 3.97685 
1.5982 3.15724 3.17132 3.51558 3.67603 3.89108 3.92648 3.97685 
1.5982 3.15724 3.17132 3.51558 3.67603 3.89108 3.92648 3.97685 
1.5982 3.15724 3.17132 3.51558 3.67603 3.89108 3.92648 3.97685 
1.5982 3.15724 3.17132 3.51558 3.67603 3.89108 3.92648 3.97685 
1.5982 3.15724 3.17132 3.51558 3.67603 3.89108 3.92648 3.97685 
1.5982 3.15724 3.17132 3.51558 3.67603 3.89108 3.92648 3.97685 
1.5982 3.15724 3.17132 3.51558 3.67603 3.89108 3.92648 3.97685 
1.5982 3.15724 3.17132 3.51558 3.67603 3.89108 3.92648 3.97685 
1.5982 3.15724 3.17132 3.51558 3.67603 3.89108 3.92648 3.97685 
1.5982 3.15724 3.17132 3.51558 3.67603 3.89108 3.92648 3.97685 
1.5982 3.15724 3.17132 3.51558 3.67603 3.89108 3.92648 3.97685 
1.5982 3.15724 3.17132 3.51558 3.67603 3.89108 3.92648 3.97685 
1.5982 3.15724 3.17132 3.51558 3.67603 3.89108 3.92648 3.97685 
1.5982 3.15724 3.17132 3.51558 3.67603 3.89108 3.92648 3.97685 
1.5982 3.15724 3.17132 3.51558 3.67603 3.89108 3.92648 3.97685 
1.5982 3.15724 3.17132 3.51558 3.67603 3.89108 3.92648 3.97685 
1.5982 3.15724 3.17132 3.51558 3.67603 3.89108 3.92648 3.97685 
1.5982 3.15724 3.17132 3.51558 3.67603 3.89108 3.92648 3.97685 
1.5982 3.15724 3.17132 3.51558 3.67603 3.89108 3.92648 3.97685 
