3.00865 3.69603 3.97416 3.98618 4.16671 4.4388 4.62345 4.74908 
2.23521 3.00865 3.45037 3.69603 3.86439 3.97416 3.98618 4.16671 
2.10004 2.23521 3.00865 3.45037 3.69603 3.86439 3.97416 3.98618 
2.10004 2.23521 3.00865 3.45037 3.69603 3.86439 3.97416 3.98618 
2.10004 2.23521 3.00865 3.45037 3.69603 3.86439 3.97416 3.98618 
2.10004 2.23521 3.00865 3.45037 3.69603 3.86439 3.97416 3.98618 
2.10004 2.23521 3.00865 3.45037 3.69603 3.86439 3.97416 3.98618 
2.10004 2.23521 3.00865 3.45037 3.69603 3.86439 3.97416 3.98618 
2.10004 2.23521 3.00865 3.45037 3.69603 3.86439 3.97416 3.98618 
2.10004 2.23521 3.00865 3.45037 3.69603 3.69835 3.86439 3.97416 
2.10004 2.23521 3.00865 3.45037 3.69603 3.69835 3.86439 3.97416 
2.10004 2.23521 3.00865 3.45037 3.69603 3.69835 3.86439 3.97416 
2.10004 2.23521 3.00865 3.45037 3.69603 3.69835 3.86439 3.97416 
2.10004 2.23521 3.00865 3.45037 3.69603 3.69835 3.86439 3.97416 
2.10004 2.23521 3.00865 3.45037 3.69603 3.69835 3.86439 3.97416 
2.10004 2.23521 3.00865 3.45037 3.69603 3.69835 3.86439 3.97416 
2.10004 2.23521 3.00865 3.45037 3.69603 3.69835 3.86439 3.97416 
2.10004 2.23521 3.00865 3.45037 3.69603 3.69835 3.86439 3.97416 
2.10004 2.23521 3.00865 3.45037 3.69603 3.69835 3.86439 3.97416 
2.10004 2.23521 3.00865 3.45037 3.69603 3.69835 3.86439 3.97416 
2.10004 2.23521 3.00865 3.45037 3.69603 3.69835 3.86439 3.97416 
2.10004 2.23521 3.00865 3.45037 3.69603 3.69835 3.86439 3.97416 
2.10004 2.23521 3.00865 3.45037 3.69603 3.69835 3.86439 3.97416 
2.10004 2.23521 3.00865 3.45037 3.69603 3.69835 3.86439 3.97416 
2.10004 2.23521 3.00865 3.45037 3.69603 3.69835 3.86439 3.97416 
2.10004 2.23521 3.00865 3.45037 3.69603 3.69835 3.86439 3.97416 
2.10004 2.23521 3.00865 3.45037 3.69603 3.69835 3.86439 3.97416 
2.10004 2.23521 3.00865 3.45037 3.69603 3.69835 3.86439 3.97416 
2.10004 2.23521 3.00865 3.45037 3.69603 3.69835 3.86439 3.97416 
2.10004 2.23521 3.00865 3.45037 3.69603 3.69835 3.86439 3.97416 
2.10004 2.23521 3.00865 3.45037 3.69603 3.69835 3.86439 3.97416 
2.10004 2.23521 3.00865 3.45037 3.69603 3.69835 3.86439 3.97416 
2.10004 2.23521 3.00865 3.45037 3.69603 3.69835 3.86439 3.97416 
2.10004 2.23521 3.00865 3.45037 3.69603 3.69835 3.86439 3.97416 
2.10004 2.23521 3.00865 3.45037 3.69603 3.69835 3.86439 3.97416 
2.10004 2.23521 3.00865 3.45037 3.69603 3.69835 3.86439 3.97416 
2.10004 2.23521 3.00865 3.45037 3.69603 3.69835 3.86439 3.97416 
2.10004 2.23521 3.00865 3.45037 3.69603 3.69835 3.86439 3.97416 
2.10004 2.23521 3.00865 3.45037 3.69603 3.69835 3.86439 3.97416 
2.10004 2.23521 3.00865 3.45037 3.69603 3.69835 3.86439 3.97416 
2.10004 2.23521 3.00865 3.45037 3.69603 3.69835 3.86439 3.97416 
2.10004 2.23521 3.00865 3.45037 3.69603 3.69835 3.86439 3.97416 
2.10004 2.23521 3.00865 3.45037 3.69603 3.69835 3.86439 3.97416 
2.10004 2.23521 3.00865 3.45037 3.69603 3.69835 3.86439 3.97416 
2.10004 2.23521 3.00865 3.45037 3.69603 3.69835 3.86439 3.97416 
2.10004 2.23521 3.00865 3.45037 3.69603 3.69835 3.86439 3.97416 
2.10004 2.23521 3.00865 3.45037 3.69603 3.69835 3.86439 3.97416 
2.10004 2.23521 3.00865 3.45037 3.69603 3.69835 3.86439 3.97416 
2.10004 2.23521 3.00865 3.45037 3.69603 3.69835 3.86439 3.97416 
2.10004 2.23521 3.00865 3.45037 3.69603 3.69835 3.86439 3.97416 
2.10004 2.23521 3.00865 3.45037 3.69603 3.69835 3.86439 3.97416 
2.10004 2.23521 3.00865 3.45037 3.69603 3.69835 3.86439 3.97416 
2.10004 2.23521 3.00865 3.45037 3.69603 3.69835 3.86439 3.97416 
2.10004 2.23521 3.00865 3.45037 3.69603 3.69835 3.86439 3.97416 
2.10004 2.23521 3.00865 3.45037 3.69603 3.69835 3.86439 3.97416 
2.10004 2.23521 3.00865 3.45037 3.69603 3.69835 3.86439 3.97416 
2.10004 2.23521 3.00865 3.45037 3.69603 3.69835 3.86439 3.97416 
2.10004 2.23521 3.00865 3.45037 3.69603 3.69835 3.86439 3.97416 
2.10004 2.23521 3.00865 3.45037 3.69603 3.69835 3.86439 3.97416 
2.10004 2.23521 3.00865 3.45037 3.69603 3.69835 3.86439 3.97416 
2.10004 2.23521 3.00865 3.45037 3.69603 3.69835 3.86439 3.97416 
2.10004 2.23521 3.00865 3.45037 3.69603 3.69835 3.86439 3.97416 
2.10004 2.23521 3.00865 3.45037 3.69603 3.69835 3.86439 3.97416 
2.10004 2.23521 3.00865 3.45037 3.69603 3.69835 3.86439 3.97416 
2.10004 2.23521 3.00865 3.45037 3.69603 3.69835 3.86439 3.97416 
2.10004 2.23521 3.00865 3.45037 3.69603 3.69835 3.86439 3.97416 
2.10004 2.23521 3.00865 3.45037 3.69603 3.69835 3.86439 3.97416 
2.10004 2.23521 3.00865 3.45037 3.69603 3.69835 3.86439 3.97416 
2.10004 2.23521 3.00865 3.45037 3.69603 3.69835 3.86439 3.97416 
2.10004 2.23521 3.00865 3.45037 3.69603 3.69835 3.86439 3.97416 
2.10004 2.23521 3.00865 3.45037 3.69603 3.69835 3.86439 3.97416 
2.10004 2.23521 3.00865 3.45037 3.69603 3.69835 3.86439 3.97416 
2.10004 2.23521 3.00865 3.45037 3.69603 3.69835 3.86439 3.97416 
2.10004 2.23521 3.00865 3.45037 3.69603 3.69835 3.86439 3.97416 
2.10004 2.23521 3.00865 3.45037 3.69603 3.69835 3.86439 3.97416 
2.10004 2.23521 3.00865 3.45037 3.69603 3.69835 3.86439 3.97416 
2.10004 2.23521 3.00865 3.45037 3.69603 3.69835 3.86439 3.97416 
2.10004 2.23521 3.00865 3.45037 3.69603 3.69835 3.86439 3.97416 
2.10004 2.23521 3.00865 3.45037 3.69603 3.69835 3.86439 3.97416 
2.10004 2.23521 3.00865 3.45037 3.69603 3.69835 3.86439 3.97416 
2.10004 2.23521 3.00865 3.45037 3.69603 3.69835 3.86439 3.97416 
2.10004 2.23521 3.00865 3.45037 3.69603 3.69835 3.86439 3.97416 
2.10004 2.23521 3.00865 3.45037 3.69603 3.69835 3.86439 3.97416 
2.10004 2.23521 3.00865 3.45037 3.69603 3.69835 3.86439 3.97416 
2.10004 2.23521 3.00865 3.45037 3.69603 3.69835 3.86439 3.97416 
2.10004 2.23521 3.00865 3.45037 3.69603 3.69835 3.86439 3.97416 
2.10004 2.23521 3.00865 3.45037 3.69603 3.69835 3.86439 3.97416 
2.10004 2.23521 3.00865 3.45037 3.69603 3.69835 3.86439 3.97416 
2.10004 2.23521 3.00865 3.45037 3.69603 3.69835 3.86439 3.97416 
2.10004 2.23521 3.00865 3.45037 3.69603 3.69835 3.86439 3.97416 
2.10004 2.23521 3.00865 3.45037 3.69603 3.69835 3.86439 3.97416 
2.10004 2.23521 3.00865 3.45037 3.69603 3.69835 3.86439 3.97416 
2.10004 2.23521 3.00865 3.45037 3.69603 3.69835 3.86439 3.97416 
2.10004 2.23521 3.00865 3.45037 3.69603 3.69835 3.86439 3.97416 
2.10004 2.23521 3.00865 3.45037 3.69603 3.69835 3.86439 3.97416 
2.10004 2.23521 3.00865 3.45037 3.69603 3.69835 3.86439 3.97416 
2.10004 2.23521 3.00865 3.45037 3.69603 3.69835 3.86439 3.97416 
2.10004 2.23521 3.00865 3.45037 3.69603 3.69835 3.86439 3.97416 
2.10004 2.23521 3.00865 3.45037 3.69603 3.69835 3.86439 3.97416 
2.10004 2.23521 3.00865 3.45037 3.69603 3.69835 3.86439 3.97416 
