2.45667 3.10405 3.97262 4.59906 4.88539 5.02684 5.36479 5.58602 
2.45667 3.10405 3.72668 3.97262 4.05921 4.59906 4.88539 5.02684 
2.45667 3.06578 3.10405 3.72668 3.8656 3.97262 4.05921 4.50746 
2.45667 3.06578 3.10405 3.72668 3.8656 3.97262 4.05921 4.12421 
2.45667 3.06578 3.10405 3.72668 3.8656 3.97262 4.05921 4.07375 
2.45667 3.06578 3.10405 3.72668 3.8656 3.89142 3.97262 4.05921 
2.45667 3.06578 3.10405 3.72668 3.8656 3.89142 3.97262 4.05921 
2.45667 3.06578 3.10405 3.72668 3.8656 3.89142 3.97262 4.05921 
2.45667 3.06578 3.10405 3.72668 3.8656 3.89142 3.97262 4.05921 
2.45667 3.06578 3.10405 3.72668 3.8367 3.8656 3.89142 3.97262 
2.45667 3.06578 3.10405 3.72668 3.8367 3.8656 3.89142 3.97262 
2.45667 3.06578 3.10405 3.64532 3.72668 3.73215 3.8367 3.8656 
2.45667 3.06578 3.10405 3.64532 3.72668 3.73215 3.8367 3.8656 
2.45667 3.06578 3.10405 3.64532 3.72668 3.73215 3.8367 3.8656 
2.45667 3.06578 3.10405 3.64532 3.72668 3.73215 3.8367 3.8656 
2.45667 3.06578 3.10405 3.64532 3.72668 3.73215 3.8367 3.8656 
2.45667 3.06578 3.10405 3.64532 3.72668 3.73215 3.8367 3.8656 
2.45667 3.06578 3.10405 3.64532 3.72668 3.73215 3.8367 3.8656 
2.45667 3.06578 3.10405 3.64532 3.72668 3.73215 3.8367 3.8656 
2.45667 3.06578 3.10405 3.64532 3.72668 3.73215 3.8367 3.8656 
2.45667 3.06578 3.10405 3.64532 3.72668 3.73215 3.8367 3.8656 
2.45667 3.06578 3.10405 3.64532 3.72668 3.73215 3.8367 3.8656 
2.45667 3.06578 3.10405 3.64532 3.72668 3.73215 3.8367 3.8656 
2.45667 3.06578 3.10405 3.64532 3.72668 3.73215 3.8367 3.8656 
2.45667 3.06578 3.10405 3.64532 3.72668 3.73215 3.8367 3.8656 
2.45667 3.06578 3.10405 3.64532 3.72668 3.73215 3.8367 3.8656 
2.45667 3.06578 3.10405 3.64532 3.72668 3.73215 3.8367 3.8656 
2.45667 3.06578 3.10405 3.64532 3.72668 3.73215 3.8367 3.8656 
2.45667 3.06578 3.10405 3.64532 3.72668 3.73215 3.8367 3.8656 
2.45667 3.06578 3.10405 3.64532 3.72668 3.73215 3.8367 3.8656 
2.45667 3.06578 3.10405 3.64532 3.72668 3.73215 3.8367 3.8656 
2.45667 3.06578 3.10405 3.64532 3.72668 3.73215 3.8367 3.8656 
2.45667 3.06578 3.10405 3.64532 3.72668 3.73215 3.8367 3.8656 
2.45667 3.06578 3.10405 3.64532 3.72668 3.73215 3.8367 3.8656 
2.45667 3.06578 3.10405 3.64532 3.72668 3.73215 3.8367 3.8656 
2.45667 3.06578 3.10405 3.64532 3.72668 3.73215 3.8367 3.8656 
2.45667 3.06578 3.10405 3.64532 3.72668 3.73215 3.8367 3.8656 
2.45667 3.06578 3.10405 3.64532 3.72668 3.73215 3.8367 3.8656 
2.45667 3.06578 3.10405 3.64532 3.72668 3.73215 3.8367 3.8656 
2.45667 3.06578 3.10405 3.64532 3.72668 3.73215 3.8367 3.8656 
2.45667 3.06578 3.10405 3.64532 3.72668 3.73215 3.8367 3.8656 
2.45667 3.06578 3.10405 3.64532 3.72668 3.73215 3.8367 3.8656 
2.45667 3.06578 3.10405 3.64532 3.72668 3.73215 3.8367 3.8656 
2.45667 3.06578 3.10405 3.64532 3.72668 3.73215 3.8367 3.8656 
2.45667 3.06578 3.10405 3.64532 3.72668 3.73215 3.8367 3.8656 
2.45667 3.06578 3.10405 3.64532 3.72668 3.73215 3.8367 3.8656 
2.45667 3.06578 3.10405 3.64532 3.72668 3.73215 3.8367 3.8656 
2.45667 3.06578 3.10405 3.64532 3.72668 3.73215 3.8367 3.8656 
2.45667 3.06578 3.10405 3.64532 3.72668 3.73215 3.8367 3.8656 
2.45667 3.06578 3.10405 3.64532 3.72668 3.73215 3.8367 3.8656 
2.45667 3.06578 3.10405 3.64532 3.72668 3.73215 3.8367 3.8656 
2.45667 3.06578 3.10405 3.64532 3.72668 3.73215 3.8367 3.8656 
2.45667 3.06578 3.10405 3.64532 3.72668 3.73215 3.8367 3.8656 
2.45667 3.06578 3.10405 3.64532 3.72668 3.73215 3.8367 3.8656 
2.45667 3.06578 3.10405 3.64532 3.72668 3.73215 3.8367 3.8656 
2.45667 3.06578 3.10405 3.64532 3.72668 3.73215 3.8367 3.8656 
2.45667 3.06578 3.10405 3.64532 3.72668 3.73215 3.8367 3.8656 
2.45667 3.06578 3.10405 3.64532 3.72668 3.73215 3.8367 3.8656 
2.45667 3.06578 3.10405 3.64532 3.72668 3.73215 3.8367 3.8656 
2.45667 3.06578 3.10405 3.64532 3.72668 3.73215 3.8367 3.8656 
2.45667 3.06578 3.10405 3.64532 3.72668 3.73215 3.8367 3.8656 
2.45667 3.06578 3.10405 3.64532 3.72668 3.73215 3.8367 3.8656 
2.45667 3.06578 3.10405 3.64532 3.72668 3.73215 3.8367 3.8656 
2.45667 3.06578 3.10405 3.64532 3.72668 3.73215 3.8367 3.8656 
2.45667 3.06578 3.10405 3.64532 3.72668 3.73215 3.8367 3.8656 
2.45667 3.06578 3.10405 3.64532 3.72668 3.73215 3.8367 3.8656 
2.45667 3.06578 3.10405 3.64532 3.72668 3.73215 3.8367 3.8656 
2.45667 3.06578 3.10405 3.64532 3.72668 3.73215 3.8367 3.8656 
2.45667 3.06578 3.10405 3.64532 3.72668 3.73215 3.8367 3.8656 
2.45667 3.06578 3.10405 3.64532 3.72668 3.73215 3.8367 3.8656 
2.45667 3.06578 3.10405 3.64532 3.72668 3.73215 3.8367 3.8656 
2.45667 3.06578 3.10405 3.64532 3.72668 3.73215 3.8367 3.8656 
2.45667 3.06578 3.10405 3.64532 3.72668 3.73215 3.8367 3.8656 
2.45667 3.06578 3.10405 3.64532 3.72668 3.73215 3.8367 3.8656 
2.45667 3.06578 3.10405 3.64532 3.72668 3.73215 3.8367 3.8656 
2.45667 3.06578 3.10405 3.64532 3.72668 3.73215 3.8367 3.8656 
2.45667 3.06578 3.10405 3.64532 3.72668 3.73215 3.8367 3.8656 
2.45667 3.06578 3.10405 3.64532 3.72668 3.73215 3.8367 3.8656 
2.45667 3.06578 3.10405 3.64532 3.72668 3.73215 3.8367 3.8656 
2.45667 3.06578 3.10405 3.64532 3.72668 3.73215 3.8367 3.8656 
2.45667 3.06578 3.10405 3.64532 3.72668 3.73215 3.8367 3.8656 
2.45667 3.06578 3.10405 3.64532 3.72668 3.73215 3.8367 3.8656 
2.45667 3.06578 3.10405 3.64532 3.72668 3.73215 3.8367 3.8656 
2.45667 3.06578 3.10405 3.64532 3.72668 3.73215 3.8367 3.8656 
2.45667 3.06578 3.10405 3.64532 3.72668 3.73215 3.8367 3.8656 
2.45667 3.06578 3.10405 3.64532 3.72668 3.73215 3.8367 3.8656 
2.45667 3.06578 3.10405 3.64532 3.72668 3.73215 3.8367 3.8656 
2.45667 3.06578 3.10405 3.64532 3.72668 3.73215 3.8367 3.8656 
2.45667 3.06578 3.10405 3.64532 3.72668 3.73215 3.8367 3.8656 
2.45667 3.06578 3.10405 3.64532 3.72668 3.73215 3.8367 3.8656 
2.45667 3.06578 3.10405 3.64532 3.72668 3.73215 3.8367 3.8656 
2.45667 3.06578 3.10405 3.64532 3.72668 3.73215 3.8367 3.8656 
2.45667 3.06578 3.10405 3.64532 3.72668 3.73215 3.8367 3.8656 
2.45667 3.06578 3.10405 3.64532 3.72668 3.73215 3.8367 3.8656 
2.45667 3.06578 3.10405 3.64532 3.72668 3.73215 3.8367 3.8656 
2.45667 3.06578 3.10405 3.64532 3.72668 3.73215 3.8367 3.8656 
2.45667 3.06578 3.10405 3.64532 3.72668 3.73215 3.8367 3.8656 
2.45667 3.06578 3.10405 3.64532 3.72668 3.73215 3.8367 3.8656 
2.45667 3.06578 3.10405 3.64532 3.72668 3.73215 3.8367 3.8656 
2.45667 3.06578 3.10405 3.64532 3.72668 3.73215 3.8367 3.8656 
