3.42893 3.49608 4.1049 4.26737 4.56059 5.05741 5.13868 5.91809 
2.67806 3.42893 3.49608 3.84799 4.1049 4.26737 4.37975 4.53296 
2.67806 3.42893 3.49608 3.84799 4.1049 4.26737 4.37975 4.53296 
2.67806 3.1394 3.42893 3.49608 3.84799 4.1049 4.12265 4.26737 
2.67806 2.81693 3.1394 3.42893 3.49608 3.84799 4.1049 4.12265 
2.67806 2.81693 3.1394 3.42893 3.49608 3.84799 4.1049 4.12265 
2.67806 2.81693 3.1394 3.3168 3.42893 3.49608 3.70628 3.84799 
2.67806 2.81226 2.81693 3.1394 3.3168 3.42893 3.49608 3.70628 
2.62528 2.67806 2.81226 2.81693 3.13924 3.1394 3.3168 3.42893 
2.62528 2.67806 2.81226 2.81693 3.08118 3.13924 3.1394 3.3168 
2.62528 2.67806 2.81226 2.81693 3.07883 3.08118 3.13924 3.1394 
2.62528 2.67806 2.81226 2.81693 3.07883 3.08118 3.13924 3.1394 
2.41757 2.62528 2.67806 2.81226 2.81693 2.93604 3.07883 3.08118 
0.762785 2.40594 2.41757 2.62528 2.67806 2.81226 2.81693 2.93604 
0.544378 0.762785 1.12075 2.40594 2.41757 2.62528 2.67806 2.81226 
0.544378 0.762785 1.12075 2.3637 2.40594 2.41757 2.62528 2.67806 
0.544378 0.762785 1.12075 2.3637 2.40594 2.41757 2.5654 2.62528 
0.544378 0.762785 1.12075 2.3637 2.40594 2.41757 2.50686 2.5654 
0.544378 0.762785 1.12075 2.3637 2.40594 2.41757 2.50686 2.5654 
0.544378 0.762785 1.12075 2.3637 2.40594 2.41757 2.50686 2.5654 
0.544378 0.762785 1.12075 2.3637 2.40594 2.41757 2.50686 2.5654 
0.544378 0.762785 1.12075 2.3637 2.40594 2.41757 2.50686 2.5654 
0.544378 0.762785 1.12075 2.3637 2.40594 2.41757 2.50686 2.5654 
0.544378 0.762785 1.12075 2.3637 2.40594 2.41757 2.50686 2.5654 
0.539539 0.544378 0.762785 1.12075 1.22493 2.04468 2.3637 2.40594 
0.539539 0.544378 0.762785 1.12075 1.22493 2.04468 2.3637 2.40594 
0.539539 0.544378 0.762785 1.12075 1.22493 1.30797 1.65618 2.04468 
0.539539 0.544378 0.762785 1.12075 1.22493 1.30797 1.65618 2.04468 
0.539539 0.544378 0.762785 1.12075 1.22493 1.30797 1.65618 2.04468 
0.539539 0.544378 0.762785 1.08888 1.12075 1.22493 1.30797 1.65618 
0.539539 0.544378 0.762785 1.08888 1.12075 1.22493 1.30797 1.65618 
0.539539 0.544378 0.762785 1.08888 1.12075 1.22493 1.30797 1.65618 
0.539539 0.544378 0.762785 1.08888 1.12075 1.22493 1.30797 1.65618 
0.539539 0.544378 0.762785 1.08888 1.12075 1.22493 1.30797 1.65618 
0.0884796 0.539539 0.544378 0.762785 1.08888 1.12075 1.22493 1.30797 
0.0884796 0.539539 0.544378 0.762785 1.08888 1.12075 1.22493 1.30797 
0.0884796 0.539539 0.544378 0.762785 1.08888 1.12075 1.22493 1.30797 
0.0884796 0.539539 0.544378 0.762785 1.08888 1.12075 1.22493 1.30797 
0.0884796 0.403892 0.539539 0.544378 0.762785 1.08888 1.12075 1.22493 
0.0884796 0.403892 0.539539 0.544378 0.718988 0.762785 1.08888 1.12075 
0.0884796 0.279325 0.403892 0.539539 0.544378 0.547813 0.718988 0.762785 
0.0884796 0.279325 0.403892 0.539539 0.544378 0.547813 0.718988 0.719979 
0.0884796 0.279325 0.403892 0.539539 0.544378 0.547813 0.718988 0.719979 
0.0884796 0.279325 0.32392 0.403892 0.539539 0.544378 0.547813 0.718988 
0.0884796 0.279325 0.32392 0.355306 0.403892 0.499309 0.539539 0.544378 
0.0884796 0.279325 0.32392 0.355306 0.403892 0.499309 0.539539 0.544378 
0.0884796 0.279325 0.32392 0.355306 0.403892 0.456609 0.499309 0.539539 
0.0884796 0.279325 0.32392 0.355306 0.403892 0.456609 0.499309 0.539539 
0.0884796 0.279325 0.32392 0.355306 0.403892 0.456609 0.499309 0.539539 
0.0884796 0.279325 0.32392 0.355306 0.403892 0.456609 0.499309 0.539539 
0.0884796 0.279325 0.32392 0.355306 0.403892 0.456609 0.499309 0.539539 
0.0884796 0.279325 0.32392 0.355306 0.403892 0.456609 0.465024 0.499309 
0.0884796 0.279325 0.281479 0.32392 0.355306 0.403892 0.456609 0.465024 
0.0884796 0.279325 0.281479 0.32392 0.355306 0.375325 0.403892 0.456609 
0.0884796 0.279325 0.281479 0.32392 0.355306 0.375325 0.403892 0.456609 
0.0884796 0.279325 0.281479 0.32392 0.355306 0.373324 0.375325 0.403892 
0.0884796 0.279325 0.281479 0.32392 0.355306 0.373324 0.375325 0.403892 
0.0884796 0.279325 0.281479 0.32392 0.355306 0.373324 0.375325 0.403892 
0.0884796 0.279325 0.281479 0.32392 0.355306 0.373324 0.375325 0.403892 
0.0884796 0.279325 0.281479 0.32392 0.355306 0.373324 0.375325 0.403892 
0.0884796 0.229144 0.279325 0.281479 0.32392 0.355306 0.373324 0.375325 
0.0518864 0.0884796 0.190682 0.229144 0.279325 0.281479 0.32392 0.355306 
0.0518864 0.0884796 0.190682 0.229144 0.244968 0.279325 0.281479 0.32392 
0.0518864 0.0884796 0.190682 0.229144 0.244968 0.279325 0.281479 0.32392 
0.0518864 0.0884796 0.190682 0.229144 0.244968 0.279325 0.281479 0.32392 
0.0518864 0.0884796 0.190682 0.229144 0.244968 0.279325 0.281479 0.32392 
0.0518864 0.0884796 0.190682 0.229144 0.244968 0.260703 0.279325 0.281479 
0.0518864 0.0884796 0.190682 0.229144 0.244968 0.260703 0.279325 0.281479 
0.0518864 0.0884796 0.190682 0.228999 0.229144 0.244968 0.260703 0.279325 
0.0518864 0.0884796 0.136185 0.190682 0.228999 0.229144 0.244968 0.260703 
0.0518864 0.0884796 0.136185 0.190682 0.228999 0.229144 0.244968 0.260703 
0.0518864 0.0884796 0.136185 0.190682 0.228999 0.229144 0.244968 0.260703 
0.0518864 0.0884796 0.136185 0.190682 0.228999 0.229144 0.244968 0.260703 
0.0518864 0.0884796 0.136185 0.190682 0.228999 0.229144 0.244968 0.260703 
0.0518864 0.0884796 0.136185 0.190682 0.228999 0.229144 0.244968 0.260703 
0.0518864 0.0884796 0.136185 0.190682 0.228999 0.229144 0.244968 0.260703 
0.0518864 0.0884796 0.136185 0.190682 0.228999 0.229144 0.244968 0.260703 
0.0518864 0.0884796 0.136185 0.190682 0.228999 0.229144 0.244968 0.260703 
0.0518864 0.0884796 0.136185 0.190682 0.228999 0.229144 0.244968 0.260703 
0.0518864 0.0884796 0.136185 0.190682 0.228999 0.229144 0.244968 0.260703 
0.0518864 0.0884796 0.136185 0.190682 0.228999 0.229144 0.244968 0.260703 
0.0518864 0.0884796 0.136185 0.190682 0.228999 0.229144 0.244968 0.260703 
0.0518864 0.0884796 0.136185 0.190682 0.228999 0.229144 0.244968 0.260703 
0.0518864 0.0884796 0.136185 0.190682 0.228999 0.229144 0.244968 0.260703 
0.0518864 0.0884796 0.136185 0.190682 0.228999 0.229144 0.244968 0.260703 
0.0518864 0.0884796 0.136185 0.190682 0.228999 0.229144 0.244968 0.260703 
0.0518864 0.0884796 0.136185 0.190682 0.228999 0.229144 0.244968 0.260703 
0.0518864 0.0884796 0.136185 0.190682 0.228999 0.229144 0.244968 0.260703 
0.0518864 0.0884796 0.136185 0.190682 0.228999 0.229144 0.244968 0.260703 
0.0518864 0.0884796 0.136185 0.190682 0.228999 0.229144 0.244968 0.260703 
0.0518864 0.0884796 0.136185 0.190682 0.228999 0.229144 0.244968 0.260703 
0.0518864 0.0884796 0.136185 0.190682 0.228999 0.229144 0.244968 0.260703 
0.0518864 0.0884796 0.136185 0.190682 0.228999 0.229144 0.244968 0.260703 
0.0518864 0.0884796 0.136185 0.190682 0.228999 0.229144 0.244968 0.260703 
0.0518864 0.0884796 0.136185 0.190682 0.228999 0.229144 0.244968 0.260703 
0.0518864 0.0884796 0.136185 0.190682 0.228999 0.229144 0.244968 0.260703 
0.0518864 0.0884796 0.136185 0.190682 0.228999 0.229144 0.244968 0.260703 
0.0518864 0.0884796 0.136185 0.190682 0.228999 0.229144 0.244968 0.260703 
0.0518864 0.0884796 0.136185 0.190682 0.228999 0.229144 0.244968 0.260703 
0.0518864 0.0884796 0.136185 0.190682 0.228999 0.229144 0.244968 0.260703 
