3.076 3.47531 3.54381 4.34578 4.54264 4.72413 5.50612 5.63743 
3.076 3.47531 3.54381 4.34578 4.47871 4.54264 4.55157 4.72413 
3.076 3.47531 3.54381 4.34578 4.47871 4.54264 4.55157 4.72413 
3.076 3.47531 3.54381 4.10124 4.34578 4.47871 4.54264 4.55157 
3.076 3.47531 3.54381 4.10124 4.34578 4.47871 4.54264 4.55157 
3.076 3.47531 3.54381 4.10124 4.34578 4.47871 4.54264 4.55157 
3.076 3.47531 3.54381 4.10124 4.34578 4.47871 4.54264 4.55157 
3.076 3.47531 3.54381 4.10124 4.34578 4.39672 4.47871 4.54264 
3.076 3.47531 3.54381 4.10124 4.34578 4.39672 4.47871 4.54264 
3.076 3.47531 3.54381 4.10124 4.34578 4.39672 4.47871 4.54264 
3.076 3.47531 3.54381 3.7364 4.10124 4.34578 4.39672 4.47871 
3.076 3.47531 3.54381 3.7364 4.10124 4.34578 4.39672 4.47871 
3.076 3.36648 3.47531 3.54381 3.7364 4.10124 4.34578 4.39672 
1.68069 3.076 3.36648 3.47531 3.54381 3.7364 4.10124 4.34578 
1.68069 3.076 3.36648 3.44292 3.47531 3.54381 3.7364 4.10124 
1.68069 3.076 3.36648 3.44292 3.47531 3.54381 3.6569 3.7364 
1.68069 3.076 3.36648 3.44292 3.47531 3.54381 3.6569 3.7364 
1.68069 3.076 3.36648 3.44292 3.47531 3.54381 3.6569 3.7364 
1.68069 3.076 3.36648 3.44292 3.47531 3.54381 3.6569 3.7364 
1.68069 3.076 3.13585 3.36648 3.44292 3.47531 3.54381 3.6569 
1.68069 3.076 3.13585 3.36648 3.44292 3.47531 3.54381 3.6569 
1.68069 3.07192 3.076 3.13585 3.36648 3.44292 3.47531 3.54381 
1.68069 2.73056 3.07192 3.076 3.13585 3.36648 3.44292 3.47531 
1.68069 2.11453 2.73056 3.07192 3.076 3.13585 3.36648 3.44292 
1.68069 2.11453 2.53119 2.73056 3.07192 3.076 3.10286 3.13585 
1.68069 2.11453 2.19375 2.53119 2.73056 3.07192 3.076 3.10286 
1.68069 2.11453 2.19375 2.53119 2.73056 3.07192 3.076 3.10286 
1.68069 2.11453 2.19375 2.53119 2.73056 3.07192 3.076 3.10286 
1.68069 1.75483 2.11453 2.19375 2.53119 2.73056 3.05635 3.07192 
1.68069 1.75483 2.11453 2.19375 2.53119 2.73056 3.05635 3.07192 
1.68069 1.75483 2.11453 2.19375 2.53119 2.73056 3.0377 3.05635 
1.68069 1.75483 2.11453 2.19375 2.53119 2.73056 3.0377 3.05635 
1.68069 1.75483 2.11453 2.19375 2.53119 2.73056 3.0377 3.05635 
1.68069 1.75483 2.11453 2.19375 2.53119 2.73056 3.00919 3.0377 
1.68069 1.75483 2.11453 2.19375 2.53119 2.73056 3.00919 3.0377 
1.68069 1.75483 2.11453 2.19375 2.53119 2.73056 2.73422 3.00919 
1.68069 1.75483 2.11453 2.19375 2.29288 2.53119 2.54489 2.68319 
1.68069 1.75483 2.11453 2.19375 2.29288 2.53119 2.54489 2.63566 
1.68069 1.75483 2.11453 2.19375 2.29288 2.53119 2.54489 2.63566 
0.757414 1.44656 1.68069 1.75483 2.11453 2.19375 2.29288 2.53119 
0.757414 1.44656 1.68069 1.75483 2.11453 2.19375 2.29288 2.53119 
0.757414 0.783504 1.44656 1.68069 1.75483 2.11453 2.19375 2.29288 
0.757414 0.783504 1.44656 1.68069 1.75483 2.11453 2.19375 2.29288 
0.757414 0.783504 1.31584 1.44656 1.68069 1.75483 2.11453 2.19375 
0.757414 0.783504 1.0877 1.31584 1.34667 1.44656 1.68069 1.75483 
0.757414 0.783504 1.0877 1.31584 1.34667 1.44656 1.68069 1.75483 
0.757414 0.783504 1.0877 1.2699 1.31584 1.34667 1.44656 1.68069 
0.757414 0.783504 1.0877 1.2699 1.31584 1.34667 1.44656 1.68069 
0.757414 0.783504 0.999058 1.0877 1.2699 1.31584 1.34667 1.44656 
0.757414 0.783504 0.999058 1.0877 1.2699 1.31584 1.34667 1.44656 
0.757414 0.783504 0.999058 1.0877 1.2699 1.31584 1.34667 1.44656 
0.291724 0.757414 0.783504 0.999058 1.0877 1.2699 1.31584 1.34667 
0.291724 0.757414 0.783504 0.999058 1.0877 1.2699 1.31584 1.34667 
0.291724 0.628687 0.757414 0.783504 0.83732 0.999058 1.0877 1.2699 
0.291724 0.628687 0.757414 0.783504 0.83732 0.999058 1.0877 1.2699 
0.291724 0.628687 0.757414 0.783504 0.83732 0.999058 1.0877 1.22071 
0.291724 0.398754 0.628687 0.690936 0.757414 0.783504 0.83732 0.999058 
0.291724 0.398754 0.628687 0.690936 0.757414 0.783504 0.83732 0.999058 
0.291724 0.398754 0.616428 0.628687 0.690936 0.757414 0.783504 0.82728 
0.291724 0.398754 0.616428 0.628687 0.690936 0.757414 0.783504 0.82728 
0.291724 0.398754 0.616428 0.628687 0.690936 0.757414 0.783504 0.82728 
0.291724 0.398754 0.616428 0.628687 0.690936 0.757414 0.783504 0.82728 
0.0111299 0.291724 0.398754 0.448989 0.616428 0.628687 0.690936 0.757414 
0.0111299 0.291724 0.398754 0.448712 0.448989 0.616428 0.628687 0.690936 
0.0111299 0.291724 0.398754 0.448712 0.448989 0.616428 0.628687 0.690936 
0.0111299 0.291724 0.398754 0.448712 0.448989 0.556221 0.616428 0.628687 
0.0111299 0.291724 0.398754 0.448712 0.448989 0.556221 0.616428 0.628687 
0.0111299 0.291724 0.398754 0.448712 0.448989 0.556221 0.616428 0.628687 
0.0111299 0.291724 0.398754 0.448712 0.448989 0.556221 0.616428 0.628687 
0.0111299 0.291724 0.398754 0.448712 0.448989 0.556221 0.616428 0.628687 
0.0111299 0.291724 0.398754 0.448712 0.448989 0.556221 0.616428 0.628687 
0.0111299 0.291724 0.398754 0.448712 0.448989 0.556221 0.616428 0.628687 
0.0111299 0.291724 0.398754 0.448712 0.448989 0.532276 0.556221 0.616428 
0.0111299 0.291724 0.398754 0.448712 0.448989 0.532276 0.556221 0.616428 
0.0111299 0.291724 0.398754 0.448712 0.448989 0.532276 0.556221 0.616428 
0.0111299 0.291724 0.398754 0.448712 0.448989 0.532276 0.556221 0.616428 
0.0111299 0.291724 0.398754 0.448712 0.448989 0.532276 0.556221 0.616428 
0.0111299 0.291724 0.398754 0.448712 0.448989 0.532276 0.556221 0.616428 
0.0111299 0.291724 0.398754 0.448712 0.448989 0.532276 0.556221 0.616428 
0.0111299 0.291724 0.398754 0.448712 0.448989 0.532276 0.556221 0.616428 
0.0111299 0.291724 0.398754 0.448712 0.448989 0.532276 0.556221 0.616428 
0.0111299 0.291724 0.398754 0.448712 0.448989 0.532276 0.556221 0.616428 
0.0111299 0.291724 0.398754 0.448712 0.448989 0.532276 0.556221 0.616428 
0.0111299 0.291724 0.398754 0.448712 0.448989 0.532276 0.556221 0.616428 
0.0111299 0.291724 0.398754 0.448712 0.448989 0.532276 0.556221 0.616428 
0.0111299 0.291724 0.398754 0.448712 0.448989 0.532276 0.556221 0.616428 
0.0111299 0.291724 0.398754 0.448712 0.448989 0.532276 0.556221 0.616428 
0.0111299 0.291724 0.398754 0.448712 0.448989 0.532276 0.556221 0.616428 
0.0111299 0.291724 0.398754 0.448712 0.448989 0.532276 0.556221 0.616428 
0.0111299 0.291724 0.398754 0.448712 0.448989 0.532276 0.556221 0.616428 
0.0111299 0.291724 0.398754 0.448712 0.448989 0.532276 0.556221 0.616428 
0.0111299 0.291724 0.398754 0.448712 0.448989 0.532276 0.556221 0.616428 
0.0111299 0.291724 0.398754 0.448712 0.448989 0.532276 0.556221 0.616428 
0.0111299 0.291724 0.398754 0.448712 0.448989 0.532276 0.556221 0.616428 
0.0111299 0.291724 0.398754 0.448712 0.448989 0.532276 0.556221 0.616428 
0.0111299 0.291724 0.398754 0.448712 0.448989 0.532276 0.556221 0.616428 
0.0111299 0.291724 0.398754 0.448712 0.448989 0.532276 0.556221 0.562097 
0.0111299 0.291724 0.398754 0.448712 0.448989 0.532276 0.556221 0.562097 
0.0111299 0.291724 0.398754 0.448712 0.448989 0.532276 0.556221 0.562097 
0.0111299 0.291724 0.398754 0.448712 0.448989 0.532276 0.556221 0.562097 
