4.01494 4.0297 4.51541 5.4292 5.61508 6.05357 7.21244 7.24771 
4.01494 4.0297 4.39304 4.51541 5.37232 5.4292 5.61508 5.91796 
3.92354 4.01494 4.0297 4.39304 4.51541 4.55552 5.10264 5.37232 
3.92354 4.01494 4.0297 4.39304 4.51541 4.55552 5.10264 5.37232 
2.36469 2.39231 3.92354 4.01494 4.0297 4.39304 4.51541 4.55552 
2.36469 2.39231 2.7166 3.07967 3.92354 4.01494 4.02202 4.0297 
2.36469 2.39231 2.7166 3.07967 3.92354 4.01494 4.02202 4.0297 
0.982471 2.36469 2.39231 2.7166 3.07967 3.92354 4.01494 4.02202 
0.982471 2.36469 2.39231 2.7166 3.07967 3.64198 3.6815 3.82805 
0.982471 2.36469 2.39231 2.7166 3.07967 3.64198 3.6815 3.68361 
0.982471 2.36469 2.39231 2.7166 3.07967 3.09234 3.29981 3.64198 
0.982471 2.36469 2.39231 2.67396 2.7166 3.07967 3.09234 3.29981 
0.982471 2.36469 2.39231 2.59211 2.67396 2.7166 3.07967 3.09234 
0.982471 2.26395 2.36469 2.39231 2.59211 2.67396 2.7166 2.98956 
0.982471 2.26395 2.36469 2.39231 2.59211 2.67396 2.7166 2.98956 
0.982471 2.19887 2.26395 2.36469 2.39231 2.59176 2.59211 2.67396 
0.982471 1.79335 2.19887 2.26395 2.36469 2.39231 2.59176 2.59211 
0.982471 1.00738 1.79335 2.19887 2.26395 2.36469 2.39231 2.59176 
0.982471 1.00738 1.79335 2.19887 2.26395 2.36469 2.39231 2.59176 
0.982471 1.00738 1.79335 2.19887 2.26395 2.36469 2.39231 2.59176 
0.982471 1.00738 1.79335 2.19887 2.26395 2.36469 2.39231 2.59176 
0.982471 1.00738 1.79335 2.19887 2.26395 2.36469 2.39231 2.59176 
0.982471 1.00738 1.79335 2.19887 2.26395 2.36469 2.39231 2.59176 
0.982471 1.00738 1.79335 2.19887 2.26395 2.36469 2.39231 2.59176 
0.982471 1.00738 1.79335 2.19887 2.26395 2.36469 2.39231 2.59176 
0.0970912 0.982471 1.00738 1.79335 2.19887 2.26395 2.36469 2.39231 
0.0970912 0.982471 1.00738 1.79335 2.19887 2.26395 2.36469 2.39231 
0.0970912 0.982471 1.00738 1.79335 1.98407 2.19887 2.26395 2.36469 
0.0970912 0.982471 1.00738 1.79335 1.98407 2.19887 2.26395 2.36469 
0.0970912 0.35562 0.485047 0.982471 1.00738 1.75222 1.79335 1.98407 
0.0970912 0.35562 0.485047 0.982471 1.00738 1.75222 1.79335 1.98407 
0.0970912 0.35562 0.485047 0.982471 1.00738 1.37879 1.75222 1.79335 
0.0970912 0.35562 0.485047 0.982471 1.00738 1.37879 1.75222 1.79335 
0.0970912 0.35562 0.485047 0.982471 1.00738 1.37879 1.75222 1.79335 
0.0970912 0.35562 0.485047 0.80919 0.982471 1.00738 1.37879 1.75222 
0.0970912 0.35562 0.485047 0.80919 0.982471 1.00738 1.37879 1.75222 
0.0970912 0.35562 0.485047 0.80919 0.982471 1.00738 1.37879 1.75222 
0.0970912 0.35562 0.485047 0.80919 0.982471 1.00738 1.37879 1.75222 
0.0970912 0.304141 0.35562 0.485047 0.80919 0.982471 1.00738 1.37879 
0.0970912 0.304141 0.35562 0.485047 0.80919 0.982471 1.00738 1.37879 
0.0970912 0.304141 0.35562 0.485047 0.80919 0.982471 1.00738 1.37879 
0.0970912 0.304141 0.35562 0.485047 0.80919 0.982471 1.00738 1.37879 
0.0970912 0.304141 0.35562 0.469947 0.485047 0.80919 0.982471 1.00738 
0.0970912 0.304141 0.35562 0.469947 0.485047 0.80919 0.982471 1.00738 
0.0970912 0.304141 0.35562 0.469947 0.485047 0.80919 0.982471 1.00738 
0.0970912 0.304141 0.35562 0.469947 0.485047 0.80919 0.982471 1.00738 
0.0970912 0.304141 0.35562 0.381956 0.469947 0.485047 0.80919 0.982471 
0.0970912 0.304141 0.35562 0.381956 0.469947 0.485047 0.614045 0.80919 
0.0970912 0.304141 0.35562 0.381956 0.469947 0.485047 0.614045 0.80919 
0.0970912 0.304141 0.35562 0.381956 0.469947 0.485047 0.614045 0.80919 
0.0970912 0.304141 0.35562 0.381956 0.468158 0.469947 0.485047 0.614045 
0.0970912 0.304141 0.35562 0.381956 0.468158 0.469947 0.485047 0.614045 
0.0970912 0.304141 0.35562 0.381956 0.468158 0.469947 0.485047 0.614045 
0.0970912 0.304141 0.35562 0.381956 0.468158 0.469947 0.485047 0.614045 
0.0970912 0.304141 0.35562 0.381956 0.468158 0.469947 0.485047 0.614045 
0.0970912 0.304141 0.35562 0.381956 0.468158 0.469947 0.485047 0.614045 
0.0970912 0.304141 0.35562 0.381956 0.468158 0.469947 0.485047 0.610844 
0.0970912 0.304141 0.35562 0.381956 0.468158 0.469947 0.485047 0.610844 
0.0970912 0.304141 0.35562 0.381956 0.468158 0.469947 0.485047 0.610844 
0.0970912 0.304141 0.35562 0.381956 0.468158 0.469947 0.485047 0.610844 
0.0970912 0.304141 0.35562 0.381956 0.468158 0.469947 0.485047 0.610844 
0.0970912 0.304141 0.35562 0.381956 0.468158 0.469947 0.485047 0.610844 
0.0970912 0.304141 0.35562 0.381956 0.468158 0.469947 0.485047 0.610844 
0.0970912 0.304141 0.35562 0.381956 0.468158 0.469947 0.485047 0.610844 
0.0970912 0.304141 0.35562 0.381956 0.468158 0.469947 0.485047 0.610844 
0.0970912 0.304141 0.35562 0.381956 0.468158 0.469947 0.485047 0.610844 
0.0970912 0.304141 0.35562 0.381956 0.468158 0.469947 0.485047 0.610844 
0.0970912 0.304141 0.35562 0.381956 0.468158 0.469947 0.485047 0.610844 
0.0970912 0.304141 0.35562 0.381956 0.468158 0.469947 0.485047 0.610844 
0.0970912 0.304141 0.35562 0.381956 0.468158 0.469947 0.485047 0.610844 
0.0970912 0.304141 0.35562 0.381956 0.468158 0.469947 0.485047 0.610844 
0.0970912 0.304141 0.35562 0.381956 0.468158 0.469947 0.485047 0.610844 
0.0970912 0.304141 0.35562 0.381956 0.468158 0.469947 0.485047 0.610844 
0.0970912 0.304141 0.35562 0.381956 0.468158 0.469947 0.485047 0.610844 
0.0970912 0.304141 0.35562 0.381956 0.468158 0.469947 0.485047 0.610844 
0.0970912 0.304141 0.35562 0.381956 0.468158 0.469947 0.485047 0.610844 
0.0970912 0.304141 0.35562 0.381956 0.468158 0.469947 0.485047 0.610844 
0.0970912 0.304141 0.35562 0.381956 0.468158 0.469947 0.485047 0.610844 
0.0970912 0.304141 0.35562 0.381956 0.468158 0.469947 0.485047 0.610844 
0.0970912 0.304141 0.35562 0.381956 0.468158 0.469947 0.485047 0.610844 
0.0970912 0.304141 0.35562 0.381956 0.468158 0.469947 0.485047 0.610844 
0.0970912 0.304141 0.35562 0.381956 0.468158 0.469947 0.485047 0.610844 
0.0970912 0.304141 0.35562 0.381956 0.468158 0.469947 0.485047 0.610844 
0.0970912 0.304141 0.35562 0.381956 0.468158 0.469947 0.485047 0.610844 
0.0970912 0.304141 0.35562 0.381956 0.468158 0.469947 0.485047 0.610844 
0.0970912 0.304141 0.35562 0.381956 0.468158 0.469947 0.485047 0.610844 
0.0970912 0.304141 0.35562 0.381956 0.468158 0.469947 0.485047 0.610844 
0.0970912 0.304141 0.35562 0.381956 0.468158 0.469947 0.485047 0.610844 
0.0970912 0.304141 0.35562 0.381956 0.468158 0.469947 0.485047 0.610844 
0.0970912 0.304141 0.35562 0.381956 0.468158 0.469947 0.485047 0.610844 
0.0970912 0.304141 0.35562 0.381956 0.468158 0.469947 0.485047 0.610844 
0.0970912 0.304141 0.35562 0.381956 0.468158 0.469947 0.485047 0.610844 
0.0970912 0.304141 0.35562 0.381956 0.468158 0.469947 0.485047 0.610844 
0.0970912 0.304141 0.35562 0.381956 0.468158 0.469947 0.485047 0.610844 
0.0970912 0.304141 0.35562 0.381956 0.468158 0.469947 0.485047 0.610844 
0.0970912 0.304141 0.35562 0.381956 0.468158 0.469947 0.485047 0.610844 
0.0970912 0.304141 0.35562 0.381956 0.468158 0.469947 0.485047 0.610844 
0.0970912 0.304141 0.35562 0.381956 0.468158 0.469947 0.485047 0.610844 
0.0970912 0.304141 0.35562 0.381956 0.468158 0.469947 0.485047 0.610844 
0.0970912 0.304141 0.35562 0.381956 0.468158 0.469947 0.485047 0.610844 
