4.45734 4.52065 4.5212 5.92751 6.00697 6.98179 7.55599 8.08691 
3.36618 4.45734 4.52065 4.5212 5.26602 5.56477 5.92751 5.961 
3.07984 3.36618 4.10041 4.45734 4.52065 4.5212 5.26602 5.50394 
2.7766 3.06027 3.07984 3.36618 4.10041 4.21296 4.33642 4.45734 
2.7766 3.06027 3.07984 3.36618 4.03116 4.10041 4.21296 4.33642 
2.7766 3.06027 3.07984 3.36618 3.51612 4.03116 4.10041 4.21296 
2.7766 3.06027 3.07984 3.36618 3.51612 3.98512 4.03116 4.10041 
2.7766 3.06027 3.07984 3.31616 3.36618 3.51612 3.98512 4.03116 
2.24676 2.7766 3.06027 3.07984 3.31616 3.36618 3.51612 3.98512 
2.24676 2.7766 3.06027 3.07984 3.31616 3.36618 3.51612 3.98512 
2.24676 2.7766 3.06027 3.07984 3.31616 3.36618 3.51612 3.98512 
2.24676 2.7766 3.06027 3.07984 3.31616 3.36618 3.51612 3.98512 
2.24676 2.7766 3.06027 3.07984 3.31616 3.36618 3.51612 3.90558 
1.05931 2.24676 2.7766 3.06027 3.07984 3.31616 3.36618 3.51612 
1.05931 2.24676 2.7766 3.06027 3.07984 3.31616 3.36618 3.51612 
1.05931 1.8891 2.24676 2.7766 3.06027 3.07984 3.31616 3.36618 
1.05931 1.8891 2.24676 2.7766 3.06027 3.07984 3.27277 3.31616 
1.05931 1.8891 2.24676 2.7766 3.06027 3.07984 3.09277 3.27277 
1.05931 1.8891 2.24676 2.7766 2.86053 3.06027 3.07984 3.09277 
1.05931 1.8891 2.24676 2.7766 2.86053 3.03614 3.06027 3.07984 
1.05931 1.8891 2.24676 2.7766 2.86053 3.03614 3.06027 3.07984 
1.05931 1.8891 2.24676 2.7766 2.86053 3.03614 3.06027 3.07984 
1.05931 1.8891 2.24676 2.7766 2.86053 2.97779 3.03614 3.06027 
1.05931 1.8891 2.24676 2.7766 2.86053 2.97779 3.03614 3.06027 
0.441165 1.05931 1.8891 2.24676 2.41498 2.7766 2.86053 2.97779 
0.441165 1.05931 1.8891 2.24676 2.41498 2.7766 2.86053 2.97779 
0.441165 1.05931 1.8891 2.24676 2.41498 2.7766 2.86053 2.97779 
0.441165 1.05931 1.8891 2.24676 2.41498 2.61825 2.71674 2.7766 
0.441165 1.05931 1.8891 2.08609 2.24676 2.41498 2.61825 2.71674 
0.441165 1.05931 1.8891 2.08609 2.24676 2.41498 2.58921 2.60783 
0.441165 0.672222 1.05931 1.8891 2.08609 2.20726 2.24676 2.41498 
0.441165 0.672222 1.05931 1.8891 2.08609 2.20726 2.24676 2.41498 
0.441165 0.672222 1.05931 1.8891 2.08609 2.20726 2.24676 2.41498 
0.441165 0.672222 1.05931 1.61658 1.70201 1.8891 2.08609 2.20726 
0.434427 0.441165 0.672222 1.05931 1.23627 1.61658 1.70201 1.8891 
0.434427 0.441165 0.672222 1.05931 1.23627 1.50169 1.61658 1.70201 
0.434427 0.441165 0.672222 1.05931 1.23627 1.50169 1.61658 1.70201 
0.434427 0.441165 0.672222 1.05931 1.23627 1.50169 1.61658 1.70201 
0.434427 0.441165 0.672222 1.05931 1.23627 1.50169 1.61658 1.70201 
0.434427 0.441165 0.672222 1.05931 1.23627 1.50169 1.61658 1.70201 
0.434427 0.441165 0.672222 0.806751 1.05931 1.23627 1.50169 1.61658 
0.218707 0.434427 0.441165 0.672222 0.806751 1.05931 1.23627 1.30816 
0.218707 0.434427 0.441165 0.672222 0.806751 1.05931 1.23627 1.30816 
0.218707 0.434427 0.441165 0.672222 0.806751 1.0133 1.05931 1.23627 
0.218707 0.434427 0.441165 0.672222 0.806751 1.0133 1.05931 1.23627 
0.168641 0.218707 0.434427 0.441165 0.672222 0.806751 1.0133 1.05931 
0.168641 0.218707 0.434427 0.441165 0.672222 0.806751 1.0133 1.05931 
0.126537 0.168641 0.218707 0.434427 0.441165 0.456794 0.672222 0.806751 
0.126537 0.168641 0.218707 0.38903 0.434427 0.441165 0.456794 0.672222 
0.126537 0.168641 0.218707 0.38903 0.434427 0.441165 0.456794 0.482954 
0.126537 0.168641 0.218707 0.38903 0.434427 0.441165 0.456794 0.482954 
0.126537 0.168641 0.218707 0.234145 0.38903 0.434427 0.441165 0.456794 
0.126537 0.168641 0.218707 0.234145 0.38903 0.434427 0.441165 0.456794 
0.126537 0.168641 0.218707 0.234145 0.38903 0.434427 0.441165 0.456794 
0.126537 0.168641 0.218707 0.234145 0.352505 0.38903 0.434427 0.441165 
0.126537 0.168641 0.218707 0.234145 0.235755 0.352505 0.38903 0.434427 
0.126537 0.168641 0.218707 0.234145 0.235755 0.352505 0.38903 0.434427 
0.126537 0.168641 0.218707 0.234145 0.235755 0.352505 0.38903 0.434427 
0.126537 0.168641 0.218707 0.234145 0.235755 0.352505 0.38903 0.434427 
0.126537 0.168641 0.218707 0.234145 0.235755 0.352505 0.38903 0.434427 
0.126537 0.168641 0.218707 0.234145 0.235755 0.352505 0.358263 0.38903 
0.126537 0.168641 0.218707 0.234145 0.235755 0.352505 0.358263 0.38903 
0.126537 0.168641 0.218707 0.234145 0.235755 0.352505 0.358263 0.38903 
0.126537 0.168641 0.218707 0.234145 0.235755 0.352505 0.358263 0.38903 
0.126537 0.168641 0.218707 0.234145 0.235755 0.352505 0.358263 0.38903 
0.126537 0.168641 0.218707 0.234145 0.235755 0.352505 0.358263 0.38903 
0.126537 0.168641 0.218707 0.234145 0.235755 0.352505 0.358263 0.38903 
0.126537 0.168641 0.218707 0.234145 0.235755 0.352505 0.358263 0.38903 
0.126537 0.168641 0.218707 0.234145 0.235755 0.277877 0.352505 0.358263 
0.126537 0.168641 0.218707 0.234145 0.235755 0.277877 0.352505 0.358263 
0.126537 0.168641 0.218707 0.234145 0.235755 0.277877 0.352505 0.358263 
0.126537 0.168641 0.218707 0.234145 0.235755 0.277877 0.352505 0.358263 
0.126537 0.168641 0.218707 0.234145 0.235755 0.277877 0.352505 0.358263 
0.126537 0.168641 0.218707 0.234145 0.235755 0.277877 0.352505 0.358263 
0.126537 0.168641 0.218707 0.234145 0.235755 0.277877 0.352505 0.358263 
0.126537 0.168641 0.218707 0.234145 0.235755 0.277877 0.352505 0.358263 
0.126537 0.168641 0.218707 0.234145 0.235755 0.277877 0.352505 0.358263 
0.126537 0.168641 0.218707 0.234145 0.235755 0.277877 0.352505 0.358263 
0.126537 0.168641 0.218707 0.234145 0.235755 0.277877 0.352505 0.358263 
0.126537 0.168641 0.218707 0.234145 0.235755 0.277877 0.352505 0.358263 
0.126537 0.168641 0.218707 0.234145 0.235755 0.277877 0.352505 0.358263 
0.126537 0.168641 0.218707 0.234145 0.235755 0.277877 0.352505 0.358263 
0.126537 0.168641 0.218707 0.234145 0.235755 0.277877 0.352505 0.358263 
0.126537 0.168641 0.218707 0.234145 0.235755 0.277877 0.352505 0.358263 
0.126537 0.168641 0.218707 0.234145 0.235755 0.277877 0.352505 0.358263 
0.126537 0.168641 0.218707 0.234145 0.235755 0.277877 0.352505 0.358263 
0.126537 0.168641 0.218707 0.234145 0.235755 0.277877 0.352505 0.358263 
0.126537 0.168641 0.218707 0.234145 0.235755 0.277877 0.352505 0.358263 
0.126537 0.168641 0.218707 0.234145 0.235755 0.277877 0.352505 0.358263 
0.126537 0.168641 0.218707 0.234145 0.235755 0.277877 0.352505 0.358263 
0.126537 0.168641 0.218707 0.234145 0.235755 0.277877 0.352505 0.358263 
0.126537 0.168641 0.218707 0.234145 0.235755 0.277877 0.352505 0.358263 
0.126537 0.168641 0.218707 0.234145 0.235755 0.277877 0.352505 0.358263 
0.126537 0.168641 0.218707 0.234145 0.235755 0.277877 0.352505 0.358263 
0.126537 0.168641 0.218707 0.234145 0.235755 0.277877 0.352505 0.358263 
0.126537 0.168641 0.218707 0.234145 0.235755 0.277877 0.352505 0.358263 
0.126537 0.168641 0.218707 0.234145 0.235755 0.277877 0.352505 0.358263 
0.126537 0.168641 0.218707 0.234145 0.235755 0.277877 0.352505 0.358263 
0.126537 0.168641 0.218707 0.234145 0.235755 0.277877 0.352505 0.358263 
0.126537 0.168641 0.218707 0.234145 0.235755 0.277877 0.352505 0.358263 
