3.80301 4.44631 4.48328 4.67852 5.18756 5.40617 5.75021 6.09427 
3.41758 3.80301 4.44631 4.48328 4.67852 4.794 5.1263 5.18756 
3.41758 3.67739 3.80301 3.93009 4.1897 4.23616 4.44631 4.48328 
1.40176 2.94327 3.23815 3.2495 3.41758 3.67739 3.80301 3.83097 
0.72113 1.40176 2.94327 3.23815 3.2495 3.41758 3.48252 3.67739 
0.72113 1.40176 2.94327 3.23815 3.2495 3.34573 3.41758 3.48252 
0.72113 1.40176 2.94327 3.23815 3.2495 3.34573 3.41758 3.48252 
0.72113 1.40176 2.94327 3.23815 3.2495 3.34573 3.41758 3.48252 
0.432964 0.72113 1.40176 2.94327 3.23815 3.2495 3.34573 3.41758 
0.432964 0.72113 1.40176 2.94327 3.23815 3.2495 3.34573 3.41758 
0.432964 0.72113 1.40176 2.94327 3.23815 3.2495 3.34573 3.41758 
0.432964 0.72113 1.40176 2.94327 3.22671 3.23815 3.2495 3.34573 
0.432964 0.72113 1.40176 2.94327 3.22671 3.23815 3.2495 3.34573 
0.432964 0.72113 1.40176 2.94327 3.22671 3.23815 3.2495 3.34573 
0.432964 0.72113 1.40176 2.03846 2.94327 3.22671 3.23815 3.2495 
0.432964 0.72113 1.40176 2.03846 2.55109 2.94327 3.22671 3.23815 
0.432964 0.72113 1.40176 2.03846 2.55109 2.94327 3.22671 3.23815 
0.432964 0.72113 1.40176 2.03846 2.55109 2.94327 3.22671 3.23815 
0.432964 0.72113 1.40176 2.03846 2.55109 2.94327 3.15412 3.22671 
0.432964 0.72113 1.40176 2.03846 2.55109 2.94327 3.15412 3.22671 
0.432964 0.72113 1.40176 2.03846 2.55109 2.94327 3.15412 3.22671 
0.432964 0.72113 1.40176 2.03846 2.55109 2.88951 2.94327 3.15412 
0.432964 0.72113 1.40176 2.03846 2.55109 2.88951 2.94327 3.15412 
0.432964 0.72113 1.40176 2.03846 2.55109 2.88951 2.94327 3.15412 
0.432964 0.72113 1.40176 2.03846 2.55109 2.88951 2.94327 3.11009 
0.432964 0.72113 1.40176 2.03846 2.55109 2.88951 2.94327 3.11009 
0.432964 0.72113 1.40176 2.03846 2.55109 2.88951 2.94327 3.11009 
0.432964 0.72113 1.40176 2.03846 2.55109 2.88951 2.94327 3.11009 
0.432964 0.72113 1.40176 2.03846 2.55109 2.88951 2.94327 3.11009 
0.432964 0.72113 1.40176 2.03846 2.55109 2.88951 2.94327 3.11009 
0.432964 0.72113 1.40176 2.03846 2.55109 2.88951 2.94327 3.11009 
0.432964 0.72113 1.40176 2.03846 2.55109 2.88951 2.94327 3.11009 
0.432964 0.72113 1.40176 2.03846 2.55109 2.88951 2.94327 3.11009 
0.432964 0.72113 1.40176 2.03846 2.55109 2.88951 2.94327 3.11009 
0.432964 0.72113 1.40176 2.03846 2.55109 2.88951 2.94327 3.11009 
0.432964 0.72113 1.40176 2.03846 2.55109 2.88951 2.94327 3.11009 
0.432964 0.72113 1.40176 2.03846 2.55109 2.88951 2.94327 3.11009 
0.432964 0.72113 1.40176 2.03846 2.55109 2.88951 2.94327 3.11009 
0.432964 0.72113 1.40176 2.03846 2.55109 2.88951 2.94327 3.11009 
0.432964 0.636899 0.72113 1.40176 2.03846 2.55109 2.64975 2.88951 
0.432964 0.636899 0.72113 1.40176 2.03846 2.55109 2.64975 2.88951 
0.432964 0.636899 0.72113 1.40176 2.03846 2.55109 2.64975 2.88951 
0.432964 0.636899 0.72113 1.40176 2.03846 2.55109 2.64975 2.88951 
0.432964 0.636899 0.72113 1.40176 2.03846 2.55109 2.64975 2.88951 
0.432964 0.636899 0.72113 1.40176 2.03846 2.55109 2.64975 2.88951 
0.432964 0.636899 0.72113 1.40176 2.03846 2.55109 2.64975 2.88951 
0.432964 0.636899 0.72113 1.40176 2.03846 2.55109 2.64975 2.88951 
0.432964 0.636899 0.72113 1.40176 2.03846 2.55109 2.64975 2.88951 
0.432964 0.636899 0.72113 1.40176 2.03846 2.55109 2.64975 2.88951 
0.432964 0.636899 0.72113 1.40176 2.03846 2.55109 2.64975 2.88951 
0.432964 0.636899 0.641614 0.72113 1.40176 2.03846 2.55109 2.64975 
0.432964 0.636899 0.641614 0.72113 1.40176 2.03846 2.55109 2.64975 
0.432964 0.636899 0.641614 0.72113 1.40176 2.03846 2.55109 2.64975 
0.432964 0.50051 0.636899 0.641614 0.72113 1.40176 2.03846 2.55109 
0.432964 0.50051 0.636899 0.641614 0.72113 1.40176 2.03846 2.55109 
0.432964 0.50051 0.636899 0.641614 0.72113 1.40176 2.03846 2.55109 
0.432964 0.50051 0.636899 0.641614 0.72113 1.40176 2.03846 2.55109 
0.432964 0.50051 0.636899 0.641614 0.72113 1.40176 2.03846 2.55109 
0.432964 0.50051 0.636899 0.641614 0.72113 1.40176 2.03846 2.55109 
0.432964 0.50051 0.636899 0.641614 0.72113 1.40176 1.40347 2.03846 
0.432964 0.50051 0.636899 0.641614 0.72113 1.40176 1.40347 2.03846 
0.432964 0.50051 0.636899 0.641614 0.72113 1.40176 1.40347 2.03846 
0.432964 0.50051 0.636899 0.641614 0.72113 1.40176 1.40347 2.03846 
0.269133 0.432964 0.50051 0.636899 0.641614 0.72113 1.40176 1.40347 
0.269133 0.432964 0.50051 0.636899 0.641614 0.72113 1.40176 1.40347 
0.269133 0.432964 0.50051 0.636899 0.641614 0.72113 1.40176 1.40347 
0.269133 0.432964 0.50051 0.636899 0.641614 0.72113 1.40176 1.40347 
0.269133 0.432964 0.50051 0.636899 0.641614 0.72113 1.40176 1.40347 
0.269133 0.432964 0.50051 0.636899 0.641614 0.72113 1.40176 1.40347 
0.269133 0.432964 0.50051 0.636899 0.641614 0.72113 1.40176 1.40347 
0.269133 0.432964 0.50051 0.636899 0.641614 0.72113 1.40176 1.40347 
0.269133 0.432964 0.50051 0.636899 0.641614 0.72113 1.40176 1.40347 
0.269133 0.432964 0.50051 0.636899 0.641614 0.72113 1.40176 1.40347 
0.269133 0.432964 0.50051 0.636899 0.641614 0.72113 1.40176 1.40347 
0.269133 0.432964 0.50051 0.636899 0.641614 0.72113 1.40176 1.40347 
0.269133 0.432964 0.50051 0.636899 0.641614 0.72113 1.40176 1.40347 
0.269133 0.432964 0.50051 0.636899 0.641614 0.72113 1.40176 1.40347 
0.269133 0.432964 0.50051 0.624021 0.636899 0.641614 0.72113 1.40176 
0.269133 0.432964 0.50051 0.624021 0.636899 0.641614 0.72113 1.40176 
0.269133 0.432964 0.50051 0.624021 0.636899 0.641614 0.72113 1.40176 
0.269133 0.432964 0.50051 0.624021 0.636899 0.641614 0.72113 1.40176 
0.269133 0.432964 0.50051 0.624021 0.636899 0.641614 0.72113 1.40176 
0.269133 0.432964 0.50051 0.624021 0.636899 0.641614 0.72113 1.40176 
0.269133 0.432964 0.50051 0.624021 0.636899 0.641614 0.72113 1.40176 
0.269133 0.432964 0.50051 0.624021 0.636899 0.641614 0.72113 1.40176 
0.269133 0.432964 0.50051 0.624021 0.636899 0.641614 0.72113 1.40176 
0.269133 0.432964 0.50051 0.624021 0.636899 0.641614 0.72113 1.32614 
0.269133 0.432964 0.50051 0.624021 0.636899 0.641614 0.72113 1.32614 
0.269133 0.432964 0.50051 0.624021 0.636899 0.641614 0.72113 1.32614 
0.269133 0.432964 0.50051 0.624021 0.636899 0.641614 0.72113 1.32614 
0.269133 0.432964 0.50051 0.624021 0.636899 0.641614 0.72113 1.32614 
0.269133 0.432964 0.50051 0.624021 0.636899 0.641614 0.72113 1.32614 
0.269133 0.432964 0.50051 0.624021 0.636899 0.641614 0.72113 1.32614 
0.269133 0.432964 0.50051 0.624021 0.636899 0.641614 0.72113 1.32614 
0.269133 0.432964 0.50051 0.624021 0.636899 0.641614 0.72113 1.32614 
0.269133 0.432964 0.50051 0.624021 0.636899 0.641614 0.72113 1.32614 
0.269133 0.432964 0.50051 0.624021 0.636899 0.641614 0.72113 1.32614 
0.269133 0.432964 0.50051 0.624021 0.636899 0.641614 0.72113 1.32614 
0.269133 0.432964 0.50051 0.624021 0.636899 0.641614 0.72113 1.32614 
0.269133 0.432964 0.50051 0.624021 0.636899 0.641614 0.72113 1.32614 
