3.04674 3.33466 3.39151 4.45788 4.53209 4.54668 4.58075 5.57082 
3.04674 3.33466 3.39151 3.61425 3.92066 4.13968 4.45788 4.53209 
2.81946 3.04674 3.33466 3.39151 3.45798 3.61425 3.84526 3.92066 
1.08327 2.61775 2.64959 2.7395 2.76859 2.81946 3.04674 3.33466 
1.08327 1.27315 2.21597 2.61775 2.64959 2.7395 2.76859 2.81946 
0.577531 1.08327 1.27315 1.34197 2.21597 2.4828 2.61775 2.64959 
0.577531 1.08327 1.27315 1.34197 2.21597 2.4828 2.61775 2.64959 
0.577531 1.08327 1.22544 1.27315 1.34197 2.21597 2.4828 2.61775 
0.577531 1.08327 1.22544 1.27315 1.34197 1.91816 2.21597 2.4828 
0.577531 1.08327 1.22544 1.27315 1.34197 1.91816 2.21597 2.29668 
0.577531 0.617252 1.08327 1.22544 1.27315 1.34197 1.91816 2.21597 
0.577531 0.617252 1.08327 1.22544 1.27315 1.34197 1.91816 2.21597 
0.577531 0.617252 1.08327 1.22544 1.27315 1.34197 1.91816 2.21597 
0.577531 0.617252 1.08327 1.22544 1.27315 1.34197 1.91816 2.04848 
0.577531 0.617252 1.08327 1.22544 1.27315 1.34197 1.84682 1.91816 
0.577531 0.617252 1.08327 1.22544 1.27315 1.34197 1.84682 1.91816 
0.577531 0.617252 1.08327 1.22544 1.27315 1.34197 1.84682 1.91816 
0.577531 0.617252 1.08327 1.22544 1.27315 1.34197 1.84682 1.91816 
0.577531 0.617252 1.08327 1.22544 1.27315 1.34197 1.84682 1.91816 
0.577531 0.617252 1.08327 1.22544 1.27315 1.34197 1.84682 1.91816 
0.577531 0.617252 1.08327 1.22544 1.27315 1.34197 1.84682 1.91816 
0.577531 0.617252 1.08327 1.22544 1.27315 1.34197 1.84682 1.91204 
0.577531 0.585143 0.617252 1.08327 1.22544 1.27315 1.34197 1.84682 
0.577531 0.585143 0.617252 1.08327 1.22544 1.27315 1.34197 1.84682 
0.577531 0.585143 0.617252 1.08327 1.22544 1.27315 1.34197 1.84682 
0.577531 0.585143 0.617252 1.08327 1.22544 1.27315 1.34197 1.84682 
0.577531 0.585143 0.617252 1.08327 1.20417 1.22544 1.27315 1.34197 
0.577531 0.585143 0.617252 1.08327 1.20417 1.22544 1.27315 1.34197 
0.577531 0.585143 0.617252 1.08327 1.20417 1.22544 1.27315 1.34197 
0.577531 0.585143 0.617252 1.08327 1.20417 1.22544 1.27315 1.34197 
0.577531 0.585143 0.617252 1.08327 1.20417 1.22544 1.27315 1.34197 
0.577531 0.585143 0.617252 1.08327 1.20417 1.22544 1.27315 1.34197 
0.577531 0.585143 0.617252 1.08327 1.20417 1.22544 1.27315 1.34197 
0.577531 0.585143 0.617252 1.08327 1.20417 1.22544 1.27315 1.34197 
0.577531 0.585143 0.617252 1.08327 1.20417 1.22544 1.27315 1.34197 
0.577531 0.585143 0.617252 1.08327 1.20417 1.22544 1.27315 1.34197 
0.577531 0.585143 0.617252 1.08327 1.20417 1.22544 1.27315 1.34197 
0.577531 0.585143 0.617252 1.08327 1.20417 1.22544 1.27315 1.34197 
0.577531 0.585143 0.617252 1.08327 1.20417 1.22544 1.27315 1.34197 
0.577531 0.585143 0.617252 1.08327 1.20417 1.22544 1.27315 1.34197 
0.577531 0.585143 0.617252 1.08327 1.20417 1.22544 1.27315 1.34197 
0.577531 0.585143 0.617252 1.08327 1.20417 1.22544 1.27315 1.34197 
0.577531 0.585143 0.617252 1.08327 1.20417 1.22544 1.27315 1.34197 
0.577531 0.585143 0.617252 1.08327 1.20417 1.22544 1.27315 1.34197 
0.577531 0.585143 0.617252 1.08327 1.20417 1.22544 1.27315 1.34197 
0.577531 0.585143 0.617252 1.08327 1.20417 1.22544 1.27315 1.34197 
0.577531 0.585143 0.617252 1.08327 1.20417 1.22544 1.27315 1.34197 
0.577531 0.585143 0.617252 1.08327 1.20417 1.22544 1.27315 1.34197 
0.577531 0.585143 0.617252 1.08327 1.20417 1.22544 1.27315 1.34197 
0.577531 0.585143 0.617252 1.08327 1.20417 1.22544 1.27315 1.34197 
0.577531 0.585143 0.617252 1.08327 1.20417 1.22544 1.27315 1.34197 
0.577531 0.585143 0.617252 1.08327 1.20417 1.22544 1.27315 1.34197 
0.261953 0.577531 0.585143 0.617252 1.08327 1.20417 1.22544 1.27315 
0.261953 0.577531 0.585143 0.617252 1.08327 1.20417 1.22544 1.27315 
0.261953 0.577531 0.585143 0.617252 1.08327 1.20417 1.22544 1.27315 
0.261953 0.577531 0.585143 0.617252 1.08327 1.20417 1.22544 1.27315 
0.190968 0.261953 0.577531 0.585143 0.617252 1.08327 1.20417 1.22544 
0.190968 0.261953 0.577531 0.585143 0.617252 1.08327 1.20417 1.22544 
0.190968 0.261953 0.577531 0.585143 0.617252 1.08327 1.20417 1.22544 
0.190968 0.261953 0.577531 0.585143 0.617252 1.08327 1.20417 1.22544 
0.190968 0.261953 0.577531 0.585143 0.617252 1.08327 1.20417 1.22544 
0.190968 0.261953 0.577531 0.585143 0.617252 1.08327 1.20417 1.22544 
0.190968 0.261953 0.577531 0.585143 0.617252 1.08327 1.20417 1.22544 
0.190968 0.261953 0.577531 0.585143 0.617252 0.986952 1.08327 1.20417 
0.190968 0.261953 0.577531 0.585143 0.617252 0.986952 1.08327 1.20417 
0.190968 0.261953 0.577531 0.585143 0.617252 0.986952 1.08327 1.20417 
0.190968 0.261953 0.577531 0.585143 0.617252 0.986952 1.08327 1.20417 
0.190968 0.261953 0.577531 0.585143 0.617252 0.986952 1.08327 1.20417 
0.190968 0.261953 0.577531 0.585143 0.617252 0.986952 1.08327 1.20417 
0.190968 0.261953 0.577531 0.585143 0.617252 0.986952 1.08327 1.20417 
0.190968 0.261953 0.577531 0.585143 0.617252 0.986952 1.08327 1.20417 
0.190968 0.261953 0.577531 0.585143 0.617252 0.986952 1.08327 1.20417 
0.190968 0.261953 0.577531 0.585143 0.617252 0.986952 1.08327 1.20417 
0.190968 0.261953 0.577531 0.585143 0.617252 0.986952 1.08327 1.20417 
0.190968 0.261953 0.577531 0.585143 0.617252 0.986952 1.08327 1.20417 
0.190968 0.261953 0.577531 0.585143 0.617252 0.986952 1.08327 1.20417 
0.190968 0.261953 0.577531 0.585143 0.617252 0.986952 1.08327 1.20417 
0.190968 0.261953 0.577531 0.585143 0.617252 0.665772 0.986952 1.08327 
0.190968 0.261953 0.577531 0.585143 0.617252 0.665772 0.986952 1.08327 
0.190968 0.261953 0.577531 0.585143 0.617252 0.665772 0.986952 1.08327 
0.190968 0.261953 0.577531 0.585143 0.617252 0.665772 0.986952 1.08327 
0.190968 0.261953 0.577531 0.585143 0.617252 0.665772 0.986952 1.08327 
0.190968 0.261953 0.577531 0.585143 0.617252 0.665772 0.986952 1.08327 
0.190968 0.261953 0.577531 0.585143 0.617252 0.665772 0.986952 1.08327 
0.190968 0.261953 0.577531 0.585143 0.617252 0.665772 0.986952 1.08327 
0.190968 0.261953 0.577531 0.585143 0.617252 0.665772 0.986952 1.08327 
0.190968 0.261953 0.534941 0.577531 0.585143 0.617252 0.665772 0.986952 
0.190968 0.261953 0.534941 0.577531 0.585143 0.617252 0.665772 0.986952 
0.190968 0.261953 0.534941 0.577531 0.585143 0.617252 0.665772 0.986952 
0.190968 0.261953 0.534941 0.577531 0.585143 0.617252 0.665772 0.986952 
0.190968 0.261953 0.534941 0.577531 0.585143 0.617252 0.665772 0.986952 
0.190968 0.261953 0.534941 0.577531 0.585143 0.617252 0.665772 0.986952 
0.190968 0.261953 0.534941 0.577531 0.585143 0.617252 0.665772 0.986952 
0.190968 0.261953 0.534941 0.577531 0.585143 0.617252 0.665772 0.986952 
0.190968 0.261953 0.534941 0.577531 0.585143 0.617252 0.665772 0.986952 
0.190968 0.261953 0.534941 0.577531 0.585143 0.617252 0.665772 0.986952 
0.190968 0.261953 0.534941 0.577531 0.585143 0.617252 0.665772 0.986952 
0.190968 0.261953 0.534941 0.577531 0.585143 0.617252 0.665772 0.986952 
0.190968 0.261953 0.534941 0.577531 0.585143 0.617252 0.665772 0.986952 
0.190968 0.261953 0.534941 0.577531 0.585143 0.617252 0.665772 0.986952 
