2.64131 3.91975 4.3738 4.45834 4.58014 5.84807 6.18617 6.24253 
2.64131 3.91975 4.1597 4.28492 4.3738 4.45834 4.58014 5.13748 
2.64131 3.1148 3.32029 3.91975 4.06981 4.11596 4.1597 4.28492 
0.0854417 1.72364 2.64131 2.97096 3.1148 3.19791 3.27224 3.28188 
0.0854417 1.72364 1.76724 2.58685 2.64131 2.97096 3.1148 3.19791 
0.0854417 1.72364 1.76724 2.01217 2.58685 2.64131 2.97096 3.1148 
0.0854417 1.48664 1.68374 1.72364 1.76724 2.01217 2.58685 2.64131 
0.0854417 1.48664 1.68374 1.72364 1.76724 2.01217 2.58685 2.64131 
0.0854417 1.48664 1.68374 1.72364 1.76724 2.01217 2.58685 2.64131 
0.0854417 1.48664 1.68374 1.72364 1.76724 2.01217 2.58685 2.64131 
0.0854417 1.48664 1.68374 1.72364 1.76724 2.01217 2.58685 2.64131 
0.0854417 1.48664 1.68374 1.72364 1.76724 2.01217 2.58685 2.64131 
0.0854417 1.11694 1.48664 1.68374 1.72364 1.76724 1.84228 2.01217 
0.0854417 1.11694 1.48664 1.68374 1.72364 1.76724 1.84228 2.01217 
0.0854417 1.11694 1.48664 1.68374 1.72364 1.76724 1.84228 2.01217 
0.0854417 1.11694 1.48664 1.68374 1.72364 1.76724 1.84228 2.01217 
0.0854417 1.11694 1.48664 1.68374 1.72364 1.76724 1.84228 2.01217 
0.0854417 1.11694 1.48664 1.68374 1.72364 1.76724 1.84228 2.01217 
0.0854417 1.11694 1.48664 1.68374 1.72364 1.76724 1.84228 1.8628 
0.0854417 1.11694 1.48664 1.68374 1.69399 1.72364 1.76724 1.84228 
0.0854417 1.11694 1.48664 1.68374 1.69399 1.72364 1.76724 1.84228 
0.0854417 0.222957 1.11694 1.48664 1.68374 1.69399 1.72364 1.76724 
0.0854417 0.222957 1.11694 1.48664 1.68374 1.69399 1.72364 1.76724 
0.0854417 0.222957 1.11694 1.48664 1.68374 1.69399 1.72364 1.76724 
0.0854417 0.222957 1.11694 1.48664 1.64674 1.68374 1.69399 1.72364 
0.0854417 0.222957 0.935549 1.11694 1.48664 1.64674 1.68374 1.69399 
0.0854417 0.222957 0.935549 1.11694 1.48664 1.64674 1.68374 1.69399 
0.0854417 0.222957 0.935549 1.11694 1.48664 1.64674 1.68374 1.69399 
0.0854417 0.222957 0.935549 1.11694 1.48664 1.64674 1.68374 1.69399 
0.0854417 0.222957 0.935549 1.11694 1.48664 1.64674 1.68374 1.69399 
0.0854417 0.222957 0.935549 1.11694 1.48664 1.64674 1.68374 1.69399 
0.0854417 0.222957 0.935549 1.11694 1.48664 1.64674 1.68374 1.69399 
0.0854417 0.222957 0.935549 1.11694 1.48664 1.64674 1.68374 1.69399 
0.0854417 0.222957 0.935549 1.11694 1.48664 1.64674 1.68374 1.69399 
0.0854417 0.222957 0.935549 1.11694 1.48664 1.64674 1.68374 1.69399 
0.0854417 0.222957 0.935549 1.11694 1.48664 1.64674 1.68374 1.69399 
0.0854417 0.222957 0.935549 1.11694 1.48664 1.64674 1.68374 1.69399 
0.0854417 0.222957 0.935549 1.11694 1.48664 1.64674 1.68374 1.69399 
0.0854417 0.222957 0.935549 1.11694 1.48664 1.64674 1.68374 1.69399 
0.0854417 0.185593 0.222957 0.935549 1.11694 1.48664 1.64674 1.68374 
0.0854417 0.185593 0.222957 0.935549 1.11694 1.48664 1.64674 1.68374 
0.0854417 0.185593 0.222957 0.935549 0.988124 1.11694 1.48664 1.64674 
0.0854417 0.185593 0.222957 0.935549 0.988124 1.11694 1.48664 1.64674 
0.0854417 0.185593 0.222957 0.56828 0.935549 0.988124 1.11694 1.48664 
0.0854417 0.185593 0.222957 0.56828 0.935549 0.988124 1.11694 1.48664 
0.0854417 0.185593 0.222957 0.56828 0.935549 0.988124 1.11694 1.48664 
0.0854417 0.185593 0.222957 0.56828 0.935549 0.988124 1.11694 1.48664 
0.0854417 0.185593 0.222957 0.56828 0.935549 0.988124 1.11694 1.48664 
0.0854417 0.185593 0.222957 0.56828 0.935549 0.988124 1.11694 1.48664 
0.0854417 0.185593 0.222957 0.56828 0.935549 0.988124 1.11694 1.48664 
0.0854417 0.185593 0.222957 0.56828 0.935549 0.988124 1.11694 1.48664 
0.0854417 0.185593 0.222957 0.56828 0.935549 0.988124 1.11694 1.48664 
0.0854417 0.185593 0.222957 0.56828 0.935549 0.988124 1.11694 1.48664 
0.0854417 0.185593 0.222957 0.56828 0.935549 0.988124 1.11694 1.48664 
0.0854417 0.185593 0.222957 0.56828 0.935549 0.988124 1.11694 1.48664 
0.0854417 0.185593 0.222957 0.56828 0.935549 0.988124 1.11694 1.48664 
0.0854417 0.185593 0.222957 0.56828 0.935549 0.988124 1.11694 1.48664 
0.0854417 0.185593 0.222957 0.56828 0.935549 0.988124 1.11694 1.48664 
0.0854417 0.185593 0.222957 0.56828 0.935549 0.988124 1.11694 1.48664 
0.0854417 0.185593 0.222957 0.56828 0.935549 0.988124 1.03588 1.11694 
0.0854417 0.185593 0.222957 0.56828 0.935549 0.988124 1.03588 1.11694 
0.0854417 0.185593 0.222957 0.56828 0.935549 0.988124 1.03588 1.11694 
0.0854417 0.185593 0.222957 0.56828 0.935549 0.988124 1.03588 1.11694 
0.0854417 0.185593 0.222957 0.56828 0.833639 0.935549 0.988124 1.03588 
0.0854417 0.185593 0.222957 0.56828 0.833639 0.935549 0.988124 1.03588 
0.0854417 0.185593 0.222957 0.56828 0.833639 0.935549 0.988124 1.03588 
0.0854417 0.185593 0.222957 0.56828 0.833639 0.935549 0.988124 1.03588 
0.0854417 0.185593 0.222957 0.56828 0.833639 0.935549 0.988124 1.03588 
0.0854417 0.185593 0.222957 0.56828 0.833639 0.935549 0.988124 1.03588 
0.0854417 0.185593 0.222957 0.56828 0.833639 0.935549 0.988124 1.03588 
0.0854417 0.185593 0.222957 0.56828 0.833639 0.935549 0.988124 1.03588 
0.0854417 0.185593 0.222957 0.56828 0.833639 0.935549 0.988124 1.03588 
0.0854417 0.185593 0.222957 0.56828 0.833639 0.935549 0.988124 1.03588 
0.0854417 0.185593 0.222957 0.56828 0.833639 0.935549 0.988124 0.991643 
0.0854417 0.185593 0.222957 0.56828 0.833639 0.935549 0.988124 0.991643 
0.0854417 0.185593 0.222957 0.56828 0.833639 0.935549 0.988124 0.991643 
0.0854417 0.185593 0.222957 0.56828 0.833639 0.935549 0.988124 0.991643 
0.0854417 0.185593 0.222957 0.56828 0.833639 0.935549 0.988124 0.991643 
0.0854417 0.185593 0.222957 0.56828 0.833639 0.935549 0.988124 0.991643 
0.0854417 0.185593 0.222957 0.56828 0.833639 0.935549 0.988124 0.991643 
0.0854417 0.185593 0.222957 0.56828 0.833639 0.935549 0.988124 0.991643 
0.0854417 0.185593 0.222957 0.56828 0.833639 0.935549 0.988124 0.991643 
0.0854417 0.185593 0.222957 0.56828 0.833639 0.935549 0.988124 0.991643 
0.0854417 0.185593 0.222957 0.56828 0.833639 0.935549 0.988124 0.991643 
0.0854417 0.185593 0.222957 0.56828 0.833639 0.935549 0.988124 0.991643 
0.0854417 0.185593 0.222957 0.56828 0.833639 0.935549 0.988124 0.991643 
0.0854417 0.185593 0.222957 0.56828 0.833639 0.935549 0.988124 0.991643 
0.0854417 0.185593 0.222957 0.56828 0.833639 0.935549 0.988124 0.991643 
0.0854417 0.185593 0.222957 0.56828 0.833639 0.935549 0.988124 0.991643 
0.0854417 0.185593 0.222957 0.56828 0.833639 0.935549 0.988124 0.991643 
0.0854417 0.185593 0.222957 0.56828 0.833639 0.935549 0.988124 0.991643 
0.0854417 0.185593 0.222957 0.56828 0.833639 0.935549 0.988124 0.991643 
0.0854417 0.185593 0.222957 0.56828 0.833639 0.935549 0.988124 0.991643 
0.0854417 0.185593 0.222957 0.56828 0.833639 0.935549 0.988124 0.991643 
0.0854417 0.185593 0.222957 0.56828 0.833639 0.935549 0.988124 0.991643 
0.0854417 0.185593 0.222957 0.56828 0.833639 0.935549 0.988124 0.991643 
0.0854417 0.185593 0.222957 0.56828 0.833639 0.935549 0.988124 0.991643 
0.0854417 0.185593 0.222957 0.56828 0.833639 0.935549 0.988124 0.991643 
0.0854417 0.185593 0.222957 0.56828 0.833639 0.935549 0.988124 0.991643 
0.0854417 0.185593 0.222957 0.56828 0.833639 0.935549 0.988124 0.991643 
