4.41392 4.86824 5.15755 6.20255 6.22003 6.64539 6.86721 6.91516 
1.30167 4.41392 4.43717 4.86824 5.0929 5.15755 5.48329 6.20255 
1.30167 3.5379 4.01892 4.41392 4.43717 4.86824 5.0929 5.15755 
1.30167 3.5379 4.01892 4.41392 4.42009 4.43717 4.57617 4.86824 
1.30167 3.5379 4.01892 4.41392 4.42009 4.43717 4.57617 4.86824 
1.30167 3.5379 4.01892 4.41392 4.42009 4.43717 4.57617 4.86824 
1.30167 3.5379 4.01892 4.41392 4.42009 4.43717 4.57617 4.86824 
1.30167 3.5379 4.01892 4.41392 4.42009 4.43717 4.57617 4.66826 
1.30167 3.5379 4.01892 4.40933 4.41392 4.42009 4.43717 4.57617 
0.479499 1.30167 3.5379 4.01892 4.40933 4.41392 4.42009 4.43717 
0.479499 1.30167 3.5379 4.01892 4.3202 4.40933 4.41392 4.42009 
0.479499 1.30167 3.5379 4.01892 4.3202 4.40933 4.41392 4.42009 
0.479499 1.30167 3.5379 4.01892 4.3202 4.40933 4.41392 4.42009 
0.479499 1.30167 3.5379 4.01892 4.3202 4.40933 4.41392 4.42009 
0.479499 1.30167 3.5379 4.01892 4.3202 4.40933 4.41392 4.42009 
0.479499 1.30167 3.5379 4.01892 4.3202 4.40933 4.41392 4.42009 
0.479499 1.30167 3.5379 4.01892 4.3202 4.40933 4.41392 4.42009 
0.479499 1.30167 3.5379 4.01892 4.3202 4.40933 4.41392 4.42009 
0.479499 1.30167 2.6272 3.5379 4.01892 4.3202 4.39257 4.40933 
0.479499 1.30167 1.42978 2.42842 2.6272 2.86852 3.5379 4.01892 
0.479499 1.30167 1.42978 2.42842 2.6272 2.86852 3.49948 3.5379 
0.479499 1.30167 1.42978 2.42842 2.6272 2.86852 3.49948 3.5379 
0.479499 1.30167 1.42978 2.42842 2.6272 2.86852 3.49948 3.5379 
0.479499 1.30167 1.42978 2.42842 2.6272 2.86852 3.49948 3.5379 
0.479499 1.30167 1.42978 2.27 2.42842 2.6272 2.86852 3.49948 
0.479499 1.30167 1.42978 2.27 2.42842 2.61174 2.6272 2.86852 
0.479499 1.30167 1.42978 2.27 2.42842 2.61174 2.6272 2.86852 
0.479499 1.30167 1.42978 2.27 2.42842 2.61174 2.6272 2.86852 
0.479499 1.30167 1.42978 2.27 2.42842 2.61174 2.6272 2.86852 
0.479499 1.30167 1.42978 2.27 2.42842 2.61174 2.6272 2.86852 
0.479499 1.30167 1.42978 2.27 2.42842 2.61174 2.6272 2.86852 
0.479499 1.30167 1.42978 2.27 2.42842 2.61174 2.6272 2.86852 
0.479499 1.30167 1.42978 2.27 2.42842 2.61174 2.6272 2.86852 
0.479499 1.30167 1.42978 2.27 2.42842 2.61174 2.6272 2.86852 
0.479499 1.30167 1.42978 2.27 2.35031 2.42842 2.61174 2.6272 
0.479499 1.30167 1.42978 2.27 2.35031 2.42842 2.61174 2.6272 
0.479499 1.30167 1.42978 2.27 2.35031 2.42842 2.61174 2.6272 
0.479499 1.23103 1.30167 1.42978 2.27 2.35031 2.42842 2.61174 
0.479499 1.23103 1.30167 1.42978 2.27 2.35031 2.42842 2.61174 
0.479499 1.23103 1.30167 1.42978 2.27 2.35031 2.42842 2.61174 
0.479499 1.23103 1.30167 1.42978 2.27 2.35031 2.42842 2.61174 
0.479499 1.23103 1.30167 1.42978 1.50227 2.27 2.35031 2.42842 
0.479499 1.23103 1.30167 1.42978 1.50227 2.27 2.33033 2.35031 
0.479499 1.23103 1.30167 1.42978 1.50227 2.27 2.33033 2.35031 
0.479499 1.23103 1.30167 1.42978 1.50227 2.27 2.33033 2.35031 
0.479499 1.23103 1.30167 1.42978 1.50227 2.27 2.33033 2.35031 
0.479499 0.754723 1.23103 1.30167 1.42978 1.50227 2.27 2.33033 
0.479499 0.754723 1.07983 1.23103 1.30167 1.42978 1.50227 1.54069 
0.479499 0.754723 1.07983 1.23103 1.30167 1.42978 1.50227 1.51221 
0.479499 0.754723 1.07983 1.23103 1.30167 1.42978 1.50227 1.51221 
0.479499 0.754723 1.07983 1.23103 1.30167 1.42978 1.50227 1.51221 
0.479499 0.754723 1.00917 1.07983 1.23103 1.30167 1.42978 1.50227 
0.479499 0.754723 1.00917 1.07983 1.23103 1.30167 1.42978 1.50227 
0.479499 0.754723 1.00917 1.07983 1.23103 1.30167 1.42978 1.50227 
0.479499 0.754723 1.00917 1.07983 1.23103 1.30167 1.42855 1.42978 
0.445037 0.479499 0.754723 1.00917 1.07983 1.23103 1.30167 1.42855 
0.445037 0.479499 0.754723 1.00917 1.07983 1.23103 1.30167 1.42855 
0.445037 0.479499 0.754723 1.00917 1.07983 1.23103 1.30167 1.42855 
0.445037 0.465381 0.479499 0.754723 1.00917 1.07983 1.23103 1.30167 
0.445037 0.465381 0.479499 0.754723 1.00917 1.07983 1.23103 1.30167 
0.445037 0.465381 0.479499 0.754723 1.00917 1.07983 1.23103 1.30167 
0.445037 0.465381 0.479499 0.754723 1.00917 1.07983 1.23103 1.30167 
0.445037 0.465381 0.479499 0.754723 1.00917 1.07983 1.23103 1.30167 
0.445037 0.465381 0.479499 0.754723 1.00917 1.07983 1.23103 1.25561 
0.445037 0.465381 0.479499 0.754723 1.00917 1.07983 1.2002 1.23103 
0.445037 0.465381 0.479499 0.754723 0.964953 1.00917 1.07983 1.2002 
0.445037 0.465381 0.479499 0.753248 0.754723 0.846184 0.964953 1.00917 
0.445037 0.465381 0.479499 0.753248 0.754723 0.846184 0.964953 1.00917 
0.445037 0.465381 0.479499 0.722085 0.753248 0.754723 0.846184 0.964953 
0.445037 0.465381 0.479499 0.722085 0.753248 0.754723 0.846184 0.964953 
0.445037 0.465381 0.479499 0.722085 0.753248 0.754723 0.846184 0.964953 
0.445037 0.465381 0.479499 0.722085 0.753248 0.754723 0.846184 0.964953 
0.445037 0.465381 0.479499 0.722085 0.753248 0.754723 0.846184 0.964953 
0.445037 0.465381 0.479499 0.722085 0.753248 0.754723 0.846184 0.964953 
0.445037 0.465381 0.479499 0.722085 0.753248 0.754723 0.846184 0.964953 
0.445037 0.465381 0.479499 0.722085 0.753248 0.754723 0.846184 0.964953 
0.445037 0.457371 0.465381 0.479499 0.722085 0.753248 0.754723 0.846184 
0.445037 0.457371 0.465381 0.479499 0.722085 0.753248 0.754723 0.846184 
0.445037 0.457371 0.465381 0.479499 0.722085 0.753248 0.754723 0.846184 
0.445037 0.457371 0.465381 0.479499 0.722085 0.753248 0.754723 0.846184 
0.445037 0.457371 0.465381 0.479499 0.722085 0.738682 0.753248 0.754723 
0.445037 0.457371 0.465381 0.479499 0.722085 0.738682 0.753248 0.754723 
0.445037 0.457371 0.465381 0.479499 0.722085 0.738682 0.753248 0.754723 
0.445037 0.457371 0.465381 0.479499 0.722085 0.738682 0.753248 0.754723 
0.445037 0.457371 0.465381 0.479499 0.722085 0.738682 0.753248 0.754723 
0.445037 0.457371 0.465381 0.479499 0.722085 0.738682 0.753248 0.754723 
0.445037 0.457371 0.465381 0.479499 0.722085 0.738682 0.753248 0.754723 
0.445037 0.457371 0.465381 0.479499 0.722085 0.738682 0.753248 0.754723 
0.445037 0.457371 0.465381 0.479499 0.722085 0.738682 0.753248 0.754723 
0.445037 0.457371 0.465381 0.479499 0.722085 0.738682 0.753248 0.754723 
0.445037 0.457371 0.465381 0.479499 0.722085 0.738682 0.753248 0.754723 
0.445037 0.457371 0.465381 0.479499 0.722085 0.738682 0.753248 0.754723 
0.445037 0.457371 0.465381 0.479499 0.722085 0.738682 0.753248 0.754723 
0.445037 0.457371 0.465381 0.479499 0.722085 0.738682 0.753248 0.754723 
0.445037 0.457371 0.465381 0.479499 0.722085 0.738682 0.753248 0.754723 
0.445037 0.457371 0.465381 0.479499 0.722085 0.738682 0.753248 0.754723 
0.445037 0.457371 0.465381 0.479499 0.722085 0.738682 0.753248 0.754723 
0.445037 0.457371 0.465381 0.479499 0.722085 0.738682 0.753248 0.754723 
0.445037 0.457371 0.465381 0.479499 0.670424 0.722085 0.738682 0.753248 
0.445037 0.457371 0.465381 0.479499 0.670424 0.722085 0.738682 0.753248 
