7.5491 7.62493 8.04141 8.41257 8.7258 8.93789 8.99669 9.11595 
2.95667 3.61242 4.55687 6.66877 7.0019 7.5491 7.58772 7.62493 
1.96197 2.95667 3.61242 3.86478 4.55687 5.95451 6.1885 6.47024 
1.96197 2.95667 3.61242 3.86478 4.55687 5.95451 6.1885 6.47024 
1.96197 2.95667 3.61242 3.77785 3.86478 4.55687 5.95451 6.1885 
1.96197 2.95667 3.61242 3.77785 3.86478 4.55687 5.95451 6.03457 
1.96197 2.95667 3.61242 3.77785 3.86478 4.55687 4.58641 4.85439 
1.96197 2.95667 3.61242 3.77785 3.86478 4.55687 4.5714 4.58641 
1.96197 2.95667 3.61242 3.77785 3.86478 4.19867 4.55687 4.5714 
1.96197 2.95667 3.26479 3.61242 3.77785 3.86478 4.19867 4.55687 
1.96197 2.95667 3.26479 3.61242 3.77785 3.86478 4.19867 4.55687 
1.96197 2.95667 3.26479 3.61242 3.77727 3.77785 3.86478 4.19867 
1.96197 2.95667 3.26479 3.61242 3.77727 3.77785 3.80553 3.86478 
1.96197 2.95667 3.25838 3.26479 3.47914 3.61242 3.77727 3.77785 
1.96197 2.95667 3.25838 3.26479 3.47914 3.61242 3.77727 3.77785 
1.96197 2.95667 3.25838 3.26479 3.38168 3.47914 3.61242 3.77727 
0.242157 0.984477 1.96197 2.95667 3.25838 3.26479 3.38168 3.47914 
0.242157 0.984477 1.96197 2.90251 2.95667 3.25838 3.26479 3.38168 
0.242157 0.984477 1.96197 2.90251 2.95667 3.25838 3.26479 3.37315 
0.242157 0.984477 1.96197 2.90251 2.95667 3.15084 3.25838 3.26479 
0.242157 0.984477 1.96197 2.90251 2.95667 3.15084 3.25838 3.26479 
0.242157 0.984477 1.96197 2.73169 2.90251 2.95667 3.15084 3.25838 
0.242157 0.984477 1.96197 2.73169 2.90251 2.95667 3.15084 3.25838 
0.242157 0.984477 1.96197 2.73169 2.90251 2.95667 3.15084 3.25838 
0.242157 0.984477 1.96197 2.73169 2.90251 2.95667 3.15084 3.25838 
0.242157 0.984477 1.96197 2.73169 2.90251 2.95667 3.15084 3.25838 
0.242157 0.404141 0.984477 1.96197 2.73169 2.90251 2.95667 3.15084 
0.242157 0.404141 0.984477 1.96197 2.73169 2.90251 2.95667 3.15084 
0.242157 0.404141 0.984477 1.87508 1.96197 2.73169 2.90251 2.94704 
0.242157 0.404141 0.984477 1.87508 1.96197 2.73169 2.90251 2.94704 
0.242157 0.404141 0.984477 1.87508 1.96197 2.1216 2.73169 2.90251 
0.242157 0.404141 0.984477 1.87508 1.96197 2.1216 2.73169 2.90251 
0.242157 0.404141 0.984477 1.87508 1.96197 2.1216 2.17764 2.73169 
0.242157 0.404141 0.783861 0.984477 1.87508 1.96197 2.1216 2.17764 
0.242157 0.404141 0.783861 0.984477 1.82208 1.87508 1.96197 2.1216 
0.242157 0.404141 0.783861 0.984477 1.82208 1.87508 1.96197 2.04819 
0.242157 0.404141 0.783861 0.984477 1.82208 1.87508 1.96197 2.04819 
0.242157 0.404141 0.783861 0.984477 1.82208 1.87508 1.96197 2.04819 
0.242157 0.404141 0.783861 0.984477 1.82208 1.87508 1.96197 2.04819 
0.242157 0.404141 0.783861 0.984477 1.30642 1.82208 1.87508 1.96197 
0.242157 0.404141 0.783861 0.984477 1.30642 1.53393 1.82208 1.87508 
0.242157 0.404141 0.783861 0.984477 1.30642 1.53393 1.82208 1.87508 
0.242157 0.404141 0.783861 0.984477 1.30642 1.53393 1.82208 1.87508 
0.242157 0.404141 0.783861 0.984477 1.00217 1.30642 1.53393 1.82208 
0.242157 0.404141 0.783861 0.984477 1.00217 1.30642 1.35948 1.53393 
0.242157 0.404141 0.783861 0.984477 1.00217 1.30642 1.35948 1.53393 
0.242157 0.404141 0.783861 0.984477 1.00217 1.30642 1.35948 1.53393 
0.242157 0.24361 0.404141 0.783861 0.984477 1.00217 1.30642 1.35948 
0.242157 0.24361 0.404141 0.783861 0.984477 1.00217 1.30642 1.35948 
0.24053 0.242157 0.24361 0.404141 0.783861 0.878604 0.889009 0.984477 
0.24053 0.242157 0.24361 0.404141 0.783861 0.878604 0.889009 0.965034 
0.24053 0.242157 0.24361 0.404141 0.783861 0.878604 0.889009 0.918443 
0.24053 0.242157 0.24361 0.404141 0.783861 0.878604 0.889009 0.918443 
0.24053 0.242157 0.24361 0.404141 0.783861 0.878604 0.889009 0.918443 
0.24053 0.242157 0.24361 0.404141 0.466924 0.783861 0.87042 0.878604 
0.24053 0.242157 0.24361 0.404141 0.466924 0.705439 0.783861 0.87042 
0.24053 0.242157 0.24361 0.404141 0.466924 0.705439 0.783861 0.87042 
0.24053 0.242157 0.24361 0.404141 0.466924 0.705439 0.783861 0.87042 
0.236194 0.24053 0.242157 0.24361 0.404141 0.466924 0.705439 0.783861 
0.236194 0.24053 0.242157 0.24361 0.404141 0.466924 0.705439 0.783861 
0.236194 0.24053 0.242157 0.24361 0.404141 0.466924 0.705439 0.783861 
0.236194 0.24053 0.242157 0.24361 0.404141 0.466924 0.705439 0.783861 
0.236194 0.24053 0.242157 0.24361 0.404141 0.466924 0.705439 0.783861 
0.236194 0.24053 0.242157 0.24361 0.404141 0.450605 0.466924 0.608663 
0.236194 0.24053 0.242157 0.24361 0.404141 0.450605 0.466924 0.608663 
0.236194 0.24053 0.242157 0.24361 0.404141 0.450605 0.466924 0.608663 
0.236194 0.24053 0.242157 0.24361 0.404141 0.450605 0.466924 0.608663 
0.236194 0.24053 0.242157 0.24361 0.404141 0.450605 0.466924 0.608663 
0.236194 0.24053 0.242157 0.24361 0.404141 0.450605 0.466924 0.608663 
0.236194 0.24053 0.242157 0.24361 0.404141 0.450605 0.466924 0.608663 
0.236194 0.24053 0.242157 0.24361 0.404141 0.450605 0.466924 0.608663 
0.236194 0.24053 0.242157 0.24361 0.404141 0.450605 0.466924 0.608663 
0.236194 0.24053 0.242157 0.24361 0.404141 0.450605 0.466924 0.608663 
0.236194 0.24053 0.242157 0.24361 0.404141 0.450605 0.466924 0.608663 
0.236194 0.24053 0.242157 0.24361 0.404141 0.450605 0.466924 0.608663 
0.236194 0.24053 0.242157 0.24361 0.404141 0.450605 0.466924 0.527878 
0.236194 0.24053 0.242157 0.24361 0.404141 0.450605 0.466924 0.527878 
0.236194 0.24053 0.242157 0.24361 0.404141 0.450605 0.466924 0.527878 
0.236194 0.24053 0.242157 0.24361 0.404141 0.450605 0.466924 0.527878 
0.236194 0.24053 0.242157 0.24361 0.404141 0.450605 0.466924 0.527878 
0.236194 0.24053 0.242157 0.24361 0.404141 0.450605 0.466924 0.527878 
0.236194 0.24053 0.242157 0.24361 0.404141 0.450605 0.466924 0.527878 
0.236194 0.24053 0.242157 0.24361 0.404141 0.450605 0.466924 0.527878 
0.236194 0.24053 0.242157 0.24361 0.404141 0.450605 0.466924 0.527878 
0.236194 0.24053 0.242157 0.24361 0.404141 0.450605 0.466924 0.491246 
0.236194 0.24053 0.242157 0.24361 0.404141 0.450605 0.466924 0.491246 
0.236194 0.24053 0.242157 0.24361 0.404141 0.450605 0.466924 0.491246 
0.236194 0.24053 0.242157 0.24361 0.404141 0.450605 0.466924 0.491246 
0.236194 0.24053 0.242157 0.24361 0.404141 0.450605 0.466924 0.491246 
0.236194 0.24053 0.242157 0.24361 0.404141 0.450605 0.466924 0.491246 
0.236194 0.24053 0.242157 0.24361 0.404141 0.450605 0.466924 0.491246 
0.236194 0.24053 0.242157 0.24361 0.404141 0.450605 0.466924 0.491246 
0.236194 0.24053 0.242157 0.24361 0.404141 0.450605 0.466924 0.491246 
0.236194 0.24053 0.242157 0.24361 0.404141 0.450605 0.466924 0.491246 
0.236194 0.24053 0.242157 0.24361 0.404141 0.450605 0.466924 0.491246 
0.236194 0.24053 0.242157 0.24361 0.404141 0.450605 0.466924 0.491246 
0.236194 0.24053 0.242157 0.24361 0.404141 0.450605 0.466924 0.491246 
0.236194 0.24053 0.242157 0.24361 0.404141 0.450605 0.466924 0.491246 
0.236194 0.24053 0.242157 0.24361 0.404141 0.450605 0.466924 0.491246 
0.236194 0.24053 0.242157 0.24361 0.404141 0.450605 0.466924 0.491246 
