1.74999 3.76333 4.03476 5.52298 5.63225 5.752 6.57197 7.22245 
1.74999 3.65183 3.76333 4.03476 5.52298 5.63225 5.752 6.57197 
1.74999 3.65183 3.76333 3.81836 4.03476 4.27583 5.52298 5.63225 
1.74999 2.88715 3.65183 3.76333 3.81836 4.03476 4.27583 4.99399 
1.74999 2.22802 2.88715 3.06182 3.65183 3.76333 3.81836 4.03476 
1.74999 2.22802 2.88715 3.06182 3.30797 3.65183 3.76333 3.81836 
1.74999 1.77064 2.22802 2.88715 3.06182 3.30797 3.65183 3.76333 
1.74999 1.77064 2.22802 2.88715 3.06182 3.30797 3.65183 3.76333 
1.74999 1.77064 2.22802 2.88715 3.06182 3.30797 3.65183 3.76333 
1.74999 1.77064 2.22802 2.88715 3.06182 3.30797 3.65183 3.76333 
1.74999 1.77064 2.22802 2.88715 3.06182 3.16618 3.30797 3.65183 
1.31925 1.74999 1.77064 2.22802 2.88715 3.06182 3.16618 3.19954 
1.31925 1.74999 1.77064 2.22802 2.88715 3.06182 3.16618 3.19954 
1.31925 1.74999 1.77064 1.82186 2.22802 2.88715 3.06182 3.16618 
1.31925 1.74999 1.77064 1.82186 2.22802 2.88715 3.06182 3.16618 
1.31925 1.74999 1.77064 1.82186 2.22802 2.8788 2.88715 3.06182 
1.31925 1.74999 1.77064 1.82186 2.22802 2.8788 2.88715 3.06182 
1.31925 1.74999 1.77064 1.82186 2.22802 2.8788 2.88715 3.06182 
1.31925 1.74999 1.77064 1.82186 2.22802 2.8788 2.88715 3.06182 
1.2275 1.31925 1.74999 1.77064 1.82186 2.22802 2.8788 2.88715 
1.2275 1.31925 1.74999 1.77064 1.82186 2.22802 2.80692 2.8788 
1.2275 1.31925 1.74999 1.77064 1.82186 2.22802 2.80692 2.8788 
1.2275 1.31925 1.74999 1.77064 1.82186 2.22802 2.80692 2.8788 
1.2275 1.31925 1.74999 1.77064 1.82186 2.22802 2.76377 2.80692 
0.758131 1.2275 1.31925 1.74999 1.77064 1.82186 2.15399 2.22802 
0.758131 1.2275 1.31925 1.74999 1.77064 1.82186 2.15399 2.22802 
0.758131 1.2275 1.31925 1.74999 1.77064 1.82186 2.15399 2.22802 
0.758131 1.2275 1.31925 1.74999 1.77064 1.82186 2.15399 2.22802 
0.758131 1.2275 1.31925 1.74999 1.77064 1.82186 2.15399 2.22802 
0.758131 1.2275 1.31925 1.74999 1.77064 1.82186 2.15399 2.22802 
0.758131 1.2275 1.31925 1.74999 1.77064 1.82186 2.15399 2.21733 
0.758131 1.2275 1.31925 1.74999 1.77064 1.81571 1.82186 2.15399 
0.758131 1.2275 1.31925 1.74999 1.77064 1.81571 1.82186 2.15399 
0.758131 1.2275 1.31925 1.45358 1.74999 1.77064 1.81571 1.82186 
0.758131 1.09697 1.2275 1.31925 1.40062 1.45358 1.74999 1.77064 
0.758131 1.09697 1.2275 1.31925 1.40062 1.45358 1.74999 1.77064 
0.758131 1.09697 1.2275 1.31925 1.40062 1.45358 1.74666 1.74999 
0.758131 1.02932 1.09697 1.2275 1.31925 1.40062 1.45358 1.47415 
0.758131 1.02932 1.09697 1.2275 1.31925 1.40062 1.45358 1.47415 
0.758131 1.02932 1.09697 1.18646 1.2275 1.31925 1.40062 1.45358 
0.758131 1.02932 1.09697 1.18646 1.2275 1.31925 1.40062 1.45358 
0.758131 1.02932 1.09697 1.18646 1.2275 1.31925 1.40062 1.45358 
0.758131 0.937457 1.02932 1.09697 1.18646 1.2275 1.31925 1.40062 
0.758131 0.937457 1.02932 1.09697 1.18646 1.2275 1.23336 1.31925 
0.187535 0.566451 0.758131 0.937457 1.02932 1.09697 1.18646 1.2275 
0.187535 0.566451 0.758131 0.937457 1.02932 1.09697 1.18646 1.2275 
0.187535 0.566451 0.758131 0.937457 1.02932 1.09697 1.18646 1.2275 
0.187535 0.464946 0.566451 0.758131 0.937457 1.02932 1.09697 1.13604 
0.187535 0.464946 0.566451 0.758131 0.937457 1.02932 1.09697 1.13604 
0.187535 0.464946 0.566451 0.758131 0.937457 1.01326 1.02932 1.09697 
0.187535 0.464946 0.566451 0.758131 0.937457 1.01326 1.02932 1.09697 
0.187535 0.236254 0.373416 0.464946 0.566451 0.758131 0.937457 1.01326 
0.187535 0.236254 0.373416 0.464946 0.566451 0.610965 0.758131 0.937457 
0.187535 0.236254 0.373416 0.418598 0.464946 0.566451 0.610965 0.758131 
0.187535 0.236254 0.369541 0.373416 0.418598 0.464946 0.566451 0.584182 
0.187535 0.236254 0.369541 0.373416 0.418598 0.464946 0.566451 0.584182 
0.187535 0.236254 0.369541 0.373416 0.418598 0.464946 0.566451 0.584182 
0.187535 0.236254 0.369541 0.373416 0.418598 0.464946 0.484154 0.566451 
0.187535 0.236254 0.369541 0.373416 0.418598 0.464946 0.484154 0.566451 
0.187535 0.236254 0.369541 0.373416 0.418598 0.464946 0.484154 0.566451 
0.187535 0.236254 0.369541 0.373416 0.418598 0.464946 0.484154 0.566451 
0.187535 0.236254 0.369541 0.373416 0.418598 0.464946 0.484154 0.566451 
0.187535 0.236254 0.369541 0.373416 0.418598 0.464946 0.484154 0.566451 
0.187535 0.236254 0.369541 0.373416 0.418598 0.464946 0.484154 0.566451 
0.187535 0.236254 0.369541 0.373416 0.418598 0.464946 0.484154 0.566451 
0.187535 0.236254 0.369541 0.373416 0.418598 0.464946 0.484154 0.566451 
0.187535 0.236254 0.369541 0.373416 0.418598 0.464946 0.484154 0.566451 
0.187535 0.236254 0.369541 0.373416 0.418598 0.464946 0.484154 0.566451 
0.187535 0.236254 0.369541 0.373416 0.418598 0.464946 0.484154 0.566451 
0.187535 0.236254 0.369541 0.373416 0.418598 0.464946 0.484154 0.566451 
0.187535 0.236254 0.369541 0.373416 0.418598 0.464946 0.484154 0.566451 
0.187535 0.236254 0.369541 0.373416 0.418598 0.464946 0.484154 0.566451 
0.187535 0.236254 0.369541 0.373416 0.418598 0.464946 0.484154 0.566451 
0.187535 0.236254 0.369541 0.373416 0.418598 0.464946 0.484154 0.566451 
0.187535 0.236254 0.369541 0.373416 0.418598 0.464946 0.484154 0.566451 
0.187535 0.236254 0.369541 0.373416 0.418598 0.464946 0.484154 0.566451 
0.187535 0.236254 0.369541 0.373416 0.418598 0.464946 0.484154 0.566451 
0.187535 0.236254 0.369541 0.373416 0.418598 0.464946 0.484154 0.566451 
0.187535 0.236254 0.369541 0.373416 0.418598 0.464946 0.484154 0.566451 
0.187535 0.236254 0.369541 0.373416 0.418598 0.464946 0.484154 0.566451 
0.187535 0.236254 0.369541 0.373416 0.418598 0.464946 0.484154 0.566451 
0.187535 0.236254 0.369541 0.373416 0.418598 0.464946 0.484154 0.566451 
0.187535 0.236254 0.369541 0.373416 0.418598 0.464946 0.484154 0.566451 
0.187535 0.236254 0.369541 0.373416 0.418598 0.464946 0.484154 0.566451 
0.187535 0.236254 0.369541 0.373416 0.418598 0.464946 0.484154 0.566451 
0.187535 0.236254 0.369541 0.373416 0.418598 0.464946 0.484154 0.566451 
0.187535 0.236254 0.369541 0.373416 0.418598 0.464946 0.484154 0.566451 
0.187535 0.236254 0.369541 0.373416 0.418598 0.464946 0.484154 0.566451 
0.187535 0.236254 0.369541 0.373416 0.418598 0.464946 0.484154 0.566451 
0.187535 0.236254 0.369541 0.373416 0.418598 0.464946 0.484154 0.566451 
0.187535 0.236254 0.369541 0.373416 0.418598 0.464946 0.484154 0.566451 
0.187535 0.236254 0.369541 0.373416 0.418598 0.464946 0.484154 0.566451 
0.187535 0.236254 0.369541 0.373416 0.418598 0.464946 0.484154 0.566451 
0.187535 0.236254 0.369541 0.373416 0.418598 0.464946 0.484154 0.566451 
0.187535 0.236254 0.369541 0.373416 0.418598 0.464946 0.484154 0.566451 
0.187535 0.236254 0.369541 0.373416 0.418598 0.464946 0.484154 0.566451 
0.187535 0.236254 0.369541 0.373416 0.418598 0.464946 0.484154 0.566451 
0.187535 0.236254 0.369541 0.373416 0.418598 0.464946 0.484154 0.566451 
0.187535 0.236254 0.369541 0.373416 0.418598 0.464946 0.484154 0.566451 
0.187535 0.236254 0.369541 0.373416 0.418598 0.464946 0.484154 0.566451 
