1.66184 2.7039 3.69328 3.98697 4.4818 4.8633 5.25781 5.55828 
1.66184 2.7039 3.69328 3.71562 3.87918 3.98697 4.28842 4.4818 
1.66184 2.7039 3.69328 3.71562 3.87918 3.98697 4.28842 4.40229 
1.66184 2.7039 3.69328 3.71562 3.87918 3.88817 3.98697 4.28842 
1.66184 2.7039 3.69328 3.71562 3.87918 3.88817 3.98697 4.27436 
1.66184 2.7039 3.69328 3.71562 3.80134 3.87918 3.88817 3.98697 
1.66184 2.7039 3.69328 3.71562 3.80134 3.87918 3.88817 3.98697 
1.66184 2.7039 3.69328 3.71562 3.80134 3.87918 3.88817 3.98697 
1.66184 2.7039 3.69328 3.71562 3.80134 3.87918 3.88817 3.98697 
1.66184 2.7039 3.69328 3.71562 3.80134 3.87918 3.88817 3.98697 
1.66184 2.7039 3.69328 3.71562 3.74439 3.80134 3.87918 3.88817 
1.66184 2.7039 3.69328 3.71562 3.74439 3.80134 3.87918 3.88817 
1.66184 2.7039 3.69328 3.71562 3.74439 3.80134 3.87918 3.88817 
1.66184 2.7039 3.69328 3.71562 3.74439 3.80134 3.87918 3.88817 
1.66184 2.7039 3.69328 3.71562 3.74439 3.80134 3.87918 3.88817 
1.66184 2.7039 3.69328 3.71562 3.74439 3.80134 3.87918 3.88817 
1.66184 2.7039 3.69328 3.71562 3.74439 3.80134 3.87918 3.88817 
1.66184 2.7039 3.69328 3.71562 3.74439 3.80134 3.87918 3.88817 
1.66184 2.7039 3.69328 3.71562 3.74439 3.80134 3.87918 3.88817 
1.66184 2.7039 3.69328 3.71562 3.74439 3.80134 3.87918 3.88817 
1.66184 2.7039 3.69328 3.71562 3.74439 3.80134 3.87918 3.88817 
1.66184 2.7039 3.69328 3.71562 3.74439 3.80134 3.87918 3.88817 
1.66184 2.7039 3.69328 3.71562 3.74439 3.80134 3.87918 3.88817 
1.66184 2.7039 3.69328 3.71562 3.74439 3.80134 3.87918 3.88817 
1.66184 2.7039 3.69328 3.71562 3.74439 3.80134 3.87918 3.88817 
1.66184 2.7039 3.69328 3.71562 3.74439 3.80134 3.87918 3.88817 
1.66184 2.7039 3.69328 3.71562 3.74439 3.80134 3.87918 3.88817 
1.66184 2.7039 3.69328 3.71562 3.74439 3.80134 3.87918 3.88817 
1.66184 2.7039 3.69328 3.71562 3.74439 3.80134 3.87918 3.88817 
1.66184 2.7039 3.69328 3.71562 3.74439 3.80134 3.87918 3.88817 
1.66184 2.7039 3.69328 3.71562 3.74439 3.80134 3.87918 3.88817 
1.66184 2.7039 3.69328 3.71562 3.74439 3.80134 3.87918 3.88817 
1.66184 2.7039 3.69328 3.71562 3.74439 3.80134 3.87918 3.88817 
1.66184 2.7039 3.69328 3.71562 3.74439 3.80134 3.87918 3.88817 
1.66184 2.7039 3.69328 3.71562 3.74439 3.80134 3.87918 3.88817 
1.66184 2.7039 3.69328 3.71562 3.74439 3.80134 3.87918 3.88817 
1.66184 2.7039 3.69328 3.71562 3.74439 3.80134 3.87918 3.88817 
1.66184 2.7039 3.69328 3.71562 3.74439 3.80134 3.87918 3.88817 
1.66184 2.7039 3.69328 3.71562 3.74439 3.80134 3.87918 3.88817 
1.66184 2.7039 3.69328 3.71562 3.74439 3.80134 3.87918 3.88817 
1.66184 2.7039 3.69328 3.71562 3.74439 3.80134 3.87918 3.88817 
1.66184 2.7039 3.69328 3.71562 3.74439 3.80134 3.87918 3.88817 
1.66184 2.7039 3.69328 3.71562 3.74439 3.80134 3.87918 3.88817 
1.66184 2.7039 3.69328 3.71562 3.74439 3.80134 3.87918 3.88817 
1.66184 2.7039 3.69328 3.71562 3.74439 3.80134 3.87918 3.88817 
1.66184 2.7039 3.69328 3.71562 3.74439 3.80134 3.87918 3.88817 
1.66184 2.7039 3.69328 3.71562 3.74439 3.80134 3.87918 3.88817 
1.66184 2.7039 3.69328 3.71562 3.74439 3.80134 3.87918 3.88817 
1.66184 2.7039 3.69328 3.71562 3.74439 3.80134 3.87918 3.88817 
1.66184 2.7039 3.69328 3.71562 3.74439 3.80134 3.87918 3.88817 
1.66184 2.7039 3.69328 3.71562 3.74439 3.80134 3.87918 3.88817 
1.66184 2.7039 3.69328 3.71562 3.74439 3.80134 3.87918 3.88817 
1.66184 2.7039 3.69328 3.71562 3.74439 3.80134 3.87918 3.88817 
1.66184 2.7039 3.69328 3.71562 3.74439 3.80134 3.87918 3.88817 
1.66184 2.7039 3.69328 3.71562 3.74439 3.80134 3.87918 3.88817 
1.66184 2.7039 3.69328 3.71562 3.74439 3.80134 3.87918 3.88817 
1.66184 2.7039 3.69328 3.71562 3.74439 3.80134 3.87918 3.88817 
1.66184 2.7039 3.69328 3.71562 3.74439 3.80134 3.87918 3.88817 
1.66184 2.7039 3.69328 3.71562 3.74439 3.80134 3.87918 3.88817 
1.66184 2.7039 3.69328 3.71562 3.74439 3.80134 3.87918 3.88817 
1.66184 2.7039 3.69328 3.71562 3.74439 3.80134 3.87918 3.88817 
1.66184 2.7039 3.69328 3.71562 3.74439 3.80134 3.87918 3.88817 
1.66184 2.7039 3.69328 3.71562 3.74439 3.80134 3.87918 3.88817 
1.66184 2.7039 3.69328 3.71562 3.74439 3.80134 3.87918 3.88817 
1.66184 2.7039 3.69328 3.71562 3.74439 3.80134 3.87918 3.88817 
1.66184 2.7039 3.69328 3.71562 3.74439 3.80134 3.87918 3.88817 
1.66184 2.7039 3.69328 3.71562 3.74439 3.80134 3.87918 3.88817 
1.66184 2.7039 3.69328 3.71562 3.74439 3.80134 3.87918 3.88817 
1.66184 2.7039 3.69328 3.71562 3.74439 3.80134 3.87918 3.88817 
1.66184 2.7039 3.69328 3.71562 3.74439 3.80134 3.87918 3.88817 
1.66184 2.7039 3.69328 3.71562 3.74439 3.80134 3.87918 3.88817 
1.66184 2.7039 3.69328 3.71562 3.74439 3.80134 3.87918 3.88817 
1.66184 2.7039 3.69328 3.71562 3.74439 3.80134 3.87918 3.88817 
1.66184 2.7039 3.69328 3.71562 3.74439 3.80134 3.87918 3.88817 
1.66184 2.7039 3.69328 3.71562 3.74439 3.80134 3.87918 3.88817 
1.66184 2.7039 3.69328 3.71562 3.74439 3.80134 3.87918 3.88817 
1.66184 2.7039 3.69328 3.71562 3.74439 3.80134 3.87918 3.88817 
1.66184 2.7039 3.69328 3.71562 3.74439 3.80134 3.87918 3.88817 
1.66184 2.7039 3.69328 3.71562 3.74439 3.80134 3.87918 3.88817 
1.66184 2.7039 3.69328 3.71562 3.74439 3.80134 3.87918 3.88817 
1.66184 2.7039 3.69328 3.71562 3.74439 3.80134 3.87918 3.88817 
1.66184 2.7039 3.69328 3.71562 3.74439 3.80134 3.87918 3.88817 
1.66184 2.7039 3.69328 3.71562 3.74439 3.80134 3.87918 3.88817 
1.66184 2.7039 3.69328 3.71562 3.74439 3.80134 3.87918 3.88817 
1.66184 2.7039 3.69328 3.71562 3.74439 3.80134 3.87918 3.88817 
1.66184 2.7039 3.69328 3.71562 3.74439 3.80134 3.87918 3.88817 
1.66184 2.7039 3.69328 3.71562 3.74439 3.80134 3.87918 3.88817 
1.66184 2.7039 3.69328 3.71562 3.74439 3.80134 3.87918 3.88817 
1.66184 2.7039 3.69328 3.71562 3.74439 3.80134 3.87918 3.88817 
1.66184 2.7039 3.69328 3.71562 3.74439 3.80134 3.87918 3.88817 
1.66184 2.7039 3.69328 3.71562 3.74439 3.80134 3.87918 3.88817 
1.66184 2.7039 3.69328 3.71562 3.74439 3.80134 3.87918 3.88817 
1.66184 2.7039 3.69328 3.71562 3.74439 3.80134 3.87918 3.88817 
1.66184 2.7039 3.69328 3.71562 3.74439 3.80134 3.87918 3.88817 
1.66184 2.7039 3.69328 3.71562 3.74439 3.80134 3.87918 3.88817 
1.66184 2.7039 3.69328 3.71562 3.74439 3.80134 3.87918 3.88817 
1.66184 2.7039 3.69328 3.71562 3.74439 3.80134 3.87918 3.88817 
1.66184 2.7039 3.69328 3.71562 3.74439 3.80134 3.87918 3.88817 
1.66184 2.7039 3.69328 3.71562 3.74439 3.80134 3.87918 3.88817 
1.66184 2.7039 3.69328 3.71562 3.74439 3.80134 3.87918 3.88817 
