3.02228 4.25003 4.56643 4.59691 5.22723 5.52606 6.33558 6.6356 
2.60314 3.02228 3.03977 4.25003 4.56643 4.59691 5.22723 5.52606 
2.60314 3.02228 3.03977 4.25003 4.56643 4.59691 5.22723 5.52606 
2.60314 3.02228 3.03977 3.18449 4.04576 4.25003 4.48409 4.56643 
2.23124 2.60314 3.02228 3.03977 3.18449 3.20032 4.0435 4.04576 
2.23124 2.60314 2.99111 3.02228 3.03977 3.18449 3.20032 3.77943 
2.23124 2.60314 2.99111 3.02228 3.03977 3.18449 3.20032 3.6037 
0.211759 2.23124 2.60314 2.99111 3.02228 3.03977 3.18449 3.20032 
0.211759 2.23124 2.60314 2.99111 3.02228 3.03977 3.16167 3.18449 
0.211759 2.23124 2.60314 2.99111 3.02228 3.03977 3.16167 3.18449 
0.211759 2.23124 2.60314 2.99111 3.02228 3.03977 3.16167 3.18449 
0.211759 2.23124 2.60314 2.65615 2.99111 3.02228 3.03977 3.16167 
0.211759 2.23124 2.60314 2.65615 2.99111 3.02228 3.03977 3.16167 
0.211759 2.23124 2.60314 2.65615 2.99111 3.02228 3.03977 3.16167 
0.211759 2.23124 2.60314 2.65615 2.99111 3.02228 3.03977 3.16167 
0.211759 2.23124 2.60314 2.65615 2.99111 3.02228 3.03977 3.16167 
0.211759 1.80889 2.23124 2.60314 2.65615 2.78518 2.78752 2.99111 
0.211759 1.80889 2.23124 2.60314 2.65615 2.78518 2.78752 2.99111 
0.211759 1.80889 2.23124 2.60314 2.65615 2.78518 2.78752 2.99111 
0.211759 1.80889 2.23124 2.60314 2.65615 2.78518 2.78752 2.89528 
0.116249 0.211759 1.80889 2.23124 2.60314 2.65615 2.78518 2.78752 
0.116249 0.211759 1.80889 2.23124 2.60314 2.65615 2.75989 2.78518 
0.116249 0.211759 1.80889 2.23124 2.60314 2.65615 2.75989 2.78518 
0.116249 0.211759 1.80889 2.23124 2.60314 2.65615 2.75989 2.78518 
0.116249 0.211759 1.80889 2.23124 2.60314 2.65615 2.75989 2.78518 
0.116249 0.211759 0.566483 1.80889 2.23124 2.60314 2.65615 2.75989 
0.116249 0.211759 0.566483 1.80889 2.23124 2.60314 2.65615 2.75752 
0.116249 0.211759 0.566483 0.661972 1.5866 1.80889 2.23124 2.60314 
0.116249 0.211759 0.566483 0.661972 1.5866 1.80889 2.23124 2.60314 
0.116249 0.211759 0.566483 0.661972 1.5866 1.80889 2.23124 2.60314 
0.116249 0.211759 0.566483 0.661972 1.3627 1.5866 1.80889 2.23124 
0.116249 0.211759 0.566483 0.661972 0.858444 1.3627 1.5866 1.80889 
0.116249 0.211759 0.566483 0.661972 0.858444 1.3627 1.5866 1.80889 
0.116249 0.211759 0.566483 0.661972 0.858444 1.3627 1.5866 1.80889 
0.116249 0.211759 0.566483 0.661972 0.858444 1.3627 1.5866 1.80889 
0.116249 0.211759 0.362681 0.566483 0.661972 0.858444 1.10839 1.3627 
0.116249 0.211759 0.362681 0.566483 0.661972 0.858444 1.10839 1.3627 
0.116249 0.211759 0.362681 0.566483 0.661972 0.858444 1.00742 1.10839 
0.116249 0.211759 0.362681 0.566483 0.661972 0.858444 1.00742 1.10839 
0.116249 0.211759 0.362681 0.566483 0.661972 0.858444 1.00742 1.10839 
0.116249 0.211759 0.362681 0.566483 0.661972 0.858444 1.00742 1.10839 
0.116249 0.211759 0.362681 0.566483 0.661972 0.858444 1.00742 1.10839 
0.116249 0.211759 0.362681 0.566483 0.661972 0.858444 0.879163 1.00742 
0.116249 0.211759 0.362681 0.566483 0.585092 0.661972 0.858444 0.879163 
0.116249 0.211759 0.362681 0.566483 0.585092 0.661972 0.858444 0.875632 
0.116249 0.211759 0.362681 0.566483 0.585092 0.661972 0.858444 0.875632 
0.116249 0.211759 0.362681 0.566483 0.585092 0.661972 0.858444 0.875632 
0.116249 0.211759 0.362681 0.566483 0.585092 0.661972 0.858444 0.875632 
0.116249 0.211759 0.362681 0.566483 0.585092 0.661972 0.858444 0.875632 
0.116249 0.211759 0.362681 0.566483 0.585092 0.661972 0.858444 0.875632 
0.116249 0.211759 0.362681 0.566483 0.585092 0.661972 0.858444 0.875632 
0.116249 0.211759 0.362681 0.566483 0.585092 0.661972 0.858444 0.875632 
0.116249 0.211759 0.362681 0.566483 0.585092 0.661972 0.858444 0.875632 
0.116249 0.211759 0.362681 0.566483 0.585092 0.661972 0.858444 0.875632 
0.116249 0.18612 0.211759 0.362681 0.566483 0.585092 0.661972 0.858444 
0.116249 0.18612 0.211759 0.362681 0.566483 0.585092 0.661972 0.808468 
0.116249 0.18612 0.211759 0.362681 0.566483 0.585092 0.661972 0.808468 
0.116249 0.18612 0.211759 0.362681 0.566483 0.585092 0.661972 0.808468 
0.116249 0.18612 0.211759 0.362681 0.566483 0.585092 0.661972 0.808468 
0.116249 0.18612 0.211759 0.362681 0.566483 0.585092 0.661972 0.808468 
0.116249 0.18612 0.211759 0.362681 0.566483 0.585092 0.661972 0.808468 
0.116249 0.18612 0.211759 0.362681 0.566483 0.585092 0.661972 0.808468 
0.116249 0.18612 0.211759 0.362681 0.566483 0.585092 0.661972 0.808468 
0.116249 0.18612 0.211759 0.362681 0.566483 0.585092 0.661972 0.808468 
0.116249 0.18612 0.211759 0.362681 0.566483 0.585092 0.661972 0.808468 
0.116249 0.18612 0.211759 0.362681 0.566483 0.585092 0.661972 0.808468 
0.116249 0.18612 0.211759 0.362681 0.566483 0.585092 0.661972 0.808468 
0.116249 0.18612 0.211759 0.362681 0.566483 0.585092 0.661972 0.808468 
0.116249 0.18612 0.211759 0.362681 0.566483 0.585092 0.661972 0.808468 
0.116249 0.18612 0.211759 0.362681 0.566483 0.585092 0.661972 0.808468 
0.116249 0.18612 0.211759 0.362681 0.566483 0.585092 0.661972 0.808468 
0.116249 0.18612 0.211759 0.362681 0.566483 0.585092 0.661972 0.808468 
0.116249 0.18612 0.211759 0.362681 0.566483 0.585092 0.661972 0.808468 
0.116249 0.18612 0.211759 0.362681 0.566483 0.585092 0.661972 0.808468 
0.116249 0.18612 0.211759 0.362681 0.566483 0.585092 0.661972 0.808468 
0.116249 0.18612 0.211759 0.362681 0.566483 0.585092 0.661972 0.808468 
0.116249 0.18612 0.211759 0.362681 0.566483 0.585092 0.661972 0.808468 
0.116249 0.18612 0.211759 0.362681 0.566483 0.585092 0.661972 0.808468 
0.116249 0.18612 0.211759 0.362681 0.566483 0.585092 0.661972 0.808468 
0.116249 0.18612 0.211759 0.362681 0.566483 0.585092 0.661972 0.808468 
0.116249 0.18612 0.211759 0.362681 0.566483 0.585092 0.661972 0.808468 
0.116249 0.18612 0.211759 0.362681 0.566483 0.585092 0.661972 0.808468 
0.116249 0.18612 0.211759 0.362681 0.566483 0.585092 0.661972 0.808468 
0.116249 0.18612 0.211759 0.362681 0.566483 0.585092 0.661972 0.808468 
0.116249 0.18612 0.211759 0.362681 0.566483 0.585092 0.661972 0.808468 
0.116249 0.18612 0.211759 0.362681 0.566483 0.585092 0.661972 0.808468 
0.116249 0.18612 0.211759 0.362681 0.566483 0.585092 0.661972 0.808468 
0.116249 0.18612 0.211759 0.362681 0.566483 0.585092 0.661972 0.808468 
0.116249 0.18612 0.211759 0.362681 0.566483 0.585092 0.661972 0.808468 
0.116249 0.18612 0.211759 0.362681 0.566483 0.585092 0.661972 0.808468 
0.116249 0.18612 0.211759 0.362681 0.566483 0.585092 0.661972 0.808468 
0.116249 0.18612 0.211759 0.362681 0.566483 0.585092 0.661972 0.808468 
0.116249 0.18612 0.211759 0.362681 0.566483 0.585092 0.661972 0.808468 
0.116249 0.18612 0.211759 0.362681 0.566483 0.585092 0.661972 0.808468 
0.116249 0.18612 0.211759 0.362681 0.566483 0.585092 0.661972 0.808468 
0.116249 0.18612 0.211759 0.362681 0.566483 0.585092 0.661972 0.808468 
0.116249 0.18612 0.211759 0.362681 0.566483 0.585092 0.661972 0.808468 
0.116249 0.18612 0.211759 0.362681 0.566483 0.585092 0.661972 0.808468 
0.116249 0.18612 0.211759 0.362681 0.566483 0.585092 0.661972 0.808468 
0.116249 0.18612 0.211759 0.362681 0.566483 0.585092 0.661972 0.808468 
