3.29821 5.72561 5.92346 6.68838 7.21838 7.68851 7.78258 8.07673 
2.88094 3.29821 4.31176 4.45881 5.72561 5.92346 6.55485 6.68838 
1.68241 2.88094 3.29821 4.31176 4.45881 5.50354 5.50963 5.72561 
1.68241 2.88094 3.07403 3.29821 4.31176 4.45881 5.50354 5.50963 
1.68241 2.88094 3.07403 3.29821 4.31176 4.45881 5.50354 5.50963 
1.68241 2.88094 3.07403 3.29821 4.08072 4.31176 4.45881 5.50354 
1.68241 2.88094 3.07403 3.29821 4.08072 4.1444 4.2945 4.31176 
1.68241 2.88094 3.07403 3.29821 3.52263 4.08072 4.1444 4.19941 
1.68241 2.88094 3.07403 3.29821 3.52263 4.08072 4.1444 4.19941 
1.68241 2.88094 3.02022 3.07403 3.22783 3.29821 3.36375 3.52263 
1.68241 2.88094 3.02022 3.07403 3.22783 3.29821 3.36375 3.52263 
1.68241 2.88094 3.02022 3.07403 3.22783 3.29821 3.36375 3.46259 
1.68241 2.88094 3.02022 3.07403 3.22783 3.29821 3.36375 3.46259 
1.68241 2.88094 3.02022 3.07403 3.22783 3.29821 3.36375 3.46259 
1.68241 2.88094 3.02022 3.07403 3.22783 3.29821 3.36375 3.46259 
1.68241 2.7922 2.88094 3.02022 3.07403 3.22783 3.29821 3.36375 
1.68241 2.62463 2.7922 2.88094 3.02022 3.07403 3.16156 3.22783 
1.68241 2.62463 2.66776 2.7922 2.88094 3.02022 3.07403 3.16156 
1.09977 1.68241 2.36462 2.62463 2.66776 2.7922 2.88094 3.02022 
1.09977 1.68241 2.36462 2.62463 2.66776 2.7922 2.88094 3.02022 
0.634636 1.09977 1.68241 2.36462 2.62463 2.66776 2.7922 2.88094 
0.634636 1.09977 1.68241 2.36462 2.62463 2.63327 2.66776 2.78948 
0.634636 1.09977 1.68241 2.36462 2.62463 2.63327 2.66776 2.67994 
0.634636 1.09977 1.68241 2.36462 2.62463 2.63327 2.66776 2.67994 
0.634636 1.09977 1.68241 2.02173 2.36462 2.62463 2.63327 2.66776 
0.634636 1.09977 1.68241 2.02173 2.36462 2.62463 2.63327 2.66776 
0.634636 1.09977 1.68241 2.02173 2.36462 2.62315 2.62463 2.63327 
0.634636 1.09977 1.68241 2.02173 2.36462 2.62315 2.62463 2.63327 
0.634636 1.09977 1.19962 1.68241 2.02173 2.36462 2.62315 2.62463 
0.634636 1.09977 1.19962 1.68241 1.9563 2.02173 2.36462 2.59936 
0.634636 1.09977 1.19962 1.68241 1.9563 2.02173 2.36462 2.59936 
0.634636 1.09977 1.19962 1.68241 1.9563 2.02173 2.23285 2.36462 
0.634636 0.764256 0.960318 1.09977 1.19962 1.40064 1.68241 1.9563 
0.634636 0.764256 0.960318 1.09977 1.19962 1.40064 1.68241 1.9563 
0.634636 0.764256 0.77735 0.960318 1.09977 1.19962 1.40064 1.68241 
0.634636 0.764256 0.77735 0.960318 1.09977 1.19962 1.40064 1.54735 
0.634636 0.764256 0.77735 0.960318 1.09977 1.19962 1.40064 1.54735 
0.634636 0.764256 0.77735 0.960318 1.09977 1.19962 1.40064 1.54735 
0.634636 0.764256 0.77735 0.960318 1.09977 1.19962 1.40064 1.54735 
0.634636 0.764256 0.77735 0.960318 1.09977 1.19962 1.40064 1.54735 
0.634636 0.764256 0.77735 0.960318 1.09977 1.19962 1.40064 1.54735 
0.634636 0.764256 0.77735 0.960318 1.09977 1.19962 1.40064 1.54735 
0.634636 0.764256 0.77735 0.960318 1.09977 1.19962 1.40064 1.54735 
0.634636 0.764256 0.77735 0.960318 1.09977 1.19962 1.40064 1.48745 
0.634636 0.764256 0.768302 0.77735 0.960318 1.09977 1.19962 1.40064 
0.634636 0.663149 0.764256 0.768302 0.77735 0.960318 1.09977 1.19962 
0.634636 0.663149 0.764256 0.768302 0.77735 0.960318 1.09977 1.19962 
0.634636 0.663149 0.764256 0.768302 0.77735 0.960318 1.09977 1.19962 
0.600401 0.634636 0.663149 0.764256 0.768302 0.77735 0.960318 1.09977 
0.600401 0.634636 0.663149 0.764256 0.768302 0.77735 0.960318 1.09977 
0.501177 0.600401 0.634636 0.663149 0.764256 0.768302 0.77735 0.960318 
0.501177 0.600401 0.634636 0.663149 0.764256 0.768302 0.77735 0.960318 
0.501177 0.600401 0.606713 0.634636 0.663149 0.764256 0.768302 0.77735 
0.501177 0.600401 0.606713 0.634636 0.663149 0.764256 0.768302 0.77735 
0.501177 0.600401 0.606713 0.634636 0.663149 0.764256 0.768302 0.77735 
0.501177 0.600401 0.606713 0.634636 0.663149 0.764256 0.768302 0.77735 
0.501177 0.600401 0.606713 0.634636 0.663149 0.764256 0.768302 0.77735 
0.501177 0.600401 0.606713 0.634636 0.663149 0.764256 0.768302 0.77735 
0.501177 0.600401 0.606713 0.634636 0.663149 0.764256 0.768302 0.77735 
0.501177 0.600401 0.606713 0.634636 0.663149 0.764256 0.768302 0.77735 
0.501177 0.600401 0.606713 0.634636 0.663149 0.764256 0.768302 0.77735 
0.501177 0.600401 0.606713 0.634636 0.663149 0.764256 0.768302 0.77735 
0.501177 0.600401 0.606713 0.634636 0.663149 0.764256 0.768302 0.77735 
0.501177 0.600401 0.606713 0.634636 0.663149 0.764256 0.768302 0.77735 
0.501177 0.600401 0.606713 0.634636 0.663149 0.764256 0.768302 0.77735 
0.501177 0.600401 0.606713 0.634636 0.663149 0.764256 0.768302 0.77735 
0.501177 0.600401 0.606713 0.634636 0.663149 0.764256 0.768302 0.77735 
0.501177 0.600401 0.606713 0.634636 0.663149 0.764256 0.768302 0.77735 
0.501177 0.600401 0.606713 0.634636 0.663149 0.764256 0.768302 0.77735 
0.501177 0.600401 0.606713 0.634636 0.663149 0.764256 0.768302 0.77735 
0.501177 0.600401 0.606713 0.634636 0.663149 0.764256 0.768302 0.77735 
0.501177 0.600401 0.606713 0.634636 0.663149 0.764256 0.768302 0.77735 
0.501177 0.600401 0.606713 0.634636 0.663149 0.764256 0.768302 0.77735 
0.501177 0.600401 0.606713 0.634636 0.663149 0.764256 0.768302 0.77735 
0.501177 0.600401 0.606713 0.634636 0.663149 0.764256 0.768302 0.77735 
0.501177 0.600401 0.606713 0.634636 0.663149 0.764256 0.768302 0.77735 
0.501177 0.600401 0.606713 0.634636 0.663149 0.764256 0.768302 0.77735 
0.501177 0.600401 0.606713 0.634636 0.663149 0.764256 0.768302 0.77735 
0.501177 0.600401 0.606713 0.634636 0.663149 0.764256 0.768302 0.77735 
0.501177 0.600401 0.606713 0.634636 0.663149 0.764256 0.768302 0.77735 
0.501177 0.600401 0.606713 0.634636 0.663149 0.764256 0.768302 0.77735 
0.501177 0.600401 0.606713 0.634636 0.663149 0.764256 0.768302 0.77735 
0.501177 0.600401 0.606713 0.634636 0.663149 0.764256 0.768302 0.77735 
0.501177 0.600401 0.606713 0.634636 0.663149 0.764256 0.768302 0.77735 
0.501177 0.600401 0.606713 0.634636 0.663149 0.764256 0.768302 0.77735 
0.501177 0.600401 0.606713 0.634636 0.663149 0.764256 0.768302 0.77735 
0.501177 0.600401 0.606713 0.634636 0.663149 0.764256 0.768302 0.77735 
0.501177 0.600401 0.606713 0.634636 0.663149 0.764256 0.768302 0.77735 
0.501177 0.600401 0.606713 0.634636 0.663149 0.764256 0.768302 0.77735 
0.501177 0.600401 0.606713 0.634636 0.663149 0.764256 0.768302 0.77735 
0.501177 0.600401 0.606713 0.634636 0.663149 0.764256 0.768302 0.77735 
0.501177 0.600401 0.606713 0.634636 0.663149 0.764256 0.768302 0.77735 
0.501177 0.600401 0.606713 0.634636 0.663149 0.764256 0.768302 0.77735 
0.501177 0.600401 0.606713 0.634636 0.663149 0.764256 0.768302 0.77735 
0.501177 0.600401 0.606713 0.634636 0.663149 0.764256 0.768302 0.77735 
0.501177 0.600401 0.606713 0.634636 0.663149 0.764256 0.768302 0.77735 
0.501177 0.600401 0.606713 0.634636 0.663149 0.764256 0.768302 0.77735 
0.501177 0.600401 0.606713 0.634636 0.663149 0.764256 0.768302 0.77735 
0.501177 0.600401 0.606713 0.634636 0.663149 0.764256 0.768302 0.77735 
0.501177 0.600401 0.606713 0.634636 0.663149 0.764256 0.768302 0.77735 
