3.22323 3.36507 3.48703 3.52716 4.54651 5.38124 5.7412 6.10353 6.23518 6.52205 7.12631 7.3247 7.70743 7.96104 8.14249 8.26522 8.30051 8.30932 8.55788 8.77898 
3.22323 3.36507 3.48703 3.52716 3.79097 4.09733 4.54651 5.31787 5.38124 5.7412 6.10353 6.23518 6.52205 7.12631 7.3247 7.63032 7.70743 7.75662 7.8668 7.91697 
3.22323 3.36507 3.48703 3.52716 3.79097 4.09733 4.54651 5.07685 5.31787 5.38124 5.47328 5.7412 5.86021 6.10353 6.23518 6.52205 7.12631 7.21907 7.27636 7.3247 
3.22323 3.36507 3.48703 3.52716 3.79097 4.09733 4.40275 4.54651 5.07685 5.09419 5.24834 5.31787 5.38124 5.47328 5.7412 5.75299 5.86021 6.10353 6.23518 6.50771 
3.22323 3.36507 3.48703 3.52716 3.79097 4.09733 4.40275 4.52061 4.54651 5.07685 5.09419 5.24834 5.31787 5.38124 5.47328 5.57689 5.7412 5.75299 5.86021 6.10353 
2.63058 3.22323 3.36507 3.48703 3.52716 3.79097 3.8395 4.09733 4.40275 4.52061 4.54651 5.07685 5.09419 5.24834 5.31787 5.38124 5.47328 5.57689 5.7412 5.75299 
1.69478 2.63058 3.22323 3.36507 3.48703 3.52716 3.79097 3.79726 3.8395 4.09733 4.40275 4.52061 4.54651 5.07685 5.09419 5.24834 5.31787 5.38124 5.47328 5.57689 
1.69478 2.63058 3.22323 3.36507 3.48703 3.52716 3.79097 3.79726 3.8395 4.09733 4.12862 4.27399 4.40275 4.52061 4.54651 5.07685 5.09419 5.24834 5.31787 5.38124 
1.69478 2.63058 3.22323 3.36507 3.48703 3.52716 3.79097 3.79726 3.83227 3.8395 4.09733 4.12862 4.27399 4.40275 4.52061 4.54651 5.07685 5.09419 5.24834 5.31787 
1.69478 2.63058 3.22323 3.36507 3.48703 3.52716 3.79097 3.79726 3.83227 3.8395 4.09733 4.12862 4.27399 4.40275 4.52061 4.54651 4.96688 5.07685 5.09419 5.24834 
1.69478 2.63058 3.06856 3.1944 3.22323 3.36507 3.48703 3.52716 3.71691 3.79097 3.79726 3.83227 3.8395 4.09733 4.11226 4.12862 4.27307 4.27399 4.40275 4.52061 
1.69478 2.63058 2.72781 3.06856 3.1944 3.22323 3.36507 3.48703 3.52716 3.71691 3.79097 3.79726 3.83227 3.8395 4.02347 4.09733 4.11226 4.12862 4.27307 4.27399 
1.69478 2.63058 2.72781 3.06856 3.11947 3.1944 3.22323 3.36507 3.48703 3.50169 3.52716 3.71691 3.79097 3.79726 3.83227 3.8395 4.02347 4.09733 4.11226 4.12862 
1.69478 2.63058 2.72781 3.06856 3.11947 3.1944 3.22323 3.34923 3.36507 3.48703 3.50169 3.52716 3.71691 3.79097 3.79726 3.83227 3.8395 4.02347 4.09733 4.11226 
1.69478 2.63058 2.72781 3.06856 3.11947 3.1944 3.22323 3.34923 3.36507 3.48703 3.50169 3.52716 3.71691 3.79097 3.79726 3.83227 3.8395 3.85255 3.8959 4.02347 
1.69478 2.63058 2.72781 3.06856 3.11947 3.1944 3.22323 3.24847 3.34923 3.36507 3.4083 3.48703 3.50169 3.52716 3.71691 3.79097 3.79726 3.83227 3.8395 3.85255 
1.69478 2.63058 2.72781 3.06856 3.11947 3.1944 3.22323 3.24847 3.34923 3.36507 3.4083 3.48703 3.50169 3.52716 3.71691 3.79097 3.79726 3.83227 3.8395 3.85255 
1.26499 1.69478 2.63058 2.72781 3.06856 3.11947 3.1944 3.22323 3.24847 3.272 3.30214 3.34923 3.36507 3.4083 3.44433 3.48703 3.50169 3.52716 3.71691 3.78488 
1.26499 1.69478 1.99005 2.63058 2.72781 2.75667 2.98138 3.06856 3.11947 3.1944 3.22323 3.24847 3.272 3.30214 3.34923 3.36507 3.4083 3.44433 3.48703 3.50169 
1.26499 1.69478 1.99005 2.63058 2.72781 2.75667 2.98138 3.06856 3.11947 3.1944 3.22323 3.24847 3.272 3.30214 3.34923 3.36507 3.4083 3.44433 3.48703 3.50169 
1.26499 1.69478 1.99005 2.21929 2.63058 2.72781 2.75085 2.75667 2.98138 3.06856 3.09512 3.11947 3.1944 3.22323 3.24284 3.24847 3.272 3.30214 3.34923 3.36507 
1.26499 1.69478 1.99005 2.21929 2.37546 2.63058 2.72781 2.75085 2.75667 2.98138 3.06856 3.09512 3.11947 3.1944 3.22323 3.24284 3.24847 3.272 3.30214 3.34923 
1.26499 1.69478 1.99005 2.12112 2.21929 2.37546 2.43162 2.63058 2.72781 2.75085 2.75667 2.98138 3.06856 3.09512 3.11947 3.1944 3.22323 3.24284 3.24847 3.272 
1.26499 1.69478 1.99005 2.12112 2.21929 2.37546 2.43162 2.63058 2.72781 2.75085 2.75667 2.98138 3.06856 3.09512 3.11947 3.1944 3.22323 3.24284 3.24847 3.272 
1.26499 1.51661 1.69478 1.99005 2.12112 2.21929 2.37546 2.43162 2.60041 2.63058 2.72781 2.75085 2.75667 2.98138 3.06856 3.09512 3.11947 3.13599 3.15559 3.1944 
1.01718 1.26499 1.51661 1.69478 1.99005 2.12112 2.21929 2.37546 2.43162 2.60041 2.63058 2.72781 2.75085 2.75667 2.79637 2.98138 3.06856 3.09512 3.11947 3.13599 
1.01718 1.26499 1.51661 1.69478 1.99005 2.12112 2.21929 2.37546 2.40062 2.43162 2.60041 2.63058 2.72781 2.75085 2.75667 2.79637 2.98138 3.04375 3.06856 3.09512 
1.01718 1.26499 1.51661 1.69478 1.71065 1.99005 2.12112 2.21929 2.37546 2.40062 2.43162 2.60041 2.63058 2.72781 2.75085 2.75667 2.79637 2.98138 3.04375 3.06856 
1.01718 1.26499 1.51661 1.69478 1.71065 1.99005 2.12112 2.21187 2.21929 2.37546 2.40062 2.43162 2.60041 2.63058 2.64583 2.72781 2.75085 2.75667 2.79637 2.98138 
1.01718 1.26499 1.51661 1.69478 1.71065 1.99005 2.03453 2.12112 2.21187 2.21929 2.37546 2.40062 2.43162 2.60041 2.63058 2.64583 2.72781 2.75085 2.75667 2.79637 
1.01718 1.26499 1.51494 1.51661 1.69478 1.71065 1.99005 2.03453 2.12112 2.21187 2.21929 2.37546 2.40062 2.43162 2.60041 2.63058 2.64583 2.72781 2.75085 2.75667 
1.01718 1.26499 1.51494 1.51661 1.69478 1.71065 1.99005 2.03453 2.12112 2.21187 2.21929 2.37546 2.40062 2.43162 2.60041 2.63058 2.64583 2.72781 2.75085 2.75667 
0.489523 0.6732 1.01718 1.08505 1.26499 1.51494 1.51661 1.69478 1.71065 1.99005 2.03453 2.12112 2.21187 2.21929 2.37546 2.40062 2.41671 2.43162 2.60041 2.63058 
0.489523 0.6732 1.01718 1.08505 1.25309 1.26499 1.51494 1.51661 1.69478 1.71065 1.99005 2.03453 2.12112 2.21187 2.21929 2.37546 2.40062 2.41671 2.43162 2.60041 
0.489523 0.6732 1.01718 1.08505 1.25309 1.26499 1.51494 1.51661 1.69478 1.71065 1.99005 2.03453 2.12112 2.21187 2.21929 2.37546 2.40062 2.41671 2.43162 2.60041 
0.489523 0.6732 1.01718 1.08505 1.25309 1.26499 1.41323 1.51494 1.51661 1.69478 1.71065 1.99005 2.03453 2.12112 2.21187 2.21929 2.37546 2.40062 2.41671 2.43162 
0.489523 0.6732 1.01718 1.08505 1.25309 1.26499 1.41323 1.51494 1.51661 1.69478 1.71065 1.99005 2.03453 2.12112 2.21187 2.21929 2.37546 2.40062 2.41671 2.43162 
0.489523 0.6732 1.01718 1.08505 1.25309 1.26499 1.41323 1.51494 1.51661 1.69478 1.71065 1.99005 2.03453 2.12112 2.21187 2.21929 2.37546 2.38096 2.40062 2.41671 
0.334299 0.489523 0.6732 1.01718 1.08505 1.25309 1.26499 1.41323 1.51494 1.51661 1.69478 1.71065 1.99005 2.03453 2.12112 2.21187 2.21929 2.37546 2.38096 2.40062 
0.334299 0.463349 0.489523 0.6732 1.01718 1.08505 1.25309 1.26499 1.41323 1.51494 1.51661 1.69478 1.71065 1.74655 1.99005 2.03453 2.12112 2.21187 2.21929 2.37546 
0.334299 0.463349 0.489523 0.6732 1.01718 1.08505 1.25309 1.26499 1.41323 1.51494 1.51661 1.69478 1.71065 1.74655 1.99005 2.03453 2.12112 2.21187 2.21929 2.37546 
0.334299 0.463349 0.489523 0.6732 1.01718 1.08505 1.11829 1.25309 1.26499 1.41323 1.51494 1.51661 1.69478 1.71065 1.74655 1.99005 2.03453 2.12112 2.21187 2.21929 
0.334299 0.463349 0.489523 0.6732 1.01718 1.08505 1.11829 1.25309 1.26499 1.31584 1.41323 1.51494 1.51661 1.69478 1.71065 1.74655 1.78242 1.99005 2.03453 2.12112 
0.334299 0.463349 0.489523 0.6732 1.01718 1.08505 1.11829 1.25309 1.26499 1.31584 1.41323 1.51494 1.51661 1.69478 1.71065 1.74655 1.78242 1.99005 1.99446 2.03453 
0.334299 0.463349 0.489523 0.6732 1.01718 1.08505 1.11829 1.15375 1.25309 1.26499 1.31584 1.41323 1.51494 1.51661 1.69478 1.71065 1.74655 1.78242 1.99005 1.99446 
0.227109 0.334299 0.463349 0.489523 0.6732 0.781146 1.01718 1.08505 1.11829 1.15375 1.25309 1.26499 1.31584 1.41323 1.51494 1.51661 1.69478 1.71065 1.74655 1.78242 
0.227109 0.334299 0.463349 0.489523 0.6732 0.781146 1.01718 1.08505 1.11829 1.15375 1.25309 1.26499 1.31584 1.41323 1.51494 1.51661 1.69478 1.71065 1.74655 1.78242 
0.227109 0.334299 0.463349 0.489523 0.6732 0.781146 0.858645 0.881287 1.01718 1.08505 1.11829 1.15375 1.25309 1.26499 1.31584 1.41323 1.51494 1.51661 1.68145 1.69478 
0.227109 0.334299 0.463349 0.489523 0.6732 0.781146 0.858645 0.881287 1.01718 1.08505 1.11829 1.15375 1.16359 1.25309 1.26499 1.31584 1.41323 1.51494 1.51661 1.68145 
0.227109 0.334299 0.463349 0.489523 0.6732 0.781146 0.858645 0.881287 1.01718 1.08505 1.11829 1.15375 1.16359 1.25309 1.26499 1.26926 1.31584 1.41323 1.51494 1.51661 
0.227109 0.334299 0.463349 0.489523 0.6732 0.781146 0.845946 0.858645 0.881287 1.01614 1.01718 1.08505 1.11829 1.15375 1.16359 1.25309 1.26499 1.26926 1.31584 1.41323 
0.227109 0.273964 0.334299 0.463349 0.489523 0.6732 0.781146 0.845946 0.858645 0.881287 1.01614 1.01718 1.08505 1.11829 1.15375 1.16359 1.25309 1.26499 1.26926 1.31584 
0.227109 0.273964 0.334299 0.463349 0.489523 0.6732 0.731226 0.781146 0.845946 0.858645 0.881287 1.01614 1.01718 1.08505 1.11829 1.15375 1.16359 1.25309 1.26499 1.26926 
0.227109 0.273964 0.334299 0.463349 0.489523 0.6732 0.731226 0.781146 0.845946 0.858645 0.881287 0.957981 1.01614 1.01718 1.08505 1.11829 1.15375 1.16359 1.25309 1.26499 
0.227109 0.273964 0.334299 0.463349 0.489523 0.6732 0.731226 0.781146 0.845946 0.858645 0.881287 0.957981 1.01614 1.01718 1.08505 1.11829 1.15375 1.16359 1.25309 1.26499 
0.227109 0.273964 0.334299 0.463349 0.489523 0.563973 0.6732 0.731226 0.781146 0.787251 0.845946 0.858645 0.881287 0.957981 1.01385 1.01614 1.01718 1.08505 1.11829 1.15375 
0.227109 0.273964 0.334299 0.463349 0.489523 0.563973 0.6732 0.731226 0.781146 0.787251 0.845946 0.858645 0.881287 0.957981 1.01385 1.01614 1.01718 1.08505 1.11829 1.15375 
0.227109 0.273964 0.334299 0.440209 0.463349 0.489523 0.563973 0.6732 0.731226 0.781146 0.787251 0.845946 0.858645 0.881287 0.957981 1.01385 1.01614 1.01718 1.08505 1.11829 
0.227109 0.273964 0.334299 0.440209 0.463349 0.489523 0.563973 0.6732 0.731226 0.781146 0.787251 0.791553 0.832889 0.845946 0.858645 0.881287 0.957981 1.01385 1.01614 1.01718 
0.227109 0.273964 0.334299 0.440209 0.463349 0.489523 0.563973 0.6732 0.731226 0.781146 0.787251 0.791553 0.832889 0.845946 0.858645 0.881287 0.957981 1.01385 1.01614 1.01718 
0.227109 0.273964 0.334299 0.440209 0.463349 0.489523 0.563973 0.6732 0.731226 0.781146 0.787251 0.791553 0.832889 0.845946 0.858645 0.881287 0.957981 1.01385 1.01614 1.01718 
0.227109 0.273964 0.334299 0.440209 0.463349 0.489523 0.563973 0.6732 0.731226 0.781146 0.787251 0.791553 0.832889 0.845946 0.858645 0.881287 0.957981 1.01385 1.01614 1.01718 
0.227109 0.273964 0.334299 0.440209 0.463349 0.489523 0.563973 0.6732 0.731226 0.781146 0.787251 0.791553 0.832889 0.845946 0.858645 0.881287 0.957981 1.01385 1.01614 1.01718 
0.227109 0.273964 0.334299 0.440209 0.463349 0.489523 0.563973 0.6732 0.731226 0.781146 0.787251 0.791553 0.832889 0.845946 0.858645 0.881287 0.957981 1.01385 1.01614 1.01718 
0.227109 0.273964 0.334299 0.440209 0.463349 0.489523 0.563973 0.6732 0.731226 0.781146 0.787251 0.791553 0.832889 0.845946 0.858645 0.881287 0.957981 1.00545 1.01385 1.01614 
0.227109 0.273964 0.334299 0.440209 0.463349 0.489523 0.563973 0.6732 0.731226 0.781146 0.787251 0.791553 0.832889 0.845946 0.858645 0.881287 0.957981 1.00545 1.01385 1.01614 
0.227109 0.273964 0.334299 0.440209 0.463349 0.489523 0.563973 0.6732 0.731226 0.781146 0.787251 0.791553 0.832889 0.845946 0.858645 0.881287 0.904847 0.957981 1.00545 1.01385 
0.227109 0.273964 0.334299 0.440209 0.463349 0.489523 0.563973 0.6732 0.731226 0.781146 0.787251 0.791553 0.832889 0.845946 0.858645 0.881287 0.904847 0.957981 1.00545 1.01385 
0.227109 0.273964 0.334299 0.440209 0.463349 0.489523 0.563973 0.6732 0.731226 0.781146 0.787251 0.791553 0.832889 0.845946 0.858645 0.881287 0.904847 0.957981 1.00545 1.01385 
0.227109 0.273964 0.334299 0.397164 0.440209 0.463349 0.489523 0.563973 0.6732 0.731226 0.781146 0.787251 0.791553 0.832889 0.845946 0.858645 0.881287 0.904847 0.957981 1.00545 
0.227109 0.273964 0.334299 0.397164 0.440209 0.463349 0.489523 0.563973 0.6732 0.731226 0.781146 0.787251 0.791553 0.832889 0.845946 0.858645 0.881287 0.904847 0.957981 1.00545 
0.227109 0.273964 0.334299 0.397164 0.440209 0.463349 0.489523 0.563973 0.6732 0.731226 0.781146 0.787251 0.791553 0.832889 0.845946 0.858645 0.881287 0.904847 0.957981 1.00545 
0.227109 0.273964 0.334299 0.397164 0.440209 0.463349 0.489523 0.563973 0.6732 0.731226 0.781146 0.787251 0.791553 0.832889 0.845946 0.858645 0.881287 0.904847 0.957981 0.989603 
0.227109 0.273964 0.334299 0.397164 0.440209 0.463349 0.489523 0.563973 0.6732 0.731226 0.781146 0.787251 0.791553 0.832889 0.845946 0.858645 0.881287 0.904847 0.957981 0.989603 
0.227109 0.273964 0.334299 0.397164 0.440209 0.459397 0.463349 0.489523 0.563973 0.6732 0.731226 0.781146 0.787251 0.791553 0.832889 0.845946 0.858645 0.881287 0.904847 0.957981 
0.227109 0.273964 0.334299 0.397164 0.440209 0.459397 0.463349 0.489523 0.563973 0.6732 0.731226 0.781146 0.787251 0.791553 0.832889 0.845946 0.858645 0.881287 0.904847 0.957981 
0.227109 0.273964 0.334299 0.397164 0.440209 0.459397 0.463349 0.489523 0.563973 0.6732 0.731226 0.781146 0.787251 0.791553 0.832889 0.845946 0.858645 0.881287 0.904847 0.957981 
0.227109 0.273964 0.334299 0.397164 0.440209 0.459397 0.463349 0.489523 0.563973 0.6732 0.731226 0.781146 0.787251 0.791553 0.832889 0.845946 0.858645 0.881287 0.904847 0.957981 
0.227109 0.273964 0.334299 0.397164 0.440209 0.459397 0.463349 0.489523 0.563973 0.6732 0.731226 0.781146 0.787251 0.791553 0.832889 0.845946 0.858645 0.861453 0.881287 0.904847 
0.227109 0.273964 0.334299 0.397164 0.440209 0.459397 0.463349 0.489523 0.563973 0.6732 0.731226 0.781146 0.787251 0.791553 0.832889 0.845946 0.858645 0.861453 0.881287 0.904847 
0.227109 0.273964 0.334299 0.397164 0.440209 0.459397 0.463349 0.489523 0.563973 0.6732 0.731226 0.781146 0.787251 0.791553 0.832889 0.845946 0.858645 0.861453 0.881287 0.904847 
0.227109 0.273964 0.334299 0.397164 0.440209 0.459397 0.463349 0.489523 0.563973 0.6732 0.731226 0.781146 0.787251 0.791553 0.832889 0.845946 0.858645 0.861453 0.881287 0.894514 
0.227109 0.273964 0.334299 0.397164 0.440209 0.459397 0.463349 0.489523 0.563973 0.6732 0.731226 0.781146 0.787251 0.791553 0.832889 0.845946 0.858645 0.861453 0.881287 0.894514 
0.227109 0.273964 0.334299 0.397164 0.440209 0.459397 0.463349 0.489523 0.563973 0.6732 0.731226 0.781146 0.787251 0.791553 0.832889 0.845946 0.858645 0.861453 0.881287 0.894514 
0.227109 0.273964 0.334299 0.397164 0.440209 0.459397 0.463349 0.489523 0.563973 0.6732 0.731226 0.781146 0.787251 0.791553 0.832889 0.845946 0.858645 0.861453 0.881287 0.894514 
0.227109 0.273964 0.334299 0.397164 0.440209 0.459397 0.463349 0.489523 0.563973 0.6732 0.731226 0.781146 0.787251 0.791553 0.832889 0.845946 0.858645 0.861453 0.881287 0.894514 
0.227109 0.273964 0.334299 0.397164 0.440209 0.459397 0.463349 0.489523 0.563973 0.6732 0.731226 0.781146 0.787251 0.791553 0.832889 0.845946 0.858645 0.861453 0.881287 0.894514 
0.227109 0.273964 0.334299 0.397164 0.440209 0.459397 0.463349 0.489523 0.563973 0.6732 0.731226 0.781146 0.787251 0.791553 0.832889 0.845946 0.858645 0.861453 0.881287 0.894514 
0.227109 0.273964 0.334299 0.397164 0.440209 0.459397 0.463349 0.489523 0.563973 0.6732 0.731226 0.781146 0.787251 0.791553 0.832889 0.845946 0.858645 0.861453 0.881287 0.894514 
0.227109 0.273964 0.334299 0.397164 0.440209 0.459397 0.463349 0.489523 0.563973 0.6732 0.731226 0.781146 0.787251 0.791553 0.832889 0.845946 0.858645 0.861453 0.881287 0.894514 
0.227109 0.273964 0.334299 0.397164 0.440209 0.459397 0.463349 0.489523 0.563973 0.6732 0.731226 0.781146 0.787251 0.791553 0.832889 0.845946 0.858645 0.861453 0.881287 0.894514 
0.227109 0.273964 0.334299 0.397164 0.440209 0.459397 0.463349 0.489523 0.563973 0.6732 0.731226 0.781146 0.787251 0.791553 0.832889 0.845946 0.858645 0.861453 0.881287 0.894514 
0.227109 0.273964 0.334299 0.397164 0.440209 0.459397 0.463349 0.489523 0.563973 0.6732 0.731226 0.781146 0.787251 0.791553 0.832889 0.845946 0.858645 0.861453 0.881287 0.894514 
0.227109 0.273964 0.334299 0.397164 0.440209 0.459397 0.463349 0.489523 0.563973 0.6732 0.731226 0.781146 0.787251 0.791553 0.832889 0.845946 0.858645 0.861453 0.881287 0.894514 
0.227109 0.273964 0.334299 0.397164 0.440209 0.459397 0.463349 0.489523 0.563973 0.6732 0.731226 0.781146 0.787251 0.791553 0.832889 0.845946 0.858645 0.861453 0.881287 0.894514 
0.227109 0.273964 0.334299 0.397164 0.440209 0.459397 0.463349 0.489523 0.563973 0.6732 0.731226 0.781146 0.787251 0.791553 0.832889 0.845946 0.858645 0.861453 0.881287 0.894514 
0.227109 0.273964 0.334299 0.397164 0.440209 0.459397 0.463349 0.489523 0.563973 0.6732 0.731226 0.781146 0.787251 0.791553 0.832889 0.845946 0.858645 0.861453 0.881287 0.894514 
0.227109 0.273964 0.334299 0.397164 0.440209 0.459397 0.463349 0.489523 0.563973 0.6732 0.731226 0.781146 0.787251 0.791553 0.832889 0.845946 0.858645 0.861453 0.881287 0.894514 
0.227109 0.273964 0.334299 0.397164 0.440209 0.459397 0.463349 0.489523 0.563973 0.6732 0.731226 0.781146 0.787251 0.791553 0.832889 0.845946 0.858645 0.861453 0.881287 0.894514 
0.227109 0.273964 0.334299 0.397164 0.440209 0.459397 0.463349 0.489523 0.563973 0.6732 0.731226 0.781146 0.787251 0.791553 0.832889 0.845946 0.858645 0.861453 0.881287 0.894514 
