2.75492 2.84664 3.30398 3.41427 3.61926 3.72848 3.76172 4.1536 4.42209 4.58096 5.28697 5.41843 5.62859 6.55729 6.82942 6.83101 7.15376 7.22143 7.2507 7.64753 
2.75492 2.84664 3.30398 3.41427 3.46293 3.61926 3.72848 3.76172 4.14072 4.15106 4.1536 4.42209 4.55225 4.58096 4.60631 5.28697 5.41843 5.62859 6.43328 6.55729 
2.75492 2.84664 3.30398 3.41427 3.46293 3.55595 3.61926 3.72848 3.76172 4.14072 4.15106 4.1536 4.42209 4.42991 4.55225 4.57502 4.57686 4.58096 4.60631 5.28697 
2.25588 2.75492 2.84664 3.01599 3.30398 3.41427 3.46293 3.55595 3.61926 3.72848 3.76172 4.14072 4.15106 4.1536 4.42209 4.42991 4.44962 4.50285 4.55225 4.5712 
2.25588 2.60888 2.75492 2.84664 3.01599 3.04088 3.23477 3.30398 3.36965 3.41427 3.46293 3.55595 3.61926 3.72848 3.76172 4.00922 4.14072 4.15106 4.1536 4.42209 
2.25588 2.60888 2.75492 2.84664 3.01599 3.04088 3.08032 3.23477 3.30398 3.36965 3.41427 3.46293 3.55595 3.59938 3.61926 3.72848 3.76172 4.00922 4.12312 4.14072 
2.25588 2.60888 2.66247 2.75492 2.84664 3.01599 3.04088 3.08032 3.23477 3.30398 3.36965 3.40084 3.41427 3.46293 3.49038 3.55595 3.59938 3.61926 3.67484 3.72848 
2.25588 2.60888 2.66247 2.75492 2.84664 3.01599 3.04088 3.08032 3.23477 3.30398 3.36965 3.39927 3.40084 3.41427 3.46293 3.49038 3.55595 3.59938 3.61926 3.67484 
2.25588 2.60888 2.66247 2.75492 2.84664 3.01599 3.04088 3.08032 3.23477 3.30398 3.36965 3.39927 3.40084 3.41427 3.46293 3.49038 3.55595 3.59938 3.61926 3.67484 
2.25588 2.60888 2.66247 2.75492 2.84664 3.01599 3.04088 3.08032 3.23477 3.30398 3.36965 3.38275 3.39927 3.40084 3.41427 3.46293 3.49038 3.55595 3.59938 3.61926 
2.25588 2.60888 2.66247 2.75492 2.84664 3.01599 3.04088 3.08032 3.23477 3.30398 3.36965 3.38275 3.39927 3.40084 3.41427 3.46293 3.49038 3.55595 3.59938 3.61926 
2.25588 2.60888 2.66247 2.75492 2.84664 3.01599 3.04088 3.08032 3.23477 3.30398 3.36965 3.38275 3.39927 3.40084 3.41427 3.46293 3.49038 3.55595 3.59938 3.61926 
2.25588 2.60888 2.66247 2.75492 2.84664 3.01599 3.04088 3.08032 3.23477 3.30398 3.36965 3.38275 3.39927 3.40084 3.41427 3.46293 3.49038 3.55595 3.59938 3.61926 
2.25588 2.60888 2.66247 2.75492 2.84664 3.01599 3.04088 3.08032 3.23477 3.30398 3.36965 3.38275 3.39927 3.40084 3.41427 3.46293 3.49038 3.55595 3.59938 3.61926 
2.25588 2.60888 2.66247 2.75492 2.84664 3.01599 3.04088 3.08032 3.23477 3.30398 3.36965 3.38275 3.39927 3.40084 3.41427 3.46293 3.49038 3.55595 3.59938 3.61926 
2.25588 2.60888 2.66247 2.75492 2.84664 3.01599 3.04088 3.08032 3.23477 3.30398 3.36965 3.38275 3.39927 3.40084 3.41427 3.46293 3.49038 3.55595 3.59938 3.61926 
2.25588 2.60888 2.66247 2.75492 2.84664 3.01599 3.04088 3.08032 3.23477 3.30398 3.36965 3.38275 3.39927 3.40084 3.41427 3.46293 3.49038 3.55595 3.59938 3.61926 
2.25588 2.60888 2.66247 2.75492 2.84664 3.01599 3.04088 3.08032 3.23477 3.30398 3.36965 3.38275 3.39927 3.40084 3.41427 3.46293 3.49038 3.55595 3.59938 3.61926 
2.25588 2.60888 2.66247 2.75492 2.84664 3.01599 3.04088 3.08032 3.23477 3.30398 3.36965 3.38275 3.39927 3.40084 3.41427 3.46293 3.49038 3.55595 3.59938 3.61926 
2.25588 2.60888 2.66247 2.75492 2.84664 3.01599 3.04088 3.08032 3.23477 3.30398 3.36965 3.38275 3.39927 3.40084 3.41427 3.46293 3.49038 3.55595 3.59938 3.61926 
2.25588 2.60888 2.66247 2.75492 2.84664 3.01599 3.04088 3.08032 3.23477 3.30398 3.36965 3.38275 3.39927 3.40084 3.41427 3.46293 3.49038 3.55595 3.59938 3.61926 
2.25588 2.60888 2.66247 2.75492 2.84664 3.01599 3.04088 3.08032 3.23477 3.30398 3.36965 3.38275 3.39927 3.40084 3.41427 3.46293 3.49038 3.55595 3.59938 3.61926 
2.25588 2.60888 2.66247 2.75492 2.84664 3.01599 3.04088 3.08032 3.23477 3.30398 3.36965 3.38275 3.39927 3.40084 3.41427 3.46293 3.49038 3.55595 3.59938 3.61926 
2.25588 2.60888 2.66247 2.75492 2.84664 3.01599 3.04088 3.08032 3.23477 3.30398 3.36965 3.38275 3.39927 3.40084 3.41427 3.46293 3.49038 3.55595 3.59938 3.61926 
2.25588 2.60888 2.66247 2.75492 2.84664 3.01599 3.04088 3.08032 3.23477 3.30398 3.36965 3.38275 3.39927 3.40084 3.41427 3.46293 3.49038 3.55595 3.59938 3.61926 
2.25588 2.60888 2.66247 2.75492 2.84664 3.01599 3.04088 3.08032 3.23477 3.30398 3.36965 3.38275 3.39927 3.40084 3.41427 3.46293 3.49038 3.55595 3.59938 3.61926 
2.25588 2.60888 2.66247 2.75492 2.84664 3.01599 3.04088 3.08032 3.23477 3.30398 3.36965 3.38275 3.39927 3.40084 3.41427 3.46293 3.49038 3.55595 3.59938 3.61926 
2.25588 2.60888 2.66247 2.75492 2.84664 3.01599 3.04088 3.08032 3.23477 3.30398 3.36965 3.38275 3.39927 3.40084 3.41427 3.46293 3.49038 3.55595 3.59938 3.61926 
2.25588 2.60888 2.66247 2.75492 2.84664 3.01599 3.04088 3.08032 3.23477 3.30398 3.36965 3.38275 3.39927 3.40084 3.41427 3.46293 3.49038 3.55595 3.59938 3.61926 
2.25588 2.60888 2.66247 2.75492 2.84664 3.01599 3.04088 3.08032 3.23477 3.30398 3.36965 3.38275 3.39927 3.40084 3.41427 3.46293 3.49038 3.55595 3.59938 3.61926 
2.25588 2.60888 2.66247 2.75492 2.84664 3.01599 3.04088 3.08032 3.23477 3.30398 3.36965 3.38275 3.39927 3.40084 3.41427 3.46293 3.49038 3.55595 3.59938 3.61926 
2.25588 2.60888 2.66247 2.75492 2.84664 3.01599 3.04088 3.08032 3.23477 3.30398 3.36965 3.38275 3.39927 3.40084 3.41427 3.46293 3.49038 3.55595 3.59938 3.61926 
2.25588 2.60888 2.66247 2.75492 2.84664 3.01599 3.04088 3.08032 3.23477 3.30398 3.36965 3.38275 3.39927 3.40084 3.41427 3.46293 3.49038 3.55595 3.59938 3.61926 
2.25588 2.60888 2.66247 2.75492 2.84664 3.01599 3.04088 3.08032 3.23477 3.30398 3.36965 3.38275 3.39927 3.40084 3.41427 3.46293 3.49038 3.55595 3.59938 3.61926 
2.25588 2.60888 2.66247 2.75492 2.84664 3.01599 3.04088 3.08032 3.23477 3.30398 3.36965 3.38275 3.39927 3.40084 3.41427 3.46293 3.49038 3.55595 3.59938 3.61926 
2.25588 2.60888 2.66247 2.75492 2.84664 3.01599 3.04088 3.08032 3.23477 3.30398 3.36965 3.38275 3.39927 3.40084 3.41427 3.46293 3.49038 3.55595 3.59938 3.61926 
2.25588 2.60888 2.66247 2.75492 2.84664 3.01599 3.04088 3.08032 3.23477 3.30398 3.36965 3.38275 3.39927 3.40084 3.41427 3.46293 3.49038 3.55595 3.59938 3.61926 
2.25588 2.60888 2.66247 2.75492 2.84664 3.01599 3.04088 3.08032 3.23477 3.30398 3.36965 3.38275 3.39927 3.40084 3.41427 3.46293 3.49038 3.55595 3.59938 3.61926 
2.25588 2.60888 2.66247 2.75492 2.84664 3.01599 3.04088 3.08032 3.23477 3.30398 3.36965 3.38275 3.39927 3.40084 3.41427 3.46293 3.49038 3.55595 3.59938 3.61926 
2.25588 2.60888 2.66247 2.75492 2.84664 3.01599 3.04088 3.08032 3.23477 3.30398 3.36965 3.38275 3.39927 3.40084 3.41427 3.46293 3.49038 3.55595 3.59938 3.61926 
2.25588 2.60888 2.66247 2.75492 2.84664 3.01599 3.04088 3.08032 3.23477 3.30398 3.36965 3.38275 3.39927 3.40084 3.41427 3.46293 3.49038 3.55595 3.59938 3.61926 
2.25588 2.60888 2.66247 2.75492 2.84664 3.01599 3.04088 3.08032 3.23477 3.30398 3.36965 3.38275 3.39927 3.40084 3.41427 3.46293 3.49038 3.55595 3.59938 3.61926 
2.25588 2.60888 2.66247 2.75492 2.84664 3.01599 3.04088 3.08032 3.23477 3.30398 3.36965 3.38275 3.39927 3.40084 3.41427 3.46293 3.49038 3.55595 3.59938 3.61926 
2.25588 2.60888 2.66247 2.75492 2.84664 3.01599 3.04088 3.08032 3.23477 3.30398 3.36965 3.38275 3.39927 3.40084 3.41427 3.46293 3.49038 3.55595 3.59938 3.61926 
2.25588 2.60888 2.66247 2.75492 2.84664 3.01599 3.04088 3.08032 3.23477 3.30398 3.36965 3.38275 3.39927 3.40084 3.41427 3.46293 3.49038 3.55595 3.59938 3.61926 
2.25588 2.60888 2.66247 2.75492 2.84664 3.01599 3.04088 3.08032 3.23477 3.30398 3.36965 3.38275 3.39927 3.40084 3.41427 3.46293 3.49038 3.55595 3.59938 3.61926 
2.25588 2.60888 2.66247 2.75492 2.84664 3.01599 3.04088 3.08032 3.23477 3.30398 3.36965 3.38275 3.39927 3.40084 3.41427 3.46293 3.49038 3.55595 3.59938 3.61926 
2.25588 2.60888 2.66247 2.75492 2.84664 3.01599 3.04088 3.08032 3.23477 3.30398 3.36965 3.38275 3.39927 3.40084 3.41427 3.46293 3.49038 3.55595 3.59938 3.61926 
2.25588 2.60888 2.66247 2.75492 2.84664 3.01599 3.04088 3.08032 3.23477 3.30398 3.36965 3.38275 3.39927 3.40084 3.41427 3.46293 3.49038 3.55595 3.59938 3.61926 
2.25588 2.60888 2.66247 2.75492 2.84664 3.01599 3.04088 3.08032 3.23477 3.30398 3.36965 3.38275 3.39927 3.40084 3.41427 3.46293 3.49038 3.55595 3.59938 3.61926 
2.25588 2.60888 2.66247 2.75492 2.84664 3.01599 3.04088 3.08032 3.23477 3.30398 3.36965 3.38275 3.39927 3.40084 3.41427 3.46293 3.49038 3.55595 3.59938 3.61926 
2.25588 2.60888 2.66247 2.75492 2.84664 3.01599 3.04088 3.08032 3.23477 3.30398 3.36965 3.38275 3.39927 3.40084 3.41427 3.46293 3.49038 3.55595 3.59938 3.61926 
2.25588 2.60888 2.66247 2.75492 2.84664 3.01599 3.04088 3.08032 3.23477 3.30398 3.36965 3.38275 3.39927 3.40084 3.41427 3.46293 3.49038 3.55595 3.59938 3.61926 
2.25588 2.60888 2.66247 2.75492 2.84664 3.01599 3.04088 3.08032 3.23477 3.30398 3.36965 3.38275 3.39927 3.40084 3.41427 3.46293 3.49038 3.55595 3.59938 3.61926 
2.25588 2.60888 2.66247 2.75492 2.84664 3.01599 3.04088 3.08032 3.23477 3.30398 3.36965 3.38275 3.39927 3.40084 3.41427 3.46293 3.49038 3.55595 3.59938 3.61926 
2.25588 2.60888 2.66247 2.75492 2.84664 3.01599 3.04088 3.08032 3.23477 3.30398 3.36965 3.38275 3.39927 3.40084 3.41427 3.46293 3.49038 3.55595 3.59938 3.61926 
2.25588 2.60888 2.66247 2.75492 2.84664 3.01599 3.04088 3.08032 3.23477 3.30398 3.36965 3.38275 3.39927 3.40084 3.41427 3.46293 3.49038 3.55595 3.59938 3.61926 
2.25588 2.60888 2.66247 2.75492 2.84664 3.01599 3.04088 3.08032 3.23477 3.30398 3.36965 3.38275 3.39927 3.40084 3.41427 3.46293 3.49038 3.55595 3.59938 3.61926 
2.25588 2.60888 2.66247 2.75492 2.84664 3.01599 3.04088 3.08032 3.23477 3.30398 3.36965 3.38275 3.39927 3.40084 3.41427 3.46293 3.49038 3.55595 3.59938 3.61926 
2.25588 2.60888 2.66247 2.75492 2.84664 3.01599 3.04088 3.08032 3.23477 3.30398 3.36965 3.38275 3.39927 3.40084 3.41427 3.46293 3.49038 3.55595 3.59938 3.61926 
2.25588 2.60888 2.66247 2.75492 2.84664 3.01599 3.04088 3.08032 3.23477 3.30398 3.36965 3.38275 3.39927 3.40084 3.41427 3.46293 3.49038 3.55595 3.59938 3.61926 
2.25588 2.60888 2.66247 2.75492 2.84664 3.01599 3.04088 3.08032 3.23477 3.30398 3.36965 3.38275 3.39927 3.40084 3.41427 3.46293 3.49038 3.55595 3.59938 3.61926 
2.25588 2.60888 2.66247 2.75492 2.84664 3.01599 3.04088 3.08032 3.23477 3.30398 3.36965 3.38275 3.39927 3.40084 3.41427 3.46293 3.49038 3.55595 3.59938 3.61926 
2.25588 2.60888 2.66247 2.75492 2.84664 3.01599 3.04088 3.08032 3.23477 3.30398 3.36965 3.38275 3.39927 3.40084 3.41427 3.46293 3.49038 3.55595 3.59938 3.61926 
2.25588 2.60888 2.66247 2.75492 2.84664 3.01599 3.04088 3.08032 3.23477 3.30398 3.36965 3.38275 3.39927 3.40084 3.41427 3.46293 3.49038 3.55595 3.59938 3.61926 
2.25588 2.60888 2.66247 2.75492 2.84664 3.01599 3.04088 3.08032 3.23477 3.30398 3.36965 3.38275 3.39927 3.40084 3.41427 3.46293 3.49038 3.55595 3.59938 3.61926 
2.25588 2.60888 2.66247 2.75492 2.84664 3.01599 3.04088 3.08032 3.23477 3.30398 3.36965 3.38275 3.39927 3.40084 3.41427 3.46293 3.49038 3.55595 3.59938 3.61926 
2.25588 2.60888 2.66247 2.75492 2.84664 3.01599 3.04088 3.08032 3.23477 3.30398 3.36965 3.38275 3.39927 3.40084 3.41427 3.46293 3.49038 3.55595 3.59938 3.61926 
2.25588 2.60888 2.66247 2.75492 2.84664 3.01599 3.04088 3.08032 3.23477 3.30398 3.36965 3.38275 3.39927 3.40084 3.41427 3.46293 3.49038 3.55595 3.59938 3.61926 
2.25588 2.60888 2.66247 2.75492 2.84664 3.01599 3.04088 3.08032 3.23477 3.30398 3.36965 3.38275 3.39927 3.40084 3.41427 3.46293 3.49038 3.55595 3.59938 3.61926 
2.25588 2.60888 2.66247 2.75492 2.84664 3.01599 3.04088 3.08032 3.23477 3.30398 3.36965 3.38275 3.39927 3.40084 3.41427 3.46293 3.49038 3.55595 3.59938 3.61926 
2.25588 2.60888 2.66247 2.75492 2.84664 3.01599 3.04088 3.08032 3.23477 3.30398 3.36965 3.38275 3.39927 3.40084 3.41427 3.46293 3.49038 3.55595 3.59938 3.61926 
2.25588 2.60888 2.66247 2.75492 2.84664 3.01599 3.04088 3.08032 3.23477 3.30398 3.36965 3.38275 3.39927 3.40084 3.41427 3.46293 3.49038 3.55595 3.59938 3.61926 
2.25588 2.60888 2.66247 2.75492 2.84664 3.01599 3.04088 3.08032 3.23477 3.30398 3.36965 3.38275 3.39927 3.40084 3.41427 3.46293 3.49038 3.55595 3.59938 3.61926 
2.25588 2.60888 2.66247 2.75492 2.84664 3.01599 3.04088 3.08032 3.23477 3.30398 3.36965 3.38275 3.39927 3.40084 3.41427 3.46293 3.49038 3.55595 3.59938 3.61926 
2.25588 2.60888 2.66247 2.75492 2.84664 3.01599 3.04088 3.08032 3.23477 3.30398 3.36965 3.38275 3.39927 3.40084 3.41427 3.46293 3.49038 3.55595 3.59938 3.61926 
2.25588 2.60888 2.66247 2.75492 2.84664 3.01599 3.04088 3.08032 3.23477 3.30398 3.36965 3.38275 3.39927 3.40084 3.41427 3.46293 3.49038 3.55595 3.59938 3.61926 
2.25588 2.60888 2.66247 2.75492 2.84664 3.01599 3.04088 3.08032 3.23477 3.30398 3.36965 3.38275 3.39927 3.40084 3.41427 3.46293 3.49038 3.55595 3.59938 3.61926 
2.25588 2.60888 2.66247 2.75492 2.84664 3.01599 3.04088 3.08032 3.23477 3.30398 3.36965 3.38275 3.39927 3.40084 3.41427 3.46293 3.49038 3.55595 3.59938 3.61926 
2.25588 2.60888 2.66247 2.75492 2.84664 3.01599 3.04088 3.08032 3.23477 3.30398 3.36965 3.38275 3.39927 3.40084 3.41427 3.46293 3.49038 3.55595 3.59938 3.61926 
2.25588 2.60888 2.66247 2.75492 2.84664 3.01599 3.04088 3.08032 3.23477 3.30398 3.36965 3.38275 3.39927 3.40084 3.41427 3.46293 3.49038 3.55595 3.59938 3.61926 
2.25588 2.60888 2.66247 2.75492 2.84664 3.01599 3.04088 3.08032 3.23477 3.30398 3.36965 3.38275 3.39927 3.40084 3.41427 3.46293 3.49038 3.55595 3.59938 3.61926 
2.25588 2.60888 2.66247 2.75492 2.84664 3.01599 3.04088 3.08032 3.23477 3.30398 3.36965 3.38275 3.39927 3.40084 3.41427 3.46293 3.49038 3.55595 3.59938 3.61926 
2.25588 2.60888 2.66247 2.75492 2.84664 3.01599 3.04088 3.08032 3.23477 3.30398 3.36965 3.38275 3.39927 3.40084 3.41427 3.46293 3.49038 3.55595 3.59938 3.61926 
2.25588 2.60888 2.66247 2.75492 2.84664 3.01599 3.04088 3.08032 3.23477 3.30398 3.36965 3.38275 3.39927 3.40084 3.41427 3.46293 3.49038 3.55595 3.59938 3.61926 
2.25588 2.60888 2.66247 2.75492 2.84664 3.01599 3.04088 3.08032 3.23477 3.30398 3.36965 3.38275 3.39927 3.40084 3.41427 3.46293 3.49038 3.55595 3.59938 3.61926 
2.25588 2.60888 2.66247 2.75492 2.84664 3.01599 3.04088 3.08032 3.23477 3.30398 3.36965 3.38275 3.39927 3.40084 3.41427 3.46293 3.49038 3.55595 3.59938 3.61926 
2.25588 2.60888 2.66247 2.75492 2.84664 3.01599 3.04088 3.08032 3.23477 3.30398 3.36965 3.38275 3.39927 3.40084 3.41427 3.46293 3.49038 3.55595 3.59938 3.61926 
2.25588 2.60888 2.66247 2.75492 2.84664 3.01599 3.04088 3.08032 3.23477 3.30398 3.36965 3.38275 3.39927 3.40084 3.41427 3.46293 3.49038 3.55595 3.59938 3.61926 
2.25588 2.60888 2.66247 2.75492 2.84664 3.01599 3.04088 3.08032 3.23477 3.30398 3.36965 3.38275 3.39927 3.40084 3.41427 3.46293 3.49038 3.55595 3.59938 3.61926 
2.25588 2.60888 2.66247 2.75492 2.84664 3.01599 3.04088 3.08032 3.23477 3.30398 3.36965 3.38275 3.39927 3.40084 3.41427 3.46293 3.49038 3.55595 3.59938 3.61926 
2.25588 2.60888 2.66247 2.75492 2.84664 3.01599 3.04088 3.08032 3.23477 3.30398 3.36965 3.38275 3.39927 3.40084 3.41427 3.46293 3.49038 3.55595 3.59938 3.61926 
2.25588 2.60888 2.66247 2.75492 2.84664 3.01599 3.04088 3.08032 3.23477 3.30398 3.36965 3.38275 3.39927 3.40084 3.41427 3.46293 3.49038 3.55595 3.59938 3.61926 
2.25588 2.60888 2.66247 2.75492 2.84664 3.01599 3.04088 3.08032 3.23477 3.30398 3.36965 3.38275 3.39927 3.40084 3.41427 3.46293 3.49038 3.55595 3.59938 3.61926 
2.25588 2.60888 2.66247 2.75492 2.84664 3.01599 3.04088 3.08032 3.23477 3.30398 3.36965 3.38275 3.39927 3.40084 3.41427 3.46293 3.49038 3.55595 3.59938 3.61926 
2.25588 2.60888 2.66247 2.75492 2.84664 3.01599 3.04088 3.08032 3.23477 3.30398 3.36965 3.38275 3.39927 3.40084 3.41427 3.46293 3.49038 3.55595 3.59938 3.61926 
2.25588 2.60888 2.66247 2.75492 2.84664 3.01599 3.04088 3.08032 3.23477 3.30398 3.36965 3.38275 3.39927 3.40084 3.41427 3.46293 3.49038 3.55595 3.59938 3.61926 
2.25588 2.60888 2.66247 2.75492 2.84664 3.01599 3.04088 3.08032 3.23477 3.30398 3.36965 3.38275 3.39927 3.40084 3.41427 3.46293 3.49038 3.55595 3.59938 3.61926 
2.25588 2.60888 2.66247 2.75492 2.84664 3.01599 3.04088 3.08032 3.23477 3.30398 3.36965 3.38275 3.39927 3.40084 3.41427 3.46293 3.49038 3.55595 3.59938 3.61926 
2.25588 2.60888 2.66247 2.75492 2.84664 3.01599 3.04088 3.08032 3.23477 3.30398 3.36965 3.38275 3.39927 3.40084 3.41427 3.46293 3.49038 3.55595 3.59938 3.61926 
