3.21311 3.29459 3.63723 4.10347 4.25748 4.42215 5.36966 5.66307 5.84656 5.99361 6.00047 6.10018 6.38949 7.58461 7.75203 7.88101 7.99506 8.6141 9.1675 9.28003 
2.60859 3.21311 3.29459 3.63723 4.10347 4.25748 4.42215 4.55812 4.96653 5.25485 5.36966 5.66307 5.84656 5.99361 6.00047 6.10018 6.35837 6.38949 6.4957 7.58461 
2.60859 3.21311 3.29459 3.63723 4.10347 4.25748 4.42215 4.55812 4.96653 5.25485 5.36966 5.66307 5.84656 5.99361 6.00047 6.10018 6.35837 6.38949 6.43749 6.4957 
2.60859 3.21311 3.29459 3.63723 4.10347 4.25748 4.42215 4.55812 4.96653 5.25485 5.36966 5.66307 5.84656 5.99361 6.00047 6.10018 6.35837 6.38949 6.41899 6.43749 
2.60859 3.21311 3.29459 3.63723 4.10347 4.25748 4.42215 4.55812 4.96653 5.25485 5.36966 5.66307 5.84656 5.99361 6.00047 6.10018 6.35837 6.38949 6.41899 6.43749 
2.60859 3.21311 3.29459 3.63723 4.10347 4.25748 4.42215 4.55812 4.96653 5.25485 5.36966 5.66307 5.84656 5.99361 6.00047 6.10018 6.35837 6.38949 6.41899 6.43749 
2.60859 3.21311 3.29459 3.63723 4.10347 4.25748 4.42215 4.55812 4.96653 5.25485 5.36966 5.66307 5.84656 5.99361 6.00047 6.10018 6.35837 6.38949 6.41899 6.43749 
2.60859 3.21311 3.29459 3.63723 4.10347 4.25748 4.42215 4.55812 4.96653 5.25485 5.36966 5.66307 5.79073 5.84656 5.99361 6.00047 6.10018 6.35837 6.38949 6.41899 
2.60859 3.21311 3.29459 3.63723 4.10347 4.25748 4.42215 4.55812 4.96653 5.25485 5.36966 5.66307 5.79073 5.84656 5.99361 6.00047 6.10018 6.35837 6.38949 6.41899 
2.60859 3.21311 3.29459 3.63723 4.10347 4.22563 4.25748 4.42215 4.55812 4.96653 5.25485 5.36966 5.66307 5.79073 5.84656 5.99361 6.00047 6.10018 6.35837 6.38949 
2.60859 3.21311 3.29459 3.63723 4.10347 4.22563 4.25748 4.42215 4.55812 4.96653 5.25485 5.36966 5.66307 5.79073 5.84656 5.99361 6.00047 6.10018 6.35837 6.38949 
2.60859 3.21311 3.29459 3.63723 4.10347 4.22563 4.25748 4.42215 4.55812 4.96653 5.25485 5.36966 5.66307 5.79073 5.84656 5.99361 6.00047 6.10018 6.35837 6.38949 
2.60859 3.21311 3.29459 3.63723 4.10347 4.22563 4.25748 4.42215 4.55812 4.96653 5.25485 5.36966 5.66307 5.79073 5.84656 5.99361 6.00047 6.10018 6.35837 6.38949 
2.60859 3.21311 3.29459 3.63723 4.10347 4.22563 4.25748 4.31145 4.42215 4.55812 4.96653 5.25485 5.36966 5.66307 5.79073 5.84656 5.99361 6.00047 6.10018 6.35837 
2.60859 3.21311 3.29459 3.63723 4.10347 4.22563 4.25748 4.31145 4.42215 4.55812 4.96653 5.25485 5.36966 5.66307 5.79073 5.84656 5.93213 5.99361 6.00047 6.10018 
1.49882 2.60859 3.21311 3.29459 3.63723 4.10347 4.22563 4.25748 4.31145 4.42215 4.55812 4.96653 5.25485 5.36966 5.66307 5.79073 5.84656 5.93213 5.99361 6.00047 
1.49882 2.60859 3.21311 3.29459 3.63723 4.10347 4.22563 4.25748 4.31145 4.42215 4.55812 4.96653 5.25485 5.36966 5.66307 5.79073 5.84656 5.93213 5.99361 6.00047 
1.49882 2.60859 3.21311 3.29459 3.63723 4.10347 4.22563 4.25748 4.31145 4.42215 4.55812 4.96653 5.25485 5.36966 5.66307 5.79073 5.84656 5.93213 5.99361 6.00047 
1.49882 2.60859 3.21311 3.29459 3.63723 4.10347 4.22563 4.25748 4.31145 4.42215 4.55812 4.96653 5.25485 5.36966 5.66307 5.79073 5.84656 5.93213 5.99361 6.00047 
1.49882 2.60859 3.21311 3.29459 3.63723 4.10347 4.22563 4.25748 4.26193 4.31145 4.42215 4.55812 4.96653 5.25485 5.36966 5.66307 5.79073 5.84656 5.93213 5.99361 
1.49882 2.60859 3.21311 3.29459 3.63723 4.10347 4.15354 4.22563 4.25748 4.26193 4.31145 4.42215 4.55812 4.96653 5.25485 5.36966 5.66307 5.79073 5.84656 5.93213 
1.49882 2.60859 3.21311 3.29459 3.60662 3.63723 4.10347 4.15354 4.22563 4.25748 4.26193 4.31145 4.42215 4.55812 4.96653 5.25485 5.36966 5.40964 5.66307 5.79073 
1.49882 2.60859 3.21311 3.29459 3.60662 3.63723 4.10347 4.15354 4.22563 4.25748 4.26193 4.31145 4.42215 4.55812 4.95617 4.96653 5.25485 5.36966 5.40964 5.66307 
1.49882 2.60859 3.21311 3.29459 3.60662 3.63723 4.10347 4.15354 4.22563 4.25748 4.26193 4.31145 4.42215 4.55812 4.95617 4.96653 5.25485 5.36966 5.40964 5.66307 
1.49882 2.60859 3.21311 3.29459 3.60662 3.63723 4.10347 4.15354 4.22563 4.25748 4.26193 4.31145 4.42215 4.55812 4.95617 4.96653 5.25485 5.36966 5.40964 5.66307 
1.49882 2.60859 3.21311 3.29459 3.60662 3.63723 4.10347 4.15354 4.22563 4.25748 4.26193 4.31145 4.42215 4.55812 4.95617 4.96653 5.25485 5.36966 5.40964 5.42463 
1.49882 2.60859 3.21311 3.29459 3.60662 3.63723 4.10347 4.15354 4.22563 4.25748 4.26193 4.31145 4.42215 4.55812 4.62117 4.95617 4.96653 5.25485 5.36966 5.40964 
1.49882 2.60859 3.21311 3.29459 3.60662 3.63723 4.10347 4.15354 4.22563 4.25748 4.26193 4.31145 4.42215 4.55812 4.62117 4.71245 4.95617 4.96653 5.25485 5.36966 
1.49882 2.60859 3.21311 3.29459 3.60662 3.63723 4.10347 4.15354 4.22563 4.25748 4.26193 4.31145 4.42215 4.55812 4.62117 4.71245 4.89821 4.95617 4.96653 5.25485 
1.49882 2.60859 2.70947 3.21311 3.29459 3.60662 3.63723 4.10347 4.15354 4.22563 4.25748 4.26193 4.31145 4.42215 4.55812 4.62117 4.71245 4.89821 4.95617 4.96653 
1.49882 2.60859 2.70947 3.21311 3.29459 3.60662 3.63723 4.10347 4.15354 4.22563 4.25748 4.26193 4.31145 4.42215 4.55812 4.62117 4.71245 4.89821 4.95617 4.96653 
1.49882 2.60859 2.70947 3.21311 3.29459 3.59372 3.60662 3.63723 4.10347 4.15354 4.22563 4.25748 4.26193 4.31145 4.42215 4.55812 4.62117 4.71245 4.89821 4.95617 
1.49882 2.60859 2.70947 2.77761 3.21311 3.29459 3.48625 3.59372 3.60662 3.63723 4.10347 4.15354 4.22563 4.25748 4.26193 4.31145 4.42215 4.55812 4.62117 4.71245 
1.49882 2.60859 2.70947 2.77761 3.21311 3.24429 3.29459 3.46816 3.48625 3.59372 3.60662 3.63723 3.74209 3.90286 4.10347 4.15354 4.22563 4.25748 4.26193 4.31145 
1.49882 2.60859 2.70947 2.77761 3.21311 3.24429 3.29459 3.46816 3.48625 3.59372 3.60662 3.63723 3.74209 3.76192 3.90286 4.10347 4.15354 4.22563 4.25748 4.26193 
1.49882 2.60859 2.70947 2.77761 3.21311 3.24429 3.29459 3.46816 3.48625 3.59372 3.60662 3.63723 3.74209 3.76192 3.90286 4.10347 4.15249 4.15354 4.22563 4.25748 
1.49882 2.26757 2.60859 2.70947 2.77761 3.21311 3.24429 3.29459 3.46816 3.48625 3.59372 3.60662 3.63723 3.74209 3.76192 3.84322 3.90286 4.10347 4.15249 4.15354 
1.49882 2.16681 2.26757 2.60859 2.70947 2.77761 3.21311 3.24429 3.29459 3.46816 3.48625 3.59372 3.60662 3.63723 3.74209 3.76192 3.84322 3.90286 4.10347 4.15249 
1.49882 2.16681 2.26757 2.60859 2.70947 2.77761 3.21311 3.24429 3.29459 3.35797 3.46816 3.48625 3.59372 3.60662 3.63723 3.74209 3.76192 3.84322 3.84715 3.90286 
1.49882 2.16681 2.26757 2.60859 2.70947 2.77761 3.02159 3.21311 3.24429 3.29459 3.35797 3.46816 3.48625 3.59372 3.60662 3.63723 3.74209 3.76192 3.84322 3.84715 
1.49882 2.16681 2.26757 2.60859 2.70947 2.77761 3.02159 3.21311 3.24429 3.29459 3.35797 3.43891 3.46816 3.48625 3.59372 3.60662 3.63723 3.74209 3.76192 3.84322 
1.49882 2.16681 2.26757 2.60859 2.70947 2.77761 3.02159 3.09581 3.21311 3.24429 3.29459 3.35797 3.43891 3.46816 3.48625 3.59372 3.60662 3.63723 3.74209 3.76192 
1.49882 2.16681 2.26757 2.60859 2.70947 2.77761 3.02159 3.09581 3.16878 3.21012 3.21311 3.24429 3.29459 3.35797 3.43891 3.46816 3.48625 3.59372 3.60662 3.63723 
1.49882 2.16681 2.26757 2.60859 2.70947 2.77761 3.02159 3.09581 3.16878 3.21012 3.21311 3.24429 3.29459 3.35797 3.43891 3.46816 3.48625 3.59372 3.60662 3.63723 
1.49882 2.16681 2.26757 2.60859 2.70947 2.77761 3.02159 3.09581 3.16878 3.21012 3.21311 3.24429 3.29459 3.35797 3.43891 3.46816 3.48625 3.59372 3.60662 3.63723 
1.49882 2.16681 2.26757 2.60859 2.70947 2.77761 3.02159 3.09581 3.15474 3.16878 3.21012 3.21311 3.24429 3.26309 3.29459 3.35797 3.43891 3.46816 3.48625 3.59372 
1.49882 2.16681 2.26757 2.60859 2.70947 2.77761 3.02159 3.09581 3.15474 3.16878 3.21012 3.21311 3.24429 3.26309 3.29459 3.35797 3.43891 3.46816 3.48625 3.59372 
0.4697 1.49882 2.16681 2.26757 2.60859 2.70947 2.77761 2.88508 3.02159 3.09581 3.15474 3.16878 3.21012 3.21311 3.24429 3.26309 3.29459 3.35797 3.43891 3.46816 
0.4697 1.49882 2.16681 2.26757 2.60859 2.70947 2.77761 2.88508 3.02159 3.09581 3.15474 3.16878 3.21012 3.21311 3.24429 3.26309 3.29459 3.35797 3.43891 3.46816 
0.4697 1.49882 2.16681 2.26757 2.60859 2.70947 2.77761 2.88508 2.97001 3.02159 3.09581 3.15474 3.16878 3.21012 3.21311 3.24429 3.26309 3.29459 3.35797 3.43891 
0.4697 1.49882 2.16681 2.26757 2.60859 2.70947 2.77761 2.88508 2.97001 3.02159 3.09581 3.15474 3.16878 3.21012 3.21311 3.24429 3.26309 3.29459 3.35797 3.43891 
0.4697 1.49882 2.16681 2.26757 2.60859 2.70947 2.71895 2.77761 2.88508 2.97001 3.02159 3.09581 3.15474 3.16878 3.21012 3.21311 3.24429 3.26309 3.29459 3.35797 
0.4697 1.49882 2.16681 2.26757 2.60859 2.70947 2.71895 2.75245 2.77761 2.88508 2.97001 3.02159 3.09581 3.15474 3.16878 3.21012 3.21311 3.24429 3.26309 3.29459 
0.4697 1.49882 2.16681 2.26757 2.39019 2.60859 2.70947 2.71895 2.75245 2.77761 2.88508 2.97001 3.02159 3.09581 3.15474 3.16878 3.17037 3.21012 3.21311 3.24429 
0.4697 1.49882 2.16681 2.26757 2.39019 2.60859 2.70947 2.71895 2.75245 2.77761 2.88508 2.97001 2.97167 3.02159 3.09581 3.15474 3.16878 3.17037 3.21012 3.21311 
0.4697 0.590879 1.49882 2.16681 2.26757 2.39019 2.60859 2.70947 2.71895 2.75245 2.77761 2.88508 2.97001 2.97167 3.02159 3.09581 3.15474 3.16878 3.17037 3.21012 
0.4697 0.590879 1.49882 2.16681 2.26757 2.39019 2.60859 2.70947 2.71895 2.75245 2.77761 2.88508 2.97001 2.97167 2.98399 3.02159 3.09581 3.15474 3.16878 3.17037 
0.4697 0.590879 1.49882 2.16681 2.26757 2.3755 2.39019 2.60859 2.70947 2.71895 2.75245 2.77761 2.88508 2.94766 2.97001 2.97167 2.98399 3.01805 3.02159 3.09581 
0.4697 0.590879 1.3343 1.49882 2.16681 2.26757 2.3755 2.39019 2.60859 2.70947 2.71895 2.75245 2.77761 2.88508 2.94766 2.97001 2.97167 2.98399 3.01805 3.02159 
0.4697 0.590879 1.3343 1.49882 2.10893 2.16681 2.26757 2.3755 2.39019 2.60859 2.70947 2.71895 2.75245 2.77761 2.88508 2.94766 2.97001 2.97167 2.98399 3.01805 
0.4697 0.590879 1.3343 1.49882 1.56183 2.10893 2.16681 2.26757 2.3755 2.39019 2.60859 2.70947 2.71895 2.75245 2.7738 2.77761 2.85838 2.88508 2.94766 2.97001 
0.4697 0.590879 1.3343 1.49882 1.56183 2.10893 2.16681 2.26757 2.3755 2.39019 2.60859 2.70947 2.71895 2.75245 2.7738 2.77761 2.82226 2.85838 2.88508 2.94766 
0.4697 0.590879 1.3343 1.49882 1.56183 2.10893 2.16681 2.26757 2.3755 2.39019 2.60859 2.70947 2.71895 2.75245 2.7738 2.77761 2.82226 2.82745 2.85838 2.88508 
0.4697 0.590879 1.3343 1.49882 1.56183 2.10893 2.16681 2.26757 2.3755 2.39019 2.60859 2.70947 2.71895 2.75245 2.7738 2.77761 2.82226 2.82745 2.85838 2.88508 
0.4697 0.590879 1.3343 1.49882 1.56183 2.10893 2.16681 2.26757 2.3755 2.39019 2.46935 2.60859 2.61112 2.70947 2.71895 2.75245 2.7738 2.77761 2.82226 2.82745 
0.4697 0.590879 1.3343 1.49882 1.56183 2.10893 2.16681 2.26757 2.3755 2.39019 2.46935 2.60859 2.61112 2.70947 2.71895 2.75245 2.7738 2.77761 2.82226 2.82745 
0.4697 0.590879 1.3343 1.49882 1.56183 2.10893 2.16681 2.26757 2.3755 2.39019 2.46935 2.60859 2.61112 2.70947 2.71895 2.75245 2.7738 2.77761 2.82226 2.82745 
0.4697 0.590879 1.3343 1.49882 1.56183 1.86994 1.87977 2.10893 2.16681 2.26757 2.3755 2.39019 2.46935 2.60859 2.61112 2.70947 2.71895 2.75245 2.7738 2.77761 
0.4697 0.590879 1.3343 1.49882 1.56183 1.86994 1.87977 1.96026 2.10893 2.16681 2.19358 2.26757 2.3755 2.39019 2.46935 2.60859 2.61112 2.70947 2.71895 2.75245 
0.4697 0.590879 1.3343 1.49882 1.56183 1.86994 1.87977 1.96026 2.10893 2.16681 2.19358 2.26757 2.3755 2.39019 2.46935 2.60859 2.61112 2.70947 2.71895 2.75245 
0.4697 0.590879 1.3343 1.49882 1.56183 1.74118 1.86994 1.87977 1.96026 2.10893 2.16681 2.19358 2.26757 2.3755 2.39019 2.46935 2.60859 2.61112 2.70947 2.71895 
0.4697 0.590879 1.3343 1.49882 1.56183 1.74118 1.86994 1.87977 1.96026 2.10893 2.16681 2.19358 2.26757 2.3755 2.39019 2.46935 2.50382 2.60859 2.61112 2.70947 
0.4697 0.590879 1.3343 1.49882 1.56183 1.74118 1.86994 1.87977 1.96026 2.10893 2.16681 2.19358 2.26757 2.3755 2.39019 2.46935 2.50382 2.56334 2.60859 2.61112 
0.4697 0.590879 1.3343 1.49882 1.56183 1.74118 1.86994 1.87977 1.96026 2.10893 2.16681 2.19358 2.26757 2.3755 2.39019 2.46935 2.48163 2.50382 2.56334 2.60859 
0.4697 0.590879 1.3343 1.49882 1.56183 1.74118 1.86994 1.87977 1.96026 2.10893 2.16681 2.19358 2.26757 2.3755 2.39019 2.46935 2.48163 2.50382 2.56334 2.60859 
0.4697 0.590879 1.3343 1.49882 1.56183 1.74118 1.86994 1.87977 1.96026 2.10893 2.16681 2.19358 2.23791 2.26757 2.3755 2.39019 2.46935 2.48163 2.50382 2.56334 
0.4697 0.590879 1.3343 1.49882 1.56183 1.59903 1.74118 1.86994 1.87977 1.95064 1.96026 2.10893 2.16681 2.19358 2.23791 2.26757 2.3755 2.39019 2.46935 2.48163 
0.4697 0.590879 1.3343 1.49882 1.56183 1.59903 1.74118 1.86994 1.87977 1.95064 1.96026 2.10893 2.16681 2.19358 2.23791 2.26757 2.3755 2.39019 2.46935 2.48163 
0.4697 0.590879 1.22718 1.3343 1.49882 1.56183 1.59903 1.74118 1.86994 1.87977 1.95064 1.96026 2.10893 2.16681 2.19358 2.23791 2.26757 2.3755 2.39019 2.46935 
0.4697 0.590879 1.22718 1.3343 1.49882 1.56183 1.59903 1.74118 1.85613 1.86994 1.87438 1.87977 1.95064 1.96026 2.10893 2.16681 2.19358 2.23791 2.24278 2.26757 
0.4697 0.590879 1.22718 1.3343 1.49882 1.56183 1.59903 1.74118 1.85613 1.86994 1.87438 1.87977 1.90345 1.90844 1.95064 1.96026 2.10893 2.16681 2.19358 2.23791 
0.4697 0.590879 1.21803 1.22718 1.3343 1.49882 1.56183 1.59903 1.63103 1.66484 1.68355 1.74118 1.80535 1.85613 1.86994 1.87438 1.87977 1.90345 1.90844 1.95064 
0.4697 0.590879 1.15593 1.21803 1.22718 1.25908 1.3343 1.37575 1.49882 1.56183 1.59903 1.63103 1.66484 1.68355 1.74118 1.80535 1.85613 1.86994 1.87438 1.87977 
0.4697 0.590879 0.948153 1.15593 1.19507 1.21803 1.22718 1.25908 1.3343 1.37575 1.49882 1.56183 1.59903 1.63103 1.66484 1.68355 1.74118 1.80535 1.85613 1.86994 
0.4697 0.590879 0.948153 1.15593 1.19507 1.21803 1.22718 1.25908 1.3343 1.37575 1.49882 1.56183 1.59903 1.63103 1.66484 1.68355 1.74118 1.80535 1.85613 1.86994 
0.4697 0.590879 0.948153 1.15593 1.19507 1.21803 1.22718 1.25908 1.3343 1.37575 1.45265 1.49882 1.56183 1.59903 1.63103 1.63946 1.66484 1.68355 1.74118 1.80535 
0.4697 0.590879 0.948153 1.15593 1.19507 1.21803 1.22718 1.24654 1.25908 1.3343 1.37575 1.45265 1.49882 1.56183 1.59903 1.63103 1.63946 1.66484 1.68355 1.74118 
0.4697 0.590879 0.948153 1.14207 1.15593 1.19507 1.21803 1.22718 1.24654 1.25908 1.3343 1.37575 1.45265 1.49882 1.56183 1.59903 1.63103 1.63946 1.66484 1.68355 
0.4697 0.590879 0.948153 1.14207 1.15593 1.19507 1.21803 1.22718 1.24654 1.25908 1.3343 1.3388 1.37575 1.43923 1.45265 1.49882 1.56183 1.59903 1.63103 1.63946 
0.4697 0.590879 0.948153 1.14207 1.15593 1.19507 1.21803 1.22718 1.24654 1.25908 1.3343 1.3388 1.37575 1.43923 1.45265 1.49882 1.56183 1.59903 1.63103 1.63946 
0.4697 0.590879 0.770964 0.948153 1.14207 1.15593 1.19507 1.21803 1.22718 1.22796 1.24654 1.25908 1.3343 1.3388 1.37575 1.43923 1.45265 1.4987 1.49882 1.56183 
0.4697 0.590879 0.770964 0.915539 0.948153 1.00555 1.14207 1.15593 1.19507 1.20821 1.21803 1.22718 1.22796 1.24654 1.25908 1.3343 1.3388 1.37575 1.43923 1.45265 
0.4697 0.590879 0.770964 0.803205 0.829661 0.915539 0.924841 0.935288 0.948153 1.00555 1.14207 1.15593 1.19507 1.20821 1.21803 1.22718 1.22796 1.24654 1.25908 1.3343 
0.404804 0.4697 0.590879 0.770964 0.803205 0.829661 0.915539 0.924841 0.935288 0.948153 1.00555 1.07708 1.14207 1.15593 1.16331 1.19507 1.20821 1.21803 1.22718 1.22796 
0.404804 0.4697 0.590879 0.770964 0.803205 0.829661 0.915539 0.924841 0.935288 0.948153 1.00555 1.07708 1.09496 1.14207 1.15593 1.16331 1.19507 1.20821 1.21803 1.22718 
0.404804 0.4697 0.590879 0.770964 0.803205 0.8178 0.829661 0.915539 0.924841 0.934351 0.935288 0.948153 1.00555 1.07708 1.09496 1.14207 1.15593 1.16331 1.19507 1.20821 
0.404804 0.4697 0.590879 0.770964 0.803205 0.8178 0.829661 0.915539 0.924841 0.934351 0.935288 0.948153 1.00555 1.07708 1.09496 1.14207 1.15593 1.16331 1.19507 1.20821 
0.404804 0.4697 0.590879 0.770964 0.803205 0.8178 0.829661 0.915539 0.924841 0.934351 0.935288 0.948153 1.00555 1.03286 1.07708 1.09496 1.14207 1.15593 1.16331 1.19507 
0.273245 0.286132 0.404804 0.4697 0.590879 0.746625 0.770964 0.803205 0.8178 0.829661 0.915539 0.924841 0.934351 0.935288 0.948153 1.00555 1.03286 1.07708 1.09496 1.14207 
0.192924 0.273245 0.286132 0.404804 0.4697 0.590879 0.746625 0.770964 0.803205 0.811241 0.8178 0.821325 0.829661 0.915539 0.924841 0.934351 0.935288 0.948153 0.983298 1.00555 
