0.298091 3.89374 4.45375 4.53529 4.55116 5.28949 5.57046 6.68928 6.78763 7.18794 7.29161 7.41127 7.47163 7.5702 7.7809 7.96189 8.20938 8.27795 8.34929 8.58123 
0.298091 3.60262 3.89374 4.45375 4.53529 4.55116 5.17165 5.28949 5.32129 5.57046 5.7412 6.19039 6.33221 6.40599 6.68928 6.78763 7.18794 7.29161 7.41127 7.47163 
0.298091 3.60262 3.89374 4.45375 4.53529 4.55116 5.17165 5.28949 5.32129 5.57046 5.7412 6.19039 6.33221 6.40599 6.68928 6.78763 7.18794 7.29161 7.41127 7.47163 
0.298091 3.60262 3.89374 4.45375 4.53529 4.55116 5.17165 5.28949 5.32129 5.57046 5.7412 6.19039 6.33221 6.40599 6.68928 6.78763 7.18794 7.29161 7.41127 7.47163 
0.298091 3.60262 3.89374 4.03081 4.45375 4.53529 4.55116 5.17165 5.28949 5.32129 5.57046 5.7412 6.19039 6.33221 6.40599 6.68928 6.78763 7.18794 7.29161 7.41127 
0.298091 3.60262 3.89374 4.03081 4.45375 4.53529 4.55116 5.17165 5.28949 5.32129 5.57046 5.7412 6.19039 6.33221 6.40599 6.68928 6.78763 7.18794 7.29161 7.41127 
0.298091 3.60262 3.89374 4.03081 4.45375 4.53529 4.55116 5.17165 5.28949 5.32129 5.57046 5.7412 6.19039 6.33221 6.40599 6.68928 6.78763 7.18794 7.29161 7.41127 
0.298091 3.60262 3.89374 4.03081 4.45375 4.53529 4.55116 5.17165 5.28949 5.32129 5.57046 5.7412 6.19039 6.33221 6.40599 6.68928 6.78763 7.18794 7.29161 7.41127 
0.298091 3.60262 3.89374 4.03081 4.45375 4.53529 4.55116 5.17165 5.28949 5.32129 5.57046 5.7412 6.16564 6.19039 6.33221 6.40599 6.64469 6.68928 6.78763 7.18794 
0.298091 3.60262 3.89374 4.03081 4.45375 4.53529 4.55116 5.17165 5.28949 5.32129 5.57046 5.7412 6.16564 6.19039 6.33221 6.40599 6.64469 6.68928 6.71891 6.78763 
0.298091 3.60262 3.89374 4.03081 4.45375 4.53529 4.55116 5.17165 5.28949 5.32129 5.57046 5.7412 6.16564 6.19039 6.33221 6.40599 6.64469 6.68928 6.71891 6.78763 
0.298091 3.60262 3.89374 4.03081 4.45375 4.53529 4.55116 4.60407 5.17165 5.28949 5.32129 5.57046 5.69134 5.7412 6.16564 6.19039 6.33221 6.40599 6.64469 6.68928 
0.298091 3.60262 3.89374 4.03081 4.45375 4.53529 4.55116 4.60407 5.17165 5.28949 5.32129 5.57046 5.69134 5.7412 6.16564 6.19039 6.33221 6.40599 6.64469 6.68928 
0.298091 3.60262 3.89374 4.03081 4.45375 4.53529 4.55116 4.60407 5.17165 5.28949 5.32129 5.57046 5.69134 5.7412 6.16564 6.19039 6.33221 6.40599 6.64469 6.68928 
0.298091 2.68448 3.60262 3.89374 4.03081 4.45375 4.53529 4.55116 4.60407 5.17165 5.28949 5.32129 5.57046 5.69134 5.7412 6.16564 6.19039 6.33221 6.40599 6.61645 
0.298091 2.68448 3.60262 3.89374 4.03081 4.45375 4.53529 4.55116 4.60407 5.17165 5.28949 5.32129 5.57046 5.69134 5.7412 6.16564 6.19039 6.33221 6.40599 6.61645 
0.298091 2.68448 3.60262 3.89374 4.03081 4.45375 4.53529 4.55116 4.60407 5.17165 5.28949 5.32129 5.57046 5.69134 5.7412 6.03965 6.16564 6.19039 6.20594 6.33221 
0.298091 2.68448 3.60262 3.89374 4.03081 4.18526 4.45375 4.53529 4.55116 4.60407 5.17165 5.28949 5.32129 5.57046 5.69134 5.7412 6.03965 6.16564 6.19039 6.20594 
0.298091 2.68448 3.28595 3.60262 3.89374 3.93528 4.03081 4.18526 4.45375 4.53529 4.55116 4.60407 5.17165 5.28949 5.32129 5.57046 5.69134 5.7412 6.03965 6.16564 
0.298091 2.54478 2.68448 3.28595 3.60262 3.89374 3.93528 4.03081 4.18526 4.45375 4.53529 4.55116 4.60407 5.17165 5.28949 5.32129 5.57046 5.69134 5.7412 6.03965 
0.298091 2.54478 2.68448 3.28595 3.60262 3.89374 3.93528 4.03081 4.18526 4.31857 4.45375 4.53529 4.55116 4.60407 5.17165 5.28949 5.32129 5.57046 5.69134 5.7412 
0.298091 2.54478 2.68448 3.28595 3.60262 3.89374 3.93528 4.03081 4.18526 4.31857 4.45375 4.53529 4.55116 4.60407 5.17165 5.28949 5.32129 5.57046 5.69134 5.7412 
0.298091 2.54478 2.68448 3.24947 3.28595 3.60262 3.89374 3.93528 4.03081 4.18526 4.31857 4.45375 4.53529 4.55116 4.60407 5.17165 5.28949 5.32129 5.57046 5.69134 
0.298091 2.54478 2.68448 3.24947 3.28595 3.60262 3.89374 3.93528 4.03081 4.18526 4.31857 4.45375 4.53529 4.55116 4.60407 5.17165 5.28949 5.32129 5.39401 5.57046 
0.298091 2.54478 2.68448 3.24947 3.28595 3.60262 3.89374 3.93528 4.03081 4.18526 4.31857 4.45375 4.53529 4.55116 4.60407 4.73841 5.17165 5.28949 5.32129 5.39401 
0.298091 2.54478 2.68448 3.24947 3.28595 3.60262 3.89374 3.93528 4.03081 4.18526 4.31857 4.45375 4.50661 4.53529 4.55116 4.60407 4.73841 4.7448 5.17165 5.28949 
0.298091 2.54478 2.68448 3.18412 3.24947 3.28595 3.60262 3.89374 3.93528 4.03081 4.18526 4.31857 4.45375 4.50661 4.53529 4.55116 4.60407 4.70505 4.73841 4.7448 
0.298091 2.54478 2.68448 3.18412 3.24947 3.28595 3.60262 3.71765 3.89374 3.93528 4.03081 4.18526 4.2486 4.31857 4.45375 4.50661 4.53529 4.55116 4.60407 4.70505 
0.298091 2.54478 2.68448 3.18412 3.24947 3.28595 3.60262 3.71765 3.89374 3.93528 4.03081 4.18526 4.2486 4.31857 4.45375 4.50661 4.53529 4.55116 4.60407 4.70505 
0.298091 2.54478 2.68448 3.18412 3.24947 3.28595 3.60262 3.71765 3.89374 3.93528 4.03081 4.18526 4.2486 4.31857 4.45375 4.50661 4.53529 4.55116 4.55325 4.60407 
0.298091 2.54478 2.68448 3.18412 3.24947 3.28595 3.60262 3.71765 3.89374 3.93528 4.03081 4.18526 4.2486 4.31857 4.45375 4.50661 4.53529 4.55116 4.55325 4.60407 
0.298091 2.54478 2.68448 3.18412 3.24947 3.28595 3.60262 3.71765 3.89374 3.93528 4.03081 4.15425 4.18526 4.2486 4.31857 4.45375 4.50661 4.53529 4.55116 4.55325 
0.298091 2.54478 2.68448 3.10398 3.18412 3.24947 3.28595 3.41616 3.60262 3.71765 3.89374 3.93528 4.03081 4.15425 4.18526 4.2486 4.31857 4.45375 4.50661 4.53529 
0.298091 2.54478 2.68448 3.10398 3.18412 3.24947 3.28595 3.41616 3.51793 3.60262 3.71765 3.89374 3.93528 4.03081 4.15425 4.18526 4.2486 4.31857 4.45375 4.50661 
0.298091 2.54478 2.68448 2.91419 3.10398 3.18412 3.24947 3.28595 3.41616 3.51793 3.60262 3.71765 3.84603 3.89374 3.93528 4.03081 4.15425 4.18526 4.2486 4.31857 
0.298091 2.54478 2.68448 2.91419 3.10398 3.18412 3.24947 3.28595 3.41616 3.51793 3.60262 3.71765 3.84603 3.89374 3.93528 4.03081 4.15425 4.18526 4.2486 4.30869 
0.298091 2.4516 2.54478 2.68448 2.91419 3.10398 3.18412 3.24947 3.28595 3.41616 3.51793 3.60262 3.71765 3.84603 3.89374 3.93528 4.03081 4.15425 4.18526 4.2486 
0.298091 1.42423 2.4516 2.54478 2.68448 2.88063 2.91419 3.10398 3.18412 3.24947 3.28595 3.41616 3.51793 3.60262 3.60732 3.71765 3.84603 3.89374 3.93528 4.03081 
0.298091 1.42423 2.4516 2.54478 2.68448 2.78116 2.88063 2.91419 3.10398 3.18412 3.24947 3.28595 3.40585 3.41616 3.51793 3.60262 3.60732 3.71765 3.84603 3.89374 
0.298091 1.42423 1.70411 2.4516 2.54478 2.68448 2.76271 2.78116 2.88063 2.91419 3.10398 3.18412 3.24947 3.28595 3.37826 3.40585 3.41616 3.48056 3.51793 3.57191 
0.298091 1.42423 1.70411 2.4516 2.5338 2.54478 2.68448 2.76271 2.78116 2.88063 2.91419 3.10398 3.15615 3.18412 3.24947 3.28595 3.37826 3.40585 3.41616 3.48056 
0.298091 1.42423 1.54499 1.70411 2.4516 2.5338 2.54478 2.68448 2.76271 2.78116 2.88063 2.91419 3.10398 3.15615 3.18412 3.24947 3.28595 3.37826 3.40585 3.41616 
0.298091 1.42423 1.54499 1.70411 2.4516 2.5338 2.54478 2.68448 2.751 2.76271 2.78116 2.88063 2.91419 2.96896 3.10398 3.13955 3.15615 3.18412 3.24947 3.28595 
0.298091 1.42423 1.54499 1.70411 2.4516 2.5338 2.54478 2.68448 2.751 2.76271 2.78116 2.88063 2.91419 2.96896 3.10398 3.13955 3.15615 3.18412 3.24947 3.28595 
0.298091 1.42423 1.54499 1.70411 2.4516 2.5338 2.54478 2.68448 2.69384 2.751 2.76271 2.78116 2.88063 2.91419 2.96896 3.10398 3.13955 3.15615 3.18412 3.24947 
0.298091 1.42423 1.54499 1.70411 2.4516 2.5338 2.54478 2.58981 2.68448 2.69384 2.751 2.76271 2.78116 2.88063 2.91419 2.96896 3.10398 3.13955 3.15615 3.18412 
0.298091 1.42423 1.54499 1.70411 2.4516 2.5338 2.54478 2.58981 2.68448 2.69384 2.751 2.76271 2.78116 2.88063 2.91419 2.96896 3.10398 3.13955 3.15615 3.18412 
0.298091 1.42423 1.54499 1.70411 2.4516 2.5338 2.54478 2.58981 2.68448 2.69384 2.751 2.76271 2.78116 2.88063 2.91419 2.93809 2.96896 3.10398 3.13955 3.15615 
0.298091 1.42423 1.54499 1.70411 1.91621 2.4516 2.5338 2.54478 2.58981 2.68448 2.69384 2.751 2.76271 2.78116 2.88063 2.91419 2.93809 2.96896 3.10398 3.13955 
0.298091 1.42423 1.54499 1.70411 1.91621 2.09226 2.4516 2.5338 2.54478 2.58981 2.68448 2.69384 2.751 2.76271 2.78116 2.88063 2.91419 2.93809 2.96896 3.10398 
0.298091 1.42423 1.54499 1.70411 1.91621 2.09226 2.4516 2.5338 2.54478 2.58981 2.68448 2.69384 2.751 2.76271 2.78116 2.88063 2.91419 2.93809 2.96896 3.10398 
0.298091 1.42423 1.54499 1.70411 1.91621 2.09226 2.2748 2.4516 2.5338 2.54478 2.58981 2.68448 2.69384 2.751 2.76271 2.78116 2.88063 2.91419 2.93809 2.96896 
0.298091 1.42423 1.54499 1.70411 1.91621 2.09226 2.2748 2.4516 2.5338 2.54478 2.58981 2.68448 2.69384 2.751 2.76271 2.78116 2.88063 2.91419 2.93809 2.96896 
0.298091 1.42423 1.54499 1.70411 1.91621 2.09226 2.2748 2.4516 2.5338 2.54478 2.58981 2.68448 2.69384 2.751 2.76271 2.78116 2.88063 2.91419 2.93809 2.96896 
0.298091 1.42423 1.54499 1.70411 1.91621 2.09226 2.2748 2.4516 2.5338 2.54478 2.58981 2.68448 2.69384 2.751 2.76271 2.78116 2.88063 2.91419 2.93809 2.96896 
0.298091 1.42423 1.54499 1.70411 1.91621 2.09226 2.2748 2.4516 2.5338 2.54478 2.58981 2.66005 2.68448 2.69384 2.751 2.76271 2.78116 2.88063 2.91419 2.93809 
0.298091 1.42423 1.54499 1.70411 1.91621 2.09226 2.2748 2.4516 2.5338 2.54478 2.58981 2.66005 2.68448 2.69384 2.751 2.76077 2.76271 2.78116 2.88063 2.91419 
0.298091 1.42423 1.54499 1.70411 1.91621 2.09226 2.2748 2.4516 2.5338 2.54478 2.58981 2.66005 2.66509 2.68448 2.69384 2.751 2.76077 2.76271 2.77572 2.78116 
0.298091 1.42423 1.54499 1.70411 1.91621 2.09226 2.2748 2.4516 2.5338 2.54478 2.58981 2.66005 2.66509 2.68448 2.69384 2.751 2.76077 2.76271 2.77572 2.78116 
0.298091 1.42423 1.54499 1.70411 1.91621 2.09226 2.2748 2.4516 2.5338 2.54478 2.58981 2.66005 2.66509 2.68448 2.69384 2.751 2.76077 2.76271 2.77572 2.78116 
0.0375713 0.298091 1.42423 1.54499 1.70411 1.91621 2.09226 2.23506 2.2748 2.4516 2.5338 2.54478 2.58981 2.66005 2.66509 2.68448 2.69384 2.751 2.76077 2.76271 
0.0375713 0.298091 1.42423 1.54499 1.70411 1.91621 2.09226 2.23506 2.2748 2.4516 2.5338 2.54478 2.58981 2.66005 2.66509 2.68448 2.69384 2.751 2.76077 2.76271 
0.0375713 0.298091 1.10675 1.42423 1.54499 1.696 1.70411 1.91621 2.00892 2.09226 2.23506 2.2748 2.4516 2.5338 2.54478 2.58981 2.66005 2.66509 2.68448 2.69384 
0.0375713 0.298091 1.10675 1.42423 1.54499 1.696 1.70411 1.91621 2.00892 2.09226 2.23506 2.2748 2.4516 2.5338 2.54478 2.58981 2.60043 2.66005 2.66509 2.68448 
0.0375713 0.298091 1.10675 1.42423 1.54499 1.696 1.70411 1.91621 2.00892 2.09226 2.23506 2.2748 2.4516 2.5338 2.54478 2.58981 2.60043 2.66005 2.66509 2.68448 
0.0375713 0.298091 1.10675 1.42423 1.54499 1.696 1.70411 1.91621 2.00892 2.09226 2.23506 2.2748 2.4516 2.5338 2.54478 2.58981 2.60043 2.66005 2.66509 2.68448 
0.0375713 0.298091 1.10675 1.42423 1.54499 1.696 1.70411 1.91621 2.00892 2.09226 2.23506 2.2748 2.4516 2.5338 2.54478 2.58981 2.60043 2.66005 2.66509 2.68448 
0.0375713 0.298091 1.10675 1.42423 1.54499 1.696 1.70411 1.91621 2.00892 2.01436 2.04933 2.09226 2.23506 2.2748 2.4516 2.5338 2.54478 2.58981 2.60043 2.66005 
0.0375713 0.298091 0.650184 1.10675 1.42423 1.54499 1.696 1.70411 1.91621 2.00892 2.01436 2.04933 2.09226 2.23506 2.2748 2.40218 2.4516 2.50307 2.5338 2.54478 
0.0375713 0.298091 0.650184 1.10675 1.42423 1.54499 1.696 1.70411 1.91621 2.00892 2.01436 2.04933 2.09226 2.23506 2.2748 2.40218 2.4516 2.48817 2.50307 2.5338 
0.0375713 0.298091 0.650184 1.10675 1.42423 1.54499 1.696 1.70411 1.91621 2.00892 2.01436 2.04933 2.09226 2.12841 2.23506 2.2748 2.39914 2.40218 2.4516 2.48817 
0.0375713 0.298091 0.650184 1.10675 1.42423 1.54499 1.696 1.70411 1.91621 1.92469 2.00892 2.01436 2.04161 2.04933 2.09226 2.12841 2.23506 2.2748 2.39914 2.40218 
0.0375713 0.298091 0.650184 1.10675 1.42423 1.54499 1.696 1.70411 1.80185 1.91621 1.92469 1.92562 2.00892 2.01436 2.04161 2.04933 2.09226 2.11282 2.12841 2.23506 
0.0375713 0.298091 0.650184 0.9737 1.10675 1.42423 1.54499 1.696 1.70411 1.80185 1.91621 1.92469 1.92562 2.00892 2.01436 2.02355 2.04161 2.04933 2.09226 2.11282 
0.0375713 0.298091 0.650184 0.9737 1.10675 1.42423 1.54499 1.696 1.70411 1.80185 1.91621 1.92469 1.92562 2.00892 2.01436 2.02351 2.02355 2.04161 2.04549 2.04933 
0.0375713 0.298091 0.650184 0.9737 1.10675 1.42423 1.54499 1.696 1.70411 1.80185 1.91621 1.91694 1.92469 1.92562 2.00736 2.00892 2.01436 2.02351 2.02355 2.04161 
0.0375713 0.298091 0.650184 0.835952 0.9737 1.10675 1.42423 1.54499 1.696 1.70411 1.78202 1.80185 1.91621 1.91694 1.92469 1.92562 2.00736 2.00892 2.01436 2.02351 
0.0375713 0.298091 0.650184 0.835952 0.9737 1.10675 1.42423 1.54499 1.696 1.70411 1.78202 1.80185 1.91621 1.91694 1.92469 1.92562 2.00736 2.00892 2.01436 2.02351 
0.0375713 0.298091 0.650184 0.835952 0.871317 0.87263 0.9737 1.10675 1.42423 1.54499 1.696 1.70411 1.78202 1.80185 1.91621 1.91694 1.92469 1.92562 2.00736 2.00892 
0.0375713 0.298091 0.650184 0.835952 0.871317 0.87263 0.9737 1.10675 1.42423 1.54499 1.696 1.70411 1.78202 1.80185 1.91621 1.91694 1.92469 1.92562 2.00736 2.00892 
0.0375713 0.298091 0.650184 0.835952 0.871317 0.87263 0.9737 1.10675 1.15144 1.42423 1.54499 1.696 1.70411 1.78202 1.80185 1.91621 1.91694 1.92469 1.92562 2.00736 
0.0375713 0.298091 0.650184 0.835952 0.871317 0.87263 0.9737 1.10675 1.15144 1.42423 1.54499 1.696 1.70411 1.78202 1.80185 1.91621 1.91694 1.92469 1.92562 2.00736 
0.0375713 0.298091 0.650184 0.835952 0.871317 0.87263 0.9737 1.03434 1.10352 1.10675 1.15144 1.32647 1.42423 1.54499 1.696 1.70411 1.78202 1.80185 1.91564 1.91621 
0.0375713 0.298091 0.650184 0.835952 0.871317 0.87263 0.9737 1.03434 1.10352 1.10675 1.15144 1.32647 1.42423 1.44605 1.54499 1.696 1.70411 1.78202 1.80185 1.91564 
0.0375713 0.298091 0.650184 0.835952 0.871317 0.87263 0.9737 1.03434 1.10352 1.10675 1.15144 1.32647 1.42423 1.44605 1.54499 1.696 1.70411 1.78202 1.80185 1.91564 
0.0375713 0.298091 0.446252 0.650184 0.835952 0.871317 0.87263 0.9737 1.03434 1.10352 1.10675 1.15144 1.32647 1.42423 1.44605 1.54499 1.696 1.70411 1.78202 1.80185 
0.0375713 0.298091 0.446252 0.650184 0.835952 0.871317 0.87263 0.9737 1.03434 1.10352 1.10675 1.10734 1.15144 1.32647 1.42423 1.44605 1.54499 1.696 1.70411 1.78202 
0.0375713 0.298091 0.446252 0.650184 0.835952 0.871317 0.87263 0.9737 1.03434 1.10352 1.10675 1.10734 1.15144 1.20039 1.32647 1.42423 1.44605 1.54499 1.696 1.70411 
0.0375713 0.298091 0.446252 0.650184 0.835952 0.871317 0.87263 0.893989 0.9737 1.03434 1.10352 1.10675 1.10734 1.15144 1.20039 1.32647 1.42423 1.44605 1.54499 1.60273 
0.0375713 0.298091 0.446252 0.650184 0.835952 0.871317 0.87263 0.893989 0.9737 1.03434 1.10352 1.10675 1.10734 1.15144 1.20039 1.32647 1.40983 1.42423 1.44605 1.54019 
0.0375713 0.298091 0.446252 0.650184 0.835952 0.871317 0.87263 0.893989 0.9737 1.03434 1.10352 1.10675 1.10734 1.15144 1.20039 1.32647 1.33976 1.40983 1.42423 1.44605 
0.0375713 0.298091 0.446252 0.650184 0.835952 0.871317 0.87263 0.893989 0.9737 1.03434 1.10352 1.10675 1.10734 1.15144 1.20039 1.32647 1.33976 1.40983 1.42423 1.44605 
0.0375713 0.298091 0.446252 0.500517 0.650184 0.656431 0.835952 0.871317 0.87263 0.893989 0.9737 1.03434 1.09522 1.10352 1.10675 1.10734 1.15144 1.20039 1.32647 1.33976 
0.0375713 0.298091 0.446252 0.500517 0.650184 0.656431 0.835952 0.871317 0.87263 0.893989 0.9737 1.01301 1.03434 1.09522 1.10352 1.10675 1.10734 1.15144 1.20039 1.32647 
0.0375713 0.298091 0.446252 0.500517 0.650184 0.656431 0.835952 0.871317 0.87263 0.893989 0.9737 1.01301 1.03434 1.0691 1.09522 1.10352 1.10675 1.10734 1.15144 1.20039 
0.0375713 0.298091 0.446252 0.500517 0.650184 0.656431 0.815687 0.835952 0.871317 0.87263 0.893989 0.9737 0.990562 1.01301 1.03434 1.0691 1.09522 1.10352 1.10675 1.10734 
0.0375713 0.298091 0.446252 0.500517 0.555643 0.650184 0.656431 0.815687 0.835952 0.867714 0.871317 0.87263 0.893989 0.9737 0.990562 1.01301 1.03434 1.0691 1.09522 1.10352 
0.0375713 0.298091 0.446252 0.500517 0.555643 0.650184 0.656431 0.815687 0.835952 0.867714 0.871317 0.87263 0.893989 0.902721 0.9737 0.990562 1.01301 1.03434 1.0691 1.09522 
0.0375713 0.298091 0.335944 0.446252 0.500517 0.555643 0.63689 0.650184 0.656431 0.815687 0.835952 0.867714 0.871317 0.87263 0.893989 0.896099 0.902721 0.9737 0.990562 1.01301 
0.0375713 0.298091 0.335944 0.446252 0.485313 0.500517 0.533009 0.555643 0.631285 0.63689 0.650184 0.656431 0.815687 0.835952 0.867714 0.871317 0.87263 0.893989 0.896099 0.902721 
