2.92525 3.56501 3.84991 4.54701 4.58061 4.9899 5.2428 5.34305 6.23586 7.31167 7.62323 7.67158 8.22491 8.84273 8.99534 9.02887 9.48149 9.48423 9.6903 9.72192 
2.92525 3.51073 3.56501 3.84991 4.53953 4.54701 4.58061 4.9899 5.2428 5.34305 5.44365 5.86719 6.23586 6.28668 6.70479 7.31167 7.62323 7.67158 7.70405 7.82389 
2.92525 3.34436 3.51073 3.56501 3.84991 4.53953 4.54701 4.58061 4.60202 4.9899 5.2428 5.34305 5.44365 5.86719 6.23586 6.28668 6.34497 6.36735 6.70479 7.28601 
2.92525 3.34436 3.51073 3.56501 3.84991 4.53953 4.54701 4.58061 4.60202 4.9899 5.2428 5.34305 5.44365 5.52489 5.86719 6.23586 6.27914 6.28668 6.30932 6.34497 
2.92525 3.34436 3.51073 3.56501 3.84991 4.53953 4.54701 4.58061 4.60202 4.90916 4.9899 5.2428 5.34305 5.44365 5.52489 5.86719 6.23586 6.27914 6.28668 6.30932 
2.92525 3.34436 3.51073 3.56501 3.84991 4.53953 4.54701 4.58061 4.60202 4.90916 4.9899 5.2428 5.34305 5.44365 5.52489 5.75839 5.83896 5.86719 6.21997 6.23586 
2.92525 3.34436 3.51073 3.56501 3.84991 4.53953 4.54701 4.58061 4.60202 4.90916 4.97642 4.9899 5.2428 5.34305 5.44365 5.52489 5.75839 5.83896 5.86719 6.21997 
2.92525 3.34436 3.51073 3.56501 3.84991 4.53953 4.54701 4.58061 4.60202 4.90916 4.97642 4.9899 5.2428 5.34305 5.44365 5.52489 5.75839 5.83896 5.84812 5.86719 
2.41861 2.92525 3.07283 3.1492 3.34436 3.51073 3.56501 3.62363 3.84991 4.53953 4.54701 4.58061 4.60202 4.90916 4.97642 4.9899 5.09202 5.2428 5.34305 5.44365 
2.41861 2.92525 3.07283 3.1492 3.34436 3.51073 3.56501 3.56695 3.62363 3.84991 4.53953 4.54701 4.58061 4.60202 4.88285 4.90916 4.97642 4.9899 5.09202 5.2428 
0.508345 2.41861 2.92525 3.07283 3.1492 3.34436 3.51073 3.56501 3.56695 3.62363 3.84991 3.87708 4.53953 4.54701 4.58061 4.60202 4.88285 4.90916 4.97642 4.9899 
0.508345 2.41861 2.92525 3.07283 3.12187 3.1492 3.34436 3.51073 3.56501 3.56695 3.62363 3.84991 3.87708 4.53953 4.54701 4.58061 4.60202 4.88285 4.90916 4.97642 
0.508345 0.996751 2.41861 2.92525 3.07283 3.12187 3.1492 3.34436 3.51073 3.56501 3.56695 3.62363 3.84991 3.87708 4.53953 4.54701 4.58061 4.60202 4.88285 4.90916 
0.508345 0.996751 2.41861 2.92525 3.07283 3.12187 3.1492 3.34436 3.51073 3.56501 3.56695 3.62363 3.84991 3.87708 4.28659 4.46634 4.5298 4.53953 4.54701 4.58061 
0.508345 0.996751 2.41861 2.92525 3.07283 3.12187 3.1492 3.32188 3.34436 3.37923 3.51073 3.56501 3.56695 3.62363 3.73176 3.84991 3.85744 3.87708 3.91887 4.28659 
0.508345 0.996751 2.41861 2.92525 3.07283 3.12187 3.1492 3.32188 3.34436 3.37923 3.51073 3.56501 3.56695 3.62363 3.73176 3.84991 3.85744 3.87708 3.91887 4.23268 
0.508345 0.830584 0.996751 2.41861 2.92525 3.07283 3.12187 3.1492 3.32188 3.34436 3.37923 3.51073 3.56501 3.56695 3.62363 3.73176 3.84991 3.85744 3.87708 3.91887 
0.508345 0.830584 0.996751 2.41861 2.92525 3.07283 3.12187 3.1492 3.30733 3.32188 3.34436 3.37923 3.43552 3.51073 3.56501 3.56695 3.62363 3.73176 3.80824 3.84991 
0.508345 0.830584 0.996751 1.44191 2.41861 2.92525 3.07283 3.12187 3.1492 3.29121 3.30733 3.32188 3.34436 3.37923 3.43552 3.44101 3.51073 3.56501 3.56695 3.62363 
0.508345 0.790551 0.830584 0.996751 1.44191 2.41861 2.43515 2.6653 2.86633 2.92525 3.07283 3.12187 3.1492 3.29121 3.30733 3.32188 3.34436 3.37923 3.40879 3.43552 
0.508345 0.790551 0.830584 0.996751 1.44191 2.41861 2.43515 2.6653 2.86633 2.92525 3.07283 3.12187 3.1492 3.19863 3.29121 3.30733 3.32188 3.34436 3.37923 3.40879 
0.508345 0.790551 0.830584 0.996751 1.07376 1.44191 2.41861 2.43515 2.6653 2.86633 2.92525 3.07283 3.12187 3.1492 3.19863 3.29121 3.30733 3.32188 3.34436 3.37923 
0.508345 0.790551 0.830584 0.996751 1.07376 1.23741 1.44191 2.05621 2.41861 2.43515 2.51722 2.6653 2.70645 2.86633 2.92525 3.07283 3.12187 3.1492 3.19863 3.28289 
0.508345 0.790551 0.830584 0.996751 1.07376 1.23741 1.44191 2.05621 2.41861 2.43515 2.51722 2.6653 2.70645 2.86633 2.92525 3.07283 3.12187 3.1492 3.19863 3.2794 
0.508345 0.790551 0.830584 0.996751 1.07376 1.23741 1.44191 2.05621 2.41861 2.43515 2.51722 2.6653 2.70645 2.86633 2.92525 2.96787 3.07283 3.12187 3.13832 3.1492 
0.508345 0.790551 0.830584 0.996751 1.07376 1.23741 1.44191 2.05621 2.41861 2.43515 2.51722 2.6653 2.70645 2.86633 2.92525 2.96787 3.07283 3.12187 3.13832 3.1492 
0.508345 0.790551 0.830584 0.996751 1.07376 1.23741 1.44191 2.05621 2.41861 2.43515 2.51722 2.6653 2.70645 2.86633 2.92525 2.96787 3.07283 3.12187 3.12202 3.13832 
0.508345 0.790551 0.830584 0.996751 1.07376 1.23741 1.44191 2.05621 2.41861 2.43515 2.51722 2.6653 2.70645 2.86633 2.92525 2.94357 2.96787 3.07283 3.12187 3.12202 
0.508345 0.790551 0.830584 0.996751 1.07376 1.23741 1.44191 2.05621 2.41861 2.43515 2.51722 2.65143 2.6653 2.70645 2.86633 2.9086 2.92525 2.94357 2.96787 3.07283 
0.508345 0.790551 0.830584 0.996751 1.07376 1.23741 1.44191 2.01919 2.05621 2.41861 2.43515 2.51722 2.65143 2.6653 2.69231 2.70645 2.86633 2.9086 2.92525 2.94357 
0.508345 0.790551 0.830584 0.996751 1.07376 1.23741 1.44191 2.01919 2.05621 2.41861 2.43515 2.51722 2.65143 2.6653 2.69231 2.70645 2.86633 2.9086 2.92525 2.94357 
0.508345 0.559184 0.790551 0.830584 0.996751 1.07376 1.18413 1.23741 1.44191 2.01919 2.05621 2.41861 2.43515 2.51722 2.65143 2.6653 2.69231 2.70645 2.86633 2.90339 
0.472412 0.508345 0.559184 0.790551 0.830584 0.996751 1.07376 1.18413 1.23741 1.44191 2.01919 2.05621 2.41861 2.43515 2.51722 2.62203 2.65143 2.6653 2.69231 2.70645 
0.472412 0.508345 0.559184 0.790551 0.830584 0.996751 1.07376 1.18413 1.23741 1.44191 1.75759 2.01919 2.05621 2.41861 2.43515 2.51722 2.62203 2.65143 2.6653 2.69231 
0.277979 0.472412 0.508345 0.559184 0.790551 0.830584 0.996751 1.07376 1.18413 1.23741 1.44191 1.75759 2.01919 2.05621 2.41861 2.43515 2.51722 2.62203 2.65143 2.6653 
0.277979 0.472412 0.508345 0.559184 0.790551 0.830584 0.996751 1.07376 1.18413 1.23741 1.29039 1.39641 1.44191 1.75759 2.01919 2.05621 2.1216 2.25138 2.41861 2.43515 
0.277979 0.472412 0.508345 0.559184 0.790551 0.830584 0.996751 1.07376 1.18413 1.23741 1.29039 1.39641 1.43549 1.44191 1.75759 2.01919 2.05621 2.1216 2.25138 2.41861 
0.277979 0.472364 0.472412 0.508345 0.559184 0.790551 0.830584 0.996751 1.07376 1.18413 1.23741 1.29039 1.39641 1.43549 1.44191 1.75759 2.01919 2.05621 2.1216 2.15028 
0.277979 0.472364 0.472412 0.508345 0.559184 0.790551 0.830584 0.927737 0.996751 1.07376 1.18413 1.23741 1.29039 1.39641 1.43549 1.44191 1.75759 2.01919 2.05621 2.1216 
0.277979 0.472364 0.472412 0.508345 0.559184 0.790551 0.830584 0.927737 0.996751 1.07376 1.18413 1.23741 1.29039 1.39641 1.43549 1.44191 1.75759 2.01919 2.05621 2.09816 
0.277979 0.472364 0.472412 0.508345 0.559184 0.790551 0.830584 0.927737 0.996751 1.07376 1.18413 1.23741 1.29039 1.39641 1.43549 1.44191 1.56037 1.75759 2.01919 2.01994 
0.277979 0.472364 0.472412 0.508345 0.559184 0.790551 0.830584 0.927737 0.996751 1.07376 1.18413 1.23741 1.29039 1.39641 1.43549 1.44191 1.54353 1.56037 1.75759 2.01919 
0.277979 0.472364 0.472412 0.508345 0.559184 0.790551 0.830584 0.927737 0.996751 1.07376 1.18413 1.23741 1.29039 1.39641 1.43549 1.44191 1.54353 1.56037 1.75759 2.01919 
0.277979 0.472364 0.472412 0.508345 0.513753 0.559184 0.790551 0.830584 0.927737 0.996751 1.07376 1.18413 1.23741 1.29039 1.39641 1.43549 1.44191 1.54353 1.56037 1.75759 
0.277979 0.472364 0.472412 0.508345 0.513753 0.523788 0.559184 0.790551 0.830584 0.927737 0.996751 1.07376 1.18413 1.23741 1.29039 1.39641 1.43549 1.44191 1.48136 1.54353 
0.277979 0.472364 0.472412 0.508345 0.513753 0.523788 0.559184 0.790551 0.830584 0.927737 0.996751 1.07376 1.18413 1.23741 1.29039 1.39641 1.43549 1.44191 1.48136 1.54353 
0.277979 0.472364 0.472412 0.508345 0.513753 0.523788 0.559184 0.790551 0.830584 0.927737 0.996751 1.07376 1.18413 1.23741 1.29039 1.39641 1.41731 1.43549 1.44191 1.48136 
0.277979 0.472364 0.472412 0.508345 0.513753 0.523788 0.559184 0.790551 0.830584 0.927737 0.996751 1.01315 1.07376 1.18413 1.23741 1.29039 1.39641 1.41731 1.43549 1.44191 
0.277979 0.472364 0.472412 0.508345 0.513753 0.523788 0.559184 0.790551 0.830584 0.85522 0.927737 0.996751 1.01315 1.07376 1.18413 1.23741 1.29039 1.39641 1.41731 1.43549 
0.277979 0.386853 0.472364 0.472412 0.508345 0.513753 0.523788 0.559184 0.790551 0.830584 0.85522 0.927737 0.996751 1.01315 1.07376 1.18413 1.23741 1.29039 1.39641 1.41731 
0.277979 0.386853 0.472364 0.472412 0.508345 0.513753 0.523788 0.559184 0.790551 0.830584 0.85522 0.927737 0.996751 1.01315 1.07376 1.18413 1.23741 1.29039 1.39641 1.41731 
0.274039 0.277979 0.386853 0.472364 0.472412 0.508345 0.513753 0.523788 0.559184 0.790551 0.830584 0.85522 0.927737 0.996751 1.01315 1.07376 1.18413 1.19276 1.23741 1.29039 
0.157541 0.274039 0.277979 0.386853 0.472364 0.472412 0.508345 0.513753 0.523788 0.559184 0.790551 0.830584 0.85522 0.927737 0.996751 1.01315 1.07376 1.18413 1.19276 1.23741 
0.157541 0.274039 0.277979 0.386853 0.472364 0.472412 0.508345 0.513753 0.523788 0.559184 0.790551 0.830584 0.85522 0.927737 0.996751 1.01315 1.07376 1.18413 1.19276 1.23741 
0.157541 0.274039 0.277979 0.386853 0.472364 0.472412 0.508345 0.513753 0.523788 0.559184 0.790551 0.830584 0.85522 0.917573 0.927737 0.996751 1.01315 1.07376 1.18413 1.19276 
0.157541 0.274039 0.277979 0.386853 0.472364 0.472412 0.508345 0.513753 0.523788 0.559184 0.790551 0.830584 0.85522 0.917573 0.927737 0.996751 1.01315 1.07376 1.18413 1.19276 
0.157541 0.274039 0.277979 0.386853 0.472364 0.472412 0.508345 0.513753 0.523788 0.559184 0.790551 0.830584 0.85522 0.917573 0.927737 0.996751 1.01315 1.07376 1.18413 1.19276 
0.157541 0.197963 0.274039 0.277979 0.386853 0.472364 0.472412 0.508345 0.513753 0.523788 0.559184 0.790551 0.830584 0.85522 0.917573 0.927737 0.996751 1.01315 1.07376 1.18413 
0.157541 0.197963 0.274039 0.277979 0.386853 0.472364 0.472412 0.508345 0.513753 0.523788 0.559184 0.790551 0.830584 0.85522 0.917573 0.927737 0.996751 1.01315 1.07376 1.18413 
0.157541 0.197963 0.274039 0.277979 0.386853 0.472364 0.472412 0.508345 0.513753 0.523788 0.559184 0.790551 0.830584 0.85522 0.917573 0.927737 0.996751 1.01315 1.07376 1.18413 
0.157541 0.197963 0.274039 0.277979 0.386853 0.472364 0.472412 0.508345 0.513753 0.523788 0.559184 0.790551 0.830584 0.85522 0.917573 0.927737 0.996751 1.01315 1.05054 1.07376 
0.157541 0.197963 0.274039 0.277979 0.386853 0.472364 0.472412 0.508345 0.513753 0.523788 0.559184 0.790551 0.830584 0.85522 0.917573 0.927737 0.996751 1.01315 1.05054 1.07376 
0.157541 0.197963 0.274039 0.277979 0.386853 0.472364 0.472412 0.508345 0.513753 0.523788 0.559184 0.790551 0.830584 0.85522 0.917573 0.927737 0.996751 1.01315 1.05054 1.07376 
0.157541 0.197963 0.274039 0.277979 0.386853 0.472364 0.472412 0.508345 0.513753 0.523788 0.559184 0.790551 0.830584 0.85522 0.917573 0.927737 0.996751 1.01315 1.05054 1.07376 
0.157541 0.197963 0.274039 0.277979 0.386853 0.472364 0.472412 0.508345 0.513753 0.523788 0.559184 0.790551 0.830584 0.85522 0.917573 0.927737 0.996751 1.01315 1.05054 1.07376 
0.157541 0.197963 0.274039 0.277979 0.386853 0.472364 0.472412 0.508345 0.513753 0.523788 0.559184 0.790551 0.830584 0.85522 0.917573 0.927737 0.996751 1.01315 1.05054 1.07376 
0.157541 0.197963 0.274039 0.277979 0.386853 0.472364 0.472412 0.508345 0.513753 0.523788 0.559184 0.790551 0.830584 0.85522 0.917573 0.927737 0.996751 1.01315 1.05054 1.07376 
0.157541 0.197963 0.274039 0.277979 0.386853 0.472364 0.472412 0.508345 0.513753 0.523788 0.559184 0.790551 0.830584 0.85522 0.917573 0.927737 0.996751 1.01315 1.05054 1.07376 
0.157541 0.197963 0.274039 0.277979 0.386853 0.472364 0.472412 0.508345 0.513753 0.523788 0.559184 0.790551 0.830584 0.85522 0.917573 0.927737 0.996751 1.01315 1.05054 1.07376 
0.157541 0.197963 0.274039 0.277979 0.386853 0.472364 0.472412 0.508345 0.513753 0.523788 0.559184 0.790551 0.830584 0.85522 0.917573 0.927737 0.996751 1.01315 1.05054 1.07376 
0.157541 0.197963 0.274039 0.277979 0.386853 0.472364 0.472412 0.508345 0.513753 0.523788 0.559184 0.790551 0.830584 0.85522 0.917573 0.927737 0.996751 1.01315 1.05054 1.07376 
0.157541 0.197963 0.274039 0.277979 0.386853 0.472364 0.472412 0.508345 0.513753 0.523788 0.559184 0.790551 0.830584 0.85522 0.917573 0.927737 0.996751 1.01315 1.05054 1.07376 
0.157541 0.197963 0.274039 0.277979 0.386853 0.472364 0.472412 0.508345 0.513753 0.523788 0.559184 0.790551 0.830584 0.85522 0.917573 0.927737 0.996751 1.01315 1.05054 1.07376 
0.157541 0.197963 0.274039 0.277979 0.386853 0.472364 0.472412 0.508345 0.513753 0.523788 0.559184 0.790551 0.830584 0.85522 0.917573 0.927737 0.996751 1.01315 1.05054 1.07376 
0.157541 0.197963 0.274039 0.277979 0.386853 0.472364 0.472412 0.508345 0.513753 0.523788 0.559184 0.790551 0.830584 0.85522 0.917573 0.927737 0.996751 1.01315 1.05054 1.07376 
0.157541 0.197963 0.274039 0.277979 0.386853 0.472364 0.472412 0.508345 0.513753 0.523788 0.559184 0.790551 0.830584 0.85522 0.917573 0.927737 0.996751 1.01315 1.05054 1.07376 
0.157541 0.197963 0.274039 0.277979 0.386853 0.472364 0.472412 0.508345 0.513753 0.523788 0.559184 0.790551 0.830584 0.85522 0.917573 0.927737 0.996751 1.01315 1.05054 1.07376 
0.157541 0.197963 0.274039 0.277979 0.386853 0.472364 0.472412 0.508345 0.513753 0.523788 0.559184 0.790551 0.830584 0.85522 0.917573 0.927737 0.996751 1.01315 1.05054 1.07376 
0.157541 0.197963 0.274039 0.277979 0.386853 0.472364 0.472412 0.508345 0.513753 0.523788 0.559184 0.790551 0.830584 0.85522 0.917573 0.927737 0.996751 1.01315 1.05054 1.07376 
0.157541 0.197963 0.274039 0.277979 0.386853 0.472364 0.472412 0.508345 0.513753 0.523788 0.559184 0.790551 0.830584 0.85522 0.917573 0.927737 0.996751 1.01315 1.05054 1.07376 
0.157541 0.197963 0.274039 0.277979 0.386853 0.472364 0.472412 0.508345 0.513753 0.523788 0.559184 0.790551 0.830584 0.85522 0.917573 0.927737 0.996751 1.01315 1.05054 1.07376 
0.157541 0.197963 0.274039 0.277979 0.386853 0.472364 0.472412 0.508345 0.513753 0.523788 0.559184 0.790551 0.830584 0.85522 0.917573 0.927737 0.996751 1.01315 1.05054 1.07376 
0.157541 0.197963 0.274039 0.277979 0.386853 0.472364 0.472412 0.508345 0.513753 0.523788 0.559184 0.790551 0.830584 0.85522 0.917573 0.927737 0.996751 1.01315 1.05054 1.07376 
0.157541 0.197963 0.274039 0.277979 0.386853 0.472364 0.472412 0.508345 0.513753 0.523788 0.559184 0.790551 0.830584 0.85522 0.917573 0.927737 0.996751 1.01315 1.05054 1.07376 
0.157541 0.197963 0.274039 0.277979 0.386853 0.472364 0.472412 0.508345 0.513753 0.523788 0.559184 0.790551 0.830584 0.85522 0.917573 0.927737 0.996751 1.01315 1.05054 1.07376 
0.157541 0.197963 0.274039 0.277979 0.386853 0.472364 0.472412 0.508345 0.513753 0.523788 0.559184 0.790551 0.830584 0.85522 0.917573 0.927737 0.996751 1.01315 1.05054 1.07376 
0.157541 0.197963 0.274039 0.277979 0.386853 0.472364 0.472412 0.508345 0.513753 0.523788 0.559184 0.790551 0.830584 0.85522 0.917573 0.927737 0.996751 1.01315 1.05054 1.07376 
0.157541 0.197963 0.274039 0.277979 0.386853 0.472364 0.472412 0.508345 0.513753 0.523788 0.559184 0.790551 0.830584 0.85522 0.917573 0.927737 0.996751 1.01315 1.05054 1.07376 
0.157541 0.197963 0.274039 0.277979 0.386853 0.472364 0.472412 0.508345 0.513753 0.523788 0.559184 0.790551 0.830584 0.85522 0.917573 0.927737 0.996751 1.01315 1.05054 1.07376 
0.157541 0.197963 0.274039 0.277979 0.386853 0.472364 0.472412 0.508345 0.513753 0.523788 0.559184 0.790551 0.830584 0.85522 0.917573 0.927737 0.996751 1.01315 1.05054 1.07376 
0.157541 0.197963 0.274039 0.277979 0.386853 0.472364 0.472412 0.508345 0.513753 0.523788 0.559184 0.790551 0.830584 0.85522 0.917573 0.927737 0.996751 1.01315 1.05054 1.07376 
0.157541 0.197963 0.274039 0.277979 0.386853 0.472364 0.472412 0.508345 0.513753 0.523788 0.559184 0.790551 0.830584 0.85522 0.917573 0.927737 0.996751 1.01315 1.05054 1.07376 
0.157541 0.197963 0.274039 0.277979 0.386853 0.472364 0.472412 0.508345 0.513753 0.523788 0.559184 0.790551 0.830584 0.85522 0.917573 0.927737 0.996751 1.01315 1.05054 1.07376 
0.157541 0.197963 0.274039 0.277979 0.386853 0.472364 0.472412 0.508345 0.513753 0.523788 0.559184 0.790551 0.830584 0.85522 0.917573 0.927737 0.996751 1.01315 1.05054 1.07376 
0.157541 0.197963 0.274039 0.277979 0.386853 0.472364 0.472412 0.508345 0.513753 0.523788 0.559184 0.790551 0.830584 0.85522 0.917573 0.927737 0.996751 1.01315 1.05054 1.07376 
0.157541 0.197963 0.274039 0.277979 0.386853 0.472364 0.472412 0.508345 0.513753 0.523788 0.559184 0.790551 0.830584 0.85522 0.917573 0.927737 0.996751 1.01315 1.05054 1.07376 
0.157541 0.197963 0.274039 0.277979 0.386853 0.472364 0.472412 0.508345 0.513753 0.523788 0.559184 0.790551 0.830584 0.85522 0.917573 0.927737 0.996751 1.01315 1.05054 1.07376 
0.157541 0.197963 0.274039 0.277979 0.386853 0.472364 0.472412 0.508345 0.513753 0.523788 0.559184 0.790551 0.830584 0.85522 0.917573 0.927737 0.996751 1.01315 1.05054 1.07376 
0.157541 0.197963 0.274039 0.277979 0.386853 0.472364 0.472412 0.508345 0.513753 0.523788 0.559184 0.790551 0.830584 0.85522 0.917573 0.927737 0.996751 1.01315 1.05054 1.07376 
0.157541 0.197963 0.274039 0.277979 0.386853 0.472364 0.472412 0.508345 0.513753 0.523788 0.559184 0.790551 0.830584 0.85522 0.917573 0.927737 0.996751 1.01315 1.05054 1.07376 
