2.91692 3.60155 3.71192 3.76408 4.13158 4.61066 5.37314 5.52129 5.85766 5.99959 6.06385 6.32495 6.49175 6.90262 7.66248 7.68419 7.79844 7.87473 8.00636 8.20164 
2.14327 2.91692 3.60155 3.71192 3.76408 4.13158 4.61066 5.37314 5.52129 5.80112 5.85766 5.99959 6.06385 6.32495 6.49175 6.90262 7.66248 7.68419 7.79844 7.87473 
2.14327 2.91692 3.60155 3.71192 3.76408 4.13158 4.61066 5.37314 5.52129 5.80112 5.85766 5.99959 6.06385 6.32495 6.49175 6.90262 7.66248 7.68419 7.79844 7.87473 
2.14327 2.91692 3.60155 3.71192 3.76408 4.13158 4.61066 5.37314 5.52129 5.80112 5.85766 5.87323 5.99959 6.06385 6.32495 6.49175 6.90262 7.66248 7.68419 7.79844 
2.14327 2.91692 3.60155 3.71192 3.76408 4.13158 4.61066 5.37314 5.52129 5.80112 5.85766 5.87323 5.99749 5.99959 6.06385 6.32495 6.49175 6.90262 7.66248 7.68419 
2.14327 2.91692 3.60155 3.71192 3.76408 4.13158 4.42957 4.61066 5.37314 5.52129 5.80112 5.85766 5.87323 5.99749 5.99959 6.06385 6.32495 6.49175 6.90262 7.66248 
2.14327 2.91692 3.60155 3.71192 3.76408 4.13158 4.42957 4.61066 5.37314 5.52129 5.80112 5.85766 5.87323 5.99749 5.99959 6.06385 6.32495 6.49175 6.90262 7.66248 
2.14327 2.91692 3.60155 3.71192 3.76408 4.13158 4.42957 4.61066 5.37314 5.52129 5.80112 5.85766 5.87323 5.99749 5.99959 6.06385 6.32495 6.49175 6.90262 7.66248 
2.14327 2.91692 3.60155 3.71192 3.76408 4.13158 4.42957 4.61066 5.37314 5.52129 5.80112 5.85766 5.87323 5.99749 5.99959 6.06385 6.32495 6.49175 6.90262 7.66248 
2.14327 2.91692 3.60155 3.71192 3.76408 4.13158 4.42957 4.61066 5.37314 5.52129 5.80112 5.85766 5.87323 5.99749 5.99959 6.06385 6.32495 6.49175 6.90262 7.66248 
2.14327 2.91692 3.60155 3.71192 3.76408 4.13158 4.42957 4.61066 5.37314 5.52129 5.80112 5.85766 5.87323 5.99749 5.99959 6.06385 6.32495 6.49175 6.90262 6.97216 
2.14327 2.91692 3.60155 3.71192 3.76408 4.13158 4.42957 4.61066 5.37314 5.52129 5.61257 5.80112 5.85766 5.87323 5.99749 5.99959 6.06385 6.32495 6.49175 6.90262 
2.14327 2.91692 3.60155 3.71192 3.76408 4.13158 4.42957 4.61066 5.37314 5.52129 5.61257 5.80112 5.85766 5.87323 5.99749 5.99959 6.06385 6.24714 6.32495 6.49175 
2.14327 2.91692 3.60155 3.71192 3.76408 4.13158 4.42957 4.61066 5.37314 5.52129 5.61257 5.80112 5.85766 5.87323 5.99749 5.99959 6.06385 6.24714 6.32495 6.49175 
2.14327 2.78767 2.91692 3.60155 3.71192 3.76408 4.13158 4.42957 4.61066 5.37314 5.52129 5.61257 5.80112 5.85766 5.87323 5.99749 5.99959 6.06385 6.24714 6.32495 
1.87522 2.14327 2.78767 2.91692 3.60155 3.71192 3.76408 3.78995 4.13158 4.42957 4.61066 5.37314 5.52129 5.61257 5.80112 5.85766 5.87323 5.99749 5.99959 6.06385 
1.87522 2.14327 2.78767 2.91692 3.60155 3.71192 3.76408 3.78995 4.13158 4.42957 4.61066 5.37314 5.52129 5.61257 5.80112 5.85766 5.87323 5.99749 5.99959 6.06385 
1.87522 2.14327 2.78767 2.91692 3.60155 3.71192 3.76408 3.78995 4.13158 4.42957 4.61066 5.37314 5.52129 5.61257 5.80112 5.85766 5.87323 5.99749 5.99959 6.06385 
1.87522 2.14327 2.78767 2.91692 3.60155 3.71192 3.76408 3.78995 4.13158 4.42957 4.61066 5.37314 5.52129 5.61257 5.80112 5.85766 5.87323 5.99749 5.99959 6.06385 
1.87522 2.14327 2.78767 2.91692 3.60155 3.71192 3.76408 3.78995 4.13158 4.34187 4.42957 4.61066 5.37314 5.52129 5.61257 5.80112 5.85766 5.87323 5.99749 5.99959 
1.87522 2.14327 2.78767 2.91692 3.60155 3.71192 3.76408 3.78995 4.0745 4.13158 4.34187 4.42957 4.61066 5.37314 5.52129 5.61257 5.80112 5.85766 5.87323 5.99749 
1.87522 2.14327 2.78767 2.86045 2.91692 3.60155 3.71192 3.76408 3.78995 4.0745 4.13158 4.34187 4.42957 4.61066 5.37314 5.52129 5.61257 5.80112 5.85766 5.87323 
1.87522 2.14327 2.78767 2.86045 2.91692 3.60155 3.71192 3.76408 3.78995 4.0745 4.1192 4.13158 4.18961 4.34187 4.42957 4.61066 5.37314 5.52129 5.61257 5.80112 
1.87522 2.14327 2.78767 2.86045 2.91692 3.60155 3.71192 3.76408 3.78995 4.0745 4.1192 4.13158 4.18961 4.32127 4.34187 4.42957 4.61066 5.37314 5.52129 5.61257 
1.87522 2.14327 2.78767 2.86045 2.91692 3.39138 3.60155 3.71192 3.76408 3.78995 4.0745 4.1192 4.13158 4.18961 4.32127 4.34187 4.42957 4.61066 4.72893 4.91305 
1.87522 2.14327 2.78767 2.86045 2.91692 3.39138 3.56881 3.60155 3.71192 3.76408 3.78995 4.0745 4.1192 4.13158 4.18961 4.32127 4.34187 4.42957 4.61066 4.72893 
1.87522 2.14327 2.78767 2.86045 2.91692 3.39138 3.56881 3.60155 3.71192 3.76408 3.78995 4.0745 4.1192 4.13158 4.18961 4.32127 4.34187 4.42957 4.61066 4.72893 
1.87522 2.14327 2.78767 2.86045 2.91692 3.39138 3.56881 3.60155 3.71192 3.76408 3.78995 4.0745 4.1192 4.13158 4.18961 4.24625 4.32127 4.34187 4.42957 4.4418 
1.87522 2.14327 2.71981 2.78767 2.86045 2.91692 3.39138 3.56881 3.60155 3.71192 3.76408 3.78995 4.0745 4.1192 4.13158 4.18961 4.24625 4.32127 4.34187 4.42957 
1.87522 2.14327 2.71981 2.78767 2.86045 2.91692 3.39138 3.56881 3.60155 3.71192 3.76408 3.78995 4.0745 4.1192 4.13158 4.18961 4.24625 4.32127 4.33093 4.34187 
1.87522 2.14327 2.53424 2.71981 2.78767 2.86045 2.91692 3.39138 3.56881 3.60155 3.71192 3.76408 3.78995 4.0745 4.09846 4.1192 4.13158 4.18961 4.24625 4.32127 
1.87522 2.14327 2.53424 2.71981 2.78767 2.86045 2.91692 3.39079 3.39138 3.56881 3.60155 3.71192 3.76408 3.78995 4.01954 4.0745 4.09846 4.1192 4.13158 4.18961 
1.87522 2.14327 2.53424 2.71981 2.78767 2.86045 2.91692 3.29957 3.39079 3.39138 3.56881 3.60155 3.71192 3.76408 3.78995 4.01954 4.02687 4.0745 4.09846 4.1192 
1.87522 2.14327 2.53424 2.71981 2.78767 2.86045 2.91692 3.29957 3.39079 3.39138 3.56881 3.60155 3.71192 3.76408 3.78995 4.01954 4.02687 4.0745 4.09846 4.1192 
1.87522 2.14327 2.53424 2.71981 2.78767 2.86045 2.91692 3.14702 3.29957 3.3142 3.39079 3.39138 3.56881 3.60155 3.71192 3.76408 3.78995 4.01954 4.02687 4.03145 
1.87522 2.14327 2.53424 2.71981 2.78767 2.86045 2.91692 3.14702 3.29236 3.29957 3.3142 3.39079 3.39138 3.56881 3.60155 3.71192 3.76408 3.78995 4.01954 4.02687 
1.87522 2.14327 2.53424 2.71981 2.78767 2.86045 2.91692 3.14702 3.27935 3.29236 3.29957 3.3142 3.39079 3.39138 3.56881 3.60155 3.71192 3.76408 3.78995 3.88342 
1.87522 2.14327 2.53424 2.69043 2.71981 2.78767 2.86045 2.91692 3.14702 3.27935 3.29236 3.29957 3.3142 3.39079 3.39138 3.56881 3.60155 3.71192 3.76408 3.78995 
1.87522 2.14327 2.53424 2.69043 2.71981 2.78767 2.86045 2.91692 2.9666 3.14702 3.18583 3.27935 3.29236 3.29957 3.3142 3.34211 3.39079 3.39138 3.56881 3.60155 
1.87522 2.14327 2.53424 2.69043 2.71981 2.78767 2.86045 2.91692 2.93169 2.9666 3.14702 3.18583 3.27935 3.29236 3.29957 3.3142 3.34211 3.39079 3.39138 3.50987 
1.87522 2.14327 2.53424 2.69043 2.71981 2.78767 2.86045 2.91692 2.93169 2.9666 3.11499 3.14702 3.18583 3.27048 3.27935 3.29236 3.29957 3.3142 3.34211 3.39079 
1.87522 2.14327 2.53424 2.69043 2.71981 2.78767 2.80987 2.86045 2.91692 2.93169 2.9666 3.11499 3.14702 3.18583 3.27048 3.27935 3.29236 3.29957 3.3142 3.33995 
1.87522 2.14327 2.53424 2.69043 2.71981 2.78767 2.80987 2.86045 2.91692 2.93169 2.9666 3.11499 3.14702 3.18583 3.27048 3.27935 3.29236 3.29957 3.3142 3.33995 
1.23794 1.87522 2.14327 2.53424 2.69043 2.71981 2.78767 2.80987 2.86045 2.91692 2.93169 2.9666 3.11499 3.13308 3.14702 3.18583 3.27048 3.27935 3.29236 3.29957 
1.23794 1.63879 1.87522 2.14327 2.53424 2.69043 2.71981 2.78767 2.80987 2.86045 2.91692 2.93169 2.9666 3.11499 3.13308 3.14702 3.18583 3.27048 3.27935 3.29236 
1.23794 1.63879 1.87522 2.14327 2.53424 2.69043 2.71981 2.78767 2.80987 2.86045 2.91692 2.93169 2.9666 3.11499 3.13308 3.14702 3.18583 3.27048 3.27935 3.29236 
1.23794 1.63879 1.87522 2.14327 2.53424 2.69043 2.71981 2.78767 2.80987 2.86045 2.91692 2.93169 2.9666 3.11499 3.13308 3.14702 3.18583 3.27048 3.27935 3.29236 
1.23794 1.63879 1.87522 2.14327 2.53424 2.69043 2.71981 2.78767 2.80987 2.86045 2.91692 2.93169 2.9666 3.11499 3.13308 3.14702 3.18583 3.27048 3.27935 3.29236 
1.23794 1.63879 1.87522 2.14327 2.53424 2.69043 2.71981 2.78767 2.80987 2.86045 2.91692 2.93169 2.9666 3.11499 3.13308 3.14702 3.18583 3.27048 3.27935 3.29236 
1.23794 1.63879 1.87522 2.14327 2.53424 2.69043 2.71981 2.78767 2.80987 2.86045 2.91692 2.93169 2.9666 3.11499 3.13308 3.14702 3.18583 3.27048 3.27935 3.29236 
1.23794 1.63879 1.87522 2.14327 2.53424 2.69043 2.71981 2.78767 2.80987 2.86045 2.91692 2.93169 2.9666 3.11499 3.13308 3.14702 3.18583 3.27048 3.27935 3.29236 
1.23794 1.63879 1.87522 2.14327 2.53424 2.69043 2.71981 2.78767 2.80987 2.86045 2.91692 2.93169 2.9666 3.11499 3.13308 3.14702 3.18583 3.27048 3.27935 3.29236 
1.23794 1.63879 1.87522 2.14327 2.53424 2.69043 2.71981 2.78767 2.80987 2.86045 2.91692 2.93169 2.9666 3.11499 3.13308 3.14702 3.18583 3.27048 3.27935 3.29236 
1.23794 1.63879 1.87522 2.14327 2.53424 2.69043 2.71981 2.78767 2.80987 2.86045 2.91692 2.93169 2.9666 3.11499 3.13308 3.14702 3.18583 3.2481 3.27048 3.27935 
1.23794 1.63879 1.87522 2.14327 2.53424 2.69043 2.71981 2.78767 2.80987 2.86045 2.91692 2.93169 2.9666 3.11499 3.13308 3.14702 3.18583 3.2481 3.27048 3.27935 
1.23794 1.63879 1.87522 2.14327 2.53424 2.69043 2.71981 2.78767 2.80987 2.86045 2.91692 2.93169 2.9666 3.11499 3.13308 3.14702 3.18583 3.2481 3.27048 3.27935 
1.23794 1.63879 1.87522 2.14327 2.53424 2.69043 2.71981 2.78767 2.80987 2.86045 2.91692 2.93169 2.9666 3.11499 3.13308 3.14702 3.18583 3.2481 3.27048 3.27935 
1.23794 1.63879 1.87522 2.14327 2.53424 2.69043 2.71981 2.78767 2.80987 2.86045 2.91692 2.93169 2.9666 3.11499 3.13308 3.14702 3.18583 3.2481 3.27048 3.27935 
1.23794 1.63879 1.87522 2.14327 2.53424 2.69043 2.71981 2.78767 2.80987 2.86045 2.91692 2.93169 2.95701 2.9666 3.11499 3.13308 3.14702 3.18583 3.21415 3.2481 
1.23794 1.63879 1.87522 2.14327 2.53424 2.69043 2.71981 2.78767 2.80987 2.86045 2.91692 2.93169 2.95701 2.9666 3.11499 3.13308 3.14702 3.18583 3.21415 3.2481 
1.23794 1.63879 1.87522 2.14327 2.53424 2.69043 2.71981 2.78767 2.80987 2.86045 2.91692 2.93169 2.95701 2.9666 3.11499 3.13308 3.14702 3.18583 3.21415 3.2481 
1.23794 1.63879 1.87522 2.14327 2.26438 2.53424 2.69043 2.71981 2.78767 2.80987 2.86045 2.91692 2.93169 2.95701 2.9666 3.11499 3.13308 3.14702 3.18583 3.21415 
1.23794 1.63879 1.87522 2.14327 2.26438 2.53424 2.69043 2.71981 2.78767 2.80987 2.86045 2.91692 2.93169 2.95701 2.9666 3.11499 3.13308 3.14702 3.18583 3.21415 
1.23794 1.63879 1.87522 2.14327 2.26438 2.53424 2.69043 2.71981 2.78767 2.80987 2.86045 2.91692 2.93169 2.95701 2.9666 3.11499 3.13308 3.14702 3.18583 3.21415 
1.23794 1.63879 1.87522 2.14327 2.26438 2.53424 2.69043 2.71981 2.78767 2.80987 2.86045 2.91692 2.93169 2.95701 2.9666 3.00883 3.11499 3.13308 3.14702 3.18583 
1.23794 1.63879 1.87522 2.14327 2.26438 2.53424 2.69043 2.71981 2.78767 2.80987 2.86045 2.91692 2.93169 2.95701 2.9666 3.00883 3.11499 3.13308 3.14702 3.18583 
1.23794 1.63879 1.87522 2.14327 2.26438 2.49871 2.53424 2.56672 2.69043 2.71981 2.78767 2.80987 2.86045 2.91692 2.93169 2.95701 2.9666 3.00883 3.11499 3.13308 
1.23794 1.63879 1.87522 2.14327 2.26438 2.49871 2.53424 2.56672 2.69043 2.71981 2.78767 2.80987 2.86045 2.91692 2.93169 2.95701 2.9666 3.00883 3.11499 3.13308 
1.23794 1.63879 1.87522 2.14327 2.26438 2.49871 2.53424 2.56672 2.69043 2.71981 2.78767 2.80987 2.86045 2.91692 2.93169 2.95701 2.9666 3.00883 3.11499 3.13308 
1.23794 1.63879 1.87522 2.14327 2.26438 2.49871 2.53424 2.56672 2.69043 2.71981 2.78767 2.80987 2.86045 2.91692 2.93169 2.95701 2.9666 3.00883 3.00986 3.06615 
1.23794 1.63879 1.87522 2.14327 2.26438 2.49871 2.53424 2.56672 2.69043 2.71981 2.78767 2.80987 2.86045 2.91692 2.93169 2.95701 2.9666 3.00883 3.00986 3.06615 
1.23794 1.63879 1.87522 2.14327 2.26438 2.34242 2.49871 2.53424 2.56672 2.69043 2.71981 2.78767 2.80987 2.86045 2.91692 2.93169 2.95701 2.9666 3.00883 3.00986 
1.23794 1.63879 1.87522 2.14327 2.26438 2.34242 2.49871 2.53424 2.56672 2.69043 2.71981 2.78767 2.80987 2.86045 2.91692 2.93169 2.95701 2.9666 3.00883 3.00986 
1.23794 1.63879 1.87522 2.14327 2.26438 2.34242 2.49871 2.53424 2.56672 2.69043 2.71981 2.78767 2.80987 2.86045 2.91692 2.93169 2.95701 2.9666 3.00883 3.00986 
1.23794 1.63879 1.87522 2.14327 2.26438 2.34242 2.49871 2.53424 2.56672 2.69043 2.71981 2.78767 2.80987 2.86045 2.91692 2.93169 2.95701 2.9666 3.00883 3.00986 
1.23794 1.63879 1.87522 2.14327 2.26438 2.34242 2.49871 2.51692 2.52841 2.53424 2.56672 2.69043 2.71981 2.78767 2.80987 2.86045 2.91692 2.93169 2.95701 2.9666 
1.23794 1.63879 1.80839 1.87522 2.14327 2.26438 2.34242 2.49871 2.51692 2.52841 2.53424 2.56672 2.69043 2.71981 2.78767 2.80987 2.86045 2.91692 2.93169 2.95105 
1.23794 1.63879 1.80839 1.87522 2.14327 2.25737 2.26438 2.34242 2.44956 2.49871 2.51692 2.52841 2.53424 2.56672 2.69043 2.71981 2.78767 2.80987 2.86045 2.91692 
1.23794 1.63879 1.80839 1.87522 2.14327 2.25737 2.26438 2.34242 2.44956 2.49871 2.51692 2.52841 2.53424 2.56672 2.69043 2.71294 2.71981 2.78767 2.80987 2.86045 
1.23794 1.63879 1.80839 1.87522 1.88327 2.14327 2.25737 2.26438 2.34242 2.44956 2.49871 2.51692 2.52841 2.53424 2.56672 2.69043 2.71294 2.71981 2.78767 2.80987 
1.23794 1.63879 1.80839 1.87522 1.88327 2.14327 2.25737 2.26438 2.34242 2.44956 2.49871 2.51692 2.52841 2.53424 2.56672 2.69043 2.71294 2.71981 2.78767 2.80987 
1.23794 1.63879 1.80839 1.87522 1.88327 2.14327 2.25737 2.26438 2.34242 2.44956 2.49871 2.51692 2.52841 2.53424 2.56672 2.63588 2.69043 2.71294 2.71981 2.78767 
1.23794 1.63879 1.80839 1.87522 1.88327 2.14327 2.25737 2.26438 2.27629 2.34242 2.37633 2.44956 2.49871 2.51692 2.52841 2.53138 2.53424 2.56672 2.63588 2.69043 
1.23794 1.63879 1.80839 1.87522 1.88327 2.14327 2.18879 2.25737 2.26438 2.27629 2.34242 2.37633 2.44956 2.49871 2.51692 2.52841 2.53138 2.53424 2.56672 2.63588 
1.23794 1.62194 1.63879 1.80839 1.87522 1.88327 2.14327 2.18879 2.25737 2.26438 2.27629 2.34242 2.37633 2.44956 2.49871 2.51692 2.52841 2.53138 2.53424 2.56672 
1.23794 1.62194 1.63879 1.80839 1.87522 1.88327 1.97178 2.05037 2.14327 2.17207 2.18879 2.25737 2.26438 2.27629 2.34242 2.37633 2.44956 2.49871 2.51692 2.52841 
1.23794 1.62194 1.63879 1.80839 1.87522 1.88327 1.92832 1.97178 1.97193 2.01322 2.05037 2.14327 2.15205 2.17207 2.18879 2.2372 2.25737 2.26438 2.27629 2.34242 
1.23794 1.61506 1.62194 1.63879 1.80839 1.87522 1.88327 1.92832 1.97178 1.97193 2.01322 2.05037 2.14327 2.15205 2.17207 2.18879 2.2372 2.25737 2.26438 2.27629 
1.10284 1.23794 1.61506 1.62194 1.63879 1.80839 1.87522 1.88327 1.92832 1.97178 1.97193 2.01322 2.05037 2.14327 2.15205 2.17207 2.18879 2.2372 2.25737 2.26438 
1.10284 1.13991 1.23794 1.61506 1.62194 1.63879 1.68207 1.80839 1.87522 1.88327 1.92832 1.97178 1.97193 2.01322 2.05037 2.14327 2.15205 2.17207 2.18879 2.2372 
1.10284 1.13991 1.23794 1.61506 1.62194 1.63879 1.68207 1.80839 1.87522 1.88327 1.89165 1.92832 1.97178 1.97193 2.01322 2.05037 2.14327 2.15205 2.17207 2.18879 
1.10284 1.13991 1.23794 1.46839 1.61506 1.62194 1.63879 1.68207 1.80839 1.81684 1.87522 1.88327 1.89165 1.92832 1.97178 1.97193 2.01322 2.05037 2.14327 2.15205 
1.10284 1.13991 1.23794 1.4543 1.46839 1.61506 1.62194 1.63879 1.68207 1.80666 1.80839 1.81684 1.87522 1.88327 1.89165 1.92832 1.97178 1.97193 2.01322 2.05037 
1.10284 1.13991 1.23794 1.4543 1.46839 1.61084 1.61506 1.62194 1.63879 1.65712 1.68207 1.80666 1.80839 1.81684 1.87522 1.88327 1.89165 1.92832 1.97178 1.97193 
0.717024 1.10284 1.13991 1.23794 1.4543 1.46839 1.57845 1.61084 1.61506 1.62194 1.63879 1.65712 1.68207 1.80666 1.80839 1.81684 1.87522 1.88327 1.89165 1.92832 
0.589583 0.717024 1.10284 1.13991 1.23794 1.4543 1.46839 1.56443 1.57845 1.61084 1.61506 1.62194 1.63879 1.6533 1.65712 1.68207 1.78441 1.80666 1.80839 1.81684 
0.589583 0.717024 1.10284 1.13991 1.23794 1.4267 1.4543 1.4543 1.46819 1.46839 1.53745 1.56443 1.57845 1.61084 1.61506 1.62194 1.63879 1.6533 1.65712 1.68207 
0.589583 0.717024 1.10284 1.13991 1.23794 1.4267 1.4488 1.4543 1.4543 1.46819 1.46839 1.4717 1.53745 1.56443 1.57845 1.61084 1.61506 1.62194 1.63879 1.6533 
0.369147 0.589583 0.706277 0.717024 0.980955 1.10284 1.13991 1.23794 1.31406 1.4267 1.4488 1.4543 1.4543 1.46819 1.46839 1.4717 1.49468 1.53745 1.56443 1.57845 
0.369147 0.589583 0.690761 0.706277 0.717024 0.980955 1.10284 1.13991 1.23794 1.31406 1.42247 1.4267 1.4488 1.4543 1.4543 1.46819 1.46839 1.4717 1.49468 1.53745 
