3.39463 3.41828 4.13927 4.79757 5.55356 5.9599 6.34696 6.37255 7.30132 7.43628 7.68073 7.85714 8.00837 8.40467 8.60732 8.61713 8.62238 8.71336 8.86153 8.95768 
3.39463 3.41828 4.0227 4.13927 4.79757 5.55356 5.9599 6.34696 6.37255 7.16419 7.30132 7.43628 7.68073 7.85714 8.00578 8.00837 8.03452 8.1159 8.40467 8.60732 
2.81733 3.39463 3.41828 4.0227 4.13927 4.79757 5.55356 5.68125 5.9599 6.32357 6.34696 6.34774 6.37255 7.16419 7.30132 7.43628 7.54459 7.57411 7.62102 7.68073 
2.81733 3.39463 3.41828 4.0227 4.13927 4.52549 4.79757 5.48667 5.55356 5.68125 5.9599 6.32357 6.34696 6.34774 6.37255 6.80455 6.80662 7.14613 7.16419 7.30132 
2.64917 2.81733 3.39463 3.41828 4.0227 4.13927 4.52549 4.79757 5.00953 5.48667 5.55356 5.60644 5.65455 5.68125 5.95926 5.9599 6.01457 6.32357 6.34696 6.34774 
2.64917 2.81733 3.39463 3.41828 3.65995 3.88688 4.0227 4.13927 4.47702 4.52549 4.79757 5.00953 5.12436 5.48667 5.55356 5.60644 5.65455 5.68125 5.95926 5.9599 
2.64917 2.81733 3.11052 3.39463 3.41828 3.65995 3.85045 3.88688 4.0227 4.13927 4.47702 4.52549 4.79757 5.00953 5.12436 5.21583 5.48667 5.55356 5.60644 5.65455 
2.64917 2.81733 3.11052 3.39463 3.41828 3.587 3.65995 3.85045 3.88688 4.0227 4.13927 4.14741 4.47702 4.52549 4.79757 5.00953 5.12436 5.21583 5.27421 5.48667 
2.64917 2.81733 3.11052 3.39463 3.41828 3.587 3.65995 3.85045 3.88688 4.0227 4.13927 4.14741 4.47702 4.52549 4.77758 4.79757 5.00953 5.12436 5.21583 5.27421 
2.64917 2.81733 3.11052 3.39463 3.41828 3.587 3.65995 3.84387 3.85045 3.88688 4.0227 4.13927 4.14741 4.47702 4.52549 4.77758 4.79757 5.00953 5.0697 5.12436 
2.64917 2.81733 3.11052 3.39463 3.41828 3.587 3.6591 3.65995 3.73188 3.84387 3.85045 3.88688 4.0227 4.13927 4.14741 4.47469 4.47702 4.52549 4.77758 4.79757 
2.5789 2.64917 2.81733 3.11052 3.39463 3.41828 3.4823 3.587 3.6591 3.65995 3.73188 3.84387 3.85045 3.88688 4.0227 4.13927 4.14741 4.47469 4.47702 4.52549 
2.5789 2.64917 2.81733 3.11052 3.2199 3.39463 3.41828 3.4823 3.587 3.6591 3.65995 3.73188 3.84387 3.85045 3.88688 3.99839 4.0227 4.13927 4.14741 4.16591 
2.5789 2.64917 2.81733 3.11052 3.2199 3.39463 3.41828 3.4823 3.587 3.64434 3.6591 3.65995 3.73188 3.73493 3.84387 3.85045 3.88688 3.9087 3.99839 4.00216 
2.5789 2.64917 2.81733 2.98559 3.11052 3.2199 3.39463 3.41828 3.4823 3.587 3.64434 3.6591 3.65995 3.73188 3.73493 3.84387 3.85045 3.88688 3.9087 3.99839 
1.54413 2.5789 2.64917 2.81733 2.98559 3.11052 3.2199 3.39463 3.41828 3.4823 3.587 3.64434 3.6591 3.65995 3.73188 3.73493 3.84387 3.85045 3.88688 3.9087 
1.43728 1.54413 2.5789 2.64917 2.81733 2.98559 3.11052 3.2199 3.39463 3.41828 3.4823 3.587 3.63557 3.64434 3.6591 3.65995 3.73188 3.73493 3.83389 3.84387 
1.43728 1.54413 2.5789 2.64917 2.81733 2.98559 3.11052 3.2199 3.39463 3.41828 3.4823 3.587 3.63557 3.64434 3.6591 3.65995 3.70408 3.73188 3.73493 3.81534 
1.43728 1.54413 2.5789 2.64917 2.81733 2.98559 3.11052 3.2199 3.22191 3.39463 3.41828 3.4823 3.587 3.63557 3.64434 3.6591 3.65995 3.70408 3.73188 3.73493 
1.43728 1.54413 2.5789 2.64917 2.69525 2.81733 2.98559 3.11052 3.2199 3.22191 3.39463 3.41828 3.4823 3.587 3.63557 3.64434 3.6591 3.65995 3.70408 3.73188 
1.43728 1.54413 2.5789 2.64917 2.69525 2.81733 2.98559 3.11052 3.2199 3.22191 3.39463 3.41828 3.4823 3.587 3.63557 3.64434 3.6591 3.65995 3.70408 3.73188 
1.43728 1.54413 2.5789 2.64917 2.69525 2.81733 2.98559 3.11052 3.2199 3.22191 3.39463 3.41828 3.4823 3.587 3.63557 3.64434 3.6591 3.65995 3.70408 3.73188 
0.936875 1.28257 1.43728 1.54413 2.5789 2.64917 2.69525 2.81733 2.84453 2.98559 3.11052 3.2199 3.22191 3.39463 3.41828 3.4823 3.587 3.63557 3.64434 3.6591 
0.936875 1.28257 1.43728 1.54413 2.5789 2.64917 2.69525 2.81733 2.84453 2.98559 3.11052 3.20491 3.2199 3.22191 3.39463 3.41828 3.4823 3.587 3.63557 3.64434 
0.936875 1.28257 1.43728 1.54413 2.5789 2.64917 2.69525 2.81733 2.84453 2.98559 3.11052 3.20491 3.2199 3.22191 3.34883 3.39463 3.41828 3.44715 3.47884 3.4823 
0.936875 1.28257 1.43728 1.54413 2.5789 2.64917 2.69525 2.81733 2.84453 2.85755 2.98559 3.11052 3.20491 3.2199 3.22191 3.25434 3.34019 3.34883 3.39463 3.41828 
0.936875 1.28257 1.43728 1.54413 2.5789 2.64917 2.67229 2.69525 2.81733 2.84453 2.85755 2.882 2.98559 3.06055 3.07246 3.11052 3.20491 3.2199 3.22191 3.25434 
0.936875 1.28257 1.43728 1.54413 2.5789 2.64917 2.67229 2.69525 2.81733 2.84453 2.85755 2.882 2.98559 3.06055 3.07246 3.0726 3.11052 3.20491 3.2199 3.22191 
0.936875 1.28257 1.43728 1.54413 2.5789 2.64917 2.67229 2.69525 2.81733 2.84453 2.85755 2.882 2.98559 3.06055 3.07246 3.0726 3.11052 3.14134 3.20491 3.2199 
0.936875 1.28257 1.43728 1.54413 2.5789 2.64917 2.67229 2.69525 2.81733 2.84453 2.85755 2.882 2.98559 3.06055 3.07246 3.0726 3.11052 3.14134 3.20491 3.2199 
0.936875 1.28257 1.43728 1.54413 1.90214 2.5789 2.64917 2.67229 2.69525 2.81733 2.84453 2.85755 2.882 2.97572 2.98559 3.06055 3.07246 3.0726 3.11052 3.14134 
0.934743 0.936875 1.28257 1.43728 1.54413 1.90214 2.39184 2.5789 2.64917 2.67229 2.69525 2.81733 2.84453 2.85755 2.882 2.97572 2.98559 3.06055 3.07246 3.0726 
0.934743 0.936875 1.28257 1.43728 1.54413 1.66433 1.90214 2.21614 2.22177 2.39184 2.5789 2.64917 2.67229 2.69525 2.74321 2.81733 2.84453 2.85755 2.882 2.97572 
0.934743 0.936875 1.28257 1.43728 1.54413 1.66433 1.90214 2.21614 2.22177 2.39184 2.53565 2.5789 2.64917 2.67229 2.69525 2.74321 2.77263 2.81733 2.84453 2.85755 
0.934743 0.936875 1.28257 1.43728 1.54413 1.66433 1.82843 1.90214 1.90662 2.21614 2.22177 2.39184 2.53565 2.5789 2.64917 2.67229 2.69525 2.74321 2.77263 2.81733 
0.839065 0.934743 0.936875 1.24199 1.28257 1.43728 1.54413 1.66433 1.82843 1.90214 1.90662 1.99576 2.21614 2.22177 2.39184 2.53565 2.5789 2.62701 2.63646 2.64917 
0.839065 0.934743 0.936875 1.24199 1.28257 1.43728 1.50154 1.54413 1.66433 1.70716 1.82843 1.90214 1.90662 1.99576 2.21614 2.22177 2.39184 2.53565 2.5789 2.62701 
0.839065 0.934743 0.936875 1.24199 1.28257 1.43728 1.50154 1.54413 1.66433 1.70716 1.82843 1.90214 1.90662 1.99576 2.21614 2.22177 2.39184 2.53565 2.5789 2.62701 
0.839065 0.934743 0.936875 1.24199 1.28257 1.43728 1.50154 1.54413 1.66433 1.70716 1.82843 1.90214 1.90662 1.99576 2.21614 2.22177 2.39184 2.53565 2.5789 2.62701 
0.839065 0.859329 0.934743 0.936875 1.10407 1.24199 1.28257 1.43728 1.50154 1.54413 1.66433 1.70716 1.82843 1.90214 1.90662 1.99576 2.21614 2.22177 2.26578 2.35263 
0.839065 0.859329 0.934743 0.936875 1.10407 1.24199 1.28257 1.43728 1.50154 1.54413 1.56049 1.66433 1.70716 1.82843 1.90214 1.90662 1.99576 2.21614 2.22177 2.26578 
0.839065 0.859329 0.934743 0.936875 1.10407 1.24199 1.28257 1.43728 1.50154 1.54413 1.56049 1.66433 1.70716 1.82843 1.90214 1.90662 1.99576 2.21614 2.22177 2.26578 
0.839065 0.859329 0.934743 0.936875 1.10407 1.24199 1.28257 1.43728 1.50154 1.54413 1.56049 1.66433 1.70716 1.82843 1.90214 1.90662 1.99576 2.21614 2.22177 2.26578 
0.417167 0.538047 0.541429 0.839065 0.859329 0.934743 0.936875 1.10407 1.24199 1.28257 1.43728 1.50154 1.54413 1.56049 1.66433 1.70716 1.80486 1.82843 1.90214 1.90662 
0.417167 0.538047 0.541429 0.628506 0.839065 0.859329 0.934743 0.936875 1.10407 1.24199 1.28257 1.43728 1.50154 1.54413 1.56049 1.66433 1.70716 1.79979 1.80486 1.82843 
0.417167 0.538047 0.541429 0.628506 0.839065 0.859329 0.934743 0.936875 0.991093 1.10407 1.24199 1.28257 1.43728 1.50154 1.54413 1.56049 1.66433 1.70716 1.79979 1.80486 
0.417167 0.510825 0.538047 0.541429 0.628506 0.773313 0.839065 0.859329 0.934743 0.936875 0.991093 1.10407 1.24199 1.28257 1.43728 1.50154 1.54413 1.56049 1.66433 1.70716 
0.417167 0.510825 0.538047 0.541429 0.628506 0.773313 0.839065 0.859329 0.934743 0.936875 0.991093 1.10407 1.24199 1.28257 1.43728 1.50154 1.54413 1.56049 1.66433 1.70716 
0.417167 0.510825 0.538047 0.541429 0.628506 0.773313 0.839065 0.859329 0.934743 0.936875 0.991093 1.10407 1.24199 1.28257 1.43728 1.45642 1.50154 1.54413 1.56049 1.66433 
0.322622 0.417167 0.510825 0.538047 0.541429 0.628506 0.773313 0.839065 0.859329 0.934743 0.936875 0.991093 1.07487 1.10407 1.24199 1.28257 1.43728 1.45642 1.50154 1.54413 
0.322622 0.417167 0.510825 0.538047 0.541429 0.628506 0.773313 0.839065 0.859329 0.934743 0.936875 0.991093 1.07487 1.10407 1.24199 1.28257 1.31904 1.43728 1.45642 1.50154 
0.322622 0.417167 0.510825 0.538047 0.541429 0.628506 0.773313 0.839065 0.859329 0.934743 0.936875 0.991093 1.07487 1.10407 1.24199 1.28257 1.31904 1.43728 1.45642 1.48579 
0.322622 0.417167 0.510825 0.538047 0.541429 0.628506 0.773313 0.839065 0.859329 0.934743 0.936875 0.991093 1.07487 1.10407 1.24199 1.28257 1.31904 1.43728 1.45642 1.48579 
0.322622 0.417167 0.510825 0.538047 0.541429 0.628506 0.717694 0.773313 0.839065 0.859329 0.934743 0.936875 0.991093 1.07487 1.09637 1.10407 1.24199 1.28257 1.31904 1.43728 
0.322622 0.417167 0.510825 0.538047 0.541429 0.628506 0.717694 0.773313 0.839065 0.859329 0.934743 0.936875 0.984889 0.991093 1.07487 1.09637 1.10407 1.24199 1.28257 1.31904 
0.322622 0.417167 0.510825 0.538047 0.541429 0.628506 0.717694 0.773313 0.839065 0.859329 0.934743 0.936875 0.984889 0.991093 1.07487 1.09637 1.10407 1.24199 1.28257 1.31904 
0.322622 0.417167 0.510825 0.538047 0.541429 0.628506 0.717694 0.773313 0.839065 0.859329 0.934743 0.936875 0.984889 0.991093 1.07487 1.09637 1.10407 1.24199 1.28257 1.31904 
0.147243 0.254859 0.322622 0.417167 0.510825 0.538047 0.541429 0.628506 0.717694 0.773313 0.802355 0.839065 0.859329 0.934743 0.936875 0.984889 0.991093 1.07487 1.09637 1.10407 
0.147243 0.254859 0.322622 0.417167 0.510825 0.538047 0.541429 0.628506 0.717694 0.773313 0.802355 0.839065 0.859329 0.934743 0.936875 0.984889 0.991093 1.07487 1.09637 1.10407 
0.147243 0.254859 0.322622 0.417167 0.510825 0.538047 0.541429 0.628506 0.717694 0.720137 0.773313 0.802355 0.839065 0.859329 0.934743 0.936875 0.984889 0.991093 1.07487 1.09637 
0.147243 0.254859 0.322622 0.417167 0.510825 0.538047 0.541429 0.628506 0.717694 0.720137 0.773313 0.802355 0.839065 0.859329 0.934743 0.936875 0.984889 0.991093 1.07487 1.09637 
0.147243 0.254859 0.322622 0.374613 0.417167 0.510825 0.538047 0.541429 0.628506 0.717694 0.720137 0.773313 0.802355 0.839065 0.859329 0.934743 0.936875 0.984889 0.991093 1.07487 
0.147243 0.254859 0.322622 0.374613 0.417167 0.510825 0.538047 0.541429 0.628506 0.717694 0.720137 0.773313 0.802355 0.839065 0.859329 0.934743 0.936875 0.984889 0.991093 1.07487 
0.147243 0.254859 0.322622 0.374613 0.417167 0.510825 0.538047 0.541429 0.628506 0.717694 0.720137 0.773313 0.802355 0.839065 0.859329 0.934743 0.936875 0.984889 0.991093 1.07487 
0.147243 0.254859 0.322622 0.374613 0.417167 0.510825 0.538047 0.541429 0.628506 0.717694 0.720137 0.773313 0.802355 0.839065 0.859329 0.934743 0.936875 0.984889 0.991093 1.07487 
0.147243 0.254859 0.322622 0.374613 0.417167 0.510825 0.538047 0.541429 0.628506 0.717694 0.720137 0.773313 0.802355 0.839065 0.859329 0.934743 0.936875 0.984889 0.991093 1.07487 
0.147243 0.254859 0.322622 0.374613 0.417167 0.510825 0.538047 0.541429 0.55561 0.628506 0.717694 0.720137 0.773313 0.802355 0.839065 0.859329 0.934743 0.936875 0.984889 0.991093 
0.147243 0.254859 0.322622 0.374613 0.417167 0.510825 0.538047 0.541429 0.55561 0.628506 0.717694 0.720137 0.773313 0.802355 0.839065 0.859329 0.89723 0.934743 0.936875 0.984889 
0.147243 0.254859 0.322622 0.374613 0.417167 0.510825 0.538047 0.541429 0.55561 0.628506 0.717694 0.720137 0.773313 0.802355 0.839065 0.859329 0.89723 0.934743 0.936875 0.984889 
0.147243 0.254859 0.322622 0.374613 0.417167 0.510825 0.538047 0.541429 0.55561 0.628506 0.717694 0.720137 0.773313 0.802355 0.839065 0.859329 0.89723 0.934743 0.936875 0.984889 
0.147243 0.254859 0.322622 0.374613 0.414958 0.417167 0.510825 0.538047 0.541429 0.55561 0.628506 0.717694 0.720137 0.773313 0.802355 0.839065 0.859329 0.89723 0.934743 0.936875 
0.147243 0.254859 0.322622 0.374613 0.414958 0.417167 0.510825 0.538047 0.541429 0.55561 0.628506 0.717694 0.720137 0.773313 0.802355 0.839065 0.859329 0.89723 0.934743 0.936875 
0.147243 0.254859 0.322622 0.374613 0.414958 0.417167 0.510825 0.538047 0.541429 0.55561 0.628506 0.717694 0.720137 0.773313 0.802355 0.839065 0.859329 0.89723 0.934743 0.936875 
0.147243 0.254859 0.322622 0.374613 0.414958 0.417167 0.445661 0.510825 0.538047 0.541429 0.55561 0.628506 0.717694 0.720137 0.773313 0.802355 0.839065 0.859329 0.89723 0.934743 
0.147243 0.254859 0.322622 0.364698 0.374613 0.414958 0.417167 0.445661 0.510825 0.538047 0.541429 0.55561 0.628506 0.717694 0.720137 0.773313 0.802355 0.839065 0.859329 0.89723 
0.147243 0.254859 0.322622 0.364698 0.374613 0.414958 0.417167 0.445661 0.510825 0.538047 0.541429 0.55561 0.628506 0.717694 0.720137 0.725935 0.773313 0.802355 0.839065 0.859329 
0.147243 0.254859 0.322622 0.364698 0.367516 0.374613 0.414958 0.417167 0.445661 0.510825 0.538047 0.541429 0.55561 0.628506 0.717694 0.720137 0.725935 0.773313 0.802355 0.839065 
0.147243 0.254859 0.322622 0.364698 0.367516 0.374613 0.413687 0.414958 0.417167 0.445661 0.510825 0.538047 0.541429 0.55561 0.628506 0.717694 0.720137 0.725935 0.773313 0.802355 
0.147243 0.254859 0.322622 0.364698 0.367516 0.374613 0.413687 0.414958 0.417167 0.445661 0.510825 0.538047 0.541429 0.55561 0.628506 0.717694 0.720137 0.725935 0.773313 0.802355 
0.147243 0.254859 0.322622 0.364698 0.367516 0.374613 0.413687 0.414958 0.417167 0.445661 0.510825 0.538047 0.541429 0.55561 0.628506 0.717694 0.720137 0.725935 0.773313 0.802355 
0.0615992 0.147243 0.254859 0.322622 0.364698 0.367516 0.374613 0.413687 0.414958 0.417167 0.445661 0.510825 0.538047 0.541429 0.55561 0.628506 0.643012 0.717694 0.720137 0.725935 
0.0615992 0.137863 0.147243 0.254859 0.322622 0.364698 0.367516 0.374613 0.413687 0.414958 0.417167 0.445661 0.510825 0.538047 0.541429 0.55561 0.628506 0.643012 0.717694 0.720137 
0.0615992 0.137863 0.147243 0.254859 0.322622 0.364698 0.367516 0.374613 0.413687 0.414958 0.417167 0.445661 0.510825 0.538047 0.541429 0.55561 0.628506 0.643012 0.717694 0.720137 
0.0615992 0.137863 0.147243 0.254859 0.322622 0.364698 0.367516 0.374613 0.413687 0.414958 0.417167 0.445661 0.510825 0.526569 0.538047 0.541429 0.55561 0.628506 0.643012 0.717694 
0.0615992 0.137863 0.147243 0.254859 0.322622 0.364698 0.367516 0.374613 0.413687 0.414958 0.417167 0.445661 0.510825 0.526569 0.538047 0.541429 0.542674 0.55561 0.57779 0.628506 
0.0615992 0.137863 0.147243 0.254859 0.322622 0.364698 0.367516 0.374613 0.413687 0.414958 0.417167 0.445661 0.510825 0.526569 0.538047 0.541429 0.542674 0.55561 0.57779 0.628506 
0.0615992 0.137863 0.147243 0.254859 0.266872 0.322622 0.364698 0.367516 0.374613 0.413687 0.414958 0.417167 0.445661 0.510825 0.526569 0.538047 0.541429 0.542674 0.55561 0.57779 
0.0615992 0.137863 0.147243 0.254859 0.258823 0.266872 0.322622 0.355582 0.364698 0.367516 0.374613 0.413687 0.414958 0.417167 0.445661 0.510825 0.526569 0.537088 0.538047 0.541429 
0.0615992 0.137863 0.147243 0.167232 0.254859 0.258823 0.266872 0.322622 0.355582 0.364698 0.367516 0.374613 0.413687 0.414958 0.417167 0.445661 0.501729 0.510825 0.526569 0.537088 
0.0615992 0.102501 0.137863 0.147243 0.167232 0.254859 0.258823 0.266872 0.322622 0.355582 0.364698 0.367516 0.374613 0.413687 0.414958 0.417167 0.445661 0.501729 0.510825 0.526569 
0.0615992 0.102501 0.137863 0.147243 0.167232 0.254859 0.258823 0.266872 0.322622 0.355582 0.364698 0.367516 0.374613 0.413687 0.414958 0.417167 0.445661 0.501729 0.510825 0.526569 
0.0615992 0.102501 0.137863 0.147243 0.167232 0.254859 0.258823 0.266872 0.322622 0.355582 0.364698 0.367516 0.374613 0.413687 0.414958 0.417167 0.445661 0.501729 0.510825 0.526569 
0.0615992 0.102501 0.137863 0.147243 0.167232 0.254859 0.258823 0.266872 0.322622 0.355582 0.364698 0.367516 0.374613 0.413687 0.414958 0.417167 0.445661 0.501729 0.510825 0.526569 
0.0615992 0.102501 0.137863 0.147243 0.167232 0.254859 0.258823 0.266872 0.322622 0.355582 0.363168 0.364698 0.367516 0.374613 0.413687 0.414958 0.417167 0.445661 0.501729 0.510825 
0.0515803 0.0615992 0.102501 0.103284 0.137863 0.147243 0.167232 0.254859 0.258823 0.266872 0.322622 0.355582 0.363168 0.364698 0.367516 0.374613 0.407825 0.413687 0.414958 0.417167 
0.0515803 0.0615992 0.102501 0.103284 0.137863 0.147243 0.167232 0.212271 0.254859 0.258823 0.266872 0.322622 0.355582 0.363168 0.364698 0.367516 0.374613 0.407825 0.413687 0.414958 
0.0515803 0.0615992 0.102501 0.103284 0.137863 0.147243 0.167232 0.212271 0.254859 0.258823 0.266872 0.303239 0.322622 0.355582 0.363168 0.364698 0.367516 0.374613 0.407825 0.413687 
0.0515803 0.0615992 0.102501 0.103284 0.137863 0.147243 0.155175 0.167232 0.212271 0.254859 0.258823 0.266872 0.303239 0.322622 0.355582 0.363168 0.364698 0.367516 0.374613 0.407825 
0.0515803 0.0615992 0.102501 0.103284 0.137863 0.147243 0.155175 0.167232 0.212271 0.254859 0.258823 0.266872 0.303239 0.319975 0.322622 0.355582 0.363168 0.364698 0.367516 0.372559 
0.0515803 0.0615992 0.102501 0.103284 0.137863 0.147243 0.155175 0.167232 0.212271 0.254859 0.258823 0.266872 0.303239 0.319975 0.322622 0.355582 0.363168 0.364698 0.367516 0.372559 
