3.2252 3.59089 4.61565 5.2039 5.59612 5.78599 6.40475 6.9448 6.97074 7.27022 7.51657 7.61815 7.64208 7.98986 8.08354 8.38156 8.9687 9.25815 9.3675 9.73166 
3.2252 3.59089 3.98149 4.57798 4.61565 5.2039 5.59612 5.78599 6.12668 6.319 6.40475 6.9448 6.97074 7.27022 7.51657 7.55664 7.61815 7.64208 7.65864 7.98986 
3.2252 3.59089 3.98149 4.57798 4.61565 5.2039 5.59612 5.78599 6.12668 6.319 6.40475 6.9448 6.97074 7.27022 7.51657 7.55664 7.61815 7.64208 7.65864 7.87041 
3.2252 3.59089 3.98149 4.57798 4.61565 5.2039 5.59612 5.78599 6.12668 6.319 6.40475 6.9448 6.97074 7.27022 7.51657 7.55664 7.61815 7.64208 7.65864 7.87041 
3.2252 3.59089 3.98149 4.57798 4.61565 5.2039 5.59612 5.78599 6.12668 6.319 6.40475 6.9448 6.97074 7.27022 7.51657 7.55664 7.61815 7.64208 7.65864 7.7133 
0.846648 3.2252 3.59089 3.98149 4.57798 4.61565 5.2039 5.59612 5.78599 6.12668 6.319 6.40475 6.9448 6.97074 7.24739 7.27022 7.51657 7.55664 7.61815 7.64208 
0.846648 3.2252 3.59089 3.98149 4.57798 4.61565 5.2039 5.59612 5.78599 6.12668 6.319 6.40475 6.9448 6.97074 7.24739 7.27022 7.51657 7.55664 7.61815 7.64208 
0.846648 2.70256 3.2252 3.59089 3.98149 4.57798 4.61565 5.2039 5.59612 5.78599 6.12668 6.319 6.40475 6.9448 6.97074 7.24739 7.27022 7.51657 7.55664 7.61815 
0.846648 2.70256 3.2252 3.59089 3.98149 4.57798 4.61565 5.2039 5.59612 5.78599 5.90815 6.12668 6.319 6.40475 6.9448 6.97074 7.24739 7.27022 7.51657 7.55664 
0.846648 2.70256 3.2252 3.59089 3.98149 4.57798 4.61565 5.2039 5.48635 5.56032 5.59612 5.78599 5.90815 6.12668 6.319 6.40475 6.9448 6.97074 7.24739 7.27022 
0.846648 2.70256 3.2252 3.59089 3.98149 4.57798 4.61565 5.2039 5.48635 5.56032 5.59612 5.78599 5.90815 6.12668 6.27239 6.319 6.40475 6.9448 6.97074 7.24739 
0.846648 2.70256 3.2252 3.59089 3.98149 4.57798 4.61565 5.2039 5.48635 5.56032 5.59612 5.78599 5.90815 6.12668 6.21235 6.27239 6.319 6.40475 6.9448 6.97074 
0.846648 2.70256 3.2252 3.59089 3.98149 4.57798 4.61565 5.2039 5.48635 5.56032 5.59612 5.78599 5.90815 6.12668 6.21235 6.27239 6.28232 6.319 6.40475 6.86954 
0.846648 2.70256 3.2252 3.59089 3.98149 4.57798 4.61565 5.2039 5.48635 5.56032 5.59612 5.78599 5.90815 6.12668 6.21235 6.27239 6.28232 6.319 6.40475 6.45771 
0.846648 2.70256 3.2252 3.59089 3.98149 4.57798 4.61565 5.2039 5.48635 5.56032 5.59612 5.78599 5.90815 6.12668 6.21235 6.27239 6.28232 6.319 6.40475 6.45771 
0.846648 2.70256 3.2252 3.59089 3.98149 4.48706 4.57798 4.61565 5.2039 5.48635 5.56032 5.59612 5.78599 5.90815 6.12668 6.21235 6.27239 6.28232 6.319 6.40475 
0.846648 1.55021 2.70256 3.2252 3.59089 3.98149 4.48706 4.57798 4.61565 5.2039 5.48635 5.56032 5.59612 5.78599 5.90815 6.12668 6.21235 6.27239 6.28232 6.319 
0.846648 1.55021 2.70256 3.2252 3.34933 3.59089 3.98149 4.48706 4.57798 4.61565 5.2039 5.48635 5.56032 5.59612 5.78599 5.90815 6.12668 6.21235 6.27239 6.28232 
0.846648 1.55021 2.70256 3.2252 3.34933 3.59089 3.98149 4.12667 4.48706 4.57798 4.61565 5.2039 5.48635 5.56032 5.59612 5.78599 5.90815 6.12668 6.21235 6.27239 
0.846648 1.55021 2.70256 3.2252 3.34933 3.59089 3.98149 4.12667 4.48706 4.57798 4.61565 5.2039 5.48635 5.56032 5.59612 5.64199 5.78599 5.90815 6.12668 6.21235 
0.846648 1.55021 2.70256 3.2252 3.34933 3.59089 3.98149 4.12667 4.48706 4.57798 4.61565 5.2039 5.48635 5.56032 5.59612 5.64199 5.76035 5.78599 5.90815 6.10111 
0.846648 1.55021 2.70256 3.2252 3.34933 3.59089 3.98149 4.12667 4.48706 4.57798 4.61565 5.2039 5.48635 5.56032 5.59612 5.64199 5.76035 5.78599 5.90815 6.10111 
0.846648 1.55021 1.84107 2.70256 3.2252 3.34933 3.59089 3.98149 4.02528 4.12667 4.48706 4.57798 4.61565 5.2039 5.48635 5.56032 5.59612 5.64199 5.76035 5.78599 
0.846648 1.55021 1.84107 2.15271 2.70256 3.2252 3.34933 3.59089 3.98149 4.02528 4.12667 4.48706 4.57798 4.61565 4.88898 5.2039 5.48635 5.56032 5.59612 5.64199 
0.846648 1.55021 1.84107 2.15271 2.57019 2.70256 3.2252 3.34933 3.59089 3.98149 4.02528 4.12667 4.48706 4.57798 4.61565 4.88898 5.2039 5.48635 5.56032 5.59612 
0.846648 1.55021 1.84107 2.15271 2.57019 2.70256 3.2252 3.34933 3.59089 3.98149 4.02528 4.12667 4.30265 4.48706 4.54516 4.57798 4.61565 4.88898 4.96127 5.2039 
0.846648 1.55021 1.84107 2.15271 2.57019 2.70256 3.2252 3.34933 3.59089 3.98149 4.02528 4.12667 4.30265 4.48706 4.54516 4.57798 4.61565 4.88898 4.96127 5.03737 
0.846648 1.55021 1.84107 2.15271 2.57019 2.70256 3.2252 3.34933 3.59089 3.98149 4.02528 4.02666 4.12667 4.30265 4.48706 4.54516 4.57798 4.61565 4.88898 4.96127 
0.846648 1.55021 1.84107 2.15271 2.57019 2.70256 2.76368 3.2252 3.34933 3.59089 3.98149 4.02528 4.02666 4.12667 4.30265 4.48706 4.54516 4.57798 4.61565 4.88898 
0.846648 1.55021 1.84107 2.15271 2.57019 2.70256 2.76368 3.2252 3.34933 3.59089 3.98149 4.02528 4.02666 4.12667 4.30265 4.48706 4.54516 4.57798 4.61565 4.88898 
0.846648 1.55021 1.84107 2.15271 2.57019 2.70256 2.76368 3.2252 3.34933 3.59089 3.93719 3.98149 4.02528 4.02666 4.12667 4.30265 4.48706 4.54516 4.57798 4.61565 
0.846648 1.55021 1.84107 2.15271 2.57019 2.70256 2.76368 2.93278 3.2252 3.34933 3.59089 3.73168 3.93719 3.98149 4.02528 4.02666 4.12667 4.24458 4.30265 4.38431 
0.846648 1.55021 1.84107 2.15271 2.57019 2.70256 2.76368 2.93278 3.2252 3.34933 3.59089 3.67 3.73168 3.93719 3.98149 4.02528 4.02666 4.12667 4.24458 4.30265 
0.846648 1.55021 1.84107 2.15271 2.57019 2.70256 2.76368 2.93278 3.2252 3.34933 3.59089 3.67 3.73168 3.93719 3.98149 4.02528 4.02666 4.12667 4.24458 4.30265 
0.846648 1.55021 1.84107 2.15271 2.57019 2.70256 2.76368 2.93278 2.9528 3.2118 3.2252 3.34933 3.59089 3.67 3.73168 3.93719 3.98149 4.02528 4.02666 4.04858 
0.846648 1.55021 1.84107 2.15271 2.57019 2.70256 2.76368 2.84541 2.93278 2.9528 3.09866 3.2118 3.2252 3.34933 3.59089 3.67 3.73168 3.93719 3.98149 4.02528 
0.846648 1.55021 1.84107 2.15271 2.57019 2.70256 2.75834 2.76368 2.84541 2.93278 2.9528 3.09866 3.2118 3.2252 3.34933 3.59089 3.67 3.73168 3.93719 3.98149 
0.846648 1.55021 1.84107 2.15271 2.57019 2.70256 2.75834 2.76368 2.84541 2.93278 2.9528 3.09866 3.2118 3.2252 3.34933 3.59089 3.67 3.73168 3.93719 3.98149 
0.846648 1.55021 1.84107 2.15271 2.57019 2.70256 2.75834 2.76368 2.84541 2.93278 2.9528 3.09866 3.2118 3.2252 3.34933 3.59089 3.67 3.73168 3.93719 3.98149 
0.846648 1.55021 1.84107 2.15271 2.57019 2.70256 2.75834 2.76368 2.84541 2.93278 2.9528 3.09866 3.2118 3.2252 3.25614 3.34933 3.59089 3.67 3.73168 3.93719 
0.846648 1.55021 1.84107 2.15271 2.57019 2.70256 2.75834 2.76368 2.84541 2.93278 2.9528 3.09866 3.2118 3.2252 3.25614 3.34933 3.59089 3.67 3.73168 3.93719 
0.846648 1.55021 1.84107 2.15271 2.57019 2.70256 2.75834 2.76368 2.84541 2.93278 2.9528 3.09866 3.2118 3.2252 3.25614 3.34933 3.59089 3.67 3.73168 3.81764 
0.846648 1.55021 1.84107 2.15271 2.57019 2.70256 2.75834 2.76368 2.84541 2.93278 2.9528 3.09866 3.2118 3.2252 3.25614 3.26699 3.34933 3.59089 3.62147 3.67 
0.846648 1.55021 1.84107 2.15271 2.57019 2.69596 2.70256 2.75834 2.76368 2.84541 2.93278 2.9528 3.09866 3.2118 3.2252 3.25614 3.26699 3.34933 3.59089 3.62147 
0.846648 1.55021 1.84107 2.15271 2.57019 2.69596 2.70256 2.75834 2.76368 2.84541 2.93278 2.9528 3.09866 3.2118 3.2252 3.25614 3.26699 3.34933 3.59089 3.62147 
0.846648 1.55021 1.84107 2.15271 2.57019 2.69596 2.70256 2.75834 2.76368 2.84541 2.93278 2.9528 3.09866 3.2118 3.2252 3.25614 3.26699 3.34933 3.59089 3.62147 
0.846648 1.55021 1.84107 2.15271 2.57019 2.69596 2.70256 2.75834 2.76368 2.84541 2.93278 2.9528 3.09866 3.2118 3.2252 3.25614 3.26699 3.34933 3.59089 3.62147 
0.846648 1.55021 1.84107 2.15271 2.57019 2.69596 2.70256 2.75834 2.76368 2.84541 2.89126 2.93278 2.9528 3.09866 3.17584 3.2118 3.2252 3.25614 3.26699 3.34933 
0.846648 1.55021 1.84107 2.15271 2.57019 2.69596 2.70256 2.75834 2.76368 2.84541 2.89126 2.93278 2.9528 3.09866 3.17584 3.2118 3.2252 3.25614 3.26699 3.34933 
0.846648 1.55021 1.84107 2.15271 2.57019 2.69596 2.70256 2.75834 2.76368 2.84541 2.89126 2.93278 2.9528 3.09866 3.17584 3.2118 3.2252 3.25614 3.26699 3.34933 
0.846648 1.55021 1.84107 2.15271 2.57019 2.69596 2.70256 2.75834 2.76368 2.84541 2.89126 2.93278 2.9528 3.09866 3.17584 3.2118 3.2252 3.25614 3.26699 3.34933 
0.846648 1.55021 1.84107 2.15271 2.57019 2.69596 2.70256 2.75834 2.76368 2.84541 2.89126 2.93278 2.9528 3.09866 3.17584 3.2118 3.2252 3.25614 3.26699 3.34933 
0.846648 1.55021 1.84107 2.15271 2.57019 2.69596 2.70256 2.75834 2.76368 2.84541 2.89126 2.93278 2.9528 3.09866 3.17584 3.2118 3.2252 3.25614 3.26699 3.34933 
0.846648 1.55021 1.84107 2.15271 2.57019 2.69596 2.70256 2.75834 2.76368 2.84541 2.89126 2.93278 2.9528 3.09866 3.17584 3.2118 3.2252 3.25614 3.26699 3.34933 
0.846648 1.55021 1.84107 2.15271 2.57019 2.69596 2.70256 2.75834 2.76368 2.84541 2.89126 2.93278 2.9528 3.09866 3.17584 3.2118 3.2252 3.25614 3.26699 3.34933 
0.846648 1.55021 1.84107 2.15271 2.57019 2.69596 2.70256 2.75834 2.76368 2.84541 2.89126 2.93278 2.9528 3.09866 3.11216 3.17584 3.2118 3.2252 3.25614 3.26699 
0.846648 1.55021 1.84107 2.15271 2.57019 2.69596 2.70256 2.75834 2.76368 2.84541 2.89126 2.91352 2.93278 2.9528 3.09866 3.11216 3.17584 3.2118 3.2252 3.25614 
0.846648 1.55021 1.84107 2.15271 2.57019 2.69596 2.70256 2.75834 2.76368 2.84541 2.89126 2.91352 2.93278 2.9528 3.09866 3.11216 3.17584 3.2118 3.2252 3.25614 
0.846648 1.55021 1.84107 2.15271 2.57019 2.69596 2.70256 2.75834 2.76368 2.84541 2.89126 2.91352 2.93278 2.9528 3.09866 3.11216 3.17584 3.2118 3.2252 3.25614 
0.846648 1.55021 1.84107 2.15271 2.57019 2.69596 2.70256 2.75834 2.76368 2.84541 2.89126 2.91352 2.93278 2.94431 2.9528 3.09866 3.11216 3.17584 3.2118 3.2252 
0.846648 1.55021 1.84107 2.15271 2.57019 2.69596 2.70256 2.75834 2.76368 2.84541 2.89126 2.91352 2.93278 2.94431 2.9528 3.09866 3.11216 3.17584 3.2118 3.2252 
0.846648 1.55021 1.84107 2.15271 2.57019 2.69596 2.70256 2.75834 2.76368 2.84541 2.89126 2.91352 2.93278 2.94431 2.9528 3.09866 3.11216 3.17584 3.2118 3.2252 
0.846648 1.55021 1.84107 2.15271 2.57019 2.69596 2.70256 2.75834 2.76368 2.84541 2.89126 2.91352 2.93278 2.94431 2.9528 3.09866 3.10974 3.11216 3.17584 3.2118 
0.846648 1.55021 1.84107 2.15271 2.57019 2.69596 2.70256 2.75834 2.76368 2.84541 2.89126 2.91352 2.93278 2.94431 2.9528 3.09866 3.10974 3.11216 3.17584 3.2118 
0.846648 1.55021 1.84107 2.15271 2.57019 2.69596 2.70256 2.75834 2.76368 2.84541 2.89126 2.91352 2.93278 2.94431 2.9528 3.09866 3.10974 3.11216 3.17584 3.1922 
0.846648 1.55021 1.84107 2.15271 2.57019 2.69596 2.70256 2.75834 2.76368 2.84541 2.89126 2.91352 2.93278 2.94431 2.9528 3.09866 3.10974 3.11216 3.17584 3.1922 
0.846648 1.55021 1.84107 2.15271 2.57019 2.69596 2.69809 2.70256 2.75834 2.76368 2.84541 2.89126 2.91352 2.93278 2.94431 2.9528 3.09866 3.10974 3.11216 3.17584 
0.846648 1.55021 1.84107 2.00747 2.15271 2.54522 2.57019 2.69596 2.69809 2.70256 2.75834 2.76368 2.84541 2.89126 2.91352 2.93278 2.94431 2.9528 3.09866 3.10974 
0.846648 1.55021 1.84107 2.00747 2.15271 2.54522 2.57019 2.69596 2.69809 2.70256 2.75834 2.76368 2.84541 2.89126 2.91352 2.93278 2.94431 2.9528 3.09866 3.10974 
0.846648 1.42386 1.55021 1.84107 2.00747 2.15271 2.54522 2.57019 2.65134 2.69596 2.69809 2.70256 2.75834 2.76368 2.84541 2.89126 2.91352 2.93278 2.94431 2.9528 
0.846648 1.42386 1.55021 1.84107 2.00747 2.15271 2.54522 2.57019 2.65134 2.69596 2.69809 2.70256 2.75834 2.76368 2.84541 2.89126 2.91352 2.93278 2.94431 2.9528 
0.846648 1.42386 1.55021 1.84107 2.00747 2.15271 2.54522 2.57019 2.65134 2.69596 2.69809 2.70256 2.7178 2.75834 2.76368 2.84541 2.89126 2.91352 2.93278 2.94431 
0.846648 1.42386 1.55021 1.84107 2.00747 2.15271 2.54522 2.57019 2.65134 2.69596 2.69809 2.70256 2.7178 2.75834 2.76368 2.7796 2.84541 2.89126 2.91352 2.93278 
0.846648 1.42386 1.55021 1.84107 2.00747 2.15271 2.41562 2.54522 2.57019 2.65134 2.69596 2.69809 2.70256 2.7178 2.75834 2.76368 2.7796 2.84541 2.89126 2.91352 
0.846648 1.42386 1.55021 1.84107 2.00747 2.15271 2.41562 2.54522 2.57019 2.65134 2.69596 2.69809 2.70256 2.7178 2.75834 2.76368 2.7796 2.84541 2.89126 2.91352 
0.846648 1.42386 1.55021 1.84107 2.00747 2.15271 2.41562 2.54522 2.57019 2.65134 2.69596 2.69809 2.70256 2.7178 2.75834 2.76368 2.7796 2.84541 2.89126 2.91352 
0.846648 1.42386 1.55021 1.84107 2.00747 2.15271 2.41562 2.54522 2.57019 2.65134 2.69596 2.69809 2.70256 2.7178 2.75834 2.76368 2.7796 2.84541 2.89126 2.91352 
0.846648 1.42386 1.49757 1.55021 1.84107 2.00747 2.15271 2.41562 2.54522 2.57019 2.65134 2.69596 2.69809 2.70256 2.7178 2.75834 2.76368 2.7796 2.84541 2.89126 
0.846648 1.42386 1.4451 1.49757 1.55021 1.84107 2.00747 2.10233 2.15271 2.29657 2.41562 2.54522 2.54708 2.57019 2.65134 2.69596 2.69809 2.70256 2.7178 2.75834 
0.846648 1.42386 1.4451 1.49757 1.55021 1.84107 2.00747 2.10233 2.15271 2.29657 2.41562 2.54522 2.54708 2.57019 2.65134 2.69596 2.69809 2.70256 2.7178 2.75834 
0.846648 1.42386 1.4451 1.49757 1.55021 1.62948 1.84107 2.00747 2.0974 2.10233 2.15271 2.29657 2.41562 2.54522 2.54708 2.57019 2.65134 2.69596 2.69809 2.70256 
0.846648 1.12864 1.42386 1.4451 1.49757 1.55021 1.62948 1.71131 1.84107 2.00747 2.0974 2.10233 2.15271 2.25196 2.29657 2.41562 2.54522 2.54708 2.57019 2.65134 
0.846648 1.12864 1.2683 1.42386 1.4451 1.49757 1.55021 1.62948 1.71131 1.84107 2.00747 2.0974 2.10233 2.15271 2.25196 2.29657 2.35444 2.41562 2.54522 2.54708 
0.846648 1.12864 1.2683 1.38302 1.42386 1.4451 1.49757 1.55021 1.57598 1.62948 1.71131 1.84107 2.00747 2.0974 2.10233 2.15271 2.25196 2.29657 2.35444 2.41562 
0.846648 1.12864 1.2489 1.2683 1.38302 1.42386 1.4451 1.49757 1.55021 1.57598 1.62948 1.68153 1.71131 1.84107 2.00747 2.0974 2.10233 2.15271 2.25196 2.29657 
0.846648 1.12864 1.2489 1.2683 1.38302 1.42386 1.4451 1.49757 1.55021 1.57598 1.62948 1.68153 1.71131 1.84107 1.9771 2.00747 2.0974 2.10233 2.14751 2.15271 
0.846648 1.12864 1.2489 1.2683 1.38302 1.42386 1.4451 1.49757 1.55021 1.57598 1.62948 1.68153 1.71131 1.84107 1.89177 1.9771 2.00747 2.0974 2.10233 2.14751 
0.737758 0.846648 1.12864 1.2489 1.2683 1.38302 1.42386 1.4451 1.49757 1.55021 1.57598 1.62948 1.68153 1.70724 1.71131 1.76752 1.84107 1.89177 1.9771 1.98624 
0.737758 0.846648 0.949175 1.12864 1.15542 1.2489 1.2683 1.38302 1.42386 1.4451 1.49757 1.55021 1.57598 1.62948 1.68153 1.70724 1.71131 1.76752 1.84107 1.88147 
0.737758 0.846648 0.949175 1.12864 1.15542 1.2489 1.2683 1.38302 1.42386 1.4451 1.49757 1.55021 1.56249 1.57598 1.62948 1.68153 1.70724 1.71131 1.76752 1.83917 
0.737758 0.846648 0.949175 1.12864 1.15542 1.2489 1.2683 1.38302 1.42386 1.4451 1.49757 1.55021 1.56249 1.57598 1.62948 1.67679 1.68153 1.70724 1.71131 1.76752 
0.507138 0.5505 0.737758 0.846648 0.949175 1.12864 1.15542 1.2489 1.2683 1.38302 1.42386 1.4451 1.49757 1.55021 1.56249 1.57598 1.62948 1.67679 1.68153 1.70724 
0.507138 0.5505 0.737758 0.846648 0.949175 1.12864 1.15542 1.2489 1.2683 1.38302 1.42386 1.4451 1.49757 1.55021 1.56249 1.57598 1.62948 1.67679 1.68153 1.70724 
0.507138 0.5505 0.737758 0.776146 0.846648 0.949175 1.12864 1.14007 1.15542 1.2489 1.2683 1.38302 1.42386 1.4451 1.45941 1.49757 1.55021 1.56249 1.57598 1.62948 
0.507138 0.5505 0.737758 0.776146 0.846648 0.949175 1.06886 1.12864 1.14007 1.15542 1.2489 1.2683 1.31059 1.38302 1.42386 1.4451 1.45941 1.49757 1.55021 1.56249 
0.488951 0.507138 0.5505 0.737758 0.776146 0.846648 0.949175 0.984682 1.06886 1.12864 1.14007 1.15542 1.2489 1.2683 1.31059 1.38302 1.42386 1.4451 1.45941 1.49757 
0.488951 0.507138 0.5505 0.737758 0.776146 0.846648 0.949175 0.984682 1.06886 1.12864 1.14007 1.15542 1.2489 1.2683 1.31059 1.38302 1.4181 1.42386 1.4451 1.45941 
0.305218 0.488951 0.507138 0.5505 0.579919 0.737758 0.776146 0.846648 0.949175 0.984682 1.06886 1.12864 1.14007 1.15542 1.2489 1.2683 1.31059 1.38302 1.4181 1.42386 
0.305218 0.488951 0.507138 0.5505 0.579919 0.737758 0.776146 0.846648 0.949175 0.984682 1.06886 1.12864 1.14007 1.15542 1.2489 1.2683 1.31059 1.38302 1.4181 1.42386 
0.305218 0.488951 0.507138 0.5505 0.579919 0.737758 0.776146 0.846648 0.949175 0.984682 1.06886 1.12864 1.14007 1.14723 1.15542 1.2489 1.2683 1.31059 1.38302 1.4181 
