4.39441 4.49599 4.56157 5.77092 5.86596 6.32504 7.03319 7.24301 7.54539 7.81834 8.16343 8.38321 8.57374 8.76417 8.84015 8.85406 8.97176 9.18818 9.28403 9.34627 
1.01294 4.39441 4.49599 4.56157 5.00665 5.77092 5.86596 6.32504 7.03319 7.16931 7.24301 7.54539 7.64833 7.81834 8.16343 8.36393 8.38321 8.57374 8.69957 8.76417 
1.01294 4.39441 4.49599 4.56157 4.60467 5.00665 5.42038 5.51113 5.77092 5.86596 6.32504 6.62541 6.73167 6.85565 7.03319 7.16931 7.24301 7.54539 7.60959 7.64833 
1.01294 2.56444 4.39441 4.41494 4.49599 4.56157 4.60467 5.00665 5.42038 5.51113 5.77092 5.86596 5.97987 6.32504 6.62541 6.73167 6.85565 6.91349 7.03319 7.12723 
1.01294 2.56444 3.69898 4.39441 4.41494 4.49599 4.56157 4.60467 4.98889 5.00665 5.42038 5.51113 5.77092 5.86596 5.97987 6.21758 6.3026 6.32504 6.56624 6.62541 
1.01294 2.56444 3.44778 3.69898 3.90969 4.39441 4.41494 4.49599 4.56157 4.60467 4.98889 5.00665 5.08972 5.42038 5.51113 5.70859 5.77092 5.86596 5.90543 5.97987 
1.01294 2.56444 3.44778 3.69898 3.90969 3.95144 4.39441 4.41494 4.49599 4.56157 4.60467 4.98889 5.00665 5.08972 5.42038 5.51113 5.70859 5.77092 5.86596 5.90543 
1.01294 2.56444 3.44778 3.69898 3.731 3.90969 3.95144 4.39441 4.41494 4.49599 4.56157 4.60467 4.98889 5.00665 5.08972 5.42038 5.51113 5.70859 5.77092 5.86596 
1.01294 2.56444 2.69044 3.09362 3.44778 3.69898 3.731 3.90969 3.95144 4.39441 4.41494 4.49599 4.56157 4.60467 4.98889 5.00665 5.08972 5.42038 5.51113 5.64069 
1.01294 2.56444 2.69044 3.09362 3.44778 3.69898 3.731 3.90969 3.95144 4.39441 4.41494 4.44406 4.48916 4.49599 4.52904 4.56157 4.60467 4.98889 5.00665 5.08972 
1.01294 2.56444 2.69044 3.09362 3.44778 3.69898 3.731 3.90969 3.95144 4.39441 4.41494 4.44406 4.48916 4.49163 4.49599 4.52904 4.56157 4.60467 4.98889 5.00665 
1.01294 2.56444 2.69044 3.09362 3.30617 3.44778 3.46091 3.69898 3.72421 3.731 3.90969 3.95144 4.39441 4.41494 4.44406 4.48916 4.49163 4.49376 4.49599 4.52904 
1.01294 2.56444 2.69044 3.09362 3.30617 3.44778 3.46091 3.69898 3.72421 3.731 3.90969 3.95144 4.39441 4.41494 4.44406 4.48916 4.49163 4.49376 4.49599 4.52904 
1.01294 2.56444 2.69044 3.09362 3.30617 3.44778 3.46091 3.6967 3.69898 3.72421 3.731 3.90969 3.95144 4.39441 4.41494 4.44406 4.48916 4.49163 4.49376 4.49599 
1.01294 1.85582 2.56444 2.69044 3.09362 3.30617 3.44778 3.46091 3.6967 3.69898 3.72421 3.731 3.90969 3.95144 4.39441 4.41494 4.44406 4.48916 4.49163 4.49376 
1.01294 1.85582 2.56444 2.69044 2.98653 3.09362 3.16023 3.17457 3.30617 3.44778 3.46091 3.6967 3.69898 3.72421 3.731 3.76752 3.90969 3.95144 4.03874 4.36811 
1.01294 1.85582 2.18555 2.56444 2.69044 2.93493 2.982 2.98653 3.09362 3.16023 3.17457 3.30617 3.44778 3.46091 3.6967 3.69898 3.72421 3.731 3.76752 3.90969 
1.01294 1.85582 2.18555 2.56444 2.69044 2.93493 2.982 2.98653 3.09362 3.16023 3.17457 3.30617 3.41163 3.44778 3.46091 3.5833 3.6967 3.69898 3.72421 3.731 
1.01294 1.85582 2.18555 2.56444 2.69044 2.93493 2.982 2.98653 3.09362 3.16023 3.17457 3.30617 3.41163 3.44778 3.46091 3.5833 3.6967 3.69898 3.72421 3.731 
1.01294 1.85582 2.18555 2.56444 2.69044 2.93493 2.982 2.98653 3.09362 3.11217 3.16023 3.17457 3.30617 3.41163 3.44778 3.46091 3.5833 3.6967 3.69898 3.72421 
1.01294 1.65588 1.85582 2.18555 2.56444 2.67979 2.69044 2.93493 2.982 2.98653 3.09362 3.11217 3.15649 3.16023 3.17457 3.30617 3.36997 3.41163 3.44778 3.46091 
0.99073 1.01294 1.65588 1.85582 2.18555 2.56444 2.67979 2.69044 2.93493 2.982 2.98653 3.09362 3.11217 3.15649 3.16023 3.17457 3.22854 3.30617 3.32472 3.34674 
0.99073 1.01294 1.65588 1.85582 2.04189 2.18555 2.56444 2.67979 2.69044 2.73663 2.75716 2.93493 2.982 2.98653 3.09362 3.11217 3.15649 3.16023 3.17457 3.22854 
0.99073 1.01294 1.65588 1.85582 2.04189 2.18555 2.56444 2.67979 2.69044 2.73663 2.75716 2.93493 2.982 2.98653 3.09362 3.11217 3.15649 3.16023 3.17457 3.22854 
0.99073 1.01294 1.65588 1.85582 2.04189 2.18555 2.56444 2.67979 2.69044 2.73663 2.75716 2.93493 2.982 2.98653 3.09362 3.11217 3.15649 3.16023 3.17457 3.22854 
0.861161 0.99073 1.01294 1.65588 1.85582 2.04189 2.18555 2.56444 2.67979 2.69044 2.69246 2.73663 2.75716 2.86947 2.93493 2.982 2.98653 3.07008 3.09362 3.11217 
0.861161 0.99073 1.01294 1.49614 1.65588 1.85582 2.04189 2.18555 2.56444 2.67979 2.69044 2.69246 2.73663 2.75716 2.86947 2.93493 2.982 2.98653 3.07008 3.09362 
0.861161 0.99073 1.01294 1.49614 1.65588 1.85582 2.04189 2.18555 2.56444 2.67979 2.69044 2.69246 2.73663 2.75716 2.86231 2.86947 2.93493 2.982 2.98653 3.07008 
0.861161 0.99073 1.01294 1.49614 1.65588 1.85582 2.04189 2.18555 2.56444 2.67979 2.69044 2.69246 2.73663 2.75716 2.84987 2.86231 2.86947 2.93493 2.982 2.98653 
0.861161 0.99073 1.01294 1.49614 1.65588 1.85582 2.04189 2.18555 2.56444 2.67979 2.69044 2.69246 2.73663 2.74385 2.75716 2.78972 2.8039 2.84987 2.86231 2.86947 
0.861161 0.99073 1.01294 1.49614 1.65588 1.85582 2.04189 2.18555 2.56444 2.67979 2.69044 2.69246 2.73663 2.74385 2.75716 2.78972 2.8039 2.84987 2.86231 2.86947 
0.861161 0.99073 1.01294 1.49614 1.65588 1.85582 2.04189 2.18555 2.56444 2.67979 2.68161 2.69044 2.69246 2.73663 2.74385 2.75716 2.78972 2.8039 2.84987 2.86231 
0.861161 0.99073 1.01294 1.49614 1.65588 1.85582 2.04189 2.18555 2.56444 2.586 2.67979 2.68161 2.69044 2.69246 2.73663 2.74385 2.75716 2.78972 2.8039 2.84987 
0.861161 0.99073 1.01294 1.49614 1.65588 1.85582 2.04189 2.14652 2.18555 2.56444 2.586 2.67979 2.68161 2.69044 2.69246 2.73663 2.74385 2.75716 2.78972 2.8039 
0.861161 0.99073 1.01294 1.49614 1.65588 1.74212 1.85582 2.04189 2.14652 2.18555 2.56444 2.586 2.67979 2.68161 2.69044 2.69246 2.73663 2.74385 2.75716 2.78972 
0.623079 0.861161 0.99073 1.01294 1.26051 1.49614 1.65588 1.74212 1.85582 2.04189 2.14652 2.18555 2.56444 2.586 2.58986 2.67979 2.68161 2.69044 2.69246 2.73663 
0.623079 0.861161 0.99073 1.01294 1.26051 1.49614 1.65588 1.74212 1.85582 2.04189 2.12604 2.14652 2.18555 2.56444 2.586 2.58986 2.67979 2.68161 2.69044 2.69246 
0.386723 0.623079 0.861161 0.99073 1.01294 1.26051 1.38688 1.49614 1.65588 1.74212 1.85582 2.04189 2.12604 2.14652 2.18555 2.22784 2.56444 2.586 2.58986 2.67979 
0.386723 0.623079 0.861161 0.99073 1.01294 1.26051 1.38688 1.49614 1.65588 1.74212 1.85582 2.04189 2.12604 2.14652 2.18555 2.22784 2.34023 2.56444 2.586 2.58986 
0.386723 0.623079 0.802333 0.861161 0.99073 1.01294 1.26051 1.38688 1.48388 1.49614 1.65588 1.74212 1.85582 2.04189 2.12604 2.14652 2.18555 2.22784 2.34023 2.56444 
0.386723 0.623079 0.802333 0.861161 0.99073 1.01294 1.26051 1.38688 1.48388 1.49614 1.65588 1.74212 1.85582 2.04189 2.12604 2.14652 2.18555 2.22784 2.34023 2.56444 
0.386723 0.623079 0.802333 0.861161 0.99073 1.01294 1.26051 1.38688 1.48388 1.49614 1.57084 1.65588 1.74212 1.85582 1.90761 2.04189 2.12604 2.14652 2.18555 2.22784 
0.386723 0.623079 0.802333 0.861161 0.99073 1.01294 1.26051 1.38688 1.48388 1.49614 1.57084 1.65588 1.74212 1.85582 1.90761 2.04189 2.12604 2.14652 2.18127 2.18555 
0.386723 0.504082 0.623079 0.802333 0.861161 0.99073 1.01294 1.21932 1.26051 1.38688 1.48388 1.49614 1.57084 1.65588 1.74212 1.85582 1.90761 2.04189 2.12604 2.14652 
0.386723 0.504082 0.623079 0.802333 0.861161 0.99073 1.01294 1.21932 1.26051 1.38688 1.48388 1.49614 1.57084 1.65588 1.74212 1.85582 1.90761 2.04189 2.12604 2.14652 
0.386723 0.504082 0.623079 0.802333 0.861161 0.99073 1.01294 1.21932 1.26051 1.38688 1.48388 1.49614 1.57084 1.65588 1.74212 1.8017 1.85582 1.90761 2.04189 2.12604 
0.386723 0.504082 0.623079 0.802333 0.861161 0.99073 1.01294 1.21932 1.26051 1.38688 1.44729 1.45042 1.48388 1.49614 1.57084 1.65588 1.74212 1.8017 1.85582 1.90761 
0.319785 0.386723 0.478417 0.504082 0.623079 0.802333 0.861161 0.99073 1.01294 1.21932 1.26051 1.38688 1.44729 1.45042 1.48388 1.49614 1.54071 1.57084 1.65588 1.74212 
0.319785 0.386723 0.478417 0.504082 0.623079 0.802333 0.861161 0.99073 1.01294 1.21932 1.26051 1.38688 1.44729 1.45042 1.48388 1.49614 1.54071 1.57084 1.65588 1.74212 
0.319785 0.386723 0.426926 0.478417 0.504082 0.623079 0.802333 0.819388 0.861161 0.99073 1.01294 1.21932 1.26051 1.38688 1.44729 1.45042 1.48388 1.49614 1.54071 1.57084 
0.319785 0.386723 0.426926 0.478417 0.504082 0.623079 0.802333 0.819388 0.861161 0.99073 1.01294 1.21932 1.26051 1.38688 1.44729 1.45042 1.48388 1.49614 1.54071 1.57084 
0.319785 0.386723 0.426926 0.478417 0.504082 0.623079 0.802333 0.819388 0.827007 0.861161 0.99073 1.01294 1.21932 1.26051 1.38688 1.44729 1.45042 1.48388 1.49614 1.54071 
0.319785 0.386723 0.426926 0.478417 0.504082 0.623079 0.802333 0.819388 0.827007 0.861161 0.99073 1.01294 1.21932 1.26051 1.38688 1.44729 1.45042 1.48388 1.49614 1.54071 
0.319785 0.386723 0.426926 0.478417 0.504082 0.623079 0.652235 0.802333 0.819388 0.827007 0.861161 0.99073 1.01294 1.21932 1.26051 1.38688 1.44729 1.45042 1.48388 1.49614 
0.319785 0.386723 0.426926 0.478417 0.504082 0.623079 0.652235 0.802333 0.819388 0.827007 0.861161 0.99073 1.01294 1.21932 1.26051 1.38688 1.44729 1.45042 1.48388 1.49614 
0.319785 0.386723 0.426926 0.478417 0.504082 0.623079 0.652235 0.771341 0.802333 0.819388 0.827007 0.861161 0.99073 1.01294 1.21932 1.26051 1.38688 1.44729 1.45042 1.46165 
0.319785 0.386723 0.426926 0.478417 0.504082 0.623079 0.652235 0.771341 0.802333 0.819388 0.827007 0.861161 0.99073 1.01294 1.21932 1.26051 1.38688 1.44729 1.45042 1.46165 
0.319785 0.386723 0.426926 0.478417 0.504082 0.623079 0.652235 0.771341 0.802333 0.819388 0.827007 0.861161 0.99073 1.01294 1.21932 1.26051 1.38688 1.44729 1.45042 1.46165 
0.319785 0.386723 0.426926 0.478417 0.504082 0.623079 0.652235 0.711987 0.771341 0.802333 0.819388 0.827007 0.861161 0.953378 0.99073 1.01294 1.21932 1.26051 1.38688 1.44729 
0.319785 0.386723 0.426926 0.478417 0.504082 0.538157 0.570616 0.623079 0.652235 0.711987 0.771341 0.802333 0.819388 0.827007 0.861161 0.942877 0.953378 0.99073 1.01294 1.21932 
0.319785 0.386723 0.426926 0.478417 0.504082 0.538157 0.570616 0.623079 0.652235 0.711987 0.771341 0.802333 0.819388 0.827007 0.861161 0.942877 0.953378 0.99073 1.00923 1.01294 
0.319785 0.386723 0.426926 0.478417 0.504082 0.538157 0.570616 0.623079 0.652235 0.711987 0.771341 0.802333 0.819388 0.827007 0.861161 0.942877 0.953378 0.99073 1.00923 1.01294 
0.319785 0.386723 0.426926 0.478417 0.504082 0.538157 0.570616 0.623079 0.652235 0.711987 0.771341 0.802333 0.819388 0.827007 0.861161 0.942877 0.953378 0.99073 1.00923 1.01294 
0.319785 0.386723 0.426926 0.432272 0.478417 0.504082 0.538157 0.570616 0.623079 0.652235 0.711987 0.771341 0.802333 0.819388 0.827007 0.861161 0.942877 0.953378 0.99073 1.00923 
0.319785 0.386723 0.426926 0.432272 0.478417 0.504082 0.538157 0.570616 0.623079 0.652235 0.711987 0.771341 0.802333 0.803838 0.819388 0.827007 0.861161 0.942877 0.953378 0.99073 
0.319785 0.386723 0.426926 0.432272 0.478417 0.504082 0.538157 0.570616 0.623079 0.652235 0.711987 0.771341 0.802333 0.803838 0.819388 0.827007 0.861161 0.942877 0.953378 0.99073 
0.0816944 0.319785 0.386723 0.426926 0.432272 0.478417 0.504082 0.538157 0.570616 0.623079 0.652235 0.711987 0.771341 0.802333 0.803838 0.819388 0.827007 0.861161 0.942877 0.953378 
0.0816944 0.319785 0.386723 0.426926 0.432272 0.478417 0.504082 0.538157 0.570616 0.623079 0.652235 0.711987 0.771341 0.802333 0.803838 0.819388 0.827007 0.861161 0.942877 0.953378 
0.0816944 0.319785 0.386723 0.426926 0.432272 0.478417 0.504082 0.538157 0.570616 0.623079 0.652235 0.711987 0.771341 0.802333 0.803838 0.819388 0.827007 0.861161 0.942877 0.953378 
0.0816944 0.319785 0.386723 0.426926 0.432272 0.478417 0.504082 0.538157 0.570616 0.623079 0.652235 0.711987 0.771341 0.802333 0.803838 0.819388 0.827007 0.861161 0.942877 0.953378 
0.0816944 0.319785 0.386723 0.426926 0.432272 0.478417 0.504082 0.538157 0.570616 0.623079 0.652235 0.711987 0.771341 0.802333 0.803838 0.819388 0.827007 0.861161 0.942877 0.953378 
0.0816944 0.319785 0.386723 0.426926 0.432272 0.478417 0.504082 0.538157 0.570616 0.623079 0.652235 0.711987 0.771341 0.802333 0.803838 0.819388 0.827007 0.861161 0.942877 0.953378 
0.0816944 0.319785 0.386723 0.426926 0.432272 0.478417 0.504082 0.538157 0.570616 0.623079 0.652235 0.711987 0.771341 0.802333 0.803838 0.819388 0.827007 0.861161 0.942877 0.953378 
0.0816944 0.319785 0.386723 0.426926 0.432272 0.478417 0.504082 0.538157 0.570616 0.623079 0.652235 0.711987 0.771341 0.802333 0.803838 0.819388 0.827007 0.861161 0.942877 0.953378 
0.0816944 0.319785 0.386723 0.426926 0.432272 0.478417 0.504082 0.538157 0.570616 0.623079 0.652235 0.711987 0.771341 0.802333 0.803838 0.819388 0.827007 0.861161 0.942877 0.953378 
0.0816944 0.319785 0.386723 0.426926 0.432272 0.478417 0.504082 0.538157 0.570616 0.623079 0.652235 0.711987 0.771341 0.802333 0.803838 0.819388 0.827007 0.861161 0.942877 0.953378 
0.0816944 0.319785 0.386723 0.426926 0.432272 0.478417 0.504082 0.538157 0.570616 0.623079 0.652235 0.711987 0.771341 0.802333 0.803838 0.819388 0.827007 0.861161 0.942877 0.953378 
0.0816944 0.319785 0.386723 0.426926 0.432272 0.478417 0.504082 0.538157 0.570616 0.623079 0.652235 0.711987 0.771341 0.802333 0.803838 0.819388 0.827007 0.861161 0.942877 0.953378 
0.0816944 0.319785 0.386723 0.426926 0.432272 0.478417 0.504082 0.538157 0.570616 0.623079 0.652235 0.711987 0.771341 0.802333 0.803838 0.819388 0.827007 0.861161 0.942877 0.953378 
0.0816944 0.319785 0.386723 0.426926 0.432272 0.478417 0.504082 0.538157 0.570616 0.623079 0.652235 0.711987 0.771341 0.802333 0.803838 0.819388 0.827007 0.861161 0.942877 0.953378 
0.0816944 0.319785 0.386723 0.426926 0.432272 0.478417 0.504082 0.538157 0.570616 0.623079 0.652235 0.711987 0.771341 0.802333 0.803838 0.819388 0.827007 0.861161 0.942877 0.953378 
0.0816944 0.319785 0.386723 0.426926 0.432272 0.478417 0.504082 0.538157 0.570616 0.623079 0.652235 0.711987 0.771341 0.802333 0.803838 0.819388 0.827007 0.861161 0.942877 0.953378 
0.0816944 0.319785 0.386723 0.426926 0.432272 0.478417 0.504082 0.538157 0.570616 0.623079 0.652235 0.711987 0.771341 0.802333 0.803838 0.819388 0.827007 0.861161 0.942877 0.953378 
0.0816944 0.319785 0.386723 0.426926 0.432272 0.478417 0.504082 0.538157 0.570616 0.623079 0.652235 0.711987 0.771341 0.802333 0.803838 0.819388 0.827007 0.861161 0.942877 0.953378 
0.0816944 0.319785 0.386723 0.426926 0.432272 0.478417 0.504082 0.538157 0.570616 0.623079 0.652235 0.711987 0.771341 0.802333 0.803838 0.819388 0.827007 0.861161 0.942877 0.953378 
0.0816944 0.319785 0.386723 0.426926 0.432272 0.478417 0.504082 0.538157 0.570616 0.623079 0.652235 0.711987 0.771341 0.802333 0.803838 0.819388 0.827007 0.861161 0.942877 0.953378 
0.0816944 0.319785 0.386723 0.426926 0.432272 0.478417 0.504082 0.538157 0.570616 0.623079 0.652235 0.711987 0.771341 0.802333 0.803838 0.819388 0.827007 0.861161 0.942877 0.953378 
0.0816944 0.319785 0.386723 0.426926 0.432272 0.478417 0.504082 0.538157 0.570616 0.623079 0.652235 0.711987 0.771341 0.802333 0.803838 0.819388 0.827007 0.861161 0.942877 0.953378 
0.0816944 0.319785 0.386723 0.426926 0.432272 0.478417 0.504082 0.538157 0.570616 0.623079 0.652235 0.711987 0.771341 0.802333 0.803838 0.819388 0.827007 0.861161 0.942877 0.953378 
0.0816944 0.319785 0.386723 0.426926 0.432272 0.478417 0.504082 0.538157 0.570616 0.623079 0.652235 0.711987 0.771341 0.802333 0.803838 0.819388 0.827007 0.861161 0.942877 0.953378 
0.0816944 0.319785 0.386723 0.426926 0.432272 0.478417 0.504082 0.538157 0.570616 0.623079 0.652235 0.711987 0.771341 0.802333 0.803838 0.819388 0.827007 0.861161 0.942877 0.953378 
0.0816944 0.319785 0.386723 0.426926 0.432272 0.478417 0.504082 0.538157 0.570616 0.623079 0.652235 0.711987 0.771341 0.802333 0.803838 0.819388 0.827007 0.861161 0.942877 0.953378 
0.0816944 0.319785 0.386723 0.426926 0.432272 0.478417 0.504082 0.538157 0.570616 0.623079 0.652235 0.711987 0.771341 0.802333 0.803838 0.819388 0.827007 0.861161 0.942877 0.953378 
0.0816944 0.319785 0.386723 0.426926 0.432272 0.478417 0.504082 0.538157 0.570616 0.623079 0.652235 0.711987 0.771341 0.802333 0.803838 0.819388 0.827007 0.861161 0.942877 0.953378 
0.0816944 0.319785 0.386723 0.426926 0.432272 0.478417 0.504082 0.538157 0.570616 0.623079 0.652235 0.711987 0.771341 0.802333 0.803838 0.819388 0.827007 0.861161 0.942877 0.953378 
0.0816944 0.319785 0.386723 0.426926 0.432272 0.478417 0.504082 0.538157 0.570616 0.623079 0.652235 0.711987 0.771341 0.802333 0.803838 0.819388 0.827007 0.861161 0.942877 0.953378 
0.0816944 0.319785 0.386723 0.426926 0.432272 0.478417 0.504082 0.538157 0.570616 0.623079 0.652235 0.711987 0.771341 0.802333 0.803838 0.819388 0.827007 0.861161 0.942877 0.953378 
0.0816944 0.319785 0.386723 0.426926 0.432272 0.478417 0.504082 0.538157 0.570616 0.623079 0.652235 0.711987 0.771341 0.802333 0.803838 0.819388 0.827007 0.861161 0.942877 0.953378 
0.0816944 0.319785 0.386723 0.426926 0.432272 0.478417 0.504082 0.538157 0.570616 0.623079 0.652235 0.711987 0.771341 0.802333 0.803838 0.819388 0.827007 0.861161 0.942877 0.953378 
0.0816944 0.319785 0.386723 0.426926 0.432272 0.478417 0.504082 0.538157 0.570616 0.623079 0.652235 0.711987 0.771341 0.802333 0.803838 0.819388 0.827007 0.861161 0.942877 0.953378 
