4.35545 4.45875 6.10051 6.13482 6.23447 6.33337 6.61335 6.63035 6.9125 7.19629 7.38696 7.45139 7.67128 7.74991 8.00886 8.02716 8.11119 8.34437 8.50281 9.17912 
3.54817 4.35545 4.45875 5.37112 6.10051 6.13482 6.22176 6.23447 6.33337 6.61335 6.63035 6.9125 7.03725 7.19629 7.38696 7.45139 7.67128 7.74991 8.00886 8.02716 
3.42822 3.54817 4.35545 4.45875 5.37112 5.43597 6.10051 6.13482 6.22176 6.23447 6.26442 6.33337 6.61335 6.63035 6.9125 6.98056 7.03725 7.19629 7.38696 7.45139 
3.42822 3.54817 4.35545 4.45875 5.1637 5.37112 5.40601 5.43597 6.10051 6.10906 6.13482 6.22176 6.23447 6.26442 6.28348 6.33337 6.55463 6.58698 6.61335 6.63035 
3.42822 3.54817 4.35545 4.45875 5.1637 5.37112 5.40601 5.43597 5.84354 6.10051 6.10906 6.13482 6.22176 6.23447 6.26442 6.28348 6.33337 6.55463 6.58698 6.61335 
3.25784 3.42822 3.54817 3.84294 3.96218 4.09303 4.35545 4.45875 5.1637 5.37112 5.40601 5.43597 5.53409 5.84354 6.10051 6.10906 6.13482 6.22176 6.23056 6.23447 
3.25784 3.42822 3.54817 3.84294 3.96218 4.09303 4.35545 4.45875 5.03361 5.1637 5.37112 5.40601 5.43597 5.53409 5.82383 5.84354 6.10051 6.10906 6.13482 6.15929 
3.13812 3.25784 3.26808 3.42822 3.54817 3.84294 3.96218 4.09303 4.13997 4.35545 4.45875 4.59497 5.03361 5.1637 5.25932 5.37112 5.40601 5.43597 5.53409 5.82383 
3.07534 3.13812 3.25784 3.26808 3.42822 3.52621 3.54817 3.84294 3.96218 4.09303 4.13997 4.14815 4.35545 4.45875 4.52571 4.59497 4.9697 5.03361 5.12716 5.1637 
3.07534 3.13812 3.25784 3.26808 3.37527 3.42822 3.52621 3.54817 3.84294 3.96218 4.09303 4.13997 4.14815 4.35545 4.45875 4.52571 4.59497 4.9697 5.03361 5.12716 
3.07534 3.13812 3.25784 3.26808 3.37527 3.42822 3.52621 3.54817 3.73221 3.84294 3.96218 4.09303 4.13997 4.14815 4.35545 4.45875 4.52571 4.59497 4.9697 5.03361 
3.00267 3.07534 3.13812 3.25784 3.26808 3.37527 3.42822 3.52621 3.54817 3.60937 3.64507 3.73221 3.84294 3.88565 3.96218 4.09303 4.13997 4.14815 4.21086 4.35545 
3.00267 3.07534 3.13812 3.25784 3.26808 3.37527 3.42822 3.52621 3.54817 3.60937 3.64507 3.73221 3.84294 3.88565 3.96218 4.03832 4.04842 4.09303 4.13997 4.14815 
3.00267 3.07534 3.13812 3.25784 3.26808 3.37527 3.42822 3.48276 3.52621 3.54817 3.60937 3.64507 3.73221 3.84294 3.88565 3.96218 4.03832 4.04842 4.09303 4.13997 
3.00267 3.07534 3.13812 3.25566 3.25784 3.26808 3.37527 3.42822 3.48276 3.52621 3.54817 3.60937 3.64507 3.73221 3.84294 3.88565 3.96218 4.03832 4.04842 4.09303 
3.00267 3.07534 3.07601 3.13812 3.25566 3.25784 3.26808 3.37527 3.42822 3.48276 3.52621 3.54817 3.60937 3.64507 3.64787 3.73221 3.84294 3.88565 3.96218 4.03832 
1.19121 2.99224 3.00267 3.07534 3.07601 3.13812 3.25566 3.25784 3.26808 3.37527 3.42822 3.48276 3.52621 3.54817 3.60117 3.60937 3.64507 3.64787 3.73221 3.84294 
1.19121 2.99224 3.00267 3.07534 3.07601 3.13812 3.20688 3.25566 3.25784 3.26808 3.37527 3.42822 3.48276 3.52621 3.54817 3.60117 3.60937 3.64507 3.64787 3.73221 
1.19121 2.99224 3.00267 3.07534 3.07601 3.13812 3.20688 3.25566 3.25784 3.26808 3.37527 3.42822 3.48276 3.52621 3.54817 3.60117 3.60937 3.64507 3.64787 3.73221 
1.19121 2.99224 3.00267 3.07534 3.07601 3.13812 3.20688 3.23093 3.25566 3.25784 3.26808 3.37527 3.41879 3.42822 3.48276 3.52621 3.54817 3.60117 3.60937 3.64507 
1.19121 2.7686 2.99224 3.00267 3.07534 3.07601 3.13812 3.20688 3.23093 3.25566 3.25784 3.26808 3.37527 3.41879 3.42822 3.48276 3.52621 3.54817 3.60117 3.60937 
1.19121 2.7686 2.99224 3.00267 3.07534 3.07601 3.10768 3.13812 3.20688 3.23093 3.25566 3.25784 3.26808 3.37527 3.41879 3.42822 3.48276 3.52621 3.54817 3.60117 
1.19121 2.7686 2.81503 2.90667 2.99224 3.00267 3.07534 3.07601 3.10768 3.13812 3.20688 3.23093 3.25566 3.25784 3.26808 3.37527 3.38352 3.39684 3.41879 3.42822 
1.19121 2.7686 2.81503 2.90667 2.99224 3.00267 3.07534 3.07601 3.10768 3.13812 3.20688 3.23093 3.25566 3.25784 3.26808 3.3418 3.37527 3.38352 3.39684 3.41879 
1.19121 1.3568 2.7686 2.81503 2.90667 2.93419 2.99224 3.00267 3.07534 3.07601 3.07891 3.10768 3.12758 3.13812 3.20688 3.23093 3.23558 3.25566 3.25784 3.26808 
1.19121 1.3568 2.11683 2.7686 2.81503 2.90667 2.93419 2.99224 3.00267 3.07534 3.07601 3.07891 3.10768 3.12758 3.13812 3.19291 3.20688 3.23093 3.23558 3.25566 
1.19121 1.3568 1.95794 2.11683 2.7686 2.80191 2.81503 2.90667 2.93419 2.99224 3.00267 3.07534 3.07601 3.07891 3.10768 3.12758 3.13812 3.19291 3.20688 3.23093 
1.19121 1.3568 1.95794 2.11683 2.7686 2.80191 2.81503 2.90667 2.93419 2.99224 3.00002 3.00267 3.07534 3.07601 3.07891 3.10768 3.12758 3.13812 3.19291 3.20688 
1.19121 1.3568 1.95794 2.11683 2.19911 2.7686 2.80191 2.81503 2.90667 2.93419 2.99224 3.00002 3.00267 3.07534 3.07601 3.07891 3.10768 3.12758 3.13812 3.19291 
1.19121 1.3568 1.95794 2.11683 2.19911 2.7686 2.80191 2.81503 2.87435 2.89844 2.90667 2.93419 2.99224 3.00002 3.00267 3.07534 3.07601 3.07891 3.10768 3.12758 
1.19121 1.3568 1.70444 1.95794 2.11683 2.19911 2.50557 2.7686 2.80191 2.81503 2.87435 2.89844 2.90667 2.93419 2.93799 2.99224 3.00002 3.00267 3.07534 3.07601 
1.19121 1.26735 1.3568 1.70444 1.95794 2.11683 2.19911 2.50557 2.7686 2.80191 2.81503 2.87435 2.89844 2.90667 2.93419 2.93799 2.97451 2.99224 3.00002 3.00267 
1.19121 1.26735 1.3568 1.37712 1.70444 1.95794 2.11683 2.19911 2.50557 2.7686 2.80191 2.81503 2.87435 2.89844 2.90667 2.93419 2.93799 2.97451 2.99224 3.00002 
1.19121 1.26735 1.3568 1.37712 1.70444 1.95794 2.11683 2.19911 2.50557 2.7686 2.80191 2.81503 2.87435 2.89844 2.90667 2.93419 2.93799 2.97451 2.99224 3.00002 
1.19121 1.26735 1.3568 1.37712 1.70444 1.95794 2.11683 2.19911 2.50557 2.7686 2.80191 2.81503 2.87435 2.89395 2.89844 2.90667 2.93419 2.93799 2.97451 2.99224 
1.19121 1.26735 1.3568 1.37712 1.70444 1.95794 2.11683 2.19911 2.50557 2.7686 2.80191 2.80846 2.81503 2.82126 2.87435 2.89395 2.89844 2.90667 2.91554 2.93419 
1.19121 1.26735 1.3568 1.37712 1.70444 1.95794 2.11683 2.19911 2.50557 2.7686 2.80191 2.80846 2.81503 2.82126 2.87435 2.89395 2.89844 2.90667 2.91554 2.92897 
0.609894 1.19121 1.26735 1.3568 1.37712 1.70444 1.95794 2.11683 2.19911 2.50557 2.7686 2.80191 2.80846 2.81503 2.82126 2.87435 2.89395 2.89844 2.90667 2.91554 
0.609894 1.19121 1.26735 1.3568 1.37712 1.70444 1.72873 1.95794 2.11683 2.19911 2.50557 2.70844 2.7686 2.80191 2.80846 2.81503 2.82126 2.87435 2.89395 2.89844 
0.492813 0.609894 1.19121 1.26735 1.3568 1.37712 1.70444 1.72873 1.95794 2.05676 2.11683 2.19911 2.50557 2.70844 2.7686 2.80191 2.80846 2.81503 2.82126 2.87435 
0.492813 0.609894 1.19121 1.26735 1.3568 1.37712 1.70444 1.72873 1.95794 2.05676 2.11683 2.19911 2.326 2.50557 2.50896 2.70844 2.7686 2.80191 2.80846 2.81503 
0.492813 0.609894 1.19121 1.26735 1.3568 1.37712 1.70444 1.72873 1.85203 1.95794 2.05676 2.11683 2.19911 2.326 2.50557 2.50896 2.62883 2.67796 2.70844 2.7686 
0.492813 0.609894 1.19121 1.26735 1.3568 1.37712 1.70444 1.72873 1.75496 1.85203 1.95794 2.05676 2.11683 2.19911 2.326 2.33581 2.50557 2.50896 2.62883 2.67796 
0.377058 0.492813 0.609894 1.19121 1.26735 1.3568 1.37712 1.70444 1.72873 1.75496 1.85203 1.95794 2.05676 2.11683 2.19911 2.21086 2.326 2.33581 2.50557 2.50896 
0.377058 0.492813 0.609894 1.19121 1.26735 1.3568 1.37712 1.70444 1.72873 1.75496 1.85203 1.95794 2.05676 2.11683 2.19911 2.21086 2.326 2.33581 2.48368 2.50557 
0.377058 0.492813 0.609894 1.19121 1.26735 1.3568 1.37712 1.70444 1.72873 1.75496 1.85203 1.95794 2.05405 2.05676 2.11683 2.19911 2.21086 2.326 2.33581 2.48368 
0.377058 0.492813 0.609894 0.733487 0.983486 1.02556 1.19121 1.26735 1.3568 1.37712 1.70444 1.72873 1.75496 1.85203 1.95794 2.05405 2.05676 2.11683 2.19911 2.21086 
0.161691 0.377058 0.492813 0.609894 0.733487 0.983486 1.02556 1.19121 1.26735 1.3568 1.37712 1.52942 1.70444 1.72873 1.75496 1.85203 1.95794 2.05405 2.05676 2.11683 
0.161691 0.377058 0.492813 0.503241 0.609894 0.733487 0.761522 0.926831 0.983486 1.02556 1.19121 1.26735 1.3568 1.37712 1.52942 1.70444 1.72873 1.75496 1.85203 1.95794 
0.112734 0.161691 0.377058 0.492813 0.503241 0.609894 0.733487 0.761522 0.926831 0.983486 1.02556 1.19121 1.26735 1.3568 1.37712 1.52942 1.70444 1.72873 1.75496 1.85203 
0.112734 0.161691 0.377058 0.492813 0.503241 0.609894 0.733487 0.761522 0.926831 0.983486 1.02556 1.19121 1.26735 1.3568 1.37712 1.52942 1.70444 1.72873 1.75496 1.85203 
0.112734 0.161691 0.377058 0.492813 0.503241 0.609894 0.733487 0.761522 0.926831 0.983486 1.02556 1.19121 1.26735 1.3568 1.37712 1.52942 1.70444 1.72873 1.75496 1.85203 
0.112734 0.161691 0.377058 0.492813 0.503241 0.609894 0.733487 0.761522 0.926831 0.983486 1.02556 1.19121 1.26735 1.3568 1.37712 1.52942 1.70444 1.72873 1.75496 1.85203 
0.112734 0.161691 0.377058 0.492813 0.503241 0.609894 0.733487 0.761522 0.926831 0.983486 1.02556 1.19121 1.26735 1.3568 1.37712 1.52942 1.70444 1.72873 1.75496 1.81091 
0.112734 0.161691 0.377058 0.492813 0.503241 0.609894 0.733487 0.761522 0.926831 0.983486 1.02556 1.19121 1.26735 1.3568 1.37712 1.52942 1.65746 1.70444 1.72873 1.75496 
0.112734 0.161691 0.377058 0.458948 0.492813 0.503241 0.609894 0.733487 0.761522 0.926831 0.983486 1.02556 1.19121 1.26735 1.3568 1.37712 1.52942 1.65746 1.70444 1.72873 
0.112734 0.161691 0.377058 0.458948 0.492813 0.503241 0.609894 0.733487 0.761522 0.926831 0.983486 1.02556 1.19121 1.26735 1.3568 1.37712 1.52942 1.65746 1.70444 1.72873 
0.112734 0.161691 0.173813 0.377058 0.458948 0.492813 0.503241 0.609894 0.733487 0.761522 0.926831 0.983486 1.02556 1.19121 1.26735 1.3568 1.37712 1.39815 1.52942 1.65746 
0.112734 0.161691 0.173813 0.377058 0.458948 0.492813 0.503241 0.609894 0.733487 0.761522 0.926831 0.983486 1.02556 1.13906 1.19121 1.26735 1.3568 1.37712 1.39815 1.52942 
0.112734 0.161691 0.173813 0.377058 0.458948 0.492813 0.503241 0.609894 0.733487 0.761522 0.926831 0.983486 1.02556 1.13906 1.19121 1.26735 1.3568 1.37712 1.39815 1.52942 
0.112734 0.161691 0.173813 0.377058 0.458948 0.492813 0.503241 0.609894 0.733487 0.761522 0.926831 0.983486 1.02556 1.13906 1.19121 1.26735 1.3568 1.37712 1.39815 1.52942 
0.112734 0.161691 0.173813 0.377058 0.458948 0.492813 0.503241 0.609894 0.733487 0.761522 0.926831 0.983486 1.02556 1.13906 1.19121 1.25542 1.26735 1.27091 1.29045 1.3568 
0.112734 0.161691 0.173813 0.377058 0.458948 0.492813 0.503241 0.605386 0.609894 0.733487 0.761522 0.926831 0.983486 1.02556 1.13906 1.19121 1.25542 1.26735 1.27091 1.29045 
0.112734 0.161691 0.173813 0.377058 0.458948 0.492813 0.503241 0.605386 0.609894 0.733487 0.761522 0.926831 0.983486 1.02556 1.13906 1.19121 1.25542 1.26735 1.27091 1.29045 
0.112734 0.161691 0.173813 0.377058 0.458948 0.492813 0.503241 0.605386 0.609894 0.733487 0.761522 0.926831 0.954663 0.983486 1.02556 1.13906 1.19121 1.25542 1.26735 1.27091 
0.112734 0.161691 0.173813 0.377058 0.458948 0.492813 0.503241 0.579857 0.605386 0.609894 0.733487 0.761522 0.771966 0.926831 0.954663 0.983486 1.02556 1.13906 1.19121 1.25542 
0.112734 0.161691 0.173813 0.377058 0.447758 0.458948 0.492813 0.503241 0.579857 0.605386 0.609894 0.733487 0.761522 0.771966 0.926831 0.954663 0.983486 1.02556 1.13906 1.19121 
0.112734 0.161691 0.173813 0.377058 0.447758 0.458948 0.492813 0.503241 0.579857 0.605386 0.609894 0.733487 0.761522 0.771966 0.926831 0.954663 0.983486 1.02556 1.13906 1.19121 
0.112734 0.161691 0.173813 0.377058 0.447758 0.458948 0.492813 0.503241 0.579857 0.605386 0.609894 0.733487 0.761522 0.771966 0.926831 0.954663 0.983486 1.02556 1.13906 1.19121 
0.112734 0.161691 0.173813 0.377058 0.447758 0.458948 0.492813 0.503241 0.579857 0.605386 0.609894 0.733487 0.761522 0.771966 0.926831 0.954663 0.983486 1.02556 1.13906 1.19121 
0.112734 0.161691 0.173813 0.377058 0.447758 0.458948 0.492813 0.503241 0.579857 0.605386 0.609894 0.733487 0.761522 0.771966 0.926831 0.954663 0.983486 1.02556 1.13906 1.19121 
0.112734 0.161691 0.173813 0.377058 0.447758 0.458948 0.492813 0.503241 0.579857 0.605386 0.609894 0.733487 0.761522 0.771966 0.926831 0.954663 0.983486 1.02556 1.13906 1.19121 
0.112734 0.161691 0.173813 0.377058 0.447758 0.458948 0.492813 0.503241 0.579857 0.605386 0.609894 0.733487 0.761522 0.771966 0.926831 0.954663 0.983486 1.02556 1.13906 1.19121 
0.112734 0.161691 0.173813 0.377058 0.447758 0.458948 0.492813 0.503241 0.579857 0.605386 0.609894 0.733487 0.761522 0.771966 0.926831 0.954663 0.983486 1.02556 1.13906 1.19121 
0.112734 0.161691 0.173813 0.377058 0.447758 0.458948 0.492813 0.503241 0.579857 0.605386 0.609894 0.733487 0.761522 0.771966 0.926831 0.954663 0.983486 1.02556 1.13906 1.19121 
0.112734 0.161691 0.173813 0.377058 0.447758 0.458948 0.492813 0.503241 0.579857 0.605386 0.609894 0.733487 0.761522 0.771966 0.926831 0.954663 0.983486 1.02556 1.13906 1.19121 
0.112734 0.161691 0.173813 0.377058 0.447758 0.458948 0.492813 0.503241 0.579857 0.605386 0.609894 0.733487 0.761522 0.771966 0.926831 0.954663 0.983486 1.02556 1.13906 1.19121 
0.112734 0.161691 0.173813 0.377058 0.447758 0.458948 0.492813 0.503241 0.579857 0.605386 0.609894 0.733487 0.761522 0.771966 0.926831 0.954663 0.983486 1.02556 1.13906 1.19121 
0.112734 0.161691 0.173813 0.377058 0.447758 0.458948 0.492813 0.503241 0.579857 0.605386 0.609894 0.733487 0.761522 0.771966 0.926831 0.954663 0.983486 1.02556 1.13906 1.19121 
0.112734 0.161691 0.173813 0.377058 0.447758 0.458948 0.492813 0.503241 0.579857 0.605386 0.609894 0.733487 0.761522 0.771966 0.926831 0.954663 0.983486 1.02556 1.13906 1.19121 
0.112734 0.161691 0.173813 0.377058 0.447758 0.458948 0.492813 0.503241 0.579857 0.605386 0.609894 0.733487 0.761522 0.771966 0.926831 0.954663 0.983486 1.02556 1.13906 1.19121 
0.112734 0.161691 0.173813 0.377058 0.447758 0.458948 0.492813 0.503241 0.579857 0.605386 0.609894 0.733487 0.761522 0.771966 0.926831 0.954663 0.983486 1.02556 1.13906 1.19121 
0.112734 0.161691 0.173813 0.377058 0.447758 0.458948 0.492813 0.503241 0.579857 0.605386 0.609894 0.733487 0.761522 0.771966 0.926831 0.954663 0.983486 1.02556 1.13906 1.19121 
0.112734 0.161691 0.173813 0.377058 0.447758 0.458948 0.492813 0.503241 0.579857 0.605386 0.609894 0.733487 0.761522 0.771966 0.926831 0.954663 0.983486 1.02556 1.13906 1.19121 
0.112734 0.161691 0.173813 0.377058 0.447758 0.458948 0.492813 0.503241 0.579857 0.605386 0.609894 0.733487 0.761522 0.771966 0.926831 0.954663 0.983486 1.02556 1.13906 1.19121 
0.112734 0.161691 0.173813 0.377058 0.447758 0.458948 0.492813 0.503241 0.579857 0.605386 0.609894 0.733487 0.761522 0.771966 0.926831 0.954663 0.983486 1.02556 1.13906 1.19121 
0.112734 0.161691 0.173813 0.377058 0.447758 0.458948 0.492813 0.503241 0.579857 0.605386 0.609894 0.733487 0.761522 0.771966 0.926831 0.954663 0.983486 1.02556 1.13906 1.19121 
0.112734 0.161691 0.173813 0.377058 0.447758 0.458948 0.492813 0.503241 0.579857 0.605386 0.609894 0.733487 0.761522 0.771966 0.926831 0.954663 0.983486 1.02556 1.13906 1.19121 
0.112734 0.161691 0.173813 0.377058 0.447758 0.458948 0.492813 0.503241 0.579857 0.605386 0.609894 0.733487 0.761522 0.771966 0.926831 0.954663 0.983486 1.02556 1.13906 1.19121 
0.112734 0.161691 0.173813 0.377058 0.447758 0.458948 0.492813 0.503241 0.579857 0.605386 0.609894 0.733487 0.761522 0.771966 0.926831 0.954663 0.983486 1.02556 1.13906 1.19121 
0.112734 0.161691 0.173813 0.377058 0.447758 0.458948 0.492813 0.503241 0.579857 0.605386 0.609894 0.733487 0.761522 0.771966 0.926831 0.954663 0.983486 1.02556 1.13906 1.19121 
0.112734 0.161691 0.173813 0.377058 0.447758 0.458948 0.492813 0.503241 0.579857 0.605386 0.609894 0.733487 0.761522 0.771966 0.926831 0.954663 0.983486 1.02556 1.13906 1.19121 
0.112734 0.161691 0.173813 0.377058 0.447758 0.458948 0.492813 0.503241 0.579857 0.605386 0.609894 0.733487 0.761522 0.771966 0.926831 0.954663 0.983486 1.02556 1.13906 1.19121 
0.112734 0.161691 0.173813 0.377058 0.447758 0.458948 0.492813 0.503241 0.579857 0.605386 0.609894 0.733487 0.761522 0.771966 0.926831 0.954663 0.983486 1.02556 1.13906 1.19121 
0.112734 0.161691 0.173813 0.377058 0.447758 0.458948 0.492813 0.503241 0.579857 0.605386 0.609894 0.733487 0.761522 0.771966 0.926831 0.954663 0.983486 1.02556 1.13906 1.19121 
0.112734 0.161691 0.173813 0.377058 0.447758 0.458948 0.492813 0.503241 0.579857 0.605386 0.609894 0.733487 0.761522 0.771966 0.926831 0.954663 0.983486 1.02556 1.13906 1.19121 
0.112734 0.161691 0.173813 0.377058 0.447758 0.458948 0.492813 0.503241 0.579857 0.605386 0.609894 0.733487 0.761522 0.771966 0.926831 0.954663 0.983486 1.02556 1.13906 1.19121 
0.112734 0.161691 0.173813 0.377058 0.447758 0.458948 0.492813 0.503241 0.579857 0.605386 0.609894 0.733487 0.761522 0.771966 0.926831 0.954663 0.983486 1.02556 1.13906 1.19121 
0.112734 0.161691 0.173813 0.377058 0.447758 0.458948 0.492813 0.503241 0.579857 0.605386 0.609894 0.733487 0.761522 0.771966 0.926831 0.954663 0.983486 1.02556 1.13906 1.19121 
0.112734 0.161691 0.173813 0.377058 0.447758 0.458948 0.492813 0.503241 0.579857 0.605386 0.609894 0.733487 0.761522 0.771966 0.926831 0.954663 0.983486 1.02556 1.13906 1.19121 
