1.34176 2.676 2.78318 3.10496 3.14905 3.40329 3.84557 3.92841 4.15625 4.35287 4.39642 6.3734 6.54063 7.00052 7.16922 7.18856 7.20807 7.24301 7.57059 7.58716 
1.34176 2.676 2.78318 3.10496 3.14905 3.40329 3.84557 3.89467 3.92841 4.15625 4.18215 4.22417 4.35287 4.39642 4.47427 4.55557 5.62876 6.27447 6.3734 6.54063 
1.34176 2.676 2.78318 3.10496 3.14905 3.40329 3.66874 3.84557 3.89467 3.92841 4.15625 4.18215 4.22417 4.35287 4.36262 4.39642 4.40579 4.44818 4.47427 4.52112 
1.34176 2.676 2.78318 3.10496 3.14905 3.40329 3.66874 3.69237 3.84557 3.89301 3.89467 3.92841 4.15625 4.18215 4.18814 4.22417 4.33409 4.35287 4.36262 4.37687 
1.34176 2.676 2.78318 3.07861 3.10496 3.14905 3.40329 3.66874 3.69237 3.84557 3.89301 3.89467 3.92841 4.15625 4.1761 4.18215 4.18814 4.22417 4.33409 4.35287 
1.34176 2.676 2.78318 3.07861 3.10496 3.14905 3.40329 3.51008 3.66874 3.69237 3.84557 3.89301 3.89373 3.89467 3.92841 3.96615 4.15625 4.1761 4.18215 4.18814 
1.34176 2.676 2.78318 3.07861 3.10496 3.14905 3.40329 3.51008 3.66874 3.69237 3.84557 3.89301 3.89373 3.89467 3.92841 3.96615 4.15625 4.1761 4.18215 4.18814 
1.34176 2.676 2.78318 3.07861 3.10496 3.14905 3.40329 3.45166 3.51008 3.66874 3.68345 3.69237 3.84557 3.89301 3.89373 3.89467 3.91828 3.92841 3.96011 3.96615 
1.34176 2.676 2.78318 3.07861 3.10496 3.14905 3.40329 3.45166 3.51008 3.66874 3.68345 3.69237 3.74849 3.84557 3.89301 3.89373 3.89467 3.91828 3.92841 3.96011 
1.34176 2.676 2.78318 3.07861 3.10496 3.14905 3.40329 3.45166 3.51008 3.66874 3.68345 3.69237 3.74849 3.84557 3.89301 3.89373 3.89467 3.91414 3.91828 3.92841 
1.34176 2.676 2.78318 3.07861 3.10496 3.14905 3.40329 3.45166 3.51008 3.66874 3.68345 3.69237 3.74849 3.84557 3.89301 3.89373 3.89467 3.91414 3.91828 3.92841 
1.34176 2.676 2.78318 3.07861 3.10496 3.14905 3.40329 3.45166 3.51008 3.66874 3.68345 3.69237 3.74849 3.84557 3.89301 3.89373 3.89467 3.91414 3.91828 3.92766 
1.34176 2.676 2.78318 3.07861 3.10496 3.14905 3.40329 3.45166 3.51008 3.66874 3.68345 3.69237 3.74849 3.84557 3.89301 3.89373 3.89467 3.91414 3.91828 3.92766 
1.34176 2.676 2.78318 3.07861 3.10496 3.14905 3.40329 3.45166 3.51008 3.66874 3.68345 3.69237 3.74849 3.84557 3.89301 3.89373 3.89467 3.91414 3.91828 3.92766 
1.34176 2.676 2.78318 3.07861 3.10496 3.14905 3.40329 3.45166 3.51008 3.66874 3.68345 3.69237 3.74849 3.84557 3.89301 3.89373 3.89467 3.91414 3.91828 3.92766 
1.34176 2.676 2.78318 3.07861 3.10496 3.14905 3.40329 3.45166 3.51008 3.66874 3.68345 3.69237 3.74849 3.84557 3.89301 3.89373 3.89467 3.91414 3.91828 3.92766 
1.34176 2.676 2.78318 3.07861 3.10496 3.14905 3.40329 3.45166 3.51008 3.66874 3.68345 3.69237 3.74849 3.84557 3.89301 3.89373 3.89467 3.91414 3.91828 3.92766 
1.34176 2.676 2.78318 3.07861 3.10496 3.14905 3.40329 3.45166 3.51008 3.66874 3.68345 3.69237 3.74849 3.84557 3.89301 3.89373 3.89467 3.91414 3.91828 3.92766 
1.34176 2.676 2.78318 3.07861 3.10496 3.14905 3.40329 3.45166 3.51008 3.66874 3.68345 3.69237 3.74849 3.84557 3.89301 3.89373 3.89467 3.91414 3.91828 3.92766 
1.34176 2.676 2.78318 3.07861 3.10496 3.14905 3.40329 3.45166 3.51008 3.66874 3.68345 3.69237 3.74849 3.84557 3.89301 3.89373 3.89467 3.91414 3.91828 3.92766 
1.34176 2.676 2.78318 3.07861 3.10496 3.14905 3.40329 3.45166 3.51008 3.66874 3.68345 3.69237 3.74849 3.84557 3.89301 3.89373 3.89467 3.91414 3.91828 3.92766 
1.34176 2.676 2.78318 3.07861 3.10496 3.14905 3.40329 3.45166 3.51008 3.66874 3.68345 3.69237 3.74849 3.84557 3.89301 3.89373 3.89467 3.91414 3.91828 3.92766 
1.34176 2.676 2.78318 3.07861 3.10496 3.14905 3.40329 3.45166 3.51008 3.66874 3.68345 3.69237 3.74849 3.84557 3.89301 3.89373 3.89467 3.91414 3.91828 3.92766 
1.34176 2.676 2.78318 3.07861 3.10496 3.14905 3.40329 3.45166 3.51008 3.66874 3.68345 3.69237 3.74849 3.84557 3.89301 3.89373 3.89467 3.91414 3.91828 3.92766 
1.34176 2.676 2.78318 3.07861 3.10496 3.14905 3.40329 3.45166 3.51008 3.66874 3.68345 3.69237 3.74849 3.84557 3.89301 3.89373 3.89467 3.91414 3.91828 3.92766 
1.34176 2.676 2.78318 3.07861 3.10496 3.14905 3.40329 3.45166 3.51008 3.66874 3.68345 3.69237 3.74849 3.84557 3.89301 3.89373 3.89467 3.91414 3.91828 3.92766 
1.34176 2.676 2.78318 3.07861 3.10496 3.14905 3.40329 3.45166 3.51008 3.66874 3.68345 3.69237 3.74849 3.84557 3.89301 3.89373 3.89467 3.91414 3.91828 3.92766 
1.34176 2.676 2.78318 3.07861 3.10496 3.14905 3.40329 3.45166 3.51008 3.66874 3.68345 3.69237 3.74849 3.84557 3.89301 3.89373 3.89467 3.91414 3.91828 3.92766 
1.34176 2.676 2.78318 3.07861 3.10496 3.14905 3.40329 3.45166 3.51008 3.66874 3.68345 3.69237 3.74849 3.84557 3.89301 3.89373 3.89467 3.91414 3.91828 3.92766 
1.34176 2.676 2.78318 3.07861 3.10496 3.14905 3.40329 3.45166 3.51008 3.66874 3.68345 3.69237 3.74849 3.84557 3.89301 3.89373 3.89467 3.91414 3.91828 3.92766 
1.34176 2.676 2.78318 3.07861 3.10496 3.14905 3.40329 3.45166 3.51008 3.66874 3.68345 3.69237 3.74849 3.84557 3.89301 3.89373 3.89467 3.91414 3.91828 3.92766 
1.34176 2.676 2.78318 3.07861 3.10496 3.14905 3.40329 3.45166 3.51008 3.66874 3.68345 3.69237 3.74849 3.84557 3.89301 3.89373 3.89467 3.91414 3.91828 3.92766 
1.34176 2.676 2.78318 3.07861 3.10496 3.14905 3.40329 3.45166 3.51008 3.66874 3.68345 3.69237 3.74849 3.84557 3.89301 3.89373 3.89467 3.91414 3.91828 3.92766 
1.34176 2.676 2.78318 3.07861 3.10496 3.14905 3.40329 3.45166 3.51008 3.66874 3.68345 3.69237 3.74849 3.84557 3.89301 3.89373 3.89467 3.91414 3.91828 3.92766 
1.34176 2.676 2.78318 3.07861 3.10496 3.14905 3.40329 3.45166 3.51008 3.66874 3.68345 3.69237 3.74849 3.84557 3.89301 3.89373 3.89467 3.91414 3.91828 3.92766 
1.34176 2.676 2.78318 3.07861 3.10496 3.14905 3.40329 3.45166 3.51008 3.66874 3.68345 3.69237 3.74849 3.84557 3.89301 3.89373 3.89467 3.91414 3.91828 3.92766 
1.34176 2.676 2.78318 3.07861 3.10496 3.14905 3.40329 3.45166 3.51008 3.66874 3.68345 3.69237 3.74849 3.84557 3.89301 3.89373 3.89467 3.91414 3.91828 3.92766 
1.34176 2.676 2.78318 3.07861 3.10496 3.14905 3.40329 3.45166 3.51008 3.66874 3.68345 3.69237 3.74849 3.84557 3.89301 3.89373 3.89467 3.91414 3.91828 3.92766 
1.34176 2.676 2.78318 3.07861 3.10496 3.14905 3.40329 3.45166 3.51008 3.66874 3.68345 3.69237 3.74849 3.84557 3.89301 3.89373 3.89467 3.91414 3.91828 3.92766 
1.34176 2.676 2.78318 3.07861 3.10496 3.14905 3.40329 3.45166 3.51008 3.66874 3.68345 3.69237 3.74849 3.84557 3.89301 3.89373 3.89467 3.91414 3.91828 3.92766 
1.34176 2.676 2.78318 3.07861 3.10496 3.14905 3.40329 3.45166 3.51008 3.66874 3.68345 3.69237 3.74849 3.84557 3.89301 3.89373 3.89467 3.91414 3.91828 3.92766 
1.34176 2.676 2.78318 3.07861 3.10496 3.14905 3.40329 3.45166 3.51008 3.66874 3.68345 3.69237 3.74849 3.84557 3.89301 3.89373 3.89467 3.91414 3.91828 3.92766 
1.34176 2.676 2.78318 3.07861 3.10496 3.14905 3.40329 3.45166 3.51008 3.66874 3.68345 3.69237 3.74849 3.84557 3.89301 3.89373 3.89467 3.91414 3.91828 3.92766 
1.34176 2.676 2.78318 3.07861 3.10496 3.14905 3.40329 3.45166 3.51008 3.66874 3.68345 3.69237 3.74849 3.84557 3.89301 3.89373 3.89467 3.91414 3.91828 3.92766 
1.34176 2.676 2.78318 3.07861 3.10496 3.14905 3.40329 3.45166 3.51008 3.66874 3.68345 3.69237 3.74849 3.84557 3.89301 3.89373 3.89467 3.91414 3.91828 3.92766 
1.34176 2.676 2.78318 3.07861 3.10496 3.14905 3.40329 3.45166 3.51008 3.66874 3.68345 3.69237 3.74849 3.84557 3.89301 3.89373 3.89467 3.91414 3.91828 3.92766 
1.34176 2.676 2.78318 3.07861 3.10496 3.14905 3.40329 3.45166 3.51008 3.66874 3.68345 3.69237 3.74849 3.84557 3.89301 3.89373 3.89467 3.91414 3.91828 3.92766 
1.34176 2.676 2.78318 3.07861 3.10496 3.14905 3.40329 3.45166 3.51008 3.66874 3.68345 3.69237 3.74849 3.84557 3.89301 3.89373 3.89467 3.91414 3.91828 3.92766 
1.34176 2.676 2.78318 3.07861 3.10496 3.14905 3.40329 3.45166 3.51008 3.66874 3.68345 3.69237 3.74849 3.84557 3.89301 3.89373 3.89467 3.91414 3.91828 3.92766 
1.34176 2.676 2.78318 3.07861 3.10496 3.14905 3.40329 3.45166 3.51008 3.66874 3.68345 3.69237 3.74849 3.84557 3.89301 3.89373 3.89467 3.91414 3.91828 3.92766 
1.34176 2.676 2.78318 3.07861 3.10496 3.14905 3.40329 3.45166 3.51008 3.66874 3.68345 3.69237 3.74849 3.84557 3.89301 3.89373 3.89467 3.91414 3.91828 3.92766 
1.34176 2.676 2.78318 3.07861 3.10496 3.14905 3.40329 3.45166 3.51008 3.66874 3.68345 3.69237 3.74849 3.84557 3.89301 3.89373 3.89467 3.91414 3.91828 3.92766 
1.34176 2.676 2.78318 3.07861 3.10496 3.14905 3.40329 3.45166 3.51008 3.66874 3.68345 3.69237 3.74849 3.84557 3.89301 3.89373 3.89467 3.91414 3.91828 3.92766 
1.34176 2.676 2.78318 3.07861 3.10496 3.14905 3.40329 3.45166 3.51008 3.66874 3.68345 3.69237 3.74849 3.84557 3.89301 3.89373 3.89467 3.91414 3.91828 3.92766 
1.34176 2.676 2.78318 3.07861 3.10496 3.14905 3.40329 3.45166 3.51008 3.66874 3.68345 3.69237 3.74849 3.84557 3.89301 3.89373 3.89467 3.91414 3.91828 3.92766 
1.34176 2.676 2.78318 3.07861 3.10496 3.14905 3.40329 3.45166 3.51008 3.66874 3.68345 3.69237 3.74849 3.84557 3.89301 3.89373 3.89467 3.91414 3.91828 3.92766 
1.34176 2.676 2.78318 3.07861 3.10496 3.14905 3.40329 3.45166 3.51008 3.66874 3.68345 3.69237 3.74849 3.84557 3.89301 3.89373 3.89467 3.91414 3.91828 3.92766 
1.34176 2.676 2.78318 3.07861 3.10496 3.14905 3.40329 3.45166 3.51008 3.66874 3.68345 3.69237 3.74849 3.84557 3.89301 3.89373 3.89467 3.91414 3.91828 3.92766 
1.34176 2.676 2.78318 3.07861 3.10496 3.14905 3.40329 3.45166 3.51008 3.66874 3.68345 3.69237 3.74849 3.84557 3.89301 3.89373 3.89467 3.91414 3.91828 3.92766 
1.34176 2.676 2.78318 3.07861 3.10496 3.14905 3.40329 3.45166 3.51008 3.66874 3.68345 3.69237 3.74849 3.84557 3.89301 3.89373 3.89467 3.91414 3.91828 3.92766 
1.34176 2.676 2.78318 3.07861 3.10496 3.14905 3.40329 3.45166 3.51008 3.66874 3.68345 3.69237 3.74849 3.84557 3.89301 3.89373 3.89467 3.91414 3.91828 3.92766 
1.34176 2.676 2.78318 3.07861 3.10496 3.14905 3.40329 3.45166 3.51008 3.66874 3.68345 3.69237 3.74849 3.84557 3.89301 3.89373 3.89467 3.91414 3.91828 3.92766 
1.34176 2.676 2.78318 3.07861 3.10496 3.14905 3.40329 3.45166 3.51008 3.66874 3.68345 3.69237 3.74849 3.84557 3.89301 3.89373 3.89467 3.91414 3.91828 3.92766 
1.34176 2.676 2.78318 3.07861 3.10496 3.14905 3.40329 3.45166 3.51008 3.66874 3.68345 3.69237 3.74849 3.84557 3.89301 3.89373 3.89467 3.91414 3.91828 3.92766 
1.34176 2.676 2.78318 3.07861 3.10496 3.14905 3.40329 3.45166 3.51008 3.66874 3.68345 3.69237 3.74849 3.84557 3.89301 3.89373 3.89467 3.91414 3.91828 3.92766 
1.34176 2.676 2.78318 3.07861 3.10496 3.14905 3.40329 3.45166 3.51008 3.66874 3.68345 3.69237 3.74849 3.84557 3.89301 3.89373 3.89467 3.91414 3.91828 3.92766 
1.34176 2.676 2.78318 3.07861 3.10496 3.14905 3.40329 3.45166 3.51008 3.66874 3.68345 3.69237 3.74849 3.84557 3.89301 3.89373 3.89467 3.91414 3.91828 3.92766 
1.34176 2.676 2.78318 3.07861 3.10496 3.14905 3.40329 3.45166 3.51008 3.66874 3.68345 3.69237 3.74849 3.84557 3.89301 3.89373 3.89467 3.91414 3.91828 3.92766 
1.34176 2.676 2.78318 3.07861 3.10496 3.14905 3.40329 3.45166 3.51008 3.66874 3.68345 3.69237 3.74849 3.84557 3.89301 3.89373 3.89467 3.91414 3.91828 3.92766 
1.34176 2.676 2.78318 3.07861 3.10496 3.14905 3.40329 3.45166 3.51008 3.66874 3.68345 3.69237 3.74849 3.84557 3.89301 3.89373 3.89467 3.91414 3.91828 3.92766 
1.34176 2.676 2.78318 3.07861 3.10496 3.14905 3.40329 3.45166 3.51008 3.66874 3.68345 3.69237 3.74849 3.84557 3.89301 3.89373 3.89467 3.91414 3.91828 3.92766 
1.34176 2.676 2.78318 3.07861 3.10496 3.14905 3.40329 3.45166 3.51008 3.66874 3.68345 3.69237 3.74849 3.84557 3.89301 3.89373 3.89467 3.91414 3.91828 3.92766 
1.34176 2.676 2.78318 3.07861 3.10496 3.14905 3.40329 3.45166 3.51008 3.66874 3.68345 3.69237 3.74849 3.84557 3.89301 3.89373 3.89467 3.91414 3.91828 3.92766 
1.34176 2.676 2.78318 3.07861 3.10496 3.14905 3.40329 3.45166 3.51008 3.66874 3.68345 3.69237 3.74849 3.84557 3.89301 3.89373 3.89467 3.91414 3.91828 3.92766 
1.34176 2.676 2.78318 3.07861 3.10496 3.14905 3.40329 3.45166 3.51008 3.66874 3.68345 3.69237 3.74849 3.84557 3.89301 3.89373 3.89467 3.91414 3.91828 3.92766 
1.34176 2.676 2.78318 3.07861 3.10496 3.14905 3.40329 3.45166 3.51008 3.66874 3.68345 3.69237 3.74849 3.84557 3.89301 3.89373 3.89467 3.91414 3.91828 3.92766 
1.34176 2.676 2.78318 3.07861 3.10496 3.14905 3.40329 3.45166 3.51008 3.66874 3.68345 3.69237 3.74849 3.84557 3.89301 3.89373 3.89467 3.91414 3.91828 3.92766 
1.34176 2.676 2.78318 3.07861 3.10496 3.14905 3.40329 3.45166 3.51008 3.66874 3.68345 3.69237 3.74849 3.84557 3.89301 3.89373 3.89467 3.91414 3.91828 3.92766 
1.34176 2.676 2.78318 3.07861 3.10496 3.14905 3.40329 3.45166 3.51008 3.66874 3.68345 3.69237 3.74849 3.84557 3.89301 3.89373 3.89467 3.91414 3.91828 3.92766 
1.34176 2.676 2.78318 3.07861 3.10496 3.14905 3.40329 3.45166 3.51008 3.66874 3.68345 3.69237 3.74849 3.84557 3.89301 3.89373 3.89467 3.91414 3.91828 3.92766 
1.34176 2.676 2.78318 3.07861 3.10496 3.14905 3.40329 3.45166 3.51008 3.66874 3.68345 3.69237 3.74849 3.84557 3.89301 3.89373 3.89467 3.91414 3.91828 3.92766 
1.34176 2.676 2.78318 3.07861 3.10496 3.14905 3.40329 3.45166 3.51008 3.66874 3.68345 3.69237 3.74849 3.84557 3.89301 3.89373 3.89467 3.91414 3.91828 3.92766 
1.34176 2.676 2.78318 3.07861 3.10496 3.14905 3.40329 3.45166 3.51008 3.66874 3.68345 3.69237 3.74849 3.84557 3.89301 3.89373 3.89467 3.91414 3.91828 3.92766 
1.34176 2.676 2.78318 3.07861 3.10496 3.14905 3.40329 3.45166 3.51008 3.66874 3.68345 3.69237 3.74849 3.84557 3.89301 3.89373 3.89467 3.91414 3.91828 3.92766 
1.34176 2.676 2.78318 3.07861 3.10496 3.14905 3.40329 3.45166 3.51008 3.66874 3.68345 3.69237 3.74849 3.84557 3.89301 3.89373 3.89467 3.91414 3.91828 3.92766 
1.34176 2.676 2.78318 3.07861 3.10496 3.14905 3.40329 3.45166 3.51008 3.66874 3.68345 3.69237 3.74849 3.84557 3.89301 3.89373 3.89467 3.91414 3.91828 3.92766 
1.34176 2.676 2.78318 3.07861 3.10496 3.14905 3.40329 3.45166 3.51008 3.66874 3.68345 3.69237 3.74849 3.84557 3.89301 3.89373 3.89467 3.91414 3.91828 3.92766 
1.34176 2.676 2.78318 3.07861 3.10496 3.14905 3.40329 3.45166 3.51008 3.66874 3.68345 3.69237 3.74849 3.84557 3.89301 3.89373 3.89467 3.91414 3.91828 3.92766 
1.34176 2.676 2.78318 3.07861 3.10496 3.14905 3.40329 3.45166 3.51008 3.66874 3.68345 3.69237 3.74849 3.84557 3.89301 3.89373 3.89467 3.91414 3.91828 3.92766 
1.34176 2.676 2.78318 3.07861 3.10496 3.14905 3.40329 3.45166 3.51008 3.66874 3.68345 3.69237 3.74849 3.84557 3.89301 3.89373 3.89467 3.91414 3.91828 3.92766 
1.34176 2.676 2.78318 3.07861 3.10496 3.14905 3.40329 3.45166 3.51008 3.66874 3.68345 3.69237 3.74849 3.84557 3.89301 3.89373 3.89467 3.91414 3.91828 3.92766 
1.34176 2.676 2.78318 3.07861 3.10496 3.14905 3.40329 3.45166 3.51008 3.66874 3.68345 3.69237 3.74849 3.84557 3.89301 3.89373 3.89467 3.91414 3.91828 3.92766 
1.34176 2.676 2.78318 3.07861 3.10496 3.14905 3.40329 3.45166 3.51008 3.66874 3.68345 3.69237 3.74849 3.84557 3.89301 3.89373 3.89467 3.91414 3.91828 3.92766 
1.34176 2.676 2.78318 3.07861 3.10496 3.14905 3.40329 3.45166 3.51008 3.66874 3.68345 3.69237 3.74849 3.84557 3.89301 3.89373 3.89467 3.91414 3.91828 3.92766 
1.34176 2.676 2.78318 3.07861 3.10496 3.14905 3.40329 3.45166 3.51008 3.66874 3.68345 3.69237 3.74849 3.84557 3.89301 3.89373 3.89467 3.91414 3.91828 3.92766 
1.34176 2.676 2.78318 3.07861 3.10496 3.14905 3.40329 3.45166 3.51008 3.66874 3.68345 3.69237 3.74849 3.84557 3.89301 3.89373 3.89467 3.91414 3.91828 3.92766 
1.34176 2.676 2.78318 3.07861 3.10496 3.14905 3.40329 3.45166 3.51008 3.66874 3.68345 3.69237 3.74849 3.84557 3.89301 3.89373 3.89467 3.91414 3.91828 3.92766 
1.34176 2.676 2.78318 3.07861 3.10496 3.14905 3.40329 3.45166 3.51008 3.66874 3.68345 3.69237 3.74849 3.84557 3.89301 3.89373 3.89467 3.91414 3.91828 3.92766 
1.34176 2.676 2.78318 3.07861 3.10496 3.14905 3.40329 3.45166 3.51008 3.66874 3.68345 3.69237 3.74849 3.84557 3.89301 3.89373 3.89467 3.91414 3.91828 3.92766 
1.34176 2.676 2.78318 3.07861 3.10496 3.14905 3.40329 3.45166 3.51008 3.66874 3.68345 3.69237 3.74849 3.84557 3.89301 3.89373 3.89467 3.91414 3.91828 3.92766 
