2.6146 3.92581 5.8628 6.03624 6.09511 6.15331 6.69541 7.23898 7.2804 7.47297 7.69547 7.73327 7.77497 8.09219 8.13668 8.38316 8.52983 8.74699 8.76073 9.04884 
2.6146 3.11036 3.92581 5.8628 6.03624 6.09511 6.15331 6.58563 6.69541 7.04783 7.23898 7.2804 7.47297 7.50466 7.58839 7.69547 7.73327 7.77497 7.77797 8.09219 
2.6146 3.11036 3.92581 4.7833 5.7987 5.8628 6.03624 6.09511 6.14238 6.15331 6.58563 6.69541 7.04783 7.23898 7.27707 7.2804 7.35508 7.36506 7.47297 7.50466 
2.6146 3.11036 3.18983 3.92581 4.34082 4.7833 5.47594 5.7987 5.8628 6.03624 6.062 6.09511 6.14238 6.15331 6.18551 6.41483 6.58563 6.65755 6.69541 6.82233 
2.6146 3.11036 3.18983 3.92581 4.34082 4.7833 5.36613 5.47594 5.7987 5.8628 6.03624 6.062 6.09511 6.14238 6.15331 6.18551 6.31302 6.41483 6.58563 6.62291 
2.55861 2.6146 3.11036 3.18983 3.92581 4.34082 4.7833 5.34584 5.36613 5.47594 5.7987 5.8628 6.03624 6.06014 6.062 6.09511 6.13452 6.14238 6.15331 6.18551 
2.55861 2.6146 3.11036 3.18983 3.92581 4.23216 4.34082 4.7833 4.88416 5.34584 5.36613 5.47594 5.68317 5.7987 5.8628 6.03624 6.06014 6.062 6.09511 6.11874 
2.55861 2.58461 2.6146 3.11036 3.18983 3.92581 4.23216 4.34082 4.7833 4.88416 5.34584 5.36613 5.47594 5.68317 5.7987 5.8628 6.03624 6.06014 6.062 6.09511 
2.55861 2.58461 2.6146 3.10419 3.10852 3.11036 3.18983 3.92581 4.23216 4.34082 4.7833 4.88416 5.34584 5.36613 5.47594 5.68317 5.7987 5.8628 6.03624 6.06014 
2.55861 2.58461 2.6146 3.02934 3.10419 3.10852 3.11036 3.18983 3.92581 4.23216 4.32819 4.34082 4.34242 4.7833 4.88416 5.34584 5.36613 5.47594 5.68317 5.72235 
2.55861 2.58461 2.6146 3.02934 3.10419 3.10852 3.11036 3.18983 3.92581 4.23216 4.32819 4.34082 4.34242 4.7833 4.88416 5.09486 5.34584 5.36613 5.47594 5.68317 
2.55861 2.58461 2.58586 2.6146 3.02934 3.10419 3.10852 3.11036 3.18983 3.92581 4.23216 4.32819 4.34082 4.34242 4.68032 4.7833 4.88416 5.09486 5.22453 5.34584 
2.55861 2.58461 2.58586 2.6146 3.02934 3.10419 3.10852 3.11036 3.12689 3.18983 3.70762 3.79243 3.92581 4.23216 4.32819 4.34082 4.34242 4.50704 4.68032 4.7833 
2.55861 2.58461 2.58586 2.6146 2.62382 3.02934 3.10419 3.10852 3.11036 3.12689 3.18983 3.70762 3.79243 3.89931 3.92581 4.20108 4.23216 4.32819 4.34082 4.34242 
2.55861 2.58461 2.58586 2.6146 2.62382 3.02934 3.10419 3.10852 3.11036 3.12689 3.18983 3.70762 3.70972 3.79243 3.89931 3.92581 4.19733 4.20108 4.23216 4.32819 
2.55861 2.58461 2.58586 2.6146 2.62382 3.02934 3.10419 3.10852 3.11036 3.12689 3.18983 3.3953 3.70762 3.70972 3.79243 3.89931 3.92581 4.19733 4.20108 4.23216 
2.55861 2.58461 2.58586 2.6146 2.62382 3.02934 3.10419 3.10852 3.11036 3.12689 3.18983 3.3953 3.63013 3.70762 3.70972 3.77676 3.79243 3.89931 3.92581 4.02189 
2.55861 2.58461 2.58586 2.6146 2.62382 3.02934 3.10419 3.10852 3.11036 3.12689 3.18983 3.3953 3.63013 3.70762 3.70972 3.77676 3.79243 3.89931 3.92581 4.02189 
2.55861 2.58461 2.58586 2.6146 2.62382 3.02934 3.10419 3.10852 3.11036 3.12689 3.18983 3.3953 3.63013 3.70762 3.70972 3.77676 3.79243 3.89931 3.92581 3.97922 
2.55861 2.58461 2.58586 2.6146 2.62382 3.02934 3.10419 3.10852 3.11036 3.12689 3.18983 3.22771 3.25316 3.35534 3.37442 3.3953 3.63013 3.70762 3.70972 3.77676 
2.55861 2.58461 2.58586 2.6146 2.62382 3.02934 3.10419 3.10852 3.11036 3.12689 3.18983 3.22771 3.25316 3.35534 3.37442 3.3953 3.5326 3.63013 3.64067 3.70762 
2.55861 2.58461 2.58586 2.6146 2.62382 2.75788 2.83659 3.02934 3.10419 3.10852 3.11036 3.12689 3.18983 3.22771 3.25316 3.2969 3.35534 3.37442 3.3953 3.5326 
2.55861 2.58461 2.58586 2.6146 2.62382 2.75788 2.83659 2.9119 3.02934 3.10419 3.10852 3.11036 3.12689 3.18983 3.22771 3.25316 3.2969 3.35534 3.37442 3.3953 
2.55861 2.58461 2.58586 2.59105 2.6146 2.62382 2.75788 2.83659 2.9119 3.02934 3.10419 3.10852 3.11036 3.12689 3.18983 3.22771 3.25316 3.2969 3.35534 3.37442 
0.918712 2.55861 2.58461 2.58586 2.59105 2.6146 2.62382 2.75788 2.83659 2.9119 3.02934 3.10419 3.10852 3.11036 3.12689 3.18983 3.22771 3.237 3.25316 3.2969 
0.918712 2.55861 2.58461 2.58586 2.59105 2.6146 2.62382 2.75788 2.83659 2.9119 3.02934 3.10419 3.10852 3.11036 3.12689 3.18983 3.22771 3.237 3.25316 3.2969 
0.918712 2.32347 2.55861 2.58461 2.58586 2.59105 2.6146 2.62382 2.67762 2.75788 2.83659 2.9119 3.02934 3.10419 3.10852 3.11036 3.12689 3.18983 3.22771 3.237 
0.918712 1.90556 2.32347 2.51663 2.55861 2.58461 2.58586 2.59105 2.6146 2.62382 2.67762 2.75788 2.83659 2.9119 3.02934 3.10419 3.10852 3.11036 3.12689 3.18983 
0.918712 1.90556 2.32347 2.51663 2.55861 2.58461 2.58586 2.59105 2.6146 2.62382 2.67762 2.75788 2.83659 2.9119 3.02934 3.10419 3.10852 3.11036 3.12689 3.18983 
0.918712 1.90556 2.30137 2.32347 2.51663 2.55861 2.58461 2.58586 2.59105 2.6146 2.62382 2.67762 2.75788 2.83659 2.9119 3.02934 3.10419 3.10852 3.11036 3.12689 
0.918712 1.90556 2.30137 2.32347 2.51663 2.55861 2.58461 2.58586 2.59105 2.6146 2.62382 2.67762 2.75788 2.83659 2.9119 3.02934 3.10419 3.10852 3.11036 3.12579 
0.232047 0.918712 1.33652 1.90556 2.30137 2.32347 2.51663 2.55861 2.58461 2.58586 2.59105 2.6146 2.62382 2.67762 2.75788 2.83659 2.9119 2.99254 3.02934 3.10419 
0.232047 0.918712 1.33652 1.90556 1.9503 2.30137 2.32347 2.51663 2.55861 2.58461 2.58586 2.59105 2.6146 2.62382 2.67762 2.71297 2.75788 2.83659 2.9119 2.93867 
0.232047 0.918712 0.991954 1.33652 1.90556 1.9503 2.08762 2.30137 2.32347 2.51663 2.55861 2.58461 2.58586 2.59105 2.6063 2.6146 2.62382 2.67762 2.71297 2.75788 
0.232047 0.918712 0.991954 1.33652 1.90556 1.9503 2.08762 2.30137 2.32347 2.51663 2.55861 2.58461 2.58586 2.59105 2.6063 2.6146 2.62382 2.67762 2.71297 2.75788 
0.232047 0.496465 0.900341 0.918712 0.991954 1.33652 1.90556 1.9503 2.08762 2.30137 2.32347 2.51663 2.55861 2.58461 2.58586 2.59105 2.6063 2.6146 2.62382 2.67762 
0.232047 0.496465 0.900341 0.918712 0.991954 1.33652 1.8705 1.90556 1.9503 2.08762 2.17322 2.30137 2.32347 2.51663 2.55861 2.58461 2.58586 2.59105 2.6063 2.6146 
0.232047 0.496465 0.858825 0.900341 0.918712 0.991954 1.33652 1.46244 1.8705 1.90556 1.90944 1.9503 2.08762 2.14543 2.17322 2.30137 2.32347 2.51663 2.55861 2.58461 
0.232047 0.496465 0.858825 0.900341 0.918712 0.991954 1.33652 1.46244 1.57704 1.8705 1.90556 1.90944 1.9503 2.08762 2.14543 2.17322 2.30137 2.32347 2.43992 2.51663 
0.232047 0.496465 0.798157 0.858825 0.900341 0.918712 0.991954 1.33652 1.46244 1.57704 1.8705 1.90556 1.90944 1.9503 2.08762 2.14543 2.17322 2.30137 2.32347 2.43992 
0.232047 0.275659 0.45717 0.496465 0.798157 0.858825 0.900341 0.918712 0.991954 1.33652 1.35503 1.46244 1.57704 1.64804 1.8705 1.90556 1.90944 1.9503 2.08762 2.14543 
0.232047 0.275659 0.45717 0.496465 0.798157 0.858825 0.900341 0.918712 0.991954 1.33652 1.35503 1.46244 1.57704 1.64804 1.8705 1.90556 1.90944 1.9503 2.08762 2.14543 
0.232047 0.275659 0.45717 0.496465 0.798157 0.858825 0.900341 0.918712 0.991954 1.09198 1.27282 1.33652 1.35503 1.46244 1.57704 1.64804 1.67855 1.8705 1.90556 1.90944 
0.232047 0.275659 0.419395 0.45717 0.496465 0.583346 0.718706 0.798157 0.858825 0.900341 0.918712 0.991954 1.09198 1.2262 1.27282 1.33652 1.35503 1.4355 1.46244 1.57704 
0.232047 0.275659 0.419395 0.45717 0.496465 0.503986 0.583346 0.718706 0.798157 0.858825 0.900341 0.918712 0.991954 1.09198 1.2262 1.27282 1.27529 1.33652 1.35503 1.4355 
0.232047 0.275659 0.419395 0.45717 0.496465 0.503986 0.583346 0.718706 0.798157 0.858825 0.900341 0.918712 0.991954 1.05827 1.08532 1.09198 1.2262 1.27282 1.27529 1.33652 
0.232047 0.275659 0.419395 0.45717 0.496465 0.503986 0.583346 0.718706 0.798157 0.858825 0.900341 0.918712 0.991954 1.05827 1.08532 1.09198 1.2262 1.27282 1.27529 1.33652 
0.232047 0.275659 0.419395 0.45717 0.496465 0.503986 0.583346 0.718706 0.798157 0.858825 0.900341 0.918712 0.991954 1.05827 1.08532 1.09198 1.2262 1.27282 1.27529 1.33652 
0.232047 0.275659 0.419395 0.45717 0.496465 0.503986 0.583346 0.718706 0.798157 0.858825 0.900341 0.918712 0.991954 1.05827 1.08532 1.09198 1.2262 1.27282 1.27529 1.33652 
0.232047 0.275659 0.407149 0.419395 0.45717 0.496465 0.503986 0.583346 0.718706 0.798157 0.858825 0.900341 0.918712 0.991954 1.05827 1.08532 1.09198 1.2262 1.27282 1.27529 
0.232047 0.275659 0.407149 0.419395 0.45717 0.496465 0.503986 0.583346 0.718706 0.798157 0.858825 0.900341 0.918712 0.991954 1.05827 1.08532 1.09198 1.2262 1.27282 1.27529 
0.232047 0.275659 0.407149 0.419395 0.45717 0.496465 0.503986 0.583346 0.718706 0.765768 0.798157 0.858825 0.900341 0.918712 0.991954 1.05827 1.08532 1.09198 1.2262 1.27282 
0.232047 0.275659 0.407149 0.419395 0.45717 0.496465 0.503986 0.583346 0.718706 0.765768 0.798157 0.858825 0.900341 0.918712 0.991954 1.05827 1.08532 1.09198 1.20718 1.2262 
0.232047 0.275659 0.407149 0.419395 0.45717 0.496465 0.503986 0.583346 0.718706 0.765768 0.798157 0.858825 0.900341 0.918712 0.991954 1.05827 1.08532 1.09198 1.20718 1.2262 
0.232047 0.275659 0.407149 0.419395 0.45717 0.496465 0.503986 0.583346 0.718706 0.765768 0.798157 0.858825 0.900341 0.918712 0.991954 1.05827 1.08532 1.09198 1.20718 1.2262 
0.232047 0.275659 0.407149 0.419395 0.45717 0.496465 0.503986 0.583346 0.718706 0.765768 0.798157 0.858825 0.900341 0.918712 0.991954 1.05827 1.08532 1.09198 1.20718 1.2262 
0.232047 0.275659 0.407149 0.419395 0.45717 0.496465 0.503986 0.583346 0.718706 0.765768 0.798157 0.858825 0.900341 0.918712 0.991954 1.05827 1.08532 1.09198 1.20718 1.2262 
0.232047 0.275659 0.407149 0.419395 0.45717 0.496465 0.503986 0.583346 0.718706 0.765768 0.798157 0.858825 0.900341 0.918712 0.991954 1.05827 1.08532 1.09198 1.20718 1.2262 
0.232047 0.275659 0.407149 0.419395 0.45717 0.496465 0.503986 0.583346 0.718706 0.765768 0.798157 0.858825 0.900341 0.918712 0.991954 1.05827 1.08532 1.09198 1.20718 1.2262 
0.232047 0.275659 0.394682 0.407149 0.419395 0.45717 0.496465 0.503986 0.583346 0.718706 0.765768 0.798157 0.858825 0.900341 0.918712 0.991954 1.05827 1.08532 1.09198 1.20718 
0.232047 0.275659 0.394682 0.407149 0.419395 0.45717 0.496465 0.503986 0.583346 0.718706 0.765768 0.798157 0.858825 0.900341 0.918712 0.991954 1.05827 1.08532 1.09198 1.20718 
0.232047 0.275659 0.394682 0.407149 0.419395 0.45717 0.496465 0.503986 0.583346 0.718706 0.765768 0.798157 0.858825 0.900341 0.918712 0.991954 1.05827 1.08532 1.09198 1.20718 
0.232047 0.275659 0.394682 0.407149 0.419395 0.45717 0.496465 0.503986 0.583346 0.718706 0.765768 0.798157 0.858825 0.900341 0.918712 0.991954 1.05827 1.08532 1.09198 1.20718 
0.232047 0.275659 0.394682 0.407149 0.419395 0.45717 0.496465 0.503986 0.583346 0.718706 0.765768 0.798157 0.858825 0.900341 0.918712 0.991954 1.05827 1.08532 1.09198 1.20718 
0.232047 0.275659 0.394682 0.407149 0.419395 0.45717 0.496465 0.503986 0.583346 0.718706 0.765768 0.798157 0.858825 0.900341 0.918712 0.991954 1.05827 1.08532 1.09198 1.20718 
0.232047 0.275659 0.394682 0.407149 0.419395 0.45717 0.496465 0.503986 0.583346 0.718706 0.765768 0.798157 0.858825 0.900341 0.918712 0.991954 1.05827 1.08532 1.09198 1.20718 
0.232047 0.275659 0.394682 0.407149 0.419395 0.45717 0.496465 0.503986 0.583346 0.718706 0.765768 0.798157 0.858825 0.900341 0.918712 0.991954 1.05827 1.08532 1.09198 1.20718 
0.232047 0.275659 0.394682 0.407149 0.419395 0.45717 0.496465 0.503986 0.583346 0.718706 0.765768 0.771714 0.798157 0.858825 0.900341 0.918712 0.991954 1.05827 1.08532 1.09198 
0.232047 0.275659 0.394682 0.407149 0.419395 0.45717 0.496465 0.503986 0.583346 0.718706 0.765768 0.771714 0.798157 0.858825 0.900341 0.918712 0.991954 1.05827 1.08532 1.09198 
0.232047 0.275659 0.394682 0.407149 0.419395 0.45717 0.496465 0.503986 0.583346 0.718706 0.765768 0.771714 0.798157 0.858825 0.900341 0.918712 0.991954 1.05827 1.08532 1.09198 
0.232047 0.275659 0.394682 0.407149 0.419395 0.45717 0.496465 0.503986 0.583346 0.718706 0.765768 0.771714 0.798157 0.858825 0.900341 0.918712 0.991954 1.05827 1.08532 1.09198 
0.232047 0.275659 0.394682 0.407149 0.419395 0.45717 0.496465 0.503986 0.583346 0.718706 0.765768 0.771714 0.798157 0.858825 0.900341 0.918712 0.991954 1.05827 1.08532 1.09198 
0.232047 0.275659 0.394682 0.407149 0.419395 0.45717 0.496465 0.503986 0.583346 0.718706 0.765768 0.771714 0.798157 0.858825 0.900341 0.918712 0.991954 1.05827 1.08532 1.09198 
0.232047 0.275659 0.394682 0.407149 0.419395 0.45717 0.496465 0.503986 0.583346 0.718706 0.765768 0.771714 0.798157 0.858825 0.900341 0.918712 0.991954 1.05827 1.08532 1.09198 
0.232047 0.275659 0.394682 0.407149 0.419395 0.45717 0.496465 0.503986 0.583346 0.718706 0.765768 0.771714 0.798157 0.858825 0.900341 0.918712 0.991954 1.05827 1.08532 1.09198 
0.232047 0.275659 0.394682 0.407149 0.419395 0.45717 0.496465 0.503986 0.583346 0.718706 0.765768 0.771714 0.798157 0.858825 0.900341 0.918712 0.991954 1.05827 1.08532 1.09198 
0.232047 0.275659 0.394682 0.407149 0.419395 0.45717 0.496465 0.503986 0.583346 0.718706 0.765768 0.771714 0.798157 0.858825 0.900341 0.918712 0.991954 1.05827 1.08532 1.09198 
0.232047 0.275659 0.394682 0.407149 0.419395 0.45717 0.496465 0.503986 0.583346 0.718706 0.765768 0.771714 0.798157 0.858825 0.900341 0.918712 0.991954 1.05827 1.08532 1.09198 
0.232047 0.275659 0.394682 0.407149 0.419395 0.45717 0.496465 0.503986 0.583346 0.718706 0.765768 0.771714 0.798157 0.858825 0.900341 0.918712 0.991954 1.05827 1.08532 1.09198 
0.232047 0.275659 0.394682 0.407149 0.419395 0.45717 0.496465 0.503986 0.583346 0.718706 0.765768 0.771714 0.798157 0.858825 0.900341 0.918712 0.991954 1.05827 1.08532 1.09198 
0.232047 0.275659 0.394682 0.407149 0.419395 0.45717 0.496465 0.503986 0.583346 0.718706 0.765768 0.771714 0.798157 0.858825 0.900341 0.918712 0.991954 1.05827 1.08532 1.09198 
0.232047 0.275659 0.394682 0.407149 0.419395 0.45717 0.496465 0.503986 0.583346 0.718706 0.765768 0.771714 0.798157 0.858825 0.900341 0.918712 0.991954 1.05827 1.08532 1.09198 
0.232047 0.275659 0.394682 0.407149 0.419395 0.45717 0.496465 0.503986 0.583346 0.718706 0.765768 0.771714 0.798157 0.858825 0.900341 0.918712 0.991954 1.05827 1.08532 1.09198 
0.232047 0.275659 0.394682 0.407149 0.419395 0.45717 0.496465 0.503986 0.583346 0.718706 0.765768 0.771714 0.798157 0.858825 0.900341 0.918712 0.991954 1.05827 1.08532 1.09198 
0.232047 0.275659 0.394682 0.407149 0.419395 0.45717 0.496465 0.503986 0.583346 0.718706 0.765768 0.771714 0.798157 0.858825 0.900341 0.918712 0.991954 1.05827 1.08532 1.09198 
0.232047 0.275659 0.394682 0.407149 0.419395 0.45717 0.496465 0.503986 0.583346 0.718706 0.765768 0.771714 0.798157 0.858825 0.900341 0.918712 0.991954 1.05827 1.08532 1.09198 
0.232047 0.275659 0.394682 0.407149 0.419395 0.45717 0.496465 0.503986 0.583346 0.718706 0.765768 0.771714 0.798157 0.858825 0.900341 0.918712 0.991954 1.05827 1.08532 1.09198 
0.232047 0.275659 0.394682 0.407149 0.419395 0.45717 0.496465 0.503986 0.583346 0.718706 0.765768 0.771714 0.798157 0.858825 0.900341 0.918712 0.991954 1.05827 1.08532 1.09198 
0.232047 0.275659 0.394682 0.407149 0.419395 0.45717 0.496465 0.503986 0.583346 0.718706 0.765768 0.771714 0.798157 0.858825 0.900341 0.918712 0.991954 1.05827 1.08532 1.09198 
0.232047 0.275659 0.394682 0.407149 0.419395 0.45717 0.496465 0.503986 0.583346 0.718706 0.765768 0.771714 0.798157 0.858825 0.900341 0.918712 0.991954 1.05827 1.08532 1.09198 
0.232047 0.275659 0.394682 0.407149 0.419395 0.45717 0.496465 0.503986 0.583346 0.718706 0.765768 0.771714 0.798157 0.858825 0.900341 0.918712 0.991954 1.05827 1.08532 1.09198 
0.232047 0.275659 0.394682 0.407149 0.419395 0.45717 0.496465 0.503986 0.583346 0.718706 0.765768 0.771714 0.798157 0.858825 0.900341 0.918712 0.991954 1.05827 1.08532 1.09198 
0.232047 0.275659 0.394682 0.407149 0.419395 0.45717 0.496465 0.503986 0.583346 0.718706 0.765768 0.771714 0.798157 0.858825 0.900341 0.918712 0.991954 1.05827 1.08532 1.09198 
0.232047 0.275659 0.394682 0.407149 0.419395 0.45717 0.496465 0.503986 0.583346 0.718706 0.765768 0.771714 0.798157 0.858825 0.900341 0.918712 0.991954 1.05827 1.08532 1.09198 
0.232047 0.275659 0.394682 0.407149 0.419395 0.45717 0.496465 0.503986 0.583346 0.718706 0.765768 0.771714 0.798157 0.858825 0.900341 0.918712 0.991954 1.05827 1.08532 1.09198 
0.232047 0.275659 0.394682 0.407149 0.419395 0.45717 0.496465 0.503986 0.583346 0.718706 0.765768 0.771714 0.798157 0.858825 0.900341 0.918712 0.991954 1.05827 1.08532 1.09198 
0.232047 0.275659 0.394682 0.407149 0.419395 0.45717 0.496465 0.503986 0.583346 0.718706 0.765768 0.771714 0.798157 0.858825 0.900341 0.918712 0.991954 1.05827 1.08532 1.09198 
0.232047 0.275659 0.394682 0.407149 0.419395 0.45717 0.496465 0.503986 0.583346 0.718706 0.765768 0.771714 0.798157 0.858825 0.900341 0.918712 0.991954 1.05827 1.08532 1.09198 
0.232047 0.275659 0.394682 0.407149 0.419395 0.45717 0.496465 0.503986 0.583346 0.718706 0.765768 0.771714 0.798157 0.858825 0.900341 0.918712 0.991954 1.05827 1.08532 1.09198 
0.232047 0.275659 0.394682 0.407149 0.419395 0.45717 0.496465 0.503986 0.583346 0.718706 0.765768 0.771714 0.798157 0.858825 0.900341 0.918712 0.991954 1.05827 1.08532 1.09198 
