2.96477 3.07941 3.16703 3.19193 3.22138 3.46307 3.64609 3.66451 3.84268 3.93008 4.0178 4.46626 4.5776 5.38495 5.67595 5.85067 6.15226 6.4778 6.80805 7.46397 
2.07911 2.11596 2.56797 2.84918 2.96477 3.07941 3.16703 3.19193 3.22138 3.28403 3.46307 3.48043 3.64609 3.66451 3.81197 3.84268 3.93008 4.0178 4.11936 4.20019 
1.60294 1.68879 1.717 2.07911 2.11596 2.19996 2.56797 2.84918 2.96477 3.07941 3.16703 3.19193 3.22138 3.28403 3.37878 3.46307 3.48043 3.64609 3.66451 3.68213 
0.530617 1.29225 1.60294 1.68879 1.717 2.07911 2.09317 2.11596 2.19996 2.56797 2.84918 2.96477 3.07941 3.16703 3.19193 3.22138 3.28403 3.37878 3.46307 3.48043 
0.530617 1.29225 1.60294 1.68879 1.717 2.07911 2.09317 2.11596 2.19996 2.56797 2.61368 2.84918 2.96477 2.96575 3.07941 3.16703 3.19193 3.22138 3.28403 3.37878 
0.530617 1.29225 1.60294 1.68879 1.717 2.07911 2.09317 2.11596 2.13382 2.19996 2.43732 2.56797 2.61368 2.84918 2.96477 2.96575 3.07941 3.08841 3.16703 3.19193 
0.530617 1.14931 1.15553 1.21728 1.29225 1.56959 1.60294 1.68879 1.717 2.07911 2.09317 2.11596 2.13382 2.19996 2.43732 2.48494 2.48861 2.56797 2.61368 2.84918 
0.530617 1.14931 1.15553 1.21728 1.29225 1.56959 1.60294 1.63101 1.68879 1.717 2.07911 2.09317 2.11596 2.13382 2.19996 2.43732 2.48494 2.48861 2.56797 2.61368 
0.530617 0.926895 1.11058 1.14931 1.15553 1.21728 1.25381 1.29225 1.56959 1.60294 1.63101 1.68879 1.717 1.83995 2.05622 2.07911 2.09317 2.11596 2.13382 2.19996 
0.530617 0.926895 1.11058 1.14931 1.15553 1.21728 1.25381 1.29225 1.56959 1.60294 1.63101 1.68879 1.717 1.83995 1.96329 2.05622 2.07911 2.09317 2.11596 2.13382 
0.530617 0.926895 1.11058 1.14931 1.15553 1.21728 1.25381 1.29225 1.56959 1.60294 1.63101 1.68879 1.717 1.83995 1.88004 1.96329 2.05622 2.07165 2.07911 2.09317 
0.26038 0.530617 0.926895 1.11058 1.14931 1.15553 1.21728 1.25381 1.29225 1.35444 1.52124 1.56959 1.60294 1.63101 1.68879 1.69204 1.7169 1.717 1.83995 1.88004 
0.26038 0.530617 0.926895 1.11058 1.14931 1.15553 1.21728 1.25381 1.29225 1.35444 1.52124 1.56959 1.60294 1.63101 1.68879 1.69204 1.7169 1.717 1.83995 1.88004 
0.26038 0.530617 0.926895 1.11058 1.14931 1.15553 1.21728 1.25381 1.29225 1.35444 1.52124 1.56959 1.60294 1.63101 1.68879 1.69204 1.7169 1.717 1.83995 1.88004 
0.26038 0.530617 0.926895 1.11058 1.14931 1.15553 1.21728 1.25381 1.29225 1.35444 1.52124 1.56959 1.60294 1.63101 1.68879 1.69204 1.7169 1.717 1.83995 1.88004 
0.26038 0.530617 0.926895 1.11058 1.14931 1.15553 1.21728 1.25381 1.29225 1.34945 1.35444 1.52124 1.56959 1.60294 1.63101 1.68879 1.69204 1.7169 1.717 1.83995 
0.26038 0.530617 0.926895 0.954114 1.11058 1.14931 1.15553 1.21728 1.25381 1.29225 1.34945 1.35444 1.52124 1.56959 1.60294 1.63101 1.68879 1.69204 1.7169 1.717 
0.26038 0.530617 0.926895 0.954114 1.11058 1.14931 1.15553 1.20647 1.21728 1.25381 1.29225 1.34945 1.35444 1.37802 1.52124 1.56959 1.60294 1.63101 1.68879 1.69204 
0.26038 0.530617 0.926895 0.954114 1.11058 1.14931 1.15553 1.20647 1.21728 1.25381 1.29225 1.34945 1.35444 1.37802 1.52124 1.56959 1.60294 1.63101 1.68879 1.69204 
0.26038 0.530617 0.926895 0.954114 1.11058 1.14931 1.15553 1.20647 1.21728 1.25381 1.29225 1.34945 1.35444 1.37802 1.52124 1.56959 1.60294 1.63101 1.68879 1.69204 
0.26038 0.394921 0.530617 0.596469 0.926895 0.954114 1.11058 1.14931 1.15553 1.20647 1.21728 1.25381 1.29225 1.34945 1.35444 1.37802 1.52124 1.56959 1.60294 1.63101 
0.26038 0.394921 0.530617 0.596469 0.926895 0.954114 1.11058 1.14931 1.15553 1.20647 1.21728 1.25381 1.29225 1.34945 1.35444 1.37802 1.52124 1.56959 1.60294 1.63101 
0.26038 0.394921 0.530617 0.596469 0.926895 0.954114 1.11058 1.14931 1.15553 1.20647 1.21728 1.25381 1.29225 1.34945 1.35444 1.37802 1.52124 1.56959 1.60294 1.63101 
0.26038 0.394921 0.530617 0.596469 0.926895 0.954114 1.11058 1.14931 1.15553 1.20647 1.21728 1.25381 1.29225 1.34945 1.35444 1.37802 1.52124 1.56959 1.60294 1.63101 
0.26038 0.394921 0.530617 0.596469 0.926895 0.954114 1.11058 1.14931 1.15553 1.20647 1.21728 1.25381 1.29225 1.34945 1.35444 1.37802 1.52124 1.56959 1.60294 1.63101 
0.26038 0.394921 0.530617 0.596469 0.926895 0.954114 1.11058 1.14931 1.15553 1.20647 1.21728 1.25381 1.29225 1.34945 1.35444 1.37802 1.52124 1.56959 1.60294 1.63101 
0.26038 0.394921 0.530617 0.596469 0.926895 0.954114 1.11058 1.14931 1.15553 1.20647 1.21728 1.25183 1.25381 1.29225 1.34945 1.35444 1.37802 1.52124 1.56959 1.60294 
0.26038 0.394921 0.530617 0.596469 0.864579 0.926895 0.954114 1.11058 1.14931 1.15553 1.20647 1.21728 1.25183 1.25381 1.29225 1.34945 1.35444 1.37802 1.52124 1.56959 
0.26038 0.394921 0.530617 0.596469 0.864579 0.926895 0.954114 1.11058 1.14246 1.14931 1.15553 1.20647 1.21728 1.25183 1.25381 1.29225 1.34945 1.35444 1.37802 1.52124 
0.26038 0.394921 0.530617 0.570816 0.596469 0.864579 0.926895 0.954114 1.11058 1.14246 1.14931 1.15553 1.20647 1.21728 1.25183 1.25381 1.29225 1.34945 1.35444 1.37802 
0.26038 0.394921 0.4139 0.530617 0.570816 0.591255 0.596469 0.864579 0.926895 0.954114 1.11058 1.14246 1.14931 1.15553 1.20647 1.21728 1.25183 1.25381 1.29225 1.34945 
0.26038 0.394921 0.4139 0.530617 0.570816 0.591255 0.596469 0.864579 0.926895 0.954114 1.11058 1.14246 1.14931 1.15553 1.20647 1.21728 1.25183 1.25381 1.29225 1.34945 
0.26038 0.394921 0.4139 0.530617 0.570816 0.591255 0.596469 0.864579 0.926895 0.954114 1.11058 1.14246 1.14931 1.15553 1.20647 1.21728 1.25183 1.25381 1.29225 1.34945 
0.26038 0.394921 0.4139 0.530617 0.570816 0.591255 0.596469 0.864579 0.926895 0.954114 1.11058 1.14246 1.14931 1.15553 1.20647 1.21728 1.25183 1.25381 1.29225 1.34945 
0.26038 0.394921 0.4139 0.530617 0.570816 0.591255 0.596469 0.864579 0.926895 0.954114 1.11058 1.14246 1.14931 1.15553 1.20647 1.21728 1.25183 1.25381 1.29225 1.34945 
0.26038 0.394921 0.4139 0.530617 0.570816 0.591255 0.596469 0.864579 0.926895 0.954114 1.11058 1.14246 1.14931 1.15553 1.20647 1.21728 1.25183 1.25381 1.29225 1.34945 
0.26038 0.394921 0.4139 0.530617 0.570816 0.591255 0.596469 0.864579 0.926895 0.954114 1.11058 1.14246 1.14931 1.15553 1.20647 1.21728 1.25183 1.25381 1.29225 1.34945 
0.26038 0.394921 0.4139 0.530617 0.570816 0.591255 0.596469 0.864579 0.926895 0.954114 1.11058 1.14246 1.14931 1.15553 1.20647 1.21728 1.25183 1.25381 1.29225 1.34945 
0.26038 0.394921 0.4139 0.530617 0.570816 0.591255 0.596469 0.864579 0.926895 0.954114 1.11058 1.14246 1.14931 1.15553 1.20647 1.21728 1.25183 1.25381 1.29225 1.34945 
0.26038 0.394921 0.4139 0.530617 0.570816 0.591255 0.596469 0.864579 0.926895 0.954114 1.11058 1.14246 1.14931 1.15553 1.20647 1.21728 1.25183 1.25381 1.29225 1.32767 
0.26038 0.394921 0.4139 0.530617 0.570816 0.591255 0.596469 0.864579 0.926895 0.954114 1.11058 1.14246 1.14931 1.15553 1.20647 1.21728 1.25183 1.25381 1.25448 1.29225 
0.26038 0.394921 0.4139 0.530617 0.570816 0.591255 0.596469 0.864579 0.926895 0.93549 0.954114 1.11058 1.14246 1.14931 1.15553 1.20647 1.21728 1.25183 1.25381 1.25448 
0.26038 0.394921 0.4139 0.530617 0.570816 0.591255 0.596469 0.864579 0.926895 0.93549 0.954114 1.11058 1.14246 1.14931 1.15553 1.19346 1.20647 1.21728 1.25183 1.25381 
0.26038 0.394921 0.4139 0.530617 0.570816 0.591255 0.596469 0.864579 0.926895 0.93549 0.954114 1.11058 1.14246 1.14931 1.15553 1.19346 1.20647 1.21728 1.25183 1.25381 
0.26038 0.394921 0.4139 0.530617 0.570816 0.591255 0.596469 0.864579 0.926895 0.93549 0.954114 1.11058 1.14246 1.14931 1.15553 1.19346 1.20647 1.21728 1.25183 1.25381 
0.26038 0.394921 0.4139 0.451587 0.530617 0.570816 0.591255 0.596469 0.864579 0.926895 0.93549 0.954114 1.11058 1.14246 1.14931 1.15553 1.19346 1.20647 1.21728 1.25183 
0.26038 0.394921 0.4139 0.451587 0.530617 0.570816 0.591255 0.596469 0.864579 0.926895 0.93549 0.954114 1.11058 1.14246 1.14931 1.15553 1.19346 1.20647 1.21728 1.25183 
0.26038 0.394921 0.4139 0.451587 0.530617 0.570816 0.591255 0.596469 0.864579 0.926895 0.93549 0.954114 1.11058 1.14246 1.14931 1.15553 1.19346 1.20647 1.21728 1.25183 
0.255463 0.26038 0.394921 0.4139 0.451587 0.530617 0.570816 0.591255 0.596469 0.864579 0.926895 0.93549 0.954114 1.11058 1.14246 1.14931 1.15553 1.16389 1.19346 1.20647 
0.255463 0.26038 0.262105 0.379104 0.394921 0.4139 0.451587 0.530617 0.570816 0.591255 0.596469 0.864579 0.926895 0.93549 0.954114 1.11058 1.14246 1.14931 1.15553 1.16389 
0.142749 0.255463 0.26038 0.262105 0.379104 0.394921 0.4139 0.451587 0.530617 0.570816 0.591255 0.596469 0.864579 0.926895 0.93549 0.954114 1.11058 1.14246 1.14931 1.15553 
0.142749 0.255463 0.26038 0.262105 0.330163 0.379104 0.394921 0.4139 0.451587 0.530617 0.570816 0.591255 0.596469 0.864579 0.926895 0.93549 0.954114 1.11058 1.14246 1.14931 
0.142749 0.255463 0.26038 0.262105 0.330163 0.379104 0.394921 0.4139 0.451587 0.530617 0.570816 0.591255 0.596469 0.864579 0.926895 0.93549 0.954114 1.11058 1.14246 1.14931 
0.142749 0.255463 0.26038 0.262105 0.330163 0.379104 0.394921 0.4139 0.451587 0.530617 0.570816 0.591255 0.596469 0.864579 0.926895 0.93549 0.954114 1.11058 1.14246 1.14931 
0.142749 0.255463 0.26038 0.262105 0.330163 0.379104 0.394921 0.4139 0.451587 0.530617 0.570816 0.591255 0.596469 0.864579 0.926895 0.93549 0.954114 1.11058 1.14246 1.14931 
0.142749 0.255463 0.26038 0.262105 0.330163 0.379104 0.394921 0.4139 0.451587 0.530617 0.570816 0.591255 0.596469 0.864579 0.926895 0.93549 0.954114 1.11058 1.14246 1.14931 
0.142749 0.255463 0.26038 0.262105 0.330163 0.379104 0.394921 0.4139 0.451587 0.530617 0.570816 0.591255 0.596469 0.864579 0.926895 0.93549 0.954114 1.11058 1.14246 1.14931 
0.142749 0.255463 0.26038 0.262105 0.330163 0.379104 0.394921 0.4139 0.451587 0.530617 0.570816 0.591255 0.596469 0.864579 0.926895 0.93549 0.954114 1.11058 1.14246 1.14931 
0.142749 0.255463 0.26038 0.262105 0.330163 0.379104 0.394921 0.4139 0.451587 0.530617 0.570816 0.591255 0.596469 0.864579 0.926895 0.93549 0.954114 1.06853 1.11058 1.14246 
0.142749 0.255463 0.26038 0.262105 0.330163 0.379104 0.394921 0.4139 0.451587 0.530617 0.570816 0.591255 0.596469 0.864579 0.926895 0.93549 0.954114 1.06853 1.11058 1.14246 
0.142749 0.255463 0.26038 0.262105 0.330163 0.379104 0.394921 0.4139 0.451587 0.530617 0.570816 0.591255 0.596469 0.864579 0.926895 0.93549 0.954114 1.06853 1.11058 1.14246 
0.142749 0.255463 0.26038 0.262105 0.30281 0.330163 0.379104 0.394921 0.4139 0.451587 0.530617 0.570816 0.591255 0.596469 0.864579 0.926895 0.93549 0.954114 1.06853 1.11058 
0.142749 0.255463 0.26038 0.262105 0.30281 0.330163 0.379104 0.394921 0.4139 0.451587 0.530617 0.570816 0.591255 0.596469 0.864579 0.926895 0.93549 0.954114 1.06853 1.11058 
0.142749 0.255463 0.26038 0.262105 0.30281 0.330163 0.379104 0.394921 0.4139 0.451587 0.530617 0.570816 0.591255 0.596469 0.864579 0.926895 0.93549 0.954114 1.06853 1.11058 
0.142749 0.255463 0.26038 0.262105 0.30281 0.330163 0.379104 0.394921 0.4139 0.451587 0.530617 0.570816 0.591255 0.596469 0.864579 0.926895 0.93549 0.954114 1.06853 1.11058 
0.142749 0.255463 0.26038 0.262105 0.30281 0.330163 0.379104 0.394921 0.4139 0.451587 0.530617 0.570816 0.591255 0.596469 0.864579 0.926895 0.93549 0.954114 1.06853 1.11058 
0.142749 0.255463 0.26038 0.262105 0.30281 0.330163 0.379104 0.394921 0.4139 0.451587 0.530617 0.570816 0.591255 0.596469 0.864579 0.926895 0.93549 0.954114 1.06853 1.11058 
0.142749 0.255463 0.26038 0.262105 0.30281 0.330163 0.379104 0.394921 0.4139 0.451587 0.530617 0.570816 0.591255 0.596469 0.864579 0.926895 0.93549 0.954114 1.06853 1.11058 
0.142749 0.255463 0.26038 0.262105 0.30281 0.330163 0.379104 0.394921 0.4139 0.451587 0.530617 0.570816 0.591255 0.596469 0.864579 0.926895 0.93549 0.954114 1.06853 1.11058 
0.142749 0.255463 0.26038 0.262105 0.30281 0.330163 0.379104 0.394921 0.4139 0.451587 0.530617 0.570816 0.591255 0.596469 0.864579 0.926895 0.93549 0.954114 1.06853 1.11058 
0.142749 0.255463 0.26038 0.262105 0.30281 0.330163 0.379104 0.394921 0.4139 0.451587 0.530617 0.570816 0.591255 0.596469 0.864579 0.926895 0.93549 0.954114 1.06853 1.11058 
0.142749 0.255463 0.26038 0.262105 0.30281 0.330163 0.379104 0.394921 0.4139 0.451587 0.530617 0.570816 0.591255 0.596469 0.864579 0.926895 0.93549 0.954114 1.06853 1.11058 
0.142749 0.255463 0.26038 0.262105 0.30281 0.330163 0.379104 0.394921 0.4139 0.451587 0.530617 0.570816 0.591255 0.596469 0.864579 0.926895 0.93549 0.954114 1.06853 1.11058 
0.142749 0.255463 0.26038 0.262105 0.30281 0.330163 0.379104 0.394921 0.4139 0.451587 0.530617 0.570816 0.591255 0.596469 0.864579 0.926895 0.93549 0.954114 1.06853 1.11058 
0.142749 0.255463 0.26038 0.262105 0.30281 0.330163 0.379104 0.394921 0.4139 0.451587 0.530617 0.570816 0.591255 0.596469 0.864579 0.926895 0.93549 0.954114 1.06853 1.11058 
0.142749 0.255463 0.26038 0.262105 0.30281 0.330163 0.379104 0.394921 0.4139 0.451587 0.530617 0.570816 0.591255 0.596469 0.864579 0.926895 0.93549 0.954114 1.06853 1.11058 
0.142749 0.255463 0.26038 0.262105 0.30281 0.330163 0.379104 0.394921 0.4139 0.451587 0.530617 0.570816 0.591255 0.596469 0.864579 0.926895 0.93549 0.954114 1.06853 1.11058 
0.142749 0.255463 0.26038 0.262105 0.30281 0.330163 0.379104 0.394921 0.4139 0.451587 0.530617 0.570816 0.591255 0.596469 0.864579 0.926895 0.93549 0.954114 1.06853 1.11058 
0.142749 0.255463 0.26038 0.262105 0.30281 0.330163 0.379104 0.394921 0.4139 0.451587 0.530617 0.570816 0.591255 0.596469 0.864579 0.926895 0.93549 0.954114 1.06853 1.11058 
0.142749 0.255463 0.26038 0.262105 0.30281 0.330163 0.379104 0.394921 0.4139 0.451587 0.530617 0.570816 0.591255 0.596469 0.864579 0.926895 0.93549 0.954114 1.06853 1.11058 
0.142749 0.255463 0.26038 0.262105 0.30281 0.330163 0.379104 0.394921 0.4139 0.451587 0.530617 0.570816 0.591255 0.596469 0.864579 0.926895 0.93549 0.954114 1.06853 1.11058 
0.142749 0.255463 0.26038 0.262105 0.30281 0.330163 0.379104 0.394921 0.4139 0.451587 0.530617 0.570816 0.591255 0.596469 0.864579 0.926895 0.93549 0.954114 1.06853 1.11058 
0.142749 0.255463 0.26038 0.262105 0.30281 0.330163 0.379104 0.394921 0.4139 0.451587 0.530617 0.570816 0.591255 0.596469 0.864579 0.926895 0.93549 0.954114 1.06853 1.11058 
0.142749 0.255463 0.26038 0.262105 0.30281 0.330163 0.379104 0.394921 0.4139 0.451587 0.530617 0.570816 0.591255 0.596469 0.864579 0.926895 0.93549 0.954114 1.06853 1.11058 
0.142749 0.255463 0.26038 0.262105 0.30281 0.330163 0.379104 0.394921 0.4139 0.451587 0.530617 0.570816 0.591255 0.596469 0.864579 0.926895 0.93549 0.954114 1.06853 1.11058 
0.142749 0.255463 0.26038 0.262105 0.30281 0.330163 0.379104 0.394921 0.4139 0.451587 0.530617 0.570816 0.591255 0.596469 0.864579 0.926895 0.93549 0.954114 1.06853 1.11058 
0.142749 0.255463 0.26038 0.262105 0.30281 0.330163 0.379104 0.394921 0.4139 0.451587 0.530617 0.570816 0.591255 0.596469 0.864579 0.926895 0.93549 0.954114 1.06853 1.11058 
0.142749 0.255463 0.26038 0.262105 0.30281 0.330163 0.379104 0.394921 0.4139 0.451587 0.530617 0.570816 0.591255 0.596469 0.864579 0.926895 0.93549 0.954114 1.06853 1.11058 
0.142749 0.255463 0.26038 0.262105 0.30281 0.330163 0.379104 0.394921 0.4139 0.451587 0.530617 0.570816 0.591255 0.596469 0.864579 0.926895 0.93549 0.954114 1.06853 1.11058 
0.142749 0.255463 0.26038 0.262105 0.30281 0.330163 0.379104 0.394921 0.4139 0.451587 0.530617 0.570816 0.591255 0.596469 0.864579 0.926895 0.93549 0.954114 1.06853 1.11058 
0.142749 0.255463 0.26038 0.262105 0.30281 0.330163 0.379104 0.394921 0.4139 0.451587 0.530617 0.570816 0.591255 0.596469 0.864579 0.926895 0.93549 0.954114 1.06853 1.11058 
0.142749 0.255463 0.26038 0.262105 0.30281 0.330163 0.379104 0.394921 0.4139 0.451587 0.530617 0.570816 0.591255 0.596469 0.864579 0.926895 0.93549 0.954114 1.06853 1.11058 
0.142749 0.255463 0.26038 0.262105 0.30281 0.330163 0.379104 0.394921 0.4139 0.451587 0.530617 0.570816 0.591255 0.596469 0.864579 0.926895 0.93549 0.954114 1.06853 1.11058 
0.142749 0.255463 0.26038 0.262105 0.30281 0.330163 0.379104 0.394921 0.4139 0.451587 0.530617 0.570816 0.591255 0.596469 0.864579 0.926895 0.93549 0.954114 1.06853 1.11058 
0.142749 0.255463 0.26038 0.262105 0.30281 0.330163 0.379104 0.394921 0.4139 0.451587 0.530617 0.570816 0.591255 0.596469 0.864579 0.926895 0.93549 0.954114 1.06853 1.11058 
0.142749 0.255463 0.26038 0.262105 0.30281 0.330163 0.379104 0.394921 0.4139 0.451587 0.530617 0.570816 0.591255 0.596469 0.864579 0.926895 0.93549 0.954114 1.06853 1.11058 
0.142749 0.255463 0.26038 0.262105 0.30281 0.330163 0.379104 0.394921 0.4139 0.451587 0.530617 0.570816 0.591255 0.596469 0.864579 0.926895 0.93549 0.954114 1.06853 1.11058 
0.142749 0.255463 0.26038 0.262105 0.30281 0.330163 0.379104 0.394921 0.4139 0.451587 0.530617 0.570816 0.591255 0.596469 0.864579 0.926895 0.93549 0.954114 1.06853 1.11058 
0.142749 0.255463 0.26038 0.262105 0.30281 0.330163 0.379104 0.394921 0.4139 0.451587 0.530617 0.570816 0.591255 0.596469 0.864579 0.926895 0.93549 0.954114 1.06853 1.11058 
0.142749 0.255463 0.26038 0.262105 0.30281 0.330163 0.379104 0.394921 0.4139 0.451587 0.530617 0.570816 0.591255 0.596469 0.864579 0.926895 0.93549 0.954114 1.06853 1.11058 
