4.47435 5.2609 5.31675 5.58282 5.99799 6.04307 6.05259 6.1022 6.28453 6.72608 7.39086 7.67553 7.69637 7.73508 7.86298 7.96892 8.07917 8.09038 8.59701 8.77562 
3.51915 4.47435 5.2609 5.31675 5.58282 5.99799 6.04307 6.05259 6.1022 6.27451 6.28453 6.51214 6.72608 7.33652 7.39086 7.59235 7.67553 7.69637 7.73508 7.84054 
3.51915 4.47435 5.2609 5.31675 5.58282 5.99799 6.04307 6.05259 6.1022 6.27451 6.28453 6.51214 6.72608 7.33652 7.39086 7.59235 7.67553 7.69637 7.73508 7.76443 
3.51915 4.47435 5.2609 5.31675 5.58282 5.99799 6.04307 6.05259 6.1022 6.20581 6.27451 6.28453 6.51214 6.72608 7.33652 7.39086 7.59235 7.67553 7.69637 7.73508 
3.51915 4.47435 4.56835 5.2609 5.31675 5.58282 5.99799 6.04307 6.05259 6.1022 6.20581 6.27451 6.28453 6.51214 6.72608 7.33652 7.39086 7.59235 7.67553 7.69637 
3.51915 4.47435 4.56835 5.2609 5.31675 5.58282 5.99799 6.04307 6.05259 6.1022 6.20581 6.27451 6.28453 6.51214 6.72608 7.33652 7.39086 7.59235 7.67553 7.69637 
3.51915 4.47435 4.55978 4.56835 5.2609 5.31675 5.58282 5.99799 6.04307 6.05259 6.1022 6.20581 6.27451 6.28453 6.51214 6.72608 6.86331 7.32485 7.33652 7.39086 
3.51915 4.47435 4.55978 4.56835 5.2609 5.31675 5.58282 5.99799 6.04307 6.05259 6.1022 6.20581 6.27451 6.28453 6.51214 6.72608 6.86331 7.32485 7.33652 7.39086 
3.51915 4.47435 4.55978 4.56835 5.2609 5.31675 5.58282 5.99799 6.04307 6.05259 6.1022 6.20581 6.27451 6.28453 6.51214 6.72608 6.86331 7.32485 7.33652 7.39086 
3.51915 4.47435 4.55978 4.56835 5.2609 5.31675 5.58282 5.99799 6.04307 6.05259 6.1022 6.16348 6.20581 6.27451 6.28453 6.51214 6.72608 6.86331 7.32485 7.33652 
2.76262 3.51915 3.83409 4.47435 4.55978 4.56835 5.2609 5.31675 5.58282 5.99799 6.04307 6.05259 6.1022 6.16348 6.20581 6.27451 6.28453 6.51214 6.72608 6.86331 
2.76262 3.51915 3.83409 4.47435 4.55978 4.56835 5.2609 5.31675 5.58282 5.99799 6.04307 6.05259 6.1022 6.16348 6.20581 6.27451 6.28453 6.51214 6.72608 6.86331 
2.76262 3.51915 3.83409 4.47435 4.55978 4.56835 5.2609 5.31675 5.58282 5.99799 6.04307 6.05259 6.1022 6.16348 6.20581 6.27451 6.28453 6.50269 6.51214 6.72608 
2.76262 3.51915 3.83409 4.47435 4.55978 4.56835 5.2609 5.31675 5.58282 5.99799 6.04307 6.05259 6.1022 6.16348 6.20581 6.27451 6.28453 6.50269 6.51214 6.72608 
2.76262 3.51915 3.83409 4.47435 4.55978 4.56835 5.2609 5.31675 5.58282 5.76054 5.99799 6.04307 6.05259 6.1022 6.16348 6.20581 6.27451 6.28453 6.50269 6.51214 
2.76262 3.51915 3.83409 4.43429 4.47435 4.55978 4.56835 5.2609 5.31675 5.58282 5.7286 5.76054 5.99799 6.04307 6.05259 6.1022 6.16348 6.20581 6.27451 6.28453 
2.76262 3.51915 3.83409 4.43429 4.47435 4.55978 4.56835 5.2609 5.31675 5.58282 5.7286 5.76054 5.99799 6.04307 6.05259 6.1022 6.16348 6.20581 6.27451 6.28453 
2.76262 3.51915 3.83409 4.43429 4.47435 4.55978 4.56835 5.2609 5.31675 5.58282 5.7286 5.76054 5.96995 5.99799 6.04307 6.05259 6.1022 6.16348 6.20581 6.27451 
2.76262 3.51915 3.83409 4.43429 4.47435 4.55978 4.56835 5.2609 5.31675 5.58282 5.7286 5.76054 5.96995 5.99799 6.04307 6.05259 6.1022 6.16348 6.20581 6.27451 
2.76262 3.51915 3.83409 4.43429 4.47435 4.55978 4.56835 5.2609 5.31675 5.58282 5.7286 5.76054 5.96995 5.99799 6.04307 6.05259 6.1022 6.16348 6.20581 6.27451 
2.76262 2.77869 3.51915 3.83409 4.43429 4.47435 4.55978 4.56835 5.2609 5.31675 5.58282 5.7286 5.76054 5.96995 5.99799 6.04307 6.05259 6.1022 6.16348 6.20581 
2.76262 2.77869 3.51915 3.83409 4.43429 4.47435 4.55978 4.56835 5.2609 5.31675 5.58282 5.7286 5.76054 5.80169 5.96995 5.99799 6.04307 6.05259 6.1022 6.16348 
2.76262 2.77869 3.51915 3.83409 4.43429 4.47435 4.55978 4.56835 5.2609 5.31675 5.58282 5.7286 5.76054 5.80169 5.96995 5.99799 6.04307 6.05259 6.1022 6.13312 
2.76262 2.77869 3.51915 3.60097 3.83409 4.43429 4.47435 4.55978 4.56835 5.2609 5.31675 5.58282 5.7286 5.76054 5.80169 5.96995 5.99799 6.04307 6.05259 6.1022 
2.76262 2.77869 3.51915 3.60097 3.83409 4.43429 4.47435 4.55978 4.56835 5.2609 5.31675 5.58282 5.7286 5.76054 5.80169 5.8516 5.96995 5.99799 6.04307 6.05259 
2.76262 2.77869 3.51915 3.60097 3.83409 4.40515 4.43429 4.47435 4.55978 4.56835 4.58026 5.2609 5.31675 5.58282 5.7286 5.76054 5.80169 5.8516 5.96995 5.99799 
2.76262 2.77869 3.51915 3.60097 3.83409 4.40515 4.43429 4.47435 4.50604 4.55978 4.56835 4.58026 4.67702 5.2609 5.31675 5.58282 5.7286 5.76054 5.80169 5.8516 
2.76262 2.77869 3.51915 3.60097 3.83409 3.9282 4.40515 4.43429 4.47435 4.50604 4.55978 4.56835 4.58026 4.67702 5.2609 5.31675 5.58282 5.7286 5.76054 5.80169 
2.76262 2.77869 2.81972 3.31732 3.51915 3.60097 3.83409 3.9282 4.40515 4.43429 4.47435 4.50604 4.5371 4.55978 4.56835 4.58026 4.67702 4.68827 5.2609 5.31675 
2.76262 2.77869 2.81972 3.31732 3.51915 3.60097 3.83409 3.9282 4.04848 4.40515 4.43429 4.47435 4.50604 4.5371 4.55978 4.56835 4.58026 4.67702 4.68827 4.77796 
2.76262 2.77869 2.81972 3.31732 3.51915 3.60097 3.83409 3.9282 4.04848 4.34605 4.40515 4.43429 4.46424 4.47435 4.50604 4.5371 4.55978 4.56835 4.58026 4.67702 
2.75534 2.76262 2.77869 2.81972 3.31732 3.51915 3.60097 3.83409 3.9282 4.04848 4.34605 4.40515 4.43429 4.46424 4.47435 4.50604 4.5371 4.55978 4.56835 4.58026 
2.75534 2.76262 2.77869 2.81951 2.81972 3.31732 3.51915 3.56836 3.60097 3.72533 3.83409 3.9282 4.04848 4.34605 4.40515 4.43429 4.46424 4.47435 4.50604 4.5371 
2.75534 2.76262 2.77869 2.81951 2.81972 3.31732 3.43186 3.51915 3.56836 3.60097 3.72533 3.83409 3.9282 4.04848 4.34605 4.40515 4.43429 4.46424 4.47435 4.50604 
2.75534 2.76262 2.77869 2.81951 2.81972 3.31732 3.43186 3.51915 3.56836 3.60097 3.72533 3.83409 3.9282 4.04848 4.215 4.34605 4.40515 4.43429 4.45586 4.46424 
2.75534 2.76262 2.77869 2.81951 2.81972 2.87346 3.25315 3.31732 3.43186 3.51915 3.56836 3.60097 3.72533 3.83409 3.9282 4.04848 4.215 4.34605 4.40515 4.43429 
2.60896 2.75534 2.76262 2.77869 2.81951 2.81972 2.87346 3.25315 3.31732 3.43186 3.51915 3.56836 3.60097 3.72533 3.83409 3.9282 4.04848 4.215 4.34605 4.40515 
2.60896 2.75534 2.76262 2.77869 2.81951 2.81972 2.87346 3.25315 3.31732 3.43186 3.43482 3.51915 3.56836 3.60097 3.72533 3.83409 3.9282 4.04848 4.215 4.23434 
2.60896 2.75534 2.76262 2.77869 2.81951 2.81972 2.87346 3.25315 3.31732 3.43186 3.43482 3.51915 3.56836 3.60097 3.72533 3.83409 3.9282 4.04848 4.13005 4.215 
2.60896 2.75534 2.76262 2.77869 2.81951 2.81972 2.87346 3.25315 3.31732 3.43186 3.43482 3.51915 3.56836 3.60097 3.72533 3.83409 3.9282 4.04848 4.12397 4.13005 
2.60896 2.75534 2.76262 2.77869 2.81951 2.81972 2.87346 3.14809 3.25315 3.31732 3.43186 3.43482 3.51915 3.56243 3.56836 3.60097 3.72533 3.77811 3.83409 3.9282 
2.60896 2.75534 2.76262 2.77869 2.81951 2.81972 2.87346 3.14809 3.25315 3.31732 3.43186 3.43482 3.51915 3.56243 3.56836 3.60097 3.72533 3.76337 3.77811 3.83409 
2.60896 2.75534 2.76262 2.77869 2.81951 2.81972 2.87346 2.8834 3.14809 3.25194 3.25315 3.31732 3.43186 3.43482 3.51915 3.56243 3.56836 3.60097 3.72533 3.76337 
2.60896 2.75534 2.76262 2.77869 2.81951 2.81972 2.87346 2.8834 3.14809 3.25194 3.25315 3.31732 3.43186 3.43482 3.51915 3.56243 3.56836 3.60097 3.61739 3.69274 
2.60896 2.75534 2.76262 2.77869 2.81951 2.81972 2.87346 2.8834 3.14809 3.25194 3.25315 3.31732 3.43186 3.43482 3.51915 3.56243 3.56836 3.60097 3.61739 3.69274 
2.60896 2.75534 2.76262 2.77869 2.81951 2.81972 2.87346 2.8834 2.92097 3.14809 3.16597 3.25194 3.25315 3.31732 3.43186 3.43482 3.51915 3.56243 3.56836 3.60097 
1.87427 2.60896 2.6098 2.75534 2.76262 2.77869 2.81951 2.81972 2.87346 2.8834 2.92097 3.14809 3.16597 3.25194 3.25315 3.31732 3.43186 3.43482 3.51915 3.56243 
1.87427 2.60896 2.6098 2.75534 2.76262 2.77869 2.81951 2.81972 2.87346 2.8834 2.92097 3.14749 3.14809 3.16481 3.16597 3.23714 3.25194 3.25315 3.31732 3.35417 
1.87427 2.60896 2.6098 2.75534 2.76262 2.77869 2.80751 2.81951 2.81972 2.87346 2.8834 2.92097 2.99038 3.14749 3.14809 3.16481 3.16597 3.23714 3.25194 3.25315 
1.87427 2.60896 2.6098 2.75534 2.76262 2.77869 2.80751 2.81951 2.81972 2.87346 2.8834 2.92097 2.99038 3.04214 3.11389 3.14749 3.14809 3.16481 3.16597 3.23714 
1.33194 1.87427 2.60896 2.6098 2.75534 2.76262 2.77869 2.80751 2.81951 2.81972 2.87346 2.8834 2.92097 2.99038 3.04214 3.11389 3.14749 3.14809 3.16481 3.16597 
1.33194 1.87427 2.60896 2.6098 2.75534 2.76262 2.77869 2.80751 2.81951 2.81972 2.87346 2.8834 2.92097 2.99038 3.04214 3.11389 3.14749 3.14809 3.16481 3.16597 
1.33194 1.87427 2.60896 2.6098 2.75534 2.76262 2.77869 2.80751 2.81951 2.81972 2.87346 2.8834 2.92097 2.99038 3.04214 3.11389 3.14749 3.14809 3.16481 3.16597 
1.33194 1.87427 2.60896 2.6098 2.75534 2.7601 2.76262 2.77869 2.80751 2.81951 2.81972 2.87346 2.8834 2.92097 2.99038 3.04214 3.11044 3.11389 3.14749 3.14809 
1.33194 1.87427 2.60896 2.6098 2.75534 2.7601 2.76262 2.77869 2.80751 2.81494 2.81951 2.81972 2.87346 2.8834 2.92097 2.99038 3.04214 3.11044 3.11389 3.14749 
1.33194 1.71945 1.87427 2.60896 2.6098 2.74799 2.75534 2.7601 2.76262 2.77869 2.80751 2.81494 2.81951 2.81972 2.87346 2.8834 2.92097 2.99038 3.04214 3.11044 
1.33194 1.71945 1.87427 2.60896 2.6098 2.74799 2.75534 2.7601 2.76262 2.77869 2.80751 2.81494 2.81951 2.81972 2.87346 2.8834 2.92097 2.98259 2.99038 3.04214 
1.33194 1.71945 1.87427 2.60896 2.6098 2.74799 2.75534 2.7601 2.76262 2.77869 2.80751 2.81494 2.81951 2.81972 2.87346 2.8834 2.92097 2.98259 2.99038 3.04214 
1.33194 1.71945 1.87427 2.49419 2.60896 2.6098 2.74799 2.75534 2.7601 2.76262 2.77869 2.80751 2.81494 2.81951 2.81972 2.87346 2.8834 2.92097 2.98259 2.99038 
1.33194 1.71945 1.87427 2.49419 2.60896 2.6098 2.74799 2.75534 2.7601 2.76262 2.77869 2.80751 2.81494 2.81951 2.81972 2.87346 2.8834 2.92097 2.98099 2.98259 
1.33194 1.71945 1.87427 2.49419 2.60896 2.6098 2.74799 2.75534 2.7601 2.76262 2.77869 2.80751 2.81494 2.81951 2.81972 2.87346 2.8834 2.92097 2.98099 2.98259 
1.33194 1.71945 1.87427 2.49419 2.60896 2.6098 2.74799 2.75534 2.7601 2.76262 2.77869 2.80751 2.81494 2.81951 2.81972 2.87346 2.8834 2.92097 2.98099 2.98259 
1.33194 1.71945 1.87427 2.30781 2.49419 2.60896 2.6098 2.74799 2.75534 2.7601 2.76262 2.77869 2.80751 2.81494 2.81951 2.81972 2.87346 2.8834 2.92097 2.98099 
1.33194 1.71945 1.87427 2.30781 2.49419 2.60896 2.6098 2.74799 2.75534 2.7601 2.76262 2.77869 2.80751 2.81494 2.81951 2.81972 2.87346 2.8834 2.92097 2.98099 
1.33194 1.71945 1.87427 2.30781 2.49419 2.60896 2.6098 2.74799 2.75534 2.7601 2.76262 2.77869 2.80751 2.81241 2.81494 2.81951 2.81972 2.87346 2.8834 2.92097 
1.33194 1.71945 1.87427 2.30781 2.49419 2.60896 2.6098 2.74799 2.75534 2.7601 2.76262 2.77869 2.80751 2.81241 2.81494 2.81951 2.81972 2.87346 2.8834 2.92097 
1.33194 1.71945 1.87427 2.30781 2.49419 2.60896 2.6098 2.74799 2.75534 2.7601 2.76262 2.77869 2.80751 2.81241 2.81494 2.81951 2.81972 2.87346 2.8834 2.92097 
1.33194 1.71945 1.87427 2.30781 2.49419 2.60896 2.6098 2.67374 2.74799 2.75534 2.7601 2.76262 2.77869 2.80751 2.8098 2.81241 2.81494 2.81951 2.81972 2.87346 
1.33194 1.71945 1.87427 2.30781 2.49419 2.60896 2.6098 2.67374 2.74799 2.75534 2.7601 2.76262 2.77869 2.80751 2.8098 2.81241 2.81494 2.81951 2.81972 2.87346 
1.33194 1.71945 1.87427 2.30781 2.49419 2.60896 2.6098 2.67374 2.74799 2.75534 2.7601 2.76262 2.77869 2.80751 2.8098 2.81241 2.81494 2.81951 2.81972 2.87346 
1.33194 1.71945 1.87427 2.30781 2.49419 2.59111 2.60896 2.6098 2.67374 2.74799 2.75534 2.7601 2.76262 2.77869 2.80751 2.8098 2.81241 2.81494 2.81951 2.81972 
1.33194 1.71945 1.87427 2.30781 2.49419 2.59111 2.60896 2.6098 2.67374 2.74799 2.75534 2.7601 2.76262 2.77869 2.80751 2.8098 2.81241 2.81494 2.81951 2.81972 
1.33194 1.71945 1.87427 2.10412 2.30781 2.47153 2.49419 2.59111 2.60896 2.6098 2.67374 2.68632 2.74799 2.75534 2.7601 2.76262 2.77869 2.80751 2.8098 2.81241 
1.33194 1.71945 1.87427 2.10412 2.16233 2.30781 2.41021 2.4204 2.4205 2.47153 2.49419 2.534 2.59111 2.60896 2.6098 2.67374 2.68632 2.74799 2.75534 2.7601 
1.33194 1.71945 1.87427 2.10412 2.16233 2.30781 2.41021 2.4204 2.4205 2.47153 2.4791 2.49419 2.534 2.59111 2.60896 2.6098 2.63318 2.67374 2.68632 2.73933 
1.33194 1.71945 1.87427 2.10412 2.16233 2.20542 2.26884 2.30781 2.41021 2.4204 2.4205 2.47153 2.4791 2.49419 2.534 2.59111 2.60896 2.6098 2.63318 2.67374 
1.33194 1.71945 1.76123 1.87427 2.10412 2.16233 2.20542 2.26884 2.30781 2.41021 2.4204 2.4205 2.47153 2.4791 2.49419 2.534 2.59111 2.60896 2.6098 2.63318 
1.33194 1.71945 1.76123 1.78327 1.87427 2.10412 2.16233 2.20542 2.26884 2.30781 2.41021 2.4204 2.4205 2.47153 2.4791 2.49419 2.534 2.59111 2.60896 2.6098 
1.33194 1.71945 1.76123 1.76831 1.78327 1.87427 2.10412 2.16233 2.20542 2.22446 2.26884 2.30781 2.41021 2.4204 2.4205 2.47153 2.4791 2.49419 2.534 2.59111 
1.33194 1.71945 1.72563 1.76123 1.76831 1.78327 1.87069 1.87427 1.89866 1.91204 2.10412 2.16233 2.20542 2.22446 2.26884 2.30781 2.37948 2.41021 2.4204 2.4205 
1.33194 1.71945 1.72563 1.76123 1.76831 1.78327 1.87069 1.87427 1.89866 1.90741 1.91204 1.99638 2.10412 2.16233 2.20542 2.22446 2.26884 2.30781 2.37948 2.41021 
1.33194 1.71945 1.72563 1.76123 1.76831 1.78327 1.87069 1.87427 1.89866 1.90741 1.91204 1.99638 2.04062 2.10412 2.16233 2.16575 2.19911 2.20542 2.22446 2.23962 
1.33194 1.71945 1.72563 1.76123 1.76831 1.78327 1.87069 1.87427 1.89866 1.90741 1.91204 1.99638 2.03256 2.04062 2.10412 2.16233 2.16575 2.18711 2.19911 2.20542 
1.27638 1.33194 1.48814 1.71945 1.72563 1.76123 1.76831 1.78327 1.87069 1.87427 1.89866 1.90741 1.91204 1.93117 1.99638 2.03256 2.04062 2.10412 2.16233 2.16575 
1.21581 1.27638 1.33194 1.3876 1.38873 1.48814 1.50218 1.63774 1.71945 1.72563 1.76123 1.76831 1.78327 1.87069 1.87427 1.89866 1.90741 1.91204 1.93117 1.99638 
1.21581 1.27166 1.27435 1.27638 1.33194 1.3876 1.38873 1.48814 1.50218 1.56043 1.60694 1.63774 1.71945 1.72563 1.76123 1.76831 1.77336 1.78327 1.87069 1.87427 
1.21581 1.27166 1.27435 1.27638 1.33194 1.34836 1.3876 1.38873 1.48814 1.50218 1.56043 1.60694 1.60753 1.6103 1.63774 1.71945 1.72563 1.76123 1.76831 1.77336 
1.21581 1.24344 1.27166 1.27435 1.27638 1.33194 1.34836 1.3876 1.38873 1.48814 1.50218 1.56043 1.60694 1.60753 1.6103 1.63774 1.71945 1.72236 1.72563 1.76123 
0.950192 0.991069 1.17204 1.21581 1.24344 1.27166 1.27435 1.27638 1.33194 1.34836 1.3876 1.38873 1.39324 1.48814 1.50218 1.55267 1.56043 1.60694 1.60753 1.6103 
0.950192 0.991069 1.17204 1.21581 1.24344 1.24842 1.27166 1.27435 1.27638 1.33194 1.34836 1.3876 1.38873 1.39324 1.48814 1.50218 1.55267 1.56043 1.60694 1.60753 
0.950192 0.991069 1.13046 1.17204 1.21581 1.24344 1.24842 1.27166 1.27435 1.27638 1.33194 1.34836 1.3876 1.38873 1.39324 1.48814 1.50218 1.55267 1.56043 1.60694 
0.950192 0.991069 1.08907 1.13046 1.17204 1.21581 1.24344 1.24842 1.25484 1.27166 1.27435 1.27638 1.32851 1.33194 1.34836 1.3876 1.38873 1.39324 1.48814 1.50218 
0.909775 0.950192 0.991069 1.07827 1.08907 1.13046 1.17204 1.17533 1.21581 1.24344 1.24842 1.25484 1.27166 1.27435 1.27638 1.32803 1.32851 1.33194 1.34836 1.3876 
0.843582 0.909775 0.950192 0.991069 1.07827 1.08726 1.08907 1.13046 1.17204 1.17533 1.21581 1.24344 1.24842 1.25484 1.27166 1.27435 1.27638 1.30711 1.32803 1.32851 
0.721186 0.764484 0.831816 0.843582 0.909775 0.950192 0.991069 1.02258 1.07827 1.08726 1.08907 1.13046 1.17204 1.17533 1.21581 1.24344 1.24842 1.25484 1.27166 1.27435 
0.721186 0.764484 0.831816 0.843582 0.897971 0.909775 0.950192 0.991069 1.02258 1.07496 1.07827 1.08726 1.08907 1.13046 1.17204 1.17533 1.21581 1.24344 1.24842 1.25484 
0.712302 0.721186 0.764484 0.831816 0.843582 0.897971 0.909775 0.950192 0.991069 1.02258 1.06433 1.07496 1.07827 1.08726 1.08907 1.13046 1.17204 1.17533 1.21581 1.24344 
0.712302 0.721186 0.762173 0.764484 0.775267 0.817417 0.823781 0.831816 0.843582 0.861779 0.897971 0.909775 0.950192 0.957754 0.991069 1.02258 1.06433 1.07496 1.07827 1.08726 
0.712302 0.721186 0.762173 0.764484 0.775267 0.78493 0.817417 0.823781 0.831816 0.843582 0.8439 0.861779 0.897971 0.909775 0.936416 0.950192 0.957754 0.991069 1.01345 1.02258 
0.712302 0.721186 0.762173 0.764484 0.767557 0.775267 0.78493 0.817417 0.823781 0.829516 0.831816 0.843582 0.8439 0.861779 0.897971 0.909775 0.936416 0.950192 0.957754 0.991069 
