3.28011 4.04094 5.47303 5.8969 6.13367 6.60252 6.912 7.0515 7.562 7.57285 7.65957 7.78458 7.94075 8.02562 8.11895 8.31729 8.55418 8.71458 9.03668 9.2999 
3.28011 3.67258 4.04094 4.75066 5.47303 5.59193 5.8969 6.13367 6.60252 6.912 7.0515 7.35396 7.562 7.57285 7.65957 7.78458 7.94075 8.02562 8.11895 8.31729 
3.28011 3.67258 4.04094 4.46944 4.52833 4.75066 5.47303 5.59193 5.83902 5.8969 5.9637 6.13367 6.23035 6.31255 6.38458 6.60252 6.912 7.0515 7.33974 7.35396 
2.75532 3.28011 3.67258 4.04094 4.46944 4.52833 4.75066 4.8232 5.47303 5.59193 5.83902 5.84384 5.8969 5.9637 6.13367 6.23035 6.31255 6.35834 6.38458 6.60252 
2.75532 3.28011 3.62281 3.67258 4.04094 4.4179 4.46944 4.52833 4.75066 4.8232 5.0018 5.47303 5.59193 5.62756 5.83902 5.84384 5.8969 5.9637 6.13367 6.23035 
2.75532 3.28011 3.28576 3.62281 3.67258 4.04094 4.26982 4.4179 4.46944 4.52833 4.75066 4.8232 5.0014 5.0018 5.47303 5.59193 5.62756 5.83902 5.84384 5.8969 
2.75532 3.28011 3.28576 3.62281 3.67258 4.04094 4.26982 4.29125 4.4179 4.46944 4.52833 4.75066 4.8232 5.0014 5.0018 5.47303 5.59193 5.62756 5.76632 5.83902 
2.75532 3.28011 3.28576 3.51261 3.62281 3.67258 3.68217 4.04094 4.26982 4.29125 4.4179 4.46944 4.52833 4.75066 4.8232 5.0014 5.0018 5.47303 5.59193 5.62756 
2.75532 2.76653 3.28011 3.28576 3.51261 3.62281 3.67258 3.68217 4.04094 4.26982 4.29125 4.4179 4.46944 4.52833 4.75066 4.8232 5.0014 5.0018 5.32955 5.42485 
2.75532 2.76653 3.28011 3.28576 3.51261 3.62281 3.67258 3.68217 4.04094 4.26982 4.29125 4.4179 4.46944 4.52833 4.75066 4.8232 5.0014 5.0018 5.32955 5.33921 
2.75532 2.76653 3.28011 3.28576 3.51261 3.59169 3.62281 3.67258 3.68217 3.74109 4.04094 4.06046 4.26982 4.29125 4.41319 4.4179 4.46944 4.52833 4.75066 4.8232 
2.75532 2.76653 3.28011 3.28576 3.51261 3.59169 3.62281 3.67258 3.68217 3.74109 4.04094 4.06046 4.13615 4.26982 4.29125 4.41319 4.4179 4.46944 4.52833 4.75066 
2.75532 2.76653 3.28011 3.28576 3.51261 3.59169 3.62281 3.67258 3.68217 3.74109 3.75818 3.78485 3.96798 4.04094 4.06046 4.13615 4.26982 4.29125 4.41319 4.4179 
2.75532 2.76653 3.28011 3.28576 3.51261 3.59169 3.62281 3.67258 3.68217 3.74109 3.75818 3.78485 3.81324 3.96798 4.04094 4.06046 4.13615 4.19091 4.26982 4.29125 
2.75532 2.76653 3.1447 3.28011 3.28576 3.51261 3.59169 3.62281 3.67258 3.68217 3.74109 3.75818 3.78485 3.80441 3.81324 3.96798 4.04094 4.06046 4.13615 4.14186 
2.75532 2.76653 3.1447 3.28011 3.28576 3.37597 3.51261 3.59169 3.62281 3.67258 3.68217 3.7388 3.74109 3.75818 3.78485 3.80441 3.81324 3.84964 3.96798 4.04094 
2.75532 2.76653 3.06076 3.1447 3.19925 3.28011 3.28576 3.37597 3.47259 3.51261 3.59169 3.62281 3.67258 3.68217 3.7388 3.74109 3.75818 3.78485 3.80441 3.81324 
2.75532 2.76653 2.97626 3.06076 3.1447 3.19925 3.28011 3.28576 3.37597 3.45989 3.47259 3.51261 3.51719 3.59169 3.62281 3.67231 3.67258 3.68217 3.71191 3.7388 
2.75532 2.76653 2.97626 3.02936 3.06076 3.1447 3.19925 3.27771 3.28011 3.28576 3.37597 3.45989 3.47259 3.51261 3.51719 3.59169 3.62281 3.67231 3.67258 3.68217 
2.75532 2.76653 2.93501 2.97626 3.02936 3.06076 3.12263 3.1447 3.19925 3.27771 3.28011 3.28271 3.28576 3.37597 3.45989 3.47259 3.51261 3.51719 3.59169 3.62281 
2.75532 2.76653 2.93501 2.97626 3.02936 3.06076 3.12263 3.1447 3.19925 3.23984 3.27771 3.28011 3.28271 3.28576 3.37597 3.42497 3.45989 3.47259 3.51261 3.51719 
2.75532 2.76653 2.93501 2.97626 3.02936 3.06076 3.12263 3.1447 3.19925 3.20388 3.20649 3.22102 3.23984 3.27771 3.28011 3.28271 3.28576 3.37597 3.42497 3.4282 
2.75532 2.76653 2.93501 2.97626 3.02936 3.06076 3.12263 3.1447 3.19925 3.20388 3.20649 3.22102 3.23984 3.27771 3.28011 3.28271 3.28576 3.37597 3.42497 3.4282 
2.68108 2.75532 2.76653 2.93501 2.97626 3.02936 3.06076 3.12263 3.1447 3.19925 3.20388 3.20649 3.22102 3.23984 3.25827 3.27771 3.28011 3.28271 3.28576 3.37597 
0.777675 2.68108 2.75532 2.76653 2.93501 2.97626 3.02936 3.06076 3.09636 3.12263 3.1447 3.19925 3.20388 3.20649 3.22102 3.23984 3.25184 3.25827 3.27771 3.28011 
0.777675 1.80376 2.68108 2.75532 2.76653 2.93501 2.97626 3.02936 3.06076 3.09636 3.12263 3.1447 3.19925 3.20388 3.20649 3.21187 3.22102 3.23984 3.25184 3.25827 
0.777675 1.80376 2.68108 2.75081 2.75532 2.76653 2.93501 2.94742 2.97626 3.02936 3.06076 3.09636 3.12263 3.1447 3.19925 3.20388 3.20649 3.21187 3.22102 3.23984 
0.777675 1.80376 2.21062 2.68108 2.75081 2.75532 2.76653 2.93501 2.94742 2.97626 3.00591 3.02936 3.06076 3.09636 3.12263 3.1447 3.1552 3.19925 3.20388 3.20649 
0.777675 1.80376 1.84682 2.21062 2.68108 2.75081 2.75532 2.76653 2.8379 2.93501 2.94742 2.97626 3.00591 3.02936 3.06076 3.09636 3.12263 3.13328 3.1447 3.1552 
0.777675 1.30951 1.80376 1.84682 2.21062 2.62898 2.68108 2.75081 2.75532 2.76653 2.8379 2.93501 2.94742 2.97626 3.00591 3.02936 3.06076 3.09636 3.12263 3.13328 
0.777675 1.30951 1.80376 1.84682 2.15675 2.21062 2.62898 2.68108 2.75081 2.75532 2.76653 2.8379 2.93501 2.94742 2.97626 3.00591 3.02936 3.06076 3.06685 3.09636 
0.777675 1.30951 1.80376 1.84682 2.15675 2.21062 2.62898 2.68108 2.75081 2.75532 2.76653 2.8379 2.93501 2.94742 2.97626 3.00591 3.02936 3.06076 3.06685 3.09636 
0.777675 1.30951 1.80376 1.84682 2.15675 2.21062 2.62898 2.68108 2.75081 2.75532 2.76653 2.8379 2.93501 2.94742 2.97626 3.00591 3.02936 3.06076 3.06685 3.09636 
0.777675 1.04504 1.30951 1.80376 1.84682 2.15675 2.21062 2.29238 2.62898 2.68108 2.73435 2.75081 2.75532 2.76653 2.8379 2.93501 2.94742 2.97626 3.00591 3.02936 
0.77657 0.777675 1.04504 1.30951 1.80376 1.84682 2.15675 2.21062 2.29238 2.45732 2.62898 2.68108 2.73435 2.75081 2.75251 2.75532 2.76311 2.76653 2.8379 2.93501 
0.73151 0.77657 0.777675 0.867099 0.993084 1.04504 1.30951 1.80376 1.84682 2.15675 2.21062 2.29238 2.45732 2.62125 2.62898 2.68108 2.73435 2.75081 2.75251 2.75532 
0.73151 0.77657 0.777675 0.867099 0.993084 1.04504 1.12816 1.30951 1.80376 1.8369 1.84682 2.15675 2.21062 2.29238 2.35759 2.45732 2.62125 2.62898 2.68108 2.73435 
0.73151 0.77657 0.777675 0.867099 0.993084 1.04504 1.12816 1.30951 1.80376 1.8369 1.84682 2.02925 2.15675 2.21062 2.29238 2.35759 2.45732 2.59205 2.62125 2.62898 
0.73151 0.77657 0.777675 0.867099 0.993084 1.04504 1.12816 1.30951 1.80376 1.8369 1.84682 2.02925 2.15675 2.21062 2.29238 2.35759 2.45732 2.59205 2.62125 2.62898 
0.353688 0.73151 0.77657 0.777675 0.867099 0.993084 1.04504 1.12816 1.30951 1.80376 1.8369 1.84682 2.02925 2.15675 2.21062 2.29238 2.35759 2.45732 2.59205 2.62125 
0.353688 0.73151 0.77657 0.777675 0.867099 0.993084 1.04504 1.12816 1.30951 1.80376 1.8369 1.84682 2.02925 2.12383 2.15675 2.21062 2.29238 2.35759 2.45732 2.59205 
0.353688 0.73151 0.77657 0.777675 0.867099 0.993084 1.04504 1.12816 1.30951 1.80376 1.8369 1.84682 2.02925 2.12383 2.15675 2.21062 2.29238 2.35759 2.45732 2.59205 
0.22063 0.353688 0.73151 0.77657 0.777675 0.867099 0.993084 1.04504 1.12816 1.30951 1.80376 1.8369 1.84682 2.02925 2.12383 2.15675 2.21062 2.29238 2.35759 2.45732 
0.22063 0.353688 0.73151 0.77657 0.777675 0.867099 0.941571 0.993084 1.04504 1.12816 1.30951 1.80376 1.8369 1.84682 2.02925 2.12383 2.15675 2.21062 2.29238 2.35759 
0.22063 0.353688 0.73151 0.77657 0.777675 0.867099 0.941571 0.993084 1.04504 1.12816 1.30951 1.80376 1.8369 1.84682 2.02925 2.12383 2.15675 2.21062 2.29238 2.35759 
0.22063 0.353688 0.73151 0.77657 0.777675 0.867099 0.892148 0.941571 0.993084 1.04504 1.12816 1.30951 1.80376 1.8369 1.84682 2.02925 2.12383 2.15675 2.21062 2.29238 
0.22063 0.353688 0.73151 0.77657 0.777675 0.867099 0.892148 0.941571 0.993084 1.04504 1.12816 1.30951 1.52249 1.80376 1.8369 1.84682 2.02925 2.12383 2.15675 2.21062 
0.22063 0.353688 0.73151 0.77657 0.777675 0.867099 0.892148 0.941571 0.993084 1.04504 1.09113 1.12816 1.30951 1.52249 1.80376 1.8369 1.84682 2.02925 2.12383 2.15675 
0.22063 0.353688 0.73151 0.77657 0.777675 0.867099 0.892148 0.941571 0.993084 1.04504 1.09113 1.12816 1.23412 1.30951 1.52249 1.80376 1.8369 1.84682 2.02925 2.12383 
0.22063 0.353688 0.432122 0.73151 0.77657 0.777675 0.867099 0.892148 0.941571 0.993084 1.04504 1.09113 1.12816 1.23412 1.30951 1.52249 1.80376 1.8369 1.84682 2.02925 
0.22063 0.353688 0.432122 0.73151 0.77657 0.777675 0.867099 0.892148 0.941571 0.993084 1.04504 1.09113 1.12816 1.23412 1.30951 1.52249 1.65022 1.80376 1.83076 1.8369 
0.22063 0.353688 0.432122 0.73151 0.77657 0.777675 0.867099 0.892148 0.941571 0.993084 1.04504 1.09113 1.12816 1.23412 1.30951 1.52249 1.65022 1.80376 1.83076 1.8369 
0.22063 0.353688 0.432122 0.73151 0.77657 0.777675 0.867099 0.892148 0.941571 0.993084 1.04504 1.09113 1.12816 1.23412 1.30951 1.52249 1.65022 1.80376 1.83076 1.8369 
0.22063 0.353688 0.432122 0.73151 0.77657 0.777675 0.867099 0.892148 0.941571 0.993084 1.04504 1.09113 1.12816 1.23412 1.30951 1.52249 1.65022 1.80376 1.83076 1.8369 
0.22063 0.353688 0.432122 0.73151 0.77657 0.777675 0.867099 0.892148 0.941571 0.993084 1.04504 1.09113 1.12816 1.23412 1.30951 1.52249 1.65022 1.80376 1.83076 1.8369 
0.22063 0.353688 0.432122 0.73151 0.77657 0.777675 0.867099 0.892148 0.941571 0.993084 1.04504 1.09113 1.12816 1.23412 1.30951 1.52249 1.65022 1.80376 1.83076 1.8369 
0.22063 0.353688 0.432122 0.73151 0.77657 0.777675 0.867099 0.892148 0.941571 0.993084 1.04504 1.09113 1.12816 1.23412 1.30951 1.52249 1.65022 1.80376 1.83076 1.8369 
0.22063 0.353688 0.432122 0.73151 0.77657 0.777675 0.867099 0.892148 0.941571 0.993084 1.04504 1.09113 1.12816 1.23412 1.30951 1.52249 1.65022 1.80376 1.83076 1.8369 
0.22063 0.353688 0.432122 0.73151 0.77657 0.777675 0.867099 0.892148 0.941571 0.993084 1.04504 1.09113 1.12816 1.23412 1.30951 1.52249 1.65022 1.80376 1.83076 1.8369 
0.22063 0.353688 0.432122 0.73151 0.77657 0.777675 0.867099 0.892148 0.941571 0.993084 1.04504 1.09113 1.12816 1.23412 1.30951 1.52249 1.65022 1.80376 1.83076 1.8369 
0.22063 0.353688 0.432122 0.73151 0.77657 0.777675 0.867099 0.892148 0.941571 0.993084 1.04504 1.09113 1.12816 1.23412 1.30951 1.52249 1.65022 1.80376 1.83076 1.8369 
0.22063 0.353688 0.432122 0.73151 0.77657 0.777675 0.867099 0.892148 0.941571 0.993084 1.04504 1.09113 1.12816 1.23412 1.30951 1.52249 1.65022 1.80376 1.83076 1.8369 
0.22063 0.353688 0.432122 0.73151 0.77657 0.777675 0.867099 0.892148 0.941571 0.993084 1.04504 1.09113 1.12816 1.23412 1.30951 1.52249 1.65022 1.80376 1.83076 1.8369 
0.22063 0.353688 0.432122 0.73151 0.77657 0.777675 0.867099 0.892148 0.941571 0.993084 1.04504 1.09113 1.12816 1.23412 1.30951 1.52249 1.65022 1.80376 1.83076 1.8369 
0.22063 0.353688 0.432122 0.73151 0.77657 0.777675 0.867099 0.892148 0.941571 0.993084 1.04504 1.09113 1.12816 1.23412 1.30951 1.52249 1.65022 1.80376 1.83076 1.8369 
0.22063 0.353688 0.432122 0.73151 0.77657 0.777675 0.867099 0.892148 0.941571 0.993084 1.04504 1.09113 1.12816 1.23412 1.30951 1.52249 1.65022 1.80376 1.83076 1.8369 
0.22063 0.353688 0.432122 0.73151 0.77657 0.777675 0.867099 0.892148 0.941571 0.993084 1.04504 1.09113 1.12816 1.23412 1.30951 1.52249 1.65022 1.80376 1.83076 1.8369 
0.22063 0.353688 0.432122 0.73151 0.77657 0.777675 0.867099 0.892148 0.941571 0.993084 1.04504 1.09113 1.12816 1.23412 1.30951 1.52249 1.65022 1.80376 1.83076 1.8369 
0.22063 0.353688 0.432122 0.73151 0.77657 0.777675 0.867099 0.892148 0.941571 0.993084 1.04504 1.09113 1.12816 1.23412 1.30951 1.52249 1.65022 1.80376 1.83076 1.8369 
0.22063 0.353688 0.432122 0.73151 0.77657 0.777675 0.867099 0.892148 0.941571 0.993084 1.04504 1.09113 1.12816 1.23412 1.30951 1.52249 1.65022 1.80376 1.83076 1.8369 
0.22063 0.353688 0.432122 0.73151 0.77657 0.777675 0.867099 0.892148 0.941571 0.993084 1.04504 1.09113 1.12816 1.23412 1.30951 1.52249 1.65022 1.80376 1.83076 1.8369 
0.22063 0.353688 0.432122 0.73151 0.77657 0.777675 0.867099 0.892148 0.941571 0.993084 1.04504 1.09113 1.12816 1.23412 1.30951 1.52249 1.65022 1.80376 1.83076 1.8369 
0.22063 0.353688 0.432122 0.73151 0.77657 0.777675 0.867099 0.892148 0.941571 0.993084 1.04504 1.09113 1.12816 1.23412 1.30951 1.52249 1.65022 1.80376 1.83076 1.8369 
0.22063 0.353688 0.432122 0.73151 0.77657 0.777675 0.867099 0.892148 0.941571 0.993084 1.04504 1.09113 1.12816 1.23412 1.30951 1.52249 1.65022 1.80376 1.83076 1.8369 
0.22063 0.353688 0.432122 0.73151 0.77657 0.777675 0.867099 0.892148 0.941571 0.993084 1.04504 1.09113 1.12816 1.23412 1.30951 1.52249 1.65022 1.80376 1.83076 1.8369 
0.22063 0.353688 0.432122 0.73151 0.77657 0.777675 0.867099 0.892148 0.941571 0.993084 1.04504 1.09113 1.12816 1.23412 1.30951 1.52249 1.65022 1.80376 1.83076 1.8369 
0.22063 0.353688 0.432122 0.73151 0.77657 0.777675 0.867099 0.892148 0.941571 0.993084 1.04504 1.09113 1.12816 1.23412 1.30951 1.52249 1.65022 1.80376 1.83076 1.8369 
0.22063 0.353688 0.432122 0.73151 0.77657 0.777675 0.867099 0.892148 0.941571 0.993084 1.04504 1.09113 1.12816 1.23412 1.30951 1.52249 1.65022 1.80376 1.83076 1.8369 
0.22063 0.353688 0.432122 0.73151 0.77657 0.777675 0.867099 0.892148 0.941571 0.993084 1.04504 1.09113 1.12816 1.23412 1.30951 1.52249 1.65022 1.80376 1.83076 1.8369 
0.22063 0.353688 0.432122 0.73151 0.77657 0.777675 0.867099 0.892148 0.941571 0.993084 1.04504 1.09113 1.12816 1.23412 1.30951 1.52249 1.65022 1.80376 1.83076 1.8369 
0.22063 0.353688 0.432122 0.73151 0.77657 0.777675 0.867099 0.892148 0.941571 0.993084 1.04504 1.09113 1.12816 1.23412 1.30951 1.52249 1.65022 1.80376 1.83076 1.8369 
0.22063 0.353688 0.432122 0.73151 0.77657 0.777675 0.867099 0.892148 0.941571 0.993084 1.04504 1.09113 1.12816 1.23412 1.30951 1.52249 1.65022 1.80376 1.83076 1.8369 
0.22063 0.353688 0.432122 0.73151 0.77657 0.777675 0.867099 0.892148 0.941571 0.993084 1.04504 1.09113 1.12816 1.23412 1.30951 1.52249 1.65022 1.80376 1.83076 1.8369 
0.22063 0.353688 0.432122 0.73151 0.77657 0.777675 0.867099 0.892148 0.941571 0.993084 1.04504 1.09113 1.12816 1.23412 1.30951 1.52249 1.65022 1.80376 1.83076 1.8369 
0.22063 0.353688 0.432122 0.73151 0.77657 0.777675 0.867099 0.892148 0.941571 0.993084 1.04504 1.09113 1.12816 1.23412 1.30951 1.52249 1.65022 1.80376 1.83076 1.8369 
0.22063 0.353688 0.432122 0.73151 0.77657 0.777675 0.867099 0.892148 0.941571 0.993084 1.04504 1.09113 1.12816 1.23412 1.30951 1.52249 1.65022 1.80376 1.83076 1.8369 
0.22063 0.353688 0.432122 0.73151 0.77657 0.777675 0.867099 0.892148 0.941571 0.993084 1.04504 1.09113 1.12816 1.23412 1.30951 1.52249 1.65022 1.80376 1.83076 1.8369 
0.22063 0.353688 0.432122 0.73151 0.77657 0.777675 0.867099 0.892148 0.941571 0.993084 1.04504 1.09113 1.12816 1.23412 1.30951 1.52249 1.65022 1.80376 1.83076 1.8369 
0.22063 0.353688 0.432122 0.73151 0.77657 0.777675 0.867099 0.892148 0.941571 0.993084 1.04504 1.09113 1.12816 1.23412 1.30951 1.52249 1.65022 1.80376 1.83076 1.8369 
0.22063 0.353688 0.432122 0.73151 0.77657 0.777675 0.867099 0.892148 0.941571 0.993084 1.04504 1.09113 1.12816 1.23412 1.30951 1.52249 1.65022 1.80376 1.83076 1.8369 
0.22063 0.353688 0.432122 0.73151 0.77657 0.777675 0.867099 0.892148 0.941571 0.993084 1.04504 1.09113 1.12816 1.23412 1.30951 1.52249 1.65022 1.80376 1.83076 1.8369 
0.22063 0.353688 0.432122 0.73151 0.77657 0.777675 0.867099 0.892148 0.941571 0.993084 1.04504 1.09113 1.12816 1.23412 1.30951 1.52249 1.65022 1.80376 1.83076 1.8369 
0.22063 0.353688 0.432122 0.73151 0.77657 0.777675 0.867099 0.892148 0.941571 0.993084 1.04504 1.09113 1.12816 1.23412 1.30951 1.52249 1.65022 1.80376 1.83076 1.8369 
0.22063 0.353688 0.432122 0.73151 0.77657 0.777675 0.867099 0.892148 0.941571 0.993084 1.04504 1.09113 1.12816 1.23412 1.30951 1.52249 1.65022 1.80376 1.83076 1.8369 
0.22063 0.353688 0.432122 0.73151 0.77657 0.777675 0.867099 0.892148 0.941571 0.993084 1.04504 1.09113 1.12816 1.23412 1.30951 1.52249 1.65022 1.80376 1.83076 1.8369 
0.22063 0.353688 0.432122 0.73151 0.77657 0.777675 0.867099 0.892148 0.941571 0.993084 1.04504 1.09113 1.12816 1.23412 1.30951 1.52249 1.65022 1.80376 1.83076 1.8369 
0.22063 0.353688 0.432122 0.73151 0.77657 0.777675 0.867099 0.892148 0.941571 0.993084 1.04504 1.09113 1.12816 1.23412 1.30951 1.52249 1.65022 1.80376 1.83076 1.8369 
0.22063 0.353688 0.432122 0.73151 0.77657 0.777675 0.867099 0.892148 0.941571 0.993084 1.04504 1.09113 1.12816 1.23412 1.30951 1.52249 1.65022 1.80376 1.83076 1.8369 
0.22063 0.353688 0.432122 0.73151 0.77657 0.777675 0.867099 0.892148 0.941571 0.993084 1.04504 1.09113 1.12816 1.23412 1.30951 1.52249 1.65022 1.80376 1.83076 1.8369 
0.22063 0.353688 0.432122 0.73151 0.77657 0.777675 0.867099 0.892148 0.941571 0.993084 1.04504 1.09113 1.12816 1.23412 1.30951 1.52249 1.65022 1.80376 1.83076 1.8369 
