1.56959 2.40472 2.66835 3.07002 3.61117 3.7417 3.78469 4.33097 4.56136 4.73688 6.16414 6.30369 6.32011 6.46978 6.76971 7.46301 7.60789 7.63683 7.68456 7.69893 
1.56959 1.82838 2.40472 2.66835 3.07002 3.61117 3.67439 3.7417 3.78469 4.01281 4.1076 4.33097 4.40471 4.56136 4.73688 4.77544 6.16414 6.30369 6.32011 6.46978 
1.56959 1.82838 2.40472 2.66835 3.07002 3.09289 3.52976 3.60386 3.61117 3.67439 3.7417 3.78469 4.01281 4.1076 4.20415 4.33097 4.40471 4.56136 4.58739 4.73688 
1.56959 1.82838 2.40472 2.66835 3.07002 3.09289 3.52976 3.60386 3.61117 3.62653 3.67439 3.7417 3.78469 4.01281 4.1076 4.18524 4.20415 4.26679 4.33097 4.40471 
1.56959 1.82838 2.40472 2.66835 3.07002 3.09289 3.52976 3.60386 3.61117 3.62653 3.64319 3.67439 3.7417 3.78469 3.9324 4.01281 4.1076 4.18524 4.20415 4.26679 
1.56959 1.82838 2.0166 2.40472 2.66835 3.07002 3.09289 3.52976 3.60386 3.61117 3.62653 3.64319 3.67439 3.7417 3.78469 3.9324 4.01281 4.1076 4.18524 4.20415 
1.56959 1.82838 2.0166 2.40472 2.66835 3.07002 3.09289 3.52976 3.60386 3.60703 3.61117 3.62653 3.64319 3.67439 3.7417 3.78469 3.9324 4.01281 4.1076 4.18524 
1.56959 1.82838 2.0166 2.40472 2.66835 3.07002 3.09289 3.52976 3.60386 3.60703 3.61117 3.62653 3.64319 3.67439 3.7417 3.78469 3.89154 3.9324 4.01281 4.1076 
1.56959 1.82838 2.0166 2.40472 2.66835 3.07002 3.09289 3.52976 3.60386 3.60703 3.61117 3.62653 3.64319 3.67439 3.7417 3.78469 3.89154 3.90916 3.9324 4.01281 
1.56959 1.82838 2.0166 2.40472 2.66835 3.07002 3.09289 3.52976 3.60386 3.60703 3.61117 3.62265 3.62653 3.64319 3.67439 3.7417 3.78469 3.81605 3.89154 3.90916 
1.56959 1.82838 2.0166 2.40472 2.66835 3.07002 3.09289 3.52976 3.60386 3.60703 3.61117 3.62265 3.62653 3.64319 3.67439 3.7417 3.78469 3.81605 3.89154 3.90916 
1.56959 1.82838 2.0166 2.40472 2.66835 3.07002 3.09289 3.52976 3.60386 3.60703 3.61117 3.62265 3.62653 3.64319 3.67439 3.7417 3.78469 3.81605 3.89154 3.90916 
1.56959 1.82838 2.0166 2.40472 2.66835 3.07002 3.09289 3.22041 3.52976 3.60386 3.60703 3.61117 3.62265 3.62653 3.64319 3.65537 3.67439 3.7417 3.78469 3.81605 
1.56959 1.82838 2.0166 2.40472 2.66835 3.07002 3.09168 3.09289 3.22041 3.52976 3.60386 3.60618 3.60703 3.61117 3.62265 3.62653 3.64319 3.65537 3.67439 3.7417 
1.56959 1.82838 2.0166 2.40472 2.66835 3.07002 3.09168 3.09289 3.22041 3.52976 3.53182 3.60386 3.60618 3.60703 3.61117 3.62265 3.62653 3.64319 3.65537 3.67439 
1.56959 1.82838 2.0166 2.40472 2.66835 3.07002 3.09168 3.09289 3.22041 3.52127 3.52976 3.53182 3.60386 3.60618 3.60703 3.61117 3.62265 3.62653 3.64319 3.65537 
1.56959 1.82838 2.0166 2.40472 2.66835 3.07002 3.09168 3.09289 3.22041 3.52127 3.52976 3.53182 3.60386 3.60618 3.60703 3.61117 3.62265 3.62653 3.64319 3.65537 
1.56959 1.82838 2.0166 2.40472 2.66835 3.07002 3.09168 3.09289 3.22041 3.52127 3.52976 3.53182 3.60386 3.60618 3.60703 3.61117 3.62265 3.62653 3.64319 3.65537 
1.56959 1.82838 2.0166 2.40472 2.66835 3.07002 3.09168 3.09289 3.22041 3.52127 3.52976 3.53182 3.60386 3.60618 3.60703 3.61117 3.62265 3.62653 3.64319 3.65537 
1.56959 1.82838 2.0166 2.40472 2.66835 3.07002 3.09168 3.09289 3.20376 3.22041 3.52127 3.52976 3.53182 3.60386 3.60618 3.60703 3.61117 3.62265 3.62653 3.64319 
1.56959 1.82838 2.0166 2.40472 2.66835 3.07002 3.09168 3.09289 3.20376 3.22041 3.52127 3.52976 3.53182 3.54676 3.60386 3.60618 3.60703 3.61117 3.62265 3.62653 
1.56959 1.82838 2.0166 2.40472 2.66835 3.07002 3.09168 3.09289 3.20376 3.22041 3.52127 3.52976 3.53182 3.54676 3.60386 3.60618 3.60703 3.61117 3.62265 3.62653 
1.56959 1.82838 2.0166 2.40472 2.66835 3.07002 3.09168 3.09289 3.20376 3.22041 3.38373 3.52127 3.52976 3.53182 3.54676 3.60386 3.60618 3.60703 3.61117 3.62265 
1.56959 1.82838 2.0166 2.40472 2.66835 3.07002 3.09168 3.09289 3.20376 3.22041 3.38373 3.52127 3.52976 3.53182 3.54676 3.60386 3.60618 3.60703 3.61117 3.62265 
1.56959 1.82838 2.0166 2.40472 2.66835 3.07002 3.09168 3.09289 3.20376 3.22041 3.38373 3.52127 3.52976 3.53182 3.54676 3.57381 3.60386 3.60618 3.60703 3.61117 
1.56959 1.82838 2.0166 2.40472 2.66835 3.07002 3.09168 3.09289 3.20376 3.22041 3.38373 3.52127 3.52976 3.53182 3.54676 3.57381 3.60386 3.60618 3.60703 3.61117 
1.56959 1.82838 2.0166 2.40472 2.66835 3.07002 3.09168 3.09289 3.20376 3.22041 3.38373 3.52127 3.52976 3.53182 3.54676 3.57381 3.60386 3.60618 3.60703 3.61117 
1.56959 1.82838 2.0166 2.40472 2.66835 3.07002 3.09168 3.09289 3.20376 3.22041 3.38373 3.52127 3.52976 3.53182 3.54676 3.57381 3.60386 3.60618 3.60703 3.61117 
1.56959 1.82838 2.0166 2.40472 2.66835 3.07002 3.09168 3.09289 3.20376 3.22041 3.38373 3.52127 3.52976 3.53182 3.54676 3.57381 3.60386 3.60618 3.60703 3.61117 
1.56959 1.82838 2.0166 2.40472 2.66835 3.07002 3.09168 3.09289 3.20376 3.22041 3.38373 3.52127 3.52976 3.53182 3.54676 3.57381 3.60386 3.60618 3.60703 3.61117 
1.56959 1.82838 2.0166 2.40472 2.66835 3.07002 3.09168 3.09289 3.20376 3.22041 3.38373 3.52127 3.52976 3.53182 3.54624 3.54676 3.57381 3.60386 3.60618 3.60703 
1.56959 1.82838 2.0166 2.40472 2.66835 3.07002 3.09168 3.09289 3.20376 3.22041 3.38373 3.52127 3.52976 3.53182 3.54624 3.54676 3.57381 3.60386 3.60618 3.60703 
1.56959 1.82838 2.0166 2.40472 2.66835 3.07002 3.09168 3.09289 3.20376 3.22041 3.3598 3.38373 3.52127 3.52976 3.53182 3.54624 3.54676 3.57381 3.60386 3.60618 
1.56959 1.82838 2.0166 2.40472 2.66835 3.07002 3.09168 3.09289 3.20376 3.22041 3.3598 3.38373 3.52127 3.52976 3.53182 3.54624 3.54676 3.57381 3.60386 3.60618 
1.56959 1.82838 2.0166 2.40472 2.66835 3.07002 3.09168 3.09289 3.20376 3.22041 3.3598 3.38373 3.52127 3.52976 3.53182 3.54624 3.54676 3.57381 3.60386 3.60618 
1.56959 1.82838 2.0166 2.40472 2.66835 3.07002 3.09168 3.09289 3.20376 3.22041 3.3598 3.38373 3.52127 3.52976 3.53182 3.54624 3.54676 3.57381 3.60386 3.60618 
1.56959 1.82838 2.0166 2.40472 2.66835 3.07002 3.09168 3.09289 3.20376 3.22041 3.3598 3.38373 3.52127 3.52976 3.53182 3.54624 3.54676 3.57381 3.60386 3.60618 
1.56959 1.82838 2.0166 2.40472 2.66835 3.07002 3.09168 3.09289 3.20376 3.22041 3.3598 3.38373 3.52127 3.52976 3.53182 3.54624 3.54676 3.57381 3.60386 3.60618 
1.56959 1.82838 2.0166 2.40472 2.66835 3.07002 3.09168 3.09289 3.20376 3.22041 3.3598 3.38373 3.52127 3.52976 3.53182 3.54624 3.54676 3.57381 3.60386 3.60618 
1.56959 1.82838 2.0166 2.40472 2.66835 3.07002 3.09168 3.09289 3.20376 3.22041 3.3598 3.38373 3.52127 3.52976 3.53182 3.54624 3.54676 3.57381 3.60386 3.60618 
1.56959 1.82838 2.0166 2.40472 2.66835 3.07002 3.09168 3.09289 3.20376 3.22041 3.3598 3.38373 3.52127 3.52976 3.53182 3.54624 3.54676 3.57381 3.60386 3.60618 
1.56959 1.82838 2.0166 2.40472 2.66835 3.07002 3.09168 3.09289 3.20376 3.22041 3.3598 3.38373 3.52127 3.52976 3.53182 3.54624 3.54676 3.57381 3.60386 3.60618 
1.56959 1.82838 2.0166 2.40472 2.66835 3.07002 3.09168 3.09289 3.20376 3.22041 3.3598 3.38373 3.52127 3.52976 3.53182 3.54624 3.54676 3.57381 3.60386 3.60618 
1.56959 1.82838 2.0166 2.40472 2.66835 3.07002 3.09168 3.09289 3.20376 3.22041 3.3598 3.38373 3.52127 3.52976 3.53182 3.54624 3.54676 3.57381 3.60386 3.60618 
1.56959 1.82838 2.0166 2.40472 2.66835 3.07002 3.09168 3.09289 3.20376 3.22041 3.3598 3.38373 3.52127 3.52976 3.53182 3.54624 3.54676 3.57381 3.60386 3.60618 
1.56959 1.82838 2.0166 2.40472 2.66835 3.07002 3.09168 3.09289 3.20376 3.22041 3.3598 3.38373 3.52127 3.52976 3.53182 3.54624 3.54676 3.57381 3.60386 3.60618 
1.56959 1.82838 2.0166 2.40472 2.66835 3.07002 3.09168 3.09289 3.20376 3.22041 3.3598 3.38373 3.52127 3.52976 3.53182 3.54624 3.54676 3.57381 3.60386 3.60618 
1.56959 1.82838 2.0166 2.40472 2.66835 3.07002 3.09168 3.09289 3.20376 3.22041 3.3598 3.38373 3.52127 3.52976 3.53182 3.54624 3.54676 3.57381 3.60386 3.60618 
1.56959 1.82838 2.0166 2.40472 2.66835 3.07002 3.09168 3.09289 3.20376 3.22041 3.3598 3.38373 3.52127 3.52976 3.53182 3.54624 3.54676 3.57381 3.60386 3.60618 
1.56959 1.82838 2.0166 2.40472 2.66835 3.07002 3.09168 3.09289 3.20376 3.22041 3.3598 3.38373 3.52127 3.52976 3.53182 3.54624 3.54676 3.57381 3.60386 3.60618 
1.56959 1.82838 2.0166 2.40472 2.66835 3.07002 3.09168 3.09289 3.20376 3.22041 3.3598 3.38373 3.52127 3.52976 3.53182 3.54624 3.54676 3.57381 3.60386 3.60618 
1.56959 1.82838 2.0166 2.40472 2.66835 3.07002 3.09168 3.09289 3.20376 3.22041 3.3598 3.38373 3.52127 3.52976 3.53182 3.54624 3.54676 3.57381 3.60386 3.60618 
1.56959 1.82838 2.0166 2.40472 2.66835 3.07002 3.09168 3.09289 3.20376 3.22041 3.3598 3.38373 3.52127 3.52976 3.53182 3.54624 3.54676 3.57381 3.60386 3.60618 
1.56959 1.82838 2.0166 2.40472 2.66835 3.07002 3.09168 3.09289 3.20376 3.22041 3.3598 3.38373 3.52127 3.52976 3.53182 3.54624 3.54676 3.57381 3.60386 3.60618 
1.56959 1.82838 2.0166 2.40472 2.66835 3.07002 3.09168 3.09289 3.20376 3.22041 3.3598 3.38373 3.52127 3.52976 3.53182 3.54624 3.54676 3.57381 3.60386 3.60618 
1.56959 1.82838 2.0166 2.40472 2.66835 3.07002 3.09168 3.09289 3.20376 3.22041 3.3598 3.38373 3.52127 3.52976 3.53182 3.54624 3.54676 3.57381 3.60386 3.60618 
1.56959 1.82838 2.0166 2.40472 2.66835 3.07002 3.09168 3.09289 3.20376 3.22041 3.3598 3.38373 3.52127 3.52976 3.53182 3.54624 3.54676 3.57381 3.60386 3.60618 
1.56959 1.82838 2.0166 2.40472 2.66835 3.07002 3.09168 3.09289 3.20376 3.22041 3.3598 3.38373 3.52127 3.52976 3.53182 3.54624 3.54676 3.57381 3.60386 3.60618 
1.56959 1.82838 2.0166 2.40472 2.66835 3.07002 3.09168 3.09289 3.20376 3.22041 3.3598 3.38373 3.52127 3.52976 3.53182 3.54624 3.54676 3.57381 3.60386 3.60618 
1.56959 1.82838 2.0166 2.40472 2.66835 3.07002 3.09168 3.09289 3.20376 3.22041 3.3598 3.38373 3.52127 3.52976 3.53182 3.54624 3.54676 3.57381 3.60386 3.60618 
1.56959 1.82838 2.0166 2.40472 2.66835 3.07002 3.09168 3.09289 3.20376 3.22041 3.3598 3.38373 3.52127 3.52976 3.53182 3.54624 3.54676 3.57381 3.60386 3.60618 
1.56959 1.82838 2.0166 2.40472 2.66835 3.07002 3.09168 3.09289 3.20376 3.22041 3.3598 3.38373 3.52127 3.52976 3.53182 3.54624 3.54676 3.57381 3.60386 3.60618 
1.56959 1.82838 2.0166 2.40472 2.66835 3.07002 3.09168 3.09289 3.20376 3.22041 3.3598 3.38373 3.52127 3.52976 3.53182 3.54624 3.54676 3.57381 3.60386 3.60618 
1.56959 1.82838 2.0166 2.40472 2.66835 3.07002 3.09168 3.09289 3.20376 3.22041 3.3598 3.38373 3.52127 3.52976 3.53182 3.54624 3.54676 3.57381 3.60386 3.60618 
1.56959 1.82838 2.0166 2.40472 2.66835 3.07002 3.09168 3.09289 3.20376 3.22041 3.3598 3.38373 3.52127 3.52976 3.53182 3.54624 3.54676 3.57381 3.60386 3.60618 
1.56959 1.82838 2.0166 2.40472 2.66835 3.07002 3.09168 3.09289 3.20376 3.22041 3.3598 3.38373 3.52127 3.52976 3.53182 3.54624 3.54676 3.57381 3.60386 3.60618 
1.56959 1.82838 2.0166 2.40472 2.66835 3.07002 3.09168 3.09289 3.20376 3.22041 3.3598 3.38373 3.52127 3.52976 3.53182 3.54624 3.54676 3.57381 3.60386 3.60618 
1.56959 1.82838 2.0166 2.40472 2.66835 3.07002 3.09168 3.09289 3.20376 3.22041 3.3598 3.38373 3.52127 3.52976 3.53182 3.54624 3.54676 3.57381 3.60386 3.60618 
1.56959 1.82838 2.0166 2.40472 2.66835 3.07002 3.09168 3.09289 3.20376 3.22041 3.3598 3.38373 3.52127 3.52976 3.53182 3.54624 3.54676 3.57381 3.60386 3.60618 
1.56959 1.82838 2.0166 2.40472 2.66835 3.07002 3.09168 3.09289 3.20376 3.22041 3.3598 3.38373 3.52127 3.52976 3.53182 3.54624 3.54676 3.57381 3.60386 3.60618 
1.56959 1.82838 2.0166 2.40472 2.66835 3.07002 3.09168 3.09289 3.20376 3.22041 3.3598 3.38373 3.52127 3.52976 3.53182 3.54624 3.54676 3.57381 3.60386 3.60618 
1.56959 1.82838 2.0166 2.40472 2.66835 3.07002 3.09168 3.09289 3.20376 3.22041 3.3598 3.38373 3.52127 3.52976 3.53182 3.54624 3.54676 3.57381 3.60386 3.60618 
1.56959 1.82838 2.0166 2.40472 2.66835 3.07002 3.09168 3.09289 3.20376 3.22041 3.3598 3.38373 3.52127 3.52976 3.53182 3.54624 3.54676 3.57381 3.60386 3.60618 
1.56959 1.82838 2.0166 2.40472 2.66835 3.07002 3.09168 3.09289 3.20376 3.22041 3.3598 3.38373 3.52127 3.52976 3.53182 3.54624 3.54676 3.57381 3.60386 3.60618 
1.56959 1.82838 2.0166 2.40472 2.66835 3.07002 3.09168 3.09289 3.20376 3.22041 3.3598 3.38373 3.52127 3.52976 3.53182 3.54624 3.54676 3.57381 3.60386 3.60618 
1.56959 1.82838 2.0166 2.40472 2.66835 3.07002 3.09168 3.09289 3.20376 3.22041 3.3598 3.38373 3.52127 3.52976 3.53182 3.54624 3.54676 3.57381 3.60386 3.60618 
1.56959 1.82838 2.0166 2.40472 2.66835 3.07002 3.09168 3.09289 3.20376 3.22041 3.3598 3.38373 3.52127 3.52976 3.53182 3.54624 3.54676 3.57381 3.60386 3.60618 
1.56959 1.82838 2.0166 2.40472 2.66835 3.07002 3.09168 3.09289 3.20376 3.22041 3.3598 3.38373 3.52127 3.52976 3.53182 3.54624 3.54676 3.57381 3.60386 3.60618 
1.56959 1.82838 2.0166 2.40472 2.66835 3.07002 3.09168 3.09289 3.20376 3.22041 3.3598 3.38373 3.52127 3.52976 3.53182 3.54624 3.54676 3.57381 3.60386 3.60618 
1.56959 1.82838 2.0166 2.40472 2.66835 3.07002 3.09168 3.09289 3.20376 3.22041 3.3598 3.38373 3.52127 3.52976 3.53182 3.54624 3.54676 3.57381 3.60386 3.60618 
1.56959 1.82838 2.0166 2.40472 2.66835 3.07002 3.09168 3.09289 3.20376 3.22041 3.3598 3.38373 3.52127 3.52976 3.53182 3.54624 3.54676 3.57381 3.60386 3.60618 
1.56959 1.82838 2.0166 2.40472 2.66835 3.07002 3.09168 3.09289 3.20376 3.22041 3.3598 3.38373 3.52127 3.52976 3.53182 3.54624 3.54676 3.57381 3.60386 3.60618 
1.56959 1.82838 2.0166 2.40472 2.66835 3.07002 3.09168 3.09289 3.20376 3.22041 3.3598 3.38373 3.52127 3.52976 3.53182 3.54624 3.54676 3.57381 3.60386 3.60618 
1.56959 1.82838 2.0166 2.40472 2.66835 3.07002 3.09168 3.09289 3.20376 3.22041 3.3598 3.38373 3.52127 3.52976 3.53182 3.54624 3.54676 3.57381 3.60386 3.60618 
1.56959 1.82838 2.0166 2.40472 2.66835 3.07002 3.09168 3.09289 3.20376 3.22041 3.3598 3.38373 3.52127 3.52976 3.53182 3.54624 3.54676 3.57381 3.60386 3.60618 
1.56959 1.82838 2.0166 2.40472 2.66835 3.07002 3.09168 3.09289 3.20376 3.22041 3.3598 3.38373 3.52127 3.52976 3.53182 3.54624 3.54676 3.57381 3.60386 3.60618 
1.56959 1.82838 2.0166 2.40472 2.66835 3.07002 3.09168 3.09289 3.20376 3.22041 3.3598 3.38373 3.52127 3.52976 3.53182 3.54624 3.54676 3.57381 3.60386 3.60618 
1.56959 1.82838 2.0166 2.40472 2.66835 3.07002 3.09168 3.09289 3.20376 3.22041 3.3598 3.38373 3.52127 3.52976 3.53182 3.54624 3.54676 3.57381 3.60386 3.60618 
1.56959 1.82838 2.0166 2.40472 2.66835 3.07002 3.09168 3.09289 3.20376 3.22041 3.3598 3.38373 3.52127 3.52976 3.53182 3.54624 3.54676 3.57381 3.60386 3.60618 
1.56959 1.82838 2.0166 2.40472 2.66835 3.07002 3.09168 3.09289 3.20376 3.22041 3.3598 3.38373 3.52127 3.52976 3.53182 3.54624 3.54676 3.57381 3.60386 3.60618 
1.56959 1.82838 2.0166 2.40472 2.66835 3.07002 3.09168 3.09289 3.20376 3.22041 3.3598 3.38373 3.52127 3.52976 3.53182 3.54624 3.54676 3.57381 3.60386 3.60618 
1.56959 1.82838 2.0166 2.40472 2.66835 3.07002 3.09168 3.09289 3.20376 3.22041 3.3598 3.38373 3.52127 3.52976 3.53182 3.54624 3.54676 3.57381 3.60386 3.60618 
1.56959 1.82838 2.0166 2.40472 2.66835 3.07002 3.09168 3.09289 3.20376 3.22041 3.3598 3.38373 3.52127 3.52976 3.53182 3.54624 3.54676 3.57381 3.60386 3.60618 
1.56959 1.82838 2.0166 2.40472 2.66835 3.07002 3.09168 3.09289 3.20376 3.22041 3.3598 3.38373 3.52127 3.52976 3.53182 3.54624 3.54676 3.57381 3.60386 3.60618 
1.56959 1.82838 2.0166 2.40472 2.66835 3.07002 3.09168 3.09289 3.20376 3.22041 3.3598 3.38373 3.52127 3.52976 3.53182 3.54624 3.54676 3.57381 3.60386 3.60618 
1.56959 1.82838 2.0166 2.40472 2.66835 3.07002 3.09168 3.09289 3.20376 3.22041 3.3598 3.38373 3.52127 3.52976 3.53182 3.54624 3.54676 3.57381 3.60386 3.60618 
1.56959 1.82838 2.0166 2.40472 2.66835 3.07002 3.09168 3.09289 3.20376 3.22041 3.3598 3.38373 3.52127 3.52976 3.53182 3.54624 3.54676 3.57381 3.60386 3.60618 
1.56959 1.82838 2.0166 2.40472 2.66835 3.07002 3.09168 3.09289 3.20376 3.22041 3.3598 3.38373 3.52127 3.52976 3.53182 3.54624 3.54676 3.57381 3.60386 3.60618 
1.56959 1.82838 2.0166 2.40472 2.66835 3.07002 3.09168 3.09289 3.20376 3.22041 3.3598 3.38373 3.52127 3.52976 3.53182 3.54624 3.54676 3.57381 3.60386 3.60618 
1.56959 1.82838 2.0166 2.40472 2.66835 3.07002 3.09168 3.09289 3.20376 3.22041 3.3598 3.38373 3.52127 3.52976 3.53182 3.54624 3.54676 3.57381 3.60386 3.60618 
