1.74448 3.22703 3.44639 3.97673 4.03354 4.59276 5.62311 5.9761 6.79023 7.12184 7.12713 7.56124 8.96769 9.10686 9.48694 9.93161 10.1384 10.1541 10.3178 11.5642 
1.74448 1.81109 2.29521 2.83379 3.22703 3.44639 3.97673 4.03354 4.59276 5.62311 5.9761 6.48165 6.79023 7.09057 7.12184 7.12713 7.56124 7.97571 8.02102 8.96769 
1.11795 1.74448 1.81109 2.29521 2.83379 2.97819 3.22703 3.44639 3.93991 3.97673 4.03354 4.04081 4.57375 4.58303 4.59276 5.62311 5.9761 6.48165 6.79023 7.09057 
1.11795 1.31605 1.74448 1.81109 2.1771 2.29521 2.753 2.77737 2.83379 2.97819 2.99338 3.03511 3.22703 3.44639 3.93991 3.97673 4.03354 4.04081 4.21298 4.57375 
0.120805 0.315493 1.11795 1.31605 1.74448 1.81109 2.1771 2.29521 2.72488 2.753 2.77737 2.83379 2.97819 2.99338 3.03511 3.22703 3.44639 3.84863 3.93991 3.97673 
0.120805 0.315493 1.11795 1.31605 1.74448 1.81109 2.1771 2.29521 2.72488 2.753 2.77737 2.83379 2.87302 2.97819 2.99338 3.03511 3.22703 3.44639 3.84863 3.93991 
0.120805 0.315493 1.11795 1.31605 1.74448 1.81109 2.1771 2.29521 2.72488 2.753 2.77737 2.83379 2.87302 2.97819 2.99338 3.03511 3.22703 3.44639 3.84863 3.93991 
0.120805 0.315493 0.459947 1.11795 1.31605 1.74448 1.81109 2.1771 2.29521 2.72488 2.753 2.75891 2.77737 2.83379 2.87302 2.97819 2.99338 3.03511 3.22703 3.44639 
0.120805 0.315493 0.459947 1.11795 1.31605 1.74448 1.81109 2.1771 2.29521 2.72488 2.753 2.75891 2.77737 2.83379 2.87302 2.97819 2.99338 3.03511 3.22703 3.44639 
0.120805 0.315493 0.459947 1.11795 1.31605 1.74448 1.81109 2.1771 2.29521 2.72488 2.753 2.75891 2.77737 2.83379 2.87302 2.97819 2.99338 3.03511 3.22703 3.44639 
0.120805 0.315493 0.459947 1.11795 1.31605 1.74448 1.81109 2.1771 2.29521 2.72488 2.753 2.75891 2.77737 2.83379 2.87302 2.97819 2.99338 3.03511 3.22703 3.44639 
0.120805 0.315493 0.459947 1.11795 1.31605 1.74448 1.81109 2.1771 2.29521 2.72488 2.753 2.75891 2.77737 2.83379 2.87302 2.97819 2.99338 3.03511 3.22703 3.44639 
0.120805 0.315493 0.459947 1.11795 1.31605 1.33778 1.74448 1.81109 2.1771 2.29521 2.72488 2.753 2.75891 2.77737 2.83379 2.87302 2.97819 2.99338 3.03511 3.22703 
0.120805 0.315493 0.459947 1.11795 1.31605 1.33778 1.74448 1.81109 2.1771 2.29521 2.72488 2.753 2.75891 2.77737 2.83379 2.87302 2.97819 2.99338 3.03511 3.22703 
0.120805 0.315493 0.459947 1.11795 1.31605 1.33778 1.74448 1.81109 2.1771 2.29521 2.62124 2.72488 2.753 2.75891 2.77737 2.83379 2.87302 2.97819 2.99338 3.03511 
0.120805 0.315493 0.459947 1.11795 1.31605 1.33778 1.74448 1.81109 2.1771 2.29521 2.62124 2.72488 2.753 2.75891 2.77737 2.83379 2.87302 2.97819 2.99338 3.03511 
0.120805 0.315493 0.459947 1.11795 1.31605 1.33778 1.74448 1.81109 2.1771 2.29521 2.62124 2.72488 2.753 2.75891 2.77737 2.83379 2.87302 2.97819 2.99338 3.03511 
0.120805 0.315493 0.459947 1.11795 1.31605 1.33778 1.74448 1.81109 2.1771 2.29521 2.62124 2.72488 2.753 2.75891 2.77737 2.83379 2.87302 2.97819 2.99338 3.03511 
0.120805 0.315493 0.459947 1.11795 1.31605 1.33778 1.74448 1.81109 2.1771 2.29521 2.62124 2.72488 2.753 2.75891 2.77737 2.83379 2.87302 2.97819 2.99338 3.03511 
0.120805 0.315493 0.459947 1.11795 1.31605 1.33778 1.74448 1.81109 2.1771 2.29521 2.62124 2.72488 2.753 2.75891 2.77737 2.83379 2.87302 2.97819 2.99338 3.03511 
0.120805 0.315493 0.459947 1.11795 1.31605 1.33778 1.74448 1.81109 2.1771 2.29521 2.47995 2.62124 2.72488 2.753 2.75891 2.77737 2.83379 2.87302 2.97819 2.99338 
0.120805 0.315493 0.459947 1.11795 1.31605 1.33778 1.74448 1.81109 2.1771 2.29521 2.47995 2.62124 2.72488 2.753 2.75891 2.77737 2.83379 2.87302 2.97819 2.99338 
0.120805 0.315493 0.459947 1.11795 1.31605 1.33778 1.74448 1.81109 2.1771 2.29521 2.47995 2.62124 2.72488 2.753 2.75891 2.77737 2.83379 2.87302 2.97819 2.99338 
0.120805 0.315493 0.459947 1.11795 1.22262 1.31605 1.33778 1.57243 1.74448 1.81109 2.1771 2.29521 2.47995 2.62124 2.72488 2.753 2.75891 2.77737 2.83379 2.87302 
0.120805 0.315493 0.459947 1.11795 1.22262 1.31605 1.33778 1.57243 1.74448 1.81109 2.1771 2.29521 2.47995 2.62124 2.72488 2.753 2.75891 2.77737 2.83379 2.87302 
0.120805 0.315493 0.459947 1.11795 1.22262 1.31605 1.33778 1.57243 1.74448 1.81109 2.1771 2.29521 2.47995 2.62124 2.72488 2.753 2.75891 2.77737 2.83379 2.87302 
0.120805 0.315493 0.459947 1.11795 1.22262 1.31605 1.33778 1.57243 1.74448 1.81109 2.1771 2.29521 2.47995 2.62124 2.72488 2.753 2.75891 2.77737 2.83379 2.87302 
0.120805 0.315493 0.459947 1.11795 1.22262 1.31605 1.33778 1.57243 1.74448 1.81109 2.1771 2.29521 2.47995 2.62124 2.72488 2.753 2.75891 2.77737 2.83379 2.87302 
0.120805 0.315493 0.459947 1.11795 1.22262 1.31605 1.33778 1.57243 1.74448 1.81109 2.1771 2.29521 2.47995 2.62124 2.72488 2.753 2.75891 2.77737 2.83379 2.87302 
0.120805 0.315493 0.459947 1.11795 1.22262 1.31605 1.33778 1.57243 1.74448 1.81109 2.1771 2.29521 2.47995 2.62124 2.72488 2.753 2.75891 2.77737 2.83379 2.87302 
0.120805 0.315493 0.459947 1.11795 1.22262 1.31605 1.33778 1.57243 1.74448 1.81109 2.1771 2.29521 2.47995 2.62124 2.72488 2.753 2.75891 2.77737 2.83379 2.87302 
0.120805 0.315493 0.459947 1.11795 1.22262 1.31605 1.33778 1.57243 1.74448 1.81109 2.1771 2.29521 2.47995 2.62124 2.72488 2.753 2.75891 2.77737 2.83379 2.87302 
0.0707896 0.120805 0.315493 0.459947 1.11795 1.22262 1.31605 1.33778 1.57243 1.74448 1.81109 2.1771 2.29521 2.47995 2.62124 2.72488 2.753 2.75891 2.77737 2.83379 
0.0707896 0.120805 0.315493 0.459947 1.11795 1.22262 1.31605 1.33778 1.57243 1.74448 1.81109 2.1771 2.29521 2.47995 2.62124 2.72488 2.753 2.75891 2.77737 2.83379 
0.0707896 0.120805 0.315493 0.459947 1.11795 1.22262 1.31605 1.33778 1.57243 1.74448 1.81109 2.1771 2.29521 2.47995 2.62124 2.72488 2.753 2.75891 2.77737 2.83379 
0.0707896 0.120805 0.315493 0.459947 1.11795 1.22262 1.31605 1.33778 1.57243 1.74448 1.81109 2.1771 2.29521 2.47995 2.62124 2.72488 2.753 2.75891 2.77737 2.83379 
0.0707896 0.120805 0.315493 0.459947 1.11795 1.22262 1.31605 1.33778 1.57243 1.74448 1.81109 2.1771 2.29521 2.47995 2.62124 2.72488 2.753 2.75891 2.77737 2.83379 
0.0707896 0.120805 0.315493 0.459947 1.11795 1.22262 1.31605 1.33778 1.56198 1.57243 1.74448 1.81109 2.1771 2.29521 2.47995 2.62124 2.72488 2.753 2.75891 2.77737 
0.0707896 0.120805 0.315493 0.459947 1.11795 1.22262 1.31605 1.33778 1.56198 1.57243 1.74448 1.81109 2.1771 2.29521 2.47995 2.62124 2.6341 2.72488 2.753 2.75891 
0.0707896 0.120805 0.315493 0.459947 1.11795 1.22262 1.31605 1.33778 1.56198 1.57243 1.74448 1.81109 2.1771 2.29521 2.47995 2.62124 2.6341 2.72488 2.753 2.75891 
0.0707896 0.120805 0.315493 0.459947 1.11795 1.22262 1.31605 1.33778 1.56198 1.57243 1.74448 1.81109 2.1771 2.29521 2.47995 2.62124 2.6341 2.67859 2.72488 2.753 
0.0707896 0.120805 0.315493 0.459947 1.11795 1.22262 1.31605 1.33778 1.56198 1.57243 1.74448 1.81109 2.1771 2.29521 2.47995 2.62124 2.6341 2.67859 2.72488 2.753 
0.0707896 0.120805 0.315493 0.459947 1.11795 1.22262 1.31605 1.33778 1.56198 1.57243 1.74448 1.81109 2.1771 2.29521 2.47995 2.62124 2.6341 2.67859 2.72488 2.753 
0.0707896 0.120805 0.315493 0.459947 1.11795 1.22262 1.31605 1.33778 1.56198 1.57243 1.74448 1.81109 2.1771 2.29521 2.47995 2.62124 2.6341 2.67859 2.72488 2.753 
0.0707896 0.120805 0.315493 0.459947 1.11795 1.22262 1.31605 1.33778 1.56198 1.57243 1.74448 1.81109 2.1771 2.29521 2.47995 2.62124 2.6341 2.67859 2.72488 2.753 
0.0707896 0.120805 0.315493 0.459947 1.11795 1.22262 1.31605 1.33778 1.56198 1.57243 1.74448 1.81109 2.1771 2.29521 2.47995 2.62124 2.6341 2.67859 2.72488 2.753 
0.0707896 0.120805 0.315493 0.459947 1.11795 1.22262 1.31605 1.33778 1.56198 1.57243 1.74448 1.81109 2.1771 2.29119 2.29521 2.47995 2.62124 2.6341 2.67859 2.72488 
0.0707896 0.120805 0.315493 0.459947 1.11795 1.22262 1.31605 1.33778 1.56198 1.57243 1.74448 1.81109 2.1771 2.29119 2.29521 2.47995 2.62124 2.6341 2.67859 2.72488 
0.0707896 0.120805 0.315493 0.459947 1.11795 1.22262 1.31605 1.33778 1.56198 1.57243 1.74448 1.81109 2.12419 2.1771 2.29119 2.29521 2.47995 2.62124 2.6341 2.67859 
0.0707896 0.120805 0.315493 0.459947 1.11795 1.22262 1.31605 1.33778 1.56198 1.57243 1.74448 1.81109 2.12419 2.1771 2.29119 2.29521 2.47995 2.62124 2.6341 2.67859 
0.0707896 0.120805 0.315493 0.459947 1.11795 1.22262 1.31605 1.33778 1.56198 1.57243 1.74448 1.81109 2.12419 2.1771 2.29119 2.29521 2.47995 2.62124 2.6341 2.67859 
0.0707896 0.120805 0.315493 0.459947 1.11795 1.22262 1.31605 1.33778 1.56198 1.57243 1.74448 1.81109 2.12419 2.1771 2.29119 2.29521 2.47995 2.62124 2.6341 2.67859 
0.0707896 0.120805 0.315493 0.459947 1.11795 1.22262 1.31605 1.33778 1.56198 1.57243 1.74448 1.81109 2.12419 2.1771 2.29119 2.29521 2.47995 2.62124 2.6341 2.67859 
0.0707896 0.120805 0.315493 0.459947 1.11795 1.22262 1.31605 1.33778 1.56198 1.57243 1.74448 1.81109 2.12419 2.1771 2.29119 2.29521 2.47995 2.62124 2.6341 2.67859 
0.0707896 0.120805 0.315493 0.459947 1.11795 1.22262 1.31605 1.33778 1.56198 1.57243 1.74448 1.81109 2.12419 2.1771 2.29119 2.29521 2.47995 2.62124 2.6341 2.67859 
0.0707896 0.120805 0.315493 0.459947 1.11795 1.22262 1.31605 1.33778 1.56198 1.57243 1.74448 1.81109 2.12419 2.1771 2.29119 2.29521 2.47995 2.62124 2.6341 2.67859 
0.0707896 0.120805 0.315493 0.459947 1.11795 1.22262 1.31605 1.33778 1.56198 1.57243 1.74448 1.81109 2.12419 2.1771 2.29119 2.29521 2.47995 2.62124 2.6341 2.67859 
0.0707896 0.120805 0.315493 0.459947 1.11795 1.22262 1.31605 1.33778 1.56198 1.57243 1.74448 1.81109 2.12419 2.1771 2.29119 2.29521 2.47995 2.62124 2.6341 2.67859 
0.0707896 0.120805 0.315493 0.459947 1.11795 1.22262 1.31605 1.33778 1.56198 1.57243 1.74448 1.81109 2.12419 2.1771 2.29119 2.29521 2.47995 2.62124 2.6341 2.67859 
0.0707896 0.120805 0.315493 0.459947 1.11795 1.22262 1.31605 1.33778 1.56198 1.57243 1.74448 1.81109 2.12419 2.1771 2.29119 2.29521 2.47995 2.62124 2.6341 2.67859 
0.0707896 0.120805 0.315493 0.459947 1.11795 1.22262 1.31605 1.33778 1.56198 1.57243 1.74448 1.81109 2.12419 2.1771 2.29119 2.29521 2.47995 2.62124 2.6341 2.67859 
0.0707896 0.120805 0.315493 0.459947 1.11795 1.22262 1.31605 1.33778 1.56198 1.57243 1.74448 1.81109 2.12419 2.1771 2.29119 2.29521 2.47995 2.62124 2.6341 2.67859 
0.0707896 0.120805 0.315493 0.459947 1.11795 1.22262 1.31605 1.33778 1.56198 1.57243 1.74448 1.81109 2.12419 2.1771 2.29119 2.29521 2.47995 2.62124 2.6341 2.67859 
0.0707896 0.120805 0.315493 0.459947 1.11795 1.22262 1.31605 1.33778 1.56198 1.57243 1.74448 1.81109 2.12419 2.1771 2.29119 2.29521 2.47995 2.62124 2.6341 2.67859 
0.0707896 0.120805 0.315493 0.459947 1.11795 1.22262 1.31605 1.33778 1.56198 1.57243 1.74448 1.81109 2.12419 2.1771 2.29119 2.29521 2.47995 2.62124 2.6341 2.67859 
0.0707896 0.120805 0.315493 0.459947 1.11795 1.22262 1.31605 1.33778 1.56198 1.57243 1.74448 1.81109 2.12419 2.1771 2.29119 2.29521 2.47995 2.62124 2.6341 2.67859 
0.0707896 0.120805 0.315493 0.459947 1.11795 1.22262 1.31605 1.33778 1.56198 1.57243 1.74448 1.81109 2.12419 2.1771 2.29119 2.29521 2.47995 2.62124 2.6341 2.67859 
0.0707896 0.120805 0.315493 0.459947 1.11795 1.22262 1.31605 1.33778 1.56198 1.57243 1.74448 1.81109 2.12419 2.1771 2.29119 2.29521 2.47995 2.62124 2.6341 2.67859 
0.0707896 0.120805 0.315493 0.459947 1.11795 1.22262 1.31605 1.33778 1.56198 1.57243 1.74448 1.81109 2.12419 2.1771 2.29119 2.29521 2.47995 2.62124 2.6341 2.67859 
0.0707896 0.120805 0.315493 0.459947 1.11795 1.22262 1.31605 1.33778 1.56198 1.57243 1.74448 1.81109 2.12419 2.1771 2.29119 2.29521 2.47995 2.62124 2.6341 2.67859 
0.0707896 0.120805 0.315493 0.459947 1.11795 1.22262 1.31605 1.33778 1.56198 1.57243 1.74448 1.81109 2.12419 2.1771 2.29119 2.29521 2.47995 2.62124 2.6341 2.67859 
0.0707896 0.120805 0.315493 0.459947 1.11795 1.22262 1.31605 1.33778 1.56198 1.57243 1.74448 1.81109 2.12419 2.1771 2.29119 2.29521 2.47995 2.62124 2.6341 2.67859 
0.0707896 0.120805 0.315493 0.459947 1.11795 1.22262 1.31605 1.33778 1.56198 1.57243 1.74448 1.81109 2.12419 2.1771 2.29119 2.29521 2.47995 2.62124 2.6341 2.67859 
0.0707896 0.120805 0.315493 0.459947 1.11795 1.22262 1.31605 1.33778 1.56198 1.57243 1.74448 1.81109 2.12419 2.1771 2.29119 2.29521 2.47995 2.62124 2.6341 2.67859 
0.0382009 0.0707896 0.120805 0.315493 0.459947 1.11795 1.22262 1.31605 1.33778 1.56198 1.57243 1.74448 1.81109 2.12419 2.1771 2.29119 2.29521 2.47995 2.62124 2.6341 
0.0382009 0.0707896 0.120805 0.315493 0.459947 1.11795 1.22262 1.31605 1.33778 1.56198 1.57243 1.74448 1.81109 2.12419 2.1771 2.29119 2.29521 2.47995 2.62124 2.6341 
0.0382009 0.0707896 0.120805 0.315493 0.459947 1.11795 1.22262 1.31605 1.33778 1.56198 1.57243 1.74448 1.81109 2.12419 2.1771 2.29119 2.29521 2.47995 2.62124 2.6341 
0.0382009 0.0707896 0.120805 0.315493 0.459947 1.11795 1.22262 1.31605 1.33778 1.56198 1.57243 1.74448 1.81109 2.12419 2.1771 2.29119 2.29521 2.47995 2.62124 2.6341 
0.0382009 0.0707896 0.120805 0.315493 0.459947 1.11795 1.22262 1.31605 1.33778 1.56198 1.57243 1.74448 1.81109 2.12419 2.1771 2.29119 2.29521 2.47995 2.62124 2.6341 
0.0382009 0.0707896 0.120805 0.315493 0.459947 1.11795 1.22262 1.31605 1.33778 1.56198 1.57243 1.74448 1.81109 2.12419 2.1771 2.29119 2.29521 2.47995 2.62124 2.6341 
0.0382009 0.0707896 0.120805 0.315493 0.459947 1.11795 1.22262 1.31605 1.33778 1.56198 1.57243 1.74448 1.81109 2.12419 2.1771 2.29119 2.29521 2.47995 2.62124 2.6341 
0.0382009 0.0707896 0.120805 0.315493 0.459947 1.11795 1.22262 1.31605 1.33778 1.56198 1.57243 1.74448 1.81109 2.12419 2.1771 2.29119 2.29521 2.47995 2.62124 2.6341 
0.0382009 0.0707896 0.120805 0.315493 0.459947 1.11795 1.22262 1.31605 1.33778 1.56198 1.57243 1.74448 1.81109 2.12419 2.1771 2.29119 2.29521 2.47995 2.62124 2.6341 
0.0382009 0.0707896 0.120805 0.315493 0.459947 1.11795 1.22262 1.31605 1.33778 1.56198 1.57243 1.74448 1.81109 2.12419 2.1771 2.29119 2.29521 2.47995 2.62124 2.6341 
0.0382009 0.0707896 0.120805 0.315493 0.459947 1.11795 1.22262 1.31605 1.33778 1.56198 1.57243 1.74448 1.81109 2.12419 2.1771 2.29119 2.29521 2.47995 2.62124 2.6341 
0.0382009 0.0707896 0.120805 0.315493 0.459947 1.11795 1.22262 1.31605 1.33778 1.56198 1.57243 1.74448 1.81109 2.12419 2.1771 2.29119 2.29521 2.47995 2.62124 2.6341 
0.0382009 0.0707896 0.120805 0.315493 0.459947 1.11795 1.22262 1.31605 1.33778 1.56198 1.57243 1.74448 1.81109 2.12419 2.1771 2.29119 2.29521 2.47995 2.62124 2.6341 
0.0382009 0.0707896 0.120805 0.315493 0.459947 1.11795 1.22262 1.31605 1.33778 1.56198 1.57243 1.74448 1.81109 2.12419 2.1771 2.29119 2.29521 2.47995 2.62124 2.6341 
0.0382009 0.0707896 0.120805 0.315493 0.459947 1.11795 1.22262 1.31605 1.33778 1.56198 1.57243 1.74448 1.81109 2.12419 2.1771 2.29119 2.29521 2.47995 2.62124 2.6341 
0.0382009 0.0707896 0.120805 0.315493 0.459947 1.11795 1.22262 1.31605 1.33778 1.56198 1.57243 1.74448 1.81109 2.12419 2.1771 2.29119 2.29521 2.47995 2.62124 2.6341 
0.0382009 0.0707896 0.120805 0.315493 0.459947 1.11795 1.22262 1.31605 1.33778 1.56198 1.57243 1.74448 1.81109 2.12419 2.1771 2.29119 2.29521 2.47995 2.62124 2.6341 
0.0382009 0.0707896 0.120805 0.315493 0.459947 1.11795 1.22262 1.31605 1.33778 1.56198 1.57243 1.74448 1.81109 2.12419 2.1771 2.29119 2.29521 2.47995 2.62124 2.6341 
0.0382009 0.0707896 0.120805 0.315493 0.459947 1.11795 1.22262 1.31605 1.33778 1.56198 1.57243 1.74448 1.81109 2.12419 2.1771 2.29119 2.29521 2.47995 2.62124 2.6341 
0.0382009 0.0707896 0.120805 0.315493 0.459947 1.11795 1.22262 1.31605 1.33778 1.56198 1.57243 1.74448 1.81109 2.12419 2.1771 2.29119 2.29521 2.47995 2.62124 2.6341 
0.0382009 0.0707896 0.120805 0.315493 0.459947 1.11795 1.22262 1.31605 1.33778 1.56198 1.57243 1.74448 1.81109 2.12419 2.1771 2.29119 2.29521 2.47995 2.62124 2.6341 
0.0382009 0.0707896 0.120805 0.315493 0.459947 1.11795 1.22262 1.31605 1.33778 1.56198 1.57243 1.74448 1.81109 2.12419 2.1771 2.29119 2.29521 2.47995 2.62124 2.6341 
0.0382009 0.0707896 0.120805 0.315493 0.459947 1.11795 1.22262 1.31605 1.33778 1.56198 1.57243 1.74448 1.81109 2.12419 2.1771 2.29119 2.29521 2.47995 2.62124 2.6341 
0.0382009 0.0707896 0.120805 0.315493 0.459947 1.11795 1.22262 1.31605 1.33778 1.56198 1.57243 1.74448 1.81109 2.12419 2.1771 2.29119 2.29521 2.47995 2.62124 2.6341 
0.0382009 0.0707896 0.120805 0.315493 0.459947 1.11795 1.22262 1.31605 1.33778 1.56198 1.57243 1.74448 1.81109 2.12419 2.1771 2.29119 2.29521 2.47995 2.62124 2.6341 
0.0382009 0.0707896 0.120805 0.315493 0.459947 1.11795 1.22262 1.31605 1.33778 1.56198 1.57243 1.74448 1.81109 2.12419 2.1771 2.29119 2.29521 2.47995 2.62124 2.6341 
