4.533 4.57666 4.95347 7.2985 7.31932 7.37681 7.7391 7.76666 8.18668 8.44351 8.58978 8.61758 8.64332 9.06131 9.88565 10.1407 10.2669 10.4483 10.9679 11.5533 
4.533 4.57666 4.95347 6.49452 6.66132 7.2985 7.31932 7.37681 7.7391 7.76666 7.82378 8.14149 8.18668 8.25273 8.42638 8.44351 8.58978 8.61758 8.64332 9.06131 
2.54353 4.533 4.57666 4.95347 5.5157 5.85588 6.49452 6.5725 6.66132 7.2985 7.31932 7.37343 7.37681 7.7391 7.76666 7.82378 8.14149 8.14583 8.18668 8.25273 
2.54353 4.533 4.57666 4.95347 5.5157 5.85588 6.49452 6.5725 6.66132 7.2985 7.31932 7.37343 7.37681 7.7391 7.76666 7.82378 8.14149 8.14583 8.18668 8.25273 
2.54353 4.533 4.57666 4.95347 5.32828 5.5157 5.85588 6.49452 6.5725 6.66132 7.2985 7.31932 7.37343 7.37681 7.7391 7.76666 7.82378 8.14149 8.14583 8.18668 
2.54353 4.533 4.57666 4.95347 5.32828 5.5157 5.85588 6.49452 6.5725 6.66132 7.2985 7.31932 7.37343 7.37681 7.7391 7.76666 7.82378 8.14149 8.14583 8.18668 
2.54353 4.533 4.57666 4.95347 5.32828 5.5157 5.85588 6.49452 6.5725 6.66132 7.2985 7.31932 7.37343 7.37681 7.7391 7.76666 7.82378 8.14149 8.14583 8.18668 
2.54353 4.533 4.57666 4.95347 5.32828 5.5157 5.85588 6.49452 6.5725 6.66132 7.2985 7.31932 7.37343 7.37681 7.7391 7.76666 7.82378 8.14149 8.14583 8.18668 
2.54353 4.533 4.57666 4.95347 5.32828 5.5157 5.85588 6.49452 6.5725 6.66132 7.2985 7.31932 7.37343 7.37681 7.7391 7.76666 7.82378 8.14149 8.14583 8.18668 
2.54353 4.533 4.57666 4.95347 5.32828 5.5157 5.85588 6.49452 6.5725 6.66132 7.2985 7.31932 7.37343 7.37681 7.7391 7.76666 7.82378 8.14149 8.14583 8.18668 
2.54353 4.533 4.57666 4.95347 5.32828 5.5157 5.85588 6.49452 6.5725 6.66132 7.2985 7.31932 7.37343 7.37681 7.7391 7.76666 7.82378 8.14149 8.14583 8.18668 
2.54353 4.533 4.57304 4.57666 4.95347 5.32828 5.5157 5.85588 6.49452 6.5725 6.66132 7.2985 7.31932 7.37343 7.37681 7.7391 7.76666 7.82378 8.14149 8.14583 
2.54353 4.533 4.57304 4.57666 4.95347 5.32828 5.5157 5.85588 6.49452 6.5725 6.66132 7.2985 7.31932 7.37343 7.37681 7.7391 7.76666 7.82378 8.14149 8.14583 
2.54353 4.533 4.57304 4.57666 4.95347 5.32828 5.5157 5.85588 6.49452 6.5725 6.66132 7.2985 7.31932 7.37343 7.37681 7.7391 7.76666 7.82378 8.14149 8.14583 
2.54353 4.533 4.57304 4.57666 4.95347 5.32828 5.5157 5.85588 6.49452 6.5725 6.66132 7.2985 7.31932 7.37343 7.37681 7.7391 7.76666 7.82378 8.14149 8.14583 
2.54353 4.533 4.57304 4.57666 4.95347 5.32828 5.5157 5.85588 6.49452 6.5725 6.66132 7.2985 7.31932 7.37343 7.37681 7.7391 7.76666 7.82378 8.14149 8.14583 
2.54353 4.533 4.57304 4.57666 4.95347 5.32828 5.5157 5.85588 6.49452 6.5725 6.66132 7.2985 7.31932 7.37343 7.37681 7.7391 7.76666 7.82378 8.14149 8.14583 
2.54353 4.533 4.57304 4.57666 4.95347 5.32828 5.5157 5.85588 6.49452 6.5725 6.66132 7.2985 7.31932 7.37343 7.37681 7.7391 7.76666 7.82378 8.14149 8.14583 
2.54353 4.533 4.57304 4.57666 4.95347 5.32828 5.5157 5.85588 6.14176 6.49452 6.5725 6.66132 7.2985 7.31932 7.37343 7.37681 7.7391 7.76666 7.82378 8.14149 
2.54353 4.533 4.57304 4.57666 4.95347 5.32828 5.5157 5.85588 6.14176 6.49452 6.5725 6.66132 7.2985 7.31932 7.37343 7.3758 7.37681 7.7391 7.76666 7.82378 
2.54353 4.533 4.57304 4.57666 4.95347 5.32828 5.5157 5.85588 6.14176 6.49452 6.5725 6.66132 7.2985 7.31932 7.37343 7.3758 7.37681 7.7391 7.76666 7.82378 
2.54353 4.533 4.57304 4.57666 4.95347 5.32828 5.5157 5.85588 6.14176 6.49452 6.5725 6.66132 7.2985 7.31932 7.37343 7.3758 7.37681 7.7391 7.76666 7.82378 
2.54353 4.533 4.57304 4.57666 4.95347 5.32828 5.5157 5.85588 6.14176 6.49452 6.5725 6.66132 7.2985 7.31932 7.37343 7.3758 7.37681 7.7391 7.76666 7.82378 
2.54353 4.533 4.57304 4.57666 4.95347 5.32828 5.5157 5.85588 6.14176 6.49452 6.5725 6.66132 7.2985 7.31932 7.37343 7.3758 7.37681 7.7391 7.76666 7.82378 
2.54353 4.533 4.57304 4.57666 4.95347 5.32828 5.5157 5.85588 6.14176 6.4835 6.49452 6.5725 6.66132 7.2985 7.31932 7.37343 7.3758 7.37681 7.73572 7.7391 
2.54353 4.533 4.57304 4.57666 4.95347 5.32828 5.5157 5.85588 6.14176 6.4835 6.49452 6.5725 6.66132 7.2985 7.31932 7.37343 7.3758 7.37681 7.73572 7.7391 
2.54353 4.533 4.57304 4.57666 4.95347 5.32828 5.5157 5.68514 5.85588 6.14176 6.4835 6.49452 6.5725 6.63277 6.66132 7.2985 7.31932 7.37343 7.3758 7.37681 
2.54353 4.533 4.57304 4.57666 4.95347 5.32828 5.5157 5.68514 5.85588 6.14176 6.4835 6.49452 6.5725 6.63277 6.65028 6.66132 7.2985 7.31932 7.37343 7.3758 
2.54353 4.533 4.57304 4.57666 4.95347 5.32828 5.5157 5.68514 5.85588 6.14176 6.4835 6.49452 6.5725 6.63277 6.65028 6.66132 7.2985 7.31932 7.37343 7.3758 
2.54353 4.533 4.57304 4.57666 4.95347 5.32828 5.5157 5.68514 5.85588 6.14176 6.4835 6.49452 6.5725 6.63277 6.65028 6.66132 7.26958 7.2985 7.31932 7.37343 
2.54353 4.533 4.57304 4.57666 4.95347 5.32828 5.5157 5.68514 5.85588 6.13058 6.14176 6.4835 6.49452 6.5725 6.63277 6.65028 6.66132 6.70437 7.26958 7.2985 
2.54353 4.533 4.57304 4.57666 4.95347 5.32828 5.5157 5.68514 5.85588 6.13058 6.14176 6.4835 6.49452 6.5725 6.63277 6.65028 6.66132 6.70437 7.26958 7.2985 
2.54353 4.533 4.57304 4.57666 4.95347 5.32828 5.5157 5.68514 5.85588 6.13058 6.14176 6.4835 6.49452 6.5725 6.63277 6.65028 6.66132 6.70437 7.26958 7.2985 
2.54353 4.533 4.57304 4.57666 4.95347 5.32828 5.5157 5.68514 5.85588 6.13058 6.14176 6.452 6.4835 6.49452 6.5725 6.63277 6.65028 6.66132 6.70437 7.26958 
2.54353 3.8042 4.533 4.57304 4.57666 4.95347 5.32828 5.42027 5.5157 5.68514 5.85588 6.13058 6.14176 6.452 6.4835 6.49452 6.5725 6.63277 6.65028 6.66132 
2.54353 3.8042 4.533 4.57304 4.57666 4.95347 5.32828 5.42027 5.5157 5.68514 5.85588 6.13058 6.14176 6.44626 6.452 6.4835 6.49452 6.5725 6.63277 6.65028 
2.54353 3.8042 4.533 4.57304 4.57666 4.95347 5.32828 5.42027 5.5157 5.68514 5.85588 6.13058 6.14176 6.44626 6.452 6.4835 6.49452 6.5725 6.63277 6.65028 
2.54353 3.8042 4.533 4.57304 4.57666 4.95347 5.32828 5.42027 5.5157 5.68514 5.85588 6.13058 6.14176 6.44626 6.452 6.4835 6.49452 6.5725 6.63277 6.65028 
2.54353 3.8042 4.533 4.57304 4.57666 4.95347 5.32828 5.42027 5.5157 5.68514 5.85588 6.05135 6.13058 6.14176 6.44626 6.452 6.4835 6.49452 6.5725 6.63277 
2.54353 3.8042 4.533 4.57304 4.57666 4.95347 5.32828 5.42027 5.5157 5.68514 5.85588 6.05135 6.13058 6.14176 6.44626 6.452 6.4835 6.49452 6.5725 6.63277 
2.54353 3.8042 4.533 4.57304 4.57666 4.95347 5.32828 5.42027 5.5157 5.68514 5.85588 6.05135 6.13058 6.14176 6.44626 6.452 6.4835 6.49452 6.5725 6.63277 
2.54353 3.8042 4.533 4.57304 4.57666 4.95347 5.32828 5.42027 5.5157 5.68514 5.85588 6.05135 6.13058 6.14176 6.44626 6.452 6.4835 6.49452 6.5725 6.63277 
2.54353 3.8042 4.533 4.57304 4.57666 4.95347 5.32828 5.42027 5.5157 5.68514 5.85588 6.05135 6.13058 6.14176 6.44626 6.452 6.4835 6.49452 6.5725 6.63277 
2.54353 3.8042 4.533 4.57304 4.57666 4.95347 5.32828 5.42027 5.5157 5.68514 5.85588 5.87074 6.05135 6.13058 6.14176 6.44626 6.452 6.4835 6.49452 6.5725 
2.54353 3.8042 4.533 4.57304 4.57666 4.95347 5.32828 5.42027 5.5157 5.68514 5.85588 5.87074 6.05135 6.13058 6.14176 6.44626 6.452 6.4835 6.49452 6.5725 
2.54353 3.8042 4.533 4.57304 4.57666 4.95347 5.32828 5.42027 5.5157 5.68514 5.85588 5.87074 6.05135 6.13058 6.14176 6.44626 6.452 6.4835 6.49452 6.5725 
2.54353 3.8042 4.533 4.57304 4.57666 4.95347 5.32828 5.42027 5.5157 5.68514 5.85588 5.87074 6.05135 6.13058 6.14176 6.44626 6.452 6.4835 6.49452 6.5725 
2.54353 3.8042 4.533 4.57304 4.57666 4.95347 5.32828 5.42027 5.5157 5.68514 5.85588 5.87074 6.05135 6.13058 6.14176 6.44626 6.452 6.4835 6.49452 6.5725 
2.54353 3.8042 4.533 4.57304 4.57666 4.95347 5.32828 5.42027 5.5157 5.68514 5.85588 5.87074 6.05135 6.13058 6.14176 6.44626 6.452 6.4835 6.49452 6.5725 
2.54353 3.8042 4.533 4.57304 4.57666 4.95347 5.32828 5.42027 5.5157 5.68514 5.85588 5.87074 6.05135 6.13058 6.14176 6.44626 6.452 6.4835 6.49452 6.5725 
2.54353 3.8042 4.533 4.57304 4.57666 4.95347 5.32828 5.42027 5.5157 5.65194 5.68514 5.85588 5.87074 6.05135 6.13058 6.14176 6.44626 6.452 6.4835 6.49452 
2.54353 3.8042 4.533 4.57304 4.57666 4.95347 5.32828 5.42027 5.5157 5.65194 5.68514 5.85588 5.87074 6.05135 6.13058 6.14176 6.44626 6.452 6.4835 6.49452 
2.54353 3.8042 4.533 4.57304 4.57666 4.95347 5.32828 5.42027 5.5157 5.65194 5.68514 5.85588 5.87074 6.05135 6.13058 6.14176 6.44626 6.452 6.4835 6.49452 
2.54353 3.8042 4.533 4.57304 4.57666 4.95347 5.32828 5.42027 5.5157 5.65194 5.68514 5.85588 5.87074 6.05135 6.13058 6.14176 6.44626 6.452 6.4835 6.49452 
2.54353 3.8042 4.533 4.57304 4.57666 4.95347 5.32828 5.42027 5.5157 5.65194 5.68514 5.85588 5.87074 6.05135 6.13058 6.14176 6.44626 6.452 6.4835 6.49452 
2.54353 3.8042 4.533 4.57304 4.57666 4.95347 5.32828 5.42027 5.5157 5.65194 5.68514 5.85588 5.87074 6.05135 6.13058 6.14176 6.44626 6.452 6.4835 6.49452 
2.54353 3.8042 4.533 4.57304 4.57666 4.95347 5.32828 5.42027 5.5157 5.65194 5.68514 5.85588 5.87074 6.05135 6.13058 6.14176 6.44626 6.452 6.4835 6.49452 
2.54353 3.8042 4.533 4.57304 4.57666 4.95347 5.32828 5.42027 5.5157 5.65194 5.68514 5.85588 5.87074 6.05135 6.13058 6.14176 6.44626 6.452 6.4835 6.49452 
2.54353 3.8042 4.533 4.57304 4.57666 4.95347 5.32828 5.42027 5.5157 5.65194 5.68514 5.85588 5.87074 6.05135 6.13058 6.14176 6.44626 6.452 6.4835 6.49452 
2.54353 3.8042 4.533 4.57304 4.57666 4.95347 5.32828 5.42027 5.5157 5.65194 5.68514 5.85588 5.87074 6.05135 6.13058 6.14176 6.44626 6.452 6.4835 6.49452 
2.54353 3.8042 4.533 4.57304 4.57666 4.95347 5.32828 5.42027 5.5157 5.65194 5.68514 5.85588 5.87074 6.05135 6.13058 6.14176 6.44626 6.452 6.4835 6.49452 
2.54353 3.8042 4.533 4.57304 4.57666 4.95347 5.32828 5.42027 5.5157 5.65194 5.68514 5.85588 5.87074 6.05135 6.13058 6.14176 6.44626 6.452 6.4835 6.49452 
2.54353 3.8042 4.533 4.57304 4.57666 4.95347 5.32828 5.42027 5.5157 5.65194 5.68514 5.85588 5.87074 6.05135 6.13058 6.14176 6.44626 6.452 6.4835 6.49452 
2.54353 3.8042 4.533 4.57304 4.57666 4.95347 5.32828 5.42027 5.5157 5.65194 5.68514 5.85588 5.87074 6.05135 6.13058 6.14176 6.44626 6.452 6.4835 6.49452 
2.54353 3.8042 4.533 4.57304 4.57666 4.95347 5.32828 5.42027 5.5157 5.65194 5.68514 5.85588 5.87074 6.05135 6.13058 6.14176 6.44626 6.452 6.4835 6.49452 
2.54353 3.8042 4.533 4.57304 4.57666 4.95347 5.32828 5.42027 5.5157 5.65194 5.68514 5.85588 5.87074 6.05135 6.13058 6.14176 6.44626 6.452 6.4835 6.49452 
2.54353 3.8042 4.533 4.57304 4.57666 4.95347 5.32828 5.42027 5.5157 5.65194 5.68514 5.85588 5.87074 6.05135 6.13058 6.14176 6.44626 6.452 6.4835 6.49452 
2.54353 3.8042 4.533 4.57304 4.57666 4.95347 5.32828 5.42027 5.5157 5.65194 5.68514 5.85588 5.87074 6.05135 6.13058 6.14176 6.44626 6.452 6.4835 6.49452 
2.54353 3.8042 4.533 4.57304 4.57666 4.95347 5.32828 5.42027 5.5157 5.65194 5.68514 5.85588 5.87074 6.05135 6.13058 6.14176 6.44626 6.452 6.4835 6.49452 
2.54353 3.8042 4.533 4.57304 4.57666 4.95347 5.32828 5.42027 5.5157 5.65194 5.68514 5.85588 5.87074 6.05135 6.13058 6.14176 6.44626 6.452 6.4835 6.49452 
2.54353 3.8042 4.533 4.57304 4.57666 4.95347 5.32828 5.42027 5.5157 5.65194 5.68514 5.85588 5.87074 6.05135 6.13058 6.14176 6.44626 6.452 6.4835 6.49452 
2.54353 3.8042 4.533 4.57304 4.57666 4.95347 5.32828 5.42027 5.5157 5.65194 5.68514 5.85588 5.87074 6.05135 6.13058 6.14176 6.44626 6.452 6.4835 6.49452 
2.54353 3.8042 4.533 4.57304 4.57666 4.95347 5.32828 5.42027 5.5157 5.65194 5.68514 5.85588 5.87074 6.05135 6.13058 6.14176 6.44626 6.452 6.4835 6.49452 
2.54353 3.8042 4.533 4.57304 4.57666 4.95347 5.32828 5.42027 5.5157 5.65194 5.68514 5.85588 5.87074 6.05135 6.13058 6.14176 6.44626 6.452 6.4835 6.49452 
2.54353 3.8042 4.533 4.57304 4.57666 4.95347 5.32828 5.42027 5.5157 5.65194 5.68514 5.85588 5.87074 6.05135 6.13058 6.14176 6.44626 6.452 6.4835 6.49452 
2.54353 3.8042 4.533 4.57304 4.57666 4.95347 5.32828 5.42027 5.5157 5.65194 5.68514 5.85588 5.87074 6.05135 6.13058 6.14176 6.44626 6.452 6.4835 6.49452 
2.54353 3.8042 4.533 4.57304 4.57666 4.95347 5.32828 5.42027 5.5157 5.65194 5.68514 5.85588 5.87074 6.05135 6.13058 6.14176 6.44626 6.452 6.4835 6.49452 
2.54353 3.8042 4.533 4.57304 4.57666 4.95347 5.32828 5.42027 5.5157 5.65194 5.68514 5.85588 5.87074 6.05135 6.13058 6.14176 6.44626 6.452 6.4835 6.49452 
2.54353 3.8042 4.533 4.57304 4.57666 4.95347 5.32828 5.42027 5.5157 5.65194 5.68514 5.85588 5.87074 6.05135 6.13058 6.14176 6.44626 6.452 6.4835 6.49452 
2.54353 3.8042 4.533 4.57304 4.57666 4.95347 5.32828 5.42027 5.5157 5.65194 5.68514 5.85588 5.87074 6.05135 6.13058 6.14176 6.44626 6.452 6.4835 6.49452 
2.54353 3.8042 4.533 4.57304 4.57666 4.95347 5.32828 5.42027 5.5157 5.65194 5.68514 5.85588 5.87074 6.05135 6.13058 6.14176 6.44626 6.452 6.4835 6.49452 
2.54353 3.8042 4.533 4.57304 4.57666 4.95347 5.32828 5.42027 5.5157 5.65194 5.68514 5.85588 5.87074 6.05135 6.13058 6.14176 6.44626 6.452 6.4835 6.49452 
2.54353 3.8042 4.533 4.57304 4.57666 4.95347 5.32828 5.42027 5.5157 5.65194 5.68514 5.85588 5.87074 6.05135 6.13058 6.14176 6.44626 6.452 6.4835 6.49452 
2.54353 3.8042 4.533 4.57304 4.57666 4.95347 5.32828 5.42027 5.5157 5.65194 5.68514 5.85588 5.87074 6.05135 6.13058 6.14176 6.44626 6.452 6.4835 6.49452 
2.54353 3.8042 4.533 4.57304 4.57666 4.95347 5.32828 5.42027 5.5157 5.65194 5.68514 5.85588 5.87074 6.05135 6.13058 6.14176 6.44626 6.452 6.4835 6.49452 
2.54353 3.8042 4.533 4.57304 4.57666 4.95347 5.32828 5.42027 5.5157 5.65194 5.68514 5.85588 5.87074 6.05135 6.13058 6.14176 6.44626 6.452 6.4835 6.49452 
2.54353 3.8042 4.533 4.57304 4.57666 4.95347 5.32828 5.42027 5.5157 5.65194 5.68514 5.85588 5.87074 6.05135 6.13058 6.14176 6.44626 6.452 6.4835 6.49452 
2.54353 3.8042 4.533 4.57304 4.57666 4.95347 5.32828 5.42027 5.5157 5.65194 5.68514 5.85588 5.87074 6.05135 6.13058 6.14176 6.44626 6.452 6.4835 6.49452 
2.54353 3.8042 4.533 4.57304 4.57666 4.95347 5.32828 5.42027 5.5157 5.65194 5.68514 5.85588 5.87074 6.05135 6.13058 6.14176 6.44626 6.452 6.4835 6.49452 
2.54353 3.8042 4.533 4.57304 4.57666 4.95347 5.32828 5.42027 5.5157 5.65194 5.68514 5.85588 5.87074 6.05135 6.13058 6.14176 6.44626 6.452 6.4835 6.49452 
2.54353 3.8042 4.533 4.57304 4.57666 4.95347 5.32828 5.42027 5.5157 5.65194 5.68514 5.85588 5.87074 6.05135 6.13058 6.14176 6.44626 6.452 6.4835 6.49452 
2.54353 3.8042 4.533 4.57304 4.57666 4.95347 5.32828 5.42027 5.5157 5.65194 5.68514 5.85588 5.87074 6.05135 6.13058 6.14176 6.44626 6.452 6.4835 6.49452 
2.54353 3.8042 4.533 4.57304 4.57666 4.95347 5.32828 5.42027 5.5157 5.65194 5.68514 5.85588 5.87074 6.05135 6.13058 6.14176 6.44626 6.452 6.4835 6.49452 
2.54353 3.8042 4.533 4.57304 4.57666 4.95347 5.32828 5.42027 5.5157 5.65194 5.68514 5.85588 5.87074 6.05135 6.13058 6.14176 6.44626 6.452 6.4835 6.49452 
2.54353 3.8042 4.533 4.57304 4.57666 4.95347 5.32828 5.42027 5.5157 5.65194 5.68514 5.85588 5.87074 6.05135 6.13058 6.14176 6.44626 6.452 6.4835 6.49452 
2.54353 3.8042 4.533 4.57304 4.57666 4.95347 5.32828 5.42027 5.5157 5.65194 5.68514 5.85588 5.87074 6.05135 6.13058 6.14176 6.44626 6.452 6.4835 6.49452 
2.54353 3.8042 4.533 4.57304 4.57666 4.95347 5.32828 5.42027 5.5157 5.65194 5.68514 5.85588 5.87074 6.05135 6.13058 6.14176 6.44626 6.452 6.4835 6.49452 
2.54353 3.8042 4.533 4.57304 4.57666 4.95347 5.32828 5.42027 5.5157 5.65194 5.68514 5.85588 5.87074 6.05135 6.13058 6.14176 6.44626 6.452 6.4835 6.49452 
2.54353 3.8042 4.533 4.57304 4.57666 4.95347 5.32828 5.42027 5.5157 5.65194 5.68514 5.85588 5.87074 6.05135 6.13058 6.14176 6.44626 6.452 6.4835 6.49452 
2.54353 3.8042 4.533 4.57304 4.57666 4.95347 5.32828 5.42027 5.5157 5.65194 5.68514 5.85588 5.87074 6.05135 6.13058 6.14176 6.44626 6.452 6.4835 6.49452 
