3.56605 4.29276 5.27888 6.29975 7.35494 7.92145 8.43756 8.8044 9.20659 9.54024 9.58882 10.0012 10.0193 10.1637 10.2138 10.3425 10.4506 10.5968 10.8281 11.1408 
3.1698 3.56605 4.29276 4.38739 5.15424 5.27888 6.26986 6.29975 6.57822 7.35494 7.92145 8.00174 8.43756 8.53445 8.75386 8.8044 9.18299 9.20659 9.26142 9.54024 
3.1698 3.56605 4.29276 4.38739 5.15424 5.27888 6.13542 6.26986 6.29975 6.57822 7.35494 7.65532 7.67403 7.92145 8.00174 8.2223 8.24212 8.43756 8.53445 8.75386 
3.1698 3.56605 4.29276 4.38739 4.96991 5.15424 5.27888 5.58739 5.64092 6.13542 6.26986 6.29975 6.57822 7.35494 7.65532 7.67403 7.75873 7.92145 8.00174 8.05068 
3.1698 3.56605 4.29276 4.38739 4.7547 4.96991 5.15424 5.27888 5.58739 5.64092 6.13542 6.26986 6.29975 6.57822 7.19662 7.3478 7.35494 7.65532 7.67403 7.75873 
3.1698 3.56605 3.82447 3.8752 4.29276 4.38739 4.7547 4.96991 5.15424 5.17925 5.27888 5.58739 5.63811 5.64092 6.02815 6.13542 6.14201 6.26473 6.26986 6.29975 
3.16973 3.1698 3.56605 3.82447 3.8752 4.29276 4.38739 4.7547 4.96991 5.15424 5.17925 5.27888 5.58739 5.63811 5.64092 6.02815 6.13542 6.14201 6.26473 6.26986 
2.40887 3.16973 3.1698 3.56605 3.82447 3.8752 4.29276 4.38739 4.7547 4.96991 4.97753 5.15424 5.17925 5.27888 5.45737 5.58739 5.63811 5.64092 6.02815 6.13542 
2.40887 3.16973 3.1698 3.56605 3.82447 3.8752 4.29276 4.38739 4.7547 4.96991 4.97753 5.15424 5.17925 5.27888 5.45737 5.58739 5.63811 5.64092 6.02815 6.13542 
1.58858 2.40887 3.16973 3.1698 3.28055 3.31947 3.56605 3.82447 3.8752 4.29276 4.38739 4.7547 4.96991 4.97753 5.15424 5.17925 5.27888 5.45737 5.58739 5.63811 
1.58858 2.40887 3.16973 3.1698 3.28055 3.31947 3.56605 3.82447 3.8752 4.29276 4.38739 4.57948 4.7547 4.96991 4.97753 5.15424 5.17925 5.27888 5.45737 5.58739 
1.58858 2.40887 3.16973 3.1698 3.28055 3.31947 3.56605 3.82447 3.8752 4.19167 4.29276 4.38739 4.57948 4.7547 4.96991 4.97753 5.15424 5.17925 5.27888 5.45737 
1.58858 2.40887 3.16973 3.1698 3.28055 3.31947 3.56605 3.82447 3.8752 4.05688 4.19167 4.29276 4.38739 4.57948 4.7547 4.96991 4.97753 5.15424 5.17925 5.27888 
1.58858 2.40887 3.16973 3.1698 3.18106 3.28055 3.31947 3.56605 3.82447 3.8752 4.05688 4.19167 4.29276 4.38739 4.57948 4.7547 4.96991 4.97753 5.15424 5.17925 
1.58858 2.40887 3.16973 3.1698 3.18106 3.25262 3.28055 3.31947 3.56605 3.60394 3.82447 3.8752 4.05688 4.19167 4.29276 4.38739 4.57948 4.7547 4.96991 4.97753 
1.58858 2.40887 3.10824 3.16973 3.1698 3.18106 3.25262 3.28055 3.31947 3.56605 3.60394 3.82447 3.8752 4.05688 4.19167 4.29276 4.38739 4.57948 4.7547 4.96991 
1.58858 2.40887 3.10824 3.16973 3.1698 3.18106 3.25262 3.28055 3.31947 3.56605 3.60394 3.82447 3.8752 4.05688 4.19167 4.29276 4.38739 4.57948 4.7547 4.96991 
1.58858 2.40887 2.89367 3.10824 3.16973 3.1698 3.18106 3.25262 3.28055 3.31947 3.56605 3.60394 3.82447 3.8752 4.05688 4.19167 4.29276 4.38739 4.57948 4.7547 
1.58858 2.40887 2.89367 3.10824 3.16973 3.1698 3.18106 3.25262 3.28055 3.31947 3.47337 3.56605 3.60394 3.82447 3.8752 4.05688 4.19167 4.29276 4.38739 4.57948 
1.58858 2.40887 2.89367 3.10824 3.16973 3.1698 3.18106 3.25262 3.28055 3.31947 3.47337 3.56605 3.60394 3.82447 3.8752 4.05688 4.19167 4.29276 4.38739 4.57948 
1.58858 2.40887 2.89367 3.10824 3.16973 3.1698 3.18106 3.25262 3.28055 3.31947 3.47337 3.56605 3.60394 3.82447 3.8752 4.05688 4.19167 4.29276 4.38739 4.57948 
1.58858 2.40887 2.83624 2.89367 3.10824 3.16973 3.1698 3.18106 3.25262 3.28055 3.31947 3.47337 3.56605 3.60394 3.82447 3.8752 4.05688 4.19167 4.29276 4.38739 
1.58858 2.40887 2.83624 2.89367 3.10824 3.16973 3.1698 3.18106 3.25262 3.28055 3.31947 3.44086 3.47337 3.56605 3.60394 3.82447 3.8752 4.05688 4.19167 4.29276 
1.58858 2.40887 2.83624 2.89367 3.10824 3.16973 3.1698 3.18106 3.25262 3.28055 3.31947 3.44086 3.47337 3.56605 3.60394 3.82447 3.8752 4.05688 4.19167 4.29276 
1.58858 2.40887 2.83624 2.89367 3.10824 3.16973 3.1698 3.18106 3.25262 3.28055 3.31947 3.44086 3.47337 3.56605 3.60394 3.82447 3.8752 4.05688 4.19167 4.29276 
1.58858 2.40887 2.83624 2.89367 3.10824 3.16973 3.1698 3.18106 3.25262 3.28055 3.31947 3.44086 3.47337 3.56605 3.60394 3.82447 3.8752 4.05688 4.19167 4.29276 
1.58858 2.40887 2.83624 2.89367 3.0532 3.10824 3.16973 3.1698 3.18106 3.25262 3.28055 3.31947 3.44086 3.44539 3.47337 3.56605 3.60394 3.82447 3.8752 4.05688 
1.58858 2.40887 2.83624 2.89367 3.0532 3.10824 3.16973 3.1698 3.18106 3.25262 3.28055 3.31947 3.44086 3.44539 3.47337 3.56605 3.60394 3.82447 3.8752 4.05688 
1.58858 2.40887 2.83624 2.89367 3.0532 3.10824 3.16973 3.1698 3.18106 3.25262 3.28055 3.31947 3.44086 3.44539 3.47337 3.56605 3.60394 3.82447 3.8752 4.05688 
1.58858 2.40887 2.83624 2.89367 3.0532 3.10824 3.16973 3.1698 3.18106 3.25262 3.28055 3.31947 3.44086 3.44539 3.47337 3.56605 3.60394 3.82447 3.8752 4.05688 
1.58858 2.40887 2.83624 2.89367 3.0532 3.10824 3.16973 3.1698 3.18106 3.25262 3.28055 3.31947 3.44086 3.44539 3.47337 3.56605 3.60394 3.82447 3.8752 4.05688 
1.58858 2.40887 2.83624 2.89367 3.0532 3.10824 3.14498 3.16973 3.1698 3.18106 3.25262 3.28055 3.31947 3.44086 3.44539 3.47337 3.56605 3.60394 3.82447 3.8752 
1.16567 1.58858 2.40887 2.83624 2.89367 3.0532 3.10824 3.14498 3.16973 3.1698 3.18106 3.25262 3.28055 3.31947 3.44086 3.44539 3.47337 3.56605 3.60394 3.82447 
1.16567 1.58858 2.40887 2.83624 2.89367 3.0532 3.10824 3.14498 3.16973 3.1698 3.18106 3.25262 3.28055 3.31947 3.44086 3.44539 3.47337 3.56605 3.60394 3.82447 
1.16567 1.58858 2.40887 2.83624 2.89367 3.0532 3.10824 3.14498 3.16973 3.1698 3.18106 3.25262 3.28055 3.31947 3.44086 3.44539 3.47337 3.56605 3.60394 3.82447 
1.16567 1.58858 2.40887 2.68863 2.83624 2.89367 3.0532 3.10824 3.14498 3.16973 3.1698 3.18106 3.2262 3.25262 3.28055 3.31947 3.44086 3.44539 3.47337 3.56605 
1.16567 1.58858 2.40887 2.68863 2.83624 2.89367 3.0532 3.10824 3.14498 3.16973 3.1698 3.18106 3.2262 3.25262 3.28055 3.31947 3.44086 3.44539 3.47337 3.56605 
1.16567 1.58858 2.40887 2.68863 2.83624 2.89367 3.0532 3.08887 3.10824 3.14498 3.16973 3.1698 3.18106 3.2262 3.25262 3.28055 3.31947 3.44086 3.44539 3.47337 
1.16567 1.58858 2.40887 2.68863 2.83624 2.89367 3.0532 3.08887 3.10824 3.14498 3.16973 3.1698 3.18106 3.2262 3.25262 3.28055 3.31947 3.44086 3.44539 3.47337 
1.16567 1.58858 2.40887 2.68863 2.83624 2.89367 3.0532 3.08887 3.10824 3.14498 3.16973 3.1698 3.18106 3.2262 3.25262 3.28055 3.31947 3.44086 3.44539 3.47337 
1.16567 1.58858 2.40887 2.68863 2.83624 2.89367 3.0532 3.08887 3.10824 3.14498 3.16973 3.1698 3.18106 3.2262 3.25262 3.28055 3.31947 3.44086 3.44539 3.47337 
0.754415 1.16567 1.58858 2.40887 2.68863 2.83624 2.89367 3.0532 3.08887 3.10824 3.14498 3.16973 3.1698 3.18106 3.2262 3.25262 3.28055 3.31947 3.44086 3.44539 
0.754415 1.16567 1.58858 2.40887 2.68863 2.83624 2.89367 3.0532 3.08887 3.10824 3.14498 3.16973 3.1698 3.18106 3.2262 3.25262 3.28055 3.31947 3.44086 3.44539 
0.754415 1.16567 1.58858 2.40887 2.68863 2.83624 2.89084 2.89367 3.0532 3.08887 3.10824 3.14498 3.16973 3.1698 3.18106 3.2262 3.25262 3.28055 3.31947 3.44086 
0.754415 1.16567 1.58858 2.40412 2.40887 2.68863 2.83624 2.89084 2.89367 3.0532 3.08887 3.10824 3.14498 3.16973 3.1698 3.18106 3.2262 3.25262 3.28055 3.31947 
0.754415 1.16567 1.58858 2.40412 2.40887 2.68863 2.83624 2.89084 2.89367 3.0532 3.08887 3.10824 3.14498 3.16973 3.1698 3.18106 3.2262 3.25262 3.28055 3.31947 
0.754415 1.16567 1.58858 2.40412 2.40887 2.68863 2.83624 2.89084 2.89367 3.0532 3.08887 3.10824 3.14498 3.16973 3.1698 3.18106 3.2262 3.25262 3.28055 3.31947 
0.754415 1.16567 1.58858 2.40412 2.40887 2.68863 2.83624 2.89084 2.89367 3.0532 3.08887 3.10824 3.14498 3.16973 3.1698 3.18106 3.2262 3.25262 3.28055 3.31947 
0.754415 1.16567 1.58858 2.40412 2.40887 2.68863 2.83624 2.89084 2.89367 3.0532 3.08887 3.10824 3.14498 3.16973 3.1698 3.18106 3.2262 3.25262 3.28055 3.31947 
0.754415 1.16567 1.58858 2.40412 2.40887 2.68863 2.83624 2.89084 2.89367 3.0532 3.08887 3.10824 3.14498 3.16973 3.1698 3.18106 3.2262 3.25262 3.28055 3.31947 
0.754415 1.16567 1.58858 2.40412 2.40887 2.68863 2.83624 2.89084 2.89367 3.0532 3.08887 3.10824 3.14498 3.16973 3.1698 3.18106 3.2262 3.25262 3.28055 3.31947 
0.754415 1.16567 1.58858 2.40412 2.40887 2.68863 2.83624 2.89084 2.89367 3.0532 3.08887 3.10824 3.14498 3.16973 3.1698 3.18106 3.2262 3.25262 3.28055 3.31947 
0.754415 1.16567 1.58858 2.40412 2.40887 2.68863 2.83624 2.89084 2.89367 3.0532 3.08887 3.10824 3.14498 3.16973 3.1698 3.18106 3.2262 3.25262 3.28055 3.31947 
0.754415 1.16567 1.58858 2.40412 2.40887 2.68863 2.83624 2.89084 2.89367 3.0532 3.08887 3.10824 3.14498 3.16973 3.1698 3.18106 3.2262 3.25262 3.28055 3.31947 
0.754415 1.16567 1.58858 2.40412 2.40887 2.68863 2.83624 2.89084 2.89367 3.0532 3.08887 3.10824 3.14498 3.16973 3.1698 3.18106 3.2262 3.25262 3.28055 3.31947 
0.754415 1.16567 1.58858 2.40412 2.40887 2.68863 2.83624 2.89084 2.89367 3.0532 3.08887 3.10824 3.14498 3.16973 3.1698 3.18106 3.2262 3.25262 3.28055 3.31947 
0.754415 1.16567 1.58858 2.40412 2.40887 2.68863 2.83624 2.89084 2.89367 3.0532 3.08887 3.10824 3.14498 3.16973 3.1698 3.18106 3.2262 3.25262 3.28055 3.31947 
0.754415 1.16567 1.58858 2.40412 2.40887 2.68863 2.83624 2.89084 2.89367 3.0532 3.08887 3.10824 3.14498 3.16973 3.1698 3.18106 3.2262 3.25262 3.28055 3.31947 
0.754415 1.16567 1.58858 2.40412 2.40887 2.68863 2.83624 2.89084 2.89367 3.0532 3.08887 3.10824 3.14498 3.16973 3.1698 3.18106 3.2262 3.25262 3.28055 3.31947 
0.754415 1.16567 1.58858 2.40412 2.40887 2.68863 2.83624 2.89084 2.89367 3.0532 3.08887 3.10824 3.14498 3.16973 3.1698 3.18106 3.2262 3.25262 3.28055 3.31947 
0.754415 1.16567 1.58858 2.40412 2.40887 2.68863 2.83624 2.89084 2.89367 3.0532 3.08887 3.10824 3.14498 3.16973 3.1698 3.18106 3.2262 3.25262 3.28055 3.31947 
0.754415 1.16567 1.58858 2.40412 2.40887 2.68863 2.83624 2.89084 2.89367 3.0532 3.08887 3.10824 3.14498 3.16973 3.1698 3.18106 3.2262 3.25262 3.28055 3.31947 
0.754415 1.16567 1.58858 2.40412 2.40887 2.68863 2.83624 2.89084 2.89367 3.0532 3.08887 3.10824 3.14498 3.16973 3.1698 3.18106 3.2262 3.25262 3.28055 3.31947 
0.754415 1.16567 1.58858 2.40412 2.40887 2.68863 2.83624 2.89084 2.89367 3.0532 3.08887 3.10824 3.14498 3.16973 3.1698 3.18106 3.2262 3.25262 3.28055 3.31947 
0.754415 1.16567 1.58858 2.40412 2.40887 2.68863 2.77365 2.83624 2.89084 2.89367 3.0532 3.08887 3.10824 3.14498 3.16973 3.1698 3.18106 3.2262 3.25262 3.28055 
0.754415 1.16567 1.58858 2.40412 2.40887 2.68863 2.77365 2.83624 2.89084 2.89367 3.0532 3.08887 3.10824 3.14498 3.16973 3.1698 3.18106 3.2262 3.25262 3.28055 
0.754415 1.16567 1.22344 1.58858 2.40412 2.40887 2.68863 2.77365 2.83624 2.89084 2.89367 3.0532 3.08887 3.10824 3.14498 3.16973 3.1698 3.18106 3.2262 3.25262 
0.754415 1.16567 1.22344 1.58858 2.40412 2.40887 2.68863 2.77365 2.83624 2.89084 2.89367 3.0532 3.08887 3.10824 3.14498 3.16973 3.1698 3.18106 3.2262 3.25262 
0.754415 1.16567 1.22344 1.58858 2.40412 2.40887 2.68863 2.77365 2.83624 2.89084 2.89367 3.0532 3.08887 3.10824 3.14498 3.16973 3.1698 3.18106 3.2262 3.25262 
0.754415 1.16567 1.22344 1.58858 2.40412 2.40887 2.68863 2.77365 2.83624 2.89084 2.89367 3.0532 3.08887 3.10824 3.14498 3.16973 3.1698 3.18106 3.2262 3.25262 
0.754415 1.16567 1.22344 1.58858 2.40412 2.40887 2.68863 2.77365 2.83624 2.89084 2.89367 3.0532 3.08887 3.10824 3.14498 3.16973 3.1698 3.18106 3.2262 3.25262 
0.754415 1.16567 1.22344 1.58858 2.40412 2.40887 2.68863 2.77365 2.83624 2.89084 2.89367 3.0532 3.08887 3.10824 3.14498 3.16973 3.1698 3.18106 3.2262 3.25262 
0.754415 1.16567 1.22344 1.58858 2.40412 2.40887 2.68863 2.77365 2.83624 2.89084 2.89367 3.0532 3.08887 3.10824 3.14498 3.16973 3.1698 3.18106 3.2262 3.25262 
0.754415 1.16567 1.22344 1.58858 2.40412 2.40887 2.68863 2.77365 2.83624 2.89084 2.89367 3.0532 3.08887 3.10824 3.14498 3.16973 3.1698 3.18106 3.2262 3.25262 
0.754415 1.16567 1.22344 1.58858 2.40412 2.40887 2.68863 2.77365 2.83624 2.89084 2.89367 3.0532 3.08887 3.10824 3.14498 3.16973 3.1698 3.18106 3.2262 3.25262 
0.754415 1.16567 1.22344 1.58858 2.40412 2.40887 2.68863 2.77365 2.83624 2.89084 2.89367 3.0532 3.08887 3.10824 3.14498 3.16973 3.1698 3.18106 3.2262 3.25262 
0.754415 1.16567 1.22344 1.58858 2.40412 2.40887 2.68863 2.77365 2.83624 2.89084 2.89367 3.0532 3.08887 3.10824 3.14498 3.16973 3.1698 3.18106 3.2262 3.25262 
0.754415 1.16567 1.22344 1.58858 2.40412 2.40887 2.68863 2.77365 2.83624 2.89084 2.89367 3.0532 3.08887 3.10824 3.14498 3.16973 3.1698 3.18106 3.2262 3.25262 
0.754415 1.16567 1.22344 1.58858 2.40412 2.40887 2.68863 2.77365 2.83624 2.89084 2.89367 3.0532 3.08887 3.10824 3.14498 3.16973 3.1698 3.18106 3.2262 3.25262 
0.754415 1.16567 1.22344 1.58858 2.40412 2.40887 2.68863 2.77365 2.83624 2.89084 2.89367 3.0532 3.08887 3.10824 3.14498 3.16973 3.1698 3.18106 3.2262 3.25262 
0.754415 1.16567 1.22344 1.58858 2.40412 2.40887 2.68863 2.77365 2.83624 2.89084 2.89367 3.0532 3.08887 3.10824 3.14498 3.16973 3.1698 3.18106 3.2262 3.25262 
0.754415 1.16567 1.22344 1.58858 2.40412 2.40887 2.68863 2.77365 2.83624 2.89084 2.89367 3.0532 3.08887 3.10824 3.14498 3.16973 3.1698 3.18106 3.2262 3.25262 
0.754415 1.16567 1.22344 1.58858 2.40412 2.40887 2.68863 2.77365 2.83624 2.89084 2.89367 3.0532 3.08887 3.10824 3.14498 3.16973 3.1698 3.18106 3.2262 3.25262 
0.754415 1.16567 1.22344 1.58858 2.40412 2.40887 2.68863 2.77365 2.83624 2.89084 2.89367 3.0532 3.08887 3.10824 3.14498 3.16973 3.1698 3.18106 3.2262 3.25262 
0.754415 1.16567 1.22344 1.58858 2.40412 2.40887 2.68863 2.77365 2.83624 2.89084 2.89367 3.0532 3.08887 3.10824 3.14498 3.16973 3.1698 3.18106 3.2262 3.25262 
0.754415 1.16567 1.22344 1.58858 2.40412 2.40887 2.68863 2.77365 2.83624 2.89084 2.89367 3.0532 3.08887 3.10824 3.14498 3.16973 3.1698 3.18106 3.2262 3.25262 
0.754415 1.16567 1.22344 1.58858 2.40412 2.40887 2.68863 2.77365 2.83624 2.89084 2.89367 3.0532 3.08887 3.10824 3.14498 3.16973 3.1698 3.18106 3.2262 3.25262 
0.754415 1.16567 1.22344 1.58858 2.40412 2.40887 2.68863 2.77365 2.83624 2.89084 2.89367 3.0532 3.08887 3.10824 3.14498 3.16973 3.1698 3.18106 3.2262 3.25262 
0.754415 1.16567 1.22344 1.58858 2.40412 2.40887 2.68863 2.77365 2.83624 2.89084 2.89367 3.0532 3.08887 3.10824 3.14498 3.16973 3.1698 3.18106 3.2262 3.25262 
0.754415 1.16567 1.22344 1.58858 2.40412 2.40887 2.68863 2.77365 2.83624 2.89084 2.89367 3.0532 3.08887 3.10824 3.14498 3.16973 3.1698 3.18106 3.2262 3.25262 
0.754415 1.16567 1.22344 1.58858 2.40412 2.40887 2.68863 2.77365 2.83624 2.89084 2.89367 3.0532 3.08887 3.10824 3.14498 3.16973 3.1698 3.18106 3.2262 3.25262 
0.754415 1.16567 1.22344 1.58858 2.40412 2.40887 2.68863 2.77365 2.83624 2.89084 2.89367 3.0532 3.08887 3.10824 3.14498 3.16973 3.1698 3.18106 3.2262 3.25262 
0.754415 1.16567 1.22344 1.58858 2.40412 2.40887 2.68863 2.77365 2.83624 2.89084 2.89367 3.0532 3.08887 3.10824 3.14498 3.16973 3.1698 3.18106 3.2262 3.25262 
0.754415 1.16567 1.22344 1.58858 2.40412 2.40887 2.68863 2.77365 2.83624 2.89084 2.89367 3.0532 3.08887 3.10824 3.14498 3.16973 3.1698 3.18106 3.2262 3.25262 
0.754415 1.16567 1.22344 1.58858 2.40412 2.40887 2.68863 2.77365 2.83624 2.89084 2.89367 3.0532 3.08887 3.10824 3.14498 3.16973 3.1698 3.18106 3.2262 3.25262 
0.754415 1.16567 1.22344 1.58858 2.40412 2.40887 2.68863 2.77365 2.83624 2.89084 2.89367 3.0532 3.08887 3.10824 3.14498 3.16973 3.1698 3.18106 3.2262 3.25262 
0.754415 1.16567 1.22344 1.58858 2.40412 2.40887 2.68863 2.77365 2.83624 2.89084 2.89367 3.0532 3.08887 3.10824 3.14498 3.16973 3.1698 3.18106 3.2262 3.25262 
0.754415 1.16567 1.22344 1.58858 2.40412 2.40887 2.68863 2.77365 2.83624 2.89084 2.89367 3.0532 3.08887 3.10824 3.14498 3.16973 3.1698 3.18106 3.2262 3.25262 
0.754415 1.16567 1.22344 1.58858 2.40412 2.40887 2.68863 2.77365 2.83624 2.89084 2.89367 3.0532 3.08887 3.10824 3.14498 3.16973 3.1698 3.18106 3.2262 3.25262 
0.754415 1.16567 1.22344 1.58858 2.40412 2.40887 2.68863 2.77365 2.83624 2.89084 2.89367 3.0532 3.08887 3.10824 3.14498 3.16973 3.1698 3.18106 3.2262 3.25262 
