2.31691 2.49778 2.93993 3.24288 3.66165 4.16507 6.33941 7.14929 7.43696 7.54637 7.58008 7.78237 8.93945 9.2039 9.54213 10.0774 10.259 10.3732 11.1966 12.2206 
2.31691 2.49778 2.70525 2.93993 3.24288 3.57377 3.66165 4.16507 6.02276 6.33941 7.01929 7.14929 7.43696 7.54637 7.58008 7.78237 7.90326 8.93945 9.2039 9.54213 
1.92538 1.97432 2.05906 2.31691 2.49778 2.55931 2.70525 2.93993 3.24288 3.37263 3.57377 3.66165 3.70476 3.74922 4.16507 5.86397 6.02276 6.1781 6.33941 6.84405 
1.92538 1.97432 2.05906 2.31691 2.3366 2.45796 2.49778 2.55931 2.70525 2.93993 3.24288 3.37263 3.38296 3.45931 3.57377 3.66165 3.70476 3.74922 4.16507 4.31733 
1.92538 1.94401 1.97432 2.05906 2.10252 2.31691 2.3366 2.45796 2.49778 2.55931 2.66218 2.70525 2.93993 3.24288 3.37263 3.38296 3.45931 3.57377 3.66165 3.70476 
1.92538 1.94401 1.97432 2.05906 2.10252 2.31691 2.3366 2.45796 2.49778 2.55931 2.66218 2.70525 2.93993 3.24288 3.32082 3.37263 3.38296 3.45931 3.57377 3.66165 
1.92538 1.94401 1.97432 2.05906 2.10252 2.31691 2.3366 2.45796 2.49778 2.55931 2.66218 2.70525 2.93993 3.09572 3.24288 3.32082 3.37263 3.38296 3.45931 3.57377 
1.92538 1.94401 1.97432 2.05906 2.10252 2.31691 2.3366 2.45796 2.49778 2.55931 2.66218 2.70525 2.93993 3.02547 3.09572 3.24288 3.32082 3.37263 3.38296 3.45931 
1.92538 1.94401 1.97432 2.05906 2.10252 2.31691 2.3366 2.45796 2.49778 2.55931 2.66218 2.70525 2.75067 2.93993 3.02547 3.09572 3.24288 3.32082 3.37263 3.38296 
1.1013 1.92538 1.94401 1.97432 2.05906 2.10252 2.31691 2.3366 2.45796 2.49778 2.55931 2.66218 2.70525 2.75067 2.93993 3.02547 3.09572 3.24288 3.32082 3.37263 
1.1013 1.92538 1.94401 1.97432 2.05906 2.10252 2.31691 2.3366 2.45796 2.49778 2.55931 2.66218 2.70525 2.75067 2.93993 3.02547 3.09572 3.24288 3.32082 3.37263 
1.1013 1.92538 1.94401 1.97432 2.05906 2.10252 2.31691 2.3366 2.45796 2.49778 2.55931 2.66218 2.70475 2.70525 2.75067 2.93993 3.02547 3.09572 3.24288 3.32082 
1.1013 1.92538 1.94401 1.97432 2.05906 2.10252 2.31691 2.3366 2.45796 2.49778 2.55931 2.66218 2.70475 2.70525 2.75067 2.93993 3.02547 3.09572 3.24288 3.32082 
0.574222 1.1013 1.6518 1.92538 1.94401 1.97432 2.05906 2.10252 2.31691 2.3366 2.45796 2.49778 2.55931 2.66218 2.70475 2.70525 2.75067 2.93993 3.02547 3.09572 
0.574222 1.1013 1.6518 1.92538 1.94401 1.97432 2.05906 2.10252 2.10769 2.31691 2.3366 2.45796 2.49778 2.55931 2.66218 2.70475 2.70525 2.75067 2.93993 3.02547 
0.574222 1.1013 1.6518 1.92538 1.94401 1.97432 2.05906 2.10252 2.10769 2.31691 2.3366 2.45796 2.49778 2.55931 2.66218 2.70475 2.70525 2.75067 2.93993 3.02547 
0.574222 1.1013 1.6518 1.92538 1.94401 1.97432 2.05906 2.10252 2.10769 2.31691 2.3366 2.45796 2.49778 2.55931 2.66218 2.70475 2.70525 2.75067 2.93993 3.02547 
0.415053 0.574222 1.1013 1.4905 1.54317 1.6518 1.92538 1.94401 1.97432 2.05906 2.10252 2.10769 2.31691 2.3366 2.45796 2.49778 2.55931 2.65015 2.66218 2.70475 
0.415053 0.574222 1.1013 1.4905 1.54317 1.6518 1.92538 1.94401 1.97432 2.05906 2.10252 2.10769 2.31691 2.3366 2.45796 2.49778 2.55931 2.65015 2.66218 2.70475 
0.415053 0.539211 0.574222 1.1013 1.4905 1.54317 1.6518 1.92538 1.94401 1.97432 2.05906 2.10252 2.10769 2.31691 2.3366 2.45796 2.49778 2.55931 2.65015 2.66218 
0.415053 0.539211 0.574222 1.1013 1.4905 1.54317 1.6518 1.92538 1.94401 1.97432 2.05906 2.10252 2.10769 2.31691 2.3366 2.45796 2.49778 2.55931 2.65015 2.66218 
0.415053 0.539211 0.574222 1.1013 1.4905 1.54317 1.6518 1.92538 1.94401 1.97432 2.05906 2.10252 2.10769 2.31691 2.3366 2.45796 2.49778 2.55931 2.65015 2.66218 
0.415053 0.539211 0.574222 1.1013 1.4905 1.54317 1.6518 1.92538 1.94401 1.97432 2.05906 2.10252 2.10769 2.31691 2.3366 2.45796 2.49778 2.55931 2.65015 2.66218 
0.415053 0.539211 0.574222 1.1013 1.4905 1.54317 1.6518 1.92538 1.94401 1.97432 2.05906 2.10252 2.10769 2.31691 2.3366 2.45796 2.48964 2.49778 2.55931 2.65015 
0.363892 0.415053 0.539211 0.574222 1.1013 1.4905 1.54317 1.6518 1.92538 1.94401 1.97432 2.05906 2.10252 2.10769 2.31691 2.3366 2.45796 2.48964 2.49778 2.55931 
0.363892 0.415053 0.539211 0.574222 1.1013 1.4905 1.54317 1.6518 1.92538 1.94401 1.97432 2.05906 2.10252 2.10769 2.31691 2.3366 2.45796 2.48964 2.49778 2.55931 
0.363892 0.415053 0.539211 0.574222 1.1013 1.4905 1.54317 1.6518 1.92538 1.94401 1.97432 2.05906 2.10252 2.10769 2.31691 2.3366 2.45796 2.48964 2.49778 2.55931 
0.363892 0.415053 0.539211 0.574222 1.1013 1.4905 1.54317 1.6518 1.92538 1.94401 1.97432 2.05906 2.10252 2.10769 2.31691 2.3366 2.45796 2.48964 2.49778 2.55931 
0.363892 0.415053 0.539211 0.574222 1.1013 1.4905 1.54317 1.6518 1.92538 1.94401 1.97432 2.05906 2.10252 2.10769 2.31691 2.3366 2.45796 2.48964 2.49778 2.55931 
0.363892 0.415053 0.539211 0.574222 1.1013 1.4905 1.54317 1.6518 1.92538 1.94401 1.97432 2.05906 2.10252 2.10769 2.31691 2.3366 2.45796 2.48964 2.49778 2.55931 
0.363892 0.415053 0.539211 0.574222 1.1013 1.4905 1.54317 1.6518 1.92538 1.94401 1.97432 2.05906 2.10252 2.10769 2.31691 2.3366 2.45796 2.48964 2.49778 2.55931 
0.363892 0.415053 0.539211 0.574222 1.1013 1.4905 1.54317 1.60961 1.6518 1.92538 1.94401 1.97432 2.05906 2.10252 2.10769 2.31691 2.3366 2.45796 2.48964 2.49778 
0.363892 0.415053 0.539211 0.574222 1.1013 1.4905 1.54317 1.60961 1.6518 1.92538 1.94401 1.97432 2.05906 2.10252 2.10769 2.31691 2.3366 2.45796 2.48964 2.49778 
0.363892 0.415053 0.539211 0.574222 1.1013 1.4905 1.54317 1.60961 1.6518 1.92538 1.94401 1.97432 2.05906 2.10252 2.10769 2.31691 2.3366 2.45796 2.48964 2.49778 
0.363892 0.415053 0.539211 0.574222 1.1013 1.4905 1.54317 1.60961 1.6518 1.92538 1.94401 1.97432 1.99551 2.05906 2.10252 2.10769 2.31691 2.3366 2.45796 2.48964 
0.363892 0.415053 0.539211 0.574222 1.1013 1.4905 1.54317 1.60961 1.6518 1.92538 1.94401 1.97432 1.99551 2.05906 2.10252 2.10769 2.31691 2.3366 2.45796 2.48964 
0.363892 0.415053 0.539211 0.574222 1.1013 1.4905 1.54317 1.60961 1.6518 1.92538 1.94401 1.97432 1.99551 2.05906 2.10252 2.10769 2.31691 2.3366 2.45796 2.48964 
0.363892 0.415053 0.539211 0.574222 1.1013 1.4905 1.54317 1.60961 1.6518 1.92538 1.94401 1.97432 1.99551 2.05906 2.10252 2.10769 2.31691 2.3366 2.45796 2.48964 
0.363892 0.415053 0.539211 0.574222 1.1013 1.4905 1.54317 1.60961 1.6518 1.92538 1.94401 1.97432 1.99551 2.05906 2.10252 2.10769 2.31691 2.3366 2.45796 2.48964 
0.363892 0.415053 0.539211 0.574222 1.1013 1.4905 1.54317 1.60961 1.6518 1.92538 1.94401 1.97432 1.99551 2.05906 2.10252 2.10769 2.31691 2.3366 2.45796 2.48964 
0.363892 0.415053 0.539211 0.574222 1.1013 1.4905 1.54317 1.60961 1.6518 1.92538 1.94401 1.97432 1.99551 2.05906 2.10252 2.10769 2.31691 2.3366 2.45796 2.48964 
0.363892 0.415053 0.539211 0.574222 1.1013 1.4905 1.54317 1.60961 1.6518 1.92538 1.94401 1.97432 1.99551 2.00816 2.05906 2.10252 2.10769 2.31691 2.3366 2.45796 
0.186252 0.363892 0.415053 0.539211 0.574222 1.1013 1.4905 1.54317 1.60961 1.6518 1.92538 1.94401 1.97432 1.99551 2.00816 2.05906 2.10252 2.10769 2.31691 2.3366 
0.186252 0.363892 0.415053 0.539211 0.574222 1.1013 1.4905 1.54317 1.60961 1.6518 1.92538 1.94401 1.97432 1.99551 2.00816 2.05906 2.10252 2.10769 2.31691 2.3366 
0.186252 0.363892 0.415053 0.539211 0.574222 1.1013 1.4905 1.54317 1.60961 1.6518 1.92538 1.94401 1.97432 1.99551 2.00816 2.05906 2.10252 2.10769 2.31691 2.3366 
0.186252 0.363892 0.415053 0.539211 0.574222 1.1013 1.4905 1.54317 1.60961 1.6518 1.92538 1.94401 1.97432 1.99551 2.00816 2.05906 2.10252 2.10769 2.31691 2.3366 
0.186252 0.363892 0.415053 0.539211 0.574222 1.1013 1.4905 1.54317 1.60961 1.6518 1.92538 1.92548 1.94401 1.97432 1.99551 2.00816 2.05906 2.10252 2.10769 2.31691 
0.186252 0.363892 0.415053 0.539211 0.574222 1.1013 1.4905 1.54317 1.60961 1.6518 1.92538 1.92548 1.94401 1.97432 1.99551 2.00816 2.05906 2.10252 2.10769 2.31691 
0.186252 0.363892 0.415053 0.539211 0.574222 1.1013 1.4905 1.54317 1.60961 1.6518 1.92538 1.92548 1.94401 1.97432 1.99551 2.00816 2.05906 2.10252 2.10769 2.31691 
0.186252 0.363892 0.415053 0.539211 0.574222 1.1013 1.4905 1.54317 1.60961 1.6518 1.92538 1.92548 1.94401 1.97432 1.99551 2.00816 2.05906 2.10252 2.10769 2.31691 
0.186252 0.363892 0.415053 0.539211 0.574222 1.1013 1.4905 1.54317 1.60961 1.6518 1.92538 1.92548 1.94401 1.97432 1.99551 2.00816 2.05906 2.10252 2.10769 2.31691 
0.186252 0.363892 0.415053 0.539211 0.574222 1.1013 1.4905 1.54317 1.60961 1.6518 1.92538 1.92548 1.94401 1.96923 1.97432 1.99551 2.00816 2.05906 2.10252 2.10769 
0.186252 0.363892 0.415053 0.539211 0.574222 1.1013 1.4905 1.54317 1.60961 1.6518 1.92538 1.92548 1.94401 1.96923 1.97432 1.99551 2.00816 2.05906 2.10252 2.10769 
0.186252 0.363892 0.415053 0.539211 0.574222 1.1013 1.4905 1.54317 1.60961 1.6518 1.92538 1.92548 1.94401 1.96923 1.97432 1.99551 2.00816 2.05906 2.10252 2.10769 
0.186252 0.363892 0.415053 0.539211 0.574222 0.992953 1.1013 1.4905 1.54317 1.60961 1.6518 1.92538 1.92548 1.94401 1.96923 1.97432 1.99551 2.00816 2.05906 2.10252 
0.186252 0.363892 0.415053 0.539211 0.574222 0.992953 1.1013 1.4905 1.54317 1.60961 1.6518 1.92538 1.92548 1.94401 1.96923 1.97432 1.99551 2.00816 2.05906 2.10252 
0.186252 0.363892 0.415053 0.539211 0.574222 0.992953 1.1013 1.4905 1.54317 1.60961 1.6518 1.92538 1.92548 1.94401 1.96923 1.97432 1.99551 2.00816 2.05906 2.10252 
0.186252 0.363892 0.415053 0.539211 0.574222 0.992953 1.1013 1.4905 1.54317 1.60961 1.6518 1.92538 1.92548 1.94401 1.96923 1.97432 1.99551 2.00816 2.05906 2.10252 
0.186252 0.363892 0.415053 0.539211 0.574222 0.992953 1.1013 1.4905 1.54317 1.60961 1.6518 1.92538 1.92548 1.94401 1.96923 1.97432 1.99551 2.00816 2.05906 2.10252 
0.186252 0.363892 0.415053 0.539211 0.574222 0.765801 0.992953 1.1013 1.4905 1.54317 1.60961 1.6518 1.92538 1.92548 1.94401 1.96923 1.97432 1.99551 2.00816 2.05906 
0.186252 0.363892 0.415053 0.539211 0.574222 0.765801 0.992953 1.1013 1.4905 1.54317 1.60961 1.6518 1.92538 1.92548 1.94401 1.96923 1.97432 1.99551 2.00816 2.05906 
0.186252 0.363892 0.415053 0.539211 0.574222 0.765801 0.992953 1.1013 1.4905 1.54317 1.60961 1.6518 1.92538 1.92548 1.94401 1.96923 1.97432 1.99551 2.00816 2.05906 
0.186252 0.363892 0.415053 0.539211 0.574222 0.765801 0.992953 1.1013 1.4905 1.54317 1.60961 1.6518 1.92538 1.92548 1.94401 1.96923 1.97432 1.99551 2.00816 2.05906 
0.186252 0.363892 0.415053 0.539211 0.574222 0.765801 0.992953 1.1013 1.4905 1.54317 1.60961 1.6518 1.92538 1.92548 1.94401 1.96923 1.97432 1.99551 2.00816 2.05906 
0.186252 0.363892 0.415053 0.539211 0.574222 0.765801 0.992953 1.1013 1.4905 1.54317 1.60961 1.6518 1.92538 1.92548 1.94401 1.96923 1.97432 1.99551 2.00816 2.05906 
0.186252 0.363892 0.415053 0.539211 0.574222 0.765801 0.992953 1.1013 1.4905 1.54317 1.60961 1.6518 1.92538 1.92548 1.94401 1.96923 1.97432 1.99551 2.00816 2.05906 
0.186252 0.363892 0.415053 0.539211 0.574222 0.765801 0.992953 1.1013 1.4905 1.54317 1.60961 1.6518 1.92538 1.92548 1.94401 1.96923 1.97432 1.99551 2.00816 2.05906 
0.186252 0.363892 0.415053 0.539211 0.574222 0.765801 0.992953 1.1013 1.4905 1.54317 1.60961 1.6518 1.92538 1.92548 1.94401 1.96923 1.97432 1.99551 2.00816 2.05906 
0.186252 0.363892 0.415053 0.539211 0.574222 0.765801 0.992953 1.1013 1.4905 1.54317 1.60961 1.62373 1.6518 1.92538 1.92548 1.94401 1.96923 1.97432 1.99551 2.00816 
0.186252 0.363892 0.415053 0.539211 0.574222 0.765801 0.992953 1.1013 1.4905 1.54317 1.60961 1.62373 1.6518 1.92538 1.92548 1.94401 1.96923 1.97432 1.99551 2.00816 
0.186252 0.363892 0.415053 0.539211 0.574222 0.765801 0.992953 1.1013 1.4905 1.54317 1.60961 1.62373 1.6518 1.92538 1.92548 1.94401 1.96923 1.97432 1.99551 2.00816 
0.186252 0.363892 0.415053 0.539211 0.574222 0.765801 0.992953 1.1013 1.4905 1.54317 1.60961 1.62373 1.6518 1.92538 1.92548 1.94401 1.96923 1.97432 1.99551 2.00816 
0.186252 0.363892 0.415053 0.539211 0.574222 0.765801 0.992953 1.1013 1.4905 1.54317 1.60961 1.62373 1.6518 1.92538 1.92548 1.94401 1.96923 1.97432 1.99551 2.00816 
0.186252 0.363892 0.415053 0.539211 0.574222 0.765801 0.992953 1.1013 1.4905 1.54317 1.60961 1.62373 1.6518 1.92538 1.92548 1.94401 1.96923 1.97432 1.99551 2.00816 
0.186252 0.363892 0.415053 0.539211 0.574222 0.765801 0.992953 1.1013 1.4905 1.54317 1.60961 1.62373 1.6518 1.92538 1.92548 1.94401 1.96923 1.97432 1.99551 2.00816 
0.186252 0.363892 0.415053 0.539211 0.574222 0.765801 0.992953 1.1013 1.4905 1.54317 1.56093 1.60961 1.62373 1.6518 1.92538 1.92548 1.94401 1.96923 1.97432 1.99551 
0.186252 0.363892 0.415053 0.539211 0.574222 0.765801 0.992953 1.1013 1.4905 1.54317 1.56093 1.60961 1.62373 1.6518 1.92538 1.92548 1.94401 1.96923 1.97432 1.99551 
0.186252 0.363892 0.415053 0.539211 0.574222 0.765801 0.992953 1.1013 1.4905 1.54317 1.56093 1.60961 1.62373 1.6518 1.92538 1.92548 1.94401 1.96923 1.97432 1.99551 
0.186252 0.363892 0.415053 0.539211 0.574222 0.765801 0.992953 1.1013 1.4905 1.54317 1.56093 1.60961 1.62373 1.6518 1.92538 1.92548 1.94401 1.96923 1.97432 1.99551 
0.186252 0.363892 0.415053 0.539211 0.547676 0.574222 0.765801 0.992953 1.1013 1.4905 1.54317 1.56093 1.60961 1.62373 1.6518 1.92538 1.92548 1.94401 1.96923 1.97432 
0.186252 0.363892 0.415053 0.539211 0.547676 0.574222 0.765801 0.992953 1.1013 1.4905 1.54317 1.56093 1.60961 1.62373 1.6518 1.92538 1.92548 1.94401 1.96923 1.97432 
0.186252 0.363892 0.415053 0.539211 0.547676 0.574222 0.765801 0.992953 1.1013 1.4905 1.54317 1.56093 1.60961 1.62373 1.6518 1.92538 1.92548 1.94401 1.96923 1.97432 
0.186252 0.363892 0.415053 0.539211 0.547676 0.574222 0.765801 0.992953 1.1013 1.4905 1.54317 1.56093 1.60961 1.62373 1.6518 1.92538 1.92548 1.94401 1.96923 1.97432 
0.186252 0.363892 0.415053 0.539211 0.547676 0.574222 0.765801 0.992953 1.1013 1.4905 1.54317 1.56093 1.60961 1.62373 1.6518 1.92538 1.92548 1.94401 1.96923 1.97432 
0.186252 0.363892 0.415053 0.539211 0.547676 0.574222 0.765801 0.992953 1.1013 1.4905 1.54317 1.56093 1.60961 1.62373 1.6518 1.92538 1.92548 1.94401 1.96923 1.97432 
0.186252 0.363892 0.415053 0.539211 0.547676 0.574222 0.765801 0.992953 1.1013 1.4905 1.54317 1.56093 1.60961 1.62373 1.6518 1.92538 1.92548 1.94401 1.96923 1.97432 
0.186252 0.363892 0.415053 0.539211 0.547676 0.574222 0.765801 0.992953 1.1013 1.4905 1.54317 1.56093 1.60961 1.62373 1.6518 1.92538 1.92548 1.94401 1.96923 1.97432 
0.186252 0.363892 0.415053 0.539211 0.547676 0.574222 0.765801 0.992953 1.1013 1.4905 1.54317 1.56093 1.60961 1.62373 1.6518 1.92538 1.92548 1.94401 1.96923 1.97432 
0.186252 0.363892 0.415053 0.539211 0.547676 0.574222 0.765801 0.992953 1.1013 1.4905 1.54317 1.56093 1.60961 1.62373 1.6518 1.92538 1.92548 1.94401 1.96923 1.97432 
0.186252 0.363892 0.415053 0.539211 0.547676 0.574222 0.765801 0.992953 1.1013 1.4905 1.54317 1.56093 1.60961 1.62373 1.6518 1.92538 1.92548 1.94401 1.96923 1.97432 
0.186252 0.363892 0.415053 0.539211 0.547676 0.574222 0.765801 0.992953 1.1013 1.4905 1.54317 1.56093 1.60961 1.62373 1.6518 1.92538 1.92548 1.94401 1.96923 1.97432 
0.186252 0.363892 0.415053 0.539211 0.547676 0.574222 0.765801 0.992953 1.1013 1.4905 1.54317 1.56093 1.60961 1.62373 1.6518 1.92538 1.92548 1.94401 1.96923 1.97432 
0.186252 0.363892 0.415053 0.539211 0.547676 0.574222 0.765801 0.992953 1.1013 1.4905 1.54317 1.56093 1.60961 1.62373 1.6518 1.92538 1.92548 1.94401 1.96923 1.97432 
0.186252 0.363892 0.415053 0.539211 0.547676 0.574222 0.765801 0.992953 1.1013 1.4905 1.54317 1.56093 1.60961 1.62373 1.6518 1.92538 1.92548 1.94401 1.96923 1.97432 
0.186252 0.363892 0.415053 0.539211 0.547676 0.574222 0.765801 0.992953 1.1013 1.4905 1.54317 1.56093 1.60961 1.62373 1.6518 1.92538 1.92548 1.94401 1.96923 1.97432 
0.186252 0.363892 0.415053 0.539211 0.547676 0.574222 0.765801 0.992953 1.1013 1.4905 1.54317 1.56093 1.60961 1.62373 1.6518 1.92538 1.92548 1.94401 1.96923 1.97432 
0.186252 0.363892 0.415053 0.539211 0.547676 0.574222 0.765801 0.992953 1.1013 1.4905 1.54317 1.56093 1.60961 1.62373 1.6518 1.92538 1.92548 1.94401 1.96923 1.97432 
0.186252 0.363892 0.415053 0.539211 0.547676 0.574222 0.765801 0.992953 1.1013 1.4905 1.54317 1.56093 1.60961 1.62373 1.6518 1.92538 1.92548 1.94401 1.96923 1.97432 
0.186252 0.363892 0.415053 0.539211 0.547676 0.574222 0.765801 0.992953 1.1013 1.4905 1.54317 1.56093 1.60961 1.62373 1.6518 1.92538 1.92548 1.94401 1.96923 1.97432 
0.186252 0.363892 0.415053 0.422904 0.539211 0.547676 0.574222 0.765801 0.992953 1.1013 1.4905 1.54317 1.56093 1.60961 1.62373 1.6518 1.92538 1.92548 1.94401 1.96923 
