1.48117 2.91726 3.20869 3.25901 4.31828 4.56892 5.90058 6.33869 6.65357 7.54191 7.68799 7.6991 8.26045 8.73809 9.02428 9.60394 10.1617 10.2586 10.3147 10.7053 
1.48117 2.79424 2.91726 3.20869 3.25901 4.31828 4.56892 5.90058 5.9998 6.33869 6.38497 6.65357 7.10804 7.54191 7.68799 7.6991 8.26045 8.73809 9.02428 9.09065 
1.48117 2.79424 2.91726 3.20869 3.25901 4.31828 4.45967 4.47618 4.56892 4.66566 4.66737 4.84351 5.70103 5.90058 5.9998 6.2741 6.33869 6.38497 6.65357 7.10804 
1.48117 2.58761 2.79424 2.91726 3.20869 3.25901 3.6704 3.84108 3.94974 3.97435 4.17129 4.19163 4.26825 4.31828 4.45759 4.45967 4.47618 4.56892 4.58011 4.66566 
1.48117 2.58761 2.79424 2.91726 3.0852 3.20869 3.25901 3.6704 3.84108 3.94974 3.97435 4.17129 4.18024 4.19163 4.26825 4.27227 4.31828 4.45759 4.45967 4.47618 
0.767262 1.48117 2.58761 2.79424 2.91726 3.0852 3.20869 3.25901 3.6704 3.84108 3.85204 3.89419 3.94974 3.97435 4.17129 4.18024 4.19163 4.26825 4.27227 4.31828 
0.767262 1.48117 2.58761 2.79424 2.91726 3.0852 3.20869 3.25901 3.6704 3.84108 3.85204 3.89419 3.94974 3.97435 4.17129 4.18024 4.19163 4.26825 4.27227 4.31828 
0.767262 1.48117 2.58761 2.79424 2.91726 3.0852 3.20869 3.22605 3.25901 3.6704 3.84108 3.85204 3.89419 3.94974 3.97435 4.17129 4.18024 4.19163 4.26825 4.27227 
0.767262 1.48117 2.58761 2.79424 2.91726 3.0852 3.20869 3.22605 3.25901 3.64018 3.6704 3.84108 3.85204 3.89419 3.94974 3.97435 4.06801 4.17129 4.18024 4.19163 
0.767262 1.48117 2.58761 2.79424 2.91726 3.0852 3.20869 3.22605 3.25901 3.64018 3.6704 3.84108 3.84913 3.85204 3.89419 3.94974 3.97435 4.06801 4.17129 4.18024 
0.767262 1.48117 2.58761 2.79424 2.91726 3.0852 3.20869 3.22605 3.25901 3.64018 3.6704 3.84108 3.84913 3.85204 3.89419 3.94974 3.97435 4.06801 4.17129 4.18024 
0.767262 1.48117 2.58761 2.79424 2.91726 3.0852 3.20869 3.22605 3.25901 3.64018 3.6704 3.84108 3.84913 3.85204 3.89419 3.94974 3.97435 4.06801 4.12306 4.17129 
0.767262 1.48117 2.58761 2.79424 2.91726 3.0852 3.20108 3.20869 3.22605 3.25901 3.64018 3.6704 3.84108 3.84913 3.85204 3.89419 3.94974 3.97435 4.06801 4.12306 
0.767262 1.48117 2.58761 2.79424 2.91726 3.0852 3.20108 3.20869 3.22605 3.25901 3.64018 3.6704 3.84108 3.84913 3.85204 3.89419 3.94974 3.97435 4.06801 4.12306 
0.767262 1.48117 2.58761 2.61419 2.79424 2.91026 2.91726 3.0852 3.20108 3.20869 3.22605 3.25901 3.64018 3.6704 3.84108 3.84913 3.85204 3.89419 3.94974 3.97435 
0.767262 1.48117 2.58761 2.61419 2.79424 2.91026 2.91726 3.0852 3.20108 3.20869 3.22605 3.25901 3.64018 3.6704 3.84108 3.84913 3.85204 3.89419 3.94974 3.97435 
0.767262 1.48117 2.58761 2.61419 2.79424 2.91026 2.91726 3.0852 3.20108 3.20869 3.22605 3.25901 3.64018 3.6704 3.84108 3.84913 3.85204 3.89419 3.94974 3.97435 
0.767262 1.48117 2.58761 2.61419 2.79424 2.91026 2.91726 3.0852 3.20108 3.20869 3.22605 3.25901 3.64018 3.6704 3.84108 3.84913 3.85204 3.89419 3.94974 3.97435 
0.767262 1.48117 2.58761 2.61419 2.79424 2.91026 2.91726 3.0852 3.20108 3.20869 3.22605 3.25901 3.64018 3.6704 3.84108 3.84913 3.85204 3.89419 3.94974 3.97435 
0.767262 1.48117 2.58761 2.61419 2.79424 2.91026 2.91726 3.0852 3.20108 3.20869 3.22605 3.25901 3.64018 3.6704 3.84108 3.84913 3.85204 3.89419 3.94974 3.97435 
0.767262 1.48117 2.58761 2.61419 2.79424 2.91026 2.91726 3.0852 3.20108 3.20869 3.22605 3.25901 3.64018 3.6704 3.84108 3.84913 3.85204 3.89419 3.94974 3.97435 
0.767262 1.48117 2.58761 2.61419 2.79424 2.91026 2.91726 3.0852 3.20108 3.20869 3.22605 3.25901 3.64018 3.6704 3.84108 3.84913 3.85204 3.89419 3.94974 3.97435 
0.767262 1.48117 2.58761 2.61419 2.79424 2.91026 2.91726 3.0852 3.20108 3.20869 3.22605 3.25901 3.64018 3.6704 3.84108 3.84913 3.85204 3.89419 3.94974 3.97435 
0.767262 1.48117 2.58761 2.61419 2.79424 2.91026 2.91726 3.0852 3.20108 3.20869 3.22605 3.25901 3.64018 3.6704 3.84108 3.84913 3.85204 3.89419 3.94974 3.97435 
0.767262 1.48117 2.58761 2.61419 2.79424 2.91026 2.91726 3.0852 3.20108 3.20869 3.22605 3.25901 3.64018 3.66526 3.6704 3.84108 3.84913 3.85204 3.89419 3.94974 
0.767262 1.48117 2.58761 2.61419 2.79424 2.91026 2.91726 3.0852 3.20108 3.20869 3.22605 3.25901 3.64018 3.65361 3.66526 3.6704 3.84108 3.84913 3.85204 3.89419 
0.767262 1.48117 2.58761 2.61419 2.79424 2.91026 2.91726 3.0852 3.20108 3.20869 3.22605 3.25901 3.64018 3.65361 3.66526 3.6704 3.84108 3.84913 3.85204 3.89419 
0.767262 1.48117 2.58761 2.61419 2.79424 2.91026 2.91726 3.0852 3.20108 3.20869 3.22605 3.25901 3.64018 3.65361 3.66526 3.6704 3.84108 3.84913 3.85204 3.89419 
0.767262 1.48117 2.58761 2.61419 2.79424 2.91026 2.91726 3.0852 3.20108 3.20869 3.22605 3.25901 3.64018 3.65361 3.66526 3.6704 3.84108 3.84913 3.85204 3.89419 
0.767262 1.48117 2.58761 2.61419 2.79424 2.91026 2.91726 3.0852 3.20108 3.20869 3.22605 3.25901 3.64018 3.65361 3.66526 3.6704 3.84108 3.84913 3.85204 3.89419 
0.767262 1.48117 2.58761 2.61419 2.79424 2.91026 2.91726 3.0852 3.20108 3.20869 3.22605 3.25901 3.58923 3.64018 3.65361 3.66526 3.6704 3.75246 3.84108 3.84913 
0.767262 1.48117 2.58761 2.61419 2.79424 2.91026 2.91726 3.0852 3.20108 3.20869 3.22605 3.25901 3.58923 3.5914 3.64018 3.65361 3.66526 3.6704 3.75246 3.84108 
0.767262 1.48117 2.58761 2.61419 2.79424 2.91026 2.91726 3.0852 3.20108 3.20869 3.22605 3.25901 3.58923 3.5914 3.64018 3.65361 3.66526 3.6704 3.75246 3.84108 
0.767262 1.48117 2.58761 2.61419 2.79424 2.91026 2.91726 3.0852 3.20108 3.20869 3.22605 3.25901 3.58923 3.5914 3.64018 3.65361 3.66526 3.6704 3.75246 3.84108 
0.767262 1.48117 2.58761 2.61419 2.79424 2.91026 2.91726 3.0852 3.20108 3.20869 3.22605 3.25901 3.58923 3.5914 3.62968 3.64018 3.65361 3.66526 3.6704 3.75246 
0.767262 1.48117 2.58761 2.61419 2.79424 2.91026 2.91726 3.0852 3.20108 3.20869 3.22605 3.25901 3.58923 3.5914 3.62968 3.64018 3.65361 3.66526 3.6704 3.75246 
0.767262 1.48117 2.58761 2.61419 2.79424 2.91026 2.91726 3.0852 3.20108 3.20869 3.22605 3.25901 3.58923 3.5914 3.62968 3.64018 3.65361 3.66526 3.6704 3.75246 
0.767262 1.48117 2.58761 2.61419 2.79424 2.91026 2.91726 3.0852 3.20108 3.20869 3.22605 3.25901 3.58923 3.5914 3.62968 3.64018 3.65361 3.66526 3.6704 3.75246 
0.767262 1.48117 2.58761 2.61419 2.79424 2.91026 2.91726 3.0852 3.20108 3.20869 3.22605 3.25901 3.58923 3.5914 3.62968 3.64018 3.65361 3.66526 3.6704 3.75246 
0.767262 1.48117 2.58761 2.61419 2.79424 2.91026 2.91726 3.0852 3.20108 3.20869 3.22605 3.25901 3.58923 3.5914 3.62968 3.64018 3.65361 3.66526 3.6704 3.75246 
0.767262 1.48117 2.58761 2.61419 2.79424 2.91026 2.91726 3.0852 3.20108 3.20869 3.22605 3.25901 3.58923 3.5914 3.62968 3.64018 3.65361 3.66526 3.6704 3.75246 
0.767262 1.48117 2.58761 2.61419 2.79424 2.91026 2.91726 3.0852 3.20108 3.20869 3.22605 3.25901 3.58923 3.5914 3.62968 3.64018 3.65361 3.66526 3.6704 3.75246 
0.767262 1.48117 2.58761 2.61419 2.79424 2.91026 2.91726 3.0852 3.20108 3.20869 3.22605 3.25901 3.58923 3.5914 3.62968 3.64018 3.65361 3.66526 3.6704 3.75246 
0.767262 1.48117 2.58761 2.61419 2.79424 2.91026 2.91726 3.0852 3.20108 3.20869 3.22605 3.25901 3.58923 3.5914 3.62968 3.64018 3.65361 3.66526 3.6704 3.75246 
0.767262 1.48117 2.58761 2.61419 2.79424 2.91026 2.91726 3.0852 3.20108 3.20869 3.22605 3.25901 3.58923 3.5914 3.62968 3.64018 3.65361 3.66526 3.6704 3.75246 
0.767262 1.48117 2.58761 2.61419 2.79424 2.91026 2.91726 3.0852 3.20108 3.20869 3.22605 3.25901 3.58923 3.5914 3.62968 3.64018 3.65361 3.66526 3.6704 3.75246 
0.767262 1.48117 2.58761 2.61419 2.79424 2.91026 2.91726 3.0852 3.20108 3.20869 3.22605 3.25901 3.58923 3.5914 3.62968 3.64018 3.65361 3.66526 3.6704 3.75246 
0.767262 1.48117 2.58761 2.61419 2.79424 2.91026 2.91726 3.0852 3.20108 3.20869 3.22605 3.25901 3.58923 3.5914 3.62968 3.64018 3.65361 3.66526 3.6704 3.75246 
0.767262 1.48117 2.58761 2.61419 2.79424 2.91026 2.91726 3.0852 3.20108 3.20869 3.22605 3.25901 3.58923 3.5914 3.62968 3.64018 3.65361 3.66526 3.6704 3.75246 
0.767262 1.48117 2.58761 2.61419 2.79424 2.91026 2.91726 3.0852 3.20108 3.20869 3.22605 3.25901 3.58923 3.5914 3.62968 3.64018 3.65361 3.66526 3.6704 3.75246 
0.767262 1.48117 2.58761 2.61419 2.79424 2.91026 2.91726 3.0852 3.20108 3.20869 3.22605 3.25901 3.58923 3.5914 3.62968 3.64018 3.65361 3.66526 3.6704 3.75246 
0.767262 1.48117 2.58761 2.61419 2.79424 2.91026 2.91726 3.0852 3.20108 3.20869 3.22605 3.25901 3.58923 3.5914 3.62968 3.64018 3.65361 3.66526 3.6704 3.75246 
0.767262 1.48117 2.58761 2.61419 2.79424 2.91026 2.91726 3.0852 3.20108 3.20869 3.22605 3.25901 3.58923 3.5914 3.62968 3.64018 3.65361 3.66526 3.6704 3.75246 
0.767262 1.48117 2.58761 2.61419 2.79424 2.91026 2.91726 3.0852 3.20108 3.20869 3.22605 3.25901 3.58923 3.5914 3.62968 3.64018 3.65361 3.66526 3.6704 3.75246 
0.767262 1.48117 2.58761 2.61419 2.79424 2.91026 2.91726 3.0852 3.20108 3.20869 3.22605 3.25901 3.58923 3.5914 3.62968 3.64018 3.65361 3.66526 3.6704 3.75246 
0.767262 1.48117 2.58761 2.61419 2.79424 2.91026 2.91726 3.0852 3.20108 3.20869 3.22605 3.25901 3.58923 3.5914 3.62968 3.64018 3.65361 3.66526 3.6704 3.75246 
0.767262 1.48117 2.58761 2.61419 2.79424 2.91026 2.91726 3.0852 3.20108 3.20869 3.22605 3.25901 3.58923 3.5914 3.62968 3.64018 3.65361 3.66526 3.6704 3.75246 
0.767262 1.48117 2.58761 2.61419 2.79424 2.91026 2.91726 3.0852 3.20108 3.20869 3.22605 3.25901 3.58923 3.5914 3.62968 3.64018 3.65361 3.66526 3.6704 3.75246 
0.767262 1.48117 2.58761 2.61419 2.79424 2.91026 2.91726 3.0852 3.20108 3.20869 3.22605 3.25901 3.58923 3.5914 3.62968 3.64018 3.65361 3.66526 3.6704 3.75246 
0.767262 1.48117 2.58761 2.61419 2.79424 2.91026 2.91726 3.0852 3.20108 3.20869 3.22605 3.25901 3.58923 3.5914 3.62968 3.64018 3.65361 3.66526 3.6704 3.75246 
0.767262 1.48117 2.58761 2.61419 2.79424 2.91026 2.91726 3.0852 3.20108 3.20869 3.22605 3.25901 3.58923 3.5914 3.62968 3.64018 3.65361 3.66526 3.6704 3.75246 
0.767262 1.48117 2.58761 2.61419 2.79424 2.91026 2.91726 3.0852 3.20108 3.20869 3.22605 3.25901 3.58923 3.5914 3.62968 3.64018 3.65361 3.66526 3.6704 3.75246 
0.767262 1.48117 2.58761 2.61419 2.79424 2.91026 2.91726 3.0852 3.20108 3.20869 3.22605 3.25901 3.58923 3.5914 3.62968 3.64018 3.65361 3.66526 3.6704 3.75246 
0.767262 1.48117 2.58761 2.61419 2.79424 2.91026 2.91726 3.0852 3.20108 3.20869 3.22605 3.25901 3.58923 3.5914 3.62968 3.64018 3.65361 3.66526 3.6704 3.75246 
0.767262 1.48117 2.58761 2.61419 2.79424 2.91026 2.91726 3.0852 3.20108 3.20869 3.22605 3.25901 3.58923 3.5914 3.62968 3.64018 3.65361 3.66526 3.6704 3.75246 
0.767262 1.48117 2.58761 2.61419 2.79424 2.91026 2.91726 3.0852 3.20108 3.20869 3.22605 3.25901 3.58923 3.5914 3.62968 3.64018 3.65361 3.66526 3.6704 3.75246 
0.767262 1.48117 2.58761 2.61419 2.79424 2.91026 2.91726 3.0852 3.20108 3.20869 3.22605 3.25901 3.58923 3.5914 3.62968 3.64018 3.65361 3.66526 3.6704 3.75246 
0.767262 1.48117 2.58761 2.61419 2.79424 2.91026 2.91726 3.0852 3.20108 3.20869 3.22605 3.25901 3.58923 3.5914 3.62968 3.64018 3.65361 3.66526 3.6704 3.75246 
0.767262 1.48117 2.58761 2.61419 2.79424 2.91026 2.91726 3.0852 3.20108 3.20869 3.22605 3.25901 3.58923 3.5914 3.59207 3.62968 3.64018 3.65361 3.66526 3.6704 
0.767262 1.48117 2.58761 2.61419 2.79424 2.91026 2.91726 3.0852 3.20108 3.20869 3.22605 3.25901 3.58923 3.5914 3.59207 3.62968 3.64018 3.65361 3.66526 3.6704 
0.767262 1.48117 2.58761 2.61419 2.79424 2.91026 2.91726 3.0852 3.20108 3.20869 3.22605 3.25901 3.58923 3.5914 3.59207 3.62968 3.64018 3.65361 3.66526 3.6704 
0.767262 1.48117 2.58761 2.61419 2.79424 2.91026 2.91726 3.0852 3.20108 3.20869 3.22605 3.25901 3.58923 3.5914 3.59207 3.62968 3.64018 3.65361 3.66526 3.6704 
0.767262 1.48117 2.58761 2.61419 2.79424 2.91026 2.91726 3.0852 3.20108 3.20869 3.22605 3.25901 3.58923 3.5914 3.59207 3.62968 3.64018 3.65361 3.66526 3.6704 
0.767262 1.48117 2.58761 2.61419 2.79424 2.91026 2.91726 3.0852 3.20108 3.20869 3.22605 3.25901 3.58923 3.5914 3.59207 3.62968 3.64018 3.65361 3.66526 3.6704 
0.767262 1.48117 2.58761 2.61419 2.79424 2.91026 2.91726 3.0852 3.20108 3.20869 3.22605 3.25901 3.58923 3.5914 3.59207 3.62968 3.64018 3.65361 3.66526 3.6704 
0.767262 1.48117 2.58761 2.61419 2.79424 2.91026 2.91726 3.0852 3.20108 3.20869 3.22605 3.25901 3.58923 3.5914 3.59207 3.62968 3.64018 3.65361 3.66526 3.6704 
0.767262 1.48117 2.58761 2.61419 2.79424 2.91026 2.91726 3.0852 3.20108 3.20869 3.22605 3.25901 3.58923 3.5914 3.59207 3.62968 3.64018 3.65361 3.66526 3.6704 
0.767262 1.48117 2.58761 2.61419 2.79424 2.91026 2.91726 3.0852 3.20108 3.20869 3.22605 3.25901 3.58923 3.5914 3.59207 3.62968 3.64018 3.65361 3.66526 3.6704 
0.767262 1.48117 2.58761 2.61419 2.79424 2.91026 2.91726 3.0852 3.20108 3.20869 3.22605 3.25901 3.58923 3.5914 3.59207 3.62968 3.64018 3.65361 3.66526 3.6704 
0.767262 1.48117 2.58761 2.61419 2.79424 2.91026 2.91726 3.0852 3.20108 3.20869 3.22605 3.25901 3.58923 3.5914 3.59207 3.62968 3.64018 3.65361 3.66526 3.6704 
0.767262 1.48117 2.58761 2.61419 2.79424 2.91026 2.91726 3.0852 3.20108 3.20869 3.22605 3.25901 3.58923 3.5914 3.59207 3.62968 3.64018 3.65361 3.66526 3.6704 
0.767262 1.48117 2.58761 2.61419 2.79424 2.91026 2.91726 3.0852 3.20108 3.20869 3.22605 3.25901 3.58923 3.5914 3.59207 3.62968 3.64018 3.65361 3.66526 3.6704 
0.767262 1.48117 2.58761 2.61419 2.79424 2.91026 2.91726 3.0852 3.20108 3.20869 3.22605 3.25901 3.58923 3.5914 3.59207 3.62968 3.64018 3.65361 3.66526 3.6704 
0.767262 1.48117 2.58761 2.61419 2.79424 2.91026 2.91726 3.0852 3.20108 3.20869 3.22605 3.25901 3.58923 3.5914 3.59207 3.62968 3.64018 3.65361 3.66526 3.6704 
0.767262 1.48117 2.58761 2.61419 2.79424 2.91026 2.91726 3.0852 3.20108 3.20869 3.22605 3.25901 3.58923 3.5914 3.59207 3.62968 3.64018 3.65361 3.66526 3.6704 
0.767262 1.48117 2.58761 2.61419 2.79424 2.91026 2.91726 3.0852 3.20108 3.20869 3.22605 3.25901 3.58923 3.5914 3.59207 3.62968 3.64018 3.65361 3.66526 3.6704 
0.767262 1.48117 2.58761 2.61419 2.79424 2.91026 2.91726 3.0852 3.20108 3.20869 3.22605 3.25901 3.58923 3.5914 3.59207 3.62968 3.64018 3.65361 3.66526 3.6704 
0.767262 1.48117 2.58761 2.61419 2.79424 2.91026 2.91726 3.0852 3.20108 3.20869 3.22605 3.25901 3.58923 3.5914 3.59207 3.62968 3.64018 3.65361 3.66526 3.6704 
0.767262 1.48117 2.58761 2.61419 2.79424 2.91026 2.91726 3.0852 3.20108 3.20869 3.22605 3.25901 3.58923 3.5914 3.59207 3.62968 3.64018 3.65361 3.66526 3.6704 
0.767262 1.48117 2.58761 2.61419 2.79424 2.91026 2.91726 3.0852 3.20108 3.20869 3.22605 3.25901 3.58923 3.5914 3.59207 3.62968 3.64018 3.65361 3.66526 3.6704 
0.767262 1.48117 2.58761 2.61419 2.79424 2.91026 2.91726 3.0852 3.20108 3.20869 3.22605 3.25901 3.58923 3.5914 3.59207 3.62968 3.64018 3.65361 3.66526 3.6704 
0.767262 1.48117 2.58761 2.61419 2.79424 2.91026 2.91726 3.0852 3.20108 3.20869 3.22605 3.25901 3.58923 3.5914 3.59207 3.62968 3.64018 3.65361 3.66526 3.6704 
0.767262 1.48117 2.58761 2.61419 2.79424 2.91026 2.91726 3.0852 3.20108 3.20869 3.22605 3.25901 3.58923 3.5914 3.59207 3.62968 3.64018 3.65361 3.66526 3.6704 
0.767262 1.48117 2.58761 2.61419 2.79424 2.91026 2.91726 3.0852 3.20108 3.20869 3.22605 3.25901 3.58923 3.5914 3.59207 3.62968 3.64018 3.65361 3.66526 3.6704 
0.767262 1.48117 2.58761 2.61419 2.79424 2.91026 2.91726 3.0852 3.20108 3.20869 3.22605 3.25901 3.58923 3.5914 3.59207 3.62968 3.64018 3.65361 3.66526 3.6704 
0.767262 1.48117 2.58761 2.61419 2.79424 2.91026 2.91726 3.0852 3.20108 3.20869 3.22605 3.25901 3.58923 3.5914 3.59207 3.62968 3.64018 3.65361 3.66526 3.6704 
0.767262 1.48117 2.58761 2.61419 2.79424 2.91026 2.91726 3.0852 3.20108 3.20869 3.22605 3.25901 3.58923 3.5914 3.59207 3.62968 3.64018 3.65361 3.66526 3.6704 
0.767262 1.48117 2.58761 2.61419 2.79424 2.91026 2.91726 3.0852 3.20108 3.20869 3.22605 3.25901 3.58923 3.5914 3.59207 3.62968 3.64018 3.65361 3.66526 3.6704 
0.767262 1.48117 2.58761 2.61419 2.79424 2.91026 2.91726 3.0852 3.20108 3.20869 3.22605 3.25901 3.58923 3.5914 3.59207 3.62968 3.64018 3.65361 3.66526 3.6704 
0.767262 1.48117 2.58761 2.61419 2.79424 2.91026 2.91726 3.0852 3.20108 3.20869 3.22605 3.25901 3.58923 3.5914 3.59207 3.62968 3.64018 3.65361 3.66526 3.6704 
