2.9204 3.29873 3.94671 4.09834 4.29968 4.48324 5.11787 6.48423 6.95107 7.34607 7.38658 7.71044 8.98745 9.22471 9.71315 9.75319 9.8568 10.1084 11.2875 11.3316 
2.91481 2.9204 3.18063 3.29873 3.94671 3.9968 4.09834 4.29968 4.48324 5.11787 6.28646 6.48423 6.95107 7.34607 7.38658 7.71044 8.98745 9.01024 9.22471 9.69894 
2.83834 2.91481 2.9204 3.18063 3.29873 3.82038 3.94671 3.9968 4.09834 4.29968 4.33242 4.48324 5.11787 6.19383 6.28646 6.48423 6.95107 7.34607 7.38658 7.71044 
2.70421 2.83834 2.91481 2.9204 3.18063 3.29873 3.82038 3.94671 3.9968 4.09834 4.29968 4.33242 4.48324 5.11787 5.6832 6.19383 6.28646 6.48423 6.95107 7.34607 
1.72788 2.70421 2.83834 2.91481 2.9204 3.18063 3.29873 3.82038 3.94671 3.9968 4.09834 4.29968 4.33242 4.48324 5.11787 5.48466 5.6832 6.19383 6.28646 6.48423 
1.72788 2.70421 2.83834 2.91481 2.9204 3.11055 3.18063 3.29873 3.82038 3.94671 3.9968 4.09834 4.29968 4.33242 4.48324 5.11787 5.48466 5.6832 5.82087 6.19383 
1.72788 2.70421 2.83834 2.91481 2.9204 3.11055 3.18063 3.29873 3.82038 3.94671 3.9968 4.09834 4.29968 4.33242 4.48324 5.11787 5.48466 5.6832 5.82087 6.19383 
1.72788 2.70421 2.83834 2.91481 2.9204 3.11055 3.18063 3.29873 3.82038 3.94671 3.9968 4.09834 4.29968 4.33242 4.48324 5.11787 5.48466 5.6832 5.82087 6.19383 
1.72788 2.70421 2.83834 2.91481 2.9204 3.11055 3.18063 3.29873 3.82038 3.94671 3.9968 4.09834 4.29968 4.33242 4.48324 5.11787 5.48466 5.6832 5.82087 6.19383 
1.72788 2.70421 2.83834 2.91481 2.9204 3.11055 3.18063 3.29873 3.82038 3.94671 3.9968 4.09834 4.29968 4.33242 4.48324 4.93488 5.11787 5.24789 5.48466 5.6832 
1.72788 2.10725 2.70421 2.74851 2.83834 2.89157 2.91481 2.9204 3.11055 3.18063 3.29873 3.82038 3.94671 3.9968 4.09834 4.29968 4.33242 4.48324 4.70695 4.93488 
1.07821 1.72788 2.10725 2.70421 2.74851 2.83834 2.89157 2.91481 2.9204 3.11055 3.18063 3.29873 3.82038 3.94671 3.9968 4.09834 4.29968 4.33242 4.48324 4.70695 
1.07821 1.72788 2.10725 2.70421 2.74851 2.83834 2.89157 2.91481 2.9204 3.11055 3.18063 3.29873 3.82038 3.94671 3.9968 4.09834 4.29968 4.33242 4.48324 4.70695 
1.07821 1.72788 2.10725 2.70421 2.74851 2.83834 2.89157 2.91481 2.9204 3.11055 3.18063 3.29873 3.82038 3.94671 3.9968 4.09834 4.29968 4.33242 4.48324 4.70695 
1.07821 1.72788 2.10725 2.70421 2.74851 2.83834 2.89157 2.91481 2.9204 3.11055 3.18063 3.29873 3.82038 3.94671 3.9968 4.09834 4.29968 4.33242 4.48324 4.70695 
1.07821 1.39763 1.72788 2.10725 2.70421 2.74851 2.83834 2.89157 2.91481 2.9204 3.11055 3.18063 3.29873 3.82038 3.94671 3.9968 4.09834 4.29968 4.33242 4.48324 
1.07821 1.39763 1.72788 2.10725 2.70421 2.74851 2.83834 2.89157 2.91481 2.9204 3.11055 3.18063 3.29873 3.82038 3.94671 3.9968 4.09834 4.29968 4.33242 4.48324 
1.07821 1.39763 1.72788 2.10725 2.70421 2.74851 2.83834 2.89157 2.91481 2.9204 3.11055 3.18063 3.29873 3.82038 3.94671 3.9968 4.09834 4.29968 4.33242 4.48324 
1.07821 1.39763 1.72788 2.10725 2.70421 2.74851 2.83834 2.89157 2.91481 2.9204 3.11055 3.18063 3.29873 3.82038 3.94671 3.9968 4.09834 4.29968 4.33242 4.48324 
1.07821 1.39763 1.72788 2.10725 2.70421 2.74851 2.83834 2.89157 2.91481 2.9204 3.11055 3.18063 3.29873 3.82038 3.94671 3.9968 4.09834 4.29968 4.33242 4.48324 
1.07821 1.39763 1.72788 2.10725 2.55085 2.70421 2.74851 2.83834 2.89157 2.91481 2.9204 3.11055 3.18063 3.29873 3.82038 3.94671 3.9968 4.09834 4.29968 4.33242 
1.07821 1.39763 1.72788 2.10725 2.55085 2.70421 2.74851 2.83834 2.89157 2.91481 2.9204 3.11055 3.18063 3.29873 3.82038 3.94671 3.9968 4.09834 4.29968 4.33242 
1.07821 1.39763 1.72788 2.10725 2.55085 2.70421 2.74851 2.83834 2.89157 2.91481 2.9204 3.11055 3.18063 3.29873 3.82038 3.94671 3.9968 4.09834 4.29968 4.33242 
1.07821 1.39763 1.72788 2.10725 2.55085 2.70421 2.74851 2.83834 2.89157 2.91481 2.9204 3.11055 3.18063 3.29873 3.82038 3.94671 3.9968 4.09834 4.29968 4.33242 
1.07821 1.39763 1.72788 2.10725 2.55085 2.70421 2.74851 2.83834 2.89157 2.91481 2.9204 3.11055 3.18063 3.29873 3.82038 3.94671 3.9968 4.09834 4.29968 4.33242 
1.07821 1.39763 1.72788 2.10725 2.55085 2.70421 2.74851 2.83834 2.89157 2.91481 2.9204 3.11055 3.18063 3.29873 3.82038 3.94671 3.9968 4.09834 4.29968 4.33242 
1.07821 1.39763 1.72788 2.03763 2.10725 2.55085 2.70421 2.74851 2.83834 2.89157 2.91481 2.9204 3.11055 3.18063 3.29873 3.82038 3.94671 3.9968 4.09834 4.29968 
1.07821 1.39763 1.72788 2.03763 2.10725 2.55085 2.70421 2.74851 2.83834 2.89157 2.91481 2.9204 3.11055 3.18063 3.29873 3.82038 3.94671 3.9968 4.09834 4.29968 
1.07821 1.39763 1.72788 1.98286 2.03763 2.10725 2.55085 2.70421 2.74851 2.83834 2.89157 2.91481 2.9204 3.11055 3.18063 3.29873 3.82038 3.94671 3.9968 4.09834 
1.07821 1.39763 1.72788 1.98286 2.03763 2.10725 2.55085 2.70421 2.74851 2.83834 2.89157 2.91481 2.9204 3.11055 3.18063 3.29873 3.82038 3.94671 3.9968 4.09834 
1.07821 1.39763 1.72788 1.98286 2.03763 2.10725 2.55085 2.70421 2.74851 2.83834 2.89157 2.91481 2.9204 3.11055 3.18063 3.29873 3.82038 3.94671 3.9968 4.09834 
1.07821 1.39763 1.72788 1.98286 2.03763 2.10725 2.55085 2.70421 2.74851 2.83834 2.89157 2.91481 2.9204 3.11055 3.18063 3.29873 3.82038 3.94671 3.9968 4.09834 
1.07821 1.39763 1.72788 1.98286 2.03763 2.10725 2.55085 2.70421 2.74851 2.83834 2.89157 2.91481 2.9204 3.11055 3.18063 3.29873 3.82038 3.94671 3.9968 4.09834 
1.07821 1.39763 1.72788 1.98286 2.03763 2.10725 2.55085 2.70421 2.74851 2.83834 2.89157 2.91481 2.9204 3.11055 3.18063 3.29873 3.82038 3.94671 3.9968 4.09834 
1.07821 1.39763 1.72788 1.98286 2.03763 2.10725 2.55085 2.70421 2.74851 2.83834 2.89157 2.91481 2.9204 3.11055 3.18063 3.29873 3.82038 3.94671 3.9968 4.09834 
1.07821 1.39763 1.72788 1.98286 2.03763 2.10725 2.55085 2.70421 2.74851 2.83834 2.89157 2.91481 2.9204 3.11055 3.18063 3.29873 3.82038 3.94671 3.9968 4.09834 
1.07821 1.39763 1.72788 1.98286 2.03763 2.10725 2.55085 2.70421 2.74851 2.83834 2.89157 2.91481 2.9204 3.11055 3.18063 3.29873 3.82038 3.94671 3.9968 4.09834 
1.07821 1.39763 1.72788 1.98286 2.03763 2.10725 2.55085 2.70421 2.74851 2.83834 2.89157 2.91481 2.9204 3.11055 3.18063 3.29873 3.82038 3.94671 3.9968 4.09834 
1.07821 1.39763 1.72788 1.98286 2.03763 2.10725 2.55085 2.70421 2.74851 2.83834 2.89157 2.91481 2.9204 3.11055 3.18063 3.29873 3.82038 3.94671 3.9968 4.09834 
1.07821 1.39763 1.72788 1.98286 2.03763 2.10725 2.55085 2.70421 2.74851 2.83834 2.89157 2.91481 2.9204 3.11055 3.18063 3.29873 3.82038 3.94671 3.9968 4.09834 
1.07821 1.39763 1.72788 1.98286 2.03763 2.10725 2.55085 2.70421 2.74851 2.83834 2.89157 2.91481 2.9204 3.11055 3.18063 3.29873 3.82038 3.94671 3.9968 4.09834 
1.07821 1.39763 1.72788 1.98286 2.03763 2.10725 2.55085 2.70421 2.74851 2.83834 2.89157 2.91481 2.9204 3.11055 3.18063 3.29873 3.82038 3.94671 3.9968 4.09834 
1.07821 1.39763 1.72788 1.98286 2.03763 2.10725 2.55085 2.70421 2.74851 2.83834 2.89157 2.91481 2.9204 3.11055 3.18063 3.29873 3.82038 3.94671 3.9968 4.09834 
1.07821 1.39763 1.72788 1.98286 2.03763 2.10725 2.55085 2.70421 2.74851 2.83834 2.89157 2.91481 2.9204 3.11055 3.18063 3.29873 3.82038 3.94671 3.9968 4.09834 
1.07821 1.39763 1.72788 1.98286 2.03763 2.10725 2.55085 2.70421 2.74851 2.83834 2.89157 2.91481 2.9204 3.11055 3.18063 3.29873 3.82038 3.94671 3.9968 4.09834 
1.07821 1.39763 1.72788 1.98286 2.03763 2.10725 2.55085 2.70421 2.74851 2.83834 2.89157 2.91481 2.9204 3.11055 3.18063 3.29873 3.82038 3.94671 3.9968 4.09834 
1.07821 1.39763 1.72788 1.98286 2.03763 2.10725 2.55085 2.70421 2.74851 2.83834 2.89157 2.91481 2.9204 3.11055 3.18063 3.29873 3.82038 3.94671 3.9968 4.09834 
1.07821 1.39763 1.72788 1.98286 2.03763 2.10725 2.55085 2.70421 2.74851 2.83834 2.89157 2.91481 2.9204 3.11055 3.18063 3.29873 3.82038 3.94671 3.9968 4.09834 
1.07821 1.39763 1.72788 1.98286 2.03763 2.10725 2.55085 2.70421 2.74851 2.83834 2.89157 2.91481 2.9204 3.11055 3.18063 3.29873 3.82038 3.94671 3.9968 4.09834 
1.07821 1.39763 1.72788 1.98286 2.03763 2.10725 2.55085 2.70421 2.74851 2.83834 2.89157 2.91481 2.9204 3.11055 3.18063 3.29873 3.82038 3.94671 3.9968 4.09834 
1.07821 1.39763 1.72788 1.98286 2.03763 2.10725 2.55085 2.70421 2.74851 2.83834 2.89157 2.91481 2.9204 3.11055 3.18063 3.29873 3.68562 3.82038 3.94671 3.9968 
1.07821 1.39763 1.72788 1.98286 2.03763 2.10725 2.55085 2.70421 2.74851 2.83834 2.89157 2.91481 2.9204 3.11055 3.18063 3.29873 3.68562 3.82038 3.94671 3.9968 
1.07821 1.39763 1.72788 1.98286 2.03763 2.10725 2.55085 2.70421 2.74851 2.83834 2.89157 2.91481 2.9204 3.11055 3.18063 3.29873 3.68562 3.82038 3.94671 3.9968 
1.07821 1.39763 1.72788 1.98286 2.03763 2.10725 2.55085 2.70421 2.74851 2.83834 2.89157 2.91481 2.9204 3.11055 3.18063 3.29873 3.68562 3.82038 3.94671 3.9968 
1.07821 1.39763 1.72788 1.98286 2.03763 2.10725 2.55085 2.70421 2.74851 2.83834 2.89157 2.91481 2.9204 3.11055 3.18063 3.29873 3.68562 3.82038 3.94671 3.9968 
1.07821 1.39763 1.72788 1.98286 2.03763 2.10725 2.55085 2.70421 2.74851 2.83834 2.89157 2.91481 2.9204 3.11055 3.18063 3.29873 3.68562 3.82038 3.94671 3.9968 
1.07821 1.39763 1.72788 1.98286 2.03763 2.10725 2.55085 2.70421 2.74851 2.83834 2.89157 2.91481 2.9204 3.11055 3.18063 3.29873 3.68562 3.82038 3.94671 3.9968 
1.07821 1.39763 1.72788 1.98286 2.03763 2.10725 2.55085 2.70421 2.74851 2.83834 2.89157 2.91481 2.9204 3.11055 3.18063 3.29873 3.68562 3.82038 3.94671 3.9968 
1.07821 1.39763 1.72788 1.98286 2.03763 2.10725 2.55085 2.70421 2.74851 2.83834 2.89157 2.91481 2.9204 3.11055 3.18063 3.29873 3.68562 3.82038 3.94671 3.9968 
1.07821 1.39763 1.72788 1.98286 2.03763 2.10725 2.55085 2.70421 2.74851 2.83834 2.89157 2.91481 2.9204 3.11055 3.18063 3.29873 3.68562 3.82038 3.94671 3.9968 
1.07821 1.39763 1.72788 1.98286 2.03763 2.10725 2.55085 2.70421 2.74851 2.83834 2.89157 2.91481 2.9204 3.11055 3.18063 3.29873 3.68562 3.82038 3.94671 3.9968 
1.07821 1.39763 1.72788 1.98286 2.03763 2.10725 2.55085 2.70421 2.74851 2.83834 2.89157 2.91481 2.9204 3.11055 3.18063 3.29873 3.68562 3.82038 3.94671 3.9968 
1.07821 1.39763 1.72788 1.98286 2.03763 2.10725 2.55085 2.70421 2.74851 2.83834 2.89157 2.91481 2.9204 3.11055 3.18063 3.29873 3.68562 3.82038 3.94671 3.9968 
1.07821 1.39763 1.72788 1.98286 2.03763 2.10725 2.55085 2.70421 2.74851 2.83834 2.89157 2.91481 2.9204 3.11055 3.18063 3.29873 3.68562 3.82038 3.94671 3.9968 
1.07821 1.39763 1.72788 1.98286 2.03763 2.10725 2.55085 2.70421 2.74851 2.83834 2.89157 2.91481 2.9204 3.11055 3.18063 3.29873 3.68562 3.82038 3.94671 3.9968 
1.07821 1.39763 1.72788 1.98286 2.03763 2.10725 2.55085 2.70421 2.74851 2.83834 2.89157 2.91481 2.9204 3.11055 3.18063 3.29873 3.68562 3.82038 3.94671 3.9968 
1.07821 1.39763 1.72788 1.98286 2.03763 2.10725 2.55085 2.70421 2.74851 2.83834 2.89157 2.91481 2.9204 3.11055 3.18063 3.29873 3.68562 3.82038 3.94671 3.9968 
1.07821 1.39763 1.72788 1.98286 2.03763 2.10725 2.55085 2.70421 2.74851 2.83834 2.89157 2.91481 2.9204 3.11055 3.18063 3.29873 3.68562 3.82038 3.94671 3.9968 
1.07821 1.39763 1.72788 1.98286 2.03763 2.10725 2.55085 2.70421 2.74851 2.83834 2.89157 2.91481 2.9204 3.11055 3.18063 3.29873 3.68562 3.82038 3.94671 3.9968 
1.07821 1.39763 1.72788 1.98286 2.03763 2.10725 2.55085 2.70421 2.74851 2.83834 2.89157 2.91481 2.9204 3.11055 3.18063 3.29873 3.68562 3.82038 3.94671 3.9968 
1.07821 1.39763 1.72788 1.98286 2.03763 2.10725 2.55085 2.70421 2.74851 2.83834 2.89157 2.91481 2.9204 3.11055 3.18063 3.29873 3.68562 3.82038 3.94671 3.9968 
1.07821 1.39763 1.72788 1.98286 2.03763 2.10725 2.55085 2.70421 2.74851 2.83834 2.89157 2.91481 2.9204 3.11055 3.18063 3.29873 3.68562 3.82038 3.94671 3.9968 
1.07821 1.39763 1.72788 1.98286 2.03763 2.10725 2.55085 2.70421 2.74851 2.83834 2.89157 2.91481 2.9204 3.11055 3.18063 3.29873 3.68562 3.82038 3.94671 3.9968 
1.07821 1.39763 1.72788 1.98286 2.03763 2.10725 2.55085 2.70421 2.74851 2.83834 2.89157 2.91481 2.9204 3.11055 3.18063 3.29873 3.68562 3.82038 3.94671 3.9968 
1.07821 1.39763 1.72788 1.98286 2.03763 2.10725 2.55085 2.70421 2.74851 2.83834 2.89157 2.91481 2.9204 3.11055 3.18063 3.29873 3.68562 3.82038 3.94671 3.9968 
1.07821 1.39763 1.72788 1.98286 2.03763 2.10725 2.55085 2.70421 2.74851 2.83834 2.89157 2.91481 2.9204 3.11055 3.18063 3.29873 3.68562 3.82038 3.94671 3.9968 
1.07821 1.39763 1.72788 1.98286 2.03763 2.10725 2.55085 2.70421 2.74851 2.83834 2.89157 2.91481 2.9204 3.11055 3.18063 3.29873 3.68562 3.82038 3.94671 3.9968 
1.07821 1.39763 1.72788 1.98286 2.03763 2.10725 2.55085 2.70421 2.74851 2.83834 2.89157 2.91481 2.9204 3.11055 3.18063 3.29873 3.68562 3.82038 3.94671 3.9968 
1.07821 1.39763 1.72788 1.98286 2.03763 2.10725 2.55085 2.70421 2.74851 2.83834 2.89157 2.91481 2.9204 3.11055 3.18063 3.29873 3.68562 3.82038 3.94671 3.9968 
1.07821 1.39763 1.72788 1.98286 2.03763 2.10725 2.55085 2.70421 2.74851 2.83834 2.89157 2.91481 2.9204 3.11055 3.18063 3.29873 3.68562 3.82038 3.94671 3.9968 
1.07821 1.39763 1.72788 1.98286 2.03763 2.10725 2.55085 2.70421 2.74851 2.83834 2.89157 2.91481 2.9204 3.11055 3.18063 3.29873 3.68562 3.82038 3.94671 3.9968 
1.07821 1.39763 1.72788 1.98286 2.03763 2.10725 2.55085 2.70421 2.74851 2.83834 2.89157 2.91481 2.9204 3.11055 3.18063 3.29873 3.68562 3.82038 3.94671 3.9968 
1.07821 1.39763 1.72788 1.98286 2.03763 2.10725 2.55085 2.70421 2.74851 2.83834 2.89157 2.91481 2.9204 3.11055 3.18063 3.29873 3.68562 3.82038 3.94671 3.9968 
1.07821 1.39763 1.72788 1.98286 2.03763 2.10725 2.55085 2.70421 2.74851 2.83834 2.89157 2.91481 2.9204 3.11055 3.18063 3.29873 3.68562 3.82038 3.94671 3.9968 
1.07821 1.39763 1.72788 1.98286 2.03763 2.10725 2.55085 2.70421 2.74851 2.83834 2.89157 2.91481 2.9204 3.11055 3.18063 3.29873 3.68562 3.82038 3.94671 3.9968 
1.07821 1.39763 1.72788 1.98286 2.03763 2.10725 2.55085 2.70421 2.74851 2.83834 2.89157 2.91481 2.9204 3.11055 3.18063 3.29873 3.68562 3.82038 3.94671 3.9968 
1.07821 1.39763 1.72788 1.98286 2.03763 2.10725 2.55085 2.70421 2.74851 2.83834 2.89157 2.91481 2.9204 3.11055 3.18063 3.29873 3.68562 3.82038 3.94671 3.9968 
1.07821 1.39763 1.72788 1.98286 2.03763 2.10725 2.55085 2.70421 2.74851 2.83834 2.89157 2.91481 2.9204 3.11055 3.18063 3.29873 3.68562 3.82038 3.94671 3.9968 
1.07821 1.39763 1.72788 1.98286 2.03763 2.10725 2.55085 2.70421 2.74851 2.83834 2.89157 2.91481 2.9204 3.11055 3.18063 3.29873 3.68562 3.82038 3.94671 3.9968 
1.07821 1.39763 1.72788 1.98286 2.03763 2.10725 2.55085 2.70421 2.74851 2.83834 2.89157 2.91481 2.9204 3.11055 3.18063 3.29873 3.68562 3.82038 3.94671 3.9968 
1.07821 1.39763 1.72788 1.98286 2.03763 2.10725 2.55085 2.70421 2.74851 2.83834 2.89157 2.91481 2.9204 3.11055 3.18063 3.29873 3.68562 3.82038 3.94671 3.9968 
1.07821 1.39763 1.72788 1.98286 2.03763 2.10725 2.55085 2.70421 2.74851 2.83834 2.89157 2.91481 2.9204 3.11055 3.18063 3.29873 3.68562 3.82038 3.94671 3.9968 
1.07821 1.39763 1.72788 1.98286 2.03763 2.10725 2.55085 2.70421 2.74851 2.83834 2.89157 2.91481 2.9204 3.11055 3.18063 3.29873 3.68562 3.82038 3.94671 3.9968 
1.07821 1.39763 1.72788 1.98286 2.03763 2.10725 2.55085 2.70421 2.74851 2.83834 2.89157 2.91481 2.9204 3.11055 3.18063 3.29873 3.68562 3.82038 3.94671 3.9968 
1.07821 1.39763 1.72788 1.98286 2.03763 2.10725 2.55085 2.70421 2.74851 2.83834 2.89157 2.91481 2.9204 3.11055 3.18063 3.29873 3.68562 3.82038 3.94671 3.9968 
1.07821 1.39763 1.72788 1.98286 2.03763 2.10725 2.55085 2.70421 2.74851 2.83834 2.89157 2.91481 2.9204 3.11055 3.18063 3.29873 3.68562 3.82038 3.94671 3.9968 
1.07821 1.39763 1.72788 1.98286 2.03763 2.10725 2.55085 2.70421 2.74851 2.83834 2.89157 2.91481 2.9204 3.11055 3.18063 3.29873 3.68562 3.82038 3.94671 3.9968 
1.07821 1.39763 1.72788 1.98286 2.03763 2.10725 2.55085 2.70421 2.74851 2.83834 2.89157 2.91481 2.9204 3.11055 3.18063 3.29873 3.68562 3.82038 3.94671 3.9968 
1.07821 1.39763 1.72788 1.98286 2.03763 2.10725 2.55085 2.70421 2.74851 2.83834 2.89157 2.91481 2.9204 3.11055 3.18063 3.29873 3.68562 3.82038 3.94671 3.9968 
1.07821 1.39763 1.72788 1.98286 2.03763 2.10725 2.55085 2.70421 2.74851 2.83834 2.89157 2.91481 2.9204 3.11055 3.18063 3.29873 3.68562 3.82038 3.94671 3.9968 
