3.62723 3.8264 4.3268 5.36213 5.97455 7.78833 8.06835 8.24951 8.74655 8.89444 8.91469 8.98539 9.05285 9.12121 9.35859 9.43036 9.44447 9.56475 9.99058 10.2227 
2.95643 3.01643 3.15715 3.62723 3.8264 4.05622 4.3268 5.36213 5.97455 6.53738 6.66606 6.67663 7.65126 7.74947 7.78833 8.06835 8.24951 8.74655 8.89444 8.91469 
2.73168 2.95643 3.01643 3.15715 3.62723 3.8264 4.05622 4.3268 5.36213 5.97455 6.53738 6.66606 6.67663 7.65126 7.74947 7.78833 8.06835 8.23062 8.24951 8.44795 
2.73168 2.95643 3.01643 3.15715 3.62723 3.8264 4.05622 4.3268 5.36213 5.97455 6.53738 6.66606 6.67663 7.65126 7.74947 7.78833 8.06835 8.23062 8.24951 8.44795 
2.73168 2.95643 3.01643 3.15715 3.62723 3.8264 4.05622 4.3268 5.36213 5.97455 6.53738 6.66606 6.67663 7.65126 7.74947 7.78833 8.06835 8.23062 8.24951 8.44795 
1.20727 2.73168 2.95643 3.01643 3.15715 3.62723 3.8264 4.05622 4.3268 5.36213 5.97455 6.53738 6.66606 6.67663 7.65126 7.74947 7.78833 8.06835 8.23062 8.24951 
1.20727 2.73168 2.95643 3.01643 3.15715 3.62723 3.8264 4.05622 4.3268 5.36213 5.97455 6.53738 6.66606 6.67663 7.65126 7.74947 7.78833 8.06835 8.23062 8.24951 
1.20727 2.73168 2.95643 3.01643 3.15715 3.62723 3.8264 4.05622 4.3268 5.36213 5.97455 6.53738 6.66606 6.67663 7.65126 7.74947 7.78833 8.06835 8.23062 8.24951 
1.20727 2.73168 2.95643 3.01643 3.15715 3.62723 3.8264 4.05622 4.3268 5.36213 5.97455 6.53738 6.66606 6.67663 7.65126 7.74947 7.78833 8.06835 8.23062 8.24951 
1.20727 2.73168 2.95643 3.01643 3.15715 3.62723 3.8264 4.05622 4.3268 5.36213 5.97455 6.53738 6.66606 6.67663 7.65126 7.74947 7.78833 8.06835 8.23062 8.24951 
1.20727 2.73168 2.95643 3.01643 3.15715 3.62723 3.8264 4.05622 4.3268 5.36213 5.97455 6.53738 6.66606 6.67663 7.65126 7.74947 7.78833 8.06835 8.23062 8.24951 
1.20727 2.73168 2.95643 3.01643 3.15715 3.62723 3.8264 4.05622 4.3268 5.36213 5.97455 6.53738 6.66606 6.67663 7.65126 7.74947 7.78833 8.06835 8.23062 8.24951 
1.20727 2.73168 2.95643 3.01643 3.15715 3.62723 3.8264 4.05622 4.3268 5.36213 5.97455 6.53738 6.66606 6.67663 7.65126 7.74947 7.78833 8.06835 8.23062 8.24951 
1.20727 2.73168 2.95643 3.01643 3.15715 3.62723 3.8264 4.05622 4.3268 5.36213 5.97455 6.53738 6.66606 6.67663 7.65126 7.74947 7.78833 8.06835 8.23062 8.24951 
1.20727 2.73168 2.95643 3.01643 3.15715 3.62723 3.8264 4.05622 4.3268 5.36213 5.97455 6.53738 6.66606 6.67663 7.65126 7.74947 7.78833 8.06835 8.23062 8.24951 
1.20727 2.73168 2.95643 3.01643 3.15715 3.62723 3.8264 4.05622 4.3268 5.36213 5.97455 6.53738 6.66606 6.67663 7.65126 7.74947 7.78833 8.06835 8.23062 8.24951 
1.20727 2.73168 2.95643 3.01643 3.15715 3.62723 3.8264 4.05622 4.3268 5.36213 5.97455 6.53738 6.66606 6.67663 7.65126 7.74947 7.78833 8.06835 8.23062 8.24951 
1.20727 2.73168 2.95643 3.01643 3.15715 3.62723 3.8264 4.05622 4.3268 5.36213 5.97455 6.53738 6.66606 6.67663 7.65126 7.74947 7.78833 8.06835 8.23062 8.24951 
1.20727 2.73168 2.95643 3.01643 3.15715 3.62723 3.8264 4.05622 4.3268 5.36213 5.97455 6.53738 6.66606 6.67663 7.65126 7.74947 7.78833 8.06835 8.23062 8.24951 
1.20727 2.73168 2.95643 3.01643 3.15715 3.62723 3.8264 4.05622 4.3268 5.36213 5.97455 6.53738 6.66606 6.67663 7.65126 7.74947 7.78833 8.06835 8.23062 8.24951 
1.20727 2.73168 2.95643 3.01643 3.15715 3.62723 3.8264 4.05622 4.3268 5.36213 5.97455 6.53738 6.66606 6.67663 7.65126 7.74947 7.78833 8.06835 8.23062 8.24951 
1.20727 2.73168 2.95643 3.01643 3.15715 3.62723 3.8264 4.05622 4.3268 5.36213 5.97455 6.53738 6.66606 6.67663 7.65126 7.74947 7.78833 8.06835 8.23062 8.24951 
1.20727 2.73168 2.95643 3.01643 3.15715 3.62723 3.8264 4.05622 4.3268 5.36213 5.97455 6.53738 6.66606 6.67663 7.65126 7.74947 7.78833 8.06835 8.23062 8.24951 
1.20727 2.73168 2.95643 3.01643 3.15715 3.62723 3.8264 4.05622 4.3268 5.36213 5.97455 6.53738 6.66606 6.67663 7.65126 7.74947 7.78833 8.06835 8.23062 8.24951 
1.20727 2.73168 2.95643 3.01643 3.15715 3.62723 3.8264 4.05622 4.3268 5.36213 5.97455 6.53738 6.66606 6.67663 7.65126 7.74947 7.78833 8.06835 8.23062 8.24951 
1.20727 2.73168 2.95643 3.01643 3.15715 3.62723 3.8264 4.05622 4.3268 5.36213 5.97455 6.53738 6.66606 6.67663 7.65126 7.74947 7.78833 8.06835 8.23062 8.24951 
1.20727 2.73168 2.95643 3.01643 3.15715 3.62723 3.8264 4.05622 4.3268 5.36213 5.97455 6.53738 6.66606 6.67663 7.65126 7.74947 7.78833 8.06835 8.23062 8.24951 
1.20727 2.73168 2.95643 3.01643 3.15715 3.62723 3.8264 4.05622 4.3268 5.36213 5.97455 6.53738 6.66606 6.67663 7.65126 7.74947 7.78833 8.06835 8.23062 8.24951 
1.20727 2.73168 2.95643 3.01643 3.15715 3.62723 3.8264 4.05622 4.3268 5.36213 5.97455 6.53738 6.66606 6.67663 7.65126 7.74947 7.78833 8.06835 8.23062 8.24951 
1.20727 2.73168 2.95643 3.01643 3.15715 3.62723 3.8264 4.05622 4.3268 5.36213 5.97455 6.53738 6.66606 6.67663 7.65126 7.74947 7.78833 8.06835 8.23062 8.24951 
1.20727 2.73168 2.95643 3.01643 3.15715 3.62723 3.8264 4.05622 4.3268 5.36213 5.97455 6.53738 6.66606 6.67663 7.65126 7.74947 7.78833 8.06835 8.23062 8.24951 
1.20727 2.73168 2.95643 3.01643 3.15715 3.62723 3.8264 4.05622 4.3268 5.36213 5.97455 6.53738 6.66606 6.67663 7.65126 7.74947 7.78833 8.06835 8.23062 8.24951 
1.20727 2.73168 2.95643 3.01643 3.15715 3.62723 3.8264 4.05622 4.3268 5.36213 5.97455 6.53738 6.66606 6.67663 7.65126 7.74947 7.78833 8.06835 8.23062 8.24951 
1.20727 2.73168 2.95643 3.01643 3.15715 3.17267 3.62723 3.8264 4.05622 4.3268 5.36213 5.97455 6.53738 6.66606 6.67663 7.65126 7.74947 7.78833 8.06835 8.23062 
1.20727 2.73168 2.95643 3.01643 3.15715 3.17267 3.62723 3.8264 4.05622 4.3268 5.36213 5.97455 6.53738 6.66606 6.67663 7.00031 7.65126 7.74947 7.78833 7.89035 
1.20727 2.73168 2.95643 3.01643 3.15715 3.17267 3.62723 3.8264 4.05622 4.3268 5.36213 5.97455 6.53738 6.66606 6.67663 7.00031 7.65126 7.74947 7.78833 7.89035 
1.20727 2.73168 2.95643 3.01643 3.15715 3.17267 3.62723 3.8264 4.05622 4.3268 5.36213 5.97455 6.53738 6.66606 6.67663 7.00031 7.65126 7.74947 7.78833 7.89035 
1.20727 2.73168 2.95643 3.01643 3.15715 3.17267 3.62723 3.8264 4.05622 4.3268 5.36213 5.97455 6.53738 6.66606 6.67663 7.00031 7.65126 7.74947 7.78833 7.89035 
1.20727 2.73168 2.95643 3.01643 3.15715 3.17267 3.62723 3.8264 4.05622 4.3268 4.7076 5.19536 5.36213 5.97455 6.25273 6.53738 6.66606 6.67663 7.00031 7.65126 
1.20727 2.73168 2.95643 3.01643 3.15715 3.17267 3.62723 3.8264 4.05622 4.3268 4.7076 5.19536 5.36213 5.97455 6.25273 6.53738 6.66606 6.67663 7.00031 7.65126 
1.20727 2.73168 2.95643 3.01643 3.15715 3.17267 3.62723 3.8264 4.05622 4.3268 4.7076 5.19536 5.36213 5.97455 6.25273 6.53738 6.66606 6.67663 7.00031 7.65126 
1.20727 2.73168 2.95643 3.01643 3.15715 3.17267 3.62723 3.8264 4.05622 4.3268 4.7076 5.19536 5.36213 5.97455 6.25273 6.53738 6.66606 6.67663 7.00031 7.65126 
1.20727 2.73168 2.95643 3.01643 3.15715 3.17267 3.62723 3.8264 4.05622 4.3268 4.7076 5.19536 5.36213 5.97455 6.25273 6.53738 6.66606 6.67663 7.00031 7.65126 
1.20727 2.73168 2.95643 3.01643 3.15715 3.17267 3.62723 3.8264 4.05622 4.3268 4.7076 5.19536 5.36213 5.97455 6.25273 6.53738 6.66606 6.67663 7.00031 7.65126 
1.20727 2.73168 2.95643 3.01643 3.15715 3.17267 3.62723 3.8264 4.05622 4.3268 4.7076 5.19536 5.36213 5.97455 6.25273 6.53738 6.66606 6.67663 7.00031 7.65126 
1.20727 2.73168 2.95643 3.01643 3.15715 3.17267 3.62723 3.8264 4.05622 4.3268 4.7076 5.19536 5.36213 5.97455 6.25273 6.53738 6.66606 6.67663 7.00031 7.65126 
1.20727 2.73168 2.95643 3.01643 3.15715 3.17267 3.62723 3.8264 4.05622 4.3268 4.7076 5.19536 5.36213 5.97455 6.25273 6.53738 6.66606 6.67663 7.00031 7.65126 
1.20727 2.73168 2.95643 3.01643 3.15715 3.17267 3.62723 3.8264 4.05622 4.3268 4.7076 5.19536 5.36213 5.97455 6.25273 6.53738 6.66606 6.67663 7.00031 7.32834 
1.20727 2.73168 2.95643 3.01643 3.15715 3.17267 3.62723 3.8264 4.05622 4.3268 4.7076 5.19536 5.36213 5.97455 6.25273 6.53738 6.66606 6.67663 7.00031 7.32834 
1.20727 2.73168 2.95643 3.01643 3.15715 3.17267 3.62723 3.8264 4.05622 4.3268 4.7076 5.19536 5.36213 5.97455 6.25273 6.53738 6.66606 6.67663 7.00031 7.32834 
1.20727 2.73168 2.95643 3.01643 3.15715 3.17267 3.62723 3.8264 4.05622 4.3268 4.7076 5.19536 5.36213 5.97455 6.25273 6.53738 6.66606 6.67663 7.00031 7.32834 
1.20727 2.73168 2.95643 3.01643 3.15715 3.17267 3.62723 3.8264 4.05622 4.3268 4.7076 5.19536 5.36213 5.97455 6.25273 6.53738 6.66606 6.67663 7.00031 7.32834 
1.20727 2.73168 2.95643 3.01643 3.15715 3.17267 3.62723 3.8264 4.05622 4.3268 4.7076 5.19536 5.36213 5.81534 5.97455 6.04708 6.25273 6.53738 6.66606 6.67663 
1.20727 2.73168 2.95643 3.01643 3.15715 3.17267 3.62723 3.8264 4.05622 4.3268 4.44445 4.7076 5.19536 5.36213 5.81534 5.97455 6.04708 6.25273 6.53738 6.66606 
1.20727 2.73168 2.95643 3.01643 3.15715 3.17267 3.62723 3.8264 4.05622 4.3268 4.44445 4.7076 5.19536 5.36213 5.81534 5.97455 6.04708 6.25273 6.53738 6.66606 
1.20727 2.73168 2.95643 3.01643 3.15715 3.17267 3.62723 3.8264 4.05622 4.3268 4.44445 4.7076 5.19536 5.36213 5.81534 5.97455 6.04708 6.25273 6.53738 6.66606 
1.20727 2.73168 2.95643 3.01643 3.15715 3.17267 3.62723 3.8264 4.05622 4.3268 4.44445 4.7076 5.19536 5.36213 5.46238 5.81534 5.97455 6.04708 6.25273 6.53738 
1.20727 2.73168 2.95643 3.01643 3.15715 3.17267 3.62723 3.8264 4.05622 4.3268 4.44445 4.7076 5.19536 5.36213 5.46238 5.81534 5.97455 6.04708 6.25273 6.53738 
1.20727 2.73168 2.95643 3.01643 3.15715 3.17267 3.62723 3.8264 4.05622 4.3268 4.44445 4.7076 5.19536 5.36213 5.46238 5.81534 5.97455 6.04708 6.25273 6.53738 
1.20727 2.73168 2.95643 3.01643 3.15715 3.17267 3.62723 3.8264 4.05622 4.3268 4.44445 4.7076 5.19536 5.36213 5.46238 5.81534 5.97455 6.04708 6.25273 6.53738 
1.20727 2.73168 2.95643 3.01643 3.15715 3.17267 3.62723 3.8264 4.05622 4.3268 4.44445 4.7076 5.19536 5.36213 5.46238 5.81534 5.97455 6.04708 6.25273 6.53738 
1.20727 2.73168 2.95643 3.01643 3.15715 3.17267 3.62723 3.8264 4.05622 4.3268 4.44445 4.7076 5.19536 5.36213 5.46238 5.81534 5.97455 6.04708 6.25273 6.53738 
1.20727 2.73168 2.95643 3.01643 3.15715 3.17267 3.62723 3.8264 4.05622 4.3268 4.44445 4.7076 5.19536 5.36213 5.46238 5.81534 5.97455 6.04708 6.25273 6.53738 
1.20727 2.73168 2.95643 3.01643 3.15715 3.17267 3.62723 3.8264 4.05622 4.3268 4.44445 4.7076 5.19536 5.36213 5.46238 5.81534 5.97455 6.04708 6.25273 6.53738 
1.20727 2.73168 2.95643 3.01643 3.15715 3.17267 3.62723 3.8264 4.05622 4.3268 4.44445 4.7076 5.19536 5.36213 5.46238 5.81534 5.97455 6.04708 6.25273 6.53738 
1.20727 2.73168 2.95643 3.01643 3.15715 3.17267 3.62723 3.8264 4.05622 4.3268 4.44445 4.7076 5.19536 5.36213 5.46238 5.81534 5.97455 6.04708 6.25273 6.53738 
1.20727 2.73168 2.95643 3.01643 3.15715 3.17267 3.62723 3.8264 4.05622 4.3268 4.44445 4.7076 5.19536 5.36213 5.46238 5.81534 5.97455 6.04708 6.25273 6.53738 
1.20727 2.73168 2.95643 3.01643 3.15715 3.17267 3.62723 3.8264 4.05622 4.3268 4.44445 4.7076 5.19536 5.36213 5.46238 5.81534 5.97455 6.04708 6.25273 6.53738 
1.20727 2.73168 2.95643 3.01643 3.15715 3.17267 3.62723 3.8264 4.05622 4.3268 4.44445 4.7076 5.19536 5.36213 5.46238 5.81534 5.97455 6.04708 6.25273 6.53738 
1.20727 2.73168 2.95643 3.01643 3.15715 3.17267 3.62723 3.8264 4.05622 4.3268 4.44445 4.7076 5.19536 5.36213 5.46238 5.81534 5.97455 6.04708 6.25273 6.53738 
1.20727 2.73168 2.95643 3.01643 3.15715 3.17267 3.62723 3.8264 4.05622 4.3268 4.44445 4.7076 5.19536 5.36213 5.46238 5.81534 5.97455 6.04708 6.25273 6.53738 
1.20727 2.73168 2.95643 3.01643 3.15715 3.17267 3.62723 3.8264 4.05622 4.3268 4.44445 4.7076 5.19536 5.36213 5.46238 5.81534 5.97455 6.04708 6.25273 6.53738 
1.20727 2.73168 2.95643 3.01643 3.15715 3.17267 3.62723 3.8264 4.05622 4.3268 4.44445 4.7076 5.19536 5.36213 5.46238 5.81534 5.97455 6.04708 6.25273 6.53738 
1.20727 2.73168 2.95643 3.01643 3.15715 3.17267 3.62723 3.8264 4.05622 4.3268 4.44445 4.7076 5.19536 5.36213 5.46238 5.81534 5.97455 6.04708 6.25273 6.53738 
1.20727 2.73168 2.95643 3.01643 3.15715 3.17267 3.62723 3.8264 4.05622 4.3268 4.44445 4.7076 5.19536 5.36213 5.46238 5.81534 5.97455 6.04708 6.25273 6.53738 
1.20727 2.73168 2.95643 3.01643 3.15715 3.17267 3.62723 3.8264 4.05622 4.3268 4.44445 4.7076 5.19536 5.36213 5.46238 5.81534 5.97455 6.04708 6.25273 6.53738 
1.20727 2.73168 2.95643 3.01643 3.15715 3.17267 3.62723 3.8264 4.05622 4.3268 4.44445 4.7076 5.19536 5.36213 5.46238 5.81534 5.97455 6.04708 6.25273 6.53738 
1.20727 2.73168 2.95643 3.01643 3.15715 3.17267 3.62723 3.8264 4.05622 4.3268 4.44445 4.7076 5.19536 5.36213 5.46238 5.81534 5.97455 6.04708 6.25273 6.53738 
1.20727 2.73168 2.95643 3.01643 3.15715 3.17267 3.62723 3.8264 4.05622 4.3268 4.44445 4.7076 5.19536 5.36213 5.46238 5.81534 5.97455 6.04708 6.25273 6.53738 
1.20727 2.73168 2.95643 3.01643 3.15715 3.17267 3.62723 3.8264 4.05622 4.3268 4.44445 4.7076 5.19536 5.36213 5.46238 5.81534 5.97455 6.04708 6.25273 6.53738 
1.20727 2.73168 2.95643 3.01643 3.15715 3.17267 3.62723 3.8264 4.05622 4.3268 4.44445 4.7076 5.19536 5.36213 5.46238 5.81534 5.97455 6.04708 6.25273 6.53738 
1.20727 2.73168 2.95643 3.01643 3.15715 3.17267 3.62723 3.8264 4.05622 4.3268 4.44445 4.7076 5.19536 5.36213 5.46238 5.81534 5.97455 6.04708 6.25273 6.53738 
1.20727 2.73168 2.95643 3.01643 3.15715 3.17267 3.62723 3.8264 4.05622 4.3268 4.44445 4.7076 5.19536 5.36213 5.46238 5.81534 5.97455 6.04708 6.25273 6.53738 
1.20727 2.73168 2.95643 3.01643 3.15715 3.17267 3.62723 3.8264 4.05622 4.3268 4.44445 4.7076 5.19536 5.36213 5.46238 5.81534 5.97455 6.04708 6.25273 6.53738 
1.20727 2.73168 2.95643 3.01643 3.15715 3.17267 3.62723 3.8264 4.05622 4.3268 4.44445 4.7076 5.19536 5.36213 5.46238 5.81534 5.97455 6.04708 6.25273 6.53738 
1.20727 2.73168 2.95643 3.01643 3.15715 3.17267 3.62723 3.8264 4.05622 4.3268 4.44445 4.7076 5.19536 5.36213 5.46238 5.81534 5.97455 6.04708 6.25273 6.53738 
1.20727 2.73168 2.95643 3.01643 3.15715 3.17267 3.62723 3.8264 4.05622 4.3268 4.44445 4.7076 5.19536 5.36213 5.46238 5.81534 5.97455 6.04708 6.25273 6.53738 
1.20727 2.73168 2.95643 3.01643 3.15715 3.17267 3.62723 3.8264 4.05622 4.3268 4.44445 4.7076 5.19536 5.36213 5.46238 5.81534 5.97455 6.04708 6.25273 6.53738 
1.20727 2.73168 2.95643 3.01643 3.15715 3.17267 3.62723 3.8264 4.05622 4.3268 4.44445 4.7076 5.19536 5.36213 5.46238 5.81534 5.97455 6.04708 6.25273 6.53738 
1.20727 2.73168 2.95643 3.01643 3.15715 3.17267 3.62723 3.8264 4.05622 4.3268 4.44445 4.7076 5.19536 5.36213 5.46238 5.81534 5.97455 6.04708 6.25273 6.53738 
1.20727 2.73168 2.95643 3.01643 3.15715 3.17267 3.62723 3.8264 4.05622 4.3268 4.44445 4.7076 5.19536 5.36213 5.46238 5.81534 5.97455 6.04708 6.25273 6.53738 
1.20727 2.73168 2.95643 3.01643 3.15715 3.17267 3.62723 3.8264 4.05622 4.3268 4.44445 4.7076 5.19536 5.36213 5.46238 5.81534 5.97455 6.04708 6.25273 6.53738 
1.20727 2.73168 2.95643 3.01643 3.15715 3.17267 3.62723 3.8264 4.05622 4.3268 4.44445 4.7076 5.19536 5.36213 5.46238 5.81534 5.97455 6.04708 6.25273 6.53738 
1.20727 2.73168 2.95643 3.01643 3.15715 3.17267 3.62723 3.8264 4.05622 4.3268 4.44445 4.7076 5.19536 5.36213 5.46238 5.81534 5.97455 6.04708 6.25273 6.53738 
1.20727 2.73168 2.95643 3.01643 3.15715 3.17267 3.62723 3.8264 4.05622 4.3268 4.44445 4.7076 5.19536 5.36213 5.46238 5.81534 5.97455 6.04708 6.25273 6.53738 
1.20727 2.73168 2.95643 3.01643 3.15715 3.17267 3.62723 3.8264 4.05622 4.3268 4.44445 4.7076 5.19536 5.36213 5.46238 5.81534 5.97455 6.04708 6.25273 6.53738 
1.20727 2.73168 2.95643 3.01643 3.15715 3.17267 3.62723 3.8264 4.05622 4.3268 4.44445 4.7076 5.19536 5.36213 5.46238 5.81534 5.97455 6.04708 6.25273 6.53738 
1.20727 2.73168 2.95643 3.01643 3.15715 3.17267 3.62723 3.8264 4.05622 4.3268 4.44445 4.7076 5.19536 5.36213 5.46238 5.81534 5.97455 6.04708 6.25273 6.53738 
1.20727 2.73168 2.95643 3.01643 3.15715 3.17267 3.62723 3.8264 4.05622 4.3268 4.44445 4.7076 5.19536 5.36213 5.46238 5.81534 5.97455 6.04708 6.25273 6.53738 
1.20727 2.73168 2.95643 3.01643 3.15715 3.17267 3.62723 3.8264 4.05622 4.3268 4.44445 4.7076 5.19536 5.36213 5.46238 5.81534 5.97455 6.04708 6.25273 6.53738 
