0.599463 4.25267 6.45895 6.5822 7.09495 7.29712 7.63264 7.66923 8.13879 8.51239 8.59783 8.91544 8.99641 9.16308 9.75009 10.1255 10.1387 10.1867 10.7906 10.7956 
0.599463 4.25267 6.45895 6.5822 7.09495 7.29712 7.63264 7.66923 8.13879 8.20888 8.51239 8.59428 8.59783 8.6232 8.91544 8.99641 9.16308 9.27652 9.38088 9.69869 
0.599463 3.29623 4.25267 6.45895 6.5822 6.60765 7.09495 7.16861 7.29712 7.63264 7.66923 8.02476 8.13879 8.20888 8.44107 8.51239 8.59428 8.59783 8.6232 8.82324 
0.599463 3.29623 4.25267 6.09667 6.45895 6.48175 6.5822 6.60765 7.09495 7.16861 7.29712 7.57136 7.63264 7.65748 7.66923 8.02476 8.13879 8.20888 8.44107 8.51239 
0.599463 3.29623 3.32356 4.25267 4.35406 5.07032 5.1126 5.56104 6.09667 6.45895 6.48175 6.5822 6.60765 6.61709 6.82907 6.83059 7.09495 7.16861 7.29712 7.57136 
0.599463 3.29623 3.32356 3.80122 4.25267 4.35406 4.9263 5.07032 5.1126 5.32352 5.56104 6.09667 6.45895 6.48175 6.53079 6.5822 6.60765 6.61709 6.82907 6.83059 
0.599463 2.42596 3.29623 3.32356 3.71018 3.80122 4.25267 4.35406 4.9263 5.07032 5.1126 5.1547 5.32352 5.56104 6.09667 6.37459 6.45895 6.48175 6.53079 6.5822 
0.599463 2.42596 3.29623 3.30598 3.32356 3.71018 3.80122 4.25267 4.35406 4.3855 4.9263 5.06031 5.07032 5.1126 5.1547 5.32352 5.56104 6.09667 6.37459 6.45895 
0.599463 2.42596 2.65662 3.29623 3.30598 3.32356 3.63181 3.71018 3.80122 4.25267 4.35406 4.3855 4.9263 5.06031 5.07032 5.1126 5.1547 5.32352 5.56104 6.09667 
0.599463 2.42596 2.65662 3.29623 3.30598 3.32356 3.63181 3.71018 3.80122 4.25267 4.35406 4.3855 4.78111 4.9263 5.06031 5.07032 5.1126 5.1547 5.32352 5.51907 
0.599463 2.42596 2.65662 3.29623 3.30598 3.32356 3.63181 3.64697 3.71018 3.80122 4.25267 4.35406 4.3855 4.78111 4.9263 5.06031 5.07032 5.1126 5.1547 5.32352 
0.599463 2.42596 2.65662 3.29623 3.30598 3.32356 3.63181 3.64697 3.71018 3.80122 4.25267 4.35406 4.3855 4.58266 4.78111 4.9263 5.06031 5.07032 5.1126 5.1547 
0.599463 2.42596 2.65662 3.29623 3.30598 3.32356 3.63181 3.64697 3.67277 3.71018 3.80122 3.833 4.25267 4.35406 4.35407 4.3855 4.58266 4.78111 4.9263 5.06031 
0.599463 2.42596 2.65662 3.29623 3.30598 3.32356 3.63181 3.64697 3.67277 3.71018 3.80122 3.833 4.25267 4.35406 4.35407 4.3855 4.58266 4.64814 4.78111 4.9263 
0.599463 1.65682 2.42596 2.65662 3.1103 3.29623 3.30598 3.32356 3.63181 3.64697 3.67277 3.71018 3.80122 3.833 3.96396 4.25267 4.35406 4.35407 4.3855 4.58266 
0.599463 1.65682 2.42596 2.65662 3.1103 3.21573 3.29623 3.30598 3.32356 3.63181 3.64697 3.67277 3.71018 3.73232 3.80122 3.833 3.96396 4.25267 4.35406 4.35407 
0.599463 1.65682 2.42596 2.65662 3.1103 3.21573 3.29623 3.30598 3.32356 3.63181 3.64697 3.67277 3.71018 3.73232 3.80122 3.833 3.96396 4.25267 4.35406 4.35407 
0.599463 1.65682 2.42596 2.65662 3.1103 3.21573 3.28494 3.29623 3.30598 3.32356 3.63181 3.64697 3.66779 3.67277 3.71018 3.73232 3.80122 3.833 3.96396 4.25267 
0.599463 1.65682 2.42596 2.65662 3.1103 3.21573 3.28494 3.29623 3.30598 3.32356 3.63181 3.64697 3.66779 3.67277 3.71018 3.73232 3.80122 3.833 3.96396 4.25267 
0.599463 1.65682 2.42596 2.65662 3.1103 3.21573 3.28494 3.29623 3.30598 3.32356 3.63181 3.64697 3.66779 3.67277 3.71018 3.73232 3.80122 3.833 3.96396 4.25267 
0.599463 1.65682 2.42596 2.65662 3.1103 3.14904 3.21573 3.28494 3.29623 3.30598 3.32356 3.63181 3.64697 3.66779 3.67277 3.71018 3.73232 3.80122 3.833 3.96396 
0.599463 1.65682 2.42596 2.65662 3.1103 3.14904 3.21573 3.28494 3.29623 3.30598 3.32356 3.42318 3.63181 3.64697 3.66779 3.67277 3.71018 3.73232 3.80122 3.833 
0.599463 1.65682 2.42596 2.65662 3.1103 3.14904 3.21573 3.28494 3.29623 3.30598 3.32356 3.42318 3.63181 3.64697 3.66779 3.67277 3.71018 3.73232 3.80122 3.833 
0.599463 1.65682 1.8514 2.42596 2.65662 3.1103 3.14904 3.21573 3.28494 3.29623 3.30598 3.32356 3.42318 3.63181 3.64697 3.66779 3.67277 3.69131 3.71018 3.73232 
0.599463 1.65682 1.8514 2.42596 2.65662 3.1103 3.14904 3.21573 3.28494 3.29623 3.30598 3.32356 3.42318 3.63181 3.64697 3.66779 3.67277 3.69131 3.71018 3.73232 
0.599463 1.65682 1.8514 2.03376 2.42596 2.65662 3.08844 3.1103 3.14904 3.21573 3.28494 3.29623 3.30598 3.32356 3.42318 3.63181 3.64697 3.66779 3.67277 3.69131 
0.599463 1.65682 1.8514 2.03376 2.42596 2.65662 3.08844 3.1103 3.14904 3.21573 3.28494 3.29623 3.30598 3.32356 3.42318 3.60764 3.63181 3.64697 3.66779 3.67277 
0.599463 1.65682 1.8514 2.03376 2.42596 2.65662 3.08844 3.1103 3.14904 3.21573 3.28494 3.29623 3.30598 3.32356 3.42318 3.60764 3.63181 3.64697 3.66779 3.67277 
0.599463 1.65682 1.8514 2.03376 2.09706 2.42596 2.65662 3.08844 3.1103 3.14904 3.21573 3.28494 3.29623 3.30598 3.32356 3.42318 3.60764 3.63181 3.64697 3.66779 
0.599463 1.65682 1.8514 2.03376 2.09706 2.42596 2.65662 2.9486 3.08844 3.1103 3.14904 3.21573 3.28494 3.29623 3.30598 3.32356 3.42318 3.60764 3.63181 3.64456 
0.599463 1.65682 1.8514 2.03376 2.09706 2.42596 2.65662 2.9486 3.08844 3.1103 3.14904 3.21573 3.28494 3.29623 3.30598 3.32356 3.42318 3.60764 3.63181 3.64456 
0.599463 1.65682 1.8514 2.03376 2.09706 2.42596 2.65662 2.9486 3.08844 3.1103 3.14904 3.21573 3.28494 3.29623 3.30598 3.32356 3.42318 3.60764 3.63181 3.64456 
0.599463 1.65682 1.8514 2.03376 2.09706 2.42596 2.65662 2.9486 3.08844 3.1103 3.14904 3.21573 3.28494 3.29623 3.30598 3.32356 3.42318 3.60764 3.63181 3.64456 
0.599463 1.65682 1.8514 2.03376 2.09706 2.42596 2.65662 2.9486 3.08844 3.1103 3.14904 3.21573 3.26105 3.28494 3.29623 3.30598 3.32356 3.42318 3.60764 3.63181 
0.599463 1.65682 1.8514 2.03376 2.09706 2.18827 2.42596 2.65662 2.9486 3.08844 3.1103 3.14904 3.21573 3.26105 3.28494 3.29623 3.30598 3.32356 3.42318 3.60764 
0.599463 1.65682 1.8514 2.03376 2.09706 2.18827 2.42596 2.65662 2.9486 3.08844 3.1103 3.14904 3.21573 3.26105 3.28494 3.29623 3.30598 3.32356 3.42318 3.60764 
0.599463 1.65682 1.8514 2.03376 2.09706 2.18827 2.42596 2.65662 2.9486 3.08844 3.1103 3.14904 3.21573 3.26105 3.28494 3.29623 3.30598 3.32356 3.42318 3.60764 
0.599463 1.65682 1.8514 2.03376 2.09706 2.18827 2.42596 2.65662 2.9486 3.08844 3.1103 3.14904 3.21573 3.26105 3.28494 3.29623 3.30598 3.32356 3.42318 3.60764 
0.599463 1.65682 1.8514 2.03376 2.09706 2.18827 2.42596 2.61036 2.65662 2.9486 3.08844 3.1103 3.14904 3.21573 3.26105 3.28494 3.29623 3.30598 3.32356 3.42318 
0.599463 1.65682 1.74229 1.8514 2.03376 2.09706 2.18827 2.42596 2.61036 2.65662 2.9486 3.08844 3.1103 3.14904 3.21573 3.26105 3.28494 3.29623 3.30598 3.32356 
0.599463 1.65682 1.74229 1.8514 2.03376 2.09706 2.18827 2.42596 2.61036 2.65662 2.9486 3.08844 3.1103 3.14904 3.21573 3.26105 3.28494 3.29623 3.30598 3.32356 
0.599463 1.65682 1.74229 1.8514 2.03376 2.09706 2.18827 2.42596 2.61036 2.65662 2.9486 3.08844 3.1103 3.14904 3.21573 3.26105 3.28494 3.29623 3.30598 3.32356 
0.599463 1.65682 1.74229 1.8514 2.03376 2.09706 2.18827 2.42596 2.61036 2.65662 2.9486 3.08844 3.1103 3.14904 3.21573 3.26105 3.28494 3.29623 3.30598 3.32356 
0.599463 1.65682 1.74229 1.8514 2.03376 2.09706 2.18827 2.42596 2.61036 2.65662 2.9486 3.08844 3.1103 3.14904 3.21573 3.23273 3.26105 3.28494 3.29623 3.30598 
0.599463 1.65682 1.74229 1.8514 2.03376 2.09706 2.18827 2.42596 2.61036 2.65662 2.9486 3.08844 3.1103 3.11251 3.14904 3.21573 3.23273 3.26105 3.28494 3.29623 
0.599463 1.65682 1.74229 1.8514 2.03376 2.09706 2.18827 2.42596 2.61036 2.65662 2.9486 2.98338 3.06926 3.08844 3.1103 3.11251 3.14904 3.21573 3.23273 3.26105 
0.599463 1.65682 1.74229 1.8514 2.03376 2.09706 2.18827 2.42596 2.61036 2.65662 2.9486 2.98338 3.06926 3.08844 3.1103 3.11251 3.14904 3.21573 3.23273 3.26105 
0.599463 1.65682 1.74229 1.8514 2.03376 2.09706 2.18827 2.42596 2.61036 2.65662 2.9486 2.98338 3.06926 3.08844 3.1103 3.11251 3.14904 3.21573 3.23273 3.26105 
0.599463 1.65682 1.74229 1.8514 2.03376 2.09706 2.18827 2.42596 2.61036 2.65662 2.9486 2.98338 3.06926 3.08844 3.1103 3.11251 3.14904 3.21573 3.23273 3.26105 
0.599463 1.65682 1.74229 1.8514 2.03376 2.09706 2.18827 2.42596 2.61036 2.65662 2.9486 2.98338 3.06926 3.08844 3.1103 3.11251 3.14904 3.21573 3.23273 3.26105 
0.599463 1.65682 1.74229 1.8514 2.03376 2.09706 2.18827 2.42596 2.61036 2.65662 2.9486 2.98338 3.06926 3.08844 3.1103 3.11251 3.14904 3.21573 3.23273 3.26105 
0.599463 1.65682 1.74229 1.8514 2.03376 2.09706 2.18827 2.42596 2.61036 2.65662 2.9486 2.98338 3.06926 3.08844 3.1103 3.11251 3.14904 3.21573 3.23273 3.26105 
0.599463 1.65682 1.74229 1.8514 2.03376 2.09706 2.18827 2.42596 2.61036 2.65662 2.9486 2.98338 3.06926 3.08844 3.1103 3.11251 3.14904 3.21019 3.21573 3.23273 
0.599463 1.65682 1.74229 1.8514 2.03376 2.09706 2.18827 2.42596 2.61036 2.65662 2.9486 2.98338 3.06926 3.08844 3.1103 3.11251 3.14904 3.21019 3.21573 3.23273 
0.599463 1.65682 1.74229 1.8514 2.03376 2.09706 2.18827 2.42596 2.61036 2.65662 2.9486 2.98338 3.06926 3.08844 3.1103 3.11251 3.14904 3.21019 3.21573 3.23273 
0.599463 1.65682 1.74229 1.81666 1.8514 2.03376 2.09706 2.18827 2.42596 2.61036 2.65662 2.9486 2.98338 3.06926 3.08844 3.1103 3.11251 3.14904 3.21019 3.21573 
0.599463 1.65682 1.74229 1.81666 1.8514 1.98912 2.03376 2.09706 2.18827 2.34953 2.42596 2.61036 2.65662 2.9486 2.98338 3.06926 3.08844 3.1103 3.11251 3.14904 
0.599463 1.65682 1.74229 1.81666 1.8514 1.98912 2.03376 2.09706 2.18827 2.34953 2.42596 2.61036 2.65662 2.9486 2.98338 3.06926 3.08844 3.1103 3.11251 3.14904 
0.599463 1.65682 1.74229 1.81666 1.8514 1.98912 2.03376 2.09706 2.18827 2.34953 2.42596 2.61036 2.65662 2.9486 2.98338 3.06926 3.08844 3.1103 3.11251 3.14904 
0.599463 1.65682 1.74229 1.81666 1.8514 1.98912 2.03376 2.09706 2.18827 2.34953 2.42596 2.61036 2.65662 2.9486 2.98338 3.06926 3.08844 3.1103 3.11251 3.14904 
0.599463 1.65682 1.74229 1.81666 1.8514 1.98912 2.03376 2.09706 2.18827 2.34953 2.42596 2.61036 2.65662 2.9486 2.98338 3.06926 3.08844 3.1103 3.11251 3.14904 
0.599463 0.933797 1.65682 1.74229 1.81666 1.8514 1.98912 2.03376 2.09706 2.18827 2.34953 2.42596 2.61036 2.65662 2.9486 2.98338 3.06926 3.08844 3.1103 3.11251 
0.599463 0.933797 1.65682 1.74229 1.81666 1.8514 1.98912 2.03376 2.09706 2.18827 2.34953 2.42596 2.61036 2.65662 2.9486 2.98338 3.06926 3.08844 3.1103 3.11251 
0.599463 0.933797 1.65682 1.74229 1.81666 1.8514 1.98912 2.03376 2.09706 2.18827 2.34953 2.42596 2.61036 2.65662 2.9486 2.98338 3.06926 3.08844 3.1103 3.11251 
0.599463 0.933797 1.65682 1.74229 1.81666 1.8514 1.98912 2.03376 2.09706 2.18827 2.34953 2.42596 2.61036 2.65662 2.9486 2.98338 3.06926 3.08844 3.1103 3.11251 
0.599463 0.933797 1.65682 1.74229 1.81666 1.8514 1.98912 2.03376 2.09706 2.18827 2.34953 2.42596 2.61036 2.65662 2.9486 2.98338 3.06926 3.08844 3.1103 3.11251 
0.599463 0.933797 1.65682 1.74229 1.81666 1.8514 1.98912 2.03376 2.09706 2.18827 2.34953 2.42596 2.61036 2.65662 2.9486 2.98338 3.06926 3.08844 3.1103 3.11251 
0.599463 0.933797 1.65682 1.74229 1.81666 1.8514 1.98912 2.03376 2.09706 2.18827 2.34953 2.42596 2.61036 2.65662 2.9486 2.98338 3.06926 3.08844 3.1103 3.11251 
0.599463 0.933797 1.65682 1.74229 1.81666 1.8514 1.98912 2.03376 2.09706 2.18827 2.34953 2.42596 2.61036 2.65662 2.9486 2.98338 3.06926 3.08844 3.1103 3.11251 
0.599463 0.933797 1.65682 1.74229 1.81666 1.8514 1.98912 2.03376 2.09706 2.18827 2.34953 2.42596 2.61036 2.65662 2.9486 2.98338 3.06926 3.08844 3.1103 3.11251 
0.599463 0.933797 1.65682 1.74229 1.81666 1.8514 1.98912 2.03376 2.09706 2.18827 2.34953 2.42596 2.61036 2.65662 2.9486 2.98338 3.06926 3.08844 3.1103 3.11251 
0.599463 0.933797 1.65682 1.74229 1.81666 1.8514 1.98912 2.03376 2.09706 2.18827 2.34953 2.42596 2.61036 2.65662 2.9486 2.98338 3.06926 3.08844 3.1103 3.11251 
0.599463 0.933797 1.65682 1.74229 1.81666 1.8514 1.98912 2.03376 2.09706 2.18827 2.34953 2.42596 2.61036 2.65662 2.9486 2.98338 3.06926 3.08844 3.1103 3.11251 
0.599463 0.933797 1.65682 1.74229 1.81666 1.8514 1.98912 2.03376 2.09706 2.18827 2.34953 2.42596 2.61036 2.65662 2.9486 2.98338 3.06926 3.08844 3.1103 3.11251 
0.599463 0.933797 1.65682 1.74229 1.81666 1.8514 1.98912 2.03376 2.09706 2.18827 2.34953 2.42596 2.61036 2.65662 2.9486 2.98338 3.06926 3.08844 3.1103 3.11251 
0.599463 0.933797 1.65682 1.74229 1.81666 1.8514 1.98912 2.03376 2.09706 2.18827 2.34953 2.42596 2.61036 2.65662 2.9486 2.98338 3.06926 3.08844 3.1103 3.11251 
0.599463 0.933797 1.65682 1.74229 1.81666 1.8514 1.98912 2.03376 2.09706 2.18827 2.34953 2.42596 2.61036 2.65662 2.9486 2.98338 3.06926 3.08844 3.1103 3.11251 
0.599463 0.933797 1.65682 1.74229 1.81666 1.8514 1.98912 2.03376 2.09706 2.18827 2.34953 2.42596 2.61036 2.65662 2.9486 2.98338 3.06926 3.08844 3.1103 3.11251 
0.599463 0.933797 1.65682 1.74229 1.81666 1.8514 1.98912 2.03376 2.09706 2.18827 2.34953 2.42596 2.61036 2.65662 2.9486 2.98338 3.06926 3.08844 3.1103 3.11251 
0.599463 0.933797 1.65682 1.74229 1.81666 1.8514 1.98912 2.03376 2.09706 2.18827 2.34953 2.42596 2.61036 2.65662 2.9486 2.98338 3.06926 3.08844 3.1103 3.11251 
0.599463 0.933797 1.65682 1.74229 1.81666 1.8514 1.98912 2.03376 2.09706 2.18827 2.34953 2.42596 2.61036 2.65662 2.9486 2.98338 3.06926 3.08844 3.1103 3.11251 
0.599463 0.933797 1.65682 1.74229 1.81666 1.8514 1.98912 2.03376 2.09706 2.18827 2.34953 2.42596 2.61036 2.65662 2.9486 2.98338 3.06926 3.08844 3.1103 3.11251 
0.599463 0.933797 1.65682 1.74229 1.81666 1.8514 1.98912 2.03376 2.09706 2.18827 2.34953 2.42596 2.61036 2.65662 2.9486 2.98338 3.06926 3.08844 3.1103 3.11251 
0.599463 0.933797 1.65682 1.74229 1.81666 1.8514 1.98912 2.03376 2.09706 2.18827 2.34953 2.42596 2.61036 2.65662 2.9486 2.98338 3.06926 3.08844 3.1103 3.11251 
0.599463 0.933797 1.65682 1.74229 1.81666 1.8514 1.98912 2.03376 2.09706 2.18827 2.34953 2.42596 2.61036 2.65662 2.9486 2.98338 3.06926 3.08844 3.1103 3.11251 
0.599463 0.933797 1.65682 1.74229 1.81666 1.8514 1.98912 2.03376 2.09706 2.18827 2.34953 2.42596 2.61036 2.65662 2.9486 2.98338 3.06926 3.08844 3.1103 3.11251 
0.599463 0.933797 1.65682 1.74229 1.81666 1.8514 1.98912 2.03376 2.09706 2.18827 2.34953 2.42596 2.61036 2.65662 2.9486 2.98338 3.06926 3.08844 3.1103 3.11251 
0.599463 0.933797 1.65682 1.74229 1.81666 1.8514 1.98912 2.03376 2.09706 2.18827 2.34953 2.42596 2.61036 2.65662 2.9486 2.98338 3.06926 3.08844 3.1103 3.11251 
0.599463 0.933797 1.65682 1.74229 1.81666 1.8514 1.98912 2.03376 2.09706 2.18827 2.34953 2.42596 2.61036 2.65662 2.9486 2.98338 3.06926 3.08844 3.1103 3.11251 
0.599463 0.933797 1.65682 1.74229 1.81666 1.8514 1.98912 2.03376 2.09706 2.18827 2.34953 2.42596 2.61036 2.65662 2.9486 2.98338 3.06926 3.08844 3.1103 3.11251 
0.599463 0.933797 1.65682 1.74229 1.81666 1.8514 1.98912 2.03376 2.09706 2.18827 2.34953 2.42596 2.61036 2.65662 2.9486 2.98338 3.06926 3.08844 3.1103 3.11251 
0.599463 0.933797 1.65682 1.74229 1.81666 1.8514 1.98912 2.03376 2.09706 2.18827 2.34953 2.42596 2.61036 2.65662 2.9486 2.98338 3.06926 3.08844 3.1103 3.11251 
0.599463 0.933797 1.65682 1.74229 1.81666 1.8514 1.98912 2.03376 2.09706 2.18827 2.34953 2.42596 2.61036 2.65662 2.9486 2.98338 3.06926 3.08844 3.1103 3.11251 
0.599463 0.933797 1.65682 1.74229 1.81666 1.8514 1.98912 2.03376 2.09706 2.18827 2.34953 2.42596 2.61036 2.65662 2.9486 2.98338 3.06926 3.08844 3.1103 3.11251 
0.599463 0.933797 1.65682 1.74229 1.81666 1.8514 1.98912 2.03376 2.09706 2.18827 2.34953 2.42596 2.61036 2.65662 2.9486 2.98338 3.06926 3.08844 3.1103 3.11251 
0.599463 0.933797 1.65682 1.74229 1.81666 1.8514 1.98912 2.03376 2.09706 2.18827 2.34953 2.42596 2.61036 2.65662 2.9486 2.98338 3.06926 3.08844 3.1103 3.11251 
0.599463 0.933797 1.65682 1.74229 1.81666 1.8514 1.98912 2.03376 2.09706 2.18827 2.34953 2.42596 2.61036 2.65662 2.9486 2.98338 3.06926 3.08844 3.1103 3.11251 
0.599463 0.933797 1.65682 1.74229 1.81666 1.8514 1.98912 2.03376 2.09706 2.18827 2.34953 2.42596 2.61036 2.65662 2.9486 2.98338 3.06926 3.08844 3.1103 3.11251 
0.599463 0.933797 1.65682 1.74229 1.81666 1.8514 1.98912 2.03376 2.09706 2.18827 2.34953 2.42596 2.61036 2.65662 2.9486 2.98338 3.06926 3.08844 3.1103 3.11251 
0.599463 0.933797 1.65682 1.74229 1.81666 1.8514 1.98912 2.03376 2.09706 2.18827 2.34953 2.42596 2.61036 2.65662 2.9486 2.98338 3.06926 3.08844 3.1103 3.11251 
