2.80144 2.9008 4.01827 4.20681 4.47593 4.5464 6.47522 6.84742 7.10907 7.16327 7.61114 7.70924 9.29641 9.39599 9.47639 9.61667 9.88472 10.0553 10.8991 11.5739 
2.19202 2.80144 2.9008 3.28461 3.35107 4.01827 4.16516 4.20681 4.47593 4.5464 6.33046 6.37866 6.47522 6.77409 6.84742 6.97789 7.10907 7.16327 7.61114 7.70924 
2.19202 2.80144 2.85691 2.9008 3.28461 3.35107 4.01827 4.16516 4.20681 4.36819 4.47593 4.5464 4.59294 5.91677 6.33046 6.33879 6.37866 6.47522 6.77409 6.84742 
0.344704 0.675291 2.19202 2.61135 2.80144 2.85691 2.9008 2.95101 3.28461 3.33174 3.35107 3.6364 4.01827 4.16516 4.20681 4.36819 4.44466 4.47593 4.5464 4.59294 
0.344704 0.675291 2.19202 2.61049 2.61135 2.80144 2.85691 2.89941 2.9008 2.95101 3.28461 3.33174 3.35107 3.6364 3.77572 4.01827 4.16516 4.20681 4.36819 4.40446 
0.344704 0.675291 2.19202 2.61049 2.61135 2.80144 2.85691 2.89941 2.9008 2.95101 3.28461 3.33174 3.35107 3.6364 3.77572 3.79718 4.01827 4.16516 4.20681 4.36819 
0.344704 0.675291 2.19202 2.61049 2.61135 2.80144 2.85691 2.89941 2.9008 2.95101 3.28461 3.33174 3.35107 3.6364 3.77572 3.79718 4.01827 4.16516 4.20681 4.36819 
0.344704 0.675291 1.73203 2.19202 2.61049 2.61135 2.80144 2.85691 2.89941 2.9008 2.95101 3.28461 3.33174 3.35107 3.6364 3.77572 3.79718 4.01827 4.16516 4.20681 
0.344704 0.675291 1.73203 2.19202 2.61049 2.61135 2.80144 2.85691 2.89941 2.9008 2.95101 3.28461 3.33174 3.35107 3.63117 3.6364 3.77572 3.79718 3.81122 4.01827 
0.344704 0.675291 1.73203 2.19202 2.61049 2.61135 2.80144 2.85691 2.89941 2.9008 2.95101 3.28461 3.33174 3.35107 3.63117 3.6364 3.77572 3.79718 3.81122 4.01827 
0.344704 0.675291 1.73203 1.77595 2.19202 2.61049 2.61135 2.80144 2.85691 2.89941 2.9008 2.95101 2.98523 3.28461 3.33174 3.35107 3.63117 3.6364 3.77572 3.79718 
0.344704 0.675291 1.73203 1.77595 2.19202 2.61049 2.61135 2.80144 2.85691 2.89941 2.9008 2.95101 2.98523 3.08658 3.10127 3.28461 3.33174 3.35107 3.63117 3.6364 
0.344704 0.675291 1.73203 1.77595 2.19202 2.61049 2.61135 2.70627 2.80144 2.85691 2.89941 2.9008 2.95101 2.98523 3.08658 3.10127 3.28461 3.33174 3.35107 3.48135 
0.344704 0.675291 1.73203 1.77595 2.19202 2.61049 2.61135 2.70627 2.80144 2.85691 2.89941 2.9008 2.95101 2.98523 3.08658 3.10127 3.28461 3.33174 3.35107 3.48135 
0.344704 0.675291 1.73203 1.77595 2.19202 2.61049 2.61135 2.70627 2.80144 2.85691 2.89941 2.9008 2.95101 2.98523 3.08658 3.10127 3.11172 3.28461 3.33174 3.35107 
0.344704 0.675291 1.73203 1.77595 2.19202 2.61049 2.61135 2.70627 2.76785 2.80144 2.85691 2.89941 2.9008 2.95101 2.98523 3.08658 3.10127 3.11172 3.28461 3.33174 
0.344704 0.675291 1.73203 1.77595 2.19202 2.60525 2.61049 2.61135 2.70627 2.76785 2.80144 2.85691 2.89941 2.9008 2.95101 2.98523 3.08658 3.10127 3.11172 3.28461 
0.344704 0.675291 1.73203 1.77595 2.19202 2.60525 2.61049 2.61135 2.63007 2.70627 2.76785 2.80144 2.85365 2.85691 2.89941 2.9008 2.95101 2.98523 3.08658 3.10127 
0.344704 0.675291 1.73203 1.77595 2.19202 2.60525 2.61049 2.61135 2.63007 2.70627 2.76785 2.80144 2.85365 2.85691 2.89941 2.9008 2.95101 2.98523 3.08658 3.10127 
0.344704 0.675291 1.73203 1.77595 2.19202 2.60525 2.61049 2.61135 2.63007 2.66801 2.70627 2.76785 2.80144 2.85365 2.85691 2.89941 2.9008 2.95101 2.98523 3.08658 
0.344704 0.675291 1.73203 1.77595 2.19202 2.60525 2.61049 2.61135 2.63007 2.66801 2.70627 2.76785 2.77434 2.80144 2.85365 2.85691 2.89941 2.9008 2.95101 2.98523 
0.344704 0.675291 0.866563 1.73203 1.77595 2.19202 2.60525 2.61049 2.61135 2.63007 2.66801 2.70627 2.76785 2.77434 2.80144 2.85365 2.85691 2.89941 2.9008 2.95101 
0.344704 0.675291 0.866563 1.73203 1.77595 2.19202 2.60525 2.61049 2.61135 2.63007 2.66801 2.70627 2.76785 2.77434 2.80144 2.85365 2.85691 2.89941 2.9008 2.95101 
0.344704 0.675291 0.866563 1.73203 1.77595 2.19202 2.60525 2.61049 2.61135 2.63007 2.66801 2.70627 2.76785 2.77434 2.80144 2.85365 2.85691 2.89941 2.9008 2.95101 
0.344704 0.675291 0.866563 1.73203 1.77595 2.19202 2.60525 2.61049 2.61135 2.63007 2.66801 2.70627 2.76785 2.77434 2.80144 2.85365 2.85691 2.89941 2.9008 2.95101 
0.344704 0.675291 0.866563 1.73203 1.77595 2.19202 2.60525 2.61049 2.61135 2.63007 2.66801 2.70627 2.76785 2.77434 2.80144 2.85365 2.85691 2.89941 2.9008 2.95101 
0.344704 0.675291 0.866563 1.73203 1.77595 2.19202 2.60525 2.61049 2.61135 2.63007 2.66801 2.70627 2.76785 2.77434 2.80144 2.85365 2.85691 2.89941 2.9008 2.95101 
0.344704 0.675291 0.866563 1.73203 1.77595 2.19202 2.60525 2.61049 2.61135 2.63007 2.66801 2.70627 2.76785 2.77434 2.80144 2.85365 2.85691 2.89941 2.9008 2.95101 
0.344704 0.675291 0.866563 1.73203 1.77595 2.19202 2.60525 2.61049 2.61135 2.63007 2.66801 2.70627 2.76785 2.77434 2.80144 2.85365 2.85691 2.89941 2.9008 2.95101 
0.344704 0.675291 0.866563 1.73203 1.77595 2.19202 2.60525 2.61049 2.61135 2.63007 2.66801 2.70627 2.76785 2.77434 2.80144 2.85365 2.85691 2.87562 2.89941 2.9008 
0.344704 0.675291 0.866563 1.73203 1.77595 2.19202 2.60525 2.61049 2.61135 2.63007 2.66801 2.70627 2.76785 2.77434 2.80144 2.85365 2.85618 2.85691 2.87562 2.89941 
0.344704 0.675291 0.866563 1.73203 1.77595 2.19202 2.60525 2.61049 2.61135 2.63007 2.66801 2.70627 2.76785 2.77434 2.80144 2.85365 2.85618 2.85691 2.87562 2.89941 
0.344704 0.675291 0.866563 1.73203 1.77595 2.19202 2.60525 2.61049 2.61135 2.63007 2.66801 2.70627 2.76785 2.77434 2.80144 2.85365 2.85618 2.85691 2.87562 2.89941 
0.344704 0.675291 0.866563 1.73203 1.77595 2.19202 2.60525 2.61049 2.61135 2.63007 2.66801 2.70627 2.76785 2.77434 2.80144 2.85365 2.85618 2.85691 2.87562 2.89941 
0.344704 0.675291 0.866563 1.73203 1.77595 2.19202 2.60525 2.61049 2.61135 2.63007 2.66801 2.70627 2.76785 2.77434 2.80144 2.85365 2.85618 2.85691 2.87562 2.89941 
0.344704 0.675291 0.866563 1.73203 1.77595 2.19202 2.60525 2.61049 2.61135 2.63007 2.66801 2.70627 2.76785 2.77434 2.80144 2.85365 2.85618 2.85691 2.87562 2.89941 
0.344704 0.675291 0.866563 1.73203 1.77595 2.19202 2.60525 2.61049 2.61135 2.63007 2.66801 2.70627 2.76785 2.77434 2.80144 2.85365 2.85618 2.85691 2.87562 2.89941 
0.344704 0.675291 0.866563 1.73203 1.77595 2.19202 2.60525 2.61049 2.61135 2.63007 2.66801 2.70627 2.76785 2.77434 2.80144 2.85365 2.85618 2.85691 2.87562 2.89941 
0.344704 0.675291 0.866563 1.73203 1.77595 2.19202 2.60525 2.61049 2.61135 2.63007 2.66801 2.70627 2.76785 2.77434 2.80144 2.85365 2.85618 2.85691 2.87562 2.89941 
0.344704 0.675291 0.866563 1.73203 1.77595 2.19202 2.60525 2.61049 2.61135 2.63007 2.66801 2.70627 2.76785 2.77434 2.80144 2.85365 2.85618 2.85691 2.87562 2.89941 
0.344704 0.675291 0.866563 1.73203 1.77595 2.19202 2.60525 2.61049 2.61135 2.63007 2.66801 2.70627 2.76785 2.77434 2.80144 2.85365 2.85618 2.85691 2.87562 2.89941 
0.344704 0.675291 0.866563 1.73203 1.77595 2.19202 2.60525 2.61049 2.61135 2.63007 2.66801 2.70627 2.76785 2.77434 2.80144 2.85365 2.85618 2.85691 2.87562 2.89941 
0.344704 0.675291 0.866563 1.73203 1.77595 2.19202 2.60525 2.61049 2.61135 2.63007 2.66801 2.70627 2.76785 2.77434 2.80144 2.85365 2.85618 2.85691 2.87562 2.89941 
0.344704 0.675291 0.866563 1.73203 1.77595 2.19202 2.60525 2.61049 2.61135 2.63007 2.66801 2.70627 2.76785 2.77434 2.80144 2.85365 2.85618 2.85691 2.87562 2.89941 
0.344704 0.675291 0.866563 1.73203 1.77595 2.19202 2.60525 2.61049 2.61135 2.61933 2.63007 2.66801 2.70627 2.76785 2.77434 2.80144 2.85365 2.85618 2.85691 2.87562 
0.344704 0.675291 0.866563 1.73203 1.77595 2.19202 2.46799 2.60525 2.61049 2.61135 2.61933 2.63007 2.66801 2.70627 2.76785 2.77434 2.80144 2.85365 2.85618 2.85691 
0.344704 0.675291 0.866563 1.73203 1.77595 2.19202 2.46799 2.60525 2.61049 2.61135 2.61933 2.63007 2.66801 2.70627 2.76785 2.77434 2.80144 2.85365 2.85618 2.85691 
0.344704 0.675291 0.866563 1.73203 1.77595 2.19202 2.46799 2.60525 2.60851 2.61049 2.61135 2.61933 2.63007 2.66801 2.70627 2.76785 2.77434 2.80144 2.85365 2.85618 
0.344704 0.675291 0.866563 1.73203 1.74108 1.77595 2.19202 2.46799 2.60525 2.60851 2.61049 2.61135 2.61933 2.63007 2.66801 2.70627 2.76785 2.77434 2.80144 2.85365 
0.0732942 0.344704 0.675291 0.866563 1.73203 1.74108 1.77595 2.19202 2.46799 2.60525 2.60851 2.61049 2.61135 2.61933 2.63007 2.66801 2.70627 2.76785 2.77434 2.80144 
0.0732942 0.344704 0.675291 0.866563 1.09158 1.73203 1.74108 1.77595 2.19202 2.46799 2.60525 2.60851 2.61049 2.61135 2.61933 2.63007 2.66801 2.70627 2.76785 2.77434 
0.0732942 0.344704 0.675291 0.866563 1.09158 1.73203 1.74108 1.77595 2.19202 2.46799 2.60525 2.60851 2.61049 2.61135 2.61933 2.63007 2.66801 2.70627 2.76785 2.77434 
0.0732942 0.344704 0.675291 0.866563 1.09158 1.73203 1.74108 1.77595 2.19202 2.46799 2.60525 2.60851 2.61049 2.61135 2.61933 2.63007 2.66801 2.70627 2.76785 2.77434 
0.0732942 0.344704 0.675291 0.866563 1.09158 1.73203 1.74108 1.77595 2.19202 2.46799 2.60525 2.60851 2.61049 2.61135 2.61933 2.63007 2.66801 2.70627 2.76785 2.77434 
0.0732942 0.344704 0.675291 0.866563 1.09158 1.73203 1.74108 1.77595 2.19202 2.46799 2.60525 2.60851 2.61049 2.61135 2.61933 2.63007 2.66801 2.70627 2.76785 2.77434 
0.0732942 0.344704 0.675291 0.866563 1.09158 1.73203 1.74108 1.77595 2.19202 2.46799 2.60525 2.60851 2.61049 2.61135 2.61933 2.63007 2.66801 2.70627 2.76785 2.77434 
0.0732942 0.344704 0.675291 0.866563 1.09158 1.73203 1.74108 1.77595 2.19202 2.46799 2.60525 2.60851 2.61049 2.61135 2.61933 2.63007 2.66801 2.70627 2.76785 2.77434 
0.0732942 0.344704 0.675291 0.866563 1.09158 1.73203 1.74108 1.77595 2.19202 2.46799 2.60525 2.60851 2.61049 2.61135 2.61933 2.63007 2.66801 2.70627 2.76785 2.77434 
0.0732942 0.344704 0.675291 0.866563 1.09158 1.73203 1.74108 1.77595 2.19202 2.46799 2.60525 2.60851 2.61049 2.61135 2.61933 2.63007 2.66801 2.70627 2.76785 2.77434 
0.0732942 0.344704 0.675291 0.866563 1.09158 1.73203 1.74108 1.77595 2.19202 2.46799 2.60525 2.60851 2.61049 2.61135 2.61933 2.63007 2.66801 2.70627 2.76785 2.77434 
0.0732942 0.344704 0.675291 0.866563 1.09158 1.73203 1.74108 1.77595 2.19202 2.46799 2.60525 2.60851 2.61049 2.61135 2.61933 2.63007 2.66801 2.70627 2.76785 2.77434 
0.0732942 0.344704 0.675291 0.866563 1.09158 1.73203 1.74108 1.77595 2.19202 2.46799 2.60525 2.60851 2.61049 2.61135 2.61933 2.63007 2.66801 2.70627 2.76785 2.77434 
0.0732942 0.344704 0.675291 0.866563 1.09158 1.73203 1.74108 1.77595 2.19202 2.46799 2.60525 2.60851 2.61049 2.61135 2.61933 2.63007 2.64656 2.66801 2.70627 2.76785 
0.0732942 0.344704 0.675291 0.866563 1.09158 1.73203 1.74108 1.77595 2.19202 2.46799 2.60525 2.60851 2.61049 2.61135 2.61933 2.63007 2.64656 2.66801 2.70627 2.76785 
0.0732942 0.344704 0.675291 0.866563 1.09158 1.73203 1.74108 1.77595 2.19202 2.46799 2.60525 2.60851 2.61049 2.61135 2.61933 2.63007 2.64656 2.66801 2.70627 2.76785 
0.0732942 0.344704 0.675291 0.866563 1.09158 1.73203 1.74108 1.77595 2.19202 2.46799 2.60525 2.60851 2.61049 2.61135 2.61933 2.63007 2.64656 2.66801 2.70627 2.76785 
0.0732942 0.344704 0.675291 0.866563 1.09158 1.73203 1.74108 1.77595 2.19202 2.46799 2.60525 2.60851 2.61049 2.61135 2.61933 2.63007 2.64656 2.66801 2.70627 2.76785 
0.0732942 0.344704 0.675291 0.866563 1.09158 1.73203 1.74108 1.77595 2.19202 2.46799 2.60525 2.60851 2.61049 2.61135 2.61933 2.63007 2.64656 2.66801 2.70627 2.76785 
0.0732942 0.344704 0.675291 0.866563 1.09158 1.27291 1.73203 1.73496 1.74108 1.77595 2.19202 2.46799 2.60525 2.60851 2.61049 2.61135 2.61933 2.63007 2.64656 2.66801 
0.0732942 0.344704 0.675291 0.866563 1.09158 1.27291 1.73203 1.73496 1.74108 1.77595 2.19202 2.46799 2.60525 2.60851 2.61049 2.61135 2.61933 2.63007 2.64656 2.66801 
0.0732942 0.344704 0.675291 0.866563 1.09158 1.27291 1.73203 1.73496 1.74108 1.77595 2.19202 2.46799 2.60525 2.60851 2.61049 2.61135 2.61933 2.63007 2.64656 2.66801 
0.0732942 0.344704 0.675291 0.866563 1.09158 1.27291 1.73203 1.73496 1.74108 1.77595 2.19202 2.46799 2.60525 2.60851 2.61049 2.61135 2.61933 2.63007 2.64656 2.66801 
0.0732942 0.344704 0.675291 0.866563 1.09158 1.27291 1.73203 1.73496 1.74108 1.77595 2.19202 2.46799 2.60525 2.60851 2.61049 2.61135 2.61933 2.63007 2.64656 2.66801 
0.0732942 0.344704 0.675291 0.866563 1.09158 1.27291 1.73203 1.73496 1.74108 1.77595 2.19202 2.46799 2.60525 2.60851 2.61049 2.61135 2.61933 2.63007 2.64656 2.66801 
0.0732942 0.344704 0.675291 0.866563 1.09158 1.27291 1.73203 1.73496 1.74108 1.77595 2.19202 2.46799 2.60525 2.60851 2.61049 2.61135 2.61933 2.63007 2.64656 2.66801 
0.0732942 0.302868 0.344704 0.675291 0.866563 1.09158 1.27291 1.73203 1.73496 1.74108 1.77595 2.19202 2.46799 2.60525 2.60851 2.61049 2.61135 2.61933 2.63007 2.64656 
0.0732942 0.302868 0.344704 0.675291 0.866563 1.09158 1.27291 1.73203 1.73496 1.74108 1.77595 2.19202 2.46799 2.60525 2.60851 2.61049 2.61135 2.61933 2.63007 2.64656 
0.0732942 0.302868 0.344704 0.675291 0.866563 1.09158 1.27291 1.73203 1.73496 1.74108 1.77595 2.19202 2.46799 2.60525 2.60851 2.61049 2.61135 2.61933 2.63007 2.64656 
0.0732942 0.302868 0.344704 0.675291 0.866563 1.09158 1.27291 1.73203 1.73496 1.74108 1.77595 2.19202 2.29906 2.46799 2.60525 2.60851 2.61049 2.61135 2.61933 2.63007 
0.0732942 0.302868 0.344704 0.675291 0.866563 1.09158 1.27291 1.73203 1.73496 1.74108 1.77595 2.19202 2.29906 2.46799 2.60525 2.60851 2.61049 2.61135 2.61933 2.63007 
0.0732942 0.302868 0.344704 0.675291 0.866563 1.09158 1.27291 1.43795 1.73203 1.73496 1.74108 1.77595 2.19202 2.29906 2.46799 2.60525 2.60851 2.61049 2.61135 2.61933 
0.0732942 0.302868 0.344704 0.675291 0.866563 1.09158 1.27291 1.43795 1.73203 1.73496 1.74108 1.77595 2.19202 2.29906 2.46799 2.60525 2.60851 2.61049 2.61135 2.61933 
0.0732942 0.302868 0.344704 0.675291 0.866563 1.09158 1.27291 1.43795 1.73203 1.73496 1.74108 1.77595 2.19202 2.29906 2.46799 2.60525 2.60851 2.61049 2.61135 2.61933 
0.0732942 0.302868 0.344704 0.675291 0.866563 1.09158 1.27291 1.43795 1.73203 1.73496 1.74108 1.77595 2.19202 2.29906 2.46799 2.60525 2.60851 2.61049 2.61135 2.61933 
0.0732942 0.302868 0.344704 0.675291 0.866563 1.09158 1.27291 1.43795 1.73203 1.73496 1.74108 1.77595 2.19202 2.29906 2.46799 2.60525 2.60851 2.61049 2.61135 2.61933 
0.0732942 0.302868 0.344704 0.675291 0.866563 1.09158 1.27291 1.43795 1.73203 1.73496 1.74108 1.77595 2.19202 2.29906 2.46799 2.60525 2.60851 2.61049 2.61135 2.61933 
0.0732942 0.302868 0.344704 0.675291 0.866563 1.09158 1.27291 1.43795 1.73203 1.73496 1.74108 1.77595 2.19202 2.29906 2.46799 2.60525 2.60851 2.61049 2.61135 2.61933 
0.0732942 0.302868 0.344704 0.675291 0.866563 1.09158 1.27291 1.43795 1.73203 1.73496 1.74108 1.77595 2.19202 2.29906 2.46799 2.60525 2.60851 2.61049 2.61135 2.61933 
0.0732942 0.302868 0.344704 0.675291 0.866563 1.09158 1.27291 1.43795 1.73203 1.73496 1.74108 1.77595 2.19202 2.29906 2.46799 2.60525 2.60851 2.61049 2.61135 2.61933 
0.0732942 0.302868 0.344704 0.675291 0.866563 1.09158 1.27291 1.43795 1.73203 1.73496 1.74108 1.77595 2.19202 2.29906 2.46799 2.60525 2.60851 2.61049 2.61135 2.61933 
0.0732942 0.302868 0.344704 0.675291 0.866563 1.09158 1.27291 1.43795 1.73203 1.73496 1.74108 1.77595 2.19202 2.29906 2.46799 2.60525 2.60851 2.61049 2.61135 2.61933 
0.0732942 0.302868 0.344704 0.675291 0.866563 1.09158 1.27291 1.43795 1.73203 1.73496 1.74108 1.77595 2.19202 2.29906 2.46799 2.60525 2.60851 2.61049 2.61135 2.61933 
0.0732942 0.302868 0.344704 0.675291 0.866563 1.09158 1.27291 1.43795 1.73203 1.73496 1.74108 1.77595 2.19202 2.29906 2.46799 2.60525 2.60851 2.61049 2.61135 2.61933 
0.0732942 0.302868 0.344704 0.675291 0.866563 1.09158 1.27291 1.43795 1.73203 1.73496 1.74108 1.77595 2.19202 2.29906 2.46799 2.60525 2.60851 2.61049 2.61135 2.61933 
0.0732942 0.302868 0.344704 0.675291 0.866563 1.09158 1.27291 1.43795 1.73203 1.73496 1.74108 1.77595 2.19202 2.29906 2.46799 2.60525 2.60851 2.61049 2.61135 2.61933 
0.0732942 0.302868 0.344704 0.675291 0.866563 1.09158 1.27291 1.43795 1.73203 1.73496 1.74108 1.77595 2.19202 2.29906 2.46799 2.60525 2.60851 2.61049 2.61135 2.61933 
0.0732942 0.302868 0.344704 0.675291 0.866563 1.09158 1.27291 1.43795 1.73203 1.73496 1.74108 1.77595 2.19202 2.29906 2.46799 2.60525 2.60851 2.61049 2.61135 2.61933 
0.0732942 0.302868 0.344704 0.675291 0.866563 1.09158 1.27291 1.43795 1.73203 1.73496 1.74108 1.77595 2.17659 2.19202 2.29906 2.46799 2.60525 2.60851 2.61049 2.61135 
0.0732942 0.302868 0.344704 0.675291 0.866563 1.09158 1.27291 1.43795 1.73203 1.73496 1.74108 1.77595 2.17659 2.19202 2.29906 2.46799 2.60525 2.60851 2.61049 2.61135 
0.0732942 0.302868 0.344704 0.675291 0.866563 1.09158 1.27291 1.43795 1.73203 1.73496 1.74108 1.77595 2.17659 2.19202 2.29906 2.46799 2.60525 2.60851 2.61049 2.61135 
