3.50073 3.86314 5.35626 5.52755 6.6156 7.83468 7.90473 8.00133 8.48102 8.62508 8.67212 8.79474 8.85167 8.90169 9.06042 9.30202 9.50464 9.55313 9.64208 10.0666 
3.50073 3.86314 4.4184 5.35626 5.52755 5.55238 5.72026 6.6156 7.28923 7.83468 7.90473 8.00133 8.04168 8.41529 8.48102 8.62508 8.67212 8.79474 8.85167 8.90169 
3.50073 3.86314 4.4184 4.52246 5.35311 5.35626 5.52755 5.55238 5.6618 5.72026 6.6156 7.28923 7.83468 7.90473 8.00133 8.04168 8.17368 8.41529 8.46639 8.48102 
3.50073 3.86314 4.4184 4.52246 4.60103 4.88732 5.35311 5.35626 5.52755 5.55238 5.6618 5.72026 6.18557 6.27969 6.6156 7.2486 7.28923 7.83468 7.90473 8.00133 
3.18262 3.50073 3.73111 3.86314 4.4184 4.52246 4.60103 4.88732 5.21796 5.35311 5.35626 5.52755 5.55238 5.6618 5.72026 6.18557 6.27969 6.6156 7.2486 7.28923 
3.18262 3.50073 3.65206 3.73111 3.86314 4.4184 4.52246 4.60103 4.88732 5.21796 5.35311 5.35626 5.52755 5.55238 5.6618 5.72026 6.08925 6.18557 6.27969 6.6156 
3.18262 3.50073 3.65206 3.73111 3.86314 4.4184 4.52246 4.60103 4.88732 5.21796 5.35311 5.35626 5.52755 5.55238 5.6618 5.72026 6.08925 6.18557 6.24292 6.27969 
3.18262 3.50073 3.65206 3.73111 3.86314 3.97698 4.4184 4.52246 4.60103 4.88732 5.21796 5.35311 5.35626 5.52755 5.55238 5.6618 5.72026 6.08925 6.18557 6.2167 
3.18262 3.50073 3.65206 3.73111 3.81652 3.86314 3.97698 4.4184 4.52246 4.60103 4.88732 5.21796 5.35311 5.35626 5.41115 5.52755 5.55238 5.6618 5.72026 6.08925 
3.18262 3.50073 3.65206 3.73111 3.81652 3.86314 3.97698 4.4184 4.44733 4.49469 4.52246 4.52951 4.60103 4.88732 5.21796 5.3364 5.35311 5.35626 5.41115 5.52755 
3.18262 3.50073 3.65206 3.73111 3.81652 3.86314 3.97698 4.4184 4.44733 4.49469 4.52246 4.52951 4.60103 4.81628 4.88732 5.21796 5.3364 5.35311 5.35626 5.41115 
3.18262 3.50073 3.65206 3.73111 3.81652 3.86314 3.97698 4.4184 4.44733 4.49469 4.52246 4.52951 4.60103 4.81628 4.88732 5.21796 5.3364 5.35311 5.35626 5.41115 
3.18262 3.50073 3.65206 3.73111 3.81652 3.86314 3.97698 4.4184 4.44733 4.49469 4.52246 4.52951 4.60103 4.63523 4.81628 4.88732 5.21796 5.3364 5.35311 5.35626 
3.18262 3.50073 3.65206 3.73111 3.81652 3.86314 3.97698 4.30041 4.33127 4.4184 4.43686 4.44733 4.49469 4.52246 4.52951 4.60103 4.63523 4.81628 4.88732 5.21796 
3.18262 3.50073 3.65206 3.73111 3.81652 3.86314 3.97698 4.30041 4.33127 4.4184 4.43686 4.44733 4.49469 4.52246 4.52951 4.60103 4.63523 4.81628 4.88732 5.21796 
3.18262 3.50073 3.65206 3.73111 3.81652 3.86314 3.97698 4.30041 4.33127 4.4184 4.43387 4.43686 4.44733 4.49469 4.52246 4.52951 4.60103 4.63523 4.81628 4.88732 
3.16045 3.18262 3.50073 3.50474 3.65206 3.73111 3.81652 3.86314 3.97698 4.30041 4.33127 4.4184 4.43387 4.43686 4.44733 4.49469 4.52246 4.52951 4.54684 4.60103 
3.13056 3.16045 3.18262 3.50073 3.50474 3.65206 3.73111 3.81652 3.86314 3.97698 4.30041 4.33127 4.4184 4.43387 4.43686 4.44733 4.49469 4.52246 4.52951 4.54684 
3.13056 3.16045 3.18262 3.20161 3.50073 3.50474 3.65206 3.73111 3.81652 3.86314 3.97698 4.30041 4.33127 4.4184 4.43387 4.43686 4.44733 4.49469 4.52246 4.52951 
3.13056 3.16045 3.18262 3.20161 3.21141 3.50073 3.50474 3.65206 3.73111 3.81652 3.86314 3.97698 4.12454 4.30041 4.33127 4.4184 4.43387 4.43686 4.44733 4.49469 
3.13056 3.16045 3.18262 3.20161 3.21141 3.50073 3.50474 3.65206 3.73111 3.81652 3.86314 3.97698 4.12454 4.18984 4.30041 4.33127 4.4184 4.43387 4.43686 4.44733 
2.15835 3.13056 3.16045 3.18262 3.20161 3.21141 3.50073 3.50474 3.65206 3.73111 3.81652 3.86314 3.97698 4.12454 4.18984 4.30041 4.33127 4.4184 4.43387 4.43686 
0.444395 2.15835 3.13056 3.16045 3.18262 3.20161 3.21141 3.50073 3.50474 3.65206 3.73111 3.81652 3.86314 3.97698 4.12454 4.18984 4.30041 4.33127 4.4184 4.43387 
0.444395 2.15835 3.13056 3.16045 3.18262 3.20161 3.21141 3.50073 3.50474 3.65206 3.73111 3.81652 3.86314 3.97698 4.12454 4.18984 4.30041 4.33127 4.4184 4.43387 
0.444395 2.15835 3.13056 3.16045 3.18262 3.20161 3.21141 3.50073 3.50474 3.65206 3.73111 3.81652 3.86314 3.97698 4.12454 4.18984 4.30041 4.33127 4.4184 4.43387 
0.444395 2.15835 3.13056 3.16045 3.18262 3.20161 3.21141 3.41804 3.50073 3.50474 3.65206 3.73111 3.81652 3.86314 3.97698 4.12454 4.18984 4.30041 4.33127 4.4184 
0.444395 2.15835 3.13056 3.16045 3.18262 3.20161 3.21141 3.41804 3.50073 3.50474 3.65206 3.73091 3.73111 3.81652 3.86314 3.97698 4.12454 4.18984 4.21454 4.30041 
0.444395 2.15835 3.13056 3.16045 3.18262 3.20161 3.21141 3.41804 3.50073 3.50474 3.65206 3.73091 3.73111 3.81652 3.86314 3.96797 3.97698 4.12454 4.18984 4.21454 
0.444395 2.15835 2.55661 3.13056 3.16045 3.18262 3.20161 3.21141 3.37837 3.41804 3.50073 3.50474 3.65206 3.73091 3.73111 3.76203 3.81652 3.86314 3.96797 3.97698 
0.444395 2.15835 2.55661 3.13056 3.16045 3.18262 3.20161 3.21141 3.37837 3.41804 3.50073 3.50474 3.65206 3.73091 3.73111 3.76203 3.81652 3.86314 3.96797 3.97698 
0.444395 1.63688 2.15835 2.55661 3.13056 3.16045 3.18262 3.20161 3.21141 3.37837 3.41804 3.50073 3.50474 3.65206 3.73091 3.73111 3.76203 3.81652 3.86314 3.96797 
0.444395 1.63688 2.15835 2.55661 3.13056 3.16045 3.18262 3.20161 3.21141 3.37837 3.41804 3.50073 3.50474 3.65206 3.73091 3.73111 3.76203 3.81652 3.86314 3.96797 
0.444395 1.63688 2.15835 2.55661 3.13056 3.16045 3.18262 3.20161 3.21141 3.37837 3.41804 3.50073 3.50474 3.65206 3.73091 3.73111 3.76203 3.81652 3.86314 3.96797 
0.444395 1.63688 2.15835 2.55661 3.01538 3.13056 3.16045 3.18262 3.20161 3.21141 3.37837 3.41804 3.50073 3.50474 3.65206 3.73091 3.73111 3.76203 3.81652 3.86314 
0.444395 1.63688 2.15835 2.55661 3.01538 3.13056 3.16045 3.18262 3.20161 3.21141 3.37837 3.41804 3.50073 3.50474 3.65206 3.73091 3.73111 3.76203 3.81652 3.86314 
0.444395 1.63688 2.15835 2.55661 3.01538 3.13056 3.16045 3.18262 3.20161 3.21141 3.37837 3.41804 3.50073 3.50474 3.65206 3.73091 3.73111 3.76203 3.81652 3.86314 
0.444395 1.63688 2.15835 2.55661 3.01538 3.13056 3.16045 3.18262 3.20161 3.21141 3.37837 3.41804 3.50073 3.50474 3.65206 3.73091 3.73111 3.76203 3.81652 3.86314 
0.444395 1.63688 2.15835 2.55661 3.01538 3.13056 3.16045 3.18262 3.20161 3.21141 3.37837 3.41804 3.50073 3.50474 3.65206 3.73091 3.73111 3.76203 3.81652 3.86314 
0.444395 1.63688 2.15835 2.55661 3.01538 3.13056 3.16045 3.18262 3.20161 3.21141 3.37837 3.41804 3.50073 3.50474 3.65206 3.73091 3.73111 3.76203 3.81652 3.86314 
0.444395 1.63688 2.15835 2.55661 3.01538 3.13056 3.16045 3.18262 3.20161 3.21141 3.37837 3.41804 3.50073 3.50474 3.65206 3.73091 3.73111 3.76203 3.81652 3.86314 
0.444395 1.63688 2.15835 2.55661 3.01538 3.13056 3.16045 3.18262 3.20161 3.21141 3.37837 3.41804 3.50073 3.50474 3.65206 3.73091 3.73111 3.76203 3.81652 3.86314 
0.444395 1.63688 2.15835 2.55661 3.01538 3.13056 3.16045 3.18262 3.20161 3.21141 3.37837 3.41804 3.50073 3.50474 3.65206 3.73091 3.73111 3.76203 3.81652 3.86314 
0.444395 1.63688 2.15835 2.55661 3.01538 3.13056 3.16045 3.18262 3.20161 3.21141 3.37837 3.41804 3.50073 3.50474 3.65206 3.73091 3.73111 3.76203 3.81652 3.86314 
0.444395 1.63688 2.15835 2.55661 3.01538 3.13056 3.16045 3.18262 3.20161 3.21141 3.37837 3.41804 3.50073 3.50474 3.65206 3.73091 3.73111 3.76203 3.81652 3.86314 
0.444395 1.63688 2.15835 2.55661 3.01538 3.13056 3.16045 3.18262 3.20161 3.21141 3.37837 3.41804 3.50073 3.50474 3.65206 3.73091 3.73111 3.76203 3.81652 3.86314 
0.444395 1.63688 2.15835 2.55661 3.01538 3.13056 3.16045 3.18262 3.20161 3.21141 3.37837 3.41804 3.50073 3.50474 3.65206 3.73091 3.73111 3.76203 3.81652 3.86314 
0.444395 1.63688 2.15835 2.55661 3.01538 3.13056 3.16045 3.18262 3.20161 3.21141 3.37837 3.41804 3.50073 3.50474 3.65206 3.73091 3.73111 3.76203 3.81652 3.86314 
0.444395 1.63688 2.15835 2.55661 3.01538 3.13056 3.16045 3.18262 3.20161 3.21141 3.37837 3.41804 3.50073 3.50474 3.65206 3.73091 3.73111 3.76203 3.81652 3.86314 
0.444395 1.63688 2.15835 2.55661 3.01538 3.13056 3.16045 3.18262 3.20161 3.21141 3.37837 3.41804 3.50073 3.50474 3.65206 3.73091 3.73111 3.76203 3.81652 3.86314 
0.444395 1.63688 2.15835 2.55661 3.01538 3.13056 3.16045 3.18262 3.20161 3.21141 3.37837 3.41804 3.50073 3.50474 3.65206 3.73091 3.73111 3.76203 3.81652 3.86314 
0.444395 1.63688 2.07835 2.15835 2.55661 3.01538 3.13056 3.16045 3.18262 3.20161 3.21141 3.37837 3.41804 3.50073 3.50474 3.65206 3.73091 3.73111 3.76203 3.81652 
0.444395 1.63688 2.07835 2.15835 2.55661 3.01538 3.13056 3.16045 3.18262 3.20161 3.21141 3.37837 3.41804 3.50073 3.50474 3.65206 3.73091 3.73111 3.76203 3.81652 
0.444395 1.63688 2.07835 2.15835 2.55661 3.01538 3.13056 3.16045 3.18262 3.20161 3.21141 3.37837 3.41804 3.50073 3.50474 3.65206 3.73091 3.73111 3.76203 3.81652 
0.444395 1.63688 2.07835 2.15835 2.55661 3.01538 3.13056 3.16045 3.18262 3.20161 3.21141 3.37837 3.41804 3.50073 3.50474 3.65206 3.73091 3.73111 3.76203 3.81652 
0.444395 1.63688 2.07835 2.15835 2.55661 3.01538 3.13056 3.16045 3.18262 3.20161 3.21141 3.37837 3.41804 3.50073 3.50474 3.65206 3.73091 3.73111 3.76203 3.81652 
0.444395 1.63688 2.07835 2.15835 2.55661 3.01538 3.13056 3.16045 3.18262 3.20161 3.21141 3.37837 3.41804 3.50073 3.50474 3.65206 3.73091 3.73111 3.76203 3.81652 
0.444395 1.63688 2.07835 2.15835 2.55661 3.01538 3.13056 3.16045 3.18262 3.20161 3.21051 3.21141 3.37837 3.41804 3.50073 3.50474 3.65206 3.73091 3.73111 3.76203 
0.444395 1.63688 2.01864 2.07835 2.15835 2.55661 3.01538 3.13056 3.16045 3.18262 3.20161 3.21051 3.21141 3.37837 3.41804 3.50073 3.50474 3.65206 3.73091 3.73111 
0.444395 1.63688 2.01864 2.07835 2.15835 2.55661 3.01538 3.13056 3.16045 3.18262 3.20161 3.21051 3.21141 3.37837 3.41804 3.50073 3.50474 3.65206 3.73091 3.73111 
0.444395 1.63688 2.01864 2.07835 2.15835 2.55661 3.01538 3.13056 3.16045 3.18262 3.20161 3.21051 3.21141 3.37837 3.41804 3.50073 3.50474 3.65206 3.73091 3.73111 
0.444395 1.63688 2.01864 2.07835 2.15835 2.55661 3.01538 3.13056 3.16045 3.18262 3.20161 3.21051 3.21141 3.37837 3.41804 3.50073 3.50474 3.64315 3.65206 3.73091 
0.444395 1.63688 2.01864 2.07835 2.15835 2.55661 3.01538 3.13056 3.16045 3.18262 3.20161 3.21051 3.21141 3.37837 3.41804 3.50073 3.50474 3.64315 3.65206 3.73091 
0.444395 1.63688 2.01864 2.07835 2.15835 2.55661 3.01538 3.13056 3.16045 3.18262 3.20161 3.21051 3.21141 3.37837 3.41804 3.50073 3.50474 3.64315 3.65206 3.73091 
0.444395 1.63688 2.01864 2.07835 2.15835 2.55661 3.01538 3.13056 3.16045 3.18262 3.20161 3.21051 3.21141 3.37837 3.41804 3.50073 3.50474 3.64315 3.65206 3.73091 
0.444395 1.63688 2.01864 2.07835 2.15835 2.55661 3.01538 3.13056 3.16045 3.18262 3.20161 3.21051 3.21141 3.37837 3.41804 3.50073 3.50474 3.64315 3.65206 3.73091 
0.444395 1.63688 2.01864 2.07835 2.15835 2.55661 3.01538 3.13056 3.16045 3.18262 3.20161 3.21051 3.21141 3.37837 3.41804 3.50073 3.50474 3.64315 3.65206 3.73091 
0.444395 1.63688 2.01864 2.07835 2.15835 2.55661 3.01538 3.13056 3.16045 3.18262 3.20161 3.21051 3.21141 3.37837 3.41804 3.50073 3.50474 3.64315 3.65206 3.73091 
0.444395 1.63688 2.01864 2.07835 2.15835 2.55661 3.01538 3.13056 3.16045 3.18262 3.20161 3.21051 3.21141 3.37837 3.41804 3.50073 3.50474 3.64315 3.65206 3.73091 
0.444395 1.63688 2.01864 2.07835 2.15835 2.55661 3.01538 3.13056 3.16045 3.18262 3.20161 3.21051 3.21141 3.37837 3.41804 3.50073 3.50474 3.64315 3.65206 3.73091 
0.444395 1.63688 2.01864 2.07835 2.15835 2.55661 3.01538 3.13056 3.16045 3.18262 3.20161 3.21051 3.21141 3.37837 3.41804 3.50073 3.50474 3.64315 3.65206 3.73091 
0.444395 1.63688 2.01864 2.07835 2.15835 2.55661 3.01538 3.13056 3.16045 3.18262 3.20161 3.21051 3.21141 3.37837 3.41804 3.50073 3.50474 3.64315 3.65206 3.73091 
0.444395 1.63688 2.01864 2.07835 2.15835 2.55661 3.01538 3.13056 3.16045 3.18262 3.20014 3.20161 3.21051 3.21141 3.37837 3.41804 3.50073 3.50474 3.64315 3.65206 
0.444395 1.63688 2.01864 2.07835 2.15835 2.55661 3.01538 3.13056 3.16045 3.18262 3.20014 3.20161 3.21051 3.21141 3.37837 3.41804 3.50073 3.50474 3.52682 3.64315 
0.444395 1.63688 2.01864 2.07835 2.15835 2.55661 3.01538 3.13056 3.16045 3.18262 3.20014 3.20161 3.21051 3.21141 3.37837 3.41804 3.50073 3.50474 3.52682 3.64315 
0.444395 1.63688 2.01864 2.07835 2.15835 2.55661 3.01538 3.13056 3.16045 3.18262 3.20014 3.20161 3.21051 3.21141 3.37837 3.41804 3.50073 3.50474 3.52682 3.64315 
0.444395 1.63688 2.01864 2.07835 2.15835 2.55661 3.01538 3.13056 3.16045 3.18262 3.20014 3.20161 3.21051 3.21141 3.37837 3.41804 3.50073 3.50474 3.52682 3.64315 
0.444395 1.63688 2.01864 2.07835 2.15835 2.55661 3.01538 3.13056 3.16045 3.18262 3.20014 3.20161 3.21051 3.21141 3.37837 3.41804 3.50073 3.50474 3.52682 3.64315 
0.444395 1.63688 2.01864 2.07835 2.15835 2.55661 3.01538 3.13056 3.16045 3.18262 3.20014 3.20161 3.21051 3.21141 3.37837 3.41804 3.50073 3.50474 3.52682 3.64315 
0.444395 1.63688 2.01864 2.07835 2.15835 2.55661 3.01538 3.13056 3.16045 3.18262 3.20014 3.20161 3.21051 3.21141 3.37837 3.41804 3.50073 3.50474 3.52682 3.64315 
0.444395 1.63688 2.01864 2.07835 2.15835 2.55661 3.01538 3.13056 3.16045 3.18262 3.20014 3.20161 3.21051 3.21141 3.37837 3.41804 3.50073 3.50474 3.52682 3.64315 
0.444395 1.63688 2.01864 2.07835 2.15835 2.55661 3.01538 3.13056 3.16045 3.18262 3.20014 3.20161 3.21051 3.21141 3.37837 3.41804 3.50073 3.50474 3.52682 3.64315 
0.444395 1.46389 1.63688 2.01864 2.07835 2.15835 2.55661 3.01538 3.13056 3.16045 3.18262 3.20014 3.20161 3.21051 3.21141 3.37837 3.41804 3.50073 3.50474 3.52682 
0.444395 1.46389 1.63688 2.01864 2.07835 2.15835 2.55661 3.01538 3.13056 3.16045 3.18262 3.20014 3.20161 3.21051 3.21141 3.37837 3.41804 3.50073 3.50474 3.52682 
0.444395 1.46389 1.63688 2.01864 2.07835 2.15835 2.29622 2.55661 3.01538 3.13056 3.16045 3.18262 3.20014 3.20161 3.21051 3.21141 3.37837 3.41804 3.50073 3.50474 
0.444395 1.46389 1.63688 2.01864 2.07835 2.15835 2.29622 2.55661 3.01538 3.13056 3.16045 3.18262 3.20014 3.20161 3.21051 3.21141 3.37837 3.41804 3.50073 3.50474 
0.444395 1.46389 1.63688 2.01864 2.07835 2.15835 2.29622 2.55661 3.01538 3.13056 3.16045 3.18262 3.20014 3.20161 3.21051 3.21141 3.37837 3.41804 3.50073 3.50474 
0.444395 1.46389 1.63688 2.01864 2.07835 2.15835 2.29622 2.55661 3.01538 3.13056 3.16045 3.18262 3.20014 3.20161 3.21051 3.21141 3.37837 3.41804 3.50073 3.50474 
0.444395 1.46389 1.63688 2.01864 2.07835 2.15835 2.29622 2.55661 3.01538 3.13056 3.16045 3.18262 3.20014 3.20161 3.21051 3.21141 3.37837 3.41804 3.50073 3.50474 
0.444395 1.46389 1.63688 2.01864 2.07835 2.15835 2.29622 2.55661 3.01538 3.13056 3.16045 3.18262 3.20014 3.20161 3.21051 3.21141 3.37837 3.41804 3.50073 3.50474 
0.444395 1.46389 1.63688 2.01864 2.07835 2.15835 2.29622 2.55661 3.01538 3.13056 3.16045 3.18262 3.20014 3.20161 3.21051 3.21141 3.37837 3.41804 3.50073 3.50474 
0.444395 1.46389 1.63688 2.01864 2.07835 2.15835 2.29622 2.55661 3.01538 3.13056 3.16045 3.18262 3.20014 3.20161 3.21051 3.21141 3.37837 3.41804 3.50073 3.50474 
0.444395 1.46389 1.63688 2.01864 2.07835 2.15835 2.29622 2.55661 3.01538 3.13056 3.16045 3.18262 3.20014 3.20161 3.21051 3.21141 3.37837 3.41804 3.50073 3.50474 
0.444395 1.46389 1.63688 2.01864 2.07835 2.15835 2.29622 2.55661 3.01538 3.13056 3.16045 3.18262 3.20014 3.20161 3.21051 3.21141 3.37837 3.41804 3.50073 3.50474 
0.444395 1.46389 1.63688 2.01864 2.07835 2.15835 2.29622 2.55661 3.01538 3.13056 3.16045 3.18262 3.20014 3.20161 3.21051 3.21141 3.37837 3.41804 3.50073 3.50474 
0.444395 1.46389 1.63688 2.01864 2.07835 2.15835 2.29622 2.55661 3.01538 3.13056 3.16045 3.18262 3.20014 3.20161 3.21051 3.21141 3.37837 3.41804 3.50073 3.50474 
0.444395 1.46389 1.63688 2.01864 2.07835 2.15835 2.29622 2.55661 3.01538 3.13056 3.16045 3.18262 3.20014 3.20161 3.21051 3.21141 3.37837 3.41804 3.50073 3.50474 
0.444395 1.46389 1.63688 2.01864 2.07835 2.15835 2.29622 2.55661 3.01538 3.13056 3.16045 3.18262 3.20014 3.20161 3.21051 3.21141 3.37837 3.41804 3.50073 3.50474 
0.444395 1.46389 1.63688 2.01864 2.07835 2.15835 2.29622 2.55661 3.01538 3.13056 3.16045 3.18262 3.20014 3.20161 3.21051 3.21141 3.37837 3.41804 3.50073 3.50474 
0.444395 1.46389 1.63688 2.01864 2.07835 2.15835 2.29622 2.55661 3.01538 3.13056 3.16045 3.18262 3.20014 3.20161 3.21051 3.21141 3.37837 3.41804 3.50073 3.50474 
0.444395 1.46389 1.63688 2.01864 2.07835 2.15835 2.29622 2.55661 3.01538 3.13056 3.16045 3.18262 3.20014 3.20161 3.21051 3.21141 3.37837 3.41804 3.50073 3.50474 
