3.00211 3.58619 4.19763 4.42875 4.47963 4.54811 5.9732 6.70253 6.77438 7.1886 7.3783 7.75374 8.55934 8.81919 9.59443 9.63976 10.0894 10.2182 10.4769 10.6186 
1.72518 3.00211 3.25967 3.58619 4.19763 4.27342 4.42875 4.47963 4.54811 5.48424 5.70922 5.9732 6.29678 6.70253 6.77438 7.1886 7.3783 7.75374 8.55445 8.55934 
1.72518 2.81836 3.00211 3.25967 3.58619 4.19763 4.27342 4.42875 4.47963 4.54811 5.48424 5.70922 5.9732 6.14255 6.29214 6.29678 6.70253 6.77438 7.1886 7.3783 
1.72518 1.91154 2.81836 3.00211 3.25967 3.58619 4.19763 4.27342 4.42875 4.47963 4.54811 5.48424 5.65393 5.70922 5.9732 6.14255 6.29214 6.29678 6.70253 6.77438 
1.72518 1.91154 2.81836 3.00211 3.25967 3.58619 4.19763 4.27342 4.42875 4.47963 4.54811 5.48424 5.65393 5.70922 5.9732 6.14255 6.29214 6.29678 6.70253 6.77438 
1.72518 1.91154 2.81836 3.00211 3.25967 3.3356 3.58619 4.19763 4.27342 4.42875 4.47963 4.54811 5.48424 5.65393 5.70922 5.9732 6.14255 6.29214 6.29678 6.70253 
1.72518 1.91154 2.81836 3.00211 3.25967 3.3356 3.58619 4.19763 4.27342 4.42875 4.47963 4.54811 5.48424 5.65393 5.70922 5.9732 6.14255 6.29214 6.29678 6.70253 
1.72518 1.91154 2.81836 3.00211 3.25967 3.3356 3.58619 4.19763 4.27342 4.42875 4.47963 4.54811 5.48424 5.65393 5.70922 5.9732 6.14255 6.29214 6.29678 6.70253 
1.72518 1.91154 2.81544 2.81836 3.00211 3.25967 3.3356 3.58619 4.19763 4.27342 4.42875 4.47963 4.54811 5.48424 5.65393 5.70922 5.9732 6.14255 6.29214 6.29678 
1.72518 1.91154 2.32728 2.81544 2.81836 3.00211 3.25967 3.3356 3.58619 4.19763 4.27342 4.42875 4.47963 4.54811 5.48424 5.65393 5.70922 5.9732 6.14255 6.29214 
1.72518 1.91154 2.32728 2.81544 2.81836 3.00211 3.25967 3.3356 3.58619 4.19763 4.27342 4.42875 4.47963 4.54811 5.48424 5.65393 5.70922 5.9732 6.14255 6.29214 
1.72518 1.91154 2.32728 2.81544 2.81836 3.00211 3.25967 3.3356 3.58619 4.19763 4.27342 4.42875 4.47963 4.54811 5.48424 5.65393 5.70922 5.9732 6.03315 6.14255 
1.72518 1.91154 2.32728 2.81544 2.81836 3.00211 3.25967 3.3356 3.58619 4.19763 4.27342 4.42875 4.47963 4.54811 5.48424 5.65393 5.70922 5.9732 6.03315 6.14255 
1.72518 1.91154 2.32728 2.81544 2.81836 3.00211 3.25967 3.3356 3.58619 4.19763 4.27342 4.42875 4.47963 4.54811 5.48424 5.65393 5.70922 5.9732 6.03315 6.14255 
1.72518 1.91154 2.32728 2.81544 2.81836 3.00211 3.25967 3.3356 3.58619 4.19763 4.27342 4.42875 4.47963 4.54811 4.95403 5.48424 5.65393 5.70922 5.9732 6.03315 
1.72518 1.91154 2.32728 2.81544 2.81836 3.00211 3.25967 3.3356 3.58619 3.96517 4.19763 4.27342 4.42875 4.47963 4.54811 4.95403 5.48424 5.65393 5.70922 5.9732 
1.72518 1.91154 2.32728 2.81544 2.81836 3.00211 3.25967 3.3356 3.58619 3.96517 4.19763 4.27342 4.42875 4.47963 4.54811 4.95403 5.48424 5.65393 5.70922 5.9732 
1.72518 1.91154 2.32728 2.81544 2.81836 3.00211 3.25967 3.3356 3.58619 3.96517 4.19763 4.27342 4.42875 4.47963 4.54811 4.95403 5.48424 5.65393 5.70922 5.9732 
1.72518 1.91154 2.32728 2.81544 2.81836 3.00211 3.25967 3.3356 3.58619 3.96517 4.19763 4.27342 4.42875 4.46333 4.47963 4.54811 4.95403 5.48424 5.65393 5.70922 
1.72518 1.91154 2.32728 2.81544 2.81836 3.00211 3.25967 3.3356 3.58619 3.96517 4.19763 4.27342 4.42875 4.46333 4.47963 4.54811 4.95403 5.48424 5.65393 5.70922 
1.72518 1.91154 2.32728 2.81544 2.81836 3.00211 3.25967 3.3356 3.58619 3.96517 4.19763 4.27342 4.42875 4.46333 4.47963 4.54811 4.95403 5.48424 5.65393 5.70922 
1.72518 1.91154 2.32728 2.81544 2.81836 3.00211 3.25967 3.3356 3.58619 3.96517 4.19763 4.27342 4.42875 4.46333 4.47963 4.54811 4.95403 5.48424 5.65393 5.70922 
1.72518 1.91154 2.24358 2.32728 2.81544 2.81836 3.00211 3.25967 3.3356 3.58619 3.96517 4.19763 4.27342 4.42875 4.46333 4.47963 4.54811 4.95403 5.48424 5.65393 
1.72518 1.91154 2.24358 2.32728 2.81544 2.81836 3.00211 3.25967 3.3356 3.58619 3.96517 4.19763 4.27342 4.42875 4.46333 4.47963 4.54811 4.95403 5.48424 5.65393 
1.72518 1.91154 2.24358 2.32728 2.81544 2.81836 3.00211 3.25967 3.3356 3.58619 3.96517 4.19763 4.27342 4.42875 4.46333 4.47963 4.54811 4.95403 5.48424 5.64078 
1.72518 1.91154 2.24358 2.32728 2.81544 2.81836 3.00211 3.25967 3.3356 3.58619 3.96517 4.19763 4.27342 4.42875 4.46333 4.47963 4.54811 4.95403 5.47721 5.48424 
1.72518 1.91154 2.24358 2.32728 2.81544 2.81836 3.00211 3.25967 3.3356 3.58619 3.96517 4.19763 4.27342 4.42875 4.46333 4.47963 4.54811 4.95403 5.38555 5.47721 
1.72518 1.91154 2.24358 2.32728 2.81544 2.81836 3.00211 3.25967 3.3356 3.58619 3.96517 4.19763 4.27342 4.42875 4.46333 4.47963 4.54811 4.95403 5.38555 5.47721 
1.72518 1.91154 2.24358 2.32728 2.81544 2.81836 3.00211 3.25967 3.3356 3.58619 3.96517 4.19763 4.27342 4.42875 4.46333 4.47963 4.54811 4.95403 5.38555 5.47721 
1.72518 1.91154 2.24358 2.32728 2.81544 2.81836 3.00211 3.25967 3.3356 3.58619 3.96517 4.19763 4.27342 4.42875 4.46333 4.47963 4.54811 4.95403 5.38555 5.3921 
1.72518 1.91154 2.24358 2.32728 2.81544 2.81836 3.00211 3.25967 3.3356 3.58619 3.96517 4.19763 4.27342 4.42875 4.46333 4.47963 4.54811 4.95403 5.38555 5.3921 
1.72518 1.91154 2.24358 2.32728 2.81544 2.81836 3.00211 3.25967 3.3356 3.58619 3.96517 4.19763 4.27342 4.42875 4.46333 4.47963 4.54811 4.95403 5.38555 5.3921 
1.72518 1.91154 2.24358 2.32728 2.81544 2.81836 3.00211 3.25967 3.3356 3.58619 3.96517 4.19763 4.27342 4.42875 4.46333 4.47963 4.54811 4.95403 5.38555 5.3921 
1.72518 1.91154 2.24358 2.32728 2.81544 2.81836 3.00211 3.25967 3.3356 3.58619 3.96517 4.19763 4.27342 4.42875 4.46333 4.47963 4.54811 4.95403 5.38555 5.3921 
1.72518 1.91154 2.24358 2.32728 2.81544 2.81836 3.00211 3.25967 3.3356 3.58619 3.96517 4.19763 4.27342 4.42875 4.46333 4.47963 4.54811 4.95403 5.38555 5.3921 
1.72518 1.91154 2.24358 2.32728 2.81544 2.81836 3.00211 3.25967 3.3356 3.58619 3.96517 4.19763 4.27342 4.42875 4.46333 4.47963 4.54811 4.95403 5.38555 5.3921 
1.72518 1.91154 2.24358 2.32728 2.81544 2.81836 3.00211 3.25967 3.3356 3.58619 3.96517 4.19763 4.27342 4.42875 4.46333 4.47963 4.54811 4.95403 5.38555 5.3921 
1.72518 1.91154 2.24358 2.32728 2.81544 2.81836 3.00211 3.25967 3.3356 3.58619 3.96517 4.19763 4.27342 4.42875 4.46333 4.47963 4.54811 4.95403 5.38555 5.3921 
1.72518 1.91154 2.24358 2.32728 2.81544 2.81836 3.00211 3.25967 3.3356 3.58619 3.96517 4.19763 4.27342 4.42875 4.46333 4.47963 4.54811 4.95403 5.38555 5.3921 
1.72518 1.91154 2.24358 2.32728 2.81544 2.81836 3.00211 3.25967 3.3356 3.58619 3.96517 4.19763 4.27342 4.42875 4.46333 4.47963 4.54811 4.95403 5.38555 5.3921 
1.72518 1.91154 2.24358 2.32728 2.81544 2.81836 3.00211 3.25967 3.3356 3.58619 3.96517 4.19763 4.27342 4.42875 4.46333 4.47963 4.54811 4.95403 5.38555 5.3921 
1.72518 1.91154 2.24358 2.32728 2.81544 2.81836 3.00211 3.25967 3.3356 3.58619 3.96517 4.19763 4.27342 4.42875 4.46333 4.47963 4.54811 4.95403 5.38555 5.3921 
1.72518 1.91154 2.24358 2.32728 2.81544 2.81836 3.00211 3.25967 3.3356 3.58619 3.96517 4.19763 4.27342 4.42875 4.46333 4.47963 4.54811 4.95403 5.38555 5.3921 
1.72518 1.91154 2.24358 2.32728 2.81544 2.81836 3.00211 3.25967 3.3356 3.58619 3.96517 4.19763 4.27342 4.42875 4.46333 4.47963 4.54811 4.95403 5.38555 5.3921 
1.72518 1.91154 2.24358 2.32728 2.81544 2.81836 3.00211 3.25967 3.3356 3.58619 3.96517 4.19763 4.27342 4.42875 4.46333 4.47963 4.54811 4.95403 5.38555 5.3921 
1.72518 1.91154 2.24358 2.32728 2.81544 2.81836 3.00211 3.25967 3.3356 3.58619 3.96517 4.19763 4.27342 4.42875 4.46333 4.47963 4.54811 4.95403 5.38555 5.3921 
1.72518 1.91154 2.24358 2.32728 2.81544 2.81836 3.00211 3.25967 3.3356 3.58619 3.96517 4.19763 4.27342 4.42875 4.46333 4.47963 4.54811 4.95403 5.38555 5.3921 
1.72518 1.91154 2.24358 2.32728 2.81544 2.81836 3.00211 3.25967 3.3356 3.58619 3.96517 4.19763 4.27342 4.42875 4.46333 4.47963 4.54811 4.95403 5.38432 5.38555 
1.72518 1.91154 2.24358 2.32728 2.81544 2.81836 3.00211 3.25967 3.3356 3.58619 3.96517 4.19763 4.27342 4.42875 4.46333 4.47963 4.54811 4.95403 5.38432 5.38555 
1.72518 1.91154 2.24358 2.32728 2.81544 2.81836 3.00211 3.25967 3.3356 3.58619 3.96517 4.19763 4.27342 4.42875 4.46333 4.47963 4.54811 4.95403 5.38432 5.38555 
1.72518 1.91154 2.24358 2.32728 2.81544 2.81836 3.00211 3.25967 3.3356 3.58619 3.96517 4.19763 4.27342 4.42875 4.46333 4.47963 4.54811 4.95403 5.38432 5.38555 
1.72518 1.91154 2.24358 2.32728 2.81544 2.81836 3.00211 3.25967 3.3356 3.58619 3.96517 4.19763 4.27342 4.42875 4.46333 4.47963 4.54811 4.95403 5.38432 5.38555 
1.72518 1.91154 2.24358 2.32728 2.81544 2.81836 3.00211 3.25967 3.3356 3.58619 3.96517 4.19763 4.27342 4.42875 4.46333 4.47963 4.54811 4.95403 5.38432 5.38555 
1.72518 1.91154 2.24358 2.32728 2.81544 2.81836 3.00211 3.25967 3.3356 3.58619 3.96517 4.19763 4.27342 4.42875 4.46333 4.47963 4.54811 4.95403 5.38432 5.38555 
1.72518 1.91154 2.24358 2.32728 2.81544 2.81836 3.00211 3.25967 3.3356 3.58619 3.96517 4.19763 4.27342 4.42875 4.46333 4.47963 4.54811 4.95403 5.38432 5.38555 
1.72518 1.91154 2.24358 2.32728 2.81544 2.81836 3.00211 3.25967 3.3356 3.58619 3.96517 4.19763 4.27342 4.42875 4.46333 4.47963 4.54811 4.95403 5.38432 5.38555 
1.72518 1.91154 2.24358 2.32728 2.81544 2.81836 3.00211 3.25967 3.3356 3.58619 3.96517 4.19763 4.27342 4.42875 4.46333 4.47963 4.54811 4.95403 5.38432 5.38555 
1.72518 1.91154 2.24358 2.32728 2.81544 2.81836 3.00211 3.25967 3.3356 3.58619 3.96517 4.19763 4.27342 4.42875 4.46333 4.47963 4.54811 4.95403 5.38432 5.38555 
1.72518 1.91154 2.24358 2.32728 2.81544 2.81836 3.00211 3.25967 3.3356 3.58619 3.96517 4.19763 4.27342 4.42875 4.46333 4.47963 4.54811 4.95403 5.38432 5.38555 
1.72518 1.91154 2.24358 2.32728 2.81544 2.81836 3.00211 3.25967 3.3356 3.58619 3.96517 4.19763 4.27342 4.42875 4.46333 4.47963 4.54811 4.95403 5.38432 5.38555 
1.72518 1.91154 2.24358 2.32728 2.81544 2.81836 3.00211 3.25967 3.3356 3.58619 3.96517 4.19763 4.27342 4.42875 4.46333 4.47963 4.54811 4.95403 5.38432 5.38555 
1.72518 1.91154 2.24358 2.32728 2.81544 2.81836 3.00211 3.25967 3.3356 3.58619 3.96517 4.19763 4.27342 4.42875 4.46333 4.47963 4.54811 4.95403 5.38432 5.38555 
1.72518 1.91154 2.24358 2.32728 2.81544 2.81836 3.00211 3.25967 3.3356 3.58619 3.96517 4.19763 4.27342 4.42875 4.46333 4.47963 4.54811 4.95403 5.38432 5.38555 
1.72518 1.91154 2.24358 2.32728 2.81544 2.81836 3.00211 3.25967 3.3356 3.58619 3.96517 4.19763 4.27342 4.35665 4.42875 4.46333 4.47963 4.54811 4.95403 5.38432 
1.72518 1.91154 2.24358 2.32728 2.81544 2.81836 3.00211 3.25967 3.3356 3.58619 3.96517 4.19763 4.27342 4.35665 4.42875 4.46333 4.47963 4.54811 4.95403 5.38432 
1.72518 1.91154 2.24358 2.32728 2.81544 2.81836 3.00211 3.25967 3.3356 3.58619 3.96517 4.19763 4.27342 4.35665 4.42875 4.46333 4.47963 4.54811 4.95403 5.38432 
1.72518 1.91154 2.24358 2.32728 2.81544 2.81836 3.00211 3.25967 3.3356 3.58619 3.96517 4.19763 4.27342 4.35665 4.42875 4.46333 4.47963 4.54811 4.95403 5.38432 
1.72518 1.91154 2.24358 2.32728 2.81544 2.81836 3.00211 3.25967 3.3356 3.58619 3.96517 4.19763 4.27342 4.35665 4.42875 4.46333 4.47963 4.54811 4.95403 5.38432 
1.72518 1.91154 2.24358 2.32728 2.81544 2.81836 3.00211 3.25967 3.3356 3.58619 3.96517 4.19763 4.27342 4.35665 4.42875 4.46333 4.47963 4.54811 4.95403 5.38432 
1.72518 1.91154 2.24358 2.32728 2.81544 2.81836 3.00211 3.25967 3.3356 3.58619 3.96517 4.19763 4.27342 4.35665 4.42875 4.46333 4.47963 4.54811 4.95403 5.38432 
1.72518 1.91154 2.24358 2.32728 2.81544 2.81836 3.00211 3.25967 3.3356 3.58619 3.96517 4.19763 4.27342 4.35665 4.42875 4.46333 4.47963 4.54811 4.95403 5.38432 
1.72518 1.91154 2.24358 2.32728 2.81544 2.81836 3.00211 3.25967 3.3356 3.58619 3.96517 4.19763 4.27342 4.35665 4.42875 4.46333 4.47963 4.54811 4.95403 5.38432 
1.72518 1.91154 2.24358 2.32728 2.47128 2.81544 2.81836 3.00211 3.25967 3.3356 3.58619 3.96517 4.19763 4.27342 4.35665 4.42875 4.46333 4.47963 4.54811 4.95403 
1.72518 1.91154 2.24358 2.32728 2.47128 2.81544 2.81836 3.00211 3.25967 3.3356 3.58619 3.96517 4.19763 4.27342 4.35665 4.42875 4.46333 4.47963 4.54811 4.95403 
1.72518 1.91154 2.24358 2.32728 2.47128 2.81544 2.81836 3.00211 3.25967 3.3356 3.58619 3.96517 4.19763 4.27342 4.35665 4.42875 4.46333 4.47963 4.54811 4.95403 
1.72518 1.91154 2.24358 2.32728 2.47128 2.81544 2.81836 3.00211 3.25967 3.3356 3.58619 3.96517 4.19763 4.27342 4.35665 4.42875 4.46333 4.47963 4.54811 4.95403 
1.72518 1.91154 2.24358 2.32728 2.47128 2.81544 2.81836 3.00211 3.25967 3.3356 3.58619 3.96517 4.19763 4.27342 4.35665 4.42875 4.46333 4.47963 4.54811 4.95403 
1.72518 1.91154 2.24358 2.32728 2.47128 2.81544 2.81836 3.00211 3.25967 3.3356 3.58619 3.96517 4.19763 4.27342 4.35665 4.42875 4.46333 4.47963 4.54811 4.95403 
1.72518 1.91154 2.24358 2.32728 2.47128 2.81544 2.81836 3.00211 3.25967 3.3356 3.58619 3.96517 4.19763 4.27342 4.35665 4.42875 4.46333 4.47963 4.54811 4.95403 
1.72518 1.91154 2.24358 2.32728 2.47128 2.81544 2.81836 3.00211 3.25967 3.3356 3.58619 3.96517 4.19763 4.27342 4.35665 4.42875 4.46333 4.47963 4.54811 4.95403 
1.72518 1.91154 2.24358 2.32728 2.47128 2.81544 2.81836 3.00211 3.25967 3.3356 3.58619 3.96517 4.19763 4.27342 4.35665 4.42875 4.46333 4.47963 4.54811 4.95403 
1.72518 1.91154 2.24358 2.32728 2.47128 2.81544 2.81836 3.00211 3.25967 3.3356 3.58619 3.96517 4.19763 4.27342 4.35665 4.42875 4.46333 4.47963 4.54811 4.95403 
1.72518 1.91154 2.24358 2.32728 2.47128 2.81544 2.81836 3.00211 3.25967 3.3356 3.58619 3.96517 4.19763 4.27342 4.35665 4.42875 4.46333 4.47963 4.54811 4.95403 
1.72518 1.91154 2.24358 2.32728 2.47128 2.81544 2.81836 3.00211 3.25967 3.3356 3.58619 3.96517 4.19763 4.27342 4.35665 4.42875 4.46333 4.47963 4.54811 4.95403 
1.72518 1.91154 2.24358 2.32728 2.47128 2.81544 2.81836 3.00211 3.25967 3.3356 3.58619 3.96517 4.19763 4.27342 4.35665 4.42875 4.46333 4.47963 4.54811 4.95403 
1.72518 1.91154 2.24358 2.32728 2.47128 2.81544 2.81836 3.00211 3.25967 3.3356 3.58619 3.96517 4.19763 4.27342 4.35665 4.42875 4.46333 4.47963 4.54811 4.95403 
1.72518 1.91154 2.24358 2.32728 2.47128 2.81544 2.81836 3.00211 3.25967 3.3356 3.58619 3.96517 4.19763 4.27342 4.35665 4.42875 4.46333 4.47963 4.54811 4.95403 
1.72518 1.91154 2.24358 2.32728 2.47128 2.81544 2.81836 3.00211 3.25967 3.3356 3.58619 3.96517 4.19763 4.27342 4.35665 4.42875 4.46333 4.47963 4.54811 4.95403 
1.72518 1.91154 2.24358 2.32728 2.47128 2.81544 2.81836 3.00211 3.25967 3.3356 3.58619 3.96517 4.19763 4.27342 4.35665 4.42875 4.46333 4.47963 4.54811 4.95403 
1.72518 1.91154 2.24358 2.32728 2.47128 2.81544 2.81836 3.00211 3.25967 3.3356 3.58619 3.96517 4.19763 4.27342 4.35665 4.42875 4.46333 4.47963 4.54811 4.95403 
1.72518 1.91154 2.24358 2.32728 2.47128 2.81544 2.81836 3.00211 3.25967 3.3356 3.58619 3.96517 4.19763 4.27342 4.35665 4.42875 4.46333 4.47963 4.54811 4.95403 
1.72518 1.91154 2.24358 2.32728 2.47128 2.81544 2.81836 3.00211 3.25967 3.3356 3.58619 3.96517 4.19763 4.27342 4.35665 4.42875 4.46333 4.47963 4.54811 4.95403 
1.72518 1.91154 2.24358 2.32728 2.47128 2.81544 2.81836 3.00211 3.25967 3.3356 3.57555 3.58619 3.64219 3.96517 4.19763 4.27342 4.35665 4.42875 4.46333 4.47963 
1.72518 1.91154 2.24358 2.32728 2.47128 2.81544 2.81836 3.00211 3.25967 3.3356 3.57555 3.58619 3.64219 3.96517 4.19763 4.27342 4.35665 4.42875 4.46333 4.47963 
1.72518 1.91154 2.24358 2.32728 2.47128 2.81544 2.81836 3.00211 3.25967 3.3356 3.57555 3.58619 3.64219 3.96517 4.19763 4.27342 4.35665 4.42875 4.46333 4.47963 
1.72518 1.91154 2.24358 2.32728 2.47128 2.81544 2.81836 3.00211 3.25967 3.3356 3.57555 3.58619 3.64219 3.96517 4.19763 4.27342 4.35665 4.42875 4.46333 4.47963 
1.72518 1.91154 2.24358 2.32728 2.47128 2.81544 2.81836 3.00211 3.25967 3.3356 3.57555 3.58619 3.64219 3.96517 4.19763 4.27342 4.35665 4.42875 4.46333 4.47963 
1.72518 1.91154 2.24358 2.32728 2.47128 2.81544 2.81836 3.00211 3.25967 3.3356 3.57555 3.58619 3.64219 3.96517 4.19763 4.27342 4.35665 4.42875 4.46333 4.47963 
1.72518 1.91154 2.24358 2.32728 2.47128 2.81544 2.81836 3.00211 3.25967 3.3356 3.57555 3.58619 3.64219 3.96517 4.19763 4.27342 4.35665 4.42875 4.46333 4.47963 
1.72518 1.91154 2.24358 2.32728 2.47128 2.81544 2.81836 3.00211 3.25967 3.3356 3.57555 3.58619 3.64219 3.96517 4.19763 4.27342 4.35665 4.42875 4.46333 4.47963 
