4.47925 4.96656 5.41502 6.10849 6.32636 6.57361 7.6939 8.75849 9.00153 9.21304 9.46296 9.46424 9.65237 9.77787 9.85946 10.2467 10.3501 10.3717 11.3343 11.3458 
4.0332 4.47925 4.48155 4.96656 5.41502 6.04605 6.10849 6.32636 6.4708 6.57361 7.60297 7.6939 7.80546 8.20008 8.75849 9.00153 9.21304 9.46296 9.46424 9.65237 
4.0332 4.47925 4.48155 4.58748 4.96656 5.41502 6.04605 6.10849 6.32636 6.4708 6.57361 7.59389 7.60297 7.6939 7.80546 8.20008 8.40122 8.75849 9.00153 9.21304 
2.64111 4.0332 4.35302 4.47925 4.48155 4.58748 4.96656 5.02053 5.37007 5.41502 6.04605 6.10849 6.32636 6.34184 6.4708 6.57361 7.59389 7.60297 7.6939 7.80546 
2.64111 3.04164 3.68523 4.0332 4.35302 4.47925 4.48155 4.58748 4.96656 5.02053 5.37007 5.41502 6.04605 6.10849 6.32636 6.34184 6.39653 6.44969 6.4708 6.57361 
2.64111 3.04164 3.68523 4.0332 4.35302 4.47925 4.48155 4.58748 4.84425 4.96656 5.02053 5.37007 5.41502 6.04605 6.10849 6.32636 6.34184 6.36878 6.39653 6.44969 
2.63107 2.64111 3.04164 3.62294 3.68523 4.0332 4.35302 4.47925 4.48155 4.56795 4.5698 4.58748 4.84425 4.96656 5.02053 5.37007 5.41502 5.68955 6.04605 6.09541 
2.63107 2.64111 3.04164 3.62294 3.68523 4.0332 4.27735 4.35302 4.47925 4.48155 4.56795 4.5698 4.58748 4.58951 4.84425 4.96656 5.02053 5.37007 5.41502 5.68955 
2.63107 2.64111 3.04164 3.61215 3.62294 3.68523 4.0332 4.27735 4.35302 4.47925 4.48155 4.50442 4.56795 4.5698 4.58748 4.58951 4.84425 4.96656 5.02053 5.37007 
2.63107 2.64111 3.04164 3.61215 3.62294 3.68523 4.0332 4.27735 4.35302 4.47925 4.48155 4.50442 4.56795 4.5698 4.58748 4.58951 4.59322 4.84425 4.96656 5.02053 
2.63107 2.64111 3.04164 3.22098 3.61215 3.62294 3.68523 4.0332 4.27735 4.35302 4.47925 4.48155 4.50442 4.56795 4.5698 4.58748 4.58951 4.59322 4.84425 4.96656 
2.63107 2.64111 3.04164 3.22098 3.61215 3.62294 3.68523 4.0332 4.27735 4.35302 4.47925 4.48155 4.50442 4.56795 4.5698 4.58748 4.58951 4.59322 4.84425 4.96656 
2.63107 2.64111 3.04164 3.22098 3.61215 3.62294 3.68523 3.72732 4.0332 4.27735 4.35302 4.47925 4.48155 4.50442 4.56795 4.5698 4.58748 4.58951 4.59322 4.84425 
2.63107 2.64111 3.04164 3.08078 3.22098 3.61215 3.62294 3.68523 3.72732 4.0332 4.27735 4.35302 4.47925 4.48155 4.50442 4.56795 4.5698 4.58748 4.58951 4.59322 
2.63107 2.64111 3.04164 3.08078 3.22098 3.61215 3.62294 3.68523 3.72732 4.0332 4.27735 4.32771 4.35302 4.47925 4.48155 4.50442 4.56795 4.5698 4.58748 4.58951 
2.63107 2.64111 3.04164 3.08078 3.22098 3.61215 3.62294 3.68523 3.72732 4.0332 4.27735 4.32771 4.35302 4.47925 4.48155 4.50442 4.56795 4.5698 4.58748 4.58951 
2.63107 2.64111 3.04164 3.08078 3.22098 3.61215 3.62294 3.68523 3.72732 4.0332 4.27735 4.32771 4.35302 4.47925 4.48155 4.50442 4.56795 4.5698 4.58748 4.58951 
2.63107 2.64111 3.04164 3.08078 3.22098 3.59169 3.61215 3.62294 3.68523 3.72732 4.0332 4.27735 4.32771 4.35302 4.47925 4.48155 4.50442 4.56795 4.5698 4.58748 
1.85787 2.63107 2.64111 3.04164 3.08078 3.22098 3.59169 3.61215 3.62294 3.68523 3.72732 4.0332 4.27735 4.32771 4.35302 4.47925 4.48155 4.50442 4.56795 4.5698 
1.85787 2.63107 2.64111 2.8106 3.04164 3.08078 3.22098 3.59169 3.61215 3.62294 3.68523 3.72732 4.0332 4.27735 4.32771 4.35302 4.47925 4.48155 4.50442 4.56795 
1.85787 2.63107 2.64111 2.8106 3.04164 3.08078 3.22098 3.59169 3.61215 3.62294 3.68523 3.72732 4.0332 4.05209 4.27735 4.32771 4.35302 4.47925 4.48155 4.50442 
1.85787 2.63107 2.64111 2.8106 3.04164 3.08078 3.22098 3.59169 3.61215 3.62294 3.68523 3.72732 4.0332 4.05209 4.27735 4.32771 4.35302 4.47925 4.48155 4.50442 
1.85787 2.63107 2.64111 2.8106 3.04164 3.08078 3.22098 3.59169 3.61215 3.62294 3.68523 3.72732 4.0332 4.05209 4.27735 4.32771 4.35302 4.47925 4.48155 4.50442 
1.0411 1.85787 2.63107 2.64111 2.8106 3.04164 3.08078 3.22098 3.59169 3.61215 3.62294 3.68523 3.72732 4.0332 4.05209 4.27735 4.32771 4.35302 4.47925 4.48155 
1.0411 1.85787 2.63107 2.64111 2.8106 3.04164 3.08078 3.22098 3.59169 3.61215 3.62294 3.68523 3.72732 4.0332 4.05209 4.27735 4.32771 4.35302 4.47925 4.48155 
1.0411 1.85787 2.63107 2.64111 2.8106 3.04164 3.08078 3.22098 3.59169 3.61215 3.62294 3.68523 3.72732 4.0332 4.05209 4.27735 4.32771 4.35302 4.47925 4.48155 
1.0411 1.85787 2.63107 2.64111 2.8106 3.04164 3.08078 3.22098 3.59169 3.61215 3.62294 3.68523 3.72732 4.0332 4.05209 4.27735 4.32771 4.35302 4.47925 4.48155 
1.0411 1.85787 2.63107 2.64111 2.8106 3.04164 3.08078 3.22098 3.59169 3.61215 3.62294 3.68523 3.72732 4.0332 4.05209 4.27735 4.32771 4.35302 4.47925 4.48155 
1.0411 1.85787 2.63107 2.64111 2.8106 3.04164 3.08078 3.22098 3.59169 3.61215 3.62294 3.68523 3.72732 4.0332 4.05209 4.27735 4.32771 4.35302 4.47925 4.48155 
1.0411 1.85787 2.63107 2.64111 2.8106 3.04164 3.08078 3.22098 3.59169 3.61215 3.62294 3.68523 3.72732 4.0332 4.05209 4.27735 4.32771 4.35302 4.47925 4.48155 
1.0411 1.85787 2.63107 2.64111 2.8106 3.04164 3.08078 3.22098 3.59169 3.61215 3.62294 3.68523 3.72732 4.0332 4.05209 4.27735 4.32771 4.35302 4.47925 4.48155 
1.0411 1.85787 2.63107 2.64111 2.8106 3.04164 3.08078 3.22098 3.59169 3.61215 3.62294 3.68523 3.72732 4.0332 4.05209 4.27735 4.32771 4.35302 4.47925 4.48155 
1.0411 1.85787 2.63107 2.64111 2.8106 3.04164 3.08078 3.22098 3.59169 3.61215 3.62294 3.68523 3.72732 4.0332 4.05209 4.1169 4.27735 4.32771 4.35302 4.47925 
1.0411 1.85787 2.63107 2.64111 2.8106 3.04164 3.08078 3.22098 3.59169 3.61215 3.62294 3.68523 3.72732 4.0332 4.05209 4.1169 4.27735 4.32771 4.35302 4.47925 
1.0411 1.85787 2.51073 2.63107 2.64111 2.8106 3.04164 3.08078 3.22098 3.29286 3.59169 3.61215 3.62294 3.68523 3.72732 4.0332 4.05209 4.1169 4.27735 4.32771 
1.0411 1.85787 2.51073 2.63107 2.64111 2.8106 3.03001 3.04164 3.08078 3.22098 3.29286 3.59169 3.61215 3.62294 3.68523 3.72732 4.0332 4.05209 4.1169 4.27735 
1.0411 1.85787 2.51073 2.63107 2.64111 2.8106 3.03001 3.04164 3.08078 3.22098 3.29286 3.59169 3.61215 3.62294 3.68523 3.72732 4.0332 4.05209 4.1169 4.27735 
1.0411 1.85787 2.51073 2.63107 2.64111 2.8106 3.03001 3.04164 3.08078 3.22098 3.29286 3.59169 3.61215 3.62294 3.68523 3.72732 4.0332 4.05209 4.1169 4.27735 
1.0411 1.85787 2.51073 2.63107 2.64111 2.8106 3.03001 3.04164 3.08078 3.22098 3.29286 3.59169 3.61215 3.62294 3.68523 3.72732 4.0332 4.05209 4.1169 4.27735 
1.0411 1.85787 2.51073 2.63107 2.64111 2.8106 3.03001 3.04164 3.08078 3.22098 3.29286 3.59169 3.61215 3.62294 3.68523 3.72732 4.0332 4.05209 4.1169 4.27735 
1.0411 1.85787 2.51073 2.63107 2.64111 2.8106 3.03001 3.04164 3.08078 3.22098 3.29286 3.59169 3.61215 3.62294 3.68523 3.72732 4.0332 4.05209 4.1169 4.27735 
1.0411 1.85787 2.51073 2.63107 2.64111 2.8106 3.03001 3.04164 3.08078 3.22098 3.29286 3.59169 3.61215 3.62294 3.68523 3.72732 4.0332 4.05209 4.1169 4.27735 
1.0411 1.85787 2.51073 2.63107 2.64111 2.8106 3.03001 3.04164 3.08078 3.22098 3.29286 3.59169 3.61215 3.62294 3.68523 3.72732 4.0332 4.05209 4.1169 4.27735 
1.0411 1.85787 2.51073 2.63107 2.64111 2.8106 3.03001 3.04164 3.08078 3.22098 3.29286 3.59169 3.61215 3.62294 3.68523 3.72732 4.0332 4.05209 4.1169 4.27735 
1.0411 1.85787 2.51073 2.63107 2.64111 2.8106 3.03001 3.04164 3.08078 3.22098 3.29286 3.47647 3.59169 3.61215 3.62294 3.68523 3.72732 4.0332 4.05209 4.1169 
1.0411 1.85787 2.51073 2.63107 2.64111 2.8106 3.03001 3.04164 3.08078 3.22098 3.29286 3.47647 3.59169 3.61215 3.62294 3.68523 3.72732 4.0332 4.05209 4.1169 
1.0411 1.85787 2.51073 2.63107 2.64111 2.8106 3.03001 3.04164 3.08078 3.22098 3.29286 3.47647 3.59169 3.61215 3.62294 3.68523 3.72732 4.0332 4.05209 4.1169 
1.0411 1.85787 2.51073 2.63107 2.64111 2.8106 3.03001 3.04164 3.08078 3.22098 3.29286 3.47647 3.59169 3.61215 3.62294 3.68523 3.72732 4.0332 4.05209 4.1169 
1.0411 1.85787 2.51073 2.63107 2.64111 2.8106 3.03001 3.04164 3.08078 3.22098 3.29286 3.47647 3.59169 3.61215 3.62294 3.68523 3.72732 4.0332 4.05209 4.1169 
1.0411 1.85787 2.51073 2.63107 2.64111 2.8106 3.03001 3.04164 3.08078 3.22098 3.29286 3.47647 3.59169 3.61215 3.62294 3.68523 3.72732 4.0332 4.05209 4.1169 
1.0411 1.85787 2.51073 2.63107 2.64111 2.8106 3.03001 3.04164 3.08078 3.22098 3.29286 3.47647 3.59169 3.61215 3.62294 3.68523 3.72732 4.0332 4.05209 4.1169 
1.0411 1.85787 2.51073 2.63107 2.64111 2.8106 3.03001 3.04164 3.08078 3.22098 3.29286 3.47647 3.59169 3.61215 3.62294 3.68523 3.72732 4.0332 4.05209 4.1169 
1.0411 1.85787 2.51073 2.63107 2.64111 2.8106 3.03001 3.04164 3.08078 3.22098 3.29286 3.47647 3.59169 3.61215 3.62294 3.68523 3.72732 4.0332 4.05209 4.1169 
1.0411 1.85787 2.51073 2.63107 2.64111 2.8106 3.03001 3.04164 3.08078 3.22098 3.29286 3.47647 3.59169 3.61215 3.62294 3.68523 3.72732 4.0332 4.05209 4.1169 
1.0411 1.85787 2.51073 2.63107 2.64111 2.8106 3.03001 3.04164 3.08078 3.22098 3.29286 3.47647 3.59169 3.61215 3.62294 3.68523 3.72732 4.0332 4.05209 4.1169 
1.0411 1.85787 2.51073 2.63107 2.64111 2.8106 3.03001 3.04164 3.08078 3.22098 3.29286 3.47647 3.59169 3.61215 3.62294 3.68523 3.72732 4.0332 4.05209 4.1169 
1.0411 1.85787 2.20055 2.51073 2.63107 2.64111 2.8106 3.03001 3.04164 3.08078 3.22098 3.29286 3.47647 3.59169 3.61215 3.62294 3.68523 3.72732 4.0332 4.05209 
1.0411 1.85787 2.20055 2.51073 2.63107 2.64111 2.8106 3.03001 3.04164 3.08078 3.22098 3.29286 3.47647 3.59169 3.61215 3.62294 3.68523 3.72732 4.0332 4.05209 
1.0411 1.85787 2.20055 2.51073 2.63107 2.64111 2.8106 3.03001 3.04164 3.08078 3.22098 3.29286 3.47647 3.59169 3.61215 3.62294 3.68523 3.72732 4.0332 4.05209 
1.0411 1.85787 2.20055 2.51073 2.63107 2.64111 2.8106 3.03001 3.04164 3.08078 3.22098 3.28939 3.29286 3.47647 3.59169 3.61215 3.62294 3.68523 3.72732 4.0332 
1.0411 1.85787 2.20055 2.51073 2.6298 2.63107 2.64111 2.8106 3.03001 3.04164 3.08078 3.22098 3.28939 3.29286 3.47647 3.59169 3.61215 3.62294 3.68523 3.72732 
1.0411 1.85787 2.20055 2.51073 2.6298 2.63107 2.64111 2.8106 3.03001 3.04164 3.08078 3.22098 3.28939 3.29286 3.47647 3.59169 3.61215 3.62294 3.68523 3.72732 
1.0411 1.85787 2.20055 2.51073 2.6298 2.63107 2.64111 2.8106 3.03001 3.04164 3.08078 3.22098 3.28939 3.29286 3.47647 3.59169 3.61215 3.62294 3.68523 3.72732 
1.0411 1.85787 2.20055 2.51073 2.6298 2.63107 2.64111 2.8106 3.03001 3.04164 3.08078 3.22098 3.28939 3.29286 3.47647 3.59169 3.61215 3.62294 3.68523 3.72732 
1.0411 1.85787 2.20055 2.51073 2.6298 2.63107 2.64111 2.8106 3.03001 3.04164 3.08078 3.22098 3.28939 3.29286 3.47647 3.59169 3.61215 3.62294 3.68523 3.72732 
1.0411 1.85787 2.20055 2.51073 2.6298 2.63107 2.64111 2.8106 3.03001 3.04164 3.08078 3.22098 3.28939 3.29286 3.47647 3.59169 3.61215 3.62294 3.68523 3.72732 
1.0411 1.85787 2.20055 2.51073 2.6298 2.63107 2.64111 2.8106 3.03001 3.04164 3.08078 3.22098 3.28939 3.29286 3.47647 3.59169 3.61215 3.62294 3.68523 3.72732 
1.0411 1.85787 2.20055 2.51073 2.6298 2.63107 2.64111 2.8106 3.03001 3.04164 3.08078 3.22098 3.28939 3.29286 3.47647 3.59169 3.61215 3.62294 3.68523 3.72732 
1.0411 1.85787 2.20055 2.51073 2.6298 2.63107 2.64111 2.8106 3.03001 3.04164 3.08078 3.22098 3.28939 3.29286 3.47647 3.59169 3.61215 3.62294 3.68523 3.72732 
1.0411 1.85787 2.20055 2.51073 2.6298 2.63107 2.64111 2.8106 3.03001 3.04164 3.08078 3.22098 3.28939 3.29286 3.47647 3.59169 3.61215 3.62294 3.68523 3.72732 
1.0411 1.85787 2.20055 2.51073 2.6298 2.63107 2.64111 2.8106 3.03001 3.04164 3.08078 3.22098 3.28939 3.29286 3.47647 3.59169 3.61215 3.62294 3.68523 3.72732 
1.0411 1.85787 2.20055 2.51073 2.6298 2.63107 2.64111 2.8106 3.03001 3.04164 3.08078 3.22098 3.28939 3.29286 3.47647 3.59169 3.61215 3.62294 3.68523 3.72732 
1.0411 1.85787 2.20055 2.51073 2.6298 2.63107 2.64111 2.8106 3.03001 3.04164 3.08078 3.22098 3.28939 3.29286 3.47647 3.59169 3.61215 3.62294 3.68523 3.72732 
1.0411 1.85787 2.20055 2.51073 2.6298 2.63107 2.64111 2.8106 3.03001 3.04164 3.08078 3.22098 3.28939 3.29286 3.47647 3.59169 3.61215 3.62294 3.68523 3.72732 
1.0411 1.85787 2.20055 2.51073 2.6298 2.63107 2.64111 2.8106 3.03001 3.04164 3.08078 3.22098 3.28939 3.29286 3.47647 3.59169 3.61215 3.62294 3.68523 3.72732 
1.0411 1.85787 2.20055 2.51073 2.6298 2.63107 2.64111 2.8106 3.03001 3.04164 3.08078 3.22098 3.28939 3.29286 3.47647 3.59169 3.61215 3.62294 3.68523 3.72732 
1.0411 1.85787 2.20055 2.51073 2.6298 2.63107 2.64111 2.8106 3.03001 3.04164 3.08078 3.22098 3.28939 3.29286 3.47647 3.59169 3.61215 3.62294 3.68523 3.72732 
1.0411 1.85787 2.20055 2.51073 2.6298 2.63107 2.64111 2.8106 3.03001 3.04164 3.08078 3.22098 3.28939 3.29286 3.47647 3.59169 3.61215 3.62294 3.68523 3.72732 
1.0411 1.85787 2.20055 2.51073 2.6298 2.63107 2.64111 2.8106 3.03001 3.04164 3.08078 3.22098 3.28939 3.29286 3.47647 3.59169 3.61215 3.62294 3.68523 3.72732 
1.0411 1.85787 2.20055 2.51073 2.6298 2.63107 2.64111 2.8106 3.03001 3.04164 3.08078 3.22098 3.28939 3.29286 3.47647 3.59169 3.61215 3.62294 3.68523 3.72732 
1.0411 1.85787 2.20055 2.51073 2.6298 2.63107 2.64111 2.8106 3.03001 3.04164 3.08078 3.22098 3.28939 3.29286 3.47647 3.59169 3.61215 3.62294 3.68523 3.72732 
1.0411 1.85787 2.20055 2.51073 2.6298 2.63107 2.64111 2.8106 3.03001 3.04164 3.08078 3.22098 3.28939 3.29286 3.47647 3.59169 3.61215 3.62294 3.68523 3.72732 
1.0411 1.85787 2.20055 2.51073 2.6298 2.63107 2.64111 2.8106 3.03001 3.04164 3.08078 3.22098 3.28939 3.29286 3.47647 3.59169 3.61215 3.62294 3.68523 3.72732 
1.0411 1.85787 2.20055 2.51073 2.6298 2.63107 2.64111 2.8106 3.03001 3.04164 3.08078 3.22098 3.28939 3.29286 3.47647 3.59169 3.61215 3.62294 3.68523 3.72732 
1.0411 1.85787 2.20055 2.51073 2.6298 2.63107 2.64111 2.8106 3.03001 3.04164 3.08078 3.22098 3.28939 3.29286 3.47647 3.59169 3.61215 3.62294 3.68523 3.72732 
1.0411 1.85787 2.20055 2.51073 2.6298 2.63107 2.64111 2.8106 3.03001 3.04164 3.08078 3.22098 3.28939 3.29286 3.47647 3.59169 3.61215 3.62294 3.68523 3.72732 
1.0411 1.85787 2.20055 2.51073 2.6298 2.63107 2.64111 2.8106 3.03001 3.04164 3.08078 3.22098 3.28939 3.29286 3.47647 3.59169 3.61215 3.62294 3.68523 3.72732 
1.0411 1.85787 2.20055 2.51073 2.6298 2.63107 2.64111 2.8106 3.03001 3.04164 3.08078 3.22098 3.28939 3.29286 3.47647 3.59169 3.61215 3.62294 3.68523 3.72732 
1.0411 1.85787 2.20055 2.51073 2.6298 2.63107 2.64111 2.8106 3.03001 3.04164 3.08078 3.22098 3.28939 3.29286 3.47647 3.59169 3.61215 3.62294 3.68523 3.72732 
1.0411 1.85787 2.20055 2.51073 2.6298 2.63107 2.64111 2.8106 3.03001 3.04164 3.08078 3.22098 3.28939 3.29286 3.47647 3.59169 3.61215 3.62294 3.68523 3.72732 
1.0411 1.85787 2.20055 2.51073 2.6298 2.63107 2.64111 2.8106 3.03001 3.04164 3.08078 3.22098 3.28939 3.29286 3.47647 3.59169 3.61215 3.62294 3.68523 3.72732 
1.0411 1.85787 2.20055 2.51073 2.6298 2.63107 2.64111 2.8106 3.03001 3.04164 3.08078 3.22098 3.28939 3.29286 3.47647 3.59169 3.61215 3.62294 3.68523 3.72732 
1.0411 1.85787 2.20055 2.51073 2.6298 2.63107 2.64111 2.8106 3.03001 3.04164 3.08078 3.22098 3.28939 3.29286 3.47647 3.59169 3.61215 3.62294 3.68523 3.72732 
1.0411 1.85787 2.20055 2.51073 2.6298 2.63107 2.64111 2.8106 3.03001 3.04164 3.08078 3.22098 3.28939 3.29286 3.47647 3.59169 3.61215 3.62294 3.68523 3.72732 
1.0411 1.85787 2.20055 2.51073 2.6298 2.63107 2.64111 2.8106 3.03001 3.04164 3.08078 3.22098 3.28939 3.29286 3.47647 3.59169 3.61215 3.62294 3.68523 3.72732 
1.0411 1.85787 2.20055 2.51073 2.6298 2.63107 2.64111 2.8106 3.03001 3.04164 3.08078 3.22098 3.28939 3.29286 3.47647 3.59169 3.61215 3.62294 3.68523 3.72732 
1.0411 1.85787 2.20055 2.51073 2.6298 2.63107 2.64111 2.8106 3.03001 3.04164 3.08078 3.22098 3.28939 3.29286 3.47647 3.59169 3.61215 3.62294 3.68523 3.72732 
1.0411 1.85787 2.20055 2.51073 2.6298 2.63107 2.64111 2.8106 3.03001 3.04164 3.08078 3.22098 3.28939 3.29286 3.47647 3.59169 3.61215 3.62294 3.68523 3.72732 
1.0411 1.85787 2.20055 2.51073 2.6298 2.63107 2.64111 2.8106 3.03001 3.04164 3.08078 3.22098 3.28939 3.29286 3.47647 3.59169 3.61215 3.62294 3.68523 3.72732 
1.0411 1.85787 2.20055 2.51073 2.6298 2.63107 2.64111 2.8106 3.03001 3.04164 3.08078 3.22098 3.28939 3.29286 3.47647 3.59169 3.61215 3.62294 3.68523 3.72732 
