1.90323 2.1899 2.66453 2.7648 2.78164 4.0985 4.54553 4.83839 5.67436 6.00533 
1.90323 2.1899 2.66453 2.7648 2.78164 3.91184 4.0985 4.54553 4.83839 5.06932 
1.90323 2.1899 2.66453 2.7648 2.78164 3.74048 3.91184 4.0985 4.16304 4.54553 
1.90323 2.1899 2.66453 2.7648 2.78164 3.74048 3.91184 4.00548 4.0985 4.16304 
1.90323 2.1899 2.66453 2.7648 2.78164 3.74048 3.91184 4.00548 4.0985 4.16304 
1.90323 2.1899 2.66453 2.7648 2.78164 3.12948 3.63245 3.6648 3.74048 3.91184 
1.90323 2.1899 2.66453 2.7648 2.78164 3.12948 3.63245 3.6648 3.74048 3.91184 
1.90323 2.1899 2.66453 2.7648 2.78164 3.12948 3.50071 3.63245 3.6648 3.74048 
1.90323 2.1899 2.66453 2.7648 2.78164 2.87538 3.12948 3.50071 3.63245 3.6648 
1.90323 2.1899 2.66453 2.7648 2.78164 2.87538 2.88694 3.12948 3.50071 3.63245 
1.90323 2.1899 2.66453 2.7648 2.78164 2.87538 2.88694 3.12948 3.50071 3.63245 
1.90323 2.1899 2.66453 2.7648 2.78164 2.87538 2.88694 3.12948 3.21654 3.50071 
1.90323 2.1899 2.66453 2.7648 2.78164 2.80584 2.87538 2.88694 3.12948 3.21654 
1.90323 2.1899 2.66453 2.7648 2.78164 2.80584 2.82692 2.87538 2.88694 3.12948 
1.90323 2.1899 2.66453 2.7648 2.78164 2.80584 2.82692 2.87538 2.88694 3.12948 
1.54719 1.90323 2.1899 2.66453 2.7648 2.78164 2.80584 2.82692 2.87538 2.88694 
1.54719 1.90323 2.1899 2.34538 2.66453 2.7648 2.78164 2.80584 2.82692 2.87538 
1.54719 1.90323 2.1899 2.34538 2.66453 2.67406 2.7648 2.78164 2.80584 2.82692 
1.54719 1.90323 2.1899 2.34538 2.66453 2.67406 2.7648 2.78164 2.80584 2.82692 
1.54719 1.90323 2.1899 2.34538 2.66453 2.67406 2.69345 2.7648 2.78164 2.80584 
0.723174 1.54719 1.90323 2.1899 2.34538 2.66453 2.67406 2.69345 2.7648 2.78164 
0.723174 1.54719 1.90323 2.1899 2.34538 2.65012 2.66453 2.67406 2.69345 2.7648 
0.723174 1.54719 1.90323 2.02051 2.1899 2.34538 2.65012 2.66453 2.67406 2.69345 
0.379224 0.723174 1.54719 1.90323 2.02051 2.1899 2.34538 2.65012 2.66453 2.67406 
0.379224 0.723174 1.54719 1.90323 2.02051 2.1899 2.34538 2.65012 2.66453 2.67406 
0.379224 0.723174 1.54719 1.90323 2.02051 2.02511 2.1899 2.34538 2.35519 2.54028 
0.379224 0.723174 1.54719 1.90323 2.02051 2.02511 2.1899 2.29635 2.34538 2.35519 
0.379224 0.723174 1.54719 1.90323 2.02051 2.02511 2.1899 2.29635 2.34538 2.35519 
0.379224 0.723174 1.30643 1.54719 1.82102 1.90323 2.02051 2.02511 2.1899 2.29635 
0.379224 0.723174 1.30643 1.54719 1.82102 1.90323 2.02051 2.02511 2.1899 2.29635 
0.379224 0.723174 1.30643 1.54719 1.82102 1.90323 2.02051 2.02511 2.1899 2.29635 
0.379224 0.723174 1.00892 1.24203 1.28713 1.30643 1.54719 1.82102 1.90323 2.02051 
0.379224 0.618699 0.723174 1.00892 1.24203 1.28713 1.30643 1.54719 1.82102 1.90323 
0.0448753 0.379224 0.618699 0.723174 1.00892 1.24203 1.28713 1.30643 1.54719 1.82102 
0.0448753 0.379224 0.618699 0.723174 1.00892 1.24203 1.28713 1.30643 1.54719 1.82102 
0.0448753 0.379224 0.618699 0.723174 1.00892 1.24203 1.28713 1.30643 1.54719 1.54895 
0.0448753 0.379224 0.618699 0.723174 0.863035 1.00892 1.24203 1.24677 1.28713 1.30643 
0.0448753 0.379224 0.436919 0.618699 0.723174 0.863035 1.00892 1.24203 1.24677 1.28713 
0.0448753 0.379224 0.436919 0.618699 0.723174 0.863035 1.00892 1.24203 1.24677 1.28713 
0.0448753 0.379224 0.436919 0.535947 0.618699 0.723174 0.748273 0.808765 0.863035 0.980339 
0.0448753 0.379224 0.436919 0.535947 0.618699 0.723174 0.748273 0.808765 0.83103 0.863035 
0.0448753 0.379224 0.388055 0.436919 0.535947 0.557575 0.618699 0.723174 0.748273 0.808765 
0.0448753 0.379224 0.388055 0.436919 0.535947 0.557575 0.618699 0.723174 0.748273 0.808765 
0.0448753 0.379224 0.388055 0.436919 0.535947 0.557575 0.618699 0.723174 0.748273 0.808765 
0.0448753 0.379224 0.388055 0.436919 0.535947 0.557575 0.618699 0.723174 0.748273 0.808765 
0.0448753 0.379224 0.388055 0.436919 0.535947 0.557575 0.618699 0.723174 0.748273 0.808765 
0.0448753 0.379224 0.388055 0.417797 0.436919 0.535947 0.557575 0.618699 0.723174 0.748273 
0.0448753 0.379224 0.388055 0.417797 0.436919 0.535947 0.557575 0.618699 0.723174 0.748273 
0.0448753 0.0993531 0.379224 0.388055 0.417797 0.436919 0.535947 0.557575 0.618699 0.655956 
0.0448753 0.0993531 0.379224 0.388055 0.417797 0.436919 0.535947 0.557575 0.618699 0.623992 
0.0448753 0.0993531 0.379224 0.388055 0.417797 0.436919 0.535947 0.557575 0.618699 0.623992 
0.0448753 0.0993531 0.379224 0.388055 0.417797 0.436919 0.535947 0.557575 0.618699 0.623992 
0.0448753 0.0993531 0.379224 0.388055 0.417797 0.436919 0.535947 0.557575 0.588271 0.618699 
0.0448753 0.0993531 0.379224 0.388055 0.417797 0.436919 0.535947 0.557575 0.588271 0.618699 
0.0448753 0.0993531 0.379224 0.388055 0.417797 0.436919 0.442157 0.535947 0.557575 0.588271 
0.0448753 0.0993531 0.379224 0.388055 0.417797 0.436919 0.442157 0.535947 0.557575 0.588271 
0.0448753 0.0993531 0.379224 0.388055 0.417797 0.436919 0.442157 0.535947 0.557575 0.588271 
0.0448753 0.0993531 0.379224 0.388055 0.417797 0.436919 0.442157 0.535947 0.557575 0.588271 
0.0448753 0.0993531 0.379224 0.388055 0.417797 0.436919 0.442157 0.535947 0.557575 0.588271 
0.0448753 0.0993531 0.379224 0.388055 0.417797 0.436919 0.442157 0.535947 0.557575 0.588271 
0.0448753 0.0993531 0.379224 0.388055 0.417797 0.436919 0.442157 0.535947 0.557575 0.588271 
0.0448753 0.0993531 0.379224 0.388055 0.417797 0.436919 0.442157 0.535947 0.557575 0.588271 
0.0448753 0.0993531 0.379224 0.388055 0.417797 0.436919 0.442157 0.535947 0.557575 0.588271 
0.0448753 0.0993531 0.379224 0.388055 0.417797 0.436919 0.442157 0.535947 0.557575 0.588271 
0.0448753 0.0993531 0.379224 0.388055 0.417797 0.436919 0.442157 0.535947 0.557575 0.588271 
0.0448753 0.0993531 0.379224 0.388055 0.417797 0.436919 0.442157 0.535947 0.557575 0.588271 
0.0448753 0.0993531 0.379224 0.388055 0.417797 0.436919 0.442157 0.535947 0.557575 0.588271 
0.0448753 0.0993531 0.379224 0.388055 0.417797 0.436919 0.442157 0.535947 0.557575 0.588271 
0.0448753 0.0993531 0.379224 0.388055 0.417797 0.436919 0.442157 0.535947 0.557575 0.588271 
0.0448753 0.0993531 0.379224 0.388055 0.417797 0.436919 0.442157 0.535947 0.557575 0.588271 
0.0448753 0.0993531 0.379224 0.388055 0.417797 0.436919 0.442157 0.535947 0.557575 0.588271 
0.0448753 0.0993531 0.379224 0.388055 0.417797 0.436919 0.442157 0.535947 0.557575 0.588271 
0.0448753 0.0993531 0.379224 0.388055 0.417797 0.436919 0.442157 0.535947 0.557575 0.588271 
0.0448753 0.0993531 0.379224 0.388055 0.417797 0.436919 0.442157 0.535947 0.557575 0.588271 
0.0448753 0.0993531 0.379224 0.388055 0.417797 0.436919 0.442157 0.535947 0.557575 0.588271 
0.0448753 0.0993531 0.379224 0.388055 0.417797 0.436919 0.442157 0.535947 0.557575 0.588271 
0.0448753 0.0993531 0.379224 0.388055 0.417797 0.436919 0.442157 0.535947 0.557575 0.588271 
0.0448753 0.0993531 0.379224 0.388055 0.417797 0.436919 0.442157 0.535947 0.557575 0.588271 
0.0448753 0.0993531 0.379224 0.388055 0.417797 0.436919 0.442157 0.535947 0.557575 0.588271 
0.0448753 0.0993531 0.379224 0.388055 0.417797 0.436919 0.442157 0.535947 0.557575 0.588271 
0.0448753 0.0993531 0.379224 0.388055 0.417797 0.436919 0.442157 0.535947 0.557575 0.588271 
0.0448753 0.0993531 0.379224 0.388055 0.417797 0.436919 0.442157 0.535947 0.557575 0.588271 
0.0448753 0.0993531 0.379224 0.388055 0.417797 0.436919 0.442157 0.535947 0.557575 0.588271 
0.0448753 0.0993531 0.379224 0.388055 0.417797 0.436919 0.442157 0.535947 0.557575 0.588271 
0.0448753 0.0993531 0.379224 0.388055 0.417797 0.436919 0.442157 0.535947 0.557575 0.588271 
0.0448753 0.0993531 0.379224 0.388055 0.417797 0.436919 0.442157 0.535947 0.557575 0.588271 
0.0448753 0.0993531 0.379224 0.388055 0.417797 0.436919 0.442157 0.535947 0.557575 0.588271 
0.0448753 0.0993531 0.379224 0.388055 0.417797 0.436919 0.442157 0.535947 0.557575 0.588271 
0.0448753 0.0993531 0.379224 0.388055 0.417797 0.436919 0.442157 0.535947 0.557575 0.588271 
0.0448753 0.0993531 0.379224 0.388055 0.417797 0.436919 0.442157 0.535947 0.557575 0.588271 
0.0448753 0.0993531 0.379224 0.388055 0.417797 0.436919 0.442157 0.535947 0.557575 0.588271 
0.0448753 0.0993531 0.379224 0.388055 0.417797 0.436919 0.442157 0.535947 0.557575 0.588271 
0.0448753 0.0993531 0.379224 0.388055 0.417797 0.436919 0.442157 0.535947 0.557575 0.588271 
0.0448753 0.0993531 0.379224 0.388055 0.417797 0.436919 0.442157 0.535947 0.557575 0.588271 
0.0448753 0.0993531 0.379224 0.388055 0.417797 0.436919 0.442157 0.535947 0.557575 0.588271 
0.0448753 0.0993531 0.379224 0.388055 0.417797 0.436919 0.442157 0.535947 0.557575 0.588271 
0.0448753 0.0993531 0.379224 0.388055 0.417797 0.436919 0.442157 0.535947 0.557575 0.588271 
0.0448753 0.0993531 0.379224 0.388055 0.417797 0.436919 0.442157 0.535947 0.557575 0.588271 
0.0448753 0.0993531 0.379224 0.388055 0.417797 0.436919 0.442157 0.535947 0.557575 0.588271 
0.0448753 0.0993531 0.379224 0.388055 0.417797 0.436919 0.442157 0.535947 0.557575 0.588271 
