0.19539 1.85232 2.17583 2.78037 3.06252 3.29674 3.54153 3.57856 3.6241 3.82304 
0.19539 0.277325 1.85232 2.17583 2.69911 2.78037 2.88266 2.97835 3.02898 3.05438 
0.19539 0.277325 1.85232 1.89701 2.17583 2.69911 2.78037 2.81176 2.88266 2.97835 
0.19539 0.277325 1.85232 1.89701 2.17583 2.27438 2.69911 2.78037 2.81176 2.88266 
0.19539 0.277325 0.640848 1.85232 1.89701 2.17583 2.27438 2.69911 2.78037 2.80336 
0.19539 0.277325 0.640848 1.85232 1.89701 2.17583 2.22463 2.27438 2.56223 2.69911 
0.19539 0.277325 0.640848 0.928615 1.7127 1.85232 1.89701 2.17583 2.22463 2.27438 
0.19539 0.277325 0.640848 0.826408 0.928615 1.7127 1.85232 1.89701 2.17583 2.22463 
0.19539 0.277325 0.640848 0.826408 0.928615 1.7127 1.85232 1.87197 1.89701 1.90071 
0.19539 0.277325 0.640848 0.826408 0.928615 1.48969 1.7127 1.85232 1.87197 1.89701 
0.19539 0.277325 0.640848 0.826408 0.928615 1.48969 1.5632 1.7127 1.85232 1.87197 
0.19539 0.277325 0.640848 0.826408 0.928615 1.04804 1.48969 1.5632 1.7127 1.85232 
0.19539 0.277325 0.640848 0.665717 0.826408 0.928615 1.04804 1.48969 1.5632 1.7127 
0.19539 0.277325 0.640848 0.665717 0.826408 0.928615 1.04804 1.27587 1.48969 1.5632 
0.19539 0.277325 0.640848 0.665717 0.826408 0.928615 1.04804 1.27587 1.31326 1.41914 
0.19539 0.277325 0.640848 0.665717 0.826408 0.928615 1.04804 1.25682 1.27587 1.31326 
0.19539 0.277325 0.640848 0.665717 0.826408 0.928615 1.04804 1.25682 1.27587 1.28695 
0.19539 0.277325 0.640848 0.665717 0.826408 0.883784 0.928615 0.981324 1.04804 1.25682 
0.19539 0.277325 0.419137 0.640848 0.665717 0.826408 0.883784 0.928615 0.981324 1.04804 
0.19539 0.277325 0.419137 0.531507 0.640848 0.665717 0.731516 0.826408 0.883784 0.928615 
0.19539 0.277325 0.390477 0.419137 0.531507 0.640848 0.665717 0.731516 0.826408 0.883784 
0.19539 0.277325 0.390477 0.419137 0.531507 0.640848 0.665717 0.731516 0.826408 0.883784 
0.19539 0.277325 0.390477 0.419137 0.531507 0.640848 0.665717 0.700984 0.720838 0.731516 
0.19539 0.277325 0.390477 0.419137 0.531507 0.640848 0.665717 0.700984 0.720838 0.731516 
0.19539 0.209767 0.277325 0.390477 0.419137 0.531507 0.640848 0.665717 0.700984 0.720838 
0.19539 0.209767 0.277325 0.302813 0.390477 0.419137 0.531507 0.640848 0.665717 0.700984 
0.19539 0.209767 0.277325 0.302813 0.390477 0.419137 0.531507 0.640848 0.665717 0.677015 
0.19539 0.209767 0.277325 0.302813 0.390477 0.419137 0.444255 0.531507 0.562227 0.640848 
0.152454 0.19539 0.209767 0.277325 0.302813 0.390477 0.419137 0.444255 0.531507 0.562227 
0.152454 0.19539 0.209767 0.219335 0.277325 0.302813 0.390477 0.419137 0.444255 0.531507 
0.0883802 0.152454 0.19539 0.209767 0.219335 0.277325 0.302813 0.390477 0.419137 0.444255 
0.0883802 0.152454 0.19539 0.209767 0.219335 0.277325 0.302813 0.336543 0.390477 0.419137 
0.0883802 0.127669 0.152454 0.19539 0.209767 0.219335 0.277325 0.302813 0.336543 0.390477 
0.0883802 0.127669 0.152454 0.19539 0.209767 0.219335 0.277325 0.302813 0.336543 0.390477 
0.0883802 0.127669 0.152454 0.19539 0.209767 0.219335 0.227292 0.277325 0.302813 0.336543 
0.0883802 0.127669 0.152454 0.19539 0.209767 0.219335 0.227292 0.277325 0.302813 0.304621 
0.0883802 0.127669 0.152454 0.19539 0.209767 0.219335 0.227292 0.277325 0.302813 0.304621 
0.0883802 0.127669 0.152454 0.19539 0.209767 0.219335 0.227292 0.277325 0.302813 0.304621 
0.0883802 0.127669 0.152454 0.19539 0.209767 0.219335 0.227292 0.277325 0.302813 0.304621 
0.0883802 0.127669 0.152454 0.173234 0.174902 0.19539 0.209767 0.219335 0.227292 0.277325 
0.0883802 0.127669 0.152454 0.173234 0.174902 0.19539 0.209767 0.219335 0.227292 0.277325 
0.044414 0.0883802 0.127669 0.152454 0.173234 0.174902 0.19539 0.209767 0.219335 0.227292 
0.044414 0.0883802 0.127669 0.152454 0.173234 0.174902 0.19539 0.209767 0.219335 0.227292 
0.044414 0.0883802 0.127669 0.152454 0.173234 0.174902 0.19539 0.209767 0.219335 0.227292 
0.044414 0.0883802 0.127669 0.152454 0.173234 0.174902 0.186869 0.19539 0.209767 0.219335 
0.044414 0.0883802 0.127669 0.152454 0.173234 0.174902 0.186869 0.19539 0.209767 0.219335 
0.044414 0.0883802 0.127669 0.152454 0.173234 0.174902 0.186869 0.19539 0.209767 0.219335 
0.044414 0.0648306 0.0851296 0.0883802 0.127669 0.152454 0.173234 0.174902 0.186869 0.19539 
0.044414 0.0648306 0.0851296 0.0883802 0.127669 0.152454 0.173234 0.174902 0.186869 0.19539 
0.0390001 0.044414 0.0648306 0.0851296 0.0883802 0.127669 0.152454 0.173234 0.174902 0.186869 
0.0390001 0.044414 0.0648306 0.0851296 0.0883802 0.127669 0.152454 0.173234 0.174902 0.186869 
0.0209109 0.0390001 0.044414 0.0648306 0.0851296 0.0883802 0.127669 0.152454 0.173234 0.174902 
0.0209109 0.0390001 0.044414 0.0648306 0.0851296 0.0883802 0.127669 0.152454 0.173234 0.174902 
0.0209109 0.0390001 0.044414 0.0648306 0.0851296 0.0883802 0.127669 0.152454 0.168931 0.173234 
0.0209109 0.0390001 0.044414 0.0648306 0.0851296 0.0883802 0.127669 0.152454 0.155993 0.168931 
0.0209109 0.0390001 0.044414 0.0648306 0.0851296 0.0883802 0.104953 0.127669 0.152454 0.155993 
0.0209109 0.0390001 0.044414 0.0648306 0.0851296 0.0883802 0.104953 0.127669 0.152454 0.155993 
0.0209109 0.0390001 0.044414 0.0648306 0.0851296 0.0883802 0.104953 0.127669 0.152454 0.155993 
0.0209109 0.0390001 0.044414 0.0648306 0.0851296 0.0883802 0.104953 0.127669 0.152454 0.155993 
0.0209109 0.0390001 0.044414 0.0648306 0.0851296 0.0883802 0.104953 0.127669 0.152454 0.155993 
0.0209109 0.0390001 0.044414 0.0648306 0.0851296 0.0883802 0.104953 0.127669 0.152454 0.155993 
0.0209109 0.0390001 0.044414 0.0648306 0.0851296 0.0883802 0.104953 0.127669 0.152454 0.155993 
0.0209109 0.0390001 0.044414 0.0648306 0.0851296 0.0883802 0.104953 0.127669 0.152454 0.155993 
0.0209109 0.0390001 0.044414 0.0648306 0.0851296 0.0883802 0.104953 0.127669 0.152454 0.155993 
0.0209109 0.0390001 0.044414 0.0648306 0.0851296 0.0883802 0.104953 0.127669 0.152454 0.155993 
0.0209109 0.0390001 0.044414 0.0648306 0.0851296 0.0883802 0.104953 0.127669 0.152454 0.155993 
0.0209109 0.0390001 0.044414 0.0648306 0.0851296 0.0883802 0.104953 0.127669 0.152454 0.155993 
0.0209109 0.0390001 0.044414 0.0648306 0.0851296 0.0883802 0.104953 0.127669 0.152454 0.155993 
0.0209109 0.0390001 0.044414 0.0648306 0.0851296 0.0883802 0.104953 0.127669 0.152454 0.155993 
0.0209109 0.0390001 0.044414 0.0648306 0.0851296 0.0883802 0.104953 0.127669 0.152454 0.155993 
0.0209109 0.0390001 0.044414 0.0648306 0.0851296 0.0883802 0.104953 0.127669 0.152454 0.155993 
0.0209109 0.0390001 0.044414 0.0648306 0.0851296 0.0883802 0.104953 0.127669 0.152454 0.155993 
0.0209109 0.0390001 0.044414 0.0648306 0.0851296 0.0883802 0.104953 0.127669 0.152454 0.155993 
0.0209109 0.0390001 0.044414 0.0648306 0.0851296 0.0883802 0.104953 0.127669 0.152454 0.155993 
0.0209109 0.0390001 0.044414 0.0648306 0.0851296 0.0883802 0.104953 0.127669 0.152454 0.155993 
0.0209109 0.0390001 0.044414 0.0648306 0.0851296 0.0883802 0.104953 0.127669 0.152454 0.155993 
0.0209109 0.0390001 0.044414 0.0648306 0.0851296 0.0883802 0.104953 0.127669 0.152454 0.155993 
0.0209109 0.0390001 0.044414 0.0648306 0.0851296 0.0883802 0.104953 0.127669 0.152454 0.155993 
0.0209109 0.0390001 0.044414 0.0648306 0.0851296 0.0883802 0.104953 0.127669 0.152454 0.155993 
0.0209109 0.0390001 0.044414 0.0648306 0.0851296 0.0883802 0.104953 0.127669 0.152454 0.155993 
0.0209109 0.0390001 0.044414 0.0648306 0.0851296 0.0883802 0.104953 0.127669 0.152454 0.155993 
0.0209109 0.0390001 0.044414 0.0648306 0.0851296 0.0883802 0.104953 0.127669 0.152454 0.155993 
0.0209109 0.0390001 0.044414 0.0648306 0.0851296 0.0883802 0.104953 0.127669 0.152454 0.155993 
0.0209109 0.0390001 0.044414 0.0648306 0.0851296 0.0883802 0.104953 0.127669 0.152454 0.155993 
0.0209109 0.0390001 0.044414 0.0648306 0.0851296 0.0883802 0.104953 0.127669 0.152454 0.155993 
0.0209109 0.0390001 0.044414 0.0648306 0.0851296 0.0883802 0.104953 0.127669 0.152454 0.155993 
0.0209109 0.0390001 0.044414 0.0648306 0.0851296 0.0883802 0.104953 0.127669 0.152454 0.155993 
0.0209109 0.0390001 0.044414 0.0648306 0.0851296 0.0883802 0.104953 0.127669 0.152454 0.155993 
0.0209109 0.0390001 0.044414 0.0648306 0.0851296 0.0883802 0.104953 0.127669 0.152454 0.155993 
0.0209109 0.0390001 0.044414 0.0648306 0.0851296 0.0883802 0.104953 0.127669 0.152454 0.155366 
0.0209109 0.0390001 0.044414 0.0648306 0.0851296 0.0883802 0.104953 0.127669 0.152454 0.155366 
0.0209109 0.0390001 0.044414 0.0648306 0.0851296 0.0883802 0.104953 0.127669 0.152454 0.153793 
0.0209109 0.0390001 0.044414 0.0648306 0.0851296 0.0883802 0.104953 0.122274 0.127669 0.152454 
0.0209109 0.0390001 0.044414 0.0648306 0.0851296 0.0883802 0.104953 0.122274 0.127669 0.146662 
0.0209109 0.0390001 0.044414 0.0648306 0.0851296 0.0883802 0.104953 0.122274 0.127669 0.146633 
0.0209109 0.0390001 0.044414 0.0648306 0.0851296 0.0883802 0.104953 0.122274 0.127669 0.136608 
0.0209109 0.0390001 0.044414 0.0648306 0.0851296 0.0883802 0.104953 0.122274 0.127079 0.127669 
0.0209109 0.0390001 0.044414 0.0648306 0.0851296 0.0883802 0.104953 0.106317 0.119143 0.122274 
0.0209109 0.0390001 0.044414 0.0648306 0.0851296 0.0883802 0.104953 0.106317 0.108608 0.111165 
0.0209109 0.0390001 0.044414 0.0648306 0.0851296 0.0883802 0.104953 0.106317 0.108608 0.111165 
