0.620436 2.9112 3.25704 3.41104 3.44898 3.51084 3.60223 3.63542 3.84051 4.12736 
0.305684 0.620436 2.9112 2.97774 3.25704 3.41104 3.44898 3.46131 3.51084 3.53794 
0.305684 0.620436 2.77097 2.9112 2.97774 3.20547 3.25704 3.34223 3.41104 3.44898 
0.305684 0.620436 2.6273 2.77097 2.9112 2.97774 3.20547 3.25704 3.34223 3.41104 
0.305684 0.620436 1.7856 2.6273 2.77097 2.9112 2.97774 3.19659 3.20547 3.25704 
0.305684 0.620436 1.7856 2.6273 2.77097 2.9112 2.97774 3.19659 3.20547 3.25704 
0.305684 0.620436 1.24334 1.7856 1.85202 2.6273 2.77097 2.9112 2.97774 3.19659 
0.305684 0.620436 0.958396 1.24334 1.28461 1.7856 1.85202 2.57165 2.6273 2.77097 
0.305684 0.620436 0.958396 1.17363 1.24334 1.28461 1.7856 1.85202 2.56819 2.57165 
0.305684 0.620436 0.958396 1.17363 1.24334 1.28461 1.7856 1.85202 2.56819 2.57165 
0.305684 0.620436 0.958396 1.17363 1.24334 1.28461 1.7856 1.85202 2.56819 2.57165 
0.211011 0.305684 0.620436 0.958396 1.17363 1.24334 1.28461 1.7856 1.85202 2.44003 
0.211011 0.305684 0.620436 0.958396 1.06725 1.17363 1.22338 1.24334 1.28461 1.7856 
0.211011 0.305684 0.620436 0.958396 1.06725 1.17363 1.22338 1.24334 1.28461 1.62955 
0.211011 0.305684 0.620436 0.958396 1.06725 1.08758 1.17363 1.22338 1.24334 1.26974 
0.211011 0.305684 0.620436 0.958396 1.06725 1.08758 1.17363 1.22338 1.24334 1.26974 
0.211011 0.305684 0.620436 0.757578 0.958396 1.06725 1.08758 1.17363 1.22338 1.24334 
0.211011 0.305684 0.620436 0.757578 0.958396 1.06725 1.08758 1.17363 1.22338 1.24334 
0.211011 0.305684 0.620436 0.757578 0.810256 0.958396 1.06725 1.08758 1.17363 1.22338 
0.211011 0.273899 0.305684 0.620436 0.757578 0.810256 0.958396 1.06725 1.08758 1.17363 
0.211011 0.273899 0.305684 0.385402 0.620436 0.757578 0.810256 0.958396 1.06725 1.08758 
0.211011 0.273899 0.305684 0.385402 0.620436 0.757578 0.810256 0.958396 1.06725 1.08758 
0.211011 0.273899 0.305684 0.385402 0.620436 0.757578 0.810256 0.95283 0.958396 1.06725 
0.211011 0.273899 0.305684 0.385402 0.444446 0.620436 0.757578 0.810256 0.95283 0.958396 
0.211011 0.273899 0.305684 0.385402 0.444446 0.620436 0.757578 0.810256 0.95283 0.958396 
0.211011 0.251472 0.273899 0.305684 0.385402 0.444446 0.620436 0.757578 0.810256 0.818401 
0.211011 0.251472 0.273899 0.305684 0.385402 0.444446 0.620436 0.757578 0.810256 0.818401 
0.211011 0.251472 0.273899 0.305684 0.385402 0.444446 0.620436 0.626691 0.757578 0.810256 
0.211011 0.251472 0.273899 0.305684 0.347213 0.385402 0.444446 0.620436 0.626691 0.757578 
0.211011 0.251472 0.273899 0.305684 0.347213 0.385402 0.444446 0.620436 0.626691 0.757578 
0.211011 0.251472 0.273899 0.305684 0.347213 0.385402 0.444446 0.517547 0.620436 0.626691 
0.211011 0.251472 0.273899 0.305684 0.347213 0.385402 0.444446 0.517547 0.620436 0.626691 
0.211011 0.251472 0.273899 0.305684 0.347213 0.385402 0.444446 0.517547 0.620436 0.626691 
0.194542 0.211011 0.251472 0.273899 0.305684 0.347213 0.385402 0.396929 0.444446 0.517547 
0.194542 0.211011 0.251472 0.273899 0.305684 0.347213 0.385402 0.396929 0.430952 0.444446 
0.0637072 0.194542 0.211011 0.251472 0.273899 0.305684 0.347213 0.385402 0.396929 0.430952 
0.0637072 0.194542 0.211011 0.251472 0.273899 0.305684 0.347213 0.385402 0.396929 0.401576 
0.0637072 0.194542 0.211011 0.251472 0.273899 0.305684 0.347213 0.348319 0.385402 0.396929 
0.0637072 0.134977 0.194542 0.211011 0.250807 0.251472 0.273899 0.305684 0.347213 0.348319 
0.0637072 0.134977 0.194542 0.211011 0.250711 0.250807 0.251472 0.273899 0.305684 0.347213 
0.0423896 0.0637072 0.134977 0.194542 0.211011 0.250711 0.250807 0.251472 0.273899 0.305684 
0.0423896 0.0637072 0.134977 0.194542 0.211011 0.250711 0.250807 0.251472 0.273899 0.305684 
0.0423896 0.0637072 0.0720694 0.127643 0.134977 0.194542 0.211011 0.250711 0.250807 0.251472 
0.0423896 0.0637072 0.0720694 0.127643 0.134977 0.194542 0.211011 0.250711 0.250807 0.251472 
0.0423896 0.0637072 0.0720694 0.127643 0.134977 0.194542 0.211011 0.250711 0.250807 0.251472 
0.0423896 0.0637072 0.0720694 0.0842369 0.127643 0.134977 0.194542 0.211011 0.250711 0.250807 
0.0423896 0.0637072 0.0720694 0.0842369 0.127643 0.134977 0.183723 0.194542 0.211011 0.250711 
0.0423896 0.0637072 0.0720694 0.0805129 0.0842369 0.127643 0.134977 0.143967 0.183723 0.194542 
0.0423896 0.0637072 0.0720694 0.0805129 0.0842369 0.127643 0.134977 0.143967 0.183723 0.194542 
0.0423896 0.0637072 0.0720694 0.0805129 0.0842369 0.127643 0.134977 0.143967 0.183723 0.194542 
0.0423896 0.0637072 0.0720694 0.0805129 0.0842369 0.127643 0.134977 0.143967 0.183723 0.194542 
0.0423896 0.0637072 0.0720694 0.0805129 0.0842369 0.127643 0.134977 0.143967 0.183723 0.194542 
0.0423896 0.0637072 0.0720694 0.0805129 0.0842369 0.127643 0.134977 0.143967 0.153749 0.183723 
0.0423896 0.0637072 0.0720694 0.0805129 0.0842369 0.127643 0.134977 0.143967 0.153749 0.183723 
0.0423896 0.0637072 0.0720694 0.0805129 0.0842369 0.127643 0.134977 0.143967 0.153749 0.183723 
0.0423896 0.0637072 0.0720694 0.0805129 0.0842369 0.127643 0.134977 0.143967 0.153749 0.183723 
0.0423896 0.0637072 0.0720694 0.0805129 0.0842369 0.127643 0.134977 0.143967 0.153749 0.183723 
0.0423896 0.0637072 0.0720694 0.0805129 0.0842369 0.127643 0.134977 0.143967 0.153749 0.183723 
0.0423896 0.0637072 0.0720694 0.0805129 0.0842369 0.127643 0.134977 0.143967 0.153749 0.183723 
0.0423896 0.0637072 0.0720694 0.0805129 0.0842369 0.127643 0.134977 0.143967 0.153749 0.183723 
0.0423896 0.0637072 0.0720694 0.0805129 0.0842369 0.127643 0.134977 0.143967 0.153749 0.183723 
0.0423896 0.0637072 0.0720694 0.0805129 0.0842369 0.127643 0.134977 0.143967 0.153749 0.183723 
0.0423896 0.0637072 0.0720694 0.0805129 0.0842369 0.127643 0.134977 0.143967 0.153749 0.183723 
0.0423896 0.0637072 0.0720694 0.0805129 0.0842369 0.127643 0.134977 0.143967 0.153749 0.183723 
0.0423896 0.0637072 0.0720694 0.0805129 0.0842369 0.127643 0.134977 0.143967 0.153749 0.183723 
0.0423896 0.0637072 0.0720694 0.0805129 0.0842369 0.127643 0.134977 0.143967 0.153749 0.183723 
0.0423896 0.0637072 0.0720694 0.0805129 0.0842369 0.127643 0.134977 0.143967 0.153749 0.183723 
0.0423896 0.0637072 0.0720694 0.0805129 0.0842369 0.127643 0.134977 0.143967 0.153749 0.183723 
0.0423896 0.0637072 0.0720694 0.0805129 0.0842369 0.127643 0.134977 0.143967 0.153749 0.183723 
0.0423896 0.0637072 0.0720694 0.0805129 0.0842369 0.127643 0.134977 0.143967 0.153749 0.183723 
0.0423896 0.0637072 0.0720694 0.0805129 0.0842369 0.127643 0.134977 0.143967 0.153749 0.183723 
0.0423896 0.0637072 0.0720694 0.0805129 0.0842369 0.127643 0.134977 0.143967 0.153749 0.183723 
0.0423896 0.0637072 0.0720694 0.0805129 0.0842369 0.127643 0.134977 0.143967 0.153749 0.183723 
0.0423896 0.0637072 0.0720694 0.0805129 0.0842369 0.127643 0.134977 0.143967 0.153749 0.183723 
0.0423896 0.0637072 0.0720694 0.0805129 0.0842369 0.127643 0.134977 0.143967 0.153749 0.183723 
0.0423896 0.0637072 0.0720694 0.0805129 0.0842369 0.127643 0.134977 0.143967 0.153749 0.183723 
0.0423896 0.0637072 0.0720694 0.0805129 0.0842369 0.127643 0.134977 0.143967 0.153749 0.183723 
0.0423896 0.0637072 0.0720694 0.0805129 0.0842369 0.127643 0.134977 0.143967 0.153749 0.183723 
0.0423896 0.0637072 0.0720694 0.0805129 0.0842369 0.127643 0.134977 0.143967 0.153749 0.183723 
0.0423896 0.0637072 0.0720694 0.0805129 0.0842369 0.127643 0.134977 0.143967 0.153749 0.183723 
0.0423896 0.0637072 0.0720694 0.0805129 0.0842369 0.127643 0.134977 0.143967 0.153749 0.183723 
0.0423896 0.0637072 0.0720694 0.0805129 0.0842369 0.127643 0.134977 0.143967 0.153749 0.183723 
0.0423896 0.0637072 0.0720694 0.0805129 0.0842369 0.127643 0.134977 0.143967 0.153749 0.183723 
0.0423896 0.0637072 0.0720694 0.0805129 0.0842369 0.127643 0.134977 0.143967 0.153749 0.183723 
0.0423896 0.0637072 0.0720694 0.0805129 0.0842369 0.127643 0.134977 0.143967 0.153749 0.183723 
0.0423896 0.0637072 0.0720694 0.0805129 0.0842369 0.127643 0.134977 0.143967 0.153749 0.183723 
0.0423896 0.0637072 0.0720694 0.0805129 0.0842369 0.127643 0.134977 0.143967 0.153749 0.183723 
0.0423896 0.0637072 0.0720694 0.0805129 0.0842369 0.127643 0.134977 0.143967 0.153749 0.17926 
0.0423896 0.0637072 0.0720694 0.0805129 0.0842369 0.127643 0.134977 0.143967 0.153749 0.17926 
0.0423896 0.0637072 0.0720694 0.0805129 0.0842369 0.127643 0.134977 0.143967 0.153749 0.17926 
0.0423896 0.0637072 0.0720694 0.0805129 0.0842369 0.127643 0.134977 0.143967 0.153749 0.17926 
0.0423896 0.0637072 0.0720694 0.0805129 0.0842369 0.127643 0.134977 0.143967 0.153749 0.16248 
0.0423896 0.0637072 0.0720694 0.0805129 0.0842369 0.127643 0.134977 0.143967 0.153749 0.16248 
0.0423896 0.0637072 0.0720694 0.0805129 0.0842369 0.127643 0.134977 0.143967 0.153749 0.16248 
0.0423896 0.0637072 0.0720694 0.0805129 0.0842369 0.127643 0.134977 0.143967 0.153749 0.158201 
0.0423896 0.0637072 0.0720694 0.0805129 0.0842369 0.127643 0.134977 0.143967 0.153749 0.158201 
0.0423896 0.0637072 0.0720694 0.0805129 0.0842369 0.127643 0.134977 0.143967 0.153749 0.154261 
0.0423896 0.0637072 0.0720694 0.0805129 0.0842369 0.127643 0.134977 0.143967 0.153749 0.154261 
0.0423896 0.0637072 0.0720694 0.0805129 0.0842369 0.127643 0.134977 0.143967 0.153749 0.154261 
0.0423896 0.0637072 0.0720694 0.0805129 0.0842369 0.127643 0.134977 0.141725 0.143967 0.153749 
