0.299772 0.876568 1.91657 2.46811 3.16987 3.51959 3.5322 3.74914 3.78227 3.99101 
0.299772 0.876568 1.91657 2.46811 3.09273 3.16987 3.25137 3.31891 3.51959 3.5322 
0.299772 0.876568 1.91657 2.46811 3.09273 3.13126 3.16987 3.25137 3.25213 3.31891 
0.299772 0.497912 0.876568 1.91262 1.91657 2.46811 2.99682 3.09273 3.13126 3.16136 
0.299772 0.497912 0.876568 1.86055 1.91262 1.91657 2.325 2.46811 2.99682 3.09273 
0.299772 0.497912 0.876568 1.86055 1.86644 1.91262 1.91657 2.17254 2.325 2.46811 
0.299772 0.497912 0.876568 1.86055 1.86644 1.91262 1.91657 2.17254 2.325 2.46811 
0.299772 0.497912 0.876568 1.86055 1.86644 1.91262 1.91657 2.17254 2.325 2.46811 
0.299772 0.497912 0.876568 1.10666 1.39678 1.86055 1.86644 1.91262 1.91657 2.17254 
0.299772 0.497912 0.876568 1.10666 1.39678 1.55118 1.86055 1.86644 1.89453 1.91262 
0.299772 0.497912 0.876568 1.10666 1.39678 1.55118 1.86055 1.86644 1.89453 1.91262 
0.299772 0.497912 0.501767 0.661867 0.876568 1.10666 1.39678 1.55118 1.86055 1.86644 
0.299772 0.497912 0.501767 0.661867 0.876568 1.10666 1.39678 1.55118 1.86055 1.86644 
0.299772 0.497912 0.501767 0.661867 0.876568 1.10666 1.39678 1.43321 1.55118 1.86055 
0.299772 0.497912 0.501767 0.661867 0.876568 1.10666 1.39678 1.43321 1.55118 1.86055 
0.299772 0.497912 0.501767 0.661867 0.823747 0.876568 1.10666 1.39678 1.43321 1.55118 
0.299772 0.497912 0.501767 0.661867 0.823747 0.876568 1.10666 1.39678 1.43321 1.55118 
0.299772 0.497912 0.501767 0.661867 0.823747 0.876568 0.937448 1.10666 1.39678 1.43321 
0.299772 0.497912 0.501767 0.559867 0.661867 0.823747 0.876568 0.937448 1.10666 1.29423 
0.299772 0.497912 0.501767 0.559867 0.661867 0.823747 0.876568 0.937448 1.10666 1.29423 
0.299772 0.399549 0.497912 0.501767 0.559867 0.661867 0.823747 0.876568 0.937448 1.10666 
0.299772 0.399549 0.497912 0.501767 0.559867 0.661867 0.823747 0.876568 0.937448 1.10666 
0.169818 0.299772 0.399549 0.497912 0.501767 0.547876 0.559867 0.661867 0.666397 0.823747 
0.169818 0.299772 0.399549 0.497912 0.501767 0.547876 0.559867 0.661867 0.666397 0.784597 
0.169818 0.299772 0.399549 0.497912 0.501767 0.547876 0.559867 0.661867 0.666397 0.784597 
0.169818 0.284199 0.299772 0.389457 0.399549 0.497912 0.501767 0.547876 0.559867 0.661867 
0.169818 0.284199 0.299772 0.389457 0.399549 0.497912 0.501767 0.547876 0.559867 0.661867 
0.169818 0.284199 0.299772 0.389457 0.399549 0.497912 0.501767 0.547876 0.559867 0.661867 
0.169818 0.284199 0.299772 0.389457 0.399549 0.497912 0.501767 0.547876 0.557353 0.559867 
0.169818 0.284199 0.299772 0.389457 0.399549 0.497912 0.501767 0.547876 0.557353 0.559867 
0.169818 0.254824 0.284199 0.299772 0.389457 0.399549 0.497912 0.501767 0.517827 0.547876 
0.169818 0.254824 0.284199 0.299772 0.389457 0.399549 0.497912 0.501767 0.517827 0.520586 
0.169818 0.254824 0.284199 0.299772 0.389457 0.399549 0.497912 0.501767 0.517827 0.520586 
0.169818 0.254824 0.284199 0.299772 0.389457 0.399549 0.497912 0.501767 0.517827 0.520586 
0.169818 0.254824 0.266059 0.284199 0.299772 0.389457 0.399549 0.497912 0.501767 0.517827 
0.169818 0.254824 0.266059 0.284199 0.299772 0.389457 0.399549 0.497912 0.501767 0.517827 
0.169818 0.254824 0.266059 0.284199 0.299772 0.311601 0.389457 0.399549 0.497912 0.501767 
0.169818 0.254824 0.266059 0.284199 0.299772 0.311601 0.389457 0.399549 0.448659 0.497912 
0.0314484 0.169818 0.254824 0.266059 0.284199 0.293563 0.299772 0.311601 0.389457 0.399549 
0.0314484 0.169818 0.187736 0.254824 0.266059 0.284199 0.293563 0.299772 0.311601 0.389457 
0.0314484 0.169818 0.187736 0.254824 0.266059 0.284199 0.293563 0.299772 0.311601 0.389457 
0.0314484 0.169818 0.187736 0.254824 0.266059 0.284199 0.284683 0.293563 0.299772 0.311601 
0.0314484 0.168479 0.169818 0.187736 0.254824 0.266059 0.284199 0.284683 0.293563 0.299772 
0.0314484 0.168479 0.169818 0.183055 0.187736 0.254824 0.266059 0.284199 0.284683 0.293563 
0.0314484 0.168479 0.169818 0.183055 0.187736 0.254824 0.266059 0.284199 0.284683 0.293563 
0.0314484 0.168479 0.169818 0.183055 0.187736 0.254824 0.266059 0.284199 0.284683 0.293563 
0.0314484 0.168479 0.169818 0.183055 0.187736 0.223938 0.254824 0.266059 0.284199 0.284683 
0.0314484 0.168479 0.169818 0.183055 0.187736 0.223938 0.254824 0.261976 0.266059 0.284199 
0.0314484 0.168479 0.169818 0.183055 0.187736 0.223938 0.254824 0.261976 0.266059 0.284199 
0.0314484 0.168479 0.169818 0.183055 0.187736 0.223938 0.254824 0.261976 0.266059 0.284199 
0.0314484 0.168479 0.169818 0.183055 0.187736 0.223938 0.254824 0.261976 0.266059 0.284199 
0.0314484 0.168479 0.169818 0.183055 0.187736 0.223938 0.254824 0.261976 0.266059 0.284199 
0.0314484 0.168479 0.169818 0.183055 0.187736 0.223938 0.254824 0.261976 0.266059 0.284199 
0.0314484 0.168479 0.169818 0.183055 0.187736 0.223938 0.254824 0.261976 0.266059 0.284199 
0.0314484 0.168479 0.169818 0.183055 0.187736 0.223938 0.254824 0.261976 0.266059 0.284199 
0.0314484 0.168479 0.169818 0.183055 0.187736 0.223938 0.254824 0.261976 0.266059 0.284199 
0.0314484 0.168479 0.169818 0.183055 0.187736 0.223938 0.254824 0.261976 0.266059 0.284199 
0.0314484 0.168479 0.169818 0.183055 0.187736 0.223938 0.254824 0.261976 0.266059 0.284199 
0.0314484 0.168479 0.169818 0.183055 0.187736 0.223938 0.254824 0.261976 0.266059 0.284199 
0.0314484 0.168479 0.169818 0.183055 0.187736 0.223938 0.254824 0.261976 0.266059 0.284199 
0.0314484 0.168479 0.169818 0.183055 0.187736 0.223938 0.254824 0.261976 0.266059 0.284199 
0.0314484 0.168479 0.169818 0.183055 0.187736 0.223938 0.254824 0.261976 0.266059 0.284199 
0.0314484 0.168479 0.169818 0.183055 0.187736 0.223938 0.254824 0.261976 0.266059 0.284199 
0.0314484 0.168479 0.169818 0.183055 0.187736 0.223938 0.254824 0.261976 0.266059 0.284199 
0.0314484 0.168479 0.169818 0.183055 0.187736 0.223938 0.254824 0.261976 0.266059 0.284199 
0.0314484 0.168479 0.169818 0.183055 0.187736 0.223938 0.254824 0.261976 0.266059 0.284199 
0.0314484 0.168479 0.169818 0.183055 0.187736 0.223938 0.254824 0.261976 0.266059 0.284199 
0.0314484 0.168479 0.169818 0.183055 0.187736 0.223938 0.254824 0.261976 0.266059 0.284199 
0.0314484 0.168479 0.169818 0.183055 0.187736 0.223938 0.254824 0.261976 0.266059 0.284199 
0.0314484 0.168479 0.169818 0.183055 0.187736 0.223938 0.254824 0.261976 0.266059 0.284199 
0.0314484 0.168479 0.169818 0.183055 0.187736 0.223938 0.254824 0.261976 0.266059 0.284199 
0.0314484 0.168479 0.169818 0.183055 0.187736 0.223938 0.254824 0.261976 0.266059 0.284199 
0.0314484 0.168479 0.169818 0.183055 0.187736 0.223938 0.254824 0.254827 0.261976 0.266059 
0.0314484 0.168479 0.169818 0.183055 0.187736 0.223938 0.254824 0.254827 0.261976 0.266059 
0.0314484 0.168479 0.169818 0.183055 0.187736 0.223938 0.254824 0.254827 0.261976 0.263103 
0.0314484 0.168479 0.169818 0.183055 0.187736 0.223938 0.254824 0.254827 0.261976 0.263103 
0.0314484 0.168479 0.169818 0.183055 0.187736 0.223938 0.254824 0.254827 0.261976 0.263103 
0.0314484 0.168479 0.169818 0.183055 0.187736 0.223938 0.254824 0.254827 0.261976 0.263103 
0.0314484 0.168479 0.169818 0.183055 0.187736 0.223938 0.254824 0.254827 0.261976 0.263103 
0.0314484 0.168479 0.169818 0.183055 0.187736 0.223938 0.254824 0.254827 0.261976 0.263103 
0.0314484 0.168479 0.169818 0.183055 0.187736 0.223938 0.235145 0.254824 0.254827 0.261976 
0.0314484 0.168479 0.169818 0.183055 0.187736 0.223938 0.235145 0.254824 0.254827 0.261976 
0.0314484 0.168479 0.169818 0.183055 0.187736 0.223938 0.235145 0.244229 0.254824 0.254827 
0.0314484 0.168479 0.169818 0.183055 0.187736 0.199744 0.2192 0.223938 0.235145 0.244229 
0.0314484 0.168479 0.169818 0.183055 0.187736 0.199744 0.2192 0.219929 0.223938 0.235145 
0.0314484 0.168479 0.169818 0.183055 0.187736 0.199744 0.2192 0.219335 0.219929 0.223938 
0.0314484 0.143863 0.147389 0.168479 0.169818 0.183055 0.187736 0.199744 0.2192 0.219335 
0.0314484 0.139783 0.143863 0.147389 0.168479 0.169818 0.183055 0.187736 0.199744 0.2192 
0.0314484 0.139783 0.143863 0.147389 0.168479 0.169818 0.183055 0.187736 0.199744 0.2192 
0.0314484 0.139783 0.143863 0.144757 0.147389 0.168479 0.169818 0.183055 0.187736 0.199744 
0.0314484 0.132788 0.139783 0.143863 0.144757 0.147389 0.164575 0.168479 0.169818 0.183055 
0.0314484 0.132788 0.139783 0.143863 0.144757 0.147389 0.164575 0.168479 0.169818 0.176826 
0.0314484 0.132788 0.139783 0.143863 0.144757 0.147389 0.153463 0.164575 0.168479 0.169818 
0.0314484 0.118798 0.132788 0.139783 0.143863 0.144757 0.147389 0.153463 0.161364 0.164575 
0.0314484 0.118798 0.132788 0.139783 0.143863 0.144757 0.147389 0.153463 0.161364 0.164575 
0.0314484 0.118798 0.132788 0.135726 0.139783 0.143863 0.144757 0.147389 0.153463 0.161364 
0.0314484 0.103567 0.10947 0.118798 0.132788 0.135726 0.139783 0.143863 0.144757 0.147389 
0.0314484 0.103567 0.10947 0.118798 0.132788 0.135726 0.139783 0.143863 0.144757 0.147389 
0.0314484 0.103567 0.10947 0.118798 0.123069 0.124697 0.132788 0.135726 0.139783 0.143863 
0.0314484 0.103567 0.10947 0.115296 0.118798 0.123069 0.124697 0.132788 0.135726 0.139783 
