2.99166 3.0573 3.23919 3.25756 3.27216 3.27422 3.38733 3.7642 3.8304 3.97765 
0.416664 0.953312 2.47531 2.58195 2.71954 2.83379 2.97759 2.99166 3.0573 3.23919 
0.416664 0.953312 1.80067 2.02261 2.41292 2.47531 2.58195 2.71954 2.83379 2.97759 
0.416664 0.953312 1.80067 2.02261 2.41292 2.47531 2.58195 2.71954 2.83379 2.97759 
0.416664 0.935193 0.953312 1.80067 1.88013 2.02261 2.20468 2.30278 2.41292 2.47531 
0.295414 0.416664 0.935193 0.953312 1.67217 1.80067 1.88013 2.02261 2.20468 2.30278 
0.295414 0.416664 0.479996 0.935193 0.953312 1.67217 1.80067 1.88013 2.02261 2.20468 
0.295414 0.416664 0.479996 0.604844 0.935193 0.953312 1.07461 1.67217 1.80067 1.88013 
0.295414 0.416664 0.479996 0.604844 0.935193 0.953312 1.07461 1.47649 1.67217 1.80067 
0.295414 0.299514 0.416664 0.479996 0.604844 0.935193 0.953312 1.07461 1.47649 1.67217 
0.295414 0.299514 0.416664 0.479996 0.604844 0.935193 0.953312 1.07461 1.47649 1.67217 
0.295414 0.299514 0.416664 0.479996 0.604844 0.935193 0.953312 1.07461 1.47649 1.48489 
0.295414 0.299514 0.416664 0.479996 0.604844 0.813149 0.935193 0.953312 1.07461 1.47649 
0.295414 0.299514 0.416664 0.479996 0.604844 0.813149 0.835873 0.935193 0.953312 1.07461 
0.295414 0.299514 0.416664 0.479996 0.604844 0.813149 0.835873 0.908571 0.935193 0.953312 
0.295414 0.299514 0.416664 0.439224 0.479996 0.604844 0.813149 0.835873 0.908571 0.935193 
0.295414 0.299514 0.416664 0.439224 0.479996 0.604844 0.813149 0.835873 0.908571 0.935193 
0.295414 0.299514 0.416664 0.439224 0.479996 0.604844 0.813149 0.835873 0.908571 0.928777 
0.295414 0.299514 0.416664 0.439224 0.479996 0.604844 0.813149 0.835873 0.908571 0.928777 
0.295414 0.299514 0.416664 0.439224 0.479996 0.604844 0.658537 0.813149 0.835873 0.908571 
0.295414 0.299514 0.416664 0.439224 0.479996 0.604844 0.658537 0.813149 0.835873 0.908571 
0.168291 0.295414 0.299514 0.411858 0.416664 0.439224 0.479996 0.604844 0.658537 0.809929 
0.168291 0.295414 0.299514 0.411858 0.416664 0.439224 0.479996 0.604844 0.658537 0.809929 
0.168291 0.295414 0.299514 0.411858 0.416664 0.439224 0.479996 0.604844 0.658537 0.809929 
0.168291 0.295414 0.299514 0.411858 0.416664 0.439224 0.479996 0.604844 0.658537 0.809929 
0.168291 0.295414 0.299514 0.411858 0.416664 0.439224 0.479996 0.604844 0.658537 0.809929 
0.168291 0.295414 0.299514 0.411858 0.416664 0.439224 0.479996 0.604844 0.658537 0.809929 
0.168291 0.295414 0.299514 0.411858 0.416664 0.439224 0.479996 0.604844 0.658537 0.809929 
0.168291 0.182788 0.249185 0.295414 0.299514 0.411858 0.416664 0.439224 0.479996 0.604844 
0.168291 0.182788 0.197689 0.249185 0.295414 0.299514 0.411858 0.416664 0.439224 0.479996 
0.168291 0.182788 0.197689 0.249185 0.295414 0.299514 0.411858 0.416664 0.439224 0.479996 
0.138201 0.168291 0.182788 0.197689 0.249185 0.295414 0.299514 0.411858 0.416664 0.439224 
0.138201 0.168291 0.182788 0.197689 0.249185 0.295414 0.299514 0.411858 0.416664 0.439224 
0.138201 0.168291 0.182788 0.197689 0.249185 0.295414 0.299514 0.411858 0.416664 0.439224 
0.118992 0.138201 0.168291 0.182788 0.197689 0.249185 0.295414 0.299514 0.411858 0.416664 
0.118992 0.138201 0.168291 0.182788 0.197689 0.249185 0.295414 0.299514 0.411858 0.416664 
0.118992 0.138201 0.168291 0.182788 0.197689 0.249185 0.295414 0.299514 0.411858 0.416664 
0.118992 0.138201 0.168291 0.182788 0.197689 0.249185 0.295414 0.299514 0.411858 0.416664 
0.118992 0.138201 0.168291 0.182788 0.197689 0.249185 0.276557 0.295414 0.299514 0.411858 
0.118992 0.138201 0.168291 0.182788 0.197689 0.207196 0.249185 0.276557 0.295414 0.299514 
0.118992 0.138201 0.165326 0.168291 0.182788 0.197689 0.207196 0.249185 0.276557 0.295414 
0.118992 0.123502 0.138201 0.165326 0.168291 0.182788 0.197689 0.207196 0.249185 0.276557 
0.118992 0.123502 0.138201 0.165326 0.168291 0.182788 0.197689 0.207196 0.249185 0.276557 
0.118992 0.123502 0.138201 0.165326 0.168291 0.182788 0.197689 0.207196 0.249185 0.276557 
0.0420872 0.118992 0.123502 0.138201 0.165326 0.168291 0.182788 0.197689 0.207196 0.249185 
0.0420872 0.118992 0.123502 0.138201 0.165326 0.168291 0.182788 0.197689 0.207196 0.249185 
0.0420872 0.118992 0.123502 0.138201 0.165326 0.168291 0.182788 0.197689 0.207196 0.231588 
0.0420872 0.118992 0.123502 0.138201 0.14456 0.165326 0.168291 0.182788 0.197689 0.203183 
0.0420872 0.118992 0.123502 0.138201 0.14456 0.165326 0.168291 0.182788 0.197689 0.203183 
0.0420872 0.118992 0.123502 0.138201 0.14456 0.165326 0.168291 0.182788 0.197689 0.203183 
0.0420872 0.118992 0.123502 0.138201 0.14456 0.165326 0.168291 0.182788 0.197689 0.203183 
0.0420872 0.118992 0.123502 0.138201 0.14456 0.165326 0.168291 0.182788 0.197689 0.203183 
0.0420872 0.118992 0.123502 0.138201 0.14456 0.165326 0.168291 0.182788 0.197689 0.203183 
0.0420872 0.118992 0.123502 0.138201 0.14456 0.165326 0.168291 0.182788 0.197689 0.203183 
0.0420872 0.118992 0.123502 0.138201 0.14456 0.165326 0.168291 0.182788 0.197689 0.203183 
0.0420872 0.118992 0.123502 0.138201 0.14456 0.165326 0.168291 0.182788 0.197689 0.203183 
0.0420872 0.118992 0.123502 0.138201 0.14456 0.165326 0.168291 0.182788 0.197689 0.203183 
0.0420872 0.118992 0.123502 0.138201 0.14456 0.165326 0.168291 0.182788 0.197689 0.203183 
0.0420872 0.118992 0.123502 0.138201 0.14456 0.165326 0.168291 0.182788 0.197689 0.203183 
0.0420872 0.118992 0.123502 0.138201 0.14456 0.165326 0.168291 0.182788 0.197689 0.203183 
0.0420872 0.118992 0.123502 0.138201 0.14456 0.165326 0.168291 0.182788 0.197689 0.203183 
0.0420872 0.118992 0.123502 0.138201 0.14456 0.165326 0.168291 0.182788 0.197689 0.203183 
0.0420872 0.118992 0.123502 0.138201 0.14456 0.165326 0.168291 0.182788 0.197689 0.203183 
0.0420872 0.118992 0.123502 0.138201 0.14456 0.165326 0.168291 0.182788 0.197689 0.203183 
0.0420872 0.118992 0.123502 0.138201 0.14456 0.165326 0.168291 0.182788 0.197689 0.203183 
0.0420872 0.118992 0.123502 0.138201 0.14456 0.165326 0.168291 0.182788 0.197689 0.203183 
0.0420872 0.118992 0.123502 0.138201 0.14456 0.165326 0.168291 0.182788 0.197689 0.203183 
0.0420872 0.118992 0.123502 0.138201 0.14456 0.165326 0.168291 0.182788 0.197689 0.203183 
0.0420872 0.118992 0.123502 0.138201 0.14456 0.165326 0.168291 0.182788 0.197689 0.203183 
0.0420872 0.118992 0.123502 0.138201 0.14456 0.165326 0.168291 0.182788 0.197689 0.203183 
0.0420872 0.118992 0.123502 0.138201 0.14456 0.165326 0.168291 0.182788 0.197689 0.203183 
0.0420872 0.118992 0.123502 0.138201 0.14456 0.165326 0.168291 0.182788 0.197689 0.203183 
0.0420872 0.118992 0.123502 0.138201 0.14456 0.165326 0.168291 0.182788 0.197689 0.203183 
0.0420872 0.118992 0.123502 0.138201 0.14456 0.165326 0.168291 0.182788 0.197689 0.203183 
0.0420872 0.118992 0.123502 0.138201 0.14456 0.165326 0.168291 0.182788 0.197689 0.203183 
0.0420872 0.118992 0.123502 0.138201 0.14456 0.165326 0.168291 0.182788 0.197689 0.203183 
0.0420872 0.118992 0.123502 0.138201 0.14456 0.165326 0.168291 0.182788 0.197689 0.203183 
0.0420872 0.118992 0.123502 0.138201 0.14456 0.165326 0.168291 0.182788 0.197689 0.203183 
0.0420872 0.118992 0.123502 0.138201 0.14456 0.165326 0.168291 0.182788 0.197689 0.203183 
0.0420872 0.118992 0.123502 0.138201 0.14456 0.165326 0.168291 0.182788 0.197689 0.203183 
0.0420872 0.118992 0.123502 0.138201 0.14456 0.165326 0.168291 0.182788 0.197689 0.203183 
0.0420872 0.118992 0.123502 0.138201 0.14456 0.165326 0.168291 0.182788 0.197689 0.203183 
0.0420872 0.118992 0.123502 0.138201 0.14456 0.165326 0.168291 0.182788 0.197689 0.203183 
0.0420872 0.118992 0.123502 0.138201 0.14456 0.165326 0.168291 0.182788 0.197689 0.203183 
0.0420872 0.118992 0.123502 0.138201 0.14456 0.165326 0.168291 0.182788 0.197689 0.203183 
0.0420872 0.118992 0.123502 0.138201 0.14456 0.165326 0.168291 0.182788 0.197689 0.203183 
0.0420872 0.118992 0.123502 0.138201 0.14456 0.165326 0.168291 0.182788 0.197689 0.203183 
0.0420872 0.118992 0.123502 0.138201 0.14456 0.165326 0.168291 0.178478 0.182772 0.182788 
0.0420872 0.118992 0.123502 0.138201 0.14456 0.165326 0.168291 0.178478 0.179154 0.182772 
0.0420872 0.118992 0.123502 0.138201 0.14456 0.165326 0.168291 0.171824 0.178478 0.179154 
0.0420872 0.118992 0.123502 0.138201 0.14456 0.151349 0.165326 0.168291 0.171824 0.174405 
0.0420872 0.118992 0.123502 0.138201 0.14456 0.151349 0.156463 0.165326 0.168291 0.171824 
0.0420872 0.118992 0.123502 0.138201 0.14456 0.151349 0.156463 0.165326 0.168291 0.171824 
0.0420872 0.118992 0.123502 0.138201 0.14456 0.151349 0.156463 0.165326 0.168291 0.171824 
0.0420872 0.118992 0.123502 0.138201 0.14456 0.151349 0.156463 0.165326 0.168291 0.171824 
0.0420872 0.118992 0.123502 0.138201 0.14456 0.151349 0.156463 0.161233 0.165326 0.165381 
0.0420872 0.118992 0.123502 0.138201 0.14456 0.151349 0.156463 0.161233 0.165326 0.165381 
0.0420872 0.118992 0.123502 0.138201 0.14456 0.151349 0.156463 0.161233 0.165326 0.165381 
0.0420872 0.118992 0.123502 0.133254 0.138201 0.14456 0.151349 0.153359 0.156463 0.161233 
0.0420872 0.116869 0.118992 0.119169 0.123502 0.127823 0.133254 0.138201 0.14456 0.151349 
