0.840762 1.58146 2.17206 2.98989 3.08838 3.12722 3.20038 3.32616 3.60612 3.80967 
0.840762 1.58146 2.17206 2.61764 2.67478 2.98989 3.08838 3.12722 3.17089 3.20038 
0.840762 1.58146 1.83194 2.17206 2.61764 2.67478 2.98989 3.06664 3.08838 3.12722 
0.840762 1.58146 1.83194 2.17206 2.45704 2.61764 2.67478 2.98989 3.06664 3.08838 
0.840762 1.58146 1.83194 2.17206 2.45704 2.61764 2.65193 2.67478 2.98989 3.03041 
0.840762 1.58146 1.83194 2.17206 2.45704 2.61764 2.65193 2.67478 2.98989 3.03041 
0.103638 0.840762 1.51199 1.58146 1.83194 2.17206 2.45704 2.61764 2.65193 2.67478 
0.103638 0.840762 1.51199 1.58146 1.83194 2.17206 2.45704 2.61764 2.65193 2.67478 
0.103638 0.840762 1.51199 1.58146 1.83194 2.17206 2.45531 2.45704 2.51433 2.56954 
0.103638 0.840762 1.51199 1.58146 1.83194 2.17206 2.45531 2.45704 2.51433 2.56954 
0.103638 0.840762 1.51199 1.58146 1.83194 2.17206 2.45531 2.45704 2.51433 2.56954 
0.103638 0.596476 0.840762 1.38031 1.51199 1.58146 1.83194 2.17206 2.45531 2.45704 
0.103638 0.596476 0.840762 1.3561 1.38031 1.51199 1.58146 1.83194 2.05046 2.17206 
0.103638 0.596476 0.840762 1.3561 1.38031 1.51199 1.56841 1.58146 1.67918 1.83194 
0.103638 0.596476 0.840762 1.3561 1.38031 1.51199 1.56841 1.58146 1.67918 1.83194 
0.103638 0.596476 0.840762 1.00575 1.3561 1.38031 1.4687 1.51199 1.56841 1.58146 
0.103638 0.596476 0.840762 1.00575 1.21785 1.3561 1.38031 1.4687 1.51199 1.56841 
0.103638 0.596476 0.840762 1.00575 1.19519 1.21785 1.3561 1.38031 1.4687 1.51199 
0.103638 0.596476 0.840762 1.00575 1.19519 1.21785 1.3561 1.38031 1.4687 1.51199 
0.103638 0.596476 0.840762 0.927378 1.00575 1.19519 1.21785 1.3561 1.38031 1.4687 
0.103638 0.596476 0.840762 0.927378 1.00575 1.10957 1.19519 1.21785 1.3561 1.38031 
0.103638 0.222366 0.596476 0.840762 0.927378 1.00575 1.10957 1.19519 1.21785 1.3353 
0.103638 0.222366 0.596476 0.840762 0.927378 1.00575 1.10852 1.10957 1.19049 1.19519 
0.103638 0.222366 0.344893 0.596476 0.840762 0.927378 1.00123 1.00575 1.10852 1.10957 
0.103638 0.222366 0.344893 0.376252 0.417 0.596476 0.840762 0.927378 1.00123 1.00575 
0.0135423 0.103638 0.222366 0.344893 0.376252 0.417 0.596476 0.840762 0.927378 1.00123 
0.0135423 0.103638 0.222366 0.270713 0.344893 0.376252 0.417 0.578719 0.596476 0.840762 
0.0135423 0.103638 0.222366 0.270713 0.344893 0.376252 0.417 0.578719 0.596476 0.840762 
0.0135423 0.103638 0.222366 0.270713 0.344893 0.376252 0.417 0.567033 0.578719 0.596476 
0.0135423 0.103638 0.222366 0.270713 0.344893 0.376252 0.417 0.468298 0.483642 0.567033 
0.0135423 0.103638 0.222366 0.270713 0.344893 0.376252 0.417 0.468298 0.483642 0.567033 
0.0135423 0.103638 0.222366 0.270713 0.344893 0.376252 0.417 0.468298 0.483642 0.567033 
0.0135423 0.103638 0.104138 0.222366 0.270713 0.344893 0.376252 0.417 0.468298 0.483642 
0.0135423 0.103638 0.104138 0.222366 0.270713 0.344893 0.376252 0.417 0.468298 0.483642 
0.0135423 0.103638 0.104138 0.222366 0.270713 0.344893 0.376252 0.377811 0.417 0.468298 
0.0135423 0.103638 0.104138 0.143331 0.222366 0.270713 0.344893 0.376252 0.377811 0.417 
0.0135423 0.103638 0.104138 0.143331 0.179328 0.222366 0.267898 0.270713 0.344893 0.376252 
0.0135423 0.103638 0.104138 0.143331 0.179328 0.222366 0.267898 0.270713 0.344893 0.376252 
0.0135423 0.103638 0.104138 0.143331 0.179328 0.222366 0.267898 0.270713 0.344893 0.376252 
0.0135423 0.103638 0.104138 0.143331 0.179328 0.222366 0.267898 0.270713 0.339552 0.344893 
0.00956831 0.0135423 0.103638 0.104138 0.143331 0.179328 0.222366 0.267898 0.270713 0.339552 
0.00956831 0.0135423 0.103638 0.104138 0.143331 0.179328 0.222366 0.267898 0.270713 0.339552 
0.00956831 0.0135423 0.0868004 0.103638 0.104138 0.143331 0.179328 0.222366 0.267898 0.270713 
0.00956831 0.0135423 0.0650056 0.0868004 0.103638 0.104138 0.143331 0.179328 0.222366 0.267898 
0.00956831 0.0135423 0.0650056 0.0868004 0.103638 0.104138 0.143331 0.179328 0.222366 0.267898 
0.00956831 0.0135423 0.0650056 0.0868004 0.103638 0.104138 0.136125 0.143331 0.179328 0.181494 
0.00956831 0.0135423 0.0324373 0.0650056 0.0868004 0.103638 0.104138 0.136125 0.143331 0.179328 
0.00956831 0.0135423 0.0324373 0.0650056 0.0868004 0.103638 0.104138 0.136125 0.143331 0.179328 
0.00956831 0.0135423 0.0324373 0.0650056 0.0868004 0.103638 0.104138 0.136125 0.143331 0.179328 
0.00956831 0.0135423 0.0324373 0.0650056 0.0868004 0.103638 0.104138 0.136125 0.143331 0.179328 
0.00956831 0.0135423 0.0324373 0.0650056 0.0868004 0.103638 0.104138 0.136125 0.143331 0.179328 
0.00956831 0.0135423 0.0324373 0.0650056 0.0868004 0.103638 0.104138 0.136125 0.143331 0.179328 
0.00956831 0.0135423 0.0324373 0.0650056 0.0868004 0.103638 0.104138 0.136125 0.143331 0.179328 
0.00956831 0.0135423 0.0324373 0.0650056 0.0868004 0.103638 0.104138 0.136125 0.143331 0.179328 
0.00956831 0.0135423 0.0324373 0.0650056 0.0868004 0.103638 0.104138 0.136125 0.143331 0.179328 
0.00956831 0.0135423 0.0324373 0.0650056 0.0868004 0.103638 0.104138 0.136125 0.143331 0.179328 
0.00956831 0.0135423 0.0324373 0.0650056 0.0868004 0.103638 0.104138 0.136125 0.143331 0.179328 
0.00956831 0.0135423 0.0324373 0.0650056 0.0868004 0.103638 0.104138 0.136125 0.143331 0.179328 
0.00956831 0.0135423 0.0324373 0.0650056 0.0868004 0.103638 0.104138 0.136125 0.143331 0.179328 
0.00956831 0.0135423 0.0324373 0.0650056 0.0868004 0.103638 0.104138 0.136125 0.143331 0.179328 
0.00956831 0.0135423 0.0324373 0.0650056 0.0868004 0.103638 0.104138 0.136125 0.143331 0.179328 
0.00956831 0.0135423 0.0324373 0.0650056 0.0868004 0.103638 0.104138 0.136125 0.143331 0.179328 
0.00956831 0.0135423 0.0324373 0.0650056 0.0868004 0.103638 0.104138 0.136125 0.143331 0.179328 
0.00956831 0.0135423 0.0324373 0.0650056 0.0868004 0.103638 0.104138 0.136125 0.143331 0.179328 
0.00956831 0.0135423 0.0324373 0.0650056 0.0868004 0.103638 0.104138 0.136125 0.143331 0.179328 
0.00956831 0.0135423 0.0324373 0.0650056 0.0868004 0.103638 0.104138 0.136125 0.143331 0.179328 
0.00956831 0.0135423 0.0324373 0.0650056 0.0868004 0.103638 0.104138 0.136125 0.143331 0.179328 
0.00956831 0.0135423 0.0324373 0.0650056 0.0868004 0.103638 0.104138 0.136125 0.143331 0.179328 
0.00956831 0.0135423 0.0324373 0.0650056 0.0868004 0.103638 0.104138 0.136125 0.143331 0.179328 
0.00956831 0.0135423 0.0324373 0.0650056 0.0868004 0.103638 0.104138 0.136125 0.143331 0.179328 
0.00956831 0.0135423 0.0324373 0.0650056 0.0868004 0.103638 0.104138 0.136125 0.143331 0.179328 
0.00956831 0.0135423 0.0324373 0.0650056 0.0868004 0.103638 0.104138 0.136125 0.143331 0.179328 
0.00956831 0.0135423 0.0324373 0.0650056 0.0868004 0.103638 0.104138 0.136125 0.143331 0.179328 
0.00956831 0.0135423 0.0324373 0.0650056 0.0868004 0.103638 0.104138 0.136125 0.143331 0.179328 
0.00956831 0.0135423 0.0324373 0.0650056 0.0868004 0.103638 0.104138 0.136125 0.143331 0.179328 
0.00956831 0.0135423 0.0324373 0.0650056 0.0868004 0.103638 0.104138 0.136125 0.143331 0.179328 
0.00956831 0.0135423 0.0324373 0.0650056 0.0868004 0.103638 0.104138 0.136125 0.143331 0.179328 
0.00956831 0.0135423 0.0324373 0.0650056 0.0868004 0.103638 0.104138 0.136125 0.143331 0.179328 
0.00956831 0.0135423 0.0324373 0.0650056 0.0868004 0.103638 0.104138 0.136125 0.143331 0.179328 
0.00956831 0.0135423 0.0324373 0.0650056 0.0868004 0.103638 0.104138 0.123349 0.136125 0.143331 
0.00956831 0.0135423 0.0324373 0.0650056 0.0868004 0.103638 0.104138 0.123349 0.136125 0.143331 
0.00956831 0.0135423 0.0324373 0.0650056 0.0868004 0.103638 0.104138 0.123349 0.136125 0.143331 
0.00956831 0.0135423 0.0324373 0.0650056 0.0868004 0.103638 0.104138 0.123349 0.136125 0.142302 
0.00956831 0.0135423 0.0324373 0.0650056 0.0868004 0.102462 0.103638 0.104138 0.123349 0.132143 
0.00956831 0.0135423 0.0324373 0.0650056 0.0868004 0.101302 0.102462 0.103638 0.104138 0.123349 
0.00956831 0.0135423 0.0324373 0.0650056 0.0868004 0.101302 0.102462 0.103638 0.104138 0.123349 
0.00956831 0.0135423 0.0324373 0.0650056 0.0868004 0.101302 0.102462 0.103638 0.104138 0.107476 
0.00956831 0.0135423 0.0324373 0.0650056 0.0868004 0.101302 0.101767 0.102462 0.103638 0.104138 
0.00956831 0.0135423 0.0324373 0.0650056 0.0868004 0.0989569 0.101302 0.101767 0.102462 0.103638 
0.00956831 0.0135423 0.0324373 0.0650056 0.0868004 0.0876494 0.0989569 0.0992421 0.101302 0.101767 
0.00956831 0.0135423 0.0324373 0.0650056 0.0843903 0.0868004 0.0876494 0.0936474 0.0952384 0.0989569 
0.00956831 0.0135423 0.0324373 0.0609897 0.0638115 0.0650056 0.0680726 0.0843903 0.0868004 0.0876494 
0.00956831 0.0135423 0.0324373 0.0509972 0.0609897 0.0638115 0.0650056 0.0680726 0.0843903 0.0868004 
0.00956831 0.0135423 0.0324373 0.0509972 0.051051 0.0609897 0.0638115 0.0650056 0.0680726 0.0695787 
0.00956831 0.0135423 0.0324373 0.0509972 0.051051 0.0609897 0.0638115 0.0650056 0.067899 0.0680726 
0.00956831 0.0135423 0.0324373 0.0434315 0.0509972 0.051051 0.0562736 0.0609897 0.0638115 0.0650056 
0.00956831 0.0135423 0.0324373 0.0434315 0.0509972 0.051051 0.0562736 0.0609897 0.0638115 0.0640568 
0.00956831 0.0135423 0.0324373 0.0434315 0.0444147 0.0463684 0.0509972 0.051051 0.0562736 0.0609897 
0.00956831 0.0135423 0.0324373 0.0366019 0.0392215 0.0434315 0.0444147 0.0463684 0.0496475 0.0509972 
0.00956831 0.0135423 0.0324373 0.0355956 0.0366019 0.0392215 0.0434315 0.0444147 0.0463684 0.0496475 
