1.24891 2.21851 2.38409 2.82795 2.89194 3.32489 3.40047 3.4155 3.43126 3.64229 
1.24891 2.10865 2.21851 2.38409 2.62705 2.82795 2.89194 2.97593 3.06007 3.32489 
1.24891 1.86683 2.10865 2.21851 2.38409 2.62705 2.82795 2.89194 2.97593 3.06007 
1.24891 1.86683 2.10865 2.21851 2.38409 2.60846 2.62705 2.66967 2.82795 2.89194 
0.734744 1.24891 1.86683 2.10865 2.21851 2.37803 2.38409 2.60846 2.62705 2.66967 
0.0474817 0.734744 1.24891 1.86683 2.10865 2.21851 2.37803 2.38409 2.60846 2.62705 
0.0474817 0.734744 1.24891 1.86683 2.10865 2.21851 2.37803 2.38409 2.60846 2.62705 
0.0474817 0.734744 1.24891 1.86683 2.10865 2.21851 2.37803 2.38409 2.60846 2.62705 
0.0474817 0.734744 1.24891 1.86683 2.10865 2.21851 2.37803 2.38409 2.60846 2.62705 
0.0474817 0.734744 1.24891 1.86683 2.10865 2.21851 2.37803 2.38409 2.60846 2.62705 
0.0474817 0.734744 1.24891 1.41223 1.86683 2.10865 2.21851 2.37803 2.38409 2.54675 
0.0474817 0.734744 1.24891 1.41223 1.86683 2.10865 2.21851 2.37803 2.38409 2.54675 
0.0474817 0.221099 0.734744 1.24891 1.41223 1.86683 2.10865 2.21851 2.37803 2.38409 
0.0474817 0.221099 0.734744 1.24891 1.26881 1.41223 1.86683 2.02711 2.05987 2.10865 
0.0474817 0.221099 0.734744 1.24891 1.26881 1.41223 1.86683 2.02711 2.05987 2.10865 
0.0474817 0.221099 0.734744 1.1828 1.24891 1.26881 1.41223 1.86683 2.02711 2.05987 
0.0474817 0.221099 0.734744 1.1828 1.24891 1.26881 1.41223 1.715 1.86683 2.02711 
0.0474817 0.221099 0.734744 1.1828 1.24891 1.26881 1.41223 1.65964 1.715 1.86683 
0.0474817 0.221099 0.734744 0.795014 1.10935 1.1649 1.1828 1.24891 1.26881 1.41223 
0.0474817 0.183802 0.221099 0.734744 0.795014 1.10935 1.1649 1.1828 1.24891 1.26881 
0.0474817 0.183802 0.221099 0.512019 0.734744 0.795014 1.10935 1.1649 1.1828 1.24891 
0.0474817 0.183802 0.221099 0.512019 0.734744 0.795014 1.10935 1.1649 1.1828 1.24891 
0.0474817 0.183802 0.221099 0.512019 0.734744 0.795014 1.10935 1.1649 1.1828 1.24891 
0.0474817 0.183802 0.221099 0.512019 0.734744 0.795014 1.10935 1.1649 1.1828 1.24891 
0.0474817 0.183802 0.221099 0.512019 0.540746 0.734744 0.795014 0.89249 0.947693 1.06923 
0.0474817 0.183802 0.221099 0.37204 0.512019 0.540746 0.636867 0.734744 0.795014 0.89249 
0.0474817 0.112667 0.183802 0.221099 0.239638 0.333642 0.37204 0.39606 0.512019 0.540746 
0.0474817 0.112667 0.183802 0.221099 0.239638 0.333642 0.37204 0.37369 0.39606 0.512019 
0.0474817 0.112667 0.183802 0.221099 0.239638 0.333642 0.352092 0.37204 0.37369 0.39606 
0.0474817 0.112667 0.183802 0.221099 0.239638 0.333642 0.352092 0.37204 0.37369 0.39606 
0.0474817 0.112667 0.183802 0.221099 0.239638 0.333642 0.352092 0.37204 0.37369 0.39606 
0.0474817 0.112667 0.183802 0.221099 0.239638 0.333642 0.352092 0.37204 0.37369 0.39606 
0.0474817 0.112667 0.183802 0.221099 0.239638 0.333642 0.352092 0.37204 0.37369 0.39606 
0.0474817 0.112667 0.183802 0.221099 0.239638 0.333642 0.352092 0.37204 0.37369 0.377259 
0.0474817 0.112667 0.183802 0.221099 0.239638 0.333642 0.352092 0.37204 0.37369 0.377259 
0.0474817 0.112667 0.183802 0.221099 0.239638 0.333642 0.352092 0.37204 0.37369 0.377259 
0.0474817 0.112667 0.183802 0.221099 0.239638 0.266864 0.333642 0.352092 0.37204 0.37369 
0.0474817 0.112667 0.183802 0.221099 0.239638 0.266864 0.295369 0.333642 0.352092 0.371599 
0.0474817 0.0840117 0.112667 0.183802 0.221099 0.239638 0.266864 0.295369 0.333642 0.352092 
0.0474817 0.0840117 0.112667 0.16374 0.182655 0.183802 0.221099 0.239638 0.266864 0.295369 
0.0474817 0.0840117 0.112667 0.16374 0.182655 0.183802 0.221099 0.239638 0.266864 0.295369 
0.0474817 0.0840117 0.112667 0.16374 0.182655 0.183802 0.221099 0.239638 0.266864 0.295369 
0.0474817 0.0840117 0.112667 0.16374 0.182655 0.183802 0.221099 0.239638 0.266864 0.295369 
0.0474817 0.0840117 0.112667 0.16374 0.182655 0.183802 0.218377 0.221099 0.232231 0.239638 
0.0474817 0.0840117 0.112667 0.16374 0.182655 0.183802 0.218377 0.221099 0.232231 0.239638 
0.0474817 0.0840117 0.112667 0.16374 0.182655 0.183802 0.218377 0.221099 0.232231 0.239638 
0.0474817 0.0840117 0.112667 0.16374 0.182655 0.183802 0.218377 0.221099 0.232231 0.239638 
0.0151312 0.0474817 0.0840117 0.112667 0.16374 0.182655 0.183802 0.218377 0.221099 0.232231 
0.0151312 0.0474817 0.0840117 0.112667 0.16374 0.182655 0.183802 0.218377 0.221099 0.232231 
0.0151312 0.0474817 0.0840117 0.112667 0.16374 0.182655 0.183802 0.218377 0.221099 0.232231 
0.0151312 0.0474817 0.0840117 0.112667 0.16374 0.182655 0.183802 0.188327 0.218377 0.221099 
0.0151312 0.0474817 0.0840117 0.112667 0.16374 0.182655 0.183802 0.188327 0.218377 0.221099 
0.0151312 0.0474817 0.0840117 0.112667 0.16374 0.182655 0.183802 0.188327 0.218377 0.221099 
0.0151312 0.0474817 0.0840117 0.112667 0.16374 0.182655 0.183802 0.188327 0.218377 0.221099 
0.0151312 0.0474817 0.0840117 0.112667 0.16374 0.182655 0.183802 0.188327 0.218377 0.221099 
0.0151312 0.0474817 0.0840117 0.112667 0.16374 0.182655 0.183802 0.188327 0.218377 0.221099 
0.0151312 0.0474817 0.0840117 0.112667 0.16374 0.182655 0.183802 0.188327 0.218377 0.221099 
0.0151312 0.0474817 0.0840117 0.112667 0.16374 0.182655 0.183802 0.188327 0.218377 0.221099 
0.0151312 0.0474817 0.0840117 0.112667 0.16374 0.182655 0.183802 0.188327 0.218377 0.221099 
0.0151312 0.0474817 0.0840117 0.112667 0.16374 0.182655 0.183802 0.188327 0.218377 0.221099 
0.0151312 0.0474817 0.0840117 0.112667 0.16374 0.182655 0.183802 0.188327 0.218377 0.221099 
0.0151312 0.0474817 0.0840117 0.112667 0.16374 0.182655 0.183802 0.188327 0.218377 0.221099 
0.0151312 0.0474817 0.0840117 0.112667 0.16374 0.182655 0.183802 0.188327 0.218377 0.221099 
0.0151312 0.0474817 0.0840117 0.112667 0.16374 0.182655 0.183802 0.188327 0.218377 0.221099 
0.0151312 0.0474817 0.0840117 0.112667 0.16374 0.182655 0.183802 0.188327 0.218377 0.221099 
0.0151312 0.0474817 0.0840117 0.112667 0.16374 0.182655 0.183802 0.188327 0.218377 0.221099 
0.0151312 0.0474817 0.0840117 0.112667 0.16374 0.182655 0.183802 0.188327 0.218377 0.221099 
0.0151312 0.0474817 0.0840117 0.112667 0.16374 0.182655 0.183802 0.188327 0.218377 0.221099 
0.0151312 0.0474817 0.0840117 0.112667 0.16374 0.182655 0.183802 0.188327 0.218377 0.221099 
0.0151312 0.0474817 0.0840117 0.112667 0.16374 0.182655 0.183802 0.188327 0.218377 0.221099 
0.0151312 0.0474817 0.0840117 0.112667 0.16374 0.182655 0.183802 0.188327 0.218377 0.221099 
0.0151312 0.0474817 0.0840117 0.112667 0.16374 0.182655 0.183802 0.188327 0.218377 0.221099 
0.0151312 0.0474817 0.0840117 0.112667 0.16374 0.182655 0.183802 0.188327 0.218377 0.221099 
0.0151312 0.0474817 0.0840117 0.112667 0.16374 0.182655 0.183802 0.188327 0.218377 0.221099 
0.0151312 0.0474817 0.0840117 0.112667 0.16374 0.182655 0.183802 0.188327 0.218377 0.221099 
0.0151312 0.0474817 0.0840117 0.112667 0.16374 0.182655 0.183802 0.188327 0.218377 0.221099 
0.0151312 0.0474817 0.0840117 0.112667 0.16374 0.182655 0.183802 0.188327 0.218377 0.221099 
0.0151312 0.0474817 0.0840117 0.112667 0.16374 0.182655 0.183802 0.188327 0.218377 0.221099 
0.0151312 0.0474817 0.0840117 0.112667 0.16374 0.182655 0.183802 0.188327 0.205564 0.218377 
0.0151312 0.0474817 0.0840117 0.112667 0.16374 0.182655 0.183802 0.188327 0.205564 0.206342 
0.0151312 0.0474817 0.0840117 0.112667 0.16374 0.182655 0.183802 0.188327 0.202025 0.205564 
0.0151312 0.0474817 0.0840117 0.112667 0.16374 0.182655 0.183802 0.188327 0.202025 0.205564 
0.0151312 0.0474817 0.0840117 0.112667 0.16374 0.168062 0.182655 0.183802 0.188327 0.202025 
0.0151312 0.0474817 0.0840117 0.112667 0.16374 0.168062 0.182655 0.183802 0.188327 0.202025 
0.0151312 0.0474817 0.0840117 0.112667 0.16374 0.168062 0.182655 0.183802 0.188327 0.202025 
0.0151312 0.0474817 0.0840117 0.112667 0.16374 0.163815 0.168062 0.182655 0.183802 0.188327 
0.0151312 0.0474817 0.0840117 0.112667 0.16374 0.163815 0.168062 0.176886 0.179259 0.182655 
0.0151312 0.0474817 0.0840117 0.112667 0.157124 0.16374 0.163815 0.168062 0.176886 0.179259 
0.0151312 0.0474817 0.0840117 0.112667 0.157124 0.16374 0.163815 0.168062 0.176886 0.179259 
0.0151312 0.0474817 0.0840117 0.112667 0.157124 0.16374 0.163815 0.168062 0.176886 0.179259 
0.0151312 0.0474817 0.0840117 0.112667 0.157124 0.16374 0.163815 0.168062 0.176886 0.179259 
0.0151312 0.0474817 0.0840117 0.112667 0.121731 0.157124 0.16374 0.163815 0.168062 0.176886 
0.0151312 0.0474817 0.0840117 0.112667 0.121731 0.157124 0.16374 0.163815 0.168062 0.176886 
0.0151312 0.0474817 0.0840117 0.112667 0.121731 0.157124 0.16374 0.163815 0.168062 0.176886 
0.0151312 0.0474817 0.0840117 0.112667 0.115145 0.121731 0.157124 0.16374 0.163815 0.168062 
0.0151312 0.0474817 0.0840117 0.112667 0.115145 0.121731 0.128269 0.132888 0.157124 0.16374 
0.0151312 0.0474817 0.0840117 0.112667 0.115145 0.121731 0.128269 0.132888 0.157124 0.16374 
0.0151312 0.0474817 0.0840117 0.112667 0.115145 0.116468 0.121731 0.128269 0.132888 0.157124 
0.0151312 0.0474817 0.0840117 0.100833 0.112667 0.115145 0.116468 0.121731 0.128269 0.132888 
0.0151312 0.0474817 0.0840117 0.0939788 0.0964634 0.100833 0.112667 0.115145 0.116468 0.121731 
