1.49512 2.72279 3.02481 3.79626 4.05434 4.39972 4.98152 5.48575 5.62531 5.87603 
1.49512 2.72279 3.02481 3.79626 4.05434 4.39972 4.98152 5.48575 5.62531 5.87603 
1.49512 2.72279 2.76299 3.02481 3.79626 4.02809 4.05434 4.05841 4.39972 4.67998 
1.49512 2.72279 2.76299 3.02481 3.79626 4.02809 4.05434 4.05841 4.39972 4.67998 
1.49512 2.72279 2.76299 3.02481 3.25803 3.53623 3.79626 4.00121 4.02809 4.05434 
1.49512 2.34379 2.72279 2.76299 3.02481 3.25803 3.53623 3.79626 4.00121 4.02809 
1.49512 2.34379 2.72279 2.76299 3.02481 3.16186 3.25803 3.31741 3.53623 3.54472 
1.49512 2.34379 2.72279 2.76299 3.02481 3.16186 3.25803 3.30917 3.31741 3.53623 
1.49512 2.34379 2.72279 2.76299 3.02481 3.16186 3.25803 3.30917 3.31741 3.53623 
1.49512 2.34379 2.72279 2.76299 3.02481 3.16186 3.25803 3.30917 3.31741 3.53623 
1.49512 1.59541 2.34379 2.72279 2.76299 3.02481 3.16186 3.25803 3.30917 3.31741 
1.49512 1.59541 1.89732 2.25845 2.34379 2.72279 2.76299 3.02481 3.16186 3.25803 
1.49512 1.59541 1.89732 2.25845 2.34379 2.72279 2.76299 2.85598 3.02481 3.16186 
1.49512 1.59541 1.89732 2.25845 2.34379 2.72279 2.76299 2.85598 2.85628 3.02481 
1.49512 1.59541 1.89732 2.25845 2.34379 2.72279 2.76299 2.83274 2.85598 2.85628 
1.49512 1.59541 1.89732 2.25845 2.34379 2.52868 2.72279 2.76299 2.83274 2.85598 
1.49512 1.59541 1.89732 2.25845 2.34379 2.52868 2.72279 2.76299 2.83274 2.85598 
1.18449 1.49512 1.59541 1.89732 2.25845 2.34379 2.52868 2.72279 2.76299 2.83274 
1.18449 1.49512 1.59541 1.89732 2.25845 2.34379 2.52868 2.72279 2.76299 2.83274 
1.18449 1.49512 1.59541 1.8456 1.89732 2.19411 2.25845 2.33739 2.34379 2.52868 
1.18449 1.34375 1.49512 1.59541 1.8456 1.89732 2.19411 2.25845 2.33739 2.34379 
1.18449 1.34375 1.49512 1.59541 1.8456 1.89732 2.19411 2.25845 2.33739 2.34379 
0.494028 1.18449 1.34375 1.49512 1.59541 1.8456 1.89732 2.19411 2.25845 2.33739 
0.494028 1.18449 1.34375 1.49512 1.59541 1.8456 1.89732 2.19411 2.25845 2.33739 
0.494028 1.18449 1.34375 1.49512 1.59541 1.8013 1.8456 1.89732 2.19411 2.25845 
0.494028 1.18449 1.26693 1.34375 1.49512 1.59541 1.6689 1.8013 1.8456 1.89732 
0.494028 1.18449 1.26693 1.34375 1.49512 1.59541 1.6689 1.8013 1.8456 1.89732 
0.494028 1.03249 1.18449 1.26693 1.34375 1.49512 1.59541 1.6689 1.7091 1.8013 
0.494028 1.03249 1.18449 1.26693 1.34375 1.49512 1.59541 1.6689 1.7091 1.8013 
0.494028 1.03249 1.18449 1.26693 1.34375 1.49512 1.59541 1.6689 1.7091 1.8013 
0.494028 1.03249 1.18449 1.26693 1.34375 1.49512 1.57349 1.59541 1.6689 1.7091 
0.494028 1.03249 1.18449 1.26693 1.34375 1.49512 1.57349 1.59541 1.63111 1.6689 
0.243636 0.494028 1.03249 1.18449 1.26693 1.34375 1.49512 1.57349 1.59541 1.63111 
0.243636 0.494028 1.03249 1.18449 1.26693 1.34375 1.49512 1.57349 1.59541 1.63111 
0.243636 0.494028 1.03249 1.18449 1.26693 1.34375 1.49512 1.57349 1.59541 1.63111 
0.243636 0.494028 0.72971 1.03249 1.18449 1.2054 1.26693 1.34375 1.49512 1.57349 
0.243636 0.494028 0.72971 1.03249 1.18449 1.2054 1.26693 1.34375 1.49512 1.57349 
0.243636 0.494028 0.72971 1.03249 1.18449 1.2054 1.26693 1.34375 1.49512 1.57349 
0.243636 0.321996 0.494028 0.72971 1.03249 1.18449 1.2054 1.26693 1.34375 1.49512 
0.243636 0.321996 0.494028 0.541463 0.711901 0.72971 0.804566 1.03249 1.18449 1.2054 
0.243636 0.321996 0.494028 0.541463 0.711901 0.72971 0.804566 0.880222 1.03249 1.18449 
0.243636 0.321996 0.443977 0.494028 0.541463 0.711901 0.72971 0.804566 0.880222 1.03249 
0.243636 0.321996 0.443977 0.494028 0.541463 0.711901 0.72971 0.804566 0.880222 1.0263 
0.243636 0.321996 0.443977 0.494028 0.535282 0.541463 0.711284 0.711901 0.72971 0.804566 
0.243636 0.321996 0.443977 0.494028 0.535282 0.541463 0.711284 0.711901 0.72971 0.804566 
0.243636 0.306736 0.321996 0.378147 0.443977 0.494028 0.535282 0.541463 0.711284 0.711901 
0.243636 0.306736 0.321996 0.378147 0.415336 0.443977 0.494028 0.535282 0.541463 0.544412 
0.20818 0.243636 0.306736 0.321996 0.378147 0.415336 0.443977 0.494028 0.535282 0.541463 
0.20818 0.220793 0.243636 0.306736 0.321996 0.378147 0.415336 0.442484 0.443977 0.494028 
0.20818 0.220793 0.243636 0.306736 0.321996 0.378147 0.415336 0.442484 0.443977 0.454778 
0.20818 0.220793 0.243636 0.306736 0.321996 0.378147 0.415336 0.442484 0.443977 0.454778 
0.20818 0.220793 0.243636 0.271 0.306736 0.321996 0.378147 0.415336 0.442484 0.443977 
0.20818 0.220793 0.243636 0.271 0.306736 0.321996 0.378147 0.415336 0.442484 0.443977 
0.20818 0.220793 0.243636 0.271 0.306736 0.321996 0.378147 0.415336 0.442484 0.443977 
0.190875 0.20818 0.220793 0.243636 0.271 0.306736 0.321996 0.3222 0.378147 0.415336 
0.190875 0.20818 0.220793 0.243636 0.271 0.298877 0.306736 0.321996 0.3222 0.378147 
0.190875 0.20818 0.220793 0.243636 0.271 0.298877 0.306736 0.321996 0.3222 0.378147 
0.190875 0.20818 0.220793 0.243636 0.271 0.298877 0.306736 0.321996 0.3222 0.378147 
0.190875 0.20818 0.220793 0.243636 0.271 0.298877 0.306736 0.321996 0.3222 0.378147 
0.155564 0.190875 0.20818 0.220793 0.222435 0.243636 0.271 0.298877 0.306736 0.321996 
0.155564 0.190875 0.20818 0.220793 0.222435 0.243636 0.271 0.298877 0.306736 0.321996 
0.155564 0.190875 0.20818 0.220793 0.222435 0.243636 0.271 0.298877 0.306736 0.321996 
0.155564 0.190875 0.20818 0.220793 0.222435 0.243636 0.271 0.298877 0.306736 0.321996 
0.155564 0.190875 0.20818 0.220793 0.222435 0.243636 0.271 0.298877 0.306736 0.321996 
0.155564 0.190875 0.20818 0.220793 0.222435 0.243636 0.271 0.298877 0.306736 0.321996 
0.155564 0.190875 0.202446 0.20818 0.220793 0.222435 0.243636 0.271 0.298877 0.306736 
0.155564 0.190875 0.202446 0.20818 0.220793 0.222435 0.243636 0.271 0.298877 0.306736 
0.155564 0.190875 0.202446 0.20818 0.220793 0.222435 0.243636 0.271 0.298877 0.306736 
0.155564 0.190875 0.202446 0.20818 0.220793 0.222435 0.243636 0.271 0.298877 0.306736 
0.155564 0.190875 0.202446 0.20818 0.220793 0.222435 0.243636 0.271 0.298877 0.306736 
0.155564 0.190875 0.202446 0.20818 0.220793 0.222435 0.243636 0.271 0.298877 0.306736 
0.155564 0.190875 0.202446 0.20818 0.220793 0.222435 0.243636 0.271 0.298877 0.306736 
0.155564 0.190875 0.202446 0.20818 0.220793 0.222435 0.243636 0.271 0.298877 0.306736 
0.155564 0.190875 0.202446 0.20818 0.220793 0.222435 0.243636 0.271 0.298877 0.306736 
0.155564 0.190875 0.202446 0.20818 0.220793 0.222435 0.243636 0.271 0.298877 0.306736 
0.155564 0.190875 0.202446 0.20818 0.220793 0.222435 0.243636 0.271 0.298877 0.306736 
0.155564 0.190875 0.202446 0.20818 0.220793 0.222435 0.243636 0.271 0.298877 0.306736 
0.155564 0.190875 0.202446 0.20818 0.220793 0.222435 0.243636 0.271 0.298877 0.306736 
0.155564 0.190875 0.202446 0.20818 0.220793 0.222435 0.243636 0.271 0.298877 0.306736 
0.155564 0.190875 0.202446 0.20818 0.220793 0.222435 0.243636 0.271 0.298877 0.306736 
0.155564 0.190875 0.202446 0.20818 0.220793 0.222435 0.243636 0.271 0.298877 0.306736 
0.155564 0.190875 0.202446 0.20818 0.220793 0.222435 0.243636 0.271 0.298877 0.306736 
0.155564 0.190875 0.202446 0.20818 0.220793 0.222435 0.243636 0.271 0.298877 0.306736 
0.155564 0.190875 0.202446 0.20818 0.220793 0.222435 0.243636 0.271 0.298877 0.306736 
0.155564 0.190875 0.202446 0.20818 0.220793 0.222435 0.243636 0.271 0.298877 0.306736 
0.155564 0.190875 0.202446 0.20818 0.220793 0.222435 0.243636 0.271 0.298877 0.306736 
0.155564 0.190875 0.202446 0.20818 0.220793 0.222435 0.243636 0.271 0.298877 0.306736 
0.155564 0.190875 0.202446 0.20818 0.220793 0.222435 0.243636 0.271 0.298877 0.306736 
0.155564 0.190875 0.202446 0.20818 0.220793 0.222435 0.243636 0.271 0.298877 0.306736 
0.155564 0.190875 0.202446 0.20818 0.220793 0.222435 0.243636 0.271 0.298877 0.306736 
0.155564 0.190875 0.202446 0.20818 0.220793 0.222435 0.243636 0.271 0.298877 0.306736 
0.155564 0.190875 0.202446 0.20818 0.220793 0.222435 0.243636 0.271 0.298877 0.306736 
0.155564 0.190875 0.202446 0.20818 0.220793 0.222435 0.243636 0.271 0.298877 0.306736 
0.155564 0.190875 0.202446 0.20818 0.220793 0.222435 0.243636 0.271 0.298877 0.306736 
0.155564 0.190875 0.202446 0.20818 0.220793 0.222435 0.243636 0.271 0.298877 0.306736 
0.155564 0.190875 0.202446 0.20818 0.220793 0.222435 0.243636 0.271 0.298877 0.306736 
0.155564 0.190875 0.202446 0.20818 0.220793 0.222435 0.243636 0.271 0.298877 0.306736 
0.155564 0.190875 0.202446 0.20818 0.220793 0.222435 0.243636 0.271 0.298877 0.306736 
0.155564 0.190875 0.202446 0.20818 0.220793 0.222435 0.243636 0.271 0.298877 0.306736 
0.155564 0.190875 0.202446 0.20818 0.220793 0.222435 0.243636 0.271 0.298877 0.306736 
