2.60911 2.66658 2.78068 2.81188 2.90133 2.9732 3.76516 3.94362 4.07541 4.13735 
0.587981 1.82675 2.60911 2.66658 2.78068 2.81188 2.90133 2.9732 3.23467 3.76516 
0.587981 1.82675 2.06135 2.60911 2.66658 2.78068 2.81188 2.90133 2.9732 3.23467 
0.587981 1.82675 2.06135 2.60911 2.66658 2.78068 2.81188 2.90133 2.9732 3.23467 
0.587981 0.684465 1.82675 2.06135 2.60911 2.66658 2.78068 2.79254 2.81188 2.90133 
0.587981 0.684465 0.991267 1.81619 1.82675 2.06135 2.53347 2.57533 2.60911 2.66658 
0.587981 0.684465 0.991267 1.81619 1.82675 1.95477 2.06135 2.53347 2.57533 2.60911 
0.587981 0.684465 0.991267 1.81619 1.82675 1.95477 2.06135 2.53347 2.57533 2.60911 
0.587981 0.684465 0.991267 1.81619 1.82675 1.95477 2.06135 2.53347 2.57533 2.60911 
0.587981 0.684465 0.991267 1.81619 1.82675 1.95477 2.06135 2.08487 2.53347 2.57533 
0.587981 0.684465 0.991267 1.81619 1.82675 1.95477 2.06135 2.08487 2.47624 2.53347 
0.587981 0.684465 0.991267 1.04701 1.81619 1.82675 1.95477 2.06135 2.08487 2.41968 
0.587981 0.684465 0.991267 1.04701 1.29333 1.41887 1.81619 1.82675 1.95477 2.06135 
0.587981 0.684465 0.991267 1.04701 1.29333 1.41887 1.81619 1.82675 1.9055 1.95477 
0.587981 0.684465 0.991267 1.04701 1.29333 1.41887 1.81619 1.82675 1.9055 1.95477 
0.418057 0.587981 0.684465 0.941353 0.991267 1.04701 1.29333 1.41887 1.44407 1.81619 
0.418057 0.587981 0.684465 0.85439 0.941353 0.991267 1.04701 1.105 1.29333 1.41887 
0.369231 0.418057 0.587981 0.684465 0.85439 0.941353 0.991267 1.04701 1.105 1.29333 
0.219479 0.369231 0.418057 0.587981 0.684465 0.85439 0.941353 0.966024 0.991267 1.04493 
0.219479 0.369231 0.418057 0.587981 0.684465 0.85439 0.85747 0.941353 0.966024 0.991267 
0.219479 0.369231 0.418057 0.587981 0.684465 0.803123 0.85439 0.85747 0.885659 0.941353 
0.219479 0.369231 0.418057 0.587981 0.684465 0.763611 0.803123 0.85439 0.85747 0.885659 
0.0713982 0.219479 0.369231 0.418057 0.421299 0.587981 0.684465 0.763611 0.803123 0.85439 
0.0713982 0.165508 0.219479 0.369231 0.418057 0.421299 0.587981 0.633268 0.684465 0.763611 
0.0713982 0.165508 0.219479 0.369231 0.418057 0.421299 0.587981 0.633268 0.684465 0.751492 
0.0713982 0.165508 0.219479 0.369231 0.418057 0.421299 0.587981 0.633268 0.684465 0.751492 
0.0713982 0.165508 0.219479 0.369231 0.418057 0.421299 0.587981 0.633268 0.684465 0.751492 
0.0713982 0.165508 0.219479 0.369231 0.418057 0.421299 0.475152 0.577345 0.587981 0.633268 
0.0713982 0.165508 0.219479 0.369231 0.418057 0.421299 0.475152 0.577345 0.587981 0.633268 
0.0713982 0.165508 0.17812 0.219479 0.269785 0.27162 0.369231 0.418057 0.421299 0.44717 
0.0713982 0.165508 0.17812 0.219479 0.269785 0.27162 0.361902 0.369231 0.418057 0.421299 
0.0713982 0.165508 0.17812 0.219479 0.269785 0.27162 0.361902 0.369231 0.418057 0.421299 
0.0713982 0.165508 0.17812 0.219479 0.269785 0.27162 0.361902 0.369231 0.418057 0.421299 
0.0713982 0.151302 0.165508 0.17812 0.219479 0.269785 0.27162 0.361902 0.369231 0.418057 
0.0713982 0.151302 0.160459 0.165508 0.17812 0.219479 0.269785 0.27162 0.361902 0.369231 
0.0713982 0.119317 0.151302 0.160459 0.165508 0.17812 0.219479 0.269785 0.27162 0.361902 
0.0713982 0.119317 0.151302 0.160459 0.165508 0.17812 0.219479 0.269785 0.27162 0.334884 
0.0713982 0.119317 0.151302 0.160459 0.165508 0.17812 0.219479 0.269785 0.27162 0.334884 
0.0713982 0.119317 0.151302 0.160459 0.165508 0.17812 0.219479 0.269785 0.27162 0.334884 
0.0713982 0.119317 0.151302 0.160459 0.165508 0.17812 0.219479 0.269785 0.27162 0.334884 
0.0713982 0.0746971 0.119317 0.151302 0.160459 0.165508 0.17812 0.219479 0.269785 0.27162 
0.0713982 0.0746971 0.119317 0.151302 0.160459 0.163107 0.165508 0.17812 0.219479 0.269785 
0.0713982 0.0746971 0.119317 0.151302 0.160459 0.163107 0.165508 0.17812 0.219479 0.269785 
0.0713982 0.0746971 0.102536 0.119317 0.151302 0.160459 0.163107 0.165508 0.17812 0.219479 
0.0713982 0.0746971 0.102536 0.119317 0.151302 0.160459 0.163107 0.165508 0.17812 0.219479 
0.0713982 0.0746971 0.102536 0.119317 0.151302 0.160459 0.163107 0.165508 0.17812 0.219479 
0.0519375 0.0713982 0.0746971 0.102536 0.119317 0.151302 0.160459 0.163107 0.165508 0.17812 
0.0519375 0.0713982 0.0746971 0.102536 0.119317 0.151302 0.160459 0.163107 0.165508 0.17812 
0.0519375 0.0713982 0.0746971 0.0981202 0.102536 0.119317 0.151302 0.160459 0.163107 0.165508 
0.0519375 0.0713982 0.0746971 0.0981202 0.102536 0.119317 0.151302 0.160459 0.163107 0.165508 
0.0519375 0.0713982 0.0746971 0.0981202 0.102536 0.119317 0.151302 0.160459 0.163107 0.165508 
0.0519375 0.0713982 0.0746971 0.0981202 0.102536 0.119317 0.151302 0.160459 0.163107 0.165508 
0.0519375 0.0713982 0.0746971 0.0981202 0.102536 0.119317 0.151302 0.160459 0.163107 0.165508 
0.0519375 0.0713982 0.0746971 0.0981202 0.102536 0.119317 0.143809 0.151302 0.160459 0.163107 
0.0519375 0.0645684 0.0713982 0.0746971 0.0981202 0.102536 0.119317 0.141266 0.143809 0.151302 
0.0519375 0.0645684 0.0713982 0.0746971 0.0981202 0.102536 0.119317 0.121279 0.141266 0.143809 
0.0519375 0.0645684 0.0713982 0.0746971 0.0981202 0.102536 0.119317 0.121279 0.141266 0.143809 
0.0519375 0.0645684 0.0713982 0.0746971 0.0981202 0.102536 0.119317 0.121279 0.141266 0.143809 
0.0519375 0.0645684 0.0713982 0.0746971 0.0981202 0.102536 0.119317 0.121279 0.141266 0.143809 
0.0519375 0.0645684 0.0713982 0.0746971 0.0981202 0.102536 0.119317 0.121279 0.141266 0.143809 
0.0519375 0.0645684 0.0713982 0.0746971 0.0981202 0.102536 0.119317 0.121279 0.141266 0.143809 
0.0519375 0.0645684 0.0713982 0.0746971 0.0981202 0.102536 0.119317 0.121279 0.141266 0.141726 
0.0519375 0.0645684 0.0713982 0.0746971 0.0981202 0.102536 0.119317 0.121279 0.141266 0.141726 
0.0519375 0.0645684 0.0713982 0.0746971 0.0981202 0.102536 0.119317 0.121279 0.141266 0.141726 
0.0519375 0.0645684 0.0713982 0.0746971 0.0981202 0.102536 0.119317 0.121279 0.141266 0.141726 
0.0519375 0.0645684 0.0713982 0.0746971 0.0981202 0.102536 0.119317 0.121279 0.141266 0.141726 
0.0519375 0.0645684 0.0713982 0.0746971 0.0981202 0.102536 0.119317 0.121279 0.141266 0.141726 
0.0519375 0.0645684 0.0713982 0.0746971 0.0981202 0.102536 0.119317 0.121279 0.141266 0.141726 
0.0519375 0.0645684 0.0713982 0.0746971 0.0981202 0.102536 0.119317 0.121279 0.141266 0.141726 
0.0519375 0.0645684 0.0713982 0.0746971 0.0981202 0.102536 0.119317 0.121279 0.141266 0.141726 
0.0519375 0.0645684 0.0713982 0.0746971 0.0981202 0.102536 0.119317 0.121279 0.141266 0.141726 
0.0519375 0.0645684 0.0713982 0.0746971 0.0981202 0.102536 0.119317 0.121279 0.141266 0.141726 
0.0519375 0.0645684 0.0713982 0.0746971 0.0981202 0.102536 0.119317 0.121279 0.141266 0.141726 
0.0519375 0.0645684 0.0713982 0.0746971 0.0981202 0.102536 0.119317 0.121279 0.141266 0.141726 
0.0519375 0.0645684 0.0713982 0.0746971 0.0981202 0.102536 0.119317 0.121279 0.141266 0.141726 
0.0519375 0.0645684 0.0713982 0.0746971 0.0981202 0.102536 0.119317 0.121279 0.141266 0.141726 
0.0519375 0.0645684 0.0713982 0.0746971 0.0981202 0.102536 0.119317 0.121279 0.141266 0.141726 
0.0519375 0.0645684 0.0713982 0.0746971 0.0981202 0.102536 0.119317 0.121279 0.141266 0.141726 
0.0519375 0.0645684 0.0713982 0.0746971 0.0981202 0.102536 0.119317 0.121279 0.141266 0.141726 
0.0519375 0.0645684 0.0713982 0.0746971 0.0981202 0.102536 0.119317 0.121279 0.141266 0.141726 
0.0519375 0.0645684 0.0713982 0.0746971 0.0981202 0.102536 0.119317 0.121279 0.141266 0.141726 
0.0519375 0.0645684 0.0713982 0.0746971 0.0981202 0.102536 0.119317 0.121279 0.141266 0.141726 
0.0519375 0.0645684 0.0713982 0.0746971 0.0981202 0.102536 0.119317 0.121279 0.141266 0.141726 
0.0519375 0.0645684 0.0713982 0.0746971 0.0981202 0.102536 0.119317 0.121279 0.141266 0.141726 
0.0519375 0.0645684 0.0713982 0.0746971 0.0981202 0.102536 0.119317 0.121279 0.141266 0.141726 
0.0519375 0.0645684 0.0713982 0.0746971 0.0981202 0.102536 0.119317 0.121279 0.141266 0.141726 
0.0519375 0.0645684 0.0713982 0.0746971 0.0981202 0.102536 0.119317 0.121279 0.141266 0.141726 
0.0519375 0.0645684 0.0713982 0.0746971 0.0981202 0.102536 0.119317 0.121279 0.141266 0.141726 
0.0519375 0.0645684 0.0713982 0.0746971 0.0981202 0.102536 0.119317 0.121279 0.141266 0.141726 
0.0519375 0.0645684 0.0713982 0.0746971 0.0981202 0.102536 0.119317 0.121279 0.141266 0.141726 
0.0519375 0.0645684 0.0713982 0.0746971 0.0981202 0.102536 0.119317 0.121279 0.141266 0.141726 
0.0519375 0.0645684 0.0713982 0.0746971 0.0981202 0.102536 0.119317 0.121279 0.141266 0.141726 
0.0519375 0.0645684 0.0713982 0.0746971 0.0981202 0.102536 0.119317 0.121279 0.141266 0.141726 
0.0519375 0.0645684 0.0713982 0.0746971 0.0981202 0.102536 0.119317 0.121279 0.141266 0.141726 
0.0519375 0.0645684 0.0713982 0.0746971 0.0981202 0.102536 0.119317 0.121279 0.141266 0.141726 
0.0519375 0.0645684 0.0713982 0.0746971 0.0981202 0.102536 0.119317 0.121279 0.141266 0.141726 
0.0519375 0.0645684 0.0713982 0.0746971 0.0981202 0.102536 0.119317 0.121279 0.141266 0.141726 
0.0519375 0.0645684 0.0713982 0.0746971 0.0981202 0.102536 0.119317 0.121279 0.141266 0.141726 
0.0519375 0.0645684 0.0713982 0.0746971 0.0981202 0.102536 0.119317 0.121279 0.141266 0.141726 
0.0519375 0.0645684 0.0713982 0.0746971 0.0981202 0.102536 0.119317 0.121279 0.141266 0.141726 
