4.26036 4.51078 4.57245 4.86198 4.9562 5.16755 5.25736 5.88973 6.13988 6.27369 
2.8268 3.38263 4.26036 4.51078 4.54847 4.57245 4.86198 4.9562 5.15441 5.16755 
2.8268 3.38263 4.26036 4.51078 4.54847 4.57245 4.86198 4.9562 5.15441 5.16755 
2.8268 3.38263 4.26036 4.51078 4.54847 4.57245 4.86198 4.9562 5.15441 5.16755 
2.8268 3.38263 4.26036 4.51078 4.54847 4.57245 4.86198 4.9562 5.15441 5.16755 
2.8268 3.38263 4.26036 4.51078 4.54847 4.57245 4.86198 4.9562 5.15441 5.16755 
2.8268 3.38263 4.26036 4.51078 4.54847 4.57245 4.86198 4.9562 5.15441 5.16755 
2.8268 3.38263 4.26036 4.51078 4.54847 4.57245 4.58176 4.86198 4.9562 5.15441 
2.8268 3.38263 3.73545 4.26036 4.51078 4.54847 4.57245 4.58176 4.86198 4.9562 
2.8268 3.38263 3.73545 4.26036 4.42361 4.43294 4.51078 4.54847 4.57245 4.58176 
2.8268 3.38263 3.73545 4.26036 4.42361 4.43294 4.51078 4.54847 4.57245 4.58176 
2.8268 3.38263 3.73545 4.26036 4.42361 4.43294 4.51078 4.54847 4.57245 4.58176 
2.8268 3.38263 3.73545 4.26036 4.42361 4.43294 4.51078 4.54847 4.57245 4.58176 
2.8268 3.38263 3.73545 3.8127 3.9601 4.26036 4.42361 4.43294 4.51078 4.54847 
2.14328 2.8268 3.38263 3.62742 3.73545 3.8127 3.9601 4.26036 4.42361 4.43294 
2.14328 2.8268 3.38263 3.62742 3.73545 3.8127 3.9601 4.26036 4.42361 4.43294 
2.14328 2.8268 3.23162 3.38263 3.62742 3.73545 3.8127 3.9601 4.26036 4.42361 
2.14328 2.8268 2.87905 3.23162 3.38263 3.62742 3.73545 3.8127 3.9601 4.22162 
1.89998 2.14328 2.8268 2.87905 3.0145 3.23162 3.38263 3.62742 3.73545 3.8127 
1.42515 1.89998 2.14328 2.8268 2.87905 3.0145 3.23162 3.38263 3.62742 3.73545 
1.42515 1.89998 2.14328 2.8268 2.87905 3.00231 3.0145 3.23162 3.38263 3.62742 
1.42515 1.89998 2.14328 2.8268 2.87905 3.00231 3.0145 3.23162 3.38263 3.62742 
1.42515 1.89998 2.14328 2.8268 2.87905 3.00231 3.0145 3.1715 3.23162 3.38263 
1.42515 1.89998 2.14328 2.75739 2.8268 2.87905 3.00231 3.0145 3.1715 3.23162 
1.42515 1.89998 2.14328 2.75739 2.8268 2.87905 3.00231 3.0145 3.1715 3.23162 
1.42515 1.89998 2.14328 2.75739 2.8268 2.87905 3.00231 3.0145 3.1715 3.23162 
1.42515 1.89998 2.14328 2.75739 2.76248 2.8268 2.87905 3.00231 3.0145 3.06161 
1.42515 1.89998 2.14328 2.75739 2.76248 2.8268 2.87905 3.00231 3.0145 3.06161 
1.42515 1.85572 1.89998 2.14328 2.75739 2.76248 2.8268 2.87905 2.98229 3.00231 
1.42515 1.85572 1.89998 2.14328 2.67036 2.75739 2.76248 2.8268 2.87905 2.98229 
1.42515 1.85572 1.89998 2.14328 2.48489 2.67036 2.75739 2.76248 2.8268 2.87905 
1.42515 1.85572 1.89998 2.14328 2.48489 2.67036 2.75739 2.76248 2.8268 2.87905 
1.0692 1.42515 1.51433 1.85572 1.89998 2.14328 2.48489 2.67036 2.75739 2.76248 
1.0692 1.42515 1.51433 1.85572 1.89998 2.14328 2.48489 2.67036 2.75739 2.76248 
1.0692 1.42515 1.51433 1.85572 1.89998 2.14328 2.48489 2.67036 2.75739 2.76248 
1.0692 1.42515 1.51433 1.85572 1.89998 2.14328 2.48489 2.67036 2.75739 2.76248 
1.0692 1.42515 1.51433 1.85572 1.89998 2.14328 2.48489 2.67036 2.75739 2.76248 
1.0692 1.42515 1.51433 1.85572 1.89998 2.1151 2.14328 2.48489 2.6236 2.67036 
1.0692 1.42515 1.51433 1.85572 1.89998 2.07532 2.1151 2.14328 2.48489 2.6236 
1.0692 1.42515 1.51433 1.85572 1.89998 2.07532 2.1151 2.14328 2.48489 2.6236 
1.0692 1.42515 1.51433 1.85572 1.89998 2.07532 2.1151 2.14328 2.48489 2.6236 
1.0692 1.42515 1.51433 1.85572 1.89998 2.07532 2.1151 2.14328 2.48489 2.6236 
1.0692 1.42515 1.51433 1.85572 1.89998 2.07532 2.1151 2.14328 2.48489 2.6236 
0.57159 0.942302 1.0692 1.42515 1.51433 1.85572 1.89998 2.07532 2.1151 2.14328 
0.57159 0.942302 1.0692 1.42515 1.51433 1.77581 1.85572 1.89998 2.03468 2.07532 
0.57159 0.942302 1.0692 1.42515 1.51433 1.77581 1.85572 1.89998 2.03468 2.07532 
0.57159 0.942302 1.0692 1.42515 1.51433 1.77581 1.85572 1.89998 2.03468 2.07532 
0.57159 0.942302 1.0692 1.42515 1.51433 1.77581 1.85572 1.89998 2.03468 2.07532 
0.57159 0.942302 1.0692 1.42515 1.51245 1.51433 1.77581 1.85572 1.89998 2.03468 
0.57159 0.838094 0.942302 1.0692 1.42515 1.51245 1.51433 1.77581 1.85572 1.89998 
0.512889 0.57159 0.838094 0.942302 1.0692 1.42515 1.51245 1.51433 1.77581 1.85572 
0.512889 0.57159 0.838094 0.942302 1.0692 1.10727 1.42515 1.51245 1.51433 1.77581 
0.512889 0.57159 0.838094 0.942302 1.0692 1.10727 1.42515 1.51245 1.51433 1.77581 
0.512889 0.57159 0.838094 0.942302 1.0692 1.10727 1.42515 1.51245 1.51433 1.77581 
0.512889 0.57159 0.838094 0.942302 1.0692 1.10727 1.42515 1.51245 1.51433 1.77581 
0.512889 0.57159 0.838094 0.942302 1.0692 1.10727 1.42515 1.51245 1.51433 1.62968 
0.512889 0.57159 0.838094 0.942302 1.0692 1.10727 1.42515 1.51245 1.51433 1.62968 
0.512889 0.57159 0.838094 0.942302 1.0692 1.10727 1.42515 1.51245 1.51433 1.62968 
0.512889 0.57159 0.838094 0.942302 1.0692 1.10727 1.42515 1.51245 1.51433 1.62968 
0.512889 0.57159 0.838094 0.942302 1.0692 1.10727 1.42515 1.51245 1.51433 1.62968 
0.512889 0.57159 0.838094 0.942302 1.0692 1.10727 1.42515 1.51245 1.51433 1.62968 
0.512889 0.57159 0.838094 0.942302 1.0692 1.10727 1.42515 1.51245 1.51433 1.62968 
0.512889 0.57159 0.838094 0.942302 1.0692 1.10727 1.42515 1.51245 1.51433 1.62968 
0.512889 0.57159 0.838094 0.942302 1.0692 1.10727 1.42515 1.51245 1.51433 1.62968 
0.512889 0.57159 0.838094 0.942302 1.0692 1.10727 1.42515 1.51245 1.51433 1.62968 
0.512889 0.57159 0.838094 0.942302 1.0692 1.10727 1.42515 1.51245 1.51433 1.62968 
0.512889 0.57159 0.838094 0.942302 1.0692 1.10727 1.42515 1.51245 1.51433 1.62968 
0.512889 0.57159 0.838094 0.942302 1.0692 1.10727 1.42515 1.51245 1.51433 1.62968 
0.512889 0.57159 0.838094 0.942302 1.0692 1.10727 1.42515 1.51245 1.51433 1.62968 
0.512889 0.57159 0.838094 0.942302 1.0692 1.10727 1.42515 1.51245 1.51433 1.62968 
0.512889 0.57159 0.838094 0.942302 1.0692 1.10727 1.42515 1.51245 1.51433 1.62968 
0.512889 0.57159 0.838094 0.942302 1.0692 1.10727 1.42515 1.51245 1.51433 1.62968 
0.512889 0.57159 0.838094 0.942302 1.0692 1.10727 1.42515 1.51245 1.51433 1.62968 
0.512889 0.57159 0.838094 0.942302 1.0692 1.10727 1.42515 1.51245 1.51433 1.62968 
0.512889 0.57159 0.838094 0.942302 1.0692 1.10727 1.42515 1.47771 1.51245 1.51433 
0.512889 0.57159 0.838094 0.942302 1.0692 1.10727 1.42515 1.47771 1.51245 1.51433 
0.512889 0.57159 0.838094 0.942302 1.0692 1.10727 1.42515 1.47771 1.51245 1.51433 
0.512889 0.57159 0.838094 0.942302 1.0692 1.10727 1.42515 1.47771 1.51245 1.51433 
0.512889 0.57159 0.838094 0.942302 1.0692 1.10727 1.42515 1.47771 1.51245 1.51433 
0.512889 0.57159 0.838094 0.942302 1.0692 1.10727 1.42515 1.47771 1.51245 1.51433 
0.512889 0.57159 0.838094 0.942302 1.0692 1.10727 1.42515 1.47771 1.51245 1.51433 
0.512889 0.57159 0.838094 0.942302 1.0692 1.10727 1.42515 1.47771 1.51245 1.51433 
0.512889 0.57159 0.838094 0.942302 1.0692 1.10727 1.42515 1.47771 1.51245 1.51433 
0.512889 0.57159 0.838094 0.942302 1.0692 1.10727 1.25719 1.42515 1.47771 1.51245 
0.512889 0.57159 0.838094 0.942302 1.0692 1.10727 1.25719 1.42515 1.47771 1.51245 
0.512889 0.57159 0.838094 0.942302 1.0692 1.10727 1.21972 1.25719 1.42515 1.47771 
0.512889 0.57159 0.838094 0.942302 1.0692 1.10727 1.21972 1.25719 1.42515 1.47771 
0.512889 0.57159 0.838094 0.942302 0.948332 1.0692 1.10727 1.21972 1.25719 1.42514 
0.512889 0.57159 0.838094 0.942302 0.948332 1.0692 1.10727 1.21972 1.25719 1.42514 
0.512889 0.57159 0.838094 0.942302 0.948332 1.0692 1.10141 1.10727 1.21972 1.25719 
0.512889 0.57159 0.838094 0.942302 0.948332 1.0692 1.10141 1.10727 1.21972 1.25719 
0.512889 0.57159 0.838094 0.942302 0.948332 1.0692 1.10141 1.10727 1.18478 1.21972 
0.33563 0.512889 0.57159 0.838094 0.942302 0.948332 1.0692 1.10141 1.10727 1.18478 
0.33563 0.512889 0.57159 0.777523 0.838094 0.885636 0.903506 0.942302 0.948332 1.05112 
0.33563 0.512889 0.57159 0.777523 0.838094 0.885636 0.903506 0.942302 0.947902 0.948332 
0.33563 0.512889 0.57159 0.748042 0.777523 0.838094 0.885636 0.903506 0.903861 0.942302 
0.33563 0.512889 0.57159 0.748042 0.777523 0.838094 0.885636 0.903506 0.903861 0.942302 
0.33563 0.512889 0.57159 0.610613 0.748042 0.777523 0.838094 0.885636 0.903506 0.903861 
0.33563 0.370763 0.512889 0.57159 0.610613 0.688956 0.748042 0.777523 0.838094 0.885636 
0.273105 0.33563 0.370763 0.512889 0.57159 0.610613 0.688956 0.748042 0.777523 0.838094 
