0.412755 2.39344 3.24963 3.33107 3.37895 3.4346 3.83698 3.8753 3.8903 3.94531 
0.412755 0.799646 1.16654 2.39344 2.5535 2.90017 3.15883 3.24963 3.31627 3.33107 
0.412755 0.799646 1.16654 2.39344 2.5535 2.90017 3.15883 3.24963 3.31627 3.33107 
0.412755 0.799646 1.16654 1.53349 1.84701 2.39344 2.5535 2.71762 2.77498 2.90017 
0.412755 0.799646 1.16654 1.53349 1.84701 2.39344 2.54849 2.5535 2.71762 2.77498 
0.412755 0.799646 1.16654 1.53349 1.84701 2.39344 2.54849 2.5535 2.71762 2.77498 
0.307122 0.412755 0.799646 0.864042 1.16654 1.53349 1.66965 1.84701 2.39344 2.54849 
0.307122 0.412755 0.799646 0.801539 0.864042 1.16654 1.53349 1.66965 1.84701 2.39344 
0.307122 0.412755 0.799646 0.801539 0.864042 1.16654 1.53349 1.66965 1.84701 2.39344 
0.307122 0.412755 0.799646 0.801539 0.864042 1.16654 1.53349 1.66965 1.83883 1.84701 
0.0266584 0.307122 0.412755 0.799646 0.801539 0.864042 0.949351 1.16654 1.53349 1.66965 
0.0266584 0.307122 0.412755 0.799646 0.801539 0.864042 0.949351 1.16654 1.53349 1.57153 
0.0266584 0.307122 0.412755 0.799646 0.801539 0.864042 0.949351 1.16654 1.51466 1.53349 
0.0266584 0.307122 0.412755 0.799646 0.801539 0.864042 0.949351 1.16654 1.51466 1.53349 
0.0266584 0.307122 0.412755 0.799646 0.801539 0.864042 0.949351 1.16654 1.51466 1.53349 
0.0266584 0.307122 0.412755 0.799646 0.801539 0.864042 0.949351 1.16654 1.51466 1.53349 
0.0266584 0.307122 0.399699 0.412755 0.588082 0.799646 0.801539 0.864042 0.949351 1.16654 
0.0266584 0.307122 0.399699 0.412755 0.588082 0.799646 0.801539 0.864042 0.949351 1.16654 
0.0266584 0.307122 0.399699 0.412755 0.588082 0.799646 0.801539 0.864042 0.949351 1.16654 
0.0266584 0.307122 0.399699 0.412755 0.588082 0.799646 0.801539 0.864042 0.949351 1.16654 
0.0266584 0.307122 0.399699 0.412755 0.588082 0.799646 0.801539 0.864042 0.949351 1.16654 
0.0266584 0.307122 0.399699 0.412755 0.588082 0.685543 0.799646 0.801539 0.864042 0.949351 
0.0266584 0.307122 0.399699 0.412755 0.449273 0.588082 0.685543 0.799646 0.801539 0.864042 
0.0266584 0.307122 0.399699 0.412755 0.449273 0.501254 0.588082 0.685543 0.799646 0.801539 
0.0266584 0.307122 0.399699 0.412755 0.449273 0.501254 0.588082 0.652007 0.685543 0.778022 
0.0266584 0.275045 0.307122 0.399699 0.412755 0.449273 0.501254 0.588082 0.652007 0.685543 
0.0266584 0.275045 0.307122 0.399699 0.412755 0.449273 0.501254 0.588082 0.652007 0.685543 
0.0266584 0.275045 0.307122 0.341816 0.399699 0.412755 0.449273 0.501254 0.513417 0.588082 
0.0266584 0.275045 0.307122 0.341816 0.399699 0.412755 0.449273 0.501254 0.513417 0.588082 
0.0266584 0.275045 0.307122 0.341816 0.399699 0.412755 0.449273 0.501254 0.513417 0.588082 
0.0266584 0.275045 0.307122 0.307915 0.341816 0.399699 0.412755 0.449273 0.501254 0.513417 
0.0266584 0.275045 0.307122 0.307915 0.341816 0.399699 0.412755 0.449273 0.501254 0.513417 
0.0266584 0.275045 0.307122 0.307915 0.341816 0.399699 0.412755 0.449273 0.501254 0.513417 
0.0266584 0.275045 0.307122 0.307915 0.341816 0.399699 0.412755 0.449273 0.501254 0.513417 
0.0266584 0.275045 0.307122 0.307915 0.341816 0.399699 0.412755 0.449273 0.501254 0.513417 
0.0266584 0.275045 0.307122 0.307915 0.341816 0.399699 0.412755 0.449273 0.501254 0.513417 
0.0266584 0.275045 0.307122 0.307915 0.341816 0.399699 0.412755 0.449273 0.501254 0.513417 
0.0266584 0.275045 0.307122 0.307915 0.341816 0.399699 0.412755 0.449273 0.501254 0.513417 
0.0266584 0.275045 0.307122 0.307915 0.341816 0.399699 0.412755 0.449273 0.501254 0.513417 
0.0266584 0.275045 0.295806 0.307122 0.307915 0.341816 0.399699 0.412755 0.449273 0.501254 
0.0266584 0.0639675 0.275045 0.295806 0.307122 0.307915 0.341816 0.351291 0.399699 0.412755 
0.0266584 0.0639675 0.275045 0.295806 0.307122 0.307915 0.341816 0.351291 0.399699 0.412755 
0.0266584 0.0639675 0.275045 0.280757 0.295806 0.307122 0.307915 0.341816 0.351291 0.399699 
0.0266584 0.0639675 0.275045 0.280757 0.295806 0.307122 0.307915 0.341816 0.351291 0.399699 
0.0266584 0.0639675 0.255636 0.275045 0.280757 0.295806 0.307122 0.307915 0.341816 0.351291 
0.0266584 0.0639675 0.255636 0.275045 0.280757 0.295806 0.307122 0.307915 0.341816 0.351291 
0.0266584 0.0639675 0.255636 0.275045 0.280757 0.295806 0.307122 0.307915 0.341816 0.351291 
0.0266584 0.0639675 0.255636 0.275045 0.280757 0.295806 0.307122 0.307915 0.341816 0.351291 
0.0266584 0.0639675 0.255636 0.275045 0.280757 0.295806 0.307122 0.307915 0.341816 0.351291 
0.0266584 0.0639675 0.255636 0.275045 0.280757 0.295806 0.307122 0.307915 0.341816 0.351291 
0.0266584 0.0639675 0.255636 0.275045 0.280757 0.295806 0.307122 0.307915 0.341816 0.351291 
0.0266584 0.0639675 0.255636 0.275045 0.280757 0.295806 0.307122 0.307915 0.341816 0.351291 
0.0266584 0.0639675 0.255636 0.275045 0.280757 0.295806 0.307122 0.307915 0.341816 0.351291 
0.0266584 0.0639675 0.255636 0.275045 0.280757 0.295806 0.307122 0.307915 0.341816 0.351291 
0.0266584 0.0639675 0.255636 0.275045 0.280757 0.295806 0.307122 0.307915 0.341816 0.351291 
0.0266584 0.0639675 0.255636 0.275045 0.280757 0.295806 0.307122 0.307915 0.341816 0.351291 
0.0266584 0.0639675 0.255636 0.275045 0.280757 0.295806 0.307122 0.307915 0.341816 0.351291 
0.0266584 0.0639675 0.255636 0.275045 0.280757 0.295806 0.307122 0.307915 0.341816 0.351291 
0.0266584 0.0639675 0.255636 0.275045 0.280757 0.295806 0.307122 0.307915 0.341816 0.351291 
0.0266584 0.0639675 0.255636 0.275045 0.280757 0.295806 0.307122 0.307915 0.341816 0.351291 
0.0266584 0.0639675 0.255636 0.275045 0.280757 0.295806 0.307122 0.307915 0.341816 0.351291 
0.0266584 0.0639675 0.255636 0.275045 0.280757 0.295806 0.307122 0.307915 0.341816 0.351291 
0.0266584 0.0639675 0.255636 0.275045 0.280757 0.295806 0.307122 0.307915 0.341816 0.351291 
0.0266584 0.0639675 0.255636 0.275045 0.280757 0.295806 0.307122 0.307915 0.341816 0.351291 
0.0266584 0.0639675 0.255636 0.275045 0.280757 0.295806 0.307122 0.307915 0.341816 0.351291 
0.0266584 0.0639675 0.255636 0.275045 0.280757 0.295806 0.307122 0.307915 0.341816 0.347733 
0.0266584 0.0639675 0.255636 0.275045 0.280757 0.295806 0.307122 0.307915 0.341816 0.347733 
0.0266584 0.0639675 0.255636 0.275045 0.280757 0.295806 0.307122 0.307915 0.341816 0.347733 
0.0266584 0.0639675 0.255636 0.275045 0.280757 0.295806 0.307122 0.307915 0.341816 0.347733 
0.0266584 0.0639675 0.255636 0.275045 0.280757 0.295806 0.307122 0.307915 0.341816 0.347733 
0.0266584 0.0639675 0.255636 0.275045 0.280757 0.295806 0.307122 0.307915 0.341816 0.347733 
0.0266584 0.0639675 0.255636 0.275045 0.280757 0.284784 0.291719 0.295806 0.307122 0.307915 
0.0266584 0.0639675 0.198748 0.227259 0.255636 0.275045 0.280757 0.284784 0.291719 0.295806 
0.0266584 0.0639675 0.198748 0.224781 0.227259 0.255636 0.275045 0.280757 0.284784 0.291719 
0.0266584 0.0639675 0.198748 0.224781 0.227259 0.255636 0.275045 0.280757 0.284784 0.291719 
0.0266584 0.0639675 0.171082 0.195331 0.198748 0.224781 0.227259 0.255636 0.262144 0.275045 
0.0266584 0.0639675 0.171082 0.195331 0.198748 0.224781 0.227259 0.255343 0.255636 0.262144 
0.0266584 0.0639675 0.171082 0.195331 0.198748 0.224781 0.227259 0.24579 0.255343 0.255636 
0.0266584 0.0639675 0.171082 0.188749 0.195331 0.198748 0.224781 0.227259 0.24579 0.255343 
0.0266584 0.0639675 0.171082 0.188749 0.19061 0.191597 0.195331 0.198748 0.224781 0.227259 
0.0266584 0.0639675 0.171082 0.188749 0.19061 0.191597 0.195331 0.198748 0.201644 0.215558 
0.0266584 0.0639675 0.171082 0.188749 0.19061 0.191597 0.195331 0.198748 0.201644 0.204209 
0.0266584 0.0639675 0.171082 0.187939 0.188749 0.19061 0.191597 0.195331 0.198748 0.20036 
0.0266584 0.0639675 0.171082 0.187939 0.188158 0.188749 0.19061 0.191597 0.195331 0.198748 
0.0266584 0.0639675 0.131063 0.168151 0.171082 0.187939 0.188158 0.188749 0.19061 0.191597 
0.0266584 0.0639675 0.122387 0.131063 0.131608 0.162417 0.168151 0.171082 0.187939 0.188158 
0.0266584 0.0639675 0.117814 0.122387 0.128941 0.131063 0.131608 0.15151 0.151865 0.162417 
0.0266584 0.0639675 0.117814 0.122387 0.128941 0.131063 0.131608 0.141087 0.15151 0.151865 
0.0266584 0.0639675 0.0777454 0.0779078 0.102362 0.110552 0.111175 0.117814 0.122387 0.128941 
0.0266584 0.0639675 0.0777454 0.0779078 0.102362 0.110552 0.111175 0.117814 0.122387 0.126735 
0.0266584 0.0639675 0.0777454 0.0779078 0.0921034 0.0977465 0.100696 0.102362 0.110552 0.111175 
0.0266584 0.0639675 0.0777454 0.0779078 0.0850927 0.0921034 0.0977465 0.100696 0.102362 0.110363 
0.0266584 0.0639675 0.0777454 0.0779078 0.0850634 0.0850927 0.087217 0.0921034 0.0963553 0.0977465 
0.0266584 0.0639675 0.0656926 0.0667696 0.0777454 0.0779078 0.0793552 0.0850634 0.0850927 0.087217 
0.0266584 0.0639675 0.0656926 0.0667696 0.0777454 0.0779078 0.0791298 0.0793552 0.081571 0.0850634 
0.0266584 0.0639675 0.0656926 0.0667696 0.0777454 0.0779078 0.0791298 0.0793552 0.081571 0.0850634 
0.0266584 0.0580551 0.0639675 0.0656926 0.0667696 0.0777454 0.0779078 0.0791298 0.0793552 0.081571 
0.0266584 0.0580551 0.0639675 0.0656926 0.0667696 0.0696818 0.0777454 0.0779078 0.0791298 0.0793552 
0.0266584 0.0503738 0.0580551 0.0639675 0.0656926 0.0667696 0.0696818 0.0777454 0.0779078 0.0791298 
0.0266584 0.0503738 0.0547729 0.0580551 0.061198 0.0639675 0.0656926 0.0657342 0.0666198 0.0667696 
