2.9564 3.18288 3.21223 3.3308 3.48661 3.54223 3.70053 3.71736 3.76822 3.81142 
1.75639 2.5036 2.9564 3.18288 3.21223 3.3308 3.45745 3.48661 3.49957 3.54223 
1.69041 1.75639 2.5036 2.9564 3.09274 3.18288 3.21223 3.25845 3.3308 3.38349 
1.69041 1.75639 2.5036 2.9564 3.07813 3.09274 3.18288 3.21223 3.25845 3.3308 
1.69041 1.75639 2.03718 2.18303 2.5036 2.92674 2.9564 3.07813 3.09274 3.18288 
1.69041 1.75639 2.03718 2.18303 2.47533 2.5036 2.84839 2.92674 2.9564 3.02149 
1.69041 1.75639 2.03718 2.18303 2.47533 2.5036 2.58625 2.84839 2.92674 2.9564 
1.69041 1.75639 2.03718 2.18303 2.47533 2.5036 2.58625 2.84839 2.92674 2.9564 
0.680829 0.731846 1.69041 1.75639 2.03718 2.18303 2.33747 2.47533 2.5036 2.58625 
0.680829 0.731846 1.52281 1.53772 1.69041 1.75639 2.03718 2.18303 2.30292 2.33747 
0.680829 0.731846 1.00103 1.52281 1.53772 1.69041 1.75639 2.03718 2.05208 2.18303 
0.60807 0.680829 0.731846 1.00103 1.52281 1.53772 1.69041 1.75639 2.03718 2.05208 
0.60807 0.680829 0.731846 1.00103 1.39847 1.52281 1.53772 1.69041 1.75639 2.03718 
0.60807 0.680829 0.731846 1.00103 1.13548 1.39847 1.52281 1.53431 1.53772 1.69041 
0.60807 0.680829 0.731846 1.00103 1.13548 1.39847 1.52281 1.53431 1.53772 1.69041 
0.60807 0.680829 0.731846 1.00103 1.13548 1.39847 1.52281 1.53431 1.53772 1.69041 
0.323296 0.60807 0.680829 0.731846 1.00103 1.13548 1.39847 1.52281 1.53431 1.53772 
0.323296 0.60807 0.680829 0.731846 1.00103 1.13548 1.39847 1.52281 1.53431 1.53772 
0.323296 0.60807 0.680829 0.731846 1.00103 1.13548 1.39847 1.40852 1.52281 1.53431 
0.323296 0.60807 0.680829 0.731846 0.960941 1.00103 1.13548 1.18359 1.39847 1.40852 
0.323296 0.60807 0.646076 0.680829 0.731846 0.960941 1.00103 1.13548 1.18359 1.39847 
0.323296 0.60807 0.646076 0.680829 0.731846 0.792864 0.810551 0.960941 1.00103 1.13548 
0.323296 0.330783 0.60807 0.646076 0.680829 0.731846 0.792864 0.810551 0.960941 1.00103 
0.323296 0.330783 0.60807 0.646076 0.680829 0.731846 0.792864 0.810551 0.960941 1.00103 
0.266254 0.323296 0.330783 0.60807 0.646076 0.680829 0.731846 0.792864 0.810551 0.858714 
0.0596458 0.266254 0.323296 0.330783 0.60807 0.646076 0.680829 0.731846 0.792864 0.810551 
0.0596458 0.266254 0.323296 0.330783 0.60807 0.646076 0.680829 0.696681 0.731846 0.792864 
0.0596458 0.266254 0.323296 0.330783 0.337078 0.60807 0.646076 0.680829 0.696681 0.731846 
0.0596458 0.266254 0.323296 0.330783 0.337078 0.60807 0.646076 0.680829 0.696681 0.731846 
0.0596458 0.266254 0.323296 0.330783 0.337078 0.60807 0.646076 0.680829 0.696681 0.731846 
0.0596458 0.266254 0.323296 0.330783 0.337078 0.60807 0.619565 0.646076 0.680829 0.696681 
0.0596458 0.266254 0.281271 0.323296 0.330783 0.337078 0.60807 0.619565 0.646076 0.680829 
0.0596458 0.266254 0.281271 0.323296 0.330783 0.337078 0.60807 0.619565 0.646076 0.680829 
0.0596458 0.266254 0.281271 0.323296 0.330783 0.337078 0.60807 0.619565 0.646076 0.680829 
0.0596458 0.266254 0.281271 0.323296 0.330783 0.337078 0.347896 0.567848 0.60807 0.619565 
0.0596458 0.170349 0.266254 0.281271 0.323296 0.330783 0.337078 0.347896 0.3731 0.567848 
0.0596458 0.170349 0.210477 0.266254 0.281271 0.305374 0.323296 0.330783 0.337078 0.347896 
0.0596458 0.170349 0.210477 0.266254 0.281271 0.305374 0.323296 0.330783 0.337078 0.347896 
0.0596458 0.170349 0.210477 0.266254 0.281271 0.305374 0.323296 0.330783 0.337078 0.347896 
0.026539 0.0596458 0.170349 0.210477 0.266254 0.281271 0.305374 0.323296 0.330783 0.337078 
0.026539 0.0596458 0.170349 0.210477 0.211934 0.253929 0.266254 0.281271 0.305374 0.323296 
0.026539 0.0596458 0.170349 0.210477 0.211934 0.253929 0.266254 0.281271 0.305374 0.323296 
0.026539 0.0596458 0.170349 0.210477 0.211934 0.253929 0.266254 0.281271 0.305374 0.323296 
0.026539 0.035218 0.0596458 0.0678935 0.170349 0.210477 0.211934 0.253929 0.266254 0.281271 
0.026539 0.035218 0.0596458 0.0678935 0.170349 0.210477 0.211934 0.253929 0.266254 0.281271 
0.026539 0.035218 0.0596458 0.0678935 0.170349 0.210477 0.211934 0.253929 0.266254 0.281271 
0.026539 0.035218 0.0596458 0.0678935 0.170349 0.210477 0.211934 0.253929 0.266254 0.281271 
0.026539 0.035218 0.0596458 0.0678935 0.170349 0.190752 0.205245 0.210477 0.211934 0.217062 
0.026539 0.035218 0.0596458 0.0678935 0.170349 0.190752 0.205245 0.210477 0.211934 0.217062 
0.026539 0.0277965 0.035218 0.0596458 0.0678935 0.170349 0.190752 0.205245 0.210477 0.211934 
0.0182622 0.026539 0.0277965 0.035218 0.0596458 0.0678935 0.170349 0.190752 0.205245 0.210477 
0.0182622 0.026539 0.0277965 0.035218 0.0596458 0.0678935 0.132481 0.170349 0.190752 0.205245 
0.0182622 0.026539 0.0277965 0.035218 0.0596458 0.0678935 0.111566 0.132481 0.170349 0.190752 
0.0182622 0.026539 0.0277965 0.035218 0.0596458 0.0665614 0.0678935 0.111566 0.132481 0.137233 
0.0182622 0.026539 0.0277965 0.035218 0.0596458 0.0665614 0.0678935 0.111566 0.132481 0.137233 
0.0182622 0.026539 0.0277965 0.035218 0.0596458 0.0665614 0.0678935 0.111566 0.132481 0.137233 
0.0182622 0.026539 0.0277965 0.035218 0.0596458 0.0665614 0.0678935 0.111566 0.132481 0.137233 
0.0182622 0.026539 0.0277965 0.035218 0.0596458 0.0665614 0.0678935 0.111566 0.132481 0.137233 
0.0182622 0.026539 0.0277965 0.035218 0.0596458 0.0665614 0.0678935 0.111566 0.132481 0.137233 
0.0182622 0.026539 0.0277965 0.035218 0.0596458 0.0665614 0.0678935 0.111566 0.132481 0.137233 
0.0182622 0.026539 0.0277965 0.035218 0.0596458 0.0665614 0.0678935 0.111566 0.132481 0.137233 
0.0182622 0.026539 0.0277965 0.035218 0.0596458 0.0665614 0.0678935 0.111566 0.132481 0.137233 
0.0182622 0.026539 0.0277965 0.035218 0.0596458 0.0665614 0.0678935 0.111566 0.132481 0.137233 
0.0182622 0.026539 0.0277965 0.035218 0.0596458 0.0665614 0.0678935 0.111566 0.132481 0.137233 
0.0182622 0.026539 0.0277965 0.035218 0.0596458 0.0665614 0.0678935 0.111566 0.132481 0.137233 
0.0182622 0.026539 0.0277965 0.035218 0.0596458 0.0665614 0.0678935 0.111566 0.132481 0.137233 
0.0182622 0.026539 0.0277965 0.035218 0.0596458 0.0665614 0.0678935 0.111566 0.132481 0.137233 
0.0182622 0.026539 0.0277965 0.035218 0.0596458 0.0665614 0.0678935 0.111566 0.132481 0.137233 
0.0182622 0.026539 0.0277965 0.035218 0.0596458 0.0665614 0.0678935 0.111566 0.132481 0.137233 
0.0182622 0.026539 0.0277965 0.035218 0.0596458 0.0665614 0.0678935 0.111566 0.132481 0.137233 
0.0182622 0.026539 0.0277965 0.035218 0.0596458 0.0665614 0.0678935 0.111566 0.132481 0.137233 
0.0182622 0.026539 0.0277965 0.035218 0.0596458 0.0665614 0.0678935 0.111566 0.132481 0.137233 
0.0182622 0.026539 0.0277965 0.035218 0.0596458 0.0665614 0.0678935 0.111566 0.132481 0.137233 
0.0182622 0.026539 0.0277965 0.035218 0.0596458 0.0665614 0.0678935 0.111566 0.132481 0.137233 
0.0182622 0.026539 0.0277965 0.035218 0.0596458 0.0665614 0.0678935 0.111566 0.132481 0.137233 
0.0182622 0.026539 0.0277965 0.035218 0.0596458 0.0665614 0.0678935 0.111566 0.132481 0.137233 
0.0182622 0.026539 0.0277965 0.035218 0.0596458 0.0665614 0.0678935 0.111566 0.132481 0.137233 
0.0182622 0.026539 0.0277965 0.035218 0.0596458 0.0665614 0.0678935 0.111566 0.132481 0.137233 
0.0182622 0.026539 0.0277965 0.035218 0.0596458 0.0665614 0.0678935 0.111566 0.132481 0.137233 
0.0182622 0.026539 0.0277965 0.035218 0.0596458 0.0665614 0.0678935 0.111566 0.132481 0.137233 
0.0182622 0.026539 0.0277965 0.035218 0.0596458 0.0665614 0.0678935 0.111566 0.132481 0.137233 
0.0182622 0.026539 0.0277965 0.035218 0.0596458 0.0665614 0.0678935 0.111566 0.132481 0.137233 
0.0182622 0.026539 0.0277965 0.035218 0.0596458 0.0665614 0.0678935 0.111566 0.132481 0.137233 
0.0182622 0.026539 0.0277965 0.035218 0.0596458 0.0665614 0.0678935 0.111566 0.132481 0.137233 
0.0182622 0.026539 0.0277965 0.035218 0.0596458 0.0665614 0.0678935 0.111566 0.132481 0.137233 
0.0182622 0.026539 0.0277965 0.035218 0.0596458 0.0665614 0.0678935 0.111566 0.132481 0.137233 
0.0182622 0.026539 0.0277965 0.035218 0.0596458 0.0665614 0.0678935 0.111566 0.132481 0.137233 
0.0182622 0.026539 0.0277965 0.035218 0.0596458 0.0665614 0.0678935 0.111566 0.132481 0.137233 
0.0182622 0.026539 0.0277965 0.035218 0.0596458 0.0665614 0.0678935 0.111566 0.132481 0.137233 
0.0182622 0.026539 0.0277965 0.035218 0.0596458 0.0665614 0.0678935 0.111566 0.132481 0.137233 
0.0182622 0.026539 0.0277965 0.035218 0.0596458 0.0665614 0.0678935 0.111566 0.132481 0.137233 
0.0182622 0.026539 0.0277965 0.035218 0.0596458 0.0665614 0.0678935 0.111566 0.132481 0.137233 
0.0182622 0.026539 0.0277965 0.035218 0.0596458 0.0665614 0.0678935 0.111566 0.132481 0.137233 
0.0182622 0.026539 0.0277965 0.035218 0.0596458 0.0665614 0.0678935 0.111566 0.132481 0.137233 
0.0182622 0.026539 0.0277965 0.035218 0.0596458 0.0665614 0.0678935 0.111566 0.132481 0.137233 
0.0182622 0.026539 0.0277965 0.035218 0.0596458 0.0665614 0.0678935 0.111566 0.132481 0.137233 
0.0182622 0.026539 0.0277965 0.035218 0.0596458 0.0665614 0.0678935 0.111566 0.132481 0.137233 
0.0182622 0.026539 0.0277965 0.035218 0.0596458 0.0665614 0.0678935 0.111566 0.132481 0.137233 
0.0182622 0.026539 0.0277965 0.035218 0.0596458 0.0665614 0.0678935 0.111566 0.132481 0.137233 
0.0182622 0.026539 0.0277965 0.035218 0.0596458 0.0665614 0.0678935 0.111566 0.132481 0.137233 
