1.89734 2.63467 3.38703 3.41258 3.46645 3.47404 3.48929 3.62771 3.72577 3.81986 
1.8742 1.89734 2.38817 2.58691 2.63467 3.20164 3.31386 3.38703 3.41258 3.46645 
1.8742 1.89734 2.35833 2.38817 2.58691 2.63467 2.84065 3.16153 3.20164 3.29959 
1.8742 1.89734 2.35833 2.38817 2.58691 2.63467 2.84065 2.99608 3.07047 3.16153 
1.8742 1.89734 1.95148 2.35833 2.38817 2.58691 2.63467 2.84065 2.99608 3.07047 
1.8742 1.89734 1.95148 2.35833 2.38817 2.58691 2.63467 2.84065 2.99608 3.07047 
1.72243 1.8742 1.89734 1.95148 2.35833 2.38817 2.58691 2.63467 2.84065 2.99608 
1.72243 1.8742 1.89734 1.95148 2.27918 2.35833 2.38817 2.58691 2.63467 2.6364 
1.72243 1.8742 1.89734 1.95148 2.27918 2.35833 2.38817 2.58691 2.63467 2.6364 
1.72243 1.8742 1.89734 1.95148 2.27918 2.35833 2.38817 2.40736 2.58691 2.63467 
1.22128 1.72243 1.8742 1.89734 1.95148 2.27918 2.32523 2.35833 2.38817 2.40736 
1.02569 1.22128 1.60988 1.72243 1.8742 1.89734 1.95148 2.27918 2.32523 2.35833 
1.02569 1.03481 1.22128 1.60988 1.72243 1.8742 1.89734 1.95148 2.27918 2.32523 
1.02569 1.03481 1.22128 1.60988 1.72243 1.87404 1.8742 1.89734 1.95148 2.27918 
1.02569 1.03481 1.22128 1.30146 1.60988 1.72243 1.87404 1.8742 1.89734 1.95148 
1.02569 1.03481 1.09886 1.22128 1.30146 1.60988 1.72243 1.87404 1.8742 1.89734 
0.991778 1.02569 1.03481 1.09886 1.22128 1.30146 1.60988 1.72243 1.87404 1.8742 
0.991778 1.02569 1.03481 1.09886 1.22128 1.30146 1.60988 1.72243 1.87404 1.8742 
0.678098 0.991778 1.02569 1.03481 1.09886 1.22128 1.30146 1.54237 1.60988 1.72243 
0.678098 0.734561 0.991778 1.02569 1.03481 1.09886 1.22128 1.30146 1.54237 1.60988 
0.678098 0.692068 0.734561 0.768241 0.991778 1.02569 1.03481 1.09886 1.22128 1.30146 
0.445921 0.678098 0.692068 0.734561 0.768241 0.991778 1.02569 1.03481 1.09886 1.22128 
0.249804 0.445921 0.678098 0.692068 0.734561 0.768241 0.991778 1.02569 1.03481 1.09886 
0.249804 0.445921 0.678098 0.692068 0.734561 0.768241 0.991778 1.02569 1.03481 1.09886 
0.249804 0.445921 0.678098 0.692068 0.734561 0.768241 0.991778 1.02569 1.03481 1.09886 
0.249804 0.445921 0.668939 0.678098 0.692068 0.734561 0.768241 0.991778 1.02569 1.03481 
0.249804 0.445921 0.668939 0.678098 0.692068 0.734561 0.768241 0.991778 1.02569 1.03481 
0.0852132 0.249804 0.445921 0.668939 0.678098 0.692068 0.734561 0.768241 0.991778 1.02569 
0.0852132 0.249804 0.445921 0.468258 0.668939 0.678098 0.692068 0.734561 0.768241 0.991778 
0.0852132 0.249804 0.367125 0.445921 0.468258 0.668939 0.678098 0.692068 0.734561 0.768241 
0.0852132 0.249804 0.367125 0.433333 0.445921 0.468258 0.47467 0.543577 0.668939 0.678098 
0.0852132 0.249804 0.367125 0.433333 0.445921 0.468258 0.47467 0.543577 0.668939 0.678098 
0.0852132 0.249804 0.367125 0.380638 0.433333 0.445921 0.468258 0.47467 0.483156 0.543577 
0.0852132 0.249804 0.367125 0.380638 0.433333 0.445921 0.454356 0.468258 0.47467 0.483156 
0.0852132 0.14321 0.249804 0.292217 0.367125 0.380638 0.433333 0.445921 0.454356 0.468258 
0.0852132 0.14321 0.249804 0.292217 0.367125 0.380638 0.433333 0.445921 0.454356 0.468258 
0.0852132 0.14321 0.249804 0.266867 0.292217 0.367125 0.380638 0.391776 0.433333 0.445921 
0.0852132 0.14321 0.249804 0.266867 0.292217 0.367125 0.380638 0.391776 0.433333 0.44033 
0.0852132 0.14321 0.249804 0.266867 0.279912 0.292217 0.367125 0.374867 0.380638 0.391776 
0.0852132 0.14321 0.249804 0.266867 0.279912 0.292217 0.367125 0.374867 0.380638 0.391776 
0.0852132 0.14321 0.249804 0.266867 0.279912 0.292217 0.367125 0.374867 0.380638 0.391776 
0.0852132 0.14321 0.249804 0.266867 0.279912 0.292217 0.367125 0.374867 0.380638 0.391776 
0.0852132 0.14321 0.249804 0.266867 0.279912 0.292217 0.322879 0.367125 0.374867 0.380638 
0.0852132 0.14321 0.249804 0.266867 0.279912 0.292217 0.322879 0.367125 0.374867 0.380638 
0.0194597 0.0852132 0.14321 0.249804 0.266867 0.279912 0.292217 0.317781 0.322879 0.367125 
0.0194597 0.0852132 0.14321 0.249804 0.266867 0.279912 0.292217 0.317781 0.322879 0.367125 
0.0194597 0.0852132 0.14321 0.249804 0.266867 0.279912 0.286079 0.292217 0.317781 0.322879 
0.0194597 0.0277223 0.0852132 0.14321 0.17502 0.249804 0.266867 0.279912 0.286079 0.292217 
0.0194597 0.0277223 0.0852132 0.129339 0.14321 0.150159 0.17502 0.249804 0.266867 0.279912 
0.0194597 0.0277223 0.0852132 0.0872878 0.129339 0.14321 0.150159 0.17502 0.229185 0.249804 
0.0194597 0.0277223 0.0852132 0.0872878 0.129339 0.14321 0.150159 0.17502 0.229185 0.249804 
0.0194597 0.0277223 0.0852132 0.0872878 0.129339 0.14321 0.150159 0.17502 0.229185 0.249804 
0.0194597 0.0277223 0.0785838 0.0852132 0.0872878 0.127481 0.129339 0.14321 0.150159 0.17502 
0.0194597 0.0277223 0.0785838 0.0852132 0.0872878 0.127481 0.129339 0.14321 0.150159 0.17502 
0.0194597 0.0277223 0.0785838 0.0852132 0.0872878 0.127481 0.129339 0.14321 0.150159 0.17502 
0.0194597 0.0277223 0.0785838 0.0852132 0.0872878 0.127481 0.129339 0.14321 0.150159 0.17502 
0.0194597 0.0277223 0.0785838 0.0852132 0.0872878 0.127481 0.129339 0.14321 0.150159 0.17502 
0.0194597 0.0277223 0.0785838 0.0852132 0.0872878 0.127481 0.129339 0.14321 0.150159 0.17502 
0.0194597 0.0277223 0.0785838 0.0852132 0.0872878 0.127481 0.129339 0.14321 0.150159 0.17502 
0.0194597 0.0277223 0.0785838 0.0852132 0.0872878 0.127481 0.129339 0.14321 0.150159 0.17502 
0.0194597 0.0277223 0.0785838 0.0852132 0.0872878 0.127481 0.129339 0.14321 0.150159 0.17502 
0.0194597 0.0277223 0.0785838 0.0852132 0.0872878 0.127481 0.129339 0.14321 0.150159 0.17502 
0.0194597 0.0277223 0.0785838 0.0852132 0.0872878 0.127481 0.129339 0.14321 0.150159 0.17502 
0.0194597 0.0277223 0.0785838 0.0852132 0.0872878 0.127481 0.129339 0.14321 0.150159 0.17502 
0.0194597 0.0277223 0.0785838 0.0852132 0.0872878 0.127481 0.129339 0.14321 0.150159 0.17502 
0.0194597 0.0277223 0.0785838 0.0852132 0.0872878 0.127481 0.129339 0.14321 0.150159 0.17502 
0.0194597 0.0277223 0.0785838 0.0852132 0.0872878 0.127481 0.129339 0.14321 0.150159 0.17502 
0.0194597 0.0277223 0.0785838 0.0852132 0.0872878 0.127481 0.129339 0.14321 0.150159 0.17502 
0.0194597 0.0277223 0.0785838 0.0852132 0.0872878 0.127481 0.129339 0.14321 0.150159 0.17502 
0.0194597 0.0277223 0.0785838 0.0852132 0.0872878 0.127481 0.129339 0.14321 0.150159 0.17502 
0.0194597 0.0277223 0.0785838 0.0852132 0.0872878 0.127481 0.129339 0.14321 0.150159 0.17502 
0.0194597 0.0277223 0.0785838 0.0852132 0.0872878 0.127481 0.129339 0.14321 0.150159 0.17502 
0.0194597 0.0277223 0.0785838 0.0852132 0.0872878 0.127481 0.129339 0.14321 0.150159 0.17502 
0.0194597 0.0277223 0.0785838 0.0852132 0.0872878 0.127481 0.129339 0.14321 0.150159 0.17502 
0.0194597 0.0277223 0.0785838 0.0852132 0.0872878 0.127481 0.129339 0.14321 0.150159 0.17502 
0.0194597 0.0277223 0.0785838 0.0852132 0.0872878 0.127481 0.129339 0.14321 0.150159 0.17502 
0.0194597 0.0277223 0.0785838 0.0852132 0.0872878 0.127481 0.129339 0.14321 0.150159 0.17502 
0.0194597 0.0277223 0.0785838 0.0852132 0.0872878 0.127481 0.129339 0.14321 0.150159 0.17502 
0.0194597 0.0277223 0.0785838 0.0852132 0.0872878 0.127481 0.129339 0.14321 0.150159 0.17502 
0.0194597 0.0277223 0.0785838 0.0852132 0.0872878 0.127481 0.129339 0.14321 0.150159 0.17502 
0.0194597 0.0277223 0.0785838 0.0852132 0.0872878 0.127481 0.129339 0.14321 0.150159 0.17502 
0.0194597 0.0277223 0.0785838 0.0852132 0.0872878 0.127481 0.129339 0.14321 0.150159 0.17502 
0.0194597 0.0277223 0.0785838 0.0852132 0.0872878 0.127481 0.129339 0.14321 0.150159 0.17502 
0.0194597 0.0277223 0.0785838 0.0852132 0.0872878 0.127481 0.129339 0.14321 0.150159 0.17502 
0.0194597 0.0277223 0.0785838 0.0852132 0.0872878 0.127481 0.129339 0.14321 0.150159 0.17502 
0.0194597 0.0277223 0.0785838 0.0852132 0.0872878 0.127481 0.129339 0.14321 0.150159 0.17502 
0.0194597 0.0277223 0.0785838 0.0852132 0.0872878 0.127481 0.129339 0.14321 0.150159 0.17502 
0.0194597 0.0277223 0.0785838 0.0852132 0.0872878 0.127481 0.129339 0.14321 0.150159 0.17502 
0.0194597 0.0277223 0.0785838 0.0852132 0.0872878 0.127481 0.129339 0.14321 0.150159 0.17502 
0.0194597 0.0277223 0.0785838 0.0852132 0.0872878 0.127481 0.129339 0.14321 0.150159 0.17502 
0.0194597 0.0277223 0.0785838 0.0852132 0.0872878 0.127481 0.129339 0.14321 0.150159 0.17502 
0.0194597 0.0277223 0.0785838 0.0852132 0.0872878 0.127481 0.129339 0.14321 0.150159 0.171331 
0.0194597 0.0277223 0.0785838 0.0852132 0.0872878 0.127481 0.129339 0.14321 0.147596 0.150159 
0.0194597 0.0277223 0.0785838 0.0852132 0.0872878 0.127481 0.129339 0.14321 0.147596 0.150159 
0.0194597 0.0277223 0.0785838 0.0852132 0.0872878 0.127481 0.129339 0.14321 0.147596 0.150159 
0.0194597 0.0277223 0.0785838 0.0852132 0.0872878 0.127481 0.129339 0.14321 0.147596 0.150159 
0.0194597 0.0277223 0.0785838 0.0852132 0.0872878 0.127481 0.129339 0.14186 0.14321 0.147596 
0.0194597 0.0277223 0.0785838 0.0852132 0.0872878 0.127481 0.129339 0.14186 0.14321 0.147596 
0.0194597 0.0277223 0.0785838 0.0852132 0.0872878 0.127481 0.129339 0.138058 0.14186 0.14321 
0.0194597 0.0277223 0.0785838 0.0852132 0.0872878 0.120087 0.127481 0.129339 0.133521 0.138058 
