3.52885 3.69109 3.80503 3.90197 4.30467 4.53256 4.55802 4.58448 4.62433 4.63089 
3.14478 3.52885 3.69109 3.80503 3.90197 4.30467 4.53256 4.54465 4.55802 4.58448 
3.14478 3.52885 3.69109 3.80503 3.90197 4.30467 4.53256 4.54465 4.55802 4.58448 
3.14478 3.52885 3.69109 3.80503 3.90197 4.30467 4.53256 4.54465 4.55802 4.58448 
3.14478 3.52885 3.69109 3.80503 3.90197 4.30467 4.53256 4.54465 4.55802 4.58448 
2.04127 3.14478 3.52885 3.69109 3.80503 3.90197 3.95194 4.30467 4.53256 4.54465 
2.04127 3.14478 3.52885 3.69109 3.80503 3.90197 3.95194 4.30467 4.53256 4.54465 
2.04127 3.14478 3.52885 3.69109 3.80503 3.90197 3.95194 4.30467 4.53256 4.54465 
2.04127 3.14478 3.52885 3.69109 3.7461 3.80503 3.90197 3.95194 4.30467 4.53256 
2.04127 3.14478 3.38583 3.52885 3.69109 3.7461 3.80503 3.90197 3.95194 4.30467 
2.04127 3.14478 3.38583 3.52885 3.69109 3.7461 3.80503 3.90197 3.95194 4.30467 
2.04127 3.14478 3.38583 3.52885 3.60267 3.69109 3.7461 3.80503 3.90197 3.95194 
2.04127 3.14478 3.14834 3.38583 3.52885 3.60267 3.69109 3.7461 3.80503 3.90197 
2.04127 2.99887 3.14478 3.14834 3.38583 3.52885 3.60267 3.69109 3.7461 3.80503 
2.04127 2.99887 3.04639 3.14478 3.14834 3.38583 3.52885 3.60267 3.69109 3.7461 
2.04127 2.99887 3.04639 3.14478 3.14834 3.38583 3.52885 3.60267 3.69109 3.7461 
2.04127 2.99887 3.04639 3.14478 3.14834 3.38583 3.42859 3.52885 3.60267 3.69109 
2.04127 2.99887 3.04639 3.14478 3.14834 3.38583 3.42859 3.52885 3.60267 3.69109 
2.04127 2.05465 2.99887 3.04639 3.14478 3.14834 3.25796 3.38583 3.42859 3.52885 
2.04127 2.05465 2.4687 2.99887 3.04639 3.14478 3.14834 3.25796 3.38583 3.42859 
2.04127 2.05465 2.4687 2.99887 3.04639 3.14478 3.14834 3.25796 3.38583 3.42859 
2.04127 2.05465 2.4687 2.99887 3.04639 3.14478 3.14834 3.25796 3.38583 3.42859 
2.04127 2.05465 2.4687 2.99887 3.04639 3.14478 3.14834 3.25796 3.38583 3.42859 
2.04127 2.05465 2.4687 2.90545 2.99887 3.04639 3.14478 3.14834 3.25796 3.38153 
2.04127 2.05465 2.10943 2.4687 2.90545 2.99887 3.04639 3.14478 3.14834 3.25796 
2.04127 2.05465 2.10943 2.4687 2.90545 2.99887 3.04639 3.14478 3.14834 3.25796 
2.04127 2.05465 2.10943 2.4687 2.61982 2.90545 2.99887 3.04639 3.14478 3.14834 
0.663385 2.04127 2.05465 2.10943 2.4687 2.61982 2.90545 2.99887 3.04469 3.04639 
0.663385 2.04127 2.05465 2.10943 2.4687 2.61982 2.90545 2.99887 3.04469 3.04639 
0.663385 2.04127 2.05465 2.10943 2.4687 2.61982 2.73177 2.90545 2.99887 3.04469 
0.663385 2.04127 2.05465 2.10943 2.4687 2.61982 2.73177 2.90545 2.99887 3.04469 
0.663385 2.04127 2.05465 2.10943 2.25226 2.4687 2.61982 2.73177 2.90545 2.99887 
0.663385 2.04127 2.05465 2.06962 2.10943 2.25226 2.4687 2.61982 2.69065 2.73177 
0.663385 2.04127 2.05465 2.06962 2.10943 2.25226 2.4687 2.61982 2.69065 2.73177 
0.663385 2.04127 2.05465 2.06962 2.10943 2.25226 2.4687 2.61982 2.69065 2.72195 
0.663385 2.04127 2.05465 2.06962 2.10943 2.25226 2.4687 2.61982 2.69065 2.72195 
0.663385 2.04127 2.05465 2.06962 2.10943 2.25226 2.4687 2.61982 2.66074 2.69065 
0.663385 2.04127 2.05465 2.06962 2.10943 2.25226 2.4687 2.61982 2.66074 2.69065 
0.663385 2.04127 2.05465 2.06542 2.06962 2.10943 2.25226 2.4687 2.61982 2.66074 
0.663385 1.51205 1.52968 2.04127 2.05465 2.06542 2.06962 2.10943 2.25226 2.4687 
0.663385 0.872313 1.51205 1.52968 2.04127 2.05465 2.06542 2.06962 2.10943 2.11206 
0.663385 0.872313 1.51205 1.52968 1.68304 2.04127 2.05465 2.06542 2.06962 2.10943 
0.663385 0.872313 1.20982 1.51205 1.52968 1.68304 2.04127 2.05465 2.06542 2.06962 
0.663385 0.872313 1.20982 1.51205 1.52968 1.68304 1.78803 2.04127 2.05465 2.06542 
0.0699206 0.663385 0.872313 1.20982 1.51205 1.52968 1.68304 1.78803 1.79049 2.04127 
0.0699206 0.663385 0.872313 1.08042 1.14965 1.20982 1.27108 1.46302 1.51205 1.52968 
0.0699206 0.663385 0.872313 1.08042 1.14965 1.20982 1.27108 1.32912 1.46302 1.51205 
0.0699206 0.663385 0.872313 1.08042 1.14965 1.20982 1.27108 1.32912 1.46302 1.51205 
0.0699206 0.663385 0.872313 1.08042 1.14965 1.20982 1.27108 1.32912 1.46302 1.51205 
0.0699206 0.663385 0.872313 1.08042 1.14965 1.20982 1.27108 1.32912 1.46302 1.51205 
0.0699206 0.663385 0.872313 1.08042 1.14965 1.20982 1.27108 1.32912 1.46302 1.51205 
0.0699206 0.548788 0.663385 0.872313 1.08042 1.14965 1.20982 1.27108 1.29797 1.32912 
0.0699206 0.548788 0.663385 0.872313 1.08042 1.14965 1.19333 1.20982 1.27108 1.29797 
0.0699206 0.548788 0.663385 0.872313 1.08042 1.14965 1.19333 1.20982 1.27108 1.29797 
0.0699206 0.416262 0.548788 0.663385 0.872313 1.08042 1.14965 1.19333 1.20982 1.27108 
0.0699206 0.416262 0.548788 0.663385 0.872313 1.02344 1.08042 1.14965 1.19333 1.20982 
0.0699206 0.388657 0.416262 0.548788 0.557761 0.663385 0.872313 1.02344 1.08042 1.13096 
0.0699206 0.388657 0.416262 0.544515 0.548788 0.557761 0.663385 0.872313 1.02344 1.08042 
0.0699206 0.388657 0.416262 0.544515 0.548788 0.557761 0.663385 0.872313 1.02344 1.08042 
0.0275767 0.0699206 0.388657 0.416262 0.544515 0.548788 0.557761 0.663385 0.872313 1.02344 
0.0275767 0.0699206 0.388657 0.416262 0.544515 0.548788 0.557761 0.663385 0.734494 0.872313 
0.0275767 0.0699206 0.388657 0.416262 0.544515 0.548788 0.557761 0.663385 0.734494 0.872313 
0.0275767 0.0699206 0.388657 0.416262 0.544515 0.548788 0.557761 0.597087 0.663385 0.734494 
0.0275767 0.0699206 0.388657 0.416262 0.544515 0.548788 0.557761 0.597087 0.663385 0.734494 
0.0275767 0.0699206 0.388657 0.416262 0.544515 0.548788 0.557761 0.597087 0.663385 0.734494 
0.0275767 0.0699206 0.32113 0.388657 0.416262 0.544515 0.548788 0.557761 0.597087 0.663385 
0.0275767 0.0699206 0.245488 0.32113 0.388657 0.416262 0.544515 0.548788 0.557761 0.597087 
0.0275767 0.0699206 0.245488 0.32113 0.388657 0.416262 0.544515 0.548788 0.557761 0.597087 
0.0275767 0.0699206 0.245488 0.32113 0.388657 0.416262 0.544515 0.548788 0.557761 0.597087 
0.0275767 0.0699206 0.245488 0.32113 0.388657 0.416262 0.544515 0.548788 0.557761 0.597087 
0.0275767 0.0699206 0.245488 0.32113 0.388657 0.416262 0.544515 0.548788 0.557761 0.597087 
0.0275767 0.0699206 0.245488 0.32113 0.388657 0.416262 0.544515 0.548788 0.557761 0.597087 
0.0275767 0.0699206 0.245488 0.32113 0.388657 0.416262 0.544515 0.548788 0.557761 0.597087 
0.0275767 0.0699206 0.245488 0.32113 0.388657 0.416262 0.544515 0.548788 0.557761 0.597087 
0.0275767 0.0699206 0.245488 0.32113 0.388657 0.416262 0.544515 0.548788 0.557761 0.597087 
0.0275767 0.0699206 0.245488 0.32113 0.388657 0.416262 0.544515 0.548788 0.557761 0.597087 
0.0275767 0.0699206 0.245488 0.32113 0.388657 0.416262 0.544515 0.548788 0.557761 0.597087 
0.0275767 0.0699206 0.245488 0.32113 0.388657 0.416262 0.544515 0.548788 0.557761 0.597087 
0.0275767 0.0699206 0.245488 0.32113 0.388657 0.416262 0.544515 0.548788 0.557761 0.597087 
0.0275767 0.0699206 0.245488 0.32113 0.388657 0.416262 0.544515 0.548788 0.557761 0.597087 
0.0275767 0.0699206 0.245488 0.32113 0.388657 0.416262 0.544515 0.548788 0.557761 0.597087 
0.0275767 0.0699206 0.245488 0.32113 0.388657 0.416262 0.544515 0.548788 0.557761 0.597087 
0.0275767 0.0699206 0.245488 0.32113 0.388657 0.416262 0.544515 0.548788 0.557761 0.597087 
0.0275767 0.0699206 0.245488 0.32113 0.388657 0.416262 0.544515 0.548788 0.557761 0.597087 
0.0275767 0.0699206 0.245488 0.32113 0.388657 0.416262 0.544515 0.548788 0.557761 0.597087 
0.0275767 0.0699206 0.245488 0.32113 0.388657 0.416262 0.544515 0.548788 0.557761 0.597087 
0.0275767 0.0699206 0.245488 0.32113 0.388657 0.416262 0.544515 0.548788 0.557761 0.597087 
0.0275767 0.0699206 0.245488 0.32113 0.388657 0.416262 0.544515 0.548788 0.557761 0.597087 
0.0275767 0.0699206 0.245488 0.32113 0.388657 0.416262 0.544515 0.548788 0.557761 0.597087 
0.0275767 0.0699206 0.245488 0.32113 0.388657 0.416262 0.544515 0.548788 0.557761 0.597087 
0.0275767 0.0699206 0.245488 0.32113 0.388657 0.416262 0.544515 0.548788 0.557761 0.597087 
0.0275767 0.0699206 0.245488 0.32113 0.388657 0.416262 0.544515 0.548788 0.557761 0.597087 
0.0275767 0.0699206 0.245488 0.32113 0.388657 0.416262 0.544515 0.548788 0.557761 0.597087 
0.0275767 0.0699206 0.245488 0.32113 0.388657 0.416262 0.544515 0.548788 0.557761 0.597087 
0.0275767 0.0699206 0.245488 0.32113 0.388657 0.416262 0.544515 0.548788 0.557761 0.597087 
0.0275767 0.0699206 0.245488 0.32113 0.388657 0.416262 0.544515 0.548788 0.557761 0.597087 
0.0275767 0.0699206 0.245488 0.32113 0.388657 0.416262 0.514717 0.544515 0.548788 0.557761 
0.0275767 0.0699206 0.245488 0.32113 0.388657 0.416262 0.514717 0.544515 0.548788 0.557761 
0.0275767 0.0699206 0.245488 0.32113 0.388657 0.416262 0.514717 0.544515 0.548788 0.557761 
0.0275767 0.0699206 0.245488 0.32113 0.388657 0.416262 0.514717 0.544515 0.548788 0.557761 
