1.63192 2.72013 3.24453 3.25193 3.5126 4.01468 4.09726 4.10171 4.16123 4.48324 
1.63192 2.72013 2.97563 3.24453 3.25193 3.5126 4.01468 4.09726 4.10171 4.16123 
1.63192 2.72013 2.97563 3.24453 3.25193 3.5126 4.01468 4.09726 4.10171 4.16123 
1.63192 2.72013 2.97563 3.24453 3.25193 3.5126 4.01468 4.09726 4.10171 4.16123 
1.63192 2.72013 2.97563 3.24453 3.25193 3.5126 3.82623 4.01468 4.09726 4.10171 
1.63192 2.72013 2.97563 3.24453 3.25193 3.5126 3.82623 4.01468 4.09726 4.10171 
1.63192 2.72013 2.97563 3.24453 3.25193 3.5126 3.82623 4.01468 4.09726 4.10171 
1.63192 2.72013 2.97563 3.24453 3.25193 3.5126 3.72046 3.82623 4.01468 4.09726 
1.63192 2.72013 2.97563 3.24453 3.25193 3.5126 3.72046 3.82623 4.01468 4.09726 
1.63192 2.72013 2.97563 3.24453 3.25193 3.5126 3.72046 3.82623 4.01468 4.09726 
1.63192 2.72013 2.97563 3.24453 3.25193 3.5126 3.72046 3.82623 4.01468 4.09726 
1.63192 2.72013 2.97563 3.24453 3.25193 3.5126 3.72046 3.79958 3.82623 4.01468 
1.63192 2.72013 2.97563 3.24453 3.25193 3.5126 3.72046 3.79958 3.82623 4.01468 
1.63192 2.72013 2.97563 3.24453 3.25193 3.5126 3.72046 3.79958 3.82623 4.01468 
1.50812 1.63192 2.72013 2.97563 3.24453 3.25193 3.5126 3.72046 3.79958 3.82623 
1.50812 1.63192 2.72013 2.97563 3.24453 3.25193 3.5126 3.72046 3.79958 3.82623 
1.50812 1.63192 2.72013 2.97563 3.24453 3.25193 3.5126 3.54888 3.72046 3.79958 
1.50812 1.63192 2.72013 2.78766 2.97563 3.16775 3.24453 3.25193 3.5126 3.54888 
1.50812 1.63192 2.72013 2.78766 2.97563 3.16775 3.24453 3.25193 3.5126 3.54888 
1.50812 1.63192 2.72013 2.78766 2.97563 3.16775 3.24453 3.25193 3.5126 3.53048 
1.50812 1.63192 2.22515 2.72013 2.78766 2.97563 3.16775 3.24453 3.25193 3.5126 
1.50812 1.63192 2.22515 2.72013 2.78766 2.97563 3.16775 3.24453 3.25193 3.34727 
1.50812 1.63192 2.22515 2.72013 2.78766 2.97563 3.16775 3.24453 3.25193 3.34727 
1.50812 1.63192 2.22515 2.72013 2.78766 2.97563 3.16775 3.24453 3.25193 3.34727 
1.50812 1.63192 2.22515 2.72013 2.78766 2.97563 3.07502 3.16775 3.24453 3.25193 
1.50812 1.63192 2.22515 2.72013 2.78766 2.97563 3.07502 3.0806 3.16775 3.24453 
1.45923 1.50812 1.63192 2.22515 2.72013 2.78766 2.97563 3.07502 3.0806 3.16775 
1.45923 1.50812 1.63192 2.22515 2.72013 2.78766 2.97563 3.07502 3.0806 3.16775 
1.45923 1.50812 1.62415 1.63192 1.85031 2.22515 2.72013 2.78766 2.97563 3.07502 
1.45923 1.50812 1.62415 1.63192 1.85031 1.89821 2.22515 2.72013 2.78766 2.85822 
1.11575 1.45923 1.50812 1.62415 1.63192 1.85031 1.89821 2.22515 2.72013 2.78766 
0.902421 1.11575 1.45923 1.50812 1.62415 1.63192 1.85031 1.89821 2.22515 2.72013 
0.902421 1.11575 1.45923 1.50812 1.62415 1.63192 1.85031 1.89821 1.9379 2.22515 
0.832532 0.902421 1.11575 1.45923 1.50812 1.62415 1.63192 1.85031 1.89821 1.9379 
0.778953 0.832532 0.902421 1.11575 1.45923 1.50812 1.62415 1.63192 1.85031 1.89821 
0.778953 0.832532 0.902421 1.11575 1.45923 1.50812 1.62415 1.63192 1.85031 1.89821 
0.778953 0.832532 0.902421 1.11575 1.15802 1.45923 1.50812 1.62415 1.63192 1.85031 
0.778953 0.832532 0.85854 0.902421 1.11575 1.15802 1.16051 1.45923 1.50812 1.62415 
0.244781 0.778953 0.832532 0.85854 0.902421 1.11575 1.15802 1.16051 1.45923 1.50812 
0.244781 0.778953 0.832532 0.85854 0.902421 1.11575 1.15802 1.16051 1.45923 1.50812 
0.244781 0.778953 0.832532 0.85854 0.902421 0.962615 1.11575 1.15802 1.16051 1.45923 
0.244781 0.778953 0.832532 0.85854 0.902421 0.962615 1.11575 1.15802 1.16051 1.45923 
0.244781 0.778953 0.832532 0.85854 0.902421 0.962615 1.11575 1.15802 1.16051 1.45923 
0.244781 0.63931 0.778953 0.832532 0.85854 0.902421 0.962615 1.11575 1.15802 1.16051 
0.244781 0.63931 0.778953 0.832532 0.85854 0.902421 0.962615 1.11575 1.15802 1.16051 
0.244781 0.63931 0.778953 0.832532 0.85854 0.902421 0.962615 1.11575 1.15802 1.16051 
0.244781 0.63931 0.778953 0.832532 0.85854 0.902421 0.962615 1.11575 1.15802 1.16051 
0.244781 0.63931 0.778953 0.832532 0.85854 0.902421 0.962615 1.11575 1.15802 1.16051 
0.244781 0.63931 0.778953 0.832532 0.85854 0.902421 0.962615 1.11575 1.15802 1.16051 
0.244781 0.63931 0.778953 0.832532 0.85854 0.902421 0.962615 1.11575 1.15802 1.16051 
0.244781 0.63931 0.778953 0.832532 0.85854 0.902421 0.962615 1.11575 1.15802 1.16051 
0.244781 0.63931 0.778953 0.832532 0.85854 0.902421 0.962615 1.11575 1.15802 1.16051 
0.244781 0.63931 0.778953 0.832532 0.85854 0.902421 0.962615 1.11575 1.15802 1.16051 
0.244781 0.63931 0.778953 0.832532 0.85854 0.902421 0.962615 1.11575 1.15802 1.16051 
0.244781 0.63931 0.778953 0.832532 0.85854 0.902421 0.962615 1.11575 1.15802 1.16051 
0.244781 0.63931 0.778953 0.832532 0.85854 0.902421 0.962615 1.11575 1.15802 1.16051 
0.244781 0.63931 0.778953 0.832532 0.85854 0.902421 0.962615 1.11575 1.15802 1.16051 
0.244781 0.63931 0.778953 0.832532 0.85854 0.902421 0.962615 1.11575 1.15802 1.16051 
0.244781 0.63931 0.778953 0.832532 0.85854 0.902421 0.962615 1.11575 1.15802 1.16051 
0.244781 0.63931 0.778953 0.832532 0.85854 0.902421 0.962615 1.11575 1.15802 1.16051 
0.244781 0.63931 0.778953 0.832532 0.85854 0.902421 0.962615 1.11575 1.15802 1.16051 
0.244781 0.63931 0.778953 0.832532 0.85854 0.902421 0.962615 1.11575 1.15802 1.16051 
0.244781 0.63931 0.778953 0.832532 0.85854 0.902421 0.962615 1.11575 1.15802 1.16051 
0.244781 0.63931 0.778953 0.832532 0.85854 0.902421 0.962615 1.11575 1.15802 1.16051 
0.244781 0.63931 0.778953 0.832532 0.85854 0.902421 0.962615 1.11575 1.15802 1.16051 
0.244781 0.63931 0.778953 0.832532 0.85854 0.902421 0.962615 1.11575 1.15802 1.16051 
0.244781 0.63931 0.778953 0.832532 0.85854 0.902421 0.962615 1.11575 1.15802 1.16051 
0.244781 0.63931 0.778953 0.832532 0.85854 0.902421 0.962615 1.11575 1.15802 1.16051 
0.244781 0.63931 0.778953 0.832532 0.85854 0.902421 0.962615 1.11575 1.15802 1.16051 
0.244781 0.63931 0.778953 0.832532 0.85854 0.902421 0.962615 1.11575 1.15802 1.16051 
0.244781 0.63931 0.778953 0.832532 0.85854 0.902421 0.962615 1.11575 1.15802 1.16051 
0.244781 0.63931 0.778953 0.832532 0.85854 0.902421 0.962615 1.11575 1.15802 1.16051 
0.244781 0.63931 0.778953 0.832532 0.85854 0.902421 0.962615 1.11575 1.15802 1.16051 
0.244781 0.63931 0.778953 0.832532 0.85854 0.902421 0.962615 1.11575 1.15802 1.16051 
0.244781 0.63931 0.778953 0.832532 0.85854 0.902421 0.962615 1.11575 1.15802 1.16051 
0.244781 0.63931 0.778953 0.832532 0.85854 0.902421 0.962615 1.11575 1.15802 1.16051 
0.244781 0.63931 0.778953 0.832532 0.85854 0.902421 0.962615 1.11575 1.15802 1.16051 
0.244781 0.63931 0.778953 0.832532 0.85854 0.902421 0.962615 1.11575 1.15802 1.16051 
0.244781 0.63931 0.778953 0.832532 0.85854 0.902421 0.962615 1.11575 1.15802 1.16051 
0.244781 0.63931 0.778953 0.832532 0.85854 0.902421 0.962615 1.11575 1.15802 1.16051 
0.244781 0.63931 0.778953 0.832532 0.85854 0.902421 0.956161 0.962615 1.11575 1.15802 
0.244781 0.63931 0.778953 0.832532 0.85854 0.902421 0.956161 0.962615 1.11575 1.15802 
0.244781 0.63931 0.778953 0.832532 0.85854 0.902421 0.956161 0.962615 1.11575 1.15802 
0.244781 0.63931 0.778953 0.832532 0.85854 0.902421 0.956161 0.956734 0.960788 0.962615 
0.244781 0.63931 0.778953 0.832532 0.85854 0.902421 0.956161 0.956734 0.960788 0.962615 
0.244781 0.63931 0.778953 0.832532 0.85854 0.902421 0.956161 0.956734 0.960788 0.962615 
0.244781 0.63931 0.778953 0.832532 0.85854 0.886292 0.902421 0.956161 0.956734 0.960788 
0.244781 0.63931 0.778953 0.832532 0.85854 0.886292 0.902421 0.956161 0.956734 0.960788 
0.244781 0.63931 0.778953 0.832532 0.85854 0.886292 0.902421 0.956161 0.956734 0.960788 
0.244781 0.63931 0.778953 0.832532 0.85854 0.886292 0.902421 0.956161 0.956734 0.960788 
0.244781 0.63931 0.778953 0.832532 0.85854 0.886292 0.902421 0.956161 0.956734 0.960788 
0.244781 0.63931 0.778953 0.832532 0.85854 0.886292 0.902421 0.956161 0.956734 0.960788 
0.244781 0.63931 0.768097 0.778953 0.832532 0.85854 0.886292 0.899134 0.902421 0.956161 
0.244781 0.63931 0.768097 0.778953 0.832532 0.85854 0.886292 0.899134 0.902421 0.956161 
0.244781 0.63931 0.65578 0.768097 0.778953 0.832532 0.85854 0.886292 0.899134 0.902421 
0.244781 0.496154 0.63931 0.65578 0.768097 0.778953 0.832532 0.85854 0.886292 0.899134 
0.244781 0.496154 0.626204 0.63931 0.65578 0.72197 0.768097 0.778953 0.819162 0.832532 
0.244781 0.496154 0.626204 0.63931 0.65578 0.72197 0.768097 0.778953 0.819162 0.832532 
0.244781 0.496154 0.626204 0.63931 0.65578 0.72197 0.768097 0.778953 0.819162 0.832532 
0.244781 0.496154 0.626204 0.63931 0.65578 0.72197 0.768097 0.778953 0.815948 0.819162 
