2.67109 3.3797 3.60517 3.75964 4.47093 4.74009 5.01347 5.39292 5.84858 6.13339 
2.67109 3.16724 3.18897 3.3797 3.60517 3.75964 3.9942 4.47093 4.74009 5.01347 
2.67109 3.16724 3.18897 3.3797 3.60517 3.75964 3.95517 3.9942 4.47093 4.58304 
2.67109 3.16724 3.18897 3.3797 3.47787 3.60517 3.75964 3.95517 3.9942 4.47093 
2.67109 3.16724 3.18897 3.32218 3.3797 3.47787 3.60517 3.75964 3.95517 3.9942 
2.67109 3.16724 3.18897 3.20338 3.32218 3.3797 3.47787 3.60517 3.75964 3.95517 
2.67109 3.16724 3.18897 3.20338 3.32218 3.3797 3.47787 3.60517 3.72006 3.75964 
1.98097 2.67109 3.16724 3.18897 3.20338 3.28798 3.29277 3.32218 3.3797 3.47787 
1.98097 2.67109 3.16724 3.18897 3.20338 3.28798 3.29277 3.32218 3.3797 3.47787 
1.98097 2.04132 2.67109 3.16724 3.18897 3.20338 3.28798 3.29277 3.32218 3.3797 
1.98097 2.04132 2.66118 2.67109 3.16724 3.18897 3.20338 3.28798 3.29277 3.32218 
1.98097 2.04132 2.66118 2.67109 3.16724 3.18897 3.20338 3.28798 3.29277 3.32218 
1.98097 2.04132 2.66118 2.67109 2.81501 2.82707 3.16724 3.18897 3.20338 3.28798 
1.98097 2.04132 2.66118 2.67109 2.81501 2.82707 3.16724 3.18897 3.20338 3.28798 
1.82023 1.98097 2.04132 2.4663 2.66118 2.67109 2.81501 2.82707 3.16724 3.18897 
1.82023 1.98097 2.04132 2.4663 2.66118 2.67109 2.81501 2.82707 3.16724 3.18897 
1.82023 1.98097 2.04132 2.4663 2.66118 2.67109 2.81501 2.82707 3.16724 3.18897 
1.82023 1.98097 2.04132 2.29134 2.4663 2.66118 2.67109 2.81501 2.82707 3.16724 
1.82023 1.98097 2.04132 2.29134 2.4663 2.66118 2.67109 2.81501 2.82707 3.16724 
1.82023 1.96268 1.98097 2.04132 2.29134 2.4663 2.53986 2.66118 2.67109 2.67275 
1.82023 1.96268 1.98097 2.04132 2.29134 2.4663 2.53986 2.66118 2.67109 2.67275 
1.82023 1.96268 1.98097 2.04132 2.10147 2.29134 2.4663 2.53986 2.66118 2.67109 
1.73981 1.82023 1.96268 1.98097 2.04132 2.10147 2.29134 2.45087 2.4663 2.53986 
1.73981 1.82023 1.96268 1.98097 2.04132 2.10147 2.29134 2.45087 2.4663 2.53986 
1.73981 1.82023 1.96268 1.98097 2.04132 2.10147 2.29134 2.45087 2.4663 2.53986 
1.73981 1.82023 1.96268 1.98097 2.04132 2.10147 2.29134 2.45087 2.4663 2.53986 
1.73981 1.82023 1.96268 1.98097 2.04132 2.10147 2.29134 2.45087 2.4663 2.53986 
1.5624 1.73981 1.82023 1.95852 1.96268 1.98097 2.04132 2.10147 2.29134 2.45087 
1.5624 1.73981 1.82023 1.95852 1.96268 1.98097 2.04132 2.10147 2.29134 2.38313 
0.277035 0.511191 1.37492 1.5624 1.73981 1.82023 1.95852 1.96268 1.98097 2.04132 
0.184102 0.277035 0.511191 1.05202 1.37492 1.5624 1.73981 1.82023 1.95852 1.96268 
0.184102 0.277035 0.511191 1.05202 1.37492 1.5624 1.73981 1.82023 1.82771 1.95852 
0.184102 0.277035 0.511191 1.05202 1.37492 1.5624 1.73981 1.82023 1.82771 1.95852 
0.184102 0.277035 0.511191 1.05202 1.37492 1.5624 1.73981 1.82023 1.82771 1.88352 
0.184102 0.277035 0.511191 1.05202 1.37492 1.5624 1.73981 1.82023 1.82771 1.88352 
0.184102 0.277035 0.511191 0.855941 1.05202 1.37492 1.5624 1.73981 1.82023 1.82771 
0.184102 0.277035 0.511191 0.855941 1.05202 1.37492 1.5624 1.73981 1.82023 1.82771 
0.184102 0.277035 0.511191 0.615181 0.855941 1.05202 1.37492 1.43208 1.5624 1.59341 
0.184102 0.277035 0.511191 0.615181 0.855941 1.05202 1.37492 1.43208 1.5624 1.59341 
0.184102 0.277035 0.419645 0.511191 0.615181 0.855941 1.05202 1.37492 1.43208 1.5624 
0.184102 0.277035 0.419645 0.511191 0.615181 0.855941 1.05202 1.37492 1.43208 1.5624 
0.184102 0.277035 0.419645 0.511191 0.615181 0.855941 1.05202 1.37492 1.43208 1.5624 
0.184102 0.277035 0.419645 0.511191 0.615181 0.855941 1.05202 1.1189 1.37492 1.43208 
0.184102 0.277035 0.419645 0.511191 0.615181 0.855941 1.05202 1.1189 1.12706 1.37492 
0.184102 0.277035 0.419645 0.511191 0.615181 0.855941 1.05202 1.1189 1.12706 1.37492 
0.184102 0.277035 0.345231 0.419645 0.511191 0.586531 0.615181 0.629463 0.855941 1.05202 
0.154572 0.184102 0.277035 0.345231 0.419645 0.511191 0.586531 0.615181 0.629463 0.855941 
0.154572 0.184102 0.277035 0.345231 0.419645 0.511191 0.534293 0.586531 0.615181 0.629463 
0.103103 0.154572 0.184102 0.277035 0.345231 0.402569 0.419645 0.428842 0.511191 0.534293 
0.103103 0.154572 0.184102 0.277035 0.345231 0.402569 0.419645 0.428842 0.483429 0.508246 
0.103103 0.154572 0.184102 0.256619 0.277035 0.345231 0.402569 0.419645 0.425586 0.428842 
0.103103 0.138437 0.154572 0.184102 0.256619 0.277035 0.345231 0.402569 0.419645 0.425586 
0.103103 0.138437 0.154572 0.184102 0.238636 0.256619 0.277035 0.345231 0.402569 0.419645 
0.103103 0.138437 0.154572 0.184102 0.238636 0.256619 0.277035 0.345231 0.402569 0.419645 
0.103103 0.138437 0.154572 0.184102 0.238636 0.256619 0.277035 0.345231 0.402569 0.419645 
0.103103 0.138437 0.154572 0.184102 0.238636 0.256619 0.277035 0.345231 0.402569 0.419645 
0.103103 0.138437 0.154572 0.184102 0.231926 0.238636 0.256619 0.277035 0.345231 0.402569 
0.103103 0.138437 0.154572 0.184102 0.231926 0.238636 0.256619 0.277035 0.345231 0.402569 
0.103103 0.138437 0.154572 0.184102 0.231926 0.238636 0.256619 0.277035 0.345231 0.402569 
0.103103 0.138437 0.154572 0.184102 0.231926 0.238636 0.256619 0.277035 0.345231 0.402569 
0.103103 0.138437 0.13898 0.154572 0.184102 0.231926 0.238636 0.256619 0.277035 0.304067 
0.103103 0.138437 0.13898 0.154572 0.184102 0.231926 0.238636 0.256619 0.277035 0.304067 
0.103103 0.138437 0.13898 0.154572 0.184102 0.231926 0.238636 0.256619 0.277035 0.304067 
0.103103 0.138437 0.13898 0.154572 0.184102 0.231926 0.238636 0.256619 0.277035 0.304067 
0.103103 0.138437 0.13898 0.154572 0.184102 0.231926 0.238636 0.256619 0.277035 0.304067 
0.103103 0.138437 0.13898 0.154572 0.184102 0.231926 0.238636 0.256619 0.277035 0.304067 
0.103103 0.138437 0.13898 0.154572 0.184102 0.231926 0.238636 0.256619 0.277035 0.304067 
0.103103 0.138437 0.13898 0.154572 0.184102 0.231926 0.238636 0.256619 0.277035 0.304067 
0.103103 0.138437 0.13898 0.154572 0.184102 0.231926 0.238636 0.256619 0.277035 0.304067 
0.103103 0.138437 0.13898 0.154572 0.184102 0.231926 0.238636 0.256619 0.277035 0.304067 
0.103103 0.138437 0.13898 0.154572 0.184102 0.231926 0.238636 0.256619 0.277035 0.304067 
0.103103 0.138437 0.13898 0.154572 0.184102 0.231926 0.238636 0.256619 0.277035 0.304067 
0.103103 0.138437 0.13898 0.154572 0.184102 0.231926 0.238636 0.256619 0.277035 0.304067 
0.103103 0.138437 0.13898 0.154572 0.184102 0.231926 0.238636 0.256619 0.277035 0.304067 
0.103103 0.138437 0.13898 0.154572 0.184102 0.231926 0.238636 0.256619 0.277035 0.304067 
0.103103 0.138437 0.13898 0.154572 0.184102 0.231926 0.238636 0.256619 0.277035 0.304067 
0.103103 0.138437 0.13898 0.154572 0.184102 0.231926 0.238636 0.247947 0.256619 0.277035 
0.103103 0.138437 0.13898 0.154572 0.184102 0.231926 0.238636 0.247947 0.256619 0.277035 
0.103103 0.138437 0.13898 0.154572 0.184102 0.231926 0.238636 0.247947 0.256619 0.277035 
0.103103 0.138437 0.13898 0.154572 0.184102 0.231926 0.238636 0.247947 0.256619 0.277035 
0.103103 0.138437 0.13898 0.154572 0.184102 0.231926 0.238636 0.247947 0.256619 0.277035 
0.103103 0.138437 0.13898 0.154572 0.184102 0.231926 0.238636 0.247947 0.256619 0.277035 
0.103103 0.138437 0.13898 0.154572 0.184102 0.231926 0.238636 0.247947 0.256619 0.277035 
0.103103 0.138437 0.13898 0.154572 0.184102 0.231926 0.238636 0.247947 0.256619 0.277035 
0.103103 0.138437 0.13898 0.154572 0.184102 0.231926 0.238636 0.247947 0.256619 0.277035 
0.103103 0.138437 0.13898 0.154572 0.184102 0.231926 0.238636 0.247947 0.256619 0.277035 
0.103103 0.138437 0.13898 0.154572 0.184102 0.231926 0.238636 0.247947 0.256619 0.277035 
0.103103 0.138437 0.13898 0.154572 0.184102 0.231926 0.238636 0.247947 0.256619 0.277035 
0.103103 0.138437 0.13898 0.154572 0.184102 0.231926 0.238636 0.247947 0.256619 0.277035 
0.103103 0.138437 0.13898 0.154572 0.184102 0.231926 0.238636 0.247947 0.256619 0.277035 
0.103103 0.138437 0.13898 0.154572 0.184102 0.231926 0.238636 0.247947 0.256619 0.277035 
0.103103 0.138437 0.13898 0.154572 0.184102 0.231926 0.238636 0.247947 0.256619 0.277035 
0.103103 0.138437 0.13898 0.154572 0.184102 0.231926 0.238636 0.247947 0.256619 0.277035 
0.103103 0.138437 0.13898 0.154572 0.184102 0.231926 0.238636 0.247947 0.256619 0.277035 
0.103103 0.138437 0.13898 0.154572 0.184102 0.231926 0.238636 0.247947 0.256619 0.277035 
0.103103 0.138437 0.13898 0.154572 0.184102 0.231926 0.238636 0.247947 0.256619 0.277035 
0.103103 0.138437 0.13898 0.154572 0.184102 0.231926 0.238636 0.247947 0.256619 0.277035 
0.103103 0.138437 0.13898 0.154572 0.184102 0.231926 0.238636 0.247947 0.256619 0.277035 
0.103103 0.138437 0.13898 0.154572 0.184102 0.231926 0.238636 0.247947 0.256619 0.277035 
0.103103 0.138437 0.13898 0.154572 0.184102 0.231926 0.238636 0.247947 0.256619 0.277035 
