0.191372 2.58313 2.95657 3.30687 3.37438 3.4893 3.59151 3.78838 3.87264 4.14419 
0.191372 2.41 2.58313 2.71708 2.73747 2.95657 3.10768 3.30687 3.37438 3.44351 
0.191372 1.79615 2.41 2.58313 2.71708 2.73747 2.95657 3.10768 3.30687 3.37438 
0.191372 1.79615 2.41 2.58313 2.71708 2.73747 2.77992 2.95657 3.10768 3.30687 
0.191372 1.79615 2.41 2.58313 2.66583 2.71708 2.73747 2.77992 2.95657 3.10768 
0.191372 0.433585 1.39705 1.40323 1.79615 2.41 2.58313 2.66583 2.71708 2.73747 
0.191372 0.433585 1.39705 1.40323 1.79615 2.41 2.58313 2.66583 2.71708 2.73747 
0.191372 0.433585 1.33929 1.39705 1.40323 1.79615 2.16234 2.27492 2.41 2.58313 
0.191372 0.433585 1.25714 1.33929 1.39705 1.40323 1.79615 2.16234 2.27492 2.41 
0.191372 0.433585 1.25714 1.33929 1.34535 1.39705 1.40323 1.78392 1.79615 2.16234 
0.191372 0.433585 0.457475 1.25714 1.33929 1.34535 1.39705 1.40323 1.78392 1.79615 
0.0427379 0.191372 0.433585 0.457475 0.617248 1.25714 1.33929 1.34535 1.39705 1.40323 
0.0427379 0.191372 0.433585 0.457475 0.617248 1.25714 1.33929 1.34535 1.39705 1.40323 
0.0427379 0.191372 0.433585 0.457475 0.617248 1.0328 1.1985 1.25714 1.33929 1.34535 
0.0427379 0.191372 0.433585 0.457475 0.617248 1.0328 1.1985 1.25714 1.33929 1.34535 
0.0427379 0.191372 0.433585 0.457475 0.617248 0.898203 1.0328 1.19039 1.1985 1.25714 
0.0427379 0.158667 0.191372 0.433585 0.457475 0.617248 0.898203 1.0328 1.19039 1.1985 
0.0427379 0.158667 0.191372 0.433585 0.457475 0.617248 0.727443 0.898203 1.0328 1.19039 
0.0427379 0.158667 0.191372 0.433585 0.457475 0.617248 0.727443 0.814256 0.898203 1.0328 
0.0427379 0.158667 0.191372 0.433585 0.457475 0.617248 0.727443 0.814256 0.898203 1.0328 
0.0427379 0.158667 0.191372 0.433585 0.457475 0.617248 0.727443 0.814256 0.898203 1.0328 
0.0427379 0.158667 0.191372 0.433585 0.457475 0.617248 0.727443 0.814256 0.898203 1.0328 
0.0427379 0.158667 0.191372 0.433585 0.457475 0.617248 0.727443 0.814256 0.898203 1.0328 
0.0427379 0.158667 0.191372 0.433585 0.457475 0.617248 0.727443 0.814256 0.898203 1.0328 
0.0427379 0.158667 0.191372 0.433585 0.457475 0.617248 0.680254 0.727443 0.814256 0.898203 
0.0427379 0.125508 0.158667 0.191372 0.433585 0.457475 0.617248 0.680254 0.727443 0.814256 
0.0427379 0.125508 0.158667 0.191372 0.427095 0.433585 0.457475 0.617248 0.680254 0.727443 
0.0427379 0.125508 0.158667 0.191372 0.427095 0.433585 0.457475 0.617248 0.679373 0.680254 
0.0427379 0.125508 0.158667 0.191372 0.34371 0.427095 0.433585 0.457475 0.589488 0.617248 
0.0427379 0.125508 0.158667 0.191372 0.34371 0.427095 0.433585 0.457475 0.589488 0.617248 
0.0427379 0.125508 0.158667 0.191372 0.34371 0.427095 0.433585 0.457475 0.589488 0.617248 
0.0427379 0.125508 0.158667 0.191372 0.284849 0.300756 0.34371 0.427095 0.433585 0.457475 
0.0427379 0.125508 0.158667 0.191372 0.284849 0.300756 0.34371 0.427095 0.433585 0.457475 
0.0427379 0.125508 0.158667 0.191372 0.284849 0.300756 0.34371 0.427095 0.433585 0.455788 
0.0427379 0.125508 0.158667 0.191372 0.284849 0.300756 0.34371 0.427095 0.433585 0.455788 
0.0427379 0.125508 0.158667 0.191372 0.279827 0.284849 0.300756 0.34371 0.427095 0.433585 
0.0427379 0.122416 0.125508 0.158667 0.191372 0.279827 0.284849 0.300756 0.34371 0.427095 
0.0427379 0.122416 0.125508 0.158667 0.191372 0.279827 0.284849 0.300756 0.34371 0.409058 
0.0427379 0.122416 0.125508 0.158667 0.191372 0.279827 0.284849 0.300756 0.34371 0.409058 
0.0427379 0.122416 0.125508 0.158667 0.191372 0.248611 0.279827 0.284849 0.300756 0.34371 
0.0427379 0.122416 0.125508 0.158667 0.191372 0.248611 0.279827 0.284849 0.300756 0.308549 
0.0427379 0.122416 0.125508 0.158667 0.191372 0.248611 0.279827 0.284849 0.300756 0.308549 
0.0427379 0.122416 0.125508 0.158667 0.191372 0.196725 0.248611 0.279827 0.284849 0.300756 
0.0427379 0.122416 0.125508 0.158667 0.191372 0.196725 0.248611 0.279827 0.284849 0.300756 
0.0427379 0.122416 0.125508 0.158667 0.191372 0.196725 0.248611 0.279827 0.284849 0.300756 
0.0427379 0.122416 0.125508 0.158667 0.191372 0.196725 0.248611 0.279827 0.284849 0.300756 
0.0427379 0.122416 0.125508 0.158667 0.191372 0.196725 0.248611 0.279827 0.284849 0.300756 
0.0427379 0.122416 0.125508 0.158667 0.191372 0.196725 0.248611 0.279827 0.284849 0.300756 
0.0427379 0.122416 0.125508 0.158667 0.191372 0.196725 0.248611 0.279827 0.284849 0.300756 
0.0427379 0.122416 0.125508 0.158667 0.191372 0.196725 0.248611 0.279827 0.284849 0.300756 
0.0427379 0.122416 0.125508 0.158667 0.191372 0.196725 0.248611 0.279827 0.284849 0.300756 
0.0427379 0.122416 0.125508 0.158667 0.191372 0.196725 0.248611 0.279827 0.284849 0.300756 
0.0427379 0.122416 0.125508 0.158667 0.191372 0.196725 0.248611 0.279827 0.284849 0.300756 
0.0427379 0.122416 0.125508 0.158667 0.191372 0.196725 0.248611 0.279827 0.284849 0.300756 
0.0427379 0.122416 0.125508 0.158667 0.191372 0.196725 0.248611 0.279827 0.284849 0.300756 
0.0427379 0.122416 0.125508 0.158667 0.191372 0.196725 0.248611 0.279827 0.284849 0.300756 
0.0427379 0.122416 0.125508 0.158667 0.191372 0.196725 0.248611 0.279827 0.284849 0.300756 
0.0427379 0.122416 0.125508 0.158667 0.191372 0.196725 0.248611 0.279827 0.284849 0.300756 
0.0427379 0.122416 0.125508 0.158667 0.191372 0.196725 0.248611 0.279827 0.284849 0.300756 
0.0427379 0.122416 0.125508 0.158667 0.191372 0.196725 0.248611 0.279827 0.284849 0.300756 
0.0427379 0.122416 0.125508 0.158667 0.191372 0.196725 0.248611 0.279827 0.284849 0.300756 
0.0427379 0.122416 0.125508 0.158667 0.191372 0.196725 0.248611 0.279827 0.284849 0.300756 
0.0427379 0.122416 0.125508 0.158667 0.191372 0.196725 0.248611 0.279827 0.284849 0.300756 
0.0427379 0.122416 0.125508 0.158667 0.191372 0.196725 0.248611 0.279827 0.284849 0.300756 
0.0427379 0.122416 0.125508 0.158667 0.191372 0.196725 0.248611 0.279827 0.284849 0.300756 
0.0427379 0.122416 0.125508 0.158667 0.191372 0.196725 0.248611 0.279827 0.284849 0.300756 
0.0427379 0.122416 0.125508 0.158667 0.191372 0.196725 0.248611 0.253682 0.279827 0.284849 
0.0427379 0.122416 0.125508 0.158667 0.191372 0.196725 0.222325 0.248611 0.253682 0.274538 
0.0427379 0.122416 0.125508 0.158667 0.191372 0.196725 0.208824 0.222325 0.248611 0.253682 
0.0427379 0.122416 0.125508 0.158667 0.191372 0.196725 0.208824 0.222325 0.248611 0.253682 
0.0427379 0.122416 0.125508 0.158667 0.191372 0.196725 0.208824 0.222325 0.248611 0.253682 
0.0427379 0.122416 0.125508 0.158667 0.170464 0.191372 0.196725 0.208824 0.222325 0.248611 
0.0427379 0.122416 0.125508 0.158667 0.170464 0.191372 0.196725 0.208824 0.222325 0.248611 
0.0427379 0.122416 0.125508 0.147212 0.158667 0.170464 0.191372 0.196725 0.208824 0.222325 
0.0427379 0.122416 0.125508 0.147212 0.158667 0.170464 0.191372 0.196725 0.208824 0.222325 
0.0427379 0.122416 0.125508 0.147212 0.158667 0.170464 0.191372 0.196725 0.208824 0.222325 
0.0427379 0.122416 0.125508 0.130191 0.147212 0.158667 0.170464 0.191372 0.196725 0.208824 
0.0427379 0.115098 0.122416 0.122609 0.125508 0.129708 0.130191 0.147212 0.158667 0.170464 
0.0427379 0.115098 0.122416 0.122609 0.125508 0.129708 0.130191 0.147212 0.158667 0.170464 
0.0427379 0.0982677 0.110462 0.115098 0.122416 0.122609 0.125508 0.129708 0.130191 0.131073 
0.0427379 0.0982677 0.110462 0.115098 0.122416 0.122609 0.125508 0.129708 0.130191 0.131073 
0.0427379 0.0982677 0.110462 0.115098 0.122416 0.122609 0.125508 0.129708 0.130191 0.131073 
0.0427379 0.0801305 0.0982677 0.110462 0.115098 0.122416 0.122609 0.125508 0.129708 0.130191 
0.0427379 0.0801305 0.0982677 0.110462 0.115098 0.122416 0.122609 0.125508 0.129708 0.130191 
0.0427379 0.0801305 0.0908949 0.0982677 0.110462 0.115098 0.122416 0.122609 0.125508 0.129708 
0.0427379 0.0801305 0.0908949 0.0949737 0.0982677 0.110462 0.115098 0.122416 0.122609 0.125508 
0.0427379 0.0738731 0.0801305 0.0908949 0.0949737 0.0982677 0.110462 0.115098 0.118679 0.122416 
0.0427379 0.0738731 0.0801305 0.0908949 0.0949737 0.0982677 0.105611 0.110462 0.115098 0.118679 
0.0427379 0.0738731 0.0801305 0.0908949 0.0949737 0.0982677 0.105611 0.110462 0.115098 0.118679 
0.0427379 0.0738731 0.0801305 0.0908949 0.0949737 0.0982677 0.105611 0.110462 0.115098 0.118679 
0.0427379 0.0683625 0.0720458 0.0736115 0.0738731 0.0801305 0.0803937 0.0908949 0.0949737 0.0982677 
0.0427379 0.0521919 0.0683625 0.0685759 0.0720458 0.0736115 0.0738731 0.0801305 0.0803937 0.0908949 
0.0427379 0.0511942 0.0521919 0.0574711 0.0683625 0.0685759 0.0720458 0.0736115 0.0738731 0.0801305 
0.0427379 0.0492201 0.0511942 0.0520244 0.0521919 0.0574711 0.0683625 0.0685759 0.0702948 0.0720458 
0.0427379 0.0492201 0.0511942 0.0516695 0.0520244 0.0521919 0.0574711 0.0636611 0.0683625 0.0685759 
0.0422149 0.0427379 0.0492201 0.0498228 0.0511942 0.0516695 0.0520244 0.0521919 0.0574711 0.0599024 
0.0364312 0.0422149 0.0427379 0.0430592 0.0492201 0.0498228 0.0502471 0.0511942 0.0516695 0.0520244 
0.0364312 0.0415335 0.0422149 0.0427379 0.0430592 0.048442 0.0492201 0.0495793 0.0498228 0.0502471 
0.0364312 0.0415335 0.0422149 0.0427379 0.0430592 0.0453707 0.048442 0.0492201 0.0495793 0.0498228 
0.0319998 0.0364312 0.0415335 0.0422149 0.0427379 0.0430592 0.0453707 0.048442 0.0490647 0.0492201 
