2.76697 3.96618 4.35905 4.46562 5.36106 5.41813 5.55064 6.20008 6.29623 6.67152 
2.76697 3.34477 3.81212 3.93356 3.96618 4.35905 4.46562 5.36106 5.41813 5.55064 
2.76697 3.34477 3.77399 3.77991 3.81212 3.93356 3.96618 4.35905 4.36585 4.46562 
2.76697 3.1812 3.34477 3.77399 3.77991 3.78745 3.81212 3.93356 3.93547 3.96618 
2.76697 3.1812 3.34477 3.77399 3.77991 3.78745 3.81212 3.93356 3.93547 3.96618 
2.76697 3.1812 3.34477 3.77399 3.77991 3.78745 3.81212 3.93356 3.93547 3.96618 
2.76697 3.1812 3.19735 3.34477 3.77399 3.77991 3.78745 3.81212 3.93356 3.93547 
2.76697 3.1812 3.19735 3.34477 3.77399 3.77991 3.78745 3.81212 3.93356 3.93547 
2.60403 2.76697 3.1812 3.19735 3.34477 3.39379 3.77399 3.77991 3.78745 3.81212 
2.60403 2.76697 3.1812 3.19735 3.34477 3.39379 3.61719 3.77399 3.77991 3.78745 
2.60403 2.76697 3.1812 3.19735 3.34477 3.39379 3.59093 3.61719 3.6505 3.69274 
2.60403 2.76697 3.1812 3.19735 3.23375 3.34477 3.39379 3.48191 3.59093 3.61719 
2.60403 2.76697 3.1812 3.19735 3.23375 3.34477 3.39379 3.48191 3.59093 3.61719 
2.60403 2.76697 3.12466 3.1812 3.19735 3.23375 3.34477 3.39379 3.45357 3.48191 
2.60403 2.76697 3.04447 3.12466 3.1812 3.19735 3.23375 3.34477 3.39379 3.41295 
0.249442 2.60403 2.76697 2.89076 3.04447 3.12466 3.1812 3.19735 3.23375 3.34477 
0.249442 0.713208 2.60403 2.76697 2.89076 3.04447 3.12466 3.1812 3.18348 3.19735 
0.249442 0.713208 2.18711 2.60403 2.76697 2.89076 3.03738 3.04447 3.12466 3.1812 
0.249442 0.713208 0.889793 2.18711 2.22306 2.60403 2.76697 2.89076 3.03738 3.04447 
0.249442 0.713208 0.889793 2.18711 2.22306 2.60403 2.76697 2.89076 3.03738 3.04447 
0.249442 0.713208 0.889793 1.85004 2.18711 2.22306 2.60403 2.76697 2.89076 2.91257 
0.249442 0.713208 0.889793 1.00565 1.80898 1.85004 2.18711 2.22306 2.60403 2.76697 
0.249442 0.713208 0.889793 1.00565 1.80898 1.85004 2.18711 2.22306 2.60403 2.76697 
0.249442 0.713208 0.889793 0.907002 1.00565 1.04546 1.16678 1.80898 1.83018 1.85004 
0.249442 0.713208 0.889793 0.907002 1.00565 1.04546 1.16678 1.80898 1.83018 1.85004 
0.249442 0.713208 0.889793 0.907002 1.00565 1.04546 1.16678 1.80898 1.83018 1.85004 
0.249442 0.713208 0.889793 0.907002 1.00565 1.04546 1.16678 1.80898 1.83018 1.85004 
0.249442 0.713208 0.889793 0.907002 1.00565 1.04546 1.16678 1.80898 1.83018 1.85004 
0.249442 0.713208 0.889793 0.907002 1.00565 1.04546 1.16678 1.80898 1.83018 1.85004 
0.249442 0.404059 0.713208 0.889793 0.907002 1.00565 1.04546 1.16678 1.80898 1.83018 
0.249442 0.404059 0.713208 0.889793 0.907002 1.00565 1.04546 1.16678 1.80898 1.83018 
0.249442 0.404059 0.713208 0.889793 0.907002 1.00565 1.04546 1.1027 1.16149 1.16678 
0.249442 0.404059 0.713208 0.889793 0.907002 1.00565 1.04546 1.1027 1.16149 1.16678 
0.249442 0.404059 0.713208 0.889793 0.907002 1.00565 1.04546 1.1027 1.16149 1.16678 
0.249442 0.404059 0.713208 0.889793 0.907002 1.00565 1.04546 1.1027 1.16149 1.16678 
0.249442 0.404059 0.713208 0.889793 0.907002 1.00565 1.04546 1.1027 1.16149 1.16678 
0.249442 0.404059 0.713208 0.889793 0.907002 1.00565 1.04546 1.1027 1.16149 1.16678 
0.249442 0.404059 0.713208 0.889793 0.907002 1.00565 1.04546 1.1027 1.16149 1.16678 
0.249442 0.404059 0.713208 0.889793 0.907002 1.00565 1.04546 1.1027 1.16149 1.16678 
0.249442 0.404059 0.713208 0.889793 0.907002 1.00565 1.04546 1.1027 1.16149 1.16678 
0.249442 0.404059 0.713208 0.783538 0.889793 0.907002 0.952106 1.00565 1.04546 1.1027 
0.249442 0.404059 0.713208 0.783538 0.889793 0.907002 0.952106 1.00565 1.04546 1.1027 
0.249442 0.404059 0.713208 0.783538 0.889793 0.907002 0.952106 1.00565 1.04546 1.1027 
0.249442 0.404059 0.600418 0.713208 0.783538 0.889793 0.907002 0.952106 1.00565 1.04546 
0.249442 0.404059 0.574248 0.600418 0.713208 0.783538 0.889793 0.907002 0.952106 1.00565 
0.249442 0.404059 0.574248 0.584514 0.600418 0.713208 0.783538 0.889793 0.907002 0.952106 
0.249442 0.404059 0.574248 0.584514 0.600418 0.689364 0.713208 0.783538 0.889793 0.907002 
0.249442 0.404059 0.574248 0.584514 0.600418 0.689364 0.713208 0.783538 0.889793 0.907002 
0.249442 0.404059 0.463557 0.574248 0.584514 0.600418 0.689364 0.713208 0.783538 0.889793 
0.249442 0.404059 0.463557 0.574248 0.584514 0.600418 0.689364 0.713208 0.783538 0.889793 
0.177107 0.249442 0.404059 0.463557 0.574248 0.584514 0.600418 0.689364 0.713208 0.783538 
0.177107 0.249442 0.404059 0.463557 0.574248 0.584514 0.600418 0.689364 0.713208 0.783538 
0.0421872 0.177107 0.249442 0.404059 0.463557 0.574248 0.584514 0.600418 0.605517 0.689364 
0.034568 0.0421872 0.177107 0.249442 0.404059 0.463557 0.574248 0.584514 0.600418 0.605517 
0.034568 0.0421872 0.177107 0.249442 0.268566 0.404059 0.463557 0.574248 0.584514 0.600418 
0.034568 0.0421872 0.177107 0.249442 0.268566 0.404059 0.463557 0.574248 0.584514 0.600418 
0.034568 0.0421872 0.177107 0.249442 0.268566 0.404059 0.463557 0.574248 0.584514 0.600418 
0.034568 0.0421872 0.177107 0.249442 0.268566 0.404059 0.463557 0.574248 0.584514 0.600418 
0.034568 0.0421872 0.0445264 0.177107 0.249442 0.268566 0.404059 0.463557 0.574248 0.584514 
0.034568 0.0421872 0.0445264 0.177107 0.249442 0.268566 0.404059 0.463557 0.574248 0.584514 
0.034568 0.0421872 0.0445264 0.177107 0.249442 0.268566 0.404059 0.463557 0.574248 0.584514 
0.034568 0.0421872 0.0445264 0.177107 0.249442 0.268566 0.404059 0.463557 0.574248 0.584514 
0.034568 0.0421872 0.0445264 0.177107 0.249442 0.268566 0.404059 0.463557 0.574248 0.584514 
0.034568 0.0421872 0.0445264 0.177107 0.249442 0.268566 0.404059 0.436959 0.463557 0.574248 
0.034568 0.0421872 0.0445264 0.177107 0.249442 0.268566 0.404059 0.436959 0.463557 0.513085 
0.034568 0.0421872 0.0445264 0.177107 0.249442 0.268566 0.404059 0.436959 0.463557 0.513085 
0.034568 0.0421872 0.0445264 0.177107 0.249442 0.268566 0.404059 0.436959 0.463557 0.513085 
0.034568 0.0421872 0.0445264 0.177107 0.249442 0.268566 0.404059 0.436959 0.463557 0.513085 
0.034568 0.0421872 0.0445264 0.177107 0.249442 0.268566 0.404059 0.436959 0.463557 0.513085 
0.034568 0.0421872 0.0445264 0.177107 0.249442 0.268566 0.363807 0.404059 0.436959 0.463557 
0.034568 0.0421872 0.0445264 0.177107 0.249442 0.268566 0.363807 0.404059 0.436959 0.463557 
0.034568 0.0421872 0.0445264 0.177107 0.249442 0.268566 0.363807 0.404059 0.436959 0.463557 
0.034568 0.0421872 0.0445264 0.177107 0.249442 0.268566 0.363807 0.404059 0.436959 0.463557 
0.034568 0.0421872 0.0445264 0.177107 0.249442 0.268566 0.363807 0.404059 0.436959 0.463557 
0.034568 0.0421872 0.0445264 0.177107 0.249442 0.268566 0.363807 0.404059 0.436959 0.463557 
0.034568 0.0421872 0.0445264 0.177107 0.249442 0.268566 0.280676 0.363807 0.404059 0.436959 
0.034568 0.0421872 0.0445264 0.177107 0.249442 0.268566 0.280676 0.363807 0.404059 0.436959 
0.034568 0.0421872 0.0445264 0.177107 0.249442 0.268566 0.280676 0.363807 0.369349 0.404059 
0.034568 0.0421872 0.0445264 0.177107 0.249442 0.268566 0.280676 0.363807 0.369349 0.404059 
0.034568 0.0421872 0.0445264 0.177107 0.249442 0.268566 0.280676 0.363807 0.369349 0.404059 
0.034568 0.0421872 0.0445264 0.177107 0.249442 0.268566 0.280676 0.363807 0.369349 0.404059 
0.034568 0.0421872 0.0445264 0.177107 0.249442 0.268566 0.280676 0.363807 0.369349 0.404059 
0.034568 0.0421872 0.0445264 0.177107 0.249442 0.268566 0.280676 0.363807 0.369349 0.404059 
0.034568 0.0421872 0.0445264 0.177107 0.249442 0.268566 0.280676 0.363807 0.369349 0.404059 
0.034568 0.0421872 0.0445264 0.177107 0.249442 0.268566 0.280676 0.363807 0.369349 0.404059 
0.034568 0.0421872 0.0445264 0.177107 0.249442 0.268566 0.280676 0.363807 0.369349 0.404059 
0.034568 0.0421872 0.0445264 0.177107 0.249442 0.268566 0.280676 0.363807 0.369349 0.404059 
0.034568 0.0421872 0.0445264 0.177107 0.249442 0.268566 0.280676 0.363807 0.369349 0.404059 
0.034568 0.0421872 0.0445264 0.177107 0.249442 0.268566 0.280676 0.363807 0.369349 0.404059 
0.034568 0.0421872 0.0445264 0.177107 0.249442 0.268566 0.280676 0.363807 0.369349 0.404059 
0.034568 0.0421872 0.0445264 0.177107 0.249442 0.268566 0.280676 0.363807 0.369349 0.404059 
0.034568 0.0421872 0.0445264 0.177107 0.249442 0.268566 0.280676 0.363807 0.369349 0.404059 
0.034568 0.0421872 0.0445264 0.177107 0.249442 0.268566 0.280676 0.363807 0.369349 0.404059 
0.034568 0.0421872 0.0445264 0.177107 0.249442 0.268566 0.280676 0.363807 0.369349 0.404059 
0.034568 0.0421872 0.0445264 0.177107 0.249442 0.268566 0.280676 0.363807 0.369349 0.404059 
0.034568 0.0421872 0.0445264 0.177107 0.249442 0.268566 0.280676 0.363807 0.369349 0.404059 
0.034568 0.0421872 0.0445264 0.177107 0.249442 0.268566 0.280676 0.363807 0.369349 0.404059 
0.034568 0.0421872 0.0445264 0.177107 0.249442 0.268566 0.280676 0.363807 0.369349 0.404059 
0.034568 0.0421872 0.0445264 0.177107 0.249442 0.268566 0.280676 0.363807 0.369349 0.404059 
0.034568 0.0421872 0.0445264 0.177107 0.249442 0.268566 0.280676 0.363807 0.369349 0.404059 
