2.7339 3.35622 3.5892 3.93998 3.99828 4.05362 4.15859 4.24987 4.4029 4.59702 
2.7339 2.79332 2.86122 3.00344 3.35622 3.56425 3.5892 3.61203 3.93998 3.99828 
2.7339 2.79332 2.86122 3.00344 3.35622 3.4332 3.56425 3.5892 3.61203 3.65354 
2.7339 2.79332 2.86122 3.00344 3.12266 3.35622 3.4332 3.5506 3.56425 3.5892 
0.0948041 2.7339 2.79332 2.86122 3.00344 3.05711 3.09798 3.12266 3.22449 3.35622 
0.0948041 2.7339 2.79332 2.86122 3.00344 3.05711 3.09798 3.12266 3.18332 3.22449 
0.0948041 0.554352 1.23723 2.70669 2.7339 2.79332 2.86122 2.98237 3.00344 3.05711 
0.0948041 0.554352 1.23723 2.70669 2.7339 2.77707 2.79332 2.86122 2.93061 2.98237 
0.0948041 0.554352 1.23723 2.36119 2.57337 2.5914 2.70669 2.7339 2.77707 2.79332 
0.0948041 0.554352 1.23723 2.36119 2.57337 2.5914 2.70669 2.7339 2.77707 2.79332 
0.0948041 0.554352 1.23723 2.36119 2.57337 2.58041 2.5914 2.70669 2.7339 2.77707 
0.0948041 0.554352 1.23723 1.72367 2.36119 2.41144 2.57337 2.58041 2.5914 2.70669 
0.0948041 0.554352 1.23723 1.72367 2.36119 2.41144 2.57337 2.58041 2.5914 2.65765 
0.0948041 0.554352 1.23723 1.72367 2.34024 2.36119 2.41144 2.57337 2.58041 2.5914 
0.0948041 0.554352 1.23723 1.72367 2.34024 2.36119 2.41144 2.57337 2.58041 2.5914 
0.0948041 0.314259 0.554352 1.23723 1.72367 2.01466 2.34024 2.36119 2.41144 2.57337 
0.0948041 0.314259 0.554352 1.23723 1.72367 1.88744 1.98019 2.01466 2.34024 2.36119 
0.0948041 0.314259 0.554352 1.23723 1.65883 1.72367 1.88744 1.98019 2.01466 2.13552 
0.0948041 0.314259 0.554352 1.23723 1.65883 1.71153 1.72367 1.88744 1.98019 2.01466 
0.0948041 0.314259 0.554352 0.812877 1.23723 1.65883 1.71153 1.72367 1.88744 1.98019 
0.0948041 0.314259 0.440788 0.554352 0.812877 1.23723 1.65883 1.71153 1.72367 1.88744 
0.0948041 0.314259 0.440788 0.554352 0.812877 1.23723 1.65883 1.71153 1.72367 1.88744 
0.0948041 0.314259 0.440788 0.554352 0.812877 1.2067 1.23723 1.43064 1.65883 1.71153 
0.0948041 0.314259 0.440788 0.554352 0.812877 1.2067 1.23723 1.43064 1.5089 1.65883 
0.0948041 0.314259 0.440788 0.554352 0.812877 1.2067 1.23723 1.43064 1.48004 1.5089 
0.0948041 0.26098 0.296855 0.314259 0.440788 0.554352 0.812877 1.13633 1.2067 1.23723 
0.0948041 0.26098 0.296855 0.314259 0.440788 0.554352 0.812877 1.13633 1.2067 1.23723 
0.0948041 0.26098 0.296855 0.314259 0.364569 0.440788 0.554352 0.812877 1.13633 1.2067 
0.0948041 0.26098 0.296855 0.314259 0.364569 0.440788 0.554352 0.620248 0.812877 1.0855 
0.0948041 0.26098 0.296855 0.314259 0.341244 0.364569 0.440788 0.554352 0.620248 0.812877 
0.0849711 0.0948041 0.26098 0.296855 0.314259 0.341244 0.364569 0.440788 0.554352 0.620248 
0.0849711 0.0948041 0.26098 0.296855 0.314259 0.341244 0.364569 0.440788 0.554352 0.620248 
0.0849711 0.0948041 0.26098 0.296855 0.314259 0.341244 0.348148 0.364569 0.440788 0.554352 
0.0849711 0.0948041 0.26098 0.296855 0.314259 0.341244 0.348148 0.364569 0.440788 0.554352 
0.0849711 0.0948041 0.26098 0.296855 0.314259 0.341244 0.348148 0.364569 0.440788 0.554352 
0.0849711 0.0948041 0.26098 0.296855 0.314259 0.341244 0.348148 0.364569 0.412547 0.440788 
0.0849711 0.0948041 0.26098 0.296855 0.306417 0.314259 0.341244 0.348148 0.364569 0.412547 
0.0849711 0.0948041 0.26098 0.296855 0.306417 0.314259 0.341244 0.348148 0.364569 0.412547 
0.0849711 0.0948041 0.26098 0.296855 0.306417 0.314259 0.341244 0.348148 0.364569 0.412547 
0.0849711 0.0948041 0.26098 0.282776 0.296855 0.306417 0.314259 0.341244 0.348148 0.364569 
0.0849711 0.0948041 0.26098 0.273019 0.282776 0.296855 0.306417 0.314259 0.317941 0.341244 
0.0369076 0.0849711 0.0948041 0.26098 0.273019 0.282776 0.296855 0.306417 0.314259 0.317941 
0.0369076 0.0849711 0.0948041 0.26098 0.273019 0.282776 0.296855 0.306417 0.314259 0.317941 
0.0369076 0.0849711 0.0948041 0.26098 0.273019 0.282776 0.296855 0.306417 0.312371 0.314259 
0.0369076 0.0849711 0.0948041 0.26098 0.273019 0.278145 0.282776 0.296855 0.306417 0.312371 
0.0369076 0.0849711 0.0948041 0.26098 0.273019 0.278145 0.282776 0.296855 0.306417 0.312371 
0.0369076 0.0849711 0.0948041 0.26098 0.273019 0.278145 0.282776 0.296855 0.306417 0.312371 
0.0369076 0.0849711 0.0948041 0.170799 0.213044 0.216539 0.26098 0.273019 0.278145 0.282776 
0.0369076 0.0849711 0.0948041 0.170799 0.213044 0.216539 0.26098 0.273019 0.278145 0.282776 
0.0369076 0.0670453 0.0849711 0.0948041 0.170799 0.213044 0.216539 0.26098 0.273019 0.278145 
0.0369076 0.0670453 0.0849711 0.0948041 0.170799 0.213044 0.216539 0.26098 0.273019 0.278145 
0.0369076 0.0670453 0.0849711 0.0948041 0.170799 0.213044 0.216539 0.26098 0.273019 0.278145 
0.0369076 0.0670453 0.0849711 0.0948041 0.170799 0.213044 0.216539 0.26098 0.273019 0.278145 
0.0369076 0.0670453 0.0849711 0.0948041 0.170799 0.213044 0.216539 0.26098 0.273019 0.278145 
0.0369076 0.0670453 0.0849711 0.0948041 0.170799 0.213044 0.216539 0.26098 0.273019 0.278145 
0.0369076 0.0670453 0.0849711 0.0948041 0.16429 0.170799 0.213044 0.216539 0.26098 0.273019 
0.0369076 0.0670453 0.0849711 0.0948041 0.16429 0.170799 0.213044 0.216539 0.26098 0.273019 
0.0369076 0.0670453 0.0849711 0.0948041 0.16429 0.170799 0.213044 0.216539 0.26098 0.273019 
0.0369076 0.0670453 0.0849711 0.0948041 0.16429 0.170799 0.213044 0.216539 0.26098 0.273019 
0.0369076 0.0670453 0.0849711 0.0948041 0.16429 0.170799 0.213044 0.216539 0.26098 0.273019 
0.0369076 0.0670453 0.0849711 0.0948041 0.16429 0.170799 0.213044 0.216539 0.26098 0.273019 
0.0369076 0.0670453 0.0849711 0.0948041 0.16429 0.170799 0.213044 0.216539 0.26098 0.273019 
0.0369076 0.0670453 0.0849711 0.0948041 0.16429 0.170799 0.213044 0.216539 0.26098 0.273019 
0.0369076 0.0670453 0.0849711 0.0948041 0.16429 0.170799 0.213044 0.216539 0.26098 0.273019 
0.0369076 0.0670453 0.0849711 0.0948041 0.16429 0.170799 0.213044 0.216539 0.26098 0.273019 
0.0369076 0.0670453 0.0849711 0.0948041 0.16429 0.170799 0.213044 0.216539 0.26098 0.273019 
0.0369076 0.0670453 0.0849711 0.0948041 0.16429 0.170799 0.213044 0.216539 0.26098 0.273019 
0.0369076 0.0670453 0.0849711 0.0948041 0.16429 0.170799 0.213044 0.216539 0.26098 0.273019 
0.0369076 0.0670453 0.0849711 0.0948041 0.16429 0.170799 0.213044 0.216539 0.26098 0.273019 
0.0369076 0.0670453 0.0849711 0.0948041 0.16429 0.170799 0.213044 0.216539 0.26098 0.273019 
0.0369076 0.0670453 0.0849711 0.0948041 0.16429 0.170799 0.213044 0.216539 0.26098 0.273019 
0.0369076 0.0670453 0.0849711 0.0948041 0.16429 0.170799 0.213044 0.216539 0.26098 0.273019 
0.0369076 0.0670453 0.0849711 0.0948041 0.16429 0.170799 0.213044 0.216539 0.26098 0.273019 
0.0369076 0.0670453 0.0849711 0.0948041 0.16429 0.170799 0.213044 0.216539 0.26098 0.273019 
0.0369076 0.0670453 0.0849711 0.0948041 0.16429 0.170799 0.213044 0.216539 0.26098 0.273019 
0.0369076 0.0670453 0.0849711 0.0948041 0.16429 0.170799 0.213044 0.216539 0.26098 0.273019 
0.0369076 0.0670453 0.0849711 0.0948041 0.16429 0.170799 0.213044 0.216539 0.26098 0.273019 
0.0369076 0.0670453 0.0849711 0.0948041 0.16429 0.170799 0.213044 0.216539 0.26098 0.273019 
0.0369076 0.0670453 0.0849711 0.0948041 0.16429 0.170799 0.213044 0.216539 0.26098 0.273019 
0.0369076 0.0670453 0.0849711 0.0948041 0.16429 0.170799 0.213044 0.216539 0.26098 0.273019 
0.0369076 0.0670453 0.0849711 0.0948041 0.16429 0.170799 0.213044 0.216539 0.26098 0.273019 
0.0369076 0.0670453 0.0849711 0.0948041 0.16429 0.170799 0.213044 0.216539 0.26098 0.273019 
0.0369076 0.0670453 0.0849711 0.0948041 0.16429 0.170799 0.213044 0.216539 0.26098 0.273019 
0.0369076 0.0670453 0.0849711 0.0948041 0.16429 0.170799 0.213044 0.216539 0.26098 0.273019 
0.0369076 0.0670453 0.0849711 0.0948041 0.16429 0.170799 0.213044 0.216539 0.26098 0.273019 
0.0369076 0.0670453 0.0849711 0.0948041 0.16429 0.170799 0.213044 0.216539 0.26098 0.273019 
0.0369076 0.0670453 0.0849711 0.0948041 0.16429 0.170799 0.213044 0.216539 0.26098 0.273019 
0.0369076 0.0670453 0.0849711 0.0948041 0.16429 0.170799 0.213044 0.216539 0.26098 0.273019 
0.0369076 0.0670453 0.0849711 0.0948041 0.16429 0.170799 0.213044 0.216539 0.26098 0.273019 
0.0369076 0.0670453 0.0849711 0.0948041 0.16429 0.170799 0.213044 0.216539 0.26098 0.273019 
0.0369076 0.0670453 0.0849711 0.0948041 0.16429 0.170799 0.213044 0.216539 0.26098 0.273019 
0.0369076 0.0670453 0.0849711 0.0948041 0.16429 0.170799 0.213044 0.216539 0.26098 0.273019 
0.0369076 0.0670453 0.0849711 0.0948041 0.16429 0.170799 0.213044 0.216539 0.26098 0.273019 
0.0369076 0.0670453 0.0849711 0.0948041 0.16429 0.170799 0.213044 0.216539 0.26098 0.273019 
0.0369076 0.0670453 0.0849711 0.0948041 0.16429 0.170799 0.213044 0.216539 0.26098 0.273019 
0.0369076 0.0670453 0.0849711 0.0948041 0.16429 0.170799 0.213044 0.216539 0.26098 0.273019 
0.0369076 0.0670453 0.0849711 0.0948041 0.16429 0.170799 0.213044 0.216539 0.26098 0.273019 
0.0369076 0.0670453 0.0849711 0.0948041 0.16429 0.170799 0.213044 0.216539 0.26098 0.273019 
0.0369076 0.0670453 0.0849711 0.0948041 0.16429 0.170799 0.213044 0.216539 0.26098 0.273019 
0.0369076 0.0670453 0.0849711 0.0948041 0.16429 0.170799 0.213044 0.216539 0.26098 0.273019 
