3.43184 5.12996 6.74683 6.98994 7.15858 7.22133 7.71956 7.82151 7.8619 8.103 
3.43184 4.40324 5.12996 5.28302 5.47733 5.7722 5.80749 5.93168 5.98068 6.74683 
3.43184 4.40324 5.12996 5.28302 5.47733 5.7722 5.80749 5.84927 5.93168 5.98068 
3.43184 4.40324 5.03369 5.12996 5.28302 5.47733 5.7722 5.80749 5.84927 5.93168 
3.43184 4.40324 5.03369 5.12996 5.28302 5.47733 5.7722 5.80749 5.84927 5.93168 
3.43184 4.40324 5.03369 5.12996 5.28302 5.46785 5.47733 5.7722 5.80749 5.84927 
3.43184 3.85038 4.40324 5.03369 5.12996 5.28302 5.46785 5.47733 5.59953 5.7722 
3.43184 3.85038 4.40324 5.03369 5.12996 5.28302 5.46785 5.47733 5.59953 5.7722 
3.43184 3.85038 4.40324 4.52541 4.92025 5.03369 5.12996 5.28302 5.33123 5.46785 
3.43184 3.85038 4.40324 4.52541 4.92025 5.03369 5.12996 5.28302 5.33123 5.46785 
1.17984 3.43184 3.85038 4.37979 4.40324 4.52541 4.92025 5.03369 5.12996 5.28302 
1.17984 3.43184 3.85038 4.37979 4.40324 4.49316 4.52541 4.67273 4.92025 5.03369 
1.17984 3.43184 3.85038 4.37979 4.40324 4.49316 4.52541 4.55628 4.59713 4.67273 
1.17984 2.73708 3.43184 3.85038 4.37979 4.40324 4.49316 4.52541 4.55628 4.59713 
1.17984 2.73708 3.43184 3.85038 4.37979 4.40324 4.49316 4.52541 4.55628 4.59713 
1.17984 2.73708 3.43184 3.61595 3.85038 4.37979 4.40324 4.49316 4.52541 4.55628 
1.17984 2.26363 2.73708 3.30998 3.43184 3.55516 3.61595 3.79646 3.85038 3.92481 
1.17984 2.26363 2.73708 3.30998 3.43184 3.55516 3.61595 3.79646 3.85038 3.92481 
1.17984 2.26363 2.73708 3.30998 3.43184 3.55516 3.61153 3.61595 3.75612 3.79646 
1.17984 2.26363 2.73708 3.07946 3.30998 3.43184 3.55516 3.61153 3.61595 3.75612 
1.17984 2.26363 2.71957 2.73708 3.07946 3.30998 3.43184 3.55516 3.61153 3.61595 
1.17984 2.26363 2.71957 2.73708 2.86501 3.07946 3.26924 3.30767 3.30998 3.43184 
1.17984 2.26363 2.71957 2.73708 2.86501 3.07946 3.26924 3.30767 3.30998 3.43184 
1.17984 1.41894 2.26363 2.71957 2.73708 2.86501 3.07946 3.26924 3.30767 3.30998 
1.17984 1.41894 2.26363 2.71957 2.73708 2.86501 3.07946 3.21535 3.26924 3.30767 
1.17984 1.41894 1.75627 2.26363 2.69182 2.71957 2.73708 2.86501 3.07946 3.21535 
1.17984 1.41894 1.75627 2.26363 2.69182 2.71957 2.73708 2.86501 3.07946 3.21535 
1.17984 1.41894 1.75627 2.26363 2.69182 2.71957 2.73708 2.86501 3.07946 3.21535 
1.17984 1.41894 1.75627 2.26363 2.69182 2.71957 2.73708 2.80756 2.86501 3.07946 
1.17984 1.41894 1.75627 2.26363 2.69182 2.71957 2.73708 2.80756 2.86501 3.07946 
1.17984 1.41894 1.75627 2.26363 2.69182 2.71957 2.73708 2.80756 2.86501 3.07946 
1.17984 1.41894 1.75627 2.26363 2.69182 2.71957 2.73708 2.80756 2.86501 3.07946 
1.17984 1.41894 1.75627 1.87673 2.26363 2.69182 2.71957 2.73708 2.80756 2.86501 
1.17984 1.41894 1.63047 1.75627 1.87673 2.26363 2.69182 2.71957 2.73708 2.80756 
1.17984 1.41894 1.63047 1.75627 1.87673 2.26363 2.64603 2.65243 2.69182 2.71957 
1.00807 1.17984 1.41894 1.63047 1.75627 1.87673 2.00066 2.26363 2.64603 2.65243 
1.00807 1.17984 1.41894 1.63047 1.75627 1.87673 2.00066 2.26363 2.56011 2.64603 
1.00807 1.17984 1.41894 1.63047 1.75627 1.87673 2.00066 2.26363 2.49707 2.56011 
0.92569 1.00807 1.17984 1.41894 1.63047 1.75627 1.87673 2.00066 2.26363 2.26846 
0.92569 1.00807 1.17984 1.41894 1.53736 1.63047 1.75627 1.87673 2.00066 2.10716 
0.560288 0.92569 1.00807 1.17984 1.41894 1.53736 1.63047 1.75627 1.87673 2.00066 
0.560288 0.92569 1.00807 1.17984 1.41894 1.53736 1.63047 1.75627 1.87673 2.00066 
0.560288 0.92569 1.00807 1.17984 1.41894 1.53736 1.63047 1.75627 1.87673 2.00066 
0.560288 0.92569 1.00807 1.17984 1.41894 1.53736 1.63047 1.64566 1.75627 1.87673 
0.560288 0.92569 1.00807 1.17984 1.41894 1.53736 1.63047 1.64566 1.75627 1.87673 
0.560288 0.92569 1.00807 1.17984 1.39456 1.41894 1.53736 1.63047 1.64566 1.75627 
0.560288 0.92569 1.00807 1.17984 1.39456 1.41894 1.53736 1.63047 1.64566 1.75627 
0.560288 0.92569 1.00807 1.17984 1.39456 1.41894 1.53736 1.63047 1.64566 1.75627 
0.560288 0.92569 1.00807 1.17984 1.39456 1.41894 1.53736 1.63047 1.64566 1.75627 
0.406665 0.560288 0.92569 1.00807 1.17984 1.39456 1.41894 1.53736 1.63047 1.64566 
0.406665 0.560288 0.92569 1.00807 1.17984 1.39456 1.41894 1.53736 1.63047 1.64566 
0.406665 0.560288 0.92569 1.00807 1.17984 1.19793 1.39456 1.41894 1.53736 1.63047 
0.406665 0.560288 0.715621 0.92569 1.00807 1.01139 1.17984 1.19793 1.39456 1.41894 
0.406665 0.560288 0.715621 0.92569 1.00807 1.01139 1.17984 1.19793 1.39456 1.41894 
0.0562063 0.406665 0.560288 0.715621 0.92569 1.00807 1.01139 1.17984 1.19793 1.30079 
0.0562063 0.406665 0.560288 0.715621 0.747892 0.822303 0.92569 1.00807 1.01139 1.17984 
0.0562063 0.406665 0.560288 0.715621 0.747892 0.822303 0.92569 1.00807 1.01139 1.09866 
0.0562063 0.406665 0.560288 0.715621 0.747892 0.822303 0.92569 1.00807 1.01139 1.09866 
0.0562063 0.267016 0.406665 0.560288 0.715621 0.747892 0.822303 0.92569 1.00807 1.01139 
0.0562063 0.267016 0.406665 0.560288 0.715621 0.747892 0.822303 0.92569 1.00807 1.01139 
0.0562063 0.267016 0.406665 0.560288 0.715621 0.747892 0.822303 0.92569 1.00807 1.01139 
0.0562063 0.267016 0.406665 0.560288 0.715621 0.747892 0.822303 0.92569 1.00807 1.01139 
0.0562063 0.267016 0.270952 0.378344 0.406665 0.560288 0.715621 0.747892 0.79937 0.822303 
0.0562063 0.267016 0.270952 0.378344 0.406665 0.560288 0.715621 0.747892 0.79937 0.822303 
0.0562063 0.249229 0.267016 0.270952 0.378344 0.406665 0.435534 0.560288 0.715621 0.747892 
0.0562063 0.249229 0.267016 0.270952 0.378344 0.406665 0.435534 0.560288 0.625502 0.715621 
0.0562063 0.249229 0.267016 0.270952 0.378344 0.406665 0.428835 0.435534 0.560288 0.625502 
0.0562063 0.249229 0.267016 0.270952 0.378344 0.406665 0.428835 0.435534 0.560288 0.625502 
0.0562063 0.249229 0.267016 0.270952 0.378344 0.406665 0.428835 0.435534 0.560288 0.625502 
0.0562063 0.079692 0.249229 0.267016 0.270952 0.378344 0.406665 0.428835 0.435534 0.560288 
0.0562063 0.079692 0.249229 0.267016 0.270952 0.378344 0.406665 0.428835 0.435534 0.529158 
0.0562063 0.079692 0.249229 0.267016 0.270952 0.378344 0.406665 0.428835 0.435534 0.529158 
0.0562063 0.079692 0.249229 0.267016 0.270952 0.378344 0.406665 0.428835 0.435534 0.529158 
0.0562063 0.079692 0.124311 0.249229 0.267016 0.270952 0.378344 0.406665 0.428835 0.435534 
0.0562063 0.079692 0.124311 0.249229 0.267016 0.270952 0.378344 0.406665 0.428835 0.435534 
0.0562063 0.079692 0.124311 0.249229 0.267016 0.270952 0.378344 0.406665 0.428835 0.435534 
0.0562063 0.079692 0.124311 0.249229 0.267016 0.270952 0.378344 0.406665 0.428835 0.435534 
0.0562063 0.079692 0.124311 0.179393 0.249229 0.267016 0.270952 0.378344 0.406665 0.428835 
0.0562063 0.079692 0.124311 0.179393 0.249229 0.267016 0.270952 0.378344 0.406665 0.428835 
0.0562063 0.079692 0.124311 0.179393 0.249229 0.267016 0.270952 0.378344 0.406665 0.428835 
0.0562063 0.079692 0.124311 0.179393 0.249229 0.267016 0.270952 0.321912 0.378344 0.406665 
0.0562063 0.079692 0.124311 0.179393 0.249229 0.267016 0.270952 0.321912 0.378344 0.406665 
0.0562063 0.079692 0.124311 0.179393 0.249229 0.267016 0.270952 0.321912 0.378344 0.406665 
0.0562063 0.079692 0.124311 0.179393 0.249229 0.267016 0.270952 0.321912 0.378344 0.406665 
0.0562063 0.079692 0.124311 0.179393 0.249229 0.267016 0.270952 0.321912 0.378344 0.395502 
0.0562063 0.079692 0.124311 0.179393 0.249229 0.267016 0.270952 0.321912 0.378344 0.395502 
0.0562063 0.079692 0.124311 0.179393 0.249229 0.267016 0.270952 0.321912 0.378344 0.395502 
0.0562063 0.079692 0.124311 0.179393 0.249229 0.267016 0.270952 0.312681 0.321912 0.378344 
0.0562063 0.079692 0.124311 0.179393 0.249229 0.267016 0.270952 0.312681 0.321912 0.378344 
0.0562063 0.0574313 0.079692 0.124311 0.179393 0.249229 0.267016 0.270952 0.312681 0.321912 
0.0562063 0.0574313 0.079692 0.124311 0.179393 0.249229 0.267016 0.267999 0.270952 0.312681 
0.0562063 0.0574313 0.079692 0.103757 0.124311 0.179393 0.249229 0.260497 0.267016 0.267999 
0.0562063 0.0574313 0.079692 0.103757 0.124311 0.179393 0.237819 0.249229 0.260497 0.267016 
0.0562063 0.0574313 0.079692 0.103757 0.124311 0.179393 0.237819 0.249229 0.260497 0.267016 
0.0562063 0.0574313 0.079692 0.103757 0.124311 0.179393 0.237819 0.249229 0.260497 0.267016 
0.028776 0.0562063 0.0574313 0.079692 0.103757 0.124311 0.164565 0.179393 0.237819 0.249229 
0.028776 0.0562063 0.0574313 0.079692 0.103757 0.124311 0.164565 0.179393 0.237819 0.249229 
0.028776 0.0562063 0.0574313 0.079692 0.103757 0.124311 0.151648 0.164565 0.179393 0.237819 
0.028776 0.0562063 0.0574313 0.079692 0.103757 0.124311 0.151648 0.164565 0.179393 0.237819 
0.028776 0.0562063 0.0574313 0.079692 0.103757 0.124311 0.151648 0.164565 0.179393 0.237819 
