2.59021 2.78328 3.27511 3.45083 3.50811 3.6018 3.64826 3.67999 3.72038 4.5264 
0.630513 1.84977 2.59021 2.78328 2.82224 3.27511 3.45083 3.50811 3.6018 3.64826 
0.630513 1.84977 2.27958 2.59021 2.78328 2.82224 3.20686 3.27511 3.45083 3.50811 
0.630513 1.84977 2.27958 2.30061 2.59021 2.75309 2.75668 2.78328 2.82224 3.20686 
0.630513 1.84977 2.27958 2.30061 2.59021 2.74359 2.75309 2.75668 2.78328 2.82224 
0.630513 1.17679 1.84977 2.06376 2.27958 2.30061 2.5 2.59021 2.74359 2.75309 
0.630513 1.17679 1.84977 2.06376 2.2711 2.27958 2.30061 2.5 2.59021 2.74359 
0.630513 1.17679 1.84977 2.06376 2.11409 2.2711 2.27958 2.30061 2.5 2.59021 
0.630513 1.17679 1.84977 2.06376 2.11409 2.2711 2.27958 2.30061 2.37788 2.5 
0.0566702 0.630513 1.17679 1.84977 2.06376 2.11409 2.13535 2.2711 2.27958 2.30061 
0.0566702 0.630513 0.994381 1.17679 1.84977 2.06376 2.11409 2.13535 2.2711 2.27958 
0.0566702 0.630513 0.994381 1.17679 1.64746 1.84977 2.06376 2.11409 2.13535 2.2711 
0.0566702 0.630513 0.994381 1.17679 1.61643 1.64746 1.84977 2.06376 2.11409 2.13535 
0.0566702 0.630513 0.994381 1.17679 1.50462 1.61643 1.64746 1.84977 2.03498 2.06376 
0.0566702 0.630513 0.994381 1.17679 1.50462 1.61643 1.64746 1.84977 2.03498 2.06376 
0.0566702 0.630513 0.994381 1.17679 1.50462 1.61643 1.64746 1.84977 2.03498 2.06376 
0.0566702 0.630513 0.703842 0.994381 1.13895 1.17679 1.50462 1.61643 1.64746 1.84977 
0.0566702 0.630513 0.703842 0.774218 0.994381 1.13895 1.17679 1.50462 1.61643 1.64746 
0.0566702 0.630513 0.703842 0.774218 0.994381 1.0747 1.13895 1.17679 1.50462 1.61643 
0.0566702 0.343866 0.630513 0.703842 0.774218 0.994381 1.0747 1.13895 1.17679 1.50462 
0.0566702 0.0666736 0.343866 0.630513 0.703842 0.774218 0.994381 1.0747 1.13895 1.15152 
0.0566702 0.0666736 0.343866 0.630513 0.703842 0.774218 0.994381 1.0747 1.13895 1.15152 
0.0566702 0.0666736 0.343866 0.496824 0.630513 0.703842 0.774218 0.994381 1.0747 1.09081 
0.0566702 0.0666736 0.329183 0.343866 0.496824 0.630513 0.703842 0.774218 0.994381 1.0747 
0.0566702 0.0666736 0.329183 0.343866 0.496824 0.630513 0.703842 0.774218 0.878467 0.994381 
0.0566702 0.0666736 0.329183 0.343866 0.496824 0.630513 0.703842 0.774218 0.878467 0.994381 
0.0566702 0.0666736 0.329183 0.343866 0.496824 0.630513 0.703842 0.774218 0.878467 0.994381 
0.0566702 0.0666736 0.329183 0.343866 0.496824 0.522608 0.630513 0.703842 0.758774 0.774218 
0.0566702 0.0666736 0.329183 0.343866 0.496824 0.522608 0.630513 0.703842 0.758774 0.774218 
0.0566702 0.0666736 0.329183 0.343866 0.46323 0.496824 0.522608 0.630513 0.703842 0.758774 
0.0566702 0.0666736 0.329183 0.343866 0.46323 0.496824 0.522608 0.630513 0.703842 0.758774 
0.0566702 0.0666736 0.329183 0.343866 0.366197 0.46323 0.496824 0.522608 0.630513 0.703842 
0.0566702 0.0666736 0.292746 0.329183 0.343866 0.366197 0.46323 0.496824 0.522608 0.630513 
0.0566702 0.0666736 0.292746 0.329183 0.343866 0.366197 0.46323 0.496824 0.522608 0.630513 
0.0566702 0.0666736 0.270564 0.292746 0.329183 0.343866 0.366197 0.46323 0.496824 0.522608 
0.0566702 0.0666736 0.111813 0.270564 0.292746 0.329183 0.343866 0.366197 0.39737 0.46323 
0.0566702 0.0666736 0.111813 0.270564 0.280124 0.292746 0.329183 0.343866 0.366197 0.39737 
0.0566702 0.0666736 0.111813 0.270564 0.280124 0.292746 0.329183 0.343866 0.366197 0.39737 
0.0566702 0.0666736 0.111813 0.270564 0.280124 0.292746 0.329183 0.343866 0.366197 0.39737 
0.0566702 0.0666736 0.111813 0.270564 0.280124 0.292746 0.325448 0.329183 0.343866 0.366197 
0.0566702 0.0666736 0.111813 0.13258 0.255393 0.270564 0.280124 0.281523 0.292746 0.325448 
0.0566702 0.0666736 0.111813 0.13258 0.255393 0.270564 0.280124 0.281523 0.292746 0.325448 
0.0566702 0.0666736 0.111813 0.13258 0.255393 0.270564 0.280124 0.281523 0.292746 0.301118 
0.0566702 0.0666736 0.111813 0.12535 0.13258 0.255393 0.270564 0.280124 0.281523 0.292746 
0.0566702 0.0666736 0.111813 0.12535 0.13258 0.255393 0.270564 0.280124 0.281523 0.292746 
0.0566702 0.0666736 0.111813 0.12535 0.13258 0.255393 0.270564 0.280124 0.281523 0.292746 
0.0566702 0.0666736 0.111813 0.12535 0.13258 0.188275 0.255393 0.270564 0.280124 0.281523 
0.0566702 0.0666736 0.111813 0.12535 0.13258 0.188275 0.255393 0.270564 0.280124 0.281523 
0.0566702 0.0666736 0.111813 0.12535 0.13258 0.188275 0.205439 0.255393 0.270564 0.280124 
0.0566702 0.0666736 0.111813 0.12535 0.13258 0.136228 0.188275 0.205439 0.255393 0.270564 
0.0566702 0.0666736 0.111813 0.12535 0.13258 0.136228 0.188275 0.205439 0.255393 0.270564 
0.0566702 0.0666736 0.111813 0.12535 0.13258 0.136228 0.188275 0.205439 0.255393 0.270564 
0.0566702 0.0666736 0.0773383 0.111813 0.12535 0.13258 0.136228 0.188275 0.205439 0.232575 
0.0566702 0.0666736 0.0773383 0.111813 0.12535 0.13258 0.136228 0.188275 0.205439 0.232575 
0.0566702 0.0666736 0.0773383 0.111813 0.12535 0.13258 0.136228 0.188275 0.205439 0.232575 
0.0566702 0.0666736 0.0773383 0.111813 0.12535 0.13258 0.136228 0.166801 0.188275 0.205439 
0.0566702 0.0666736 0.0773383 0.111813 0.12535 0.13258 0.136228 0.166801 0.188275 0.205439 
0.0566702 0.0666736 0.0773383 0.111813 0.12535 0.13258 0.136228 0.166801 0.188275 0.205439 
0.0566702 0.0666736 0.0773383 0.111813 0.12535 0.13258 0.136228 0.166801 0.188275 0.205439 
0.0566702 0.0666736 0.0773383 0.111813 0.12535 0.13258 0.136228 0.166801 0.188275 0.205439 
0.0566702 0.0666736 0.0773383 0.111813 0.12535 0.13258 0.136228 0.166801 0.188275 0.205439 
0.0566702 0.0666736 0.0773383 0.111813 0.12535 0.13258 0.136228 0.166801 0.188275 0.205439 
0.0566702 0.0666736 0.0773383 0.111813 0.12535 0.13258 0.136228 0.166801 0.188275 0.205439 
0.0566702 0.0666736 0.0773383 0.111813 0.12535 0.13258 0.136228 0.166801 0.188275 0.205439 
0.0566702 0.0666736 0.0773383 0.111813 0.12535 0.13258 0.136228 0.166801 0.188275 0.205439 
0.0566702 0.0666736 0.0773383 0.111813 0.12535 0.13258 0.136228 0.166801 0.188275 0.205439 
0.0566702 0.0666736 0.0773383 0.111813 0.12535 0.13258 0.136228 0.166801 0.188275 0.205439 
0.0566702 0.0666736 0.0773383 0.111813 0.12535 0.13258 0.136228 0.166801 0.188275 0.205439 
0.0566702 0.0666736 0.0773383 0.111813 0.12535 0.13258 0.136228 0.166801 0.188275 0.205439 
0.0566702 0.0666736 0.0773383 0.111813 0.12535 0.13258 0.136228 0.166801 0.188275 0.205439 
0.0566702 0.0666736 0.0773383 0.111813 0.12535 0.13258 0.136228 0.166801 0.188275 0.205439 
0.0566702 0.0666736 0.0773383 0.111813 0.12535 0.13258 0.136228 0.166801 0.188275 0.205439 
0.0566702 0.0666736 0.0773383 0.111813 0.12535 0.13258 0.136228 0.166801 0.188275 0.205439 
0.0566702 0.0666736 0.0773383 0.111813 0.12535 0.13258 0.136228 0.166801 0.188275 0.205439 
0.0566702 0.0666736 0.0773383 0.111813 0.12535 0.13258 0.136228 0.166801 0.188275 0.205439 
0.0566702 0.0666736 0.0773383 0.111813 0.12535 0.13258 0.136228 0.166801 0.188275 0.205439 
0.0566702 0.0666736 0.0773383 0.111813 0.12535 0.13258 0.136228 0.166801 0.188275 0.205439 
0.0566702 0.0666736 0.0773383 0.111813 0.12535 0.13258 0.136228 0.166801 0.188275 0.205439 
0.0566702 0.0666736 0.0773383 0.111813 0.12535 0.13258 0.136228 0.166801 0.188275 0.205439 
0.0566702 0.0666736 0.0773383 0.111813 0.12535 0.13258 0.136228 0.166801 0.188275 0.205439 
0.0566702 0.0666736 0.0773383 0.111813 0.12535 0.13258 0.136228 0.166801 0.188275 0.205439 
0.0566702 0.0666736 0.0773383 0.111813 0.12535 0.13258 0.136228 0.166801 0.188275 0.205439 
0.0566702 0.0666736 0.0773383 0.111813 0.12535 0.13258 0.136228 0.166801 0.188275 0.205439 
0.0566702 0.0666736 0.0773383 0.111813 0.12535 0.13258 0.136228 0.166801 0.188275 0.205439 
0.0566702 0.0666736 0.0773383 0.111813 0.12535 0.13258 0.136228 0.166801 0.188275 0.205439 
0.0566702 0.0666736 0.0773383 0.111813 0.12535 0.13258 0.136228 0.166801 0.188275 0.205439 
0.0566702 0.0666736 0.0773383 0.111813 0.12535 0.13258 0.136228 0.166801 0.188275 0.205439 
0.0566702 0.0666736 0.0773383 0.111813 0.12535 0.13258 0.136228 0.166801 0.188275 0.205439 
0.0566702 0.0666736 0.0773383 0.111813 0.12535 0.13258 0.136228 0.166801 0.188275 0.205439 
0.0566702 0.0666736 0.0773383 0.111813 0.12535 0.13258 0.136228 0.166801 0.188275 0.205439 
0.0566702 0.0666736 0.0773383 0.111813 0.12535 0.13258 0.136228 0.166801 0.188275 0.205439 
0.0566702 0.0666736 0.0773383 0.111813 0.12535 0.13258 0.136228 0.166801 0.188275 0.205439 
0.0566702 0.0666736 0.0773383 0.111813 0.12535 0.13258 0.136228 0.166801 0.188275 0.205439 
0.0566702 0.0666736 0.0773383 0.111813 0.12535 0.13258 0.136228 0.166801 0.188275 0.205439 
0.0566702 0.0666736 0.0773383 0.111813 0.12535 0.13258 0.136228 0.166801 0.188275 0.205439 
0.0566702 0.0666736 0.0773383 0.111813 0.12535 0.13258 0.136228 0.166801 0.188275 0.205439 
0.0566702 0.0666736 0.0773383 0.111813 0.12535 0.13258 0.136228 0.166801 0.188275 0.205439 
0.0566702 0.0666736 0.0773383 0.111813 0.12535 0.13258 0.136228 0.166801 0.188275 0.205439 
0.0566702 0.0666736 0.0773383 0.111813 0.12535 0.13258 0.136228 0.166801 0.188275 0.205439 
0.0566702 0.0666736 0.0773383 0.111813 0.12535 0.13258 0.136228 0.166801 0.188275 0.205439 
