4.31622 4.5742 4.86738 4.99472 5.2003 5.59629 5.73591 6.20525 6.87346 6.88466 
3.24628 4.22885 4.31622 4.5742 4.86738 4.99472 5.2003 5.59629 5.73591 6.20525 
3.24628 4.01997 4.22885 4.31622 4.36848 4.5742 4.59206 4.86738 4.99472 5.2003 
3.08606 3.24628 4.01997 4.22885 4.31119 4.31622 4.36848 4.5742 4.59206 4.74703 
3.08606 3.24628 3.60833 4.01997 4.22885 4.31119 4.31622 4.36848 4.5742 4.59206 
3.08606 3.24628 3.60833 3.6574 3.7493 3.76857 4.01997 4.22885 4.31119 4.31622 
3.08606 3.24628 3.60833 3.61743 3.6574 3.7493 3.76857 4.01997 4.22885 4.31119 
2.78424 3.08606 3.24628 3.44765 3.60833 3.61743 3.6574 3.7493 3.76857 3.89515 
2.78424 3.08606 3.24628 3.44765 3.60833 3.61743 3.6574 3.7493 3.76857 3.89515 
2.78424 3.08606 3.24628 3.44765 3.52797 3.60833 3.61743 3.6574 3.7493 3.76857 
1.24862 2.78424 3.06425 3.08606 3.15425 3.24628 3.36368 3.44765 3.52797 3.60833 
1.24862 2.64179 2.78424 3.06425 3.08606 3.15425 3.24628 3.36368 3.43319 3.44765 
1.24862 2.64179 2.78424 3.06425 3.08606 3.15425 3.24628 3.36368 3.43319 3.44765 
0.894323 1.1534 1.24862 2.64179 2.78424 3.06425 3.08606 3.15425 3.24628 3.36368 
0.894323 1.1534 1.24862 2.64179 2.78424 2.82068 3.06425 3.08606 3.15425 3.24628 
0.894323 1.1534 1.24862 2.64179 2.78424 2.82068 2.86088 3.06425 3.08571 3.08606 
0.809952 0.844516 0.894323 1.1534 1.24862 2.64179 2.78424 2.82068 2.86088 3.06425 
0.809952 0.844516 0.894323 1.1534 1.24862 1.94665 2.64179 2.78424 2.82068 2.86088 
0.809952 0.844516 0.894323 0.953264 1.1534 1.24862 1.94665 2.64179 2.78424 2.82068 
0.809952 0.844516 0.894323 0.953264 1.1534 1.24862 1.94665 2.64179 2.78424 2.82068 
0.154092 0.529175 0.809952 0.844516 0.894323 0.953264 1.1534 1.24862 1.89267 1.94665 
0.154092 0.529175 0.809952 0.844516 0.894323 0.953264 1.1534 1.24862 1.89267 1.94665 
0.154092 0.529175 0.759433 0.809952 0.844516 0.894323 0.953264 1.1534 1.24862 1.89267 
0.154092 0.529175 0.759433 0.809952 0.844516 0.894323 0.953264 1.1534 1.24862 1.89267 
0.154092 0.529175 0.759433 0.809952 0.844516 0.894323 0.953264 1.1534 1.24862 1.89267 
0.154092 0.529175 0.584117 0.759433 0.809952 0.844516 0.894323 0.953264 1.1534 1.24862 
0.154092 0.529175 0.584117 0.759433 0.809952 0.844516 0.894323 0.953264 1.1534 1.24862 
0.154092 0.529175 0.584117 0.759433 0.808598 0.809952 0.844516 0.894323 0.953264 1.1534 
0.154092 0.529175 0.584117 0.759433 0.808598 0.809952 0.844516 0.894323 0.953264 1.1534 
0.154092 0.282637 0.529175 0.584117 0.759433 0.808598 0.809952 0.844516 0.876905 0.894323 
0.154092 0.282637 0.529175 0.584117 0.759433 0.808598 0.809952 0.844516 0.876905 0.894323 
0.154092 0.282637 0.529175 0.584117 0.759433 0.808598 0.809952 0.844516 0.876905 0.894323 
0.154092 0.282637 0.529175 0.584117 0.759433 0.808598 0.809952 0.844516 0.876905 0.894323 
0.154092 0.282637 0.529175 0.584117 0.759433 0.808598 0.809952 0.844516 0.876905 0.894323 
0.154092 0.282637 0.529175 0.584117 0.759433 0.808598 0.809952 0.844516 0.876905 0.894323 
0.154092 0.282637 0.529175 0.584117 0.759433 0.808598 0.809952 0.844516 0.876905 0.894323 
0.154092 0.255493 0.282637 0.529175 0.584117 0.759433 0.808598 0.809952 0.844516 0.876905 
0.154092 0.255493 0.282637 0.529175 0.584117 0.759433 0.808598 0.809952 0.844516 0.846975 
0.154092 0.255493 0.282637 0.529175 0.584117 0.759433 0.808598 0.809952 0.844516 0.846975 
0.154092 0.255493 0.282637 0.529175 0.584117 0.604993 0.759433 0.808598 0.809952 0.844516 
0.154092 0.255493 0.282637 0.529175 0.584117 0.604993 0.759433 0.808598 0.809952 0.844516 
0.154092 0.255493 0.282637 0.529175 0.584117 0.604993 0.759433 0.808598 0.809952 0.844516 
0.154092 0.255493 0.282637 0.529175 0.584117 0.604993 0.759433 0.808598 0.809952 0.844516 
0.154092 0.255493 0.282637 0.529175 0.584117 0.604993 0.759433 0.808598 0.809952 0.844516 
0.154092 0.255493 0.282637 0.529175 0.584117 0.604993 0.759433 0.808598 0.809952 0.844516 
0.154092 0.255493 0.282637 0.401736 0.529175 0.584117 0.604993 0.759433 0.808598 0.809952 
0.154092 0.255493 0.282637 0.401736 0.529175 0.584117 0.604993 0.759433 0.808598 0.809952 
0.154092 0.255493 0.282637 0.401736 0.431288 0.529175 0.584117 0.604993 0.759433 0.808598 
0.154092 0.255493 0.282637 0.401736 0.431288 0.529175 0.584117 0.604993 0.759433 0.808598 
0.154092 0.255493 0.282637 0.401736 0.431288 0.529175 0.584117 0.604993 0.759433 0.808598 
0.154092 0.255493 0.282637 0.401736 0.431288 0.435453 0.529175 0.584117 0.604993 0.759433 
0.154092 0.255493 0.282637 0.401736 0.431288 0.435453 0.529175 0.584117 0.604993 0.759433 
0.154092 0.255493 0.282637 0.401736 0.431288 0.435453 0.529175 0.584117 0.604993 0.759433 
0.154092 0.255493 0.282637 0.401736 0.431288 0.435453 0.529175 0.584117 0.604993 0.759433 
0.154092 0.255493 0.282637 0.401736 0.431288 0.435453 0.529175 0.584117 0.604993 0.759433 
0.154092 0.255493 0.282637 0.401736 0.431288 0.435453 0.529175 0.584117 0.604993 0.759433 
0.154092 0.255493 0.282637 0.401736 0.431288 0.435453 0.529175 0.584117 0.604993 0.759433 
0.154092 0.255493 0.282637 0.401736 0.431288 0.435453 0.529175 0.584117 0.604993 0.759433 
0.154092 0.255493 0.282637 0.401736 0.431288 0.435453 0.529175 0.584117 0.604993 0.759433 
0.0880237 0.154092 0.255493 0.282637 0.401736 0.431288 0.435453 0.529175 0.584117 0.604993 
0.0880237 0.154092 0.255493 0.282637 0.401736 0.431288 0.435453 0.529175 0.584117 0.604993 
0.0880237 0.154092 0.255493 0.282637 0.401736 0.431288 0.435453 0.529175 0.584117 0.604993 
0.0880237 0.154092 0.255493 0.282637 0.401736 0.431288 0.435453 0.529175 0.584117 0.604993 
0.0880237 0.154092 0.255493 0.282637 0.401736 0.431288 0.435453 0.529175 0.584117 0.604993 
0.0880237 0.154092 0.255493 0.282637 0.401736 0.431288 0.435453 0.529175 0.584117 0.604993 
0.0880237 0.154092 0.255493 0.282637 0.401736 0.431288 0.435453 0.529175 0.584117 0.604993 
0.0880237 0.154092 0.255493 0.282637 0.401736 0.431288 0.435453 0.529175 0.584117 0.604993 
0.0880237 0.154092 0.255493 0.282637 0.401736 0.431288 0.435453 0.529175 0.584117 0.604993 
0.0880237 0.154092 0.255493 0.282637 0.401736 0.431288 0.435453 0.529175 0.584117 0.604993 
0.0880237 0.154092 0.255493 0.282637 0.401736 0.431288 0.435453 0.529175 0.584117 0.604993 
0.0880237 0.154092 0.255493 0.282637 0.401736 0.431288 0.435453 0.529175 0.584117 0.604993 
0.0880237 0.154092 0.255493 0.282637 0.401736 0.431288 0.435453 0.529175 0.584117 0.604993 
0.0880237 0.154092 0.255493 0.282637 0.401736 0.431288 0.435453 0.529175 0.584117 0.604993 
0.0880237 0.154092 0.255493 0.282637 0.401736 0.431288 0.435453 0.529175 0.584117 0.604993 
0.0880237 0.154092 0.255493 0.282637 0.401736 0.431288 0.435453 0.529175 0.584117 0.604993 
0.0880237 0.154092 0.255493 0.282637 0.401736 0.431288 0.435453 0.529175 0.584117 0.604993 
0.0880237 0.154092 0.255493 0.282637 0.401736 0.431288 0.435453 0.529175 0.584117 0.604993 
0.0880237 0.154092 0.255493 0.282637 0.401736 0.431288 0.435453 0.529175 0.584117 0.604993 
0.0880237 0.154092 0.255493 0.282637 0.401736 0.431288 0.435453 0.529175 0.584117 0.604993 
0.0880237 0.154092 0.255493 0.282637 0.401736 0.431288 0.435453 0.529175 0.584117 0.604993 
0.0880237 0.154092 0.255493 0.282637 0.401736 0.431288 0.435453 0.529175 0.584117 0.604993 
0.0880237 0.154092 0.255493 0.282637 0.401736 0.431288 0.435453 0.529175 0.584117 0.604993 
0.0880237 0.154092 0.255493 0.282637 0.401736 0.431288 0.435453 0.529175 0.584117 0.604993 
0.0880237 0.154092 0.255493 0.282637 0.401736 0.431288 0.435453 0.529175 0.584117 0.604993 
0.0880237 0.154092 0.255493 0.282637 0.401736 0.431288 0.435453 0.529175 0.584117 0.604993 
0.0880237 0.154092 0.255493 0.282637 0.401736 0.431288 0.435453 0.529175 0.584117 0.604993 
0.0880237 0.154092 0.255493 0.282637 0.401736 0.431288 0.435453 0.529175 0.584117 0.604993 
0.0880237 0.154092 0.255493 0.282637 0.401736 0.431288 0.435453 0.529175 0.584117 0.604993 
0.0880237 0.154092 0.255493 0.282637 0.401736 0.431288 0.435453 0.529175 0.584117 0.604993 
0.0880237 0.154092 0.255493 0.282637 0.401736 0.431288 0.435453 0.529175 0.584117 0.604993 
0.0880237 0.154092 0.255493 0.282637 0.401736 0.431288 0.435453 0.529175 0.584117 0.604993 
0.0880237 0.154092 0.255493 0.282637 0.401736 0.431288 0.435453 0.529175 0.584117 0.604993 
0.0880237 0.154092 0.255493 0.282637 0.401736 0.431288 0.435453 0.529175 0.584117 0.604993 
0.0880237 0.154092 0.255493 0.282637 0.401736 0.431288 0.435453 0.529175 0.584117 0.604993 
0.0880237 0.154092 0.255493 0.282637 0.401736 0.431288 0.435453 0.529175 0.584117 0.604993 
0.0880237 0.154092 0.255493 0.282637 0.401736 0.431288 0.435453 0.529175 0.584117 0.604993 
0.0880237 0.154092 0.255493 0.282637 0.401736 0.431288 0.435453 0.529175 0.584117 0.604993 
0.0880237 0.154092 0.255493 0.282637 0.401736 0.431288 0.435453 0.529175 0.584117 0.604993 
0.0880237 0.154092 0.255493 0.282637 0.401736 0.431288 0.435453 0.529175 0.584117 0.604993 
0.0880237 0.154092 0.255493 0.282637 0.401736 0.431288 0.435453 0.529175 0.584117 0.604993 
