3.64665 4.16107 4.51933 4.66918 5.50516 6.05199 6.3872 6.63703 6.82355 6.88926 
3.64665 4.03679 4.16107 4.21514 4.51933 4.66918 4.99519 5.50516 6.05199 6.3872 
3.64665 4.03679 4.16107 4.21514 4.2476 4.51933 4.66918 4.99519 5.07324 5.50516 
3.64665 4.03679 4.16107 4.21514 4.2476 4.51933 4.66918 4.99519 5.07324 5.19574 
3.64665 4.03679 4.16107 4.21514 4.2476 4.51933 4.66918 4.99519 5.07324 5.19574 
3.64665 4.03679 4.16107 4.21514 4.2476 4.51933 4.66918 4.99519 5.07324 5.19574 
3.64665 4.03679 4.16107 4.21514 4.2476 4.49078 4.51933 4.66918 4.99519 5.07324 
3.64665 4.03679 4.16107 4.21514 4.2476 4.49078 4.51933 4.66918 4.99519 5.07324 
3.64665 4.03679 4.16107 4.21514 4.2476 4.49078 4.51933 4.66918 4.99519 5.07324 
3.24735 3.64665 4.03679 4.16107 4.21514 4.2476 4.49078 4.51933 4.66918 4.99519 
3.24735 3.64665 4.03679 4.16107 4.21514 4.2476 4.49078 4.51933 4.66918 4.99519 
3.24735 3.54093 3.64665 3.77919 4.03679 4.16107 4.21514 4.2476 4.43013 4.49078 
1.10211 1.36218 3.24735 3.54093 3.64665 3.77919 4.03679 4.16107 4.21514 4.2476 
1.10211 1.36218 3.06607 3.24735 3.54093 3.64665 3.77919 4.03679 4.16107 4.21514 
1.10211 1.36218 3.06607 3.24735 3.54093 3.64665 3.77919 4.03679 4.16107 4.21514 
1.10211 1.36218 1.98486 3.06607 3.24735 3.54093 3.64665 3.77919 4.03679 4.16107 
1.10211 1.36218 1.98486 3.06607 3.24735 3.54093 3.64665 3.77919 4.03679 4.16107 
1.10211 1.36218 1.98486 3.06607 3.24735 3.41638 3.54093 3.64665 3.77919 4.03679 
1.10211 1.36218 1.98486 2.78347 3.06607 3.24735 3.37928 3.41638 3.54093 3.64665 
1.10211 1.36218 1.98486 2.78347 3.06607 3.24735 3.34879 3.37928 3.41638 3.54093 
1.10211 1.36218 1.98486 2.78347 3.06607 3.24735 3.34879 3.37928 3.41638 3.54093 
1.10211 1.36218 1.98486 2.78347 2.97819 3.06607 3.24735 3.34879 3.37928 3.41638 
1.10211 1.36218 1.98486 2.78347 2.80589 2.97819 3.05887 3.06607 3.24735 3.34879 
1.10211 1.36218 1.98486 2.40282 2.58432 2.78347 2.80589 2.97819 3.05887 3.06607 
1.10211 1.36218 1.98486 2.40282 2.41444 2.58432 2.78347 2.80589 2.89621 2.97819 
1.10211 1.36218 1.98486 2.40282 2.41444 2.58432 2.78347 2.80589 2.89621 2.97819 
0.636935 1.10211 1.36218 1.98486 2.40282 2.41444 2.58432 2.78347 2.80589 2.89621 
0.636935 1.10211 1.36218 1.98486 2.13811 2.40282 2.41444 2.58432 2.78347 2.80589 
0.636935 1.10211 1.36218 1.98486 2.13811 2.40282 2.41444 2.58432 2.78347 2.80589 
0.636935 1.10211 1.36218 1.98486 2.13811 2.40282 2.41444 2.58432 2.78347 2.80589 
0.636935 1.10211 1.36218 1.98486 2.13811 2.40282 2.41444 2.58432 2.68951 2.78347 
0.636935 1.10211 1.36218 1.98486 2.13811 2.40282 2.41444 2.50139 2.58432 2.68951 
0.636935 1.10211 1.36218 1.98486 2.13811 2.40282 2.41444 2.50139 2.58432 2.68951 
0.636935 1.10211 1.36218 1.98486 2.13811 2.40282 2.41444 2.50139 2.58432 2.68951 
0.636935 1.06213 1.10211 1.36218 1.82459 1.98486 2.13811 2.40282 2.41444 2.50139 
0.636935 1.06213 1.10211 1.36218 1.41809 1.82459 1.98486 2.13811 2.40282 2.41444 
0.636935 1.06213 1.10211 1.36218 1.41809 1.82459 1.98486 2.13811 2.40282 2.41444 
0.361437 0.636935 1.06213 1.10211 1.36218 1.41809 1.82459 1.98486 2.13811 2.40282 
0.361437 0.591069 0.636935 1.06213 1.10211 1.36218 1.41809 1.82459 1.98486 2.13811 
0.361437 0.591069 0.636935 1.06213 1.10211 1.36218 1.41809 1.82459 1.98486 2.13811 
0.361437 0.591069 0.636935 1.06213 1.10211 1.36218 1.41809 1.82459 1.98486 2.13811 
0.361437 0.591069 0.636935 0.947355 1.06213 1.10211 1.36218 1.41809 1.75988 1.82459 
0.361437 0.591069 0.636935 0.947355 1.06213 1.10211 1.36218 1.39717 1.41809 1.75988 
0.361437 0.591069 0.636935 0.947355 1.06213 1.10211 1.36218 1.39717 1.41809 1.75988 
0.361437 0.591069 0.636935 0.947355 1.06213 1.10211 1.36218 1.39717 1.41809 1.66033 
0.361437 0.591069 0.636935 0.947355 1.06213 1.10211 1.36218 1.39717 1.41809 1.66033 
0.361437 0.591069 0.636935 0.947355 1.06213 1.10211 1.36218 1.39717 1.41809 1.66033 
0.361437 0.591069 0.605637 0.636935 0.947355 1.06213 1.10211 1.36218 1.39717 1.41809 
0.289896 0.361437 0.591069 0.605637 0.636935 0.947355 1.06213 1.10211 1.36218 1.39717 
0.289896 0.361437 0.591069 0.605637 0.636935 0.947355 1.06213 1.10211 1.36218 1.39717 
0.289896 0.361437 0.591069 0.605637 0.636935 0.947355 1.06213 1.10211 1.36218 1.39717 
0.289896 0.361437 0.591069 0.605637 0.636935 0.947355 1.06213 1.10211 1.28411 1.36218 
0.289896 0.361437 0.591069 0.605637 0.636935 0.947355 1.06213 1.10211 1.28411 1.36218 
0.289896 0.361437 0.591069 0.605637 0.636935 0.947355 1.06213 1.10211 1.28411 1.36218 
0.289896 0.361437 0.591069 0.605637 0.636935 0.741206 0.947355 1.06213 1.09852 1.10211 
0.289896 0.361437 0.591069 0.605637 0.636935 0.661807 0.741206 0.947355 1.06213 1.09852 
0.289896 0.361437 0.591069 0.605637 0.636935 0.661807 0.741206 0.947355 1.06213 1.09852 
0.289896 0.361437 0.591069 0.605637 0.627725 0.636935 0.661807 0.741206 0.947355 1.06213 
0.289896 0.361437 0.591069 0.605637 0.627725 0.636935 0.661807 0.665694 0.741206 0.947355 
0.289896 0.361437 0.591069 0.605637 0.627725 0.636935 0.661807 0.665694 0.741206 0.947355 
0.289896 0.361437 0.591069 0.605637 0.627725 0.636935 0.661807 0.665694 0.741206 0.947355 
0.289896 0.361437 0.591069 0.605637 0.627725 0.636935 0.661807 0.665694 0.741206 0.947355 
0.289896 0.361437 0.591069 0.605637 0.627725 0.636935 0.661807 0.665694 0.695066 0.741206 
0.289896 0.361437 0.395259 0.591069 0.605637 0.627725 0.636935 0.661807 0.665694 0.695066 
0.289896 0.361437 0.395259 0.591069 0.605637 0.627725 0.636935 0.661807 0.665694 0.695066 
0.289896 0.361437 0.395259 0.537972 0.591069 0.605637 0.627725 0.636935 0.661807 0.665694 
0.289896 0.361437 0.395259 0.423096 0.537972 0.591069 0.605637 0.627725 0.636935 0.661807 
0.289896 0.361437 0.395259 0.423096 0.537972 0.591069 0.605637 0.627725 0.636935 0.661807 
0.289896 0.361437 0.395259 0.423096 0.537972 0.591069 0.605637 0.627725 0.636935 0.661807 
0.289896 0.352309 0.361437 0.395259 0.423096 0.537972 0.591069 0.605637 0.627725 0.636935 
0.289896 0.352309 0.361437 0.395259 0.423096 0.537972 0.591069 0.605637 0.627725 0.636935 
0.289896 0.352309 0.361437 0.395259 0.423096 0.537972 0.591069 0.605637 0.627725 0.636935 
0.289896 0.352309 0.361437 0.395259 0.423096 0.537972 0.591069 0.605637 0.627725 0.636935 
0.289896 0.352309 0.361437 0.395259 0.423096 0.537972 0.591069 0.605637 0.627725 0.636935 
0.289896 0.352309 0.361437 0.395259 0.423096 0.537972 0.591069 0.605637 0.627725 0.636935 
0.289896 0.352309 0.361437 0.395259 0.423096 0.537972 0.591069 0.605637 0.627725 0.636935 
0.289896 0.352309 0.361437 0.395259 0.423096 0.537972 0.591069 0.605637 0.627725 0.636935 
0.289896 0.352309 0.361437 0.395259 0.423096 0.537972 0.591069 0.605637 0.627725 0.636935 
0.289896 0.352309 0.361437 0.395259 0.423096 0.537972 0.591069 0.605637 0.627725 0.636935 
0.289896 0.352309 0.361437 0.395259 0.423096 0.537972 0.591069 0.605637 0.627725 0.636935 
0.289896 0.352309 0.361437 0.395259 0.423096 0.537972 0.591069 0.605637 0.627725 0.636935 
0.289896 0.352309 0.361437 0.395259 0.423096 0.537972 0.591069 0.605637 0.627725 0.636935 
0.289896 0.352309 0.361437 0.395259 0.423096 0.537972 0.591069 0.605637 0.627725 0.636935 
0.289896 0.352309 0.361437 0.395259 0.423096 0.537972 0.591069 0.605637 0.627725 0.636935 
0.289896 0.352309 0.361437 0.395259 0.423096 0.537972 0.591069 0.605637 0.627725 0.636935 
0.289896 0.352309 0.361437 0.395259 0.423096 0.537972 0.591069 0.605637 0.627725 0.636935 
0.289896 0.352309 0.361437 0.395259 0.423096 0.537972 0.591069 0.605637 0.627725 0.636935 
0.289896 0.352309 0.361437 0.395259 0.423096 0.537972 0.591069 0.605637 0.627725 0.636935 
0.289896 0.352309 0.361437 0.395259 0.423096 0.537972 0.591069 0.605637 0.627725 0.636935 
0.289896 0.352309 0.361437 0.395259 0.423096 0.537972 0.591069 0.605637 0.627725 0.636935 
0.289896 0.352309 0.361437 0.395259 0.423096 0.537972 0.591069 0.605637 0.627725 0.636935 
0.289896 0.352309 0.361437 0.395259 0.423096 0.537972 0.591069 0.605637 0.627725 0.636935 
0.289896 0.352309 0.361437 0.395259 0.423096 0.537972 0.591069 0.605637 0.627725 0.636935 
0.289896 0.352309 0.361437 0.395259 0.423096 0.537972 0.591069 0.605637 0.627725 0.636935 
0.289896 0.352309 0.361437 0.395259 0.423096 0.537972 0.591069 0.605637 0.627725 0.636935 
0.289896 0.352309 0.361437 0.395259 0.423096 0.537972 0.591069 0.605637 0.627725 0.636935 
0.289896 0.352309 0.361437 0.395259 0.423096 0.537972 0.591069 0.605637 0.627725 0.636935 
0.289896 0.352309 0.361437 0.395259 0.423096 0.537972 0.591069 0.605637 0.627725 0.636935 
0.289896 0.352309 0.361437 0.395259 0.423096 0.537972 0.591069 0.605637 0.627725 0.636935 
0.289896 0.352309 0.361437 0.395259 0.423096 0.537972 0.591069 0.605637 0.627725 0.636935 
