1.83746 2.78538 3.09859 3.15608 3.16157 3.79325 3.84987 4.00493 4.42951 4.58151 
1.83746 2.78538 3.09859 3.1321 3.15608 3.16157 3.23883 3.42605 3.59789 3.79325 
1.82357 1.83746 2.78538 3.09859 3.1321 3.15608 3.16157 3.23883 3.42605 3.54302 
1.82357 1.83746 2.78538 3.09859 3.1321 3.15608 3.16157 3.23883 3.32436 3.42605 
0.539891 1.82357 1.83746 2.18924 2.78538 3.09859 3.1321 3.14713 3.15608 3.16157 
0.539891 1.04759 1.82357 1.83746 2.17806 2.18924 2.78538 3.09679 3.09859 3.1321 
0.539891 1.04759 1.82357 1.83746 2.17806 2.18924 2.28135 2.78538 3.09679 3.09859 
0.539891 1.04759 1.06044 1.35339 1.82357 1.83746 2.17806 2.18924 2.28135 2.78538 
0.539891 1.04759 1.06044 1.35339 1.82357 1.83746 1.95315 2.17806 2.18924 2.28135 
0.282941 0.539891 1.02443 1.04759 1.06044 1.35339 1.82357 1.83746 1.95315 2.17806 
0.282941 0.539891 1.02443 1.04759 1.06044 1.35339 1.82357 1.83746 1.95315 2.17806 
0.282941 0.539891 1.02443 1.04759 1.06044 1.28959 1.35339 1.82357 1.83746 1.95315 
0.282941 0.539891 1.02443 1.04759 1.06044 1.28959 1.35339 1.82357 1.83746 1.95315 
0.282941 0.463649 0.539891 0.702527 1.02443 1.04759 1.06044 1.28959 1.35339 1.74399 
0.282941 0.463649 0.539891 0.702527 1.02443 1.04759 1.06044 1.28959 1.35339 1.74399 
0.282941 0.463649 0.539891 0.702527 1.02443 1.04759 1.06044 1.28959 1.35339 1.74399 
0.282941 0.463649 0.539891 0.702527 1.02443 1.04759 1.06044 1.28959 1.35339 1.50446 
0.282941 0.463649 0.539891 0.702527 1.02443 1.04759 1.06044 1.28959 1.35339 1.50446 
0.250187 0.282941 0.463649 0.539891 0.702527 1.02443 1.04759 1.06044 1.25012 1.28959 
0.250187 0.282941 0.463649 0.539891 0.659391 0.702527 1.02443 1.04759 1.0512 1.06044 
0.250187 0.282941 0.463649 0.539891 0.659391 0.702527 1.02443 1.04759 1.0512 1.06044 
0.250187 0.282941 0.463649 0.539891 0.659391 0.702527 1.02443 1.04759 1.0512 1.06044 
0.250187 0.282941 0.463649 0.539891 0.659391 0.702527 1.02443 1.04759 1.0512 1.06044 
0.250187 0.282941 0.400151 0.410935 0.463649 0.539891 0.659391 0.702527 1.02443 1.04759 
0.250187 0.282941 0.400151 0.410935 0.463649 0.539891 0.659391 0.702527 1.02443 1.04759 
0.250187 0.282941 0.400151 0.410935 0.463649 0.539891 0.603905 0.659391 0.702527 1.02443 
0.250187 0.282941 0.400151 0.410935 0.463649 0.539891 0.603905 0.659391 0.702527 1.02443 
0.250187 0.282941 0.400151 0.410935 0.463649 0.539891 0.603905 0.659391 0.702527 0.938831 
0.250187 0.282941 0.400151 0.410935 0.463649 0.539891 0.603905 0.659391 0.702527 0.776298 
0.250187 0.282941 0.400151 0.410935 0.463649 0.507043 0.539891 0.603905 0.656304 0.659391 
0.250187 0.282941 0.327591 0.36042 0.400151 0.410935 0.463649 0.507043 0.539891 0.603905 
0.15662 0.250187 0.282941 0.327591 0.36042 0.400151 0.410935 0.463649 0.507043 0.539891 
0.15662 0.250187 0.282941 0.327591 0.36042 0.400151 0.410935 0.430288 0.463649 0.507043 
0.15662 0.250187 0.282941 0.327591 0.36042 0.400151 0.410935 0.430288 0.463649 0.507043 
0.15662 0.219512 0.250187 0.282941 0.327591 0.36042 0.400151 0.410935 0.430288 0.463649 
0.15662 0.219512 0.250187 0.282941 0.327591 0.36042 0.400151 0.410935 0.430288 0.463649 
0.15662 0.219512 0.250187 0.282941 0.327591 0.36042 0.400151 0.410935 0.430288 0.463649 
0.15662 0.219512 0.250187 0.282941 0.327591 0.36042 0.400151 0.410935 0.430288 0.463649 
0.14894 0.15662 0.219512 0.250187 0.282941 0.327591 0.36042 0.400151 0.410935 0.430288 
0.124791 0.14894 0.15662 0.219512 0.250187 0.282941 0.327591 0.352036 0.36042 0.400151 
0.124791 0.14894 0.15662 0.219512 0.245978 0.250187 0.282941 0.306089 0.327591 0.352036 
0.124791 0.14894 0.15662 0.219512 0.245978 0.250187 0.282941 0.306089 0.327591 0.352036 
0.124791 0.14894 0.15662 0.219512 0.245978 0.250187 0.278297 0.282941 0.306089 0.327591 
0.124791 0.14894 0.15662 0.219512 0.245978 0.250187 0.278297 0.282941 0.306089 0.327591 
0.124791 0.14894 0.15662 0.219512 0.245978 0.250187 0.278297 0.282941 0.306089 0.327591 
0.124791 0.14894 0.15662 0.181599 0.219512 0.245978 0.250187 0.278297 0.282941 0.306089 
0.124791 0.14894 0.15662 0.164247 0.181599 0.219512 0.245978 0.250187 0.278297 0.282941 
0.124791 0.14894 0.15662 0.164247 0.181599 0.219512 0.245978 0.250187 0.278297 0.281739 
0.124791 0.14894 0.15662 0.164247 0.181599 0.219512 0.245978 0.250187 0.278297 0.281739 
0.124791 0.14894 0.15662 0.164247 0.181599 0.219512 0.245978 0.250187 0.278297 0.281739 
0.117897 0.124791 0.14894 0.15662 0.164247 0.181599 0.194159 0.219512 0.245978 0.249786 
0.0989833 0.117897 0.124791 0.14894 0.15662 0.164247 0.181599 0.194159 0.219512 0.245978 
0.0758136 0.0989833 0.117897 0.124791 0.134149 0.14894 0.15662 0.164247 0.181599 0.194159 
0.0182667 0.0758136 0.0989833 0.117897 0.124791 0.134149 0.14894 0.15662 0.164247 0.169859 
0.0182667 0.0758136 0.0989833 0.117897 0.124791 0.134149 0.14894 0.149224 0.15662 0.164247 
0.0182667 0.0712257 0.0758136 0.0989833 0.117897 0.124791 0.134149 0.14894 0.149224 0.15662 
0.0182667 0.0712257 0.0758136 0.0989833 0.117897 0.124791 0.134149 0.14894 0.149224 0.15662 
0.0182667 0.0712257 0.0758136 0.0989833 0.117897 0.124791 0.134149 0.14894 0.149224 0.154184 
0.0148094 0.0182667 0.0700482 0.0712257 0.0758136 0.0989833 0.117897 0.124791 0.134149 0.14894 
0.0148094 0.0182667 0.0700482 0.0712257 0.0758136 0.0989833 0.116366 0.117897 0.124791 0.134149 
0.0148094 0.0182667 0.0546706 0.0700482 0.0712257 0.0758136 0.0989833 0.116366 0.117897 0.124791 
0.0148094 0.0182667 0.0546706 0.0700482 0.0712257 0.0758136 0.0989833 0.116366 0.117897 0.124791 
0.0148094 0.0182667 0.0546706 0.0700482 0.0712257 0.0758136 0.0989833 0.116366 0.117897 0.124791 
0.0148094 0.0182667 0.0546706 0.0700482 0.0712257 0.0758136 0.0989833 0.116366 0.117897 0.124791 
0.0148094 0.0182667 0.0546706 0.0700482 0.0712257 0.0758136 0.0989833 0.116366 0.117897 0.124791 
0.0148094 0.0182667 0.0546706 0.0700482 0.0712257 0.0758136 0.0989833 0.116366 0.117897 0.124791 
0.0148094 0.0182667 0.0546706 0.0700482 0.0712257 0.0758136 0.0989833 0.116366 0.117897 0.124791 
0.0148094 0.0182667 0.0546706 0.0700482 0.0712257 0.0758136 0.0989833 0.116366 0.117897 0.124791 
0.0148094 0.0182667 0.0546706 0.0700482 0.0712257 0.0758136 0.0989833 0.116366 0.117897 0.124791 
0.0148094 0.0182667 0.0546706 0.0700482 0.0712257 0.0758136 0.0989833 0.116366 0.117897 0.124791 
0.0148094 0.0182667 0.0546706 0.0700482 0.0712257 0.0758136 0.0989833 0.116366 0.117897 0.124791 
0.0148094 0.0182667 0.0546706 0.0700482 0.0712257 0.0758136 0.0989833 0.116366 0.117897 0.124791 
0.0148094 0.0182667 0.0546706 0.0700482 0.0712257 0.0758136 0.0989833 0.116366 0.117897 0.124791 
0.0148094 0.0182667 0.0546706 0.0700482 0.0712257 0.0758136 0.0989833 0.116366 0.117897 0.124791 
0.0148094 0.0182667 0.0546706 0.0700482 0.0712257 0.0758136 0.0989833 0.116366 0.117897 0.124791 
0.0148094 0.0182667 0.0546706 0.0700482 0.0712257 0.0758136 0.0989833 0.116366 0.117897 0.124791 
0.0148094 0.0182667 0.0546706 0.0700482 0.0712257 0.0758136 0.0989833 0.116366 0.117897 0.124791 
0.0148094 0.0182667 0.0546706 0.0700482 0.0712257 0.0758136 0.0989833 0.116366 0.117897 0.124791 
0.0148094 0.0182667 0.0546706 0.0700482 0.0712257 0.0758136 0.0989833 0.116366 0.117897 0.124791 
0.0148094 0.0182667 0.0546706 0.0700482 0.0712257 0.0758136 0.0989833 0.116366 0.117897 0.124791 
0.0148094 0.0182667 0.0546706 0.0700482 0.0712257 0.0758136 0.0989833 0.116366 0.117897 0.124791 
0.0148094 0.0182667 0.0546706 0.0700482 0.0712257 0.0758136 0.0989833 0.116366 0.117897 0.124791 
0.0148094 0.0182667 0.0546706 0.0700482 0.0712257 0.0758136 0.0989833 0.116366 0.117897 0.124791 
0.0148094 0.0182667 0.0546706 0.0700482 0.0712257 0.0758136 0.0989833 0.116366 0.117897 0.124791 
0.0148094 0.0182667 0.0546706 0.0700482 0.0712257 0.0758136 0.0989833 0.116366 0.117897 0.124791 
0.0148094 0.0182667 0.0546706 0.0700482 0.0712257 0.0758136 0.0989833 0.116366 0.117897 0.124791 
0.0148094 0.0182667 0.0546706 0.0700482 0.0712257 0.0758136 0.0989833 0.116366 0.117897 0.124791 
0.0148094 0.0182667 0.0546706 0.0700482 0.0712257 0.0758136 0.0989833 0.116366 0.117897 0.124791 
0.0148094 0.0182667 0.0546706 0.0700482 0.0712257 0.0758136 0.0989833 0.116366 0.117897 0.124791 
0.0148094 0.0182667 0.0546706 0.0700482 0.0712257 0.0758136 0.0989833 0.116366 0.117897 0.124791 
0.0148094 0.0182667 0.0546706 0.0700482 0.0712257 0.0758136 0.0989833 0.116366 0.117897 0.124791 
0.0148094 0.0182667 0.0546706 0.0700482 0.0712257 0.0758136 0.0989833 0.116366 0.117897 0.124791 
0.0148094 0.0182667 0.0546706 0.0700482 0.0712257 0.0758136 0.0989833 0.116366 0.117897 0.124791 
0.0148094 0.0182667 0.0546706 0.0700482 0.0712257 0.0758136 0.0989833 0.116366 0.117897 0.124791 
0.0148094 0.0182667 0.0546706 0.0700482 0.0712257 0.0758136 0.0989833 0.116366 0.117897 0.124791 
0.0148094 0.0182667 0.0546706 0.0700482 0.0712257 0.0758136 0.0989833 0.116366 0.117897 0.124791 
0.0148094 0.0182667 0.0546706 0.0700482 0.0712257 0.0758136 0.0989833 0.116366 0.117897 0.124791 
0.0148094 0.0182667 0.0546706 0.0700482 0.0712257 0.0758136 0.0989833 0.116366 0.117897 0.124791 
0.0148094 0.0182667 0.0546706 0.0700482 0.0712257 0.0758136 0.0989833 0.116366 0.117897 0.124791 
0.0148094 0.0182667 0.0546706 0.0700482 0.0712257 0.0758136 0.0989833 0.116366 0.117897 0.124791 
