2.97464 3.17278 3.73359 3.80205 3.84004 4.12063 4.28725 4.53213 4.53899 4.592 
1.2215 2.94799 2.97464 3.17278 3.40217 3.65277 3.73359 3.80205 3.84004 4.12063 
1.2215 2.71158 2.83336 2.94799 2.97464 3.00131 3.05392 3.17278 3.19867 3.32923 
1.2215 2.71158 2.83336 2.94799 2.97385 2.97464 3.00131 3.01127 3.05392 3.17278 
1.2215 2.16929 2.71158 2.83336 2.94799 2.97385 2.97464 3.00131 3.01127 3.05392 
1.2215 2.16929 2.71158 2.83336 2.94799 2.97385 2.97464 3.00131 3.01127 3.05392 
1.2215 2.16929 2.71158 2.83336 2.94799 2.97385 2.97464 3.00131 3.01127 3.05392 
1.2215 1.34757 2.16929 2.71158 2.83336 2.94799 2.97385 2.97464 3.00131 3.01127 
0.990274 1.2215 1.34757 2.16929 2.71158 2.83336 2.94799 2.97385 2.97464 3.00131 
0.990274 1.2215 1.34757 1.87116 2.16929 2.58099 2.71158 2.83336 2.94799 2.97385 
0.990274 1.2215 1.34757 1.87116 1.91902 2.16929 2.58099 2.71158 2.83336 2.94799 
0.990274 1.2215 1.34757 1.87116 1.91902 2.1311 2.16929 2.58099 2.6747 2.71158 
0.947523 0.990274 1.2215 1.34757 1.87116 1.91902 2.05769 2.1311 2.16929 2.58099 
0.947523 0.990274 1.01675 1.2215 1.34757 1.87116 1.91902 2.05769 2.1311 2.16929 
0.947523 0.990274 1.01675 1.2215 1.34757 1.73676 1.87116 1.91902 2.05769 2.1311 
0.947523 0.990274 1.01675 1.2215 1.34757 1.73676 1.87116 1.91902 1.98006 2.05769 
0.947523 0.990274 1.01675 1.2215 1.34757 1.73676 1.87116 1.91902 1.98006 2.05769 
0.947523 0.990274 1.01675 1.2215 1.34757 1.73676 1.87116 1.91902 1.98006 2.05769 
0.947523 0.990274 1.01675 1.2215 1.31833 1.34757 1.41559 1.73676 1.8283 1.87116 
0.630944 0.947523 0.990274 1.01675 1.2215 1.2873 1.31833 1.34757 1.41559 1.73676 
0.630944 0.947523 0.990274 1.01675 1.2215 1.2873 1.31833 1.34757 1.41559 1.73676 
0.459169 0.630944 0.947523 0.990274 1.01675 1.04904 1.2215 1.2873 1.31833 1.34757 
0.459169 0.513456 0.630944 0.947523 0.990274 1.01675 1.04904 1.2215 1.2873 1.31833 
0.459169 0.513456 0.630944 0.947523 0.990274 1.01675 1.04904 1.2215 1.2873 1.31833 
0.459169 0.513456 0.630944 0.738141 0.947523 0.990274 1.01675 1.04904 1.2215 1.2873 
0.215226 0.459169 0.513456 0.563511 0.630944 0.738141 0.947523 0.990274 1.01675 1.04904 
0.215226 0.247657 0.459169 0.513456 0.563511 0.630944 0.738141 0.947523 0.990274 1.01675 
0.215226 0.247657 0.459169 0.513456 0.563511 0.589752 0.630944 0.738141 0.947523 0.990274 
0.215226 0.247657 0.459169 0.513456 0.563511 0.589752 0.630944 0.738141 0.906306 0.947523 
0.215226 0.247657 0.459169 0.513456 0.563511 0.589752 0.630944 0.738141 0.906306 0.947523 
0.215226 0.247657 0.459169 0.513456 0.563511 0.589752 0.630944 0.738141 0.906306 0.947523 
0.215226 0.247657 0.459169 0.513456 0.563511 0.586437 0.589752 0.630944 0.738141 0.751437 
0.215226 0.247657 0.293592 0.459169 0.513456 0.563511 0.586437 0.589752 0.630944 0.738141 
0.215226 0.247657 0.293592 0.459169 0.513456 0.563511 0.586437 0.589752 0.630944 0.738141 
0.215226 0.247657 0.293592 0.459169 0.513456 0.563511 0.586437 0.589752 0.630944 0.70902 
0.215226 0.247657 0.293592 0.415133 0.459169 0.513456 0.563511 0.586437 0.589752 0.630944 
0.215226 0.247657 0.293592 0.415133 0.459169 0.513456 0.563511 0.586437 0.589752 0.630944 
0.117266 0.215226 0.247657 0.293592 0.415133 0.459169 0.513456 0.563511 0.586437 0.589752 
0.117266 0.215226 0.247657 0.293592 0.415133 0.459169 0.513456 0.563511 0.586437 0.589752 
0.117266 0.215226 0.247657 0.293592 0.415133 0.459169 0.513456 0.563511 0.586437 0.589752 
0.117266 0.20561 0.215226 0.247657 0.293592 0.415133 0.459169 0.513456 0.563511 0.586437 
0.117266 0.20561 0.215226 0.247657 0.293592 0.415133 0.459169 0.513456 0.553213 0.563511 
0.117266 0.20561 0.215226 0.247657 0.293592 0.415133 0.459169 0.513456 0.553213 0.563511 
0.117266 0.20561 0.215226 0.247657 0.293592 0.415133 0.459169 0.513456 0.553213 0.563511 
0.117266 0.144755 0.20561 0.215226 0.247657 0.293592 0.415133 0.459169 0.513456 0.553213 
0.117266 0.144755 0.20561 0.215226 0.247657 0.293592 0.341093 0.415133 0.459169 0.513456 
0.0265612 0.117266 0.144755 0.20561 0.215226 0.247657 0.287664 0.293592 0.341093 0.362124 
0.0265612 0.117266 0.144755 0.20561 0.215226 0.229901 0.247657 0.287664 0.293592 0.341093 
0.0265612 0.117266 0.144755 0.20561 0.215226 0.229901 0.247657 0.287664 0.293592 0.341093 
0.0265612 0.117266 0.121395 0.144755 0.20561 0.215226 0.229901 0.247657 0.287664 0.293592 
0.0265612 0.0888625 0.117266 0.121395 0.144755 0.20561 0.215226 0.229901 0.247657 0.287664 
0.0265612 0.0888625 0.117266 0.121395 0.144755 0.182116 0.20561 0.215226 0.229901 0.247657 
0.0265612 0.0888625 0.117266 0.121395 0.144755 0.182116 0.20561 0.215226 0.229901 0.247657 
0.0265612 0.0888625 0.117266 0.121395 0.144755 0.182116 0.20561 0.215226 0.229901 0.247657 
0.0265612 0.0888625 0.117266 0.121395 0.144755 0.182116 0.20561 0.215226 0.229901 0.247657 
0.0265612 0.0888625 0.117266 0.121395 0.144755 0.150053 0.182116 0.20561 0.215226 0.229901 
0.0265612 0.0888625 0.117266 0.121395 0.144755 0.150053 0.182116 0.20561 0.215226 0.229901 
0.0265612 0.0888625 0.117266 0.121395 0.144755 0.150053 0.182116 0.20561 0.215226 0.229901 
0.0265612 0.0888625 0.117266 0.121395 0.144755 0.150053 0.182116 0.20561 0.215226 0.229901 
0.0265612 0.0888625 0.117266 0.121395 0.144755 0.150053 0.182116 0.20561 0.215226 0.229901 
0.0265612 0.0888625 0.117266 0.121395 0.144755 0.150053 0.182116 0.20561 0.215226 0.229901 
0.0265612 0.0888625 0.117266 0.121395 0.144755 0.150053 0.182116 0.20561 0.215226 0.229901 
0.0265612 0.0888625 0.117266 0.121395 0.144755 0.150053 0.182116 0.20561 0.215226 0.229901 
0.0265612 0.0888625 0.117266 0.121395 0.144755 0.150053 0.182116 0.20561 0.215226 0.229901 
0.0265612 0.0888625 0.117266 0.121395 0.144755 0.150053 0.182116 0.20561 0.215226 0.229901 
0.0265612 0.0888625 0.117266 0.121395 0.144755 0.150053 0.182116 0.20561 0.215226 0.229901 
0.0265612 0.0888625 0.117266 0.121395 0.144755 0.150053 0.182116 0.20561 0.215226 0.229901 
0.0265612 0.0888625 0.117266 0.121395 0.144755 0.150053 0.182116 0.20561 0.215226 0.229901 
0.0265612 0.0888625 0.117266 0.121395 0.144755 0.150053 0.182116 0.20561 0.215226 0.229901 
0.0265612 0.0888625 0.117266 0.121395 0.144755 0.150053 0.182116 0.20561 0.215226 0.229901 
0.0265612 0.0888625 0.117266 0.121395 0.144755 0.150053 0.182116 0.20561 0.215226 0.229901 
0.0265612 0.0888625 0.117266 0.121395 0.144755 0.150053 0.182116 0.20561 0.215226 0.229901 
0.0265612 0.0888625 0.117266 0.121395 0.144755 0.150053 0.182116 0.20561 0.215226 0.229901 
0.0265612 0.0888625 0.117266 0.121395 0.144755 0.150053 0.182116 0.20561 0.215226 0.229901 
0.0265612 0.0888625 0.117266 0.121395 0.144755 0.150053 0.182116 0.20561 0.215226 0.229901 
0.0265612 0.0888625 0.117266 0.121395 0.144755 0.150053 0.182116 0.20561 0.215226 0.229901 
0.0265612 0.0888625 0.117266 0.121395 0.144755 0.150053 0.182116 0.20561 0.215226 0.229901 
0.0265612 0.0888625 0.117266 0.121395 0.144755 0.150053 0.182116 0.20561 0.215226 0.229901 
0.0265612 0.0888625 0.117266 0.121395 0.144755 0.150053 0.182116 0.20561 0.20875 0.215226 
0.0265612 0.0888625 0.117266 0.121395 0.144755 0.150053 0.182116 0.20561 0.20875 0.215226 
0.0265612 0.0888625 0.117266 0.121395 0.144755 0.150053 0.178681 0.182116 0.20561 0.20875 
0.0265612 0.0888625 0.117266 0.121395 0.144755 0.150053 0.178681 0.182116 0.199073 0.205588 
0.0265612 0.0888625 0.117266 0.121395 0.144755 0.150053 0.178681 0.182116 0.199073 0.205588 
0.0265612 0.0888625 0.117266 0.121395 0.144755 0.150053 0.178681 0.182116 0.199073 0.205588 
0.0265612 0.0888625 0.117266 0.121395 0.144755 0.150053 0.178681 0.182116 0.199073 0.205588 
0.0265612 0.0888625 0.117266 0.121395 0.144755 0.150053 0.174645 0.178681 0.182116 0.199073 
0.0265612 0.0888625 0.117266 0.121395 0.126248 0.144755 0.150053 0.174645 0.178681 0.182116 
0.0265612 0.0888625 0.117266 0.121395 0.126248 0.144755 0.150053 0.174645 0.178681 0.182116 
0.0265612 0.0888625 0.117266 0.121395 0.126248 0.144755 0.150053 0.174645 0.178681 0.182116 
0.0265612 0.0888625 0.117266 0.121395 0.126248 0.144755 0.150053 0.174645 0.178681 0.182116 
0.0265612 0.0888625 0.117266 0.121395 0.123197 0.126248 0.144755 0.150053 0.164297 0.174645 
0.0265612 0.0888625 0.117266 0.121395 0.123197 0.126248 0.144755 0.150053 0.15405 0.1613 
0.0265612 0.0888625 0.117266 0.121395 0.123197 0.126248 0.144755 0.148846 0.150053 0.15405 
0.0265612 0.0888625 0.0992409 0.117266 0.121395 0.123197 0.126248 0.144755 0.148846 0.150053 
0.0265612 0.0888625 0.0992409 0.117266 0.121395 0.123197 0.126248 0.144755 0.145801 0.148846 
0.0265612 0.0888625 0.0992409 0.117266 0.121395 0.123197 0.126248 0.141241 0.143598 0.144755 
0.0265612 0.0888625 0.0992409 0.112651 0.117266 0.121395 0.123197 0.126248 0.141241 0.143598 
0.0265612 0.0883516 0.0888625 0.0992409 0.112651 0.117266 0.121395 0.123197 0.126248 0.141241 
0.0265612 0.0883516 0.0888625 0.0992284 0.0992409 0.108985 0.110862 0.112651 0.117266 0.121395 
0.0265612 0.0830053 0.0883516 0.0888625 0.0992284 0.0992409 0.108985 0.110862 0.110959 0.112651 
