1.07814 2.63143 2.96157 3.10297 3.2286 3.48352 3.486 3.59236 3.63399 4.1733 
0.0374313 1.07814 2.63143 2.96157 3.10297 3.2286 3.33064 3.48352 3.486 3.59236 
0.0374313 1.07814 2.63143 2.87273 2.96157 3.04362 3.10297 3.2286 3.27198 3.33064 
0.0374313 1.07814 2.36168 2.63143 2.6801 2.76196 2.87273 2.96157 2.96636 3.04362 
0.0374313 0.603881 1.07814 1.90549 2.36168 2.63143 2.6801 2.76196 2.87273 2.90954 
0.0374313 0.603881 1.07814 1.90549 2.36168 2.63143 2.63392 2.6801 2.76196 2.87273 
0.0374313 0.603881 0.793518 0.90649 1.07814 1.90549 2.36168 2.63143 2.63392 2.6801 
0.0374313 0.603881 0.793518 0.90649 1.07814 1.90549 2.04982 2.07578 2.36168 2.38803 
0.0374313 0.603881 0.793518 0.90649 1.07814 1.90549 2.04982 2.07578 2.36168 2.37244 
0.0374313 0.603881 0.793518 0.90649 1.07814 1.76314 1.90549 2.02834 2.04982 2.07578 
0.0374313 0.603881 0.793518 0.90649 1.07814 1.76314 1.90549 2.01204 2.02834 2.04982 
0.0374313 0.603881 0.793518 0.90649 1.07814 1.76314 1.90549 2.0107 2.01204 2.02834 
0.0374313 0.603881 0.793518 0.90649 1.07814 1.18326 1.76314 1.90549 2.0107 2.01204 
0.0374313 0.603881 0.775254 0.793518 0.90649 1.07814 1.18326 1.49916 1.76314 1.90549 
0.0374313 0.603881 0.775254 0.793518 0.90649 1.07814 1.18326 1.49916 1.65594 1.76314 
0.0374313 0.603881 0.775254 0.793518 0.90649 1.07814 1.18326 1.49916 1.65594 1.74563 
0.0374313 0.428052 0.603881 0.775254 0.793518 0.90649 1.07814 1.18326 1.49916 1.65594 
0.0374313 0.281592 0.428052 0.437563 0.438839 0.603881 0.775254 0.793518 0.90649 1.07814 
0.0374313 0.281592 0.428052 0.437563 0.438839 0.603881 0.775254 0.793518 0.90649 1.07814 
0.0374313 0.281592 0.428052 0.437563 0.438839 0.603881 0.775254 0.793518 0.90649 1.07814 
0.0374313 0.138595 0.281592 0.428052 0.437563 0.438839 0.603881 0.728003 0.775254 0.793518 
0.0374313 0.138595 0.281592 0.428052 0.437563 0.438839 0.603881 0.728003 0.775254 0.793518 
0.0374313 0.138595 0.281592 0.428052 0.437563 0.438839 0.603881 0.728003 0.775254 0.793518 
0.0374313 0.138595 0.281592 0.428052 0.437563 0.438839 0.603881 0.728003 0.775254 0.793518 
0.0374313 0.138595 0.281592 0.428052 0.437563 0.438839 0.603881 0.728003 0.775254 0.793518 
0.0374313 0.138595 0.281592 0.428052 0.437563 0.438839 0.603881 0.728003 0.775254 0.793518 
0.0374313 0.138595 0.281592 0.428052 0.437563 0.438839 0.603881 0.728003 0.775254 0.793518 
0.0374313 0.138595 0.281592 0.428052 0.437563 0.438839 0.603881 0.728003 0.775254 0.793518 
0.0374313 0.138595 0.181067 0.281592 0.428052 0.437563 0.438839 0.603881 0.728003 0.775254 
0.0374313 0.138595 0.181067 0.281592 0.428052 0.437563 0.438839 0.492642 0.545508 0.603881 
0.0374313 0.104918 0.138595 0.181067 0.281592 0.357413 0.428052 0.437563 0.438839 0.492642 
0.0374313 0.104918 0.138595 0.181067 0.281592 0.357413 0.428052 0.437563 0.438839 0.492642 
0.0243234 0.0374313 0.104918 0.138595 0.181067 0.281592 0.357413 0.428052 0.437563 0.438839 
0.0243234 0.0374313 0.104918 0.138595 0.181067 0.281592 0.357413 0.428052 0.437563 0.438839 
0.0243234 0.028043 0.0374313 0.104918 0.138595 0.181067 0.281592 0.357413 0.428052 0.437563 
0.0243234 0.028043 0.0374313 0.104918 0.138595 0.181067 0.195402 0.281592 0.357413 0.428052 
0.0243234 0.028043 0.0374313 0.0869348 0.104918 0.138595 0.181067 0.195402 0.281592 0.357413 
0.0243234 0.028043 0.0374313 0.0869348 0.104918 0.138595 0.181067 0.195402 0.281592 0.357413 
0.0243234 0.028043 0.0374313 0.0869348 0.104918 0.138595 0.181067 0.195402 0.281592 0.357413 
0.0243234 0.028043 0.0374313 0.0869348 0.104918 0.138595 0.181067 0.195402 0.281592 0.291919 
0.0243234 0.028043 0.0374313 0.0869348 0.104918 0.138595 0.181067 0.195402 0.281592 0.291919 
0.0243234 0.028043 0.0374313 0.0869348 0.104918 0.138595 0.181067 0.195402 0.281592 0.291919 
0.0243234 0.028043 0.0374313 0.0869348 0.104918 0.138595 0.181067 0.195402 0.281592 0.291919 
0.0243234 0.028043 0.0374313 0.0869348 0.104918 0.138595 0.181067 0.195402 0.281592 0.291919 
0.0243234 0.028043 0.0374313 0.0869348 0.104918 0.138595 0.181067 0.195402 0.281592 0.291919 
0.0243234 0.028043 0.0374313 0.0869348 0.104918 0.138595 0.181067 0.195402 0.227217 0.281592 
0.0243234 0.028043 0.0374313 0.0869348 0.104918 0.138595 0.181067 0.195402 0.227217 0.281592 
0.0243234 0.028043 0.0374313 0.0869348 0.104918 0.138595 0.181067 0.195402 0.227217 0.281592 
0.0243234 0.028043 0.0374313 0.0869348 0.104918 0.138595 0.181067 0.195402 0.227217 0.281592 
0.0243234 0.028043 0.0374313 0.0869348 0.104918 0.138595 0.181067 0.195402 0.227217 0.281592 
0.0243234 0.028043 0.0374313 0.0869348 0.104918 0.122426 0.138595 0.181067 0.195402 0.227217 
0.0243234 0.028043 0.0374313 0.0869348 0.104918 0.122426 0.138595 0.181067 0.195402 0.227217 
0.0243234 0.028043 0.0374313 0.0869348 0.104918 0.122426 0.138595 0.181067 0.195402 0.227217 
0.0243234 0.028043 0.0374313 0.0869348 0.104918 0.122426 0.138595 0.181067 0.195402 0.206976 
0.0243234 0.028043 0.0374313 0.0869348 0.104918 0.122426 0.138595 0.181067 0.195402 0.206976 
0.0243234 0.028043 0.0374313 0.0869348 0.104918 0.122426 0.138595 0.181067 0.195402 0.206976 
0.0243234 0.028043 0.0374313 0.0869348 0.104918 0.122426 0.138595 0.181067 0.195372 0.195402 
0.0243234 0.028043 0.0374313 0.0869348 0.104918 0.122426 0.138595 0.1613 0.181067 0.195372 
0.0243234 0.028043 0.0374313 0.0869348 0.104918 0.122426 0.138595 0.156021 0.1613 0.174532 
0.0243234 0.028043 0.0374313 0.0752113 0.0869348 0.104918 0.122426 0.138595 0.156021 0.1613 
0.0243234 0.0273641 0.028043 0.0374313 0.0752113 0.0869348 0.104918 0.122426 0.138595 0.156021 
0.0243234 0.0273641 0.028043 0.0374313 0.0752113 0.0869348 0.104918 0.122426 0.123063 0.138595 
0.0243234 0.0273641 0.028043 0.0374313 0.050671 0.0752113 0.0869348 0.104918 0.107622 0.118823 
0.0243234 0.0273641 0.028043 0.0374313 0.050671 0.0752113 0.0869348 0.104918 0.107622 0.108744 
0.0243234 0.0273641 0.028043 0.0374313 0.050671 0.0752113 0.0869348 0.100109 0.104918 0.107622 
0.009042 0.0243234 0.0273641 0.028043 0.0374313 0.050671 0.0752113 0.0869348 0.100109 0.104918 
0.009042 0.0243234 0.0273641 0.028043 0.0374313 0.050671 0.0752113 0.0820585 0.0869348 0.100109 
0.009042 0.0243234 0.0263726 0.0273641 0.028043 0.0374313 0.050671 0.0752113 0.0820585 0.0869348 
0.009042 0.0243234 0.0263726 0.0273641 0.028043 0.0374313 0.050671 0.0752113 0.0820585 0.0869348 
0.009042 0.0243234 0.0263726 0.0273641 0.028043 0.0374313 0.050671 0.0752113 0.0820585 0.0869348 
0.009042 0.0243234 0.026137 0.0263726 0.0273641 0.028043 0.0374313 0.050671 0.0752113 0.0820585 
0.009042 0.0243234 0.026137 0.0263726 0.0273641 0.028043 0.0374313 0.0431456 0.050671 0.0523478 
0.009042 0.0243234 0.026137 0.0263726 0.0273641 0.028043 0.0374313 0.0431456 0.050671 0.0523478 
0.009042 0.0243234 0.026137 0.0263726 0.0273641 0.028043 0.0374313 0.0431456 0.050671 0.0523478 
0.009042 0.0243234 0.026137 0.0263726 0.0273641 0.028043 0.0374313 0.0431456 0.050671 0.0523478 
0.009042 0.0243234 0.026137 0.0263726 0.0273641 0.028043 0.0374313 0.0431456 0.050671 0.0523478 
0.009042 0.0243234 0.026137 0.0263726 0.0273641 0.028043 0.0374313 0.0431456 0.050671 0.0523478 
0.009042 0.0243234 0.026137 0.0263726 0.0273641 0.028043 0.0374313 0.0431456 0.050671 0.0523478 
0.009042 0.0243234 0.026137 0.0263726 0.0273641 0.028043 0.0374313 0.0431456 0.050671 0.0523478 
0.009042 0.0243234 0.026137 0.0263726 0.0273641 0.028043 0.0374313 0.0431456 0.050671 0.0523478 
0.009042 0.0243234 0.026137 0.0263726 0.0273641 0.028043 0.0374313 0.0431456 0.050671 0.0523478 
0.009042 0.0243234 0.026137 0.0263726 0.0273641 0.028043 0.0374313 0.0431456 0.050671 0.0523478 
0.009042 0.0243234 0.026137 0.0263726 0.0273641 0.028043 0.0374313 0.0431456 0.050671 0.0523478 
0.009042 0.0243234 0.026137 0.0263726 0.0273641 0.028043 0.0374313 0.0431456 0.050671 0.0523478 
0.009042 0.0243234 0.026137 0.0263726 0.0273641 0.028043 0.0374313 0.0431456 0.050671 0.0523478 
0.009042 0.0243234 0.026137 0.0263726 0.0273641 0.028043 0.0374313 0.0431456 0.050671 0.0523478 
0.009042 0.0243234 0.026137 0.0263726 0.0273641 0.028043 0.0374313 0.0431456 0.050671 0.0523478 
0.009042 0.0243234 0.026137 0.0263726 0.0273641 0.028043 0.0374313 0.0431456 0.050671 0.0523478 
0.009042 0.0243234 0.026137 0.0263726 0.0273641 0.028043 0.0374313 0.0431456 0.050671 0.0523478 
0.009042 0.0243234 0.026137 0.0263726 0.0273641 0.028043 0.0374313 0.0431456 0.050671 0.0523478 
0.009042 0.0243234 0.026137 0.0263726 0.0273641 0.028043 0.0374313 0.0431456 0.050671 0.0523478 
0.009042 0.0243234 0.026137 0.0263726 0.0273641 0.028043 0.0374313 0.0431456 0.050671 0.0523478 
0.009042 0.0243234 0.026137 0.0263726 0.0273641 0.028043 0.0374313 0.0431456 0.050671 0.0523478 
0.009042 0.0243234 0.026137 0.0263726 0.0273641 0.028043 0.0374313 0.0431456 0.050671 0.0523478 
0.009042 0.0243234 0.026137 0.0263726 0.0273641 0.028043 0.0374313 0.0431456 0.050671 0.0523478 
0.009042 0.0243234 0.026137 0.0263726 0.0273641 0.028043 0.0374313 0.0431456 0.050671 0.0523478 
0.009042 0.0243234 0.026137 0.0263726 0.0273641 0.028043 0.0374313 0.0431456 0.050671 0.0523478 
0.009042 0.0243234 0.026137 0.0263726 0.0273641 0.028043 0.0374313 0.0431456 0.050671 0.0523478 
0.009042 0.0243234 0.026137 0.0263726 0.0273641 0.028043 0.0374313 0.0431456 0.050671 0.0523478 
0.009042 0.0243234 0.026137 0.0263726 0.0273641 0.028043 0.0374313 0.0431456 0.050671 0.0523478 
