2.72311 2.79399 3.88027 4.29593 4.56647 4.93143 5.3097 5.38747 6.37969 6.53688 
2.72311 2.79399 3.88027 3.98177 4.29593 4.56647 4.93143 5.3097 5.38747 6.26408 
2.70357 2.72311 2.79399 2.96265 3.88027 3.98177 4.29593 4.46245 4.56647 4.81256 
2.70357 2.72311 2.79399 2.96265 3.88027 3.98177 4.29593 4.46245 4.56647 4.81256 
2.70357 2.72311 2.79399 2.96265 3.88027 3.98177 4.29593 4.46245 4.56647 4.81256 
2.70357 2.72311 2.79399 2.96265 3.88027 3.98177 4.29593 4.46245 4.55466 4.56647 
2.70357 2.72311 2.79399 2.96265 3.28868 3.88027 3.98177 4.29593 4.43939 4.46245 
2.70357 2.72311 2.79399 2.96265 3.28868 3.88027 3.98177 4.29593 4.43939 4.46245 
2.70357 2.72311 2.79399 2.96265 3.28868 3.46484 3.88027 3.98177 4.29593 4.43939 
2.70357 2.72311 2.79399 2.91939 2.96265 3.28868 3.46484 3.88027 3.98177 4.25001 
2.70357 2.72311 2.79399 2.91939 2.96265 3.01243 3.28868 3.46484 3.88027 3.98177 
2.70357 2.72311 2.79399 2.91939 2.96265 2.98689 3.01243 3.28868 3.46484 3.88027 
2.70357 2.72311 2.79399 2.91939 2.96265 2.98689 3.01243 3.28868 3.46484 3.88027 
2.70357 2.72311 2.79399 2.8069 2.91939 2.96265 2.98689 3.01243 3.28868 3.34323 
2.70357 2.72311 2.79399 2.8069 2.91939 2.96265 2.98689 3.01243 3.28868 3.34323 
2.70357 2.72311 2.79399 2.8069 2.91939 2.96265 2.98689 3.01243 3.28868 3.34323 
2.70357 2.72311 2.79399 2.8069 2.91939 2.96265 2.98689 3.01243 3.28868 3.34323 
2.70357 2.72311 2.79399 2.8069 2.91939 2.96265 2.98689 3.01243 3.28868 3.34323 
2.70357 2.72311 2.79399 2.8069 2.91939 2.96265 2.98689 3.01243 3.28868 3.34323 
2.68254 2.70357 2.72311 2.79399 2.8069 2.91939 2.96265 2.98689 3.01243 3.28868 
2.68254 2.70357 2.72311 2.79399 2.8069 2.91939 2.96265 2.98689 3.01243 3.28868 
2.68254 2.70357 2.72311 2.79399 2.8069 2.91939 2.96265 2.98689 3.01243 3.13483 
2.68254 2.70357 2.72311 2.79399 2.8069 2.91939 2.96265 2.98689 3.01243 3.13483 
2.68254 2.70357 2.72311 2.79399 2.8069 2.91939 2.96265 2.98689 3.01243 3.13483 
2.68254 2.70357 2.72311 2.79399 2.8069 2.91939 2.96265 2.98689 3.01243 3.13483 
2.68254 2.70357 2.72311 2.79399 2.8069 2.89052 2.91939 2.96265 2.98689 3.01243 
2.68254 2.70357 2.72311 2.75274 2.79399 2.8069 2.89052 2.91939 2.96265 2.98689 
2.68254 2.70357 2.72311 2.75274 2.79399 2.8069 2.89052 2.91939 2.96265 2.98689 
2.68254 2.70357 2.72311 2.75274 2.79399 2.8069 2.89038 2.89052 2.91939 2.96265 
1.88553 2.68254 2.70357 2.72311 2.74627 2.75274 2.79399 2.8069 2.89038 2.89052 
1.35546 1.88553 2.68254 2.70357 2.72311 2.74627 2.75274 2.79399 2.8069 2.82975 
0.930363 1.14049 1.35546 1.88553 2.68254 2.70357 2.72311 2.74627 2.75274 2.79399 
0.446252 0.930363 1.14049 1.35546 1.88553 2.08804 2.68254 2.70357 2.72311 2.74627 
0.446252 0.930363 1.14049 1.35546 1.88553 2.08804 2.68254 2.70357 2.72311 2.74627 
0.446252 0.930363 1.14049 1.35546 1.88553 2.08804 2.68254 2.70357 2.72311 2.74627 
0.446252 0.930363 1.14049 1.35546 1.88553 2.08804 2.68254 2.70357 2.72311 2.74627 
0.446252 0.930363 1.14049 1.35546 1.88553 2.08804 2.68254 2.70357 2.72311 2.72372 
0.446252 0.930363 1.14049 1.35546 1.88553 2.08804 2.25797 2.68254 2.70357 2.72311 
0.446252 0.930363 1.14049 1.35546 1.88553 2.08804 2.25797 2.68254 2.70357 2.72311 
0.446252 0.930363 1.14049 1.35546 1.88553 2.08804 2.25797 2.68254 2.70357 2.72311 
0.446252 0.930363 1.14049 1.35546 1.88553 2.08804 2.25797 2.68254 2.70357 2.72311 
0.446252 0.930363 1.08317 1.14049 1.35546 1.88553 2.08804 2.24372 2.25797 2.68254 
0.446252 0.930363 1.08317 1.14049 1.28859 1.35546 1.80335 1.88553 2.08804 2.24372 
0.446252 0.930363 1.08317 1.14049 1.28859 1.35546 1.80335 1.88553 2.08804 2.24372 
0.446252 0.930363 1.08317 1.14049 1.28859 1.31698 1.35546 1.80335 1.88553 2.08804 
0.446252 0.930363 1.08317 1.14049 1.28859 1.31698 1.35546 1.8026 1.80335 1.88553 
0.446252 0.930363 1.08317 1.14049 1.28859 1.31698 1.35546 1.8026 1.80335 1.88553 
0.00884688 0.446252 0.930363 1.08317 1.14049 1.28859 1.31698 1.35546 1.8026 1.80335 
0.00884688 0.446252 0.930363 1.08317 1.14049 1.28859 1.31698 1.35546 1.8026 1.80335 
0.00884688 0.446252 0.930363 1.08317 1.14049 1.28859 1.31698 1.35546 1.8026 1.80335 
0.00884688 0.446252 0.833927 0.930363 1.08317 1.14049 1.28859 1.31698 1.35483 1.35546 
0.00884688 0.446252 0.833927 0.930363 1.03406 1.08317 1.14049 1.28859 1.31698 1.35483 
0.00884688 0.446252 0.833927 0.930363 1.03406 1.08317 1.14049 1.28859 1.31698 1.35483 
0.00884688 0.446252 0.833927 0.930363 1.03406 1.08317 1.14049 1.28859 1.31698 1.35483 
0.00884688 0.446252 0.833927 0.930363 1.03406 1.08317 1.14049 1.28859 1.31698 1.35483 
0.00884688 0.446252 0.833927 0.930363 1.03406 1.08317 1.14049 1.28859 1.31698 1.35483 
0.00884688 0.446252 0.833927 0.930363 1.03406 1.08317 1.14049 1.28859 1.31698 1.35483 
0.00884688 0.446252 0.833927 0.930363 1.01584 1.03406 1.08317 1.14049 1.28859 1.31698 
0.00884688 0.446252 0.833927 0.930363 1.01584 1.03406 1.08317 1.14049 1.28859 1.31698 
0.00884688 0.446252 0.833927 0.930363 1.01584 1.03406 1.08317 1.14049 1.28859 1.31698 
0.00884688 0.446252 0.833927 0.930363 1.01584 1.03406 1.08317 1.14049 1.28859 1.31698 
0.00884688 0.446252 0.833927 0.930363 1.01584 1.03406 1.08317 1.14049 1.28859 1.31698 
0.00884688 0.446252 0.833927 0.930363 1.01584 1.03406 1.08317 1.14049 1.28859 1.31698 
0.00884688 0.446252 0.833927 0.930363 1.01584 1.03406 1.08317 1.14049 1.28859 1.31698 
0.00884688 0.446252 0.833927 0.930363 1.01584 1.03406 1.08317 1.14049 1.28859 1.31698 
0.00884688 0.446252 0.833927 0.930363 1.01584 1.03406 1.08317 1.14049 1.28859 1.31698 
0.00884688 0.446252 0.833927 0.930363 1.01584 1.03406 1.08317 1.14049 1.28859 1.31698 
0.00884688 0.446252 0.833927 0.930363 1.01584 1.03406 1.08317 1.14049 1.28859 1.31698 
0.00884688 0.446252 0.833927 0.930363 1.01584 1.03406 1.08317 1.14049 1.28859 1.31698 
0.00884688 0.446252 0.833927 0.930363 1.01584 1.03406 1.08317 1.14049 1.28859 1.31698 
0.00884688 0.446252 0.833927 0.930363 1.01584 1.03406 1.08317 1.14049 1.28859 1.31698 
0.00884688 0.446252 0.833927 0.930363 1.01584 1.03406 1.08317 1.14049 1.28859 1.31698 
0.00884688 0.446252 0.833927 0.930363 1.01584 1.03406 1.08317 1.14049 1.28859 1.31698 
0.00884688 0.446252 0.833927 0.930363 1.01584 1.03406 1.08317 1.14049 1.28859 1.31698 
0.00884688 0.446252 0.833927 0.930363 1.01584 1.03406 1.08317 1.14049 1.28859 1.31698 
0.00884688 0.446252 0.833927 0.930363 1.01584 1.03406 1.08317 1.14049 1.28859 1.31698 
0.00884688 0.446252 0.833927 0.930363 1.01584 1.03406 1.08317 1.14049 1.28859 1.31698 
0.00884688 0.446252 0.833927 0.930363 1.01584 1.03406 1.08317 1.14049 1.28859 1.31698 
0.00884688 0.446252 0.833927 0.930363 1.01584 1.03406 1.08317 1.14049 1.28859 1.31698 
0.00884688 0.446252 0.833927 0.930363 1.01584 1.03406 1.08317 1.14049 1.28859 1.31698 
0.00884688 0.446252 0.833927 0.930363 1.01584 1.03406 1.08317 1.14049 1.28859 1.31698 
0.00884688 0.446252 0.833927 0.930363 1.01584 1.03406 1.08317 1.14049 1.28859 1.31698 
0.00884688 0.446252 0.833927 0.930363 1.01584 1.03406 1.08317 1.14049 1.28859 1.31698 
0.00884688 0.446252 0.833927 0.930363 1.01584 1.03406 1.08317 1.14049 1.28859 1.31698 
0.00884688 0.446252 0.833927 0.930363 1.01584 1.03406 1.08317 1.14049 1.28859 1.29674 
0.00884688 0.446252 0.833927 0.930363 1.01584 1.03406 1.08317 1.14049 1.14755 1.17608 
0.00884688 0.446252 0.833927 0.930363 1.01584 1.03406 1.08317 1.14049 1.14755 1.17608 
0.00884688 0.446252 0.833927 0.930363 1.01584 1.03406 1.08317 1.14049 1.14755 1.17608 
0.00884688 0.446252 0.833927 0.930363 1.01584 1.03406 1.08317 1.14049 1.14755 1.17608 
0.00884688 0.446252 0.833927 0.930363 1.01584 1.03406 1.08317 1.14049 1.14755 1.17608 
0.00884688 0.446252 0.833927 0.930363 1.01584 1.03406 1.08317 1.14049 1.14755 1.17608 
0.00884688 0.446252 0.833927 0.930363 1.01584 1.03406 1.08317 1.14049 1.14755 1.17608 
0.00884688 0.446252 0.833927 0.930363 0.931503 1.01584 1.03406 1.08317 1.14049 1.14755 
0.00884688 0.446252 0.833927 0.930363 0.931503 1.01584 1.03406 1.04231 1.08317 1.14049 
0.00884688 0.446252 0.833927 0.930363 0.931503 0.947669 1.01584 1.03406 1.04231 1.08317 
0.00884688 0.446252 0.833927 0.904139 0.930363 0.931503 0.947669 0.985686 1.01584 1.03406 
0.00884688 0.446252 0.833927 0.904139 0.930363 0.931503 0.947669 0.985686 1.01584 1.03406 
0.00884688 0.446252 0.833927 0.904139 0.930363 0.931503 0.947669 0.985686 1.01584 1.03406 
0.00884688 0.446252 0.833927 0.904139 0.930363 0.931503 0.947669 0.985686 1.01584 1.03406 
0.00884688 0.446252 0.833927 0.904139 0.930363 0.931503 0.947669 0.985686 1.01584 1.03406 
