0.592033 2.81403 2.95442 3.02918 3.70859 3.87082 3.97244 4.16321 4.39913 4.51997 
0.592033 2.81403 2.95442 2.99821 3.02918 3.21789 3.45881 3.64148 3.70859 3.87082 
0.592033 2.16632 2.81403 2.95442 2.99821 3.02918 3.21789 3.22888 3.23304 3.45881 
0.592033 2.16632 2.26042 2.81403 2.92329 2.95442 2.99821 3.02918 3.21789 3.22888 
0.592033 1.96298 2.16632 2.26042 2.81403 2.92329 2.95442 2.99821 3.02918 3.02963 
0.592033 1.96298 2.16632 2.26042 2.42124 2.81403 2.92329 2.95442 2.99821 3.02918 
0.592033 1.96298 2.16632 2.26042 2.42124 2.56091 2.81403 2.83616 2.92329 2.93819 
0.592033 1.96298 2.16632 2.26042 2.42124 2.56091 2.81403 2.83616 2.92329 2.93819 
0.592033 1.96298 2.16632 2.26042 2.42124 2.56091 2.81403 2.83616 2.92329 2.93819 
0.474025 0.592033 1.54882 1.96298 2.16632 2.26042 2.42124 2.56091 2.81403 2.83616 
0.474025 0.592033 1.54882 1.96298 2.16632 2.26042 2.42124 2.56091 2.61341 2.69708 
0.474025 0.592033 1.31235 1.54882 1.96298 2.16632 2.26042 2.42124 2.56091 2.61341 
0.474025 0.592033 0.8923 0.984404 1.31235 1.44226 1.54882 1.72441 1.96298 2.16632 
0.474025 0.592033 0.8923 0.984404 1.31235 1.44226 1.54882 1.72441 1.96298 2.16632 
0.474025 0.592033 0.8923 0.984404 1.31235 1.44226 1.54882 1.72441 1.96298 2.16632 
0.474025 0.592033 0.827382 0.8923 0.95501 0.984404 1.20542 1.31235 1.44226 1.54882 
0.156734 0.474025 0.592033 0.827382 0.8923 0.95501 0.984404 1.20542 1.31235 1.44226 
0.156734 0.474025 0.592033 0.827382 0.8923 0.95501 0.984404 1.20542 1.31235 1.44226 
0.156734 0.474025 0.592033 0.827382 0.8923 0.95501 0.984404 1.20542 1.31235 1.44226 
0.156734 0.474025 0.592033 0.827382 0.8923 0.95501 0.984404 1.20542 1.31235 1.44226 
0.156734 0.241478 0.474025 0.592033 0.693641 0.827382 0.8923 0.95501 0.984404 0.9852 
0.156734 0.241478 0.474025 0.592033 0.693641 0.714373 0.827382 0.8923 0.95501 0.984404 
0.156734 0.241478 0.422598 0.455282 0.474025 0.592033 0.693641 0.714373 0.827382 0.8923 
0.156734 0.241478 0.422598 0.435904 0.455282 0.474025 0.592033 0.693641 0.714373 0.827382 
0.156734 0.223501 0.241478 0.252577 0.284668 0.358609 0.422598 0.435904 0.455282 0.474025 
0.156734 0.223501 0.241478 0.252577 0.284668 0.358609 0.422598 0.435904 0.455282 0.474025 
0.067815 0.156734 0.223501 0.241478 0.252577 0.284668 0.358609 0.422598 0.435904 0.455282 
0.067815 0.156734 0.223501 0.241478 0.252577 0.284668 0.358609 0.422598 0.435904 0.455282 
0.067815 0.156734 0.223501 0.241478 0.252577 0.284668 0.358609 0.422598 0.435904 0.455282 
0.067815 0.156734 0.223501 0.241478 0.252577 0.284668 0.358609 0.422598 0.435904 0.455282 
0.067815 0.156734 0.223501 0.241478 0.252577 0.284668 0.358609 0.422598 0.435904 0.455282 
0.067815 0.156734 0.223501 0.241478 0.252577 0.284668 0.288063 0.358609 0.422598 0.435904 
0.067815 0.156734 0.223501 0.241478 0.252577 0.284668 0.288063 0.358609 0.422598 0.435904 
0.067815 0.071719 0.156734 0.223501 0.241478 0.252577 0.284668 0.288063 0.358609 0.422598 
0.067815 0.071719 0.156734 0.223501 0.241478 0.252577 0.284668 0.288063 0.358609 0.422598 
0.067815 0.071719 0.156734 0.223501 0.241478 0.252577 0.276955 0.284668 0.288063 0.351991 
0.067815 0.071719 0.156734 0.223501 0.241478 0.252577 0.276955 0.284668 0.288063 0.351991 
0.067815 0.071719 0.100078 0.144879 0.156734 0.223501 0.241478 0.249541 0.252577 0.276955 
0.0612658 0.067815 0.071719 0.100078 0.144879 0.156734 0.223501 0.241478 0.249541 0.252577 
0.0612658 0.067815 0.071719 0.100078 0.144879 0.156734 0.223501 0.241478 0.249541 0.252577 
0.0612658 0.067815 0.071719 0.100078 0.144879 0.156734 0.187608 0.223501 0.241478 0.249541 
0.0612658 0.067815 0.071719 0.100078 0.144879 0.156734 0.187608 0.223501 0.241478 0.249541 
0.0612658 0.067815 0.071719 0.100078 0.117962 0.144879 0.156734 0.187608 0.223501 0.241478 
0.0612658 0.067815 0.071719 0.100078 0.117962 0.144879 0.156734 0.187608 0.223501 0.241478 
0.0612658 0.067815 0.071719 0.100078 0.117962 0.144879 0.156734 0.187608 0.223501 0.241478 
0.0612658 0.067815 0.071719 0.100078 0.117962 0.144879 0.156734 0.187608 0.223501 0.241478 
0.0612658 0.067815 0.071719 0.100078 0.117962 0.144879 0.156734 0.187608 0.223501 0.241478 
0.0612658 0.067815 0.071719 0.100078 0.117962 0.144879 0.156734 0.182006 0.187608 0.223501 
0.0612658 0.067815 0.071719 0.100078 0.117962 0.144879 0.156734 0.182006 0.187608 0.223501 
0.0612658 0.067815 0.071719 0.100078 0.117962 0.144879 0.156734 0.182006 0.187608 0.223501 
0.0612658 0.067815 0.071719 0.100078 0.117962 0.144879 0.156734 0.182006 0.184324 0.187608 
0.0612658 0.067815 0.071719 0.100078 0.117962 0.144879 0.156734 0.182006 0.184324 0.187608 
0.0612658 0.067815 0.071719 0.100078 0.114913 0.117962 0.144879 0.156734 0.182006 0.184324 
0.0612658 0.067815 0.071719 0.100078 0.114913 0.117962 0.144879 0.156734 0.182006 0.184324 
0.0612658 0.067815 0.071719 0.100078 0.114913 0.117962 0.144879 0.156734 0.182006 0.184324 
0.0612658 0.067815 0.071719 0.100078 0.114913 0.117962 0.144879 0.156734 0.182006 0.184324 
0.0612658 0.067815 0.071719 0.100078 0.114913 0.117962 0.144879 0.156734 0.182006 0.184324 
0.0612658 0.067815 0.071719 0.100078 0.114913 0.117962 0.144879 0.156734 0.182006 0.184324 
0.0612658 0.067815 0.071719 0.100078 0.114913 0.117962 0.144879 0.156734 0.182006 0.184324 
0.0612658 0.067815 0.071719 0.100078 0.114913 0.117962 0.144879 0.156734 0.182006 0.184324 
0.0612658 0.067815 0.071719 0.100078 0.114913 0.117962 0.144879 0.156734 0.182006 0.184324 
0.0612658 0.067815 0.071719 0.100078 0.114913 0.117962 0.144879 0.156734 0.182006 0.184324 
0.0612658 0.067815 0.071719 0.100078 0.114913 0.117962 0.144879 0.156734 0.182006 0.184324 
0.0612658 0.067815 0.071719 0.100078 0.114913 0.117962 0.144879 0.156734 0.182006 0.184324 
0.0612658 0.067815 0.071719 0.100078 0.114913 0.117962 0.144879 0.156734 0.182006 0.184324 
0.0612658 0.067815 0.071719 0.100078 0.114913 0.117962 0.144879 0.156734 0.182006 0.184324 
0.0612658 0.067815 0.071719 0.100078 0.114913 0.117962 0.144879 0.156734 0.182006 0.184324 
0.0612658 0.067815 0.071719 0.100078 0.114913 0.117962 0.144879 0.156734 0.182006 0.184324 
0.0612658 0.067815 0.071719 0.100078 0.114913 0.117962 0.144879 0.156734 0.182006 0.184324 
0.0612658 0.067815 0.071719 0.100078 0.114913 0.117962 0.144879 0.156734 0.182006 0.184324 
0.0612658 0.067815 0.071719 0.100078 0.114913 0.117962 0.144879 0.156734 0.182006 0.184324 
0.0612658 0.067815 0.071719 0.100078 0.114913 0.117962 0.144879 0.156734 0.182006 0.184324 
0.0612658 0.067815 0.071719 0.100078 0.114913 0.117962 0.144879 0.156734 0.182006 0.184324 
0.0612658 0.067815 0.071719 0.100078 0.114913 0.117962 0.144879 0.156734 0.182006 0.184324 
0.0612658 0.067815 0.071719 0.100078 0.114913 0.117962 0.144879 0.156734 0.182006 0.184324 
0.0612658 0.067815 0.071719 0.100078 0.114913 0.117962 0.144879 0.156734 0.182006 0.184324 
0.0612658 0.067815 0.071719 0.100078 0.114913 0.117962 0.144879 0.156734 0.182006 0.184324 
0.0612658 0.067815 0.071719 0.100078 0.114913 0.117962 0.144879 0.156734 0.182006 0.184324 
0.0612658 0.067815 0.071719 0.100078 0.114913 0.117962 0.144879 0.156734 0.182006 0.184324 
0.0612658 0.067815 0.071719 0.100078 0.114913 0.117962 0.144879 0.156734 0.182006 0.184324 
0.0612658 0.067815 0.071719 0.100078 0.114913 0.117962 0.144879 0.156734 0.182006 0.184324 
0.0612658 0.067815 0.071719 0.100078 0.114913 0.117962 0.144879 0.156734 0.182006 0.184324 
0.0612658 0.067815 0.071719 0.100078 0.114913 0.117962 0.144879 0.156734 0.182006 0.184324 
0.0612658 0.067815 0.071719 0.100078 0.114913 0.117962 0.144879 0.156734 0.182006 0.184324 
0.0612658 0.067815 0.071719 0.100078 0.114913 0.117962 0.144879 0.156734 0.182006 0.184324 
0.0612658 0.067815 0.071719 0.100078 0.114913 0.117962 0.144879 0.156734 0.182006 0.184324 
0.0612658 0.067815 0.071719 0.100078 0.114913 0.117962 0.144879 0.156734 0.182006 0.184324 
0.0612658 0.067815 0.071719 0.100078 0.114913 0.117962 0.144879 0.156734 0.182006 0.184324 
0.0612658 0.067815 0.071719 0.100078 0.114913 0.117962 0.144879 0.156734 0.182006 0.184324 
0.0612658 0.067815 0.071719 0.100078 0.114913 0.117962 0.144879 0.156734 0.182006 0.184324 
0.0612658 0.067815 0.071719 0.100078 0.114913 0.117962 0.144879 0.156734 0.182006 0.184324 
0.0612658 0.067815 0.071719 0.100078 0.114913 0.117962 0.144879 0.156734 0.182006 0.184324 
0.0612658 0.067815 0.071719 0.100078 0.114913 0.117962 0.144879 0.156734 0.182006 0.184324 
0.0612658 0.067815 0.071719 0.100078 0.114913 0.117962 0.144879 0.156734 0.182006 0.184324 
0.0612658 0.067815 0.071719 0.100078 0.114913 0.117962 0.144879 0.156734 0.182006 0.184324 
0.0612658 0.067815 0.071719 0.100078 0.114913 0.117962 0.144879 0.156734 0.182006 0.184324 
0.0612658 0.067815 0.071719 0.100078 0.114913 0.117962 0.144879 0.156734 0.182006 0.184324 
0.0612658 0.067815 0.071719 0.100078 0.114913 0.117962 0.144879 0.156734 0.182006 0.184324 
0.0612658 0.067815 0.071719 0.100078 0.114913 0.117962 0.144879 0.156734 0.182006 0.184324 
0.0612658 0.067815 0.071719 0.100078 0.114913 0.117962 0.144879 0.156734 0.182006 0.184324 
