1.43237 2.90776 3.30085 4.03456 4.06229 4.07655 4.25357 4.34485 4.55462 4.5629 
1.43237 2.74785 2.90776 2.92052 3.14418 3.30085 4.03456 4.06229 4.07655 4.16254 
1.43237 1.48565 2.47506 2.70458 2.74785 2.90776 2.92052 3.14418 3.30085 3.7442 
1.43237 1.48565 2.47506 2.70458 2.74785 2.90776 2.92052 3.14418 3.30085 3.5348 
1.43237 1.48565 2.47506 2.52042 2.70458 2.74785 2.90776 2.92052 3.02796 3.07441 
0.201079 1.43237 1.48565 2.47506 2.52042 2.70458 2.74785 2.90776 2.92052 3.02796 
0.201079 1.43237 1.48565 2.47506 2.52042 2.70458 2.74785 2.82698 2.89817 2.90776 
0.201079 1.43237 1.48565 1.59577 2.47506 2.52042 2.70458 2.74785 2.82698 2.89817 
0.201079 1.43237 1.48565 1.59577 2.47506 2.52042 2.70458 2.74785 2.82698 2.89817 
0.201079 1.43237 1.48565 1.54204 1.56067 1.59577 2.47506 2.52042 2.70458 2.74785 
0.201079 1.43237 1.48565 1.54204 1.56067 1.59577 2.42842 2.47506 2.52042 2.70458 
0.201079 1.43237 1.48565 1.54204 1.56067 1.59577 2.42842 2.47506 2.52042 2.70458 
0.201079 1.43237 1.48565 1.54204 1.56067 1.59577 2.23105 2.42842 2.43939 2.47506 
0.201079 1.43237 1.48565 1.54204 1.56067 1.59577 2.01724 2.23105 2.42842 2.43939 
0.201079 0.741685 1.43237 1.48565 1.54204 1.56067 1.57572 1.59577 2.01724 2.23105 
0.201079 0.741685 1.43237 1.48565 1.54204 1.56067 1.57572 1.59577 1.90813 2.01724 
0.201079 0.741685 1.29074 1.43237 1.48565 1.54204 1.56067 1.57572 1.59577 1.90813 
0.201079 0.741685 1.29074 1.43237 1.47244 1.48565 1.54204 1.56067 1.57572 1.59577 
0.201079 0.741685 1.29074 1.43237 1.47244 1.48565 1.54204 1.56067 1.57572 1.59577 
0.201079 0.741685 1.29074 1.43237 1.47244 1.48565 1.54204 1.56067 1.57572 1.59577 
0.201079 0.637143 0.741685 1.29074 1.43237 1.47244 1.48565 1.54204 1.56067 1.57572 
0.201079 0.637143 0.741685 1.29074 1.43237 1.47244 1.48565 1.54204 1.56067 1.57572 
0.201079 0.637143 0.741685 1.18691 1.29074 1.43237 1.47244 1.48565 1.54204 1.56067 
0.201079 0.637143 0.741685 1.18691 1.29074 1.43237 1.47244 1.48565 1.54204 1.56067 
0.201079 0.637143 0.741685 1.18691 1.29074 1.43237 1.47244 1.48565 1.54204 1.56067 
0.201079 0.491581 0.637143 0.741685 1.18691 1.29074 1.43237 1.47244 1.48565 1.54204 
0.0354131 0.201079 0.491581 0.637143 0.741685 1.18691 1.29074 1.43237 1.47244 1.48565 
0.0354131 0.201079 0.491581 0.637143 0.741685 1.18691 1.29074 1.31892 1.43237 1.47244 
0.0354131 0.201079 0.491581 0.637143 0.741685 1.06509 1.18691 1.29074 1.31892 1.43237 
0.0354131 0.201079 0.491581 0.635173 0.637143 0.741685 1.06509 1.18691 1.29074 1.31892 
0.0354131 0.201079 0.226441 0.491581 0.635173 0.637143 0.666121 0.741685 1.06509 1.18691 
0.0354131 0.201079 0.226441 0.491581 0.635173 0.637143 0.666121 0.741685 1.06509 1.18691 
0.0354131 0.201079 0.226441 0.491581 0.513404 0.635173 0.637143 0.666121 0.741685 1.06509 
0.0354131 0.201079 0.226441 0.475094 0.491581 0.513404 0.635173 0.637143 0.666121 0.741685 
0.0354131 0.201079 0.207829 0.226441 0.475094 0.491581 0.513404 0.635173 0.637143 0.666121 
0.0354131 0.201079 0.207829 0.226441 0.475094 0.491581 0.513404 0.635173 0.637143 0.666121 
0.0354131 0.201079 0.207829 0.226441 0.464879 0.475094 0.491581 0.513404 0.635173 0.637143 
0.0354131 0.136261 0.201079 0.207829 0.226441 0.392458 0.464879 0.475094 0.491581 0.513404 
0.0354131 0.136261 0.186963 0.201079 0.207829 0.226441 0.392458 0.464879 0.475094 0.491581 
0.0354131 0.136261 0.186963 0.201079 0.207829 0.226441 0.392458 0.464879 0.475094 0.491581 
0.0354131 0.136261 0.186963 0.201079 0.207829 0.226441 0.392458 0.464879 0.475094 0.491581 
0.0354131 0.136261 0.186963 0.201079 0.207829 0.226441 0.392458 0.464879 0.475094 0.491581 
0.0354131 0.0680448 0.136261 0.186963 0.201079 0.205275 0.207829 0.226441 0.392458 0.464879 
0.0354131 0.0680448 0.136261 0.186963 0.201079 0.205275 0.207829 0.226441 0.392458 0.464879 
0.0354131 0.0680448 0.136261 0.186963 0.201079 0.205275 0.207829 0.226441 0.392458 0.464879 
0.0354131 0.0680448 0.136261 0.186963 0.201079 0.205275 0.207829 0.226441 0.356482 0.392458 
0.0354131 0.0680448 0.136261 0.186963 0.201079 0.205275 0.207829 0.226441 0.303776 0.356482 
0.0354131 0.0680448 0.0859611 0.136261 0.186963 0.201079 0.205275 0.207829 0.226441 0.303776 
0.0354131 0.0592639 0.0680448 0.0745209 0.0859611 0.136261 0.186963 0.201079 0.205275 0.207829 
0.0354131 0.0592639 0.0680448 0.0745209 0.0859611 0.136261 0.186963 0.201079 0.205275 0.207829 
0.0354131 0.0458072 0.0592639 0.0680448 0.0745209 0.0859611 0.136261 0.186963 0.201079 0.205275 
0.0354131 0.0458072 0.0592639 0.0680448 0.0745209 0.0859611 0.136261 0.186963 0.201079 0.205275 
0.0354131 0.0458072 0.0592639 0.0680448 0.0745209 0.0859611 0.136261 0.166875 0.186963 0.200997 
0.0354131 0.0458072 0.0592639 0.0680448 0.0745209 0.0799963 0.0859611 0.112363 0.136261 0.166875 
0.0354131 0.0458072 0.0592639 0.0680448 0.0745209 0.0799963 0.0859611 0.112363 0.12028 0.136261 
0.0354131 0.0458072 0.0592639 0.0680448 0.0745209 0.0799963 0.0859611 0.112363 0.12028 0.130033 
0.0354131 0.0458072 0.0592639 0.0680448 0.0745209 0.0799963 0.0859611 0.112363 0.12028 0.130033 
0.0354131 0.0458072 0.0592639 0.0680448 0.0745209 0.0799963 0.0859611 0.112363 0.12028 0.130033 
0.0354131 0.0458072 0.0592639 0.0680448 0.0745209 0.0799963 0.0859611 0.102575 0.112363 0.12028 
0.0354131 0.0458072 0.0592639 0.0680448 0.0745209 0.0799963 0.0859611 0.102575 0.112363 0.12028 
0.0354131 0.0458072 0.0592639 0.0680448 0.0745209 0.0799963 0.0859611 0.102575 0.112363 0.12028 
0.0354131 0.0458072 0.0592639 0.0680448 0.0685927 0.0745209 0.0799963 0.0859611 0.102575 0.112363 
0.0354131 0.0458072 0.0592639 0.0680448 0.0685927 0.0745209 0.0799963 0.0859611 0.102575 0.112363 
0.0354131 0.0458072 0.0592639 0.0680448 0.0685927 0.0745209 0.0799963 0.0859611 0.102575 0.112363 
0.0354131 0.0458072 0.0592639 0.0680448 0.0685927 0.0745209 0.0799963 0.0859611 0.102575 0.112363 
0.0354131 0.0458072 0.0592639 0.0680448 0.0685927 0.0745209 0.0799963 0.0859611 0.102575 0.112363 
0.0354131 0.0458072 0.0592639 0.0680448 0.0685927 0.0745209 0.0799963 0.0859611 0.102575 0.112363 
0.0354131 0.0458072 0.0592639 0.0680448 0.0685927 0.0745209 0.0799963 0.0859611 0.102575 0.112363 
0.0354131 0.0458072 0.0592639 0.0680448 0.0685927 0.0745209 0.0799963 0.0859611 0.102575 0.112363 
0.0354131 0.0458072 0.0592639 0.0680448 0.0685927 0.0745209 0.0799963 0.0859611 0.102575 0.112363 
0.0354131 0.0458072 0.0592639 0.0680448 0.0685927 0.0745209 0.0799963 0.0859611 0.102575 0.112363 
0.0354131 0.0458072 0.0592639 0.0680448 0.0685927 0.0745209 0.0799963 0.0859611 0.102575 0.112363 
0.0354131 0.0458072 0.0592639 0.0680448 0.0685927 0.0745209 0.0799963 0.0859611 0.102575 0.112363 
0.0354131 0.0458072 0.0592639 0.0680448 0.0685927 0.0745209 0.0799963 0.0859611 0.102575 0.112363 
0.0354131 0.0458072 0.0592639 0.0680448 0.0685927 0.0745209 0.0799963 0.0859611 0.102575 0.112363 
0.0354131 0.0458072 0.0592639 0.0680448 0.0685927 0.0745209 0.0799963 0.0859611 0.102575 0.112363 
0.0354131 0.0458072 0.0592639 0.0680448 0.0685927 0.0745209 0.0799963 0.0859611 0.102575 0.112363 
0.0354131 0.0458072 0.0592639 0.0680448 0.0685927 0.0745209 0.0799963 0.0859611 0.102575 0.112363 
0.0354131 0.0458072 0.0592639 0.0680448 0.0685927 0.0745209 0.0799963 0.0859611 0.102575 0.112363 
0.0354131 0.0458072 0.0592639 0.0680448 0.0685927 0.0745209 0.0799963 0.0859611 0.102575 0.112363 
0.0354131 0.0458072 0.0592639 0.0680448 0.0685927 0.0745209 0.0799963 0.0859611 0.102575 0.112363 
0.0354131 0.0458072 0.0592639 0.0680448 0.0685927 0.0745209 0.0799963 0.0859611 0.102575 0.112363 
0.0354131 0.0458072 0.0592639 0.0680448 0.0685927 0.0745209 0.0799963 0.0859611 0.102575 0.112363 
0.0354131 0.0458072 0.0592639 0.0680448 0.0685927 0.0745209 0.0799963 0.0859611 0.102575 0.112363 
0.0354131 0.0458072 0.0592639 0.0680448 0.0685927 0.0745209 0.0799963 0.0859611 0.102575 0.112363 
0.0354131 0.0458072 0.0592639 0.0680448 0.0685927 0.0745209 0.0799963 0.0859611 0.102575 0.112363 
0.0354131 0.0458072 0.0592639 0.0680448 0.0685927 0.0745209 0.0799963 0.0859611 0.102575 0.112363 
0.0354131 0.0458072 0.0592639 0.0680448 0.0685927 0.0745209 0.0799963 0.0859611 0.102575 0.112363 
0.0354131 0.0458072 0.0592639 0.0680448 0.0685927 0.0745209 0.0799963 0.0859611 0.102575 0.112363 
0.0354131 0.0458072 0.0592639 0.0680448 0.0685927 0.0745209 0.0799963 0.0859611 0.102575 0.112363 
0.0354131 0.0458072 0.0592639 0.0680448 0.0685927 0.0745209 0.0799963 0.0859611 0.102575 0.112363 
0.0354131 0.0458072 0.0592639 0.0680448 0.0685927 0.0745209 0.0799963 0.0859611 0.102575 0.112363 
0.0354131 0.0458072 0.0592639 0.0680448 0.0685927 0.0745209 0.0799963 0.0859611 0.102575 0.112363 
0.0354131 0.0458072 0.0592639 0.0680448 0.0685927 0.0745209 0.0799963 0.0859611 0.102575 0.112363 
0.0354131 0.0458072 0.0592639 0.0680448 0.0685927 0.0745209 0.0799963 0.0859611 0.102575 0.112363 
0.0354131 0.0458072 0.0592639 0.0680448 0.0685927 0.0745209 0.0799963 0.0859611 0.102575 0.112363 
0.0354131 0.0458072 0.0592639 0.0680448 0.0685927 0.0745209 0.0799963 0.0859611 0.102575 0.112363 
0.0354131 0.0458072 0.0592639 0.0680448 0.0685927 0.0745209 0.0799963 0.0859611 0.102575 0.112363 
0.0354131 0.0458072 0.0592639 0.0680448 0.0685927 0.0745209 0.0799963 0.0859611 0.102575 0.112363 
0.0354131 0.0458072 0.0592639 0.0680448 0.0685927 0.0745209 0.0799963 0.0859611 0.102575 0.112363 
