4.60991 4.91104 6.0524 7.6324 7.68402 7.92011 8.15115 8.48601 8.72291 8.73761 
1.43562 4.60991 4.91104 5.71978 5.85672 6.0524 7.13342 7.56757 7.6324 7.64579 
1.43562 4.25103 4.34473 4.60991 4.91104 5.68978 5.71978 5.85672 6.0524 6.25965 
1.43562 4.25103 4.27637 4.34473 4.60991 4.91104 5.11695 5.13597 5.15394 5.68978 
1.43562 3.90989 4.17167 4.25103 4.27637 4.34473 4.6052 4.60991 4.91104 5.11695 
1.43562 3.90989 4.17167 4.25103 4.27637 4.34473 4.6052 4.60991 4.91104 5.06647 
1.43562 2.66901 3.90989 4.17167 4.25103 4.27637 4.34473 4.46686 4.6052 4.60991 
1.43562 2.66901 3.90989 4.01862 4.1393 4.17167 4.25103 4.27637 4.34473 4.39154 
1.43562 2.66901 3.90989 4.01862 4.1393 4.17167 4.25103 4.27637 4.34473 4.39154 
1.43562 2.66901 3.20109 3.29129 3.90514 3.90989 3.99775 4.01862 4.1393 4.17167 
1.43562 2.59706 2.66901 3.20109 3.29129 3.41515 3.56862 3.87239 3.90514 3.90989 
1.43562 2.59706 2.66901 2.95965 3.20109 3.25433 3.29129 3.41515 3.56862 3.87239 
1.43562 2.59706 2.66901 2.95965 2.98692 3.20109 3.25433 3.29129 3.41515 3.56862 
1.43562 2.59706 2.66901 2.95965 2.98692 3.20109 3.25433 3.29129 3.41515 3.45479 
1.43562 2.4248 2.59706 2.66901 2.91812 2.92015 2.95965 2.98692 3.013 3.20109 
1.43562 2.4248 2.59706 2.66901 2.7173 2.91812 2.92015 2.95965 2.98692 3.013 
1.43562 2.4248 2.59706 2.66901 2.7173 2.91812 2.92015 2.95965 2.98692 3.013 
1.43562 2.4248 2.59706 2.64153 2.66901 2.70247 2.7173 2.91812 2.92015 2.95965 
1.43562 1.44162 2.4248 2.59706 2.64153 2.66901 2.70247 2.7173 2.91812 2.91972 
0.943186 1.43562 1.44162 2.4248 2.59706 2.64153 2.66901 2.70247 2.7173 2.91812 
0.943186 1.43562 1.44162 1.65178 2.4248 2.59706 2.64153 2.66901 2.70247 2.70731 
0.943186 1.43562 1.44162 1.65178 2.4248 2.59706 2.64153 2.66901 2.70247 2.70731 
0.943186 1.43562 1.44162 1.65178 2.4248 2.59706 2.60427 2.64153 2.66901 2.70247 
0.943186 1.09194 1.43562 1.44162 1.65178 2.4248 2.59706 2.60427 2.64153 2.66901 
0.943186 1.09194 1.43562 1.44162 1.65178 2.4248 2.59706 2.60427 2.64153 2.66901 
0.943186 1.09194 1.43562 1.44162 1.65178 2.4248 2.59706 2.60427 2.64153 2.66901 
0.943186 1.09194 1.43562 1.44162 1.65178 2.4248 2.59706 2.60427 2.64153 2.66901 
0.302617 0.943186 0.997045 1.09194 1.43562 1.44162 1.65178 2.4248 2.59706 2.60427 
0.302617 0.943186 0.997045 1.09194 1.43562 1.44162 1.65178 2.4248 2.59706 2.60427 
0.302617 0.943186 0.997045 1.09194 1.43562 1.44162 1.65178 2.4248 2.59706 2.60427 
0.302617 0.943186 0.997045 1.09194 1.24857 1.43562 1.44162 1.65178 2.4248 2.54378 
0.302617 0.943186 0.997045 1.09194 1.12762 1.24857 1.43562 1.44162 1.65178 1.79609 
0.302617 0.943186 0.997045 1.09194 1.12762 1.24857 1.43562 1.44162 1.65178 1.79609 
0.302617 0.943186 0.997045 1.09194 1.12762 1.24857 1.43562 1.44162 1.65178 1.79609 
0.302617 0.943186 0.997045 1.09194 1.12762 1.24857 1.43562 1.44162 1.65178 1.79609 
0.302617 0.943186 0.997045 1.09194 1.12762 1.24857 1.43562 1.44162 1.65178 1.79609 
0.302617 0.943186 0.997045 1.09194 1.12762 1.24857 1.43562 1.44162 1.65178 1.68097 
0.0878803 0.302617 0.943186 0.997045 1.09194 1.12762 1.24857 1.43562 1.44162 1.65178 
0.0878803 0.302617 0.943186 0.997045 1.09194 1.12762 1.24857 1.43562 1.44162 1.65178 
0.0878803 0.302617 0.943186 0.997045 1.09194 1.12762 1.24857 1.3377 1.43562 1.44162 
0.0878803 0.302617 0.943186 0.997045 1.09194 1.12762 1.24857 1.3377 1.43562 1.44162 
0.0878803 0.302617 0.943186 0.997045 1.09194 1.12762 1.24857 1.3377 1.43562 1.44162 
0.0878803 0.302617 0.943186 0.997045 1.09194 1.12762 1.24857 1.3377 1.43562 1.44162 
0.0878803 0.302617 0.304375 0.41495 0.943186 0.997045 1.09194 1.12762 1.24857 1.3377 
0.0878803 0.302617 0.304375 0.41495 0.943186 0.997045 1.09194 1.12762 1.13416 1.24857 
0.0878803 0.302617 0.304375 0.41495 0.921161 0.943186 0.997045 1.09194 1.12762 1.13416 
0.0878803 0.302617 0.304375 0.41495 0.921161 0.943186 0.997045 1.09194 1.12762 1.13416 
0.0878803 0.302617 0.304375 0.41495 0.921161 0.943186 0.997045 1.09194 1.12762 1.13416 
0.0878803 0.302617 0.304375 0.41495 0.921161 0.943186 0.997045 1.09194 1.12762 1.13416 
0.0878803 0.302617 0.304375 0.41495 0.675706 0.921161 0.943186 0.997045 1.09194 1.12762 
0.0878803 0.302617 0.304375 0.41495 0.675706 0.921161 0.943186 0.997045 1.09194 1.12762 
0.0878803 0.302617 0.304375 0.41495 0.675706 0.921161 0.943186 0.997045 1.09194 1.12762 
0.0878803 0.302617 0.304375 0.41495 0.675706 0.921161 0.943186 0.997045 1.09194 1.12762 
0.0878803 0.302617 0.304375 0.41495 0.675706 0.921161 0.943186 0.997045 1.09194 1.12762 
0.0878803 0.302617 0.304375 0.41495 0.675706 0.921161 0.943186 0.997045 1.09194 1.12762 
0.0878803 0.302617 0.304375 0.41495 0.675706 0.921161 0.943186 0.997045 1.09194 1.12762 
0.0878803 0.302617 0.304375 0.41495 0.675706 0.825099 0.921161 0.943186 0.997045 1.09194 
0.0878803 0.302617 0.304375 0.333207 0.41495 0.675706 0.825099 0.921161 0.943186 0.997045 
0.0878803 0.301657 0.302617 0.304375 0.333207 0.41495 0.675706 0.825099 0.921161 0.943186 
0.0878803 0.301657 0.302617 0.304375 0.333207 0.41495 0.675706 0.825099 0.921161 0.943186 
0.0878803 0.301657 0.302617 0.304375 0.333207 0.41495 0.675706 0.825099 0.921161 0.943186 
0.0878803 0.301657 0.302617 0.304375 0.333207 0.41495 0.675706 0.825099 0.921161 0.943186 
0.0878803 0.301657 0.302617 0.304375 0.333207 0.41495 0.675706 0.825099 0.921161 0.943186 
0.0878803 0.301657 0.302617 0.304375 0.333207 0.41495 0.675706 0.698437 0.825099 0.921161 
0.0878803 0.301657 0.302617 0.304375 0.333207 0.41495 0.675706 0.698437 0.825099 0.921161 
0.0878803 0.301657 0.302617 0.304375 0.333207 0.41495 0.675706 0.698437 0.825099 0.921161 
0.0878803 0.301657 0.302617 0.304375 0.333207 0.41495 0.675706 0.698437 0.825099 0.921161 
0.0878803 0.301657 0.302617 0.304375 0.333207 0.41495 0.675706 0.698437 0.825099 0.921161 
0.0878803 0.301657 0.302617 0.304375 0.333207 0.41495 0.675706 0.698437 0.825099 0.921161 
0.0878803 0.301657 0.302617 0.304375 0.333207 0.41495 0.675706 0.698437 0.825099 0.921161 
0.0878803 0.301657 0.302617 0.304375 0.333207 0.41495 0.675706 0.698437 0.825099 0.921161 
0.0878803 0.301657 0.302617 0.304375 0.333207 0.41495 0.675706 0.698437 0.825099 0.921161 
0.0878803 0.301657 0.302617 0.304375 0.333207 0.41495 0.675706 0.698437 0.825099 0.921161 
0.0878803 0.301657 0.302617 0.304375 0.333207 0.41495 0.675706 0.698437 0.825099 0.921161 
0.0878803 0.301657 0.302617 0.304375 0.333207 0.41495 0.675706 0.698437 0.825099 0.921161 
0.0878803 0.301657 0.302617 0.304375 0.333207 0.41495 0.675706 0.698437 0.825099 0.921161 
0.0878803 0.301657 0.302617 0.304375 0.333207 0.41495 0.675706 0.698437 0.825099 0.921161 
0.0878803 0.301657 0.302617 0.304375 0.333207 0.41495 0.675706 0.698437 0.825099 0.921161 
0.0878803 0.301657 0.302617 0.304375 0.333207 0.41495 0.675706 0.698437 0.825099 0.921161 
0.0878803 0.301657 0.302617 0.304375 0.333207 0.41495 0.675706 0.698437 0.825099 0.921161 
0.0878803 0.301657 0.302617 0.304375 0.333207 0.41495 0.675706 0.698437 0.825099 0.921161 
0.0878803 0.301657 0.302617 0.304375 0.333207 0.41495 0.675706 0.698437 0.825099 0.921161 
0.0878803 0.301657 0.302617 0.304375 0.333207 0.41495 0.675706 0.698437 0.825099 0.921161 
0.0878803 0.301657 0.302617 0.304375 0.333207 0.41495 0.675706 0.698437 0.825099 0.921161 
0.0878803 0.301657 0.302617 0.304375 0.333207 0.41495 0.675706 0.698437 0.825099 0.921161 
0.0878803 0.301657 0.302617 0.304375 0.333207 0.41495 0.675706 0.698437 0.825099 0.921161 
0.0878803 0.301657 0.302617 0.304375 0.333207 0.41495 0.675706 0.698437 0.825099 0.921161 
0.0878803 0.301657 0.302617 0.304375 0.333207 0.41495 0.675706 0.698437 0.825099 0.921161 
0.0878803 0.301657 0.302617 0.304375 0.333207 0.41495 0.675706 0.698437 0.825099 0.921161 
0.0878803 0.301657 0.302617 0.304375 0.333207 0.41495 0.675706 0.698437 0.825099 0.921161 
0.0878803 0.301657 0.302617 0.304375 0.333207 0.41495 0.675706 0.698437 0.825099 0.921161 
0.0878803 0.301657 0.302617 0.304375 0.333207 0.41495 0.675706 0.698437 0.825099 0.921161 
0.0878803 0.301657 0.302617 0.304375 0.333207 0.41495 0.675706 0.698437 0.825099 0.921161 
0.0878803 0.301657 0.302617 0.304375 0.333207 0.41495 0.675706 0.698437 0.825099 0.921161 
0.0878803 0.301657 0.302617 0.304375 0.333207 0.41495 0.675706 0.698437 0.825099 0.921161 
0.0878803 0.301657 0.302617 0.304375 0.333207 0.41495 0.675706 0.698437 0.825099 0.921161 
0.0878803 0.301657 0.302617 0.304375 0.333207 0.41495 0.675706 0.698437 0.825099 0.921161 
0.0878803 0.301657 0.302617 0.304375 0.333207 0.41495 0.675706 0.698437 0.825099 0.921161 
0.0878803 0.301657 0.302617 0.304375 0.333207 0.41495 0.675706 0.698437 0.825099 0.921161 
0.0878803 0.301657 0.302617 0.304375 0.333207 0.41495 0.675706 0.698437 0.825099 0.921161 
