4.00676 4.28777 5.24428 5.6634 5.88703 6.10644 6.18954 6.21814 6.30142 6.41598 
4.00676 4.28777 4.80386 4.85669 5.24428 5.6634 5.88703 6.10644 6.18954 6.21814 
3.32454 3.6591 3.95591 4.00676 4.28777 4.80386 4.85669 5.24428 5.54083 5.60565 
2.98551 3.32454 3.6591 3.95591 4.00676 4.28777 4.80386 4.85669 5.24428 5.54083 
2.98551 3.32454 3.6591 3.95591 4.00676 4.28777 4.80386 4.85669 5.24428 5.54083 
2.52258 2.98551 3.32454 3.6591 3.95591 4.00676 4.28777 4.80386 4.85669 5.24428 
2.52258 2.98551 3.32454 3.6591 3.95591 4.00676 4.04846 4.28777 4.80386 4.85669 
2.52258 2.98551 3.32454 3.6591 3.95591 3.96748 4.00676 4.04846 4.28777 4.80386 
2.09118 2.52258 2.98551 3.32454 3.6591 3.95591 3.96748 4.00676 4.04846 4.28777 
2.09118 2.52258 2.98551 3.32454 3.6591 3.95591 3.96748 4.00676 4.04846 4.28777 
2.09118 2.52258 2.98551 3.32454 3.6591 3.95591 3.96748 4.00676 4.04846 4.28777 
1.62012 2.09118 2.52258 2.98551 3.32454 3.60505 3.64026 3.6591 3.95591 3.96748 
1.62012 2.09118 2.52258 2.98551 3.32454 3.60505 3.64026 3.6591 3.85093 3.95591 
1.62012 2.09118 2.52258 2.98551 3.32454 3.44342 3.60505 3.64026 3.6591 3.85093 
1.62012 2.09118 2.52258 2.98551 3.32454 3.44342 3.60505 3.64026 3.6591 3.85093 
1.62012 2.09118 2.52258 2.98551 3.32454 3.44342 3.60505 3.64026 3.6591 3.85093 
1.62012 2.09118 2.52258 2.98551 3.32454 3.44342 3.60505 3.64026 3.6591 3.85093 
1.62012 2.09118 2.52258 2.98551 3.08366 3.32454 3.44342 3.60505 3.64026 3.6591 
1.62012 2.09118 2.52258 2.98551 3.08366 3.32454 3.37802 3.44342 3.60505 3.64026 
1.62012 2.09118 2.52258 2.98551 3.08366 3.32454 3.37802 3.44342 3.60505 3.64026 
1.62012 2.09118 2.52258 2.98551 3.08366 3.32454 3.37802 3.44342 3.60505 3.64026 
1.62012 2.09118 2.52258 2.98551 3.08366 3.32454 3.37802 3.44342 3.60505 3.64026 
1.62012 1.6675 2.09118 2.52258 2.98551 3.08366 3.32454 3.37802 3.44342 3.60505 
1.62012 1.6675 2.09118 2.52258 2.98551 3.06159 3.08366 3.32454 3.37802 3.44342 
1.62012 1.6675 2.09118 2.52258 2.98551 3.06159 3.08366 3.24885 3.32454 3.37802 
1.62012 1.6675 2.09118 2.52258 2.98551 3.06159 3.08366 3.24885 3.32454 3.37802 
1.62012 1.6675 2.09118 2.52258 2.60162 2.98551 3.06159 3.08366 3.24885 3.32454 
1.62012 1.6675 2.09118 2.30587 2.52258 2.60162 2.98551 3.06159 3.08366 3.24885 
1.62012 1.6675 2.09118 2.30587 2.52258 2.60162 2.98551 3.06159 3.08366 3.24885 
1.62012 1.6675 2.09118 2.30587 2.52258 2.60162 2.98551 3.06159 3.08366 3.24885 
1.62012 1.6675 2.09118 2.30587 2.46845 2.52258 2.60162 2.98551 3.06159 3.08366 
1.62012 1.6675 2.07262 2.09118 2.30587 2.46845 2.52258 2.60162 2.94004 2.98551 
1.62012 1.6675 2.07262 2.09118 2.30587 2.46845 2.52258 2.60162 2.94004 2.98551 
1.53008 1.62012 1.6675 2.07262 2.09118 2.30587 2.46845 2.52258 2.60162 2.94004 
1.53008 1.62012 1.6675 2.07262 2.09118 2.23531 2.30587 2.46845 2.52258 2.60162 
1.53008 1.62012 1.6675 2.07262 2.09118 2.23531 2.30587 2.46845 2.52258 2.60162 
1.44063 1.53008 1.62012 1.6675 2.07262 2.09118 2.10548 2.23531 2.30587 2.46845 
1.44063 1.53008 1.62012 1.6675 2.07262 2.09118 2.10548 2.23531 2.30587 2.31112 
1.44063 1.53008 1.62012 1.6675 2.07262 2.09118 2.10548 2.23531 2.30587 2.31112 
1.44063 1.53008 1.62012 1.6675 2.07262 2.09118 2.10548 2.23531 2.30587 2.31112 
1.44063 1.53008 1.62012 1.6675 2.07262 2.09118 2.10548 2.23531 2.30587 2.31112 
1.44063 1.53008 1.62012 1.6675 2.07262 2.09118 2.10548 2.23531 2.30587 2.31112 
0.282222 1.44063 1.53008 1.62012 1.6675 2.07262 2.07384 2.08355 2.09118 2.10548 
0.282222 0.697466 1.44063 1.53008 1.62012 1.6675 2.07262 2.07384 2.08355 2.09118 
0.282222 0.697466 1.44063 1.53008 1.62012 1.6675 2.07262 2.07384 2.08355 2.09118 
0.282222 0.697466 1.02689 1.44063 1.53008 1.62012 1.6675 2.07262 2.07384 2.08355 
0.282222 0.697466 1.02689 1.44063 1.53008 1.62012 1.6675 2.07262 2.07384 2.08355 
0.282222 0.697466 1.02689 1.44063 1.53008 1.62012 1.6675 2.07262 2.07384 2.08355 
0.282222 0.657991 0.697466 1.02689 1.44063 1.53008 1.62012 1.6675 2.07262 2.07384 
0.282222 0.657991 0.697466 1.02689 1.44063 1.53008 1.62012 1.6675 2.07262 2.07384 
0.282222 0.657991 0.697466 1.02689 1.44063 1.53008 1.62012 1.6675 2.07262 2.07384 
0.282222 0.657991 0.697466 1.02689 1.44063 1.53008 1.62012 1.6675 1.71898 2.07262 
0.282222 0.657991 0.697466 1.02689 1.44063 1.53008 1.62012 1.6675 1.71898 2.07262 
0.282222 0.657991 0.697466 1.02689 1.44063 1.53008 1.62012 1.6675 1.71898 2.07262 
0.282222 0.657991 0.697466 1.02689 1.44063 1.53008 1.62012 1.6675 1.71898 1.96135 
0.282222 0.657991 0.697466 1.02689 1.44063 1.53008 1.62012 1.6675 1.71898 1.96135 
0.282222 0.657991 0.697466 1.02689 1.44063 1.53008 1.62012 1.6675 1.71898 1.96135 
0.282222 0.657991 0.697466 1.02689 1.44063 1.53008 1.62012 1.6675 1.71898 1.96135 
0.282222 0.657991 0.697466 1.02689 1.44063 1.53008 1.62012 1.6675 1.71898 1.96135 
0.282222 0.657991 0.697466 1.02689 1.44063 1.53008 1.62012 1.6675 1.71898 1.96135 
0.282222 0.657991 0.697466 1.02689 1.44063 1.53008 1.62012 1.6675 1.71898 1.96135 
0.282222 0.657991 0.697466 1.02689 1.44063 1.53008 1.62012 1.6675 1.71898 1.96135 
0.282222 0.657991 0.697466 1.02689 1.44063 1.53008 1.62012 1.6675 1.71898 1.96135 
0.282222 0.657991 0.697466 1.02689 1.44063 1.53008 1.62012 1.6675 1.71898 1.96135 
0.282222 0.657991 0.697466 1.02689 1.44063 1.53008 1.62012 1.6675 1.71898 1.96135 
0.282222 0.657991 0.697466 1.02689 1.44063 1.53008 1.62012 1.6675 1.71898 1.96135 
0.282222 0.657991 0.697466 1.02689 1.44063 1.53008 1.62012 1.6675 1.71898 1.96135 
0.282222 0.657991 0.697466 1.02689 1.44063 1.53008 1.62012 1.6675 1.71898 1.96135 
0.282222 0.657991 0.697466 1.02689 1.44063 1.53008 1.62012 1.6675 1.71898 1.96135 
0.282222 0.657991 0.697466 1.02689 1.44063 1.53008 1.62012 1.6675 1.71898 1.96135 
0.282222 0.657991 0.697466 1.02689 1.44063 1.53008 1.62012 1.6675 1.71898 1.96135 
0.282222 0.657991 0.697466 1.02689 1.44063 1.53008 1.62012 1.6675 1.71898 1.96135 
0.282222 0.657991 0.697466 1.02689 1.44063 1.53008 1.62012 1.6675 1.71898 1.96135 
0.282222 0.657991 0.697466 1.02689 1.44063 1.53008 1.62012 1.6675 1.71898 1.96135 
0.282222 0.657991 0.697466 1.02689 1.44063 1.53008 1.62012 1.6675 1.71898 1.96135 
0.282222 0.657991 0.697466 1.02689 1.44063 1.53008 1.59508 1.62012 1.6675 1.71898 
0.282222 0.657991 0.697466 1.02689 1.44063 1.53008 1.59508 1.62012 1.6675 1.71898 
0.282222 0.657991 0.697466 1.02689 1.44063 1.53008 1.59508 1.62012 1.6675 1.71898 
0.282222 0.657991 0.697466 1.02689 1.44063 1.53008 1.59508 1.62012 1.6675 1.71898 
0.282222 0.657991 0.697466 1.02689 1.44063 1.53008 1.59508 1.62012 1.6675 1.71898 
0.282222 0.657991 0.697466 1.02689 1.44063 1.53008 1.59508 1.62012 1.6675 1.71898 
0.282222 0.657991 0.697466 1.02689 1.44063 1.53008 1.59508 1.62012 1.6675 1.71898 
0.282222 0.657991 0.697466 1.02689 1.44063 1.53008 1.59508 1.62012 1.6675 1.71898 
0.282222 0.657991 0.697466 1.02689 1.44063 1.53008 1.58385 1.59508 1.62012 1.6675 
0.282222 0.657991 0.697466 1.02689 1.44063 1.53008 1.58385 1.59508 1.62012 1.6675 
0.282222 0.657991 0.697466 1.02689 1.44063 1.53008 1.58385 1.59508 1.62012 1.6675 
0.282222 0.657991 0.697466 1.02689 1.44063 1.53008 1.58385 1.59508 1.61935 1.62012 
0.282222 0.657991 0.697466 1.02689 1.44063 1.53008 1.58385 1.59508 1.61935 1.62012 
0.282222 0.657991 0.697466 1.02689 1.44063 1.53008 1.58385 1.59508 1.61935 1.62012 
0.282222 0.657991 0.697466 1.02689 1.44063 1.53008 1.58385 1.59508 1.61935 1.62012 
0.282222 0.657991 0.697466 1.02689 1.44063 1.53008 1.58385 1.59508 1.61935 1.62012 
0.282222 0.657991 0.697466 1.02689 1.44063 1.53008 1.58385 1.59508 1.61935 1.62012 
0.282222 0.657991 0.697466 1.02689 1.44063 1.53008 1.58385 1.59508 1.61935 1.62012 
0.282222 0.657991 0.697466 0.973139 1.02689 1.1388 1.27871 1.30248 1.44063 1.53008 
0.282222 0.657991 0.697466 0.973139 1.02689 1.1388 1.27871 1.30248 1.36121 1.44063 
0.282222 0.657991 0.697466 0.973139 1.02689 1.1388 1.17854 1.27871 1.30248 1.34358 
0.282222 0.657991 0.697466 0.973139 1.02689 1.1388 1.17854 1.27871 1.30248 1.34358 
0.282222 0.657991 0.697466 0.749332 0.948302 0.973139 1.02689 1.1388 1.17854 1.27871 
0.282222 0.657991 0.697466 0.749332 0.948302 0.973139 1.02689 1.1388 1.17854 1.27871 
0.282222 0.657991 0.697466 0.749332 0.948302 0.973139 1.02689 1.07328 1.1388 1.17854 
