4.6369	5.3859	4.2544	4.9937	3.2646	3.9741	3.2147	3.8621
4.4067	5.207	3.7856	4.3288	2.8913	3.5882	2.8558	3.4037
4.2286	4.5519	2.95	3.8389	2.5934	3.3185	2.3796	2.8956
4.0244	4.0455	2.8374	3.6298	2.2667	2.7744	2.1982	2.4611
3.7968	3.8696	2.5662	3.3437	1.8308	2.5661	1.8533	2.4068
3.6653	3.7838	2.4945	3.3437	1.7642	2.4297	1.8533	2.2622
3.6301	3.6064	2.393	3.2963	1.6358	1.967	1.7412	2.2622
3.6301	3.4001	2.393	3.2543	1.633	1.9319	1.6619	2.091
3.3832	3.2337	2.3761	3.2543	1.1113	1.8822	1.6208	1.9885
3.3359	2.6131	2.3473	3.013	1.1113	1.8475	1.6208	1.5409
3.3325	2.5698	2.3187	2.913	1.1113	1.8475	1.6208	1.3363
3.105	2.4517	2.1759	2.8656	1.1113	1.6399	1.5552	0.99397
2.4481	2.4517	2.1759	2.8656	1.1113	1.6399	1.5289	0.99397
2.4266	2.1737	2.1503	2.7881	1.1113	1.5794	1.455	0.99397
2.1979	2.0286	2.1503	2.5054	1.1113	1.444	1.4406	0.99397
2.1979	2.0286	2.0099	2.4169	1.1113	1.444	1.2028	0.99397
2.1979	2.0286	1.8608	2.1375	1.0721	1.444	1.1419	0.99397
1.8995	1.7682	1.7229	2.094	1.0721	1.4373	1.0757	0.99397
1.8995	1.7682	1.5996	2.0024	0.99593	1.3975	0.86363	0.99397
1.8558	1.7682	1.5996	2.0024	0.99505	1.3975	0.76438	0.99397
1.8449	1.7682	1.5684	2.0024	0.82618	1.3975	0.75174	0.95394
1.5609	1.7682	1.5684	1.8147	0.8228	1.3312	0.69438	0.95394
1.3691	1.4872	1.1725	1.8147	0.8228	1.3198	0.69438	0.90488
1.3691	1.4394	1.1725	1.8147	0.82271	1.3198	0.6937	0.90488
1.052	1.4194	1.1725	1.8147	0.79395	1.3198	0.6937	0.86496
1.0263	1.4194	1.1532	1.7599	0.77041	1.3198	0.6937	0.83778
1.0263	1.4194	1.1532	1.7379	0.68007	1.2621	0.6937	0.81825
0.92663	1.4152	1.1467	1.6068	0.68007	1.2621	0.6937	0.81825
0.92321	1.27	1.1467	1.6068	0.68007	1.1736	0.6937	0.77424
0.92321	1.27	1.1467	1.6068	0.68007	1.1162	0.50848	0.77424
0.86108	1.27	1.0348	1.6068	0.68007	1.0664	0.49607	0.77424
0.86108	1.0265	1.0348	1.6068	0.68007	0.9592	0.49607	0.76053
0.82787	1.0265	1.0213	1.6068	0.68007	0.9592	0.46787	0.65237
0.75808	1.0246	1.0213	1.5306	0.61028	0.91531	0.46787	0.65237
0.75808	1.0246	1.0213	1.5306	0.57018	0.80162	0.46787	0.65237
0.75808	1.0246	0.95224	1.5306	0.49476	0.80162	0.40793	0.62273
0.7306	0.98159	0.94722	1.4585	0.49476	0.80162	0.22557	0.62273
0.68394	0.98159	0.94722	1.4294	0.4468	0.80162	0.22557	0.58655
0.67003	0.98159	0.94722	1.2509	0.4468	0.79967	0.22557	0.58655
0.67003	0.98159	0.63304	1.2509	0.4468	0.79967	0.20025	0.56522
0.65467	0.9738	0.61298	1.2509	0.40217	0.79967	0.20025	0.56522
0.6541	0.9738	0.61298	1.2392	0.36119	0.79967	0.19206	0.56522
0.6541	0.9738	0.61298	1.2392	0.34389	0.79967	0.19206	0.56522
0.57884	0.9738	0.61298	1.1524	0.34389	0.79967	0.19206	0.56522
0.55725	0.9738	0.60769	1.1102	0.34389	0.77369	0.19206	0.5637
0.52071	0.9245	0.60769	1.049	0.34389	0.77369	0.19206	0.5637
0.52071	0.91298	0.58358	0.82257	0.34389	0.77369	0.18845	0.5637
0.51291	0.91298	0.57762	0.76194	0.34389	0.77369	0.18845	0.55965
0.51291	0.91298	0.57762	0.76194	0.34389	0.74397	0.18845	0.55965
0.49354	0.91298	0.57762	0.76194	0.34061	0.74397	0.18845	0.54706
0.49354	0.91298	0.57762	0.76194	0.34061	0.74397	0.18845	0.54706
0.43016	0.91298	0.57411	0.76028	0.34061	0.74397	0.18845	0.54706
0.43016	0.89069	0.57411	0.76028	0.34061	0.73129	0.18845	0.54706
0.3702	0.89069	0.57411	0.76028	0.34061	0.73129	0.18845	0.53906
0.3702	0.84692	0.55054	0.74218	0.34061	0.73129	0.18845	0.49791
0.3702	0.84692	0.55054	0.73802	0.33586	0.73129	0.18845	0.49791
0.34452	0.84692	0.55054	0.73802	0.33586	0.73129	0.18845	0.49791
0.34452	0.84692	0.55054	0.73802	0.33586	0.73129	0.18845	0.49791
0.34452	0.84692	0.55054	0.71612	0.33586	0.73129	0.18845	0.49791
0.34179	0.79093	0.55054	0.71612	0.33455	0.73129	0.18845	0.49791
0.34179	0.79093	0.55054	0.69568	0.33455	0.73129	0.18845	0.49791
0.34179	0.79093	0.55054	0.69568	0.33455	0.73129	0.18845	0.49791
0.34179	0.79093	0.55054	0.69568	0.33204	0.73129	0.18845	0.49775
0.34179	0.79093	0.52817	0.69568	0.33204	0.73129	0.18845	0.49775
0.34179	0.73859	0.52817	0.69568	0.33204	0.73129	0.18845	0.49775
0.34179	0.73859	0.52817	0.69568	0.33204	0.73129	0.18845	0.49775
0.34179	0.73859	0.52817	0.68505	0.33204	0.73129	0.18845	0.49775
0.34179	0.73859	0.52817	0.68505	0.33204	0.73129	0.18845	0.49775
0.34179	0.73859	0.52817	0.68505	0.33204	0.73129	0.18845	0.49775
0.34179	0.73859	0.52817	0.68505	0.33204	0.73129	0.18845	0.49775
0.34179	0.73859	0.52817	0.68505	0.33204	0.73129	0.18118	0.49775
0.34179	0.73859	0.52817	0.68505	0.33204	0.73129	0.18118	0.49775
0.34179	0.73859	0.52817	0.68505	0.33204	0.73129	0.18118	0.49775
0.34179	0.73859	0.52817	0.68505	0.33204	0.73129	0.18118	0.49775
0.34179	0.73859	0.52817	0.68505	0.33204	0.73129	0.18118	0.49775
0.34179	0.73859	0.52817	0.68505	0.33204	0.73129	0.18118	0.49775
0.34179	0.73786	0.52817	0.68505	0.33204	0.73129	0.18118	0.49775
0.34179	0.73786	0.52817	0.68505	0.33204	0.73129	0.18118	0.49775
0.34179	0.73786	0.52817	0.68505	0.33204	0.73129	0.17997	0.49775
0.34179	0.73786	0.52817	0.68505	0.33204	0.73129	0.17997	0.49775
0.34179	0.73786	0.52817	0.68505	0.33204	0.73129	0.17997	0.49775
0.34179	0.73786	0.52817	0.68505	0.33204	0.73129	0.17997	0.49775
0.34179	0.73786	0.52817	0.68505	0.33204	0.73129	0.17997	0.49775
0.34179	0.73786	0.52817	0.68505	0.33204	0.73129	0.17997	0.49775
0.34179	0.73786	0.52817	0.68505	0.33204	0.73129	0.17997	0.49775
0.34179	0.73786	0.52817	0.68505	0.33204	0.73129	0.17997	0.49775
0.34179	0.73786	0.52817	0.68505	0.33204	0.73129	0.17997	0.49775
0.34179	0.73786	0.52817	0.68505	0.33204	0.73129	0.17997	0.49775
0.34179	0.73786	0.52817	0.68505	0.33204	0.73129	0.17997	0.49775
0.34179	0.73786	0.52817	0.68505	0.33204	0.73129	0.17997	0.49775
0.34179	0.73786	0.52817	0.68505	0.33204	0.73129	0.17997	0.49775
0.34179	0.73786	0.52817	0.68505	0.33204	0.73129	0.17997	0.49775
0.34179	0.73786	0.52817	0.68505	0.33204	0.73129	0.17997	0.49775
0.34179	0.73786	0.52817	0.68505	0.33204	0.73129	0.17997	0.49775
0.34179	0.73786	0.52817	0.68505	0.33204	0.73129	0.17997	0.49775
0.34179	0.73786	0.52817	0.68505	0.33204	0.73129	0.17997	0.49775
0.34179	0.73786	0.52817	0.68505	0.33204	0.73129	0.17997	0.49775
0.34179	0.73786	0.52817	0.68505	0.33204	0.73129	0.17997	0.49775
0.34179	0.73786	0.52817	0.68505	0.33204	0.73129	0.17997	0.49775
0.34179	0.73786	0.52817	0.68505	0.33204	0.73129	0.17997	0.49775
