1 1.8704
2 1.111
3 0.79152
4 0.61525
5 0.61525
6 0.61525
7 0.55841
8 0.52375
9 0.51947
10 0.51431
11 0.51199
12 0.51199
13 0.48732
14 0.47916
15 0.47916
16 0.44205
17 0.42925
18 0.42925
19 0.42925
20 0.42925
21 0.42245
22 0.41192
23 0.41192
24 0.34162
25 0.32908
26 0.32844
27 0.32844
28 0.32376
29 0.32376
30 0.26148
31 0.24214
32 0.22412
33 0.20871
34 0.2047
35 0.2047
36 0.2047
37 0.2047
38 0.19849
39 0.19849
40 0.19849
41 0.19132
42 0.17878
43 0.17878
44 0.17878
45 0.17878
46 0.17878
47 0.17878
48 0.17878
49 0.17878
50 0.17878
51 0.17878
52 0.17878
53 0.17878
54 0.17878
55 0.17878
56 0.17878
57 0.17878
58 0.17878
59 0.17878
60 0.17878
61 0.17878
62 0.17878
63 0.17878
64 0.17878
65 0.17821
66 0.17821
67 0.17821
68 0.17821
69 0.17821
70 0.17821
71 0.17821
72 0.17821
73 0.17821
74 0.17821
75 0.17821
76 0.17821
77 0.17821
78 0.17821
79 0.17821
80 0.17821
81 0.17821
82 0.17821
83 0.17821
84 0.17821
85 0.17821
86 0.17821
87 0.17821
88 0.17821
89 0.17821
90 0.17821
91 0.17821
92 0.17821
93 0.17821
94 0.17821
95 0.17821
96 0.17821
97 0.17821
98 0.17821
99 0.17821
100 0.17821
