1 2.5769
2 2.038
3 1.5427
4 1.2063
5 0.9235
6 0.83954
7 0.66275
8 0.57641
9 0.47595
10 0.40993
11 0.37333
12 0.37333
13 0.35224
14 0.29072
15 0.29072
16 0.29072
17 0.26571
18 0.26571
19 0.26571
20 0.26571
21 0.26571
22 0.26571
23 0.26571
24 0.26571
25 0.26443
26 0.26443
27 0.24783
28 0.24783
29 0.24783
30 0.24783
31 0.24783
32 0.24783
33 0.24783
34 0.24783
35 0.24783
36 0.24783
37 0.23527
38 0.23527
39 0.21355
40 0.21355
41 0.21355
42 0.14722
43 0.14722
44 0.14722
45 0.13989
46 0.13989
47 0.13989
48 0.13989
49 0.13989
50 0.13989
51 0.13989
52 0.13989
53 0.13989
54 0.13989
55 0.13989
56 0.13881
57 0.13881
58 0.13881
59 0.13881
60 0.13881
61 0.13656
62 0.13656
63 0.13634
64 0.13634
65 0.13634
66 0.13634
67 0.13634
68 0.13634
69 0.13634
70 0.13634
71 0.13634
72 0.13634
73 0.1314
74 0.1314
75 0.1314
76 0.1314
77 0.1314
78 0.1314
79 0.1314
80 0.1314
81 0.1314
82 0.1314
83 0.1314
84 0.1314
85 0.1314
86 0.1314
87 0.1314
88 0.1314
89 0.1314
90 0.1314
91 0.13136
92 0.13136
93 0.13136
94 0.13136
95 0.13136
96 0.13136
97 0.13136
98 0.13136
99 0.13136
100 0.13136
