1 3.9192
2 3.5915
3 3.2847
4 3.1286
5 3.0482
6 3.0199
7 2.75
8 2.75
9 2.2056
10 2.1648
11 2.1648
12 2.0866
13 2.0866
14 2.0657
15 1.9771
16 1.9771
17 1.9771
18 1.806
19 1.7222
20 1.3629
21 1.3629
22 1.3083
23 1.3083
24 1.1695
25 1.1399
26 1.1399
27 1.0746
28 1.0451
29 0.94629
30 0.94629
31 0.94629
32 0.84844
33 0.83474
34 0.74033
35 0.74033
36 0.69177
37 0.69177
38 0.69177
39 0.69177
40 0.69177
41 0.69177
42 0.68449
43 0.68449
44 0.65793
45 0.65793
46 0.65793
47 0.65793
48 0.65347
49 0.65347
50 0.65347
51 0.65347
52 0.64801
53 0.64801
54 0.64801
55 0.64801
56 0.64801
57 0.64801
58 0.64801
59 0.64801
60 0.64801
61 0.64801
62 0.64801
63 0.64801
64 0.64801
65 0.64801
66 0.64801
67 0.64801
68 0.54588
69 0.54588
70 0.54588
71 0.54588
72 0.54588
73 0.54588
74 0.54588
75 0.54588
76 0.54588
77 0.54588
78 0.54588
79 0.54588
80 0.54588
81 0.54588
82 0.54588
83 0.54588
84 0.54588
85 0.54588
86 0.54588
87 0.54588
88 0.54588
89 0.54588
90 0.54588
91 0.54588
92 0.54588
93 0.54588
94 0.54588
95 0.54588
96 0.54588
97 0.54588
98 0.54588
99 0.54588
100 0.54588
