1 2.0848
2 1.4206
3 1.4206
4 1.2691
5 1.1618
6 1.0497
7 0.46726
8 0.46726
9 0.46726
10 0.41713
11 0.41713
12 0.41713
13 0.41713
14 0.41713
15 0.41713
16 0.41713
17 0.41713
18 0.39834
19 0.39834
20 0.39834
21 0.39834
22 0.39834
23 0.39834
24 0.39834
25 0.39834
26 0.39834
27 0.39834
28 0.39834
29 0.39834
30 0.39834
31 0.39834
32 0.39834
33 0.39834
34 0.39834
35 0.39834
36 0.39834
37 0.39834
38 0.39834
39 0.39834
40 0.39834
41 0.39834
42 0.39834
43 0.39834
44 0.39834
45 0.39834
46 0.39834
47 0.39834
48 0.39834
49 0.39834
50 0.39834
51 0.39834
52 0.39834
53 0.39834
54 0.39834
55 0.39834
56 0.39834
57 0.39834
58 0.39834
59 0.39834
60 0.39834
61 0.38062
62 0.36064
63 0.36064
64 0.36064
65 0.36064
66 0.36064
67 0.36064
68 0.36064
69 0.36064
70 0.36064
71 0.36064
72 0.36064
73 0.36064
74 0.36064
75 0.36064
76 0.36064
77 0.36064
78 0.36064
79 0.36064
80 0.36064
81 0.36064
82 0.36064
83 0.36064
84 0.36064
85 0.36064
86 0.36064
87 0.36064
88 0.36064
89 0.36064
90 0.36064
91 0.36064
92 0.36064
93 0.36064
94 0.36064
95 0.36064
96 0.36064
97 0.36064
98 0.36064
99 0.36064
100 0.36064
