4.9267	11.011	4.1498	3.7951	1.7843	1.7437	2.3147	3.5163
3.133	5.8897	3.4621	3.7343	1.1195	1.5893	1.6801	1.7259
2.2894	3.9099	2.8041	2.984	1.1195	1.2177	0.81861	1.3182
1.4944	3.7492	1.582	1.5415	1.1195	0.91645	0.73396	0.96734
1.4415	3.1715	1.3816	1.2418	0.94118	0.83503	0.67349	0.62027
1.2827	2.0025	1.1231	1.2418	0.93939	0.714	0.67349	0.4725
1.2827	2.0025	0.98856	0.84592	0.87025	0.66198	0.6657	0.4725
1.2517	1.8438	0.96921	0.60709	0.5681	0.65757	0.63903	0.45104
1.2231	1.7682	0.72082	0.60709	0.53643	0.65757	0.56494	0.45104
1.0267	1.7682	0.63969	0.5955	0.5327	0.65757	0.56494	0.45104
0.8275	1.2704	0.63969	0.5777	0.50273	0.65757	0.56494	0.45104
0.793	1.2704	0.60074	0.5777	0.50273	0.65757	0.56494	0.45104
0.57884	1.2704	0.60074	0.5777	0.50273	0.65757	0.56494	0.45104
0.53716	1.0632	0.55622	0.5777	0.50273	0.62372	0.56494	0.45104
0.53716	1.0402	0.55622	0.5777	0.50273	0.62372	0.56494	0.45104
0.37628	1.0093	0.41599	0.52369	0.50273	0.62372	0.56494	0.45104
0.37027	1.0093	0.3894	0.52369	0.50273	0.62372	0.56494	0.45104
0.27288	0.99871	0.3894	0.52369	0.50273	0.62372	0.56494	0.45104
0.24787	0.99871	0.3894	0.40543	0.50273	0.62372	0.56494	0.45104
0.24787	0.90832	0.3894	0.40543	0.50273	0.58125	0.56494	0.45104
0.24787	0.90832	0.3894	0.40543	0.50273	0.58125	0.56494	0.45104
0.24787	0.90832	0.3894	0.40543	0.50273	0.58125	0.56494	0.45104
0.24787	0.90832	0.3894	0.40543	0.50273	0.58125	0.56494	0.45104
0.24787	0.90832	0.3894	0.40543	0.50273	0.58125	0.56494	0.45104
0.24787	0.90832	0.3894	0.40543	0.50273	0.58125	0.56494	0.45104
0.24787	0.90832	0.3894	0.40543	0.50273	0.58125	0.56494	0.45104
0.24787	0.90832	0.3894	0.40543	0.50273	0.58125	0.56494	0.45104
0.24787	0.90832	0.3894	0.40543	0.50273	0.58125	0.56494	0.45104
0.24787	0.90832	0.3894	0.40543	0.50273	0.53384	0.56494	0.45104
0.24787	0.90832	0.3894	0.40543	0.50273	0.53384	0.56494	0.45104
0.24787	0.90832	0.3894	0.40543	0.50273	0.53384	0.56494	0.45104
0.24787	0.90832	0.3894	0.40543	0.50273	0.53384	0.56494	0.45104
0.24787	0.90832	0.3894	0.40543	0.50273	0.53384	0.56494	0.45104
0.24787	0.90832	0.3894	0.40543	0.50273	0.53384	0.56494	0.45104
0.24787	0.90832	0.3894	0.40543	0.50273	0.53384	0.56494	0.45104
0.24787	0.90832	0.3894	0.40543	0.50273	0.53384	0.56494	0.45104
0.24787	0.90832	0.3894	0.40543	0.50273	0.53384	0.56494	0.45104
0.24787	0.90832	0.3894	0.40543	0.50273	0.53384	0.56494	0.45104
0.24787	0.90832	0.3894	0.40543	0.50273	0.53384	0.56494	0.41436
0.24787	0.90832	0.3894	0.40543	0.50273	0.53384	0.56494	0.41436
0.24787	0.90832	0.3894	0.40543	0.50273	0.53384	0.56494	0.41436
0.24787	0.90832	0.3894	0.40543	0.50273	0.53384	0.56494	0.41436
0.24787	0.90832	0.3894	0.40543	0.50273	0.53384	0.56494	0.41436
0.24787	0.90832	0.3894	0.40543	0.50273	0.53384	0.56494	0.41436
0.24787	0.90832	0.3894	0.40543	0.50273	0.53384	0.56494	0.41436
0.24787	0.90832	0.3894	0.40543	0.50273	0.53384	0.56494	0.41436
0.24787	0.90832	0.3894	0.40543	0.50273	0.53384	0.56494	0.41436
0.24787	0.90832	0.3894	0.40543	0.50273	0.53384	0.56494	0.41436
0.24787	0.90832	0.3894	0.40543	0.50273	0.53384	0.56494	0.41436
0.24787	0.90832	0.3894	0.40543	0.50273	0.53384	0.56494	0.41436
0.24787	0.90832	0.3894	0.40543	0.50273	0.53384	0.56494	0.41436
0.24787	0.90832	0.3894	0.40543	0.50273	0.53384	0.56494	0.41436
0.24787	0.90832	0.3894	0.40543	0.50273	0.53384	0.56494	0.41436
0.24787	0.90832	0.3894	0.40543	0.50273	0.53384	0.56494	0.41436
0.24787	0.90832	0.3894	0.40543	0.50273	0.53384	0.56494	0.41436
0.24787	0.90832	0.3894	0.40543	0.50273	0.53384	0.56494	0.41436
0.24787	0.90832	0.3894	0.40543	0.50273	0.53384	0.56494	0.41436
0.24787	0.90832	0.3894	0.40543	0.50273	0.53384	0.56494	0.41436
0.24787	0.90832	0.3894	0.40543	0.50273	0.53384	0.56494	0.41436
0.24787	0.90832	0.3894	0.40543	0.50273	0.53384	0.56494	0.41436
0.24787	0.90832	0.3894	0.40543	0.50273	0.53384	0.56494	0.41436
0.24787	0.90832	0.3894	0.40543	0.50273	0.53384	0.56494	0.41436
0.24787	0.90832	0.3894	0.40543	0.50273	0.53384	0.56494	0.41436
0.24787	0.90832	0.3894	0.40543	0.50273	0.53384	0.56494	0.41436
0.24787	0.90832	0.3894	0.40543	0.50273	0.53384	0.56494	0.41436
0.24787	0.90832	0.3894	0.40543	0.50273	0.53384	0.56494	0.41436
0.24787	0.90832	0.3894	0.40543	0.50273	0.53384	0.56494	0.41436
0.24787	0.90832	0.3894	0.40543	0.50273	0.53384	0.56494	0.41436
0.24787	0.90832	0.3894	0.40543	0.50273	0.53384	0.56494	0.41436
0.24787	0.90832	0.3894	0.40543	0.50273	0.53384	0.56494	0.41436
0.24787	0.90832	0.3894	0.40543	0.50273	0.53384	0.56494	0.41436
0.24787	0.90832	0.3894	0.40543	0.50273	0.53384	0.56494	0.41436
0.24787	0.90832	0.3894	0.40543	0.50273	0.53384	0.56494	0.41436
0.24787	0.90832	0.3894	0.40543	0.50273	0.53384	0.56494	0.41436
0.24787	0.90832	0.3894	0.40543	0.50273	0.53384	0.56494	0.41436
0.24787	0.90832	0.3894	0.40543	0.50273	0.53384	0.56494	0.41436
0.24787	0.90832	0.3894	0.40543	0.50273	0.53384	0.56494	0.41436
0.24787	0.90832	0.3894	0.40543	0.50273	0.53384	0.56494	0.41436
0.24787	0.90832	0.3894	0.40543	0.50273	0.53384	0.56494	0.41436
0.24787	0.90832	0.3894	0.40543	0.50273	0.53384	0.56494	0.41436
0.24787	0.90832	0.3894	0.40543	0.50273	0.53384	0.56494	0.41436
0.24787	0.90832	0.3894	0.40543	0.50273	0.53384	0.56494	0.41436
0.24787	0.90832	0.3894	0.40543	0.50273	0.53384	0.56494	0.41436
0.24787	0.90832	0.3894	0.40543	0.50273	0.53384	0.56494	0.41436
0.24787	0.90832	0.3894	0.40543	0.50273	0.53384	0.56494	0.41436
0.24787	0.90832	0.3894	0.40543	0.50273	0.53384	0.56494	0.41436
0.24787	0.90832	0.3894	0.40543	0.50273	0.53384	0.56494	0.41436
0.24787	0.90832	0.3894	0.40543	0.50273	0.53384	0.56494	0.41436
0.24787	0.90832	0.3894	0.40543	0.50273	0.53384	0.56494	0.41436
0.24787	0.90832	0.3894	0.40543	0.50273	0.53384	0.56494	0.41436
0.24787	0.90832	0.3894	0.40543	0.50273	0.53384	0.56494	0.40263
0.24787	0.90832	0.3894	0.40543	0.50273	0.53384	0.56494	0.40263
0.24787	0.90832	0.3894	0.40543	0.50273	0.53384	0.56494	0.40263
0.24787	0.90832	0.3894	0.40543	0.50273	0.53384	0.56494	0.40263
0.24787	0.90832	0.3894	0.40543	0.50273	0.53384	0.56494	0.40263
0.24787	0.90832	0.3894	0.40543	0.50273	0.53384	0.56494	0.40263
0.24787	0.90832	0.3894	0.40543	0.50273	0.53384	0.56494	0.40263
0.24787	0.90832	0.3894	0.40543	0.50273	0.53384	0.56494	0.40263
0.24787	0.90832	0.3894	0.40543	0.50273	0.53384	0.56494	0.30933
0.24787	0.90832	0.3894	0.40543	0.50273	0.53384	0.56494	0.30933
