-16.476	-13.016	-14.358	-10.716	-17.438	-13.358	-16.662	-17.474
-16.762	-14.121	-14.358	-12.539	-18.954	-15.744	-18.838	-17.53
-16.987	-14.684	-15.606	-12.815	-19.756	-16.18	-20.101	-18.455
-17.737	-15.073	-79.559	-23.286	-20.314	-17.082	-30.129	-19.548
-17.791	-15.439	-9775	-709.24	-21.394	-17.494	-46.067	-28.732
-17.791	-16.414	-69493	-9913.4	-23.243	-18.896	-78.282	-32.972
-17.937	-17.092	-2.2584e+06	-3.0002e+06	-27.775	-19.232	-96.31	-71.23
-17.937	-20.315	-1.0459e+07	-9.267e+07	-28.337	-19.232	-3910.2	-143.73
-17.937	-23.044	-4.1083e+12	-3.6315e+13	-36.415	-19.232	-9353.7	-143.73
-17.937	-29.645	-1.8753e+14	-1.437e+16	-38.472	-19.232	-35471	-7158.1
-17.937	-29.645	-4.8972e+20	-5.7825e+32	-40.79	-19.933	-1.4643e+05	-80034
-17.937	-30.017	-4.8972e+20	-5.7825e+32	-43.982	-19.933	-1.4643e+05	-1.1122e+06
-17.937	-30.017	-4.8972e+20	-5.7825e+32	-62.914	-19.933	-1.4643e+05	-1.1124e+06
-17.937	-33.118	-4.8972e+20	-5.7825e+32	-81.059	-19.933	-1.4644e+05	-1.1126e+06
-17.937	-33.256	-4.8972e+20	-5.7825e+32	-84.302	-19.933	-1.4644e+05	-1.1126e+06
-18.06	-33.256	-4.8972e+20	-5.7825e+32	-84.868	-19.933	-1.4644e+05	-1.1126e+06
-18.198	-33.256	-4.8972e+20	-5.7825e+32	-98.732	-19.933	-1.4646e+05	-1.1126e+06
-18.208	-33.256	-4.8972e+20	-5.7825e+32	-112.73	-19.933	-1.4647e+05	-1.1126e+06
-18.208	-33.256	-4.8972e+20	-5.7825e+32	-147.14	-19.933	-1.4647e+05	-1.1126e+06
-18.208	-33.811	-4.8972e+20	-5.7825e+32	-158.01	-19.933	-1.4669e+05	-1.1126e+06
-20.569	-49.481	-4.8972e+20	-5.7825e+32	-159.98	-19.933	-1.4673e+05	-1.1126e+06
-21.194	-49.632	-4.8972e+20	-5.7825e+32	-278.35	-20.653	-1.4675e+05	-1.1126e+06
-25.186	-49.632	-4.8972e+20	-5.7825e+32	-300.32	-20.653	-1.4769e+05	-1.1126e+06
-25.186	-49.632	-4.8972e+20	-5.7825e+32	-368.92	-22.987	-1.4771e+05	-1.1126e+06
-25.186	-49.667	-4.8972e+20	-5.7825e+32	-377.19	-22.987	-1.4778e+05	-1.1126e+06
-25.445	-54.439	-4.8972e+20	-5.7825e+32	-623.95	-22.987	-1.5601e+05	-1.1126e+06
-26.124	-54.439	-4.8972e+20	-5.7825e+32	-875.15	-22.987	-1.8899e+05	-1.1126e+06
-31.656	-54.439	-4.8972e+20	-5.7825e+32	-1260.3	-22.987	-1.8919e+05	-1.1126e+06
-32.54	-54.583	-4.8972e+20	-5.7975e+40	-1425.1	-22.987	-1.892e+05	-1.1126e+06
-32.845	-84.73	-4.8972e+20	-5.7975e+40	-1468.3	-22.987	-2.014e+05	-1.1126e+06
-35.103	-148.34	-4.8972e+20	-5.7975e+40	-1829.9	-23.226	-5.3235e+05	-1.1127e+06
-35.103	-149.78	-4.8972e+20	-5.7975e+40	-3759.6	-23.226	-5.3282e+05	-1.1127e+06
-35.103	-672.25	-5.6957e+20	-5.7975e+40	-5092.9	-23.226	-1.1424e+06	-1.1127e+06
-37.685	-674.84	-3.0448e+21	-5.7975e+40	-5888.1	-23.226	-1.1425e+06	-4.972e+06
-40.432	-674.84	-3.0448e+21	-5.7975e+40	-6660.1	-23.226	-1.4079e+06	-4.972e+06
-44.549	-2892.1	-3.0448e+21	-5.7975e+40	-10237	-23.226	-2.9839e+06	-4.972e+06
-44.866	-2892.1	-7.2853e+21	-5.7975e+40	-10596	-23.226	-3.087e+06	-4.9722e+06
-44.866	-2892.1	-7.2853e+21	-4.2808e+41	-10766	-23.226	-3.0872e+06	-4.9722e+06
-51.44	-2892.1	-1.48e+22	-4.2808e+41	-19118	-23.226	-3.0872e+06	-4.975e+06
-56.542	-2892.1	-1.48e+22	-4.2808e+41	-55025	-23.226	-3.0891e+06	-4.975e+06
-61.807	-2902.1	-1.48e+22	-4.487e+41	-89214	-23.226	-3.0923e+06	-4.975e+06
-61.807	-2902.1	-1.7278e+22	-4.487e+41	-91107	-23.226	-3.093e+06	-4.975e+06
-63.56	-2902.1	-1.7278e+22	-4.487e+41	-91795	-23.226	-3.1222e+06	-4.975e+06
-67.424	-2902.1	-1.7278e+22	-3.1101e+47	-92350	-23.226	-3.1406e+06	-4.975e+06
-71.834	-3240.3	-1.7278e+22	-4.0461e+47	-1.8851e+05	-23.226	-3.141e+06	-4.975e+06
-96.569	-3240.3	-1.7278e+22	-4.0461e+47	-7.2057e+05	-23.226	-3.1424e+06	-4.975e+06
-154.66	-8262.4	-1.7278e+22	-4.0461e+47	-2.2464e+06	-23.226	-3.1592e+06	-4.975e+06
-161.23	-8262.4	-1.7278e+22	-4.0461e+47	-2.2494e+06	-23.226	-3.4102e+06	-4.975e+06
-161.32	-8262.4	-1.9494e+22	-4.0461e+47	-2.6242e+06	-23.226	-3.436e+06	-4.975e+06
-219.7	-8262.4	-1.9494e+22	-4.0461e+47	-2.7435e+06	-23.226	-4.0619e+06	-4.975e+06
-224.75	-8262.4	-1.9494e+22	-2.2483e+48	-2.7487e+06	-23.226	-7.2571e+06	-4.975e+06
-362.08	-18036	-2.1445e+22	-2.2483e+48	-5.0847e+07	-23.226	-7.2756e+06	-4.975e+06
-491.26	-18036	-3.3848e+22	-2.2483e+48	-5.4774e+07	-25.733	-7.4283e+06	-4.975e+06
-504	-18036	-3.3848e+22	-2.2483e+48	-5.9478e+07	-25.733	-8.5256e+06	-4.975e+06
-535.4	-30592	-4.0081e+22	-2.2483e+48	-8.4887e+07	-25.733	-1.4721e+07	-4.975e+06
-721.75	-79899	-4.0081e+22	-2.2483e+48	-1.9435e+08	-25.733	-8.0448e+07	-4.975e+06
-1046.1	-79899	-4.0081e+22	-4.0275e+49	-3.6499e+08	-25.733	-9.8752e+07	-4.975e+06
-1046.1	-79899	-4.0081e+22	-4.0275e+49	-3.6603e+08	-25.733	-9.2073e+08	-4.975e+06
-1801	-79899	-4.0081e+22	-4.0275e+49	-1.018e+10	-25.733	-1.1415e+09	-4.975e+06
-2784.9	-79899	-4.0081e+22	-4.0275e+49	-4.4026e+10	-25.733	-5.1305e+09	-4.975e+06
-2852.4	-1.2449e+06	-4.0081e+22	-4.0275e+49	-4.42e+10	-25.733	-2.5611e+10	-4.975e+06
-2887.2	-1.2449e+06	-8.5742e+22	-4.0275e+49	-4.4276e+10	-25.733	-2.6668e+10	-4.975e+06
-8231.5	-2.1998e+06	-1.2311e+24	-4.0275e+49	-4.5588e+10	-27.354	-1.1933e+11	-4.975e+06
-9206.2	-2.1998e+06	-2.0064e+24	-4.6816e+50	-1.3732e+11	-49.648	-2.4086e+11	-4.975e+06
-9246	-1.8544e+07	-2.5413e+25	-4.6816e+50	-1.6642e+11	-60.104	-9.3077e+11	-4.975e+06
-15051	-1.8544e+07	-2.6852e+25	-1.663e+51	-2.1247e+11	-60.104	-9.2707e+12	-4.9751e+06
-15193	-1.8544e+07	-2.6852e+25	-1.663e+51	-3.1965e+11	-60.104	-3.24e+13	-4.9751e+06
-53238	-1.8544e+07	-1.4203e+26	-1.663e+51	-4.7156e+12	-60.104	-6.1302e+13	-4.9751e+06
-62441	-2.772e+08	-2.0823e+26	-1.663e+51	-1.9682e+13	-60.104	-1.6651e+14	-4.9751e+06
-67060	-2.772e+08	-3.9281e+26	-3.0164e+51	-2.4992e+13	-60.104	-2.2706e+15	-4.9751e+06
-81675	-2.772e+08	-3.9281e+26	-5.6356e+53	-1.2413e+15	-153.15	-2.9663e+17	-4.9752e+06
-1.2305e+05	-2.772e+08	-1.4086e+27	-5.6356e+53	-1.3293e+15	-153.15	-2.9663e+17	-4.9752e+06
-4.2214e+05	-2.772e+08	-9.6795e+27	-5.6356e+53	-2.097e+16	-201.12	-5.4847e+17	-4.9752e+06
-4.2589e+05	-2.772e+08	-5.4193e+28	-5.6356e+53	-2.1188e+16	-201.12	-9.7082e+19	-4.9752e+06
-5.4539e+05	-2.772e+08	-1.9295e+29	-4.6098e+55	-2.3454e+16	-201.12	-9.7082e+19	-4.9752e+06
-7.2268e+05	-2.772e+08	-1.9295e+29	-4.6098e+55	-9.3761e+16	-201.12	-3.0884e+20	-4.9752e+06
-1.8481e+06	-2.772e+08	-8.5042e+29	-4.7279e+55	-1.4598e+18	-201.12	-2.8646e+21	-5.5838e+07
-3.8696e+06	-2.772e+08	-2.1043e+30	-2.2938e+57	-2.4732e+19	-201.12	-3.776e+22	-5.5838e+07
-4.2023e+06	-2.0751e+11	-1.923e+31	-8.8729e+57	-2.4841e+19	-201.12	-3.596e+23	-5.5838e+07
-4.2218e+06	-2.0751e+11	-2.4441e+32	-3.131e+62	-2.5253e+19	-201.12	-9.3735e+25	-5.5838e+07
-4.2514e+06	-2.0751e+11	-7.9587e+32	-3.131e+62	-4.9028e+20	-201.12	-9.3735e+25	-5.5839e+07
-4.4401e+06	-2.1281e+12	-6.6004e+33	-3.131e+62	-4.9028e+20	-206.09	-6.303e+27	-5.5839e+07
-4.8509e+06	-2.1281e+12	-6.015e+34	-3.131e+62	-6.2666e+20	-5983.1	-6.6299e+27	-5.5839e+07
-1.1962e+07	-2.1281e+12	-2.4663e+36	-1.3929e+66	-1.6189e+21	-18966	-5.5682e+29	-5.584e+07
-1.237e+07	-4.8031e+14	-6.5887e+37	-1.3929e+66	-6.6476e+22	-18966	-1.2285e+30	-5.584e+07
-1.8194e+07	-4.8031e+14	-1.0168e+38	-5.2639e+66	-9.0288e+22	-18967	-1.4661e+31	-5.584e+07
-1.0543e+08	-4.8031e+14	-1.5961e+40	-2.9611e+69	-4.8801e+23	-18969	-7.3874e+33	-5.584e+07
-1.0912e+08	-4.8031e+14	-9.0842e+41	-2.9611e+69	-4.8801e+23	-18970	-9.906e+34	-5.584e+07
-1.5874e+08	-4.8031e+14	-6.6906e+44	-2.9611e+69	-7.4082e+24	-18974	-3.864e+37	-6.8528e+08
-3.9448e+08	-4.8031e+14	-2.2482e+47	-2.9611e+69	-5.5821e+25	-18975	-9.6484e+38	-6.8529e+08
-4.0173e+08	-1.5509e+17	-5.8204e+49	-4.565e+83	-9.8856e+25	-18976	-1.1234e+40	-6.8531e+08
-4.097e+08	-1.5509e+17	-1.8049e+52	-4.565e+83	-1.3046e+26	-18976	-1.3412e+42	-6.8531e+08
-2.0216e+09	-1.5509e+17	-6.2584e+52	-4.565e+83	-1.9806e+29	-32090	-2.8627e+42	-6.8531e+08
-2.44e+09	-1.5509e+17	-2.3428e+55	-4.565e+83	-1.8935e+31	-32090	-9.041e+44	-6.8531e+08
-2.6119e+09	-1.5509e+17	-1.793e+56	-4.565e+83	-1.9023e+31	-32090	-1.2748e+46	-6.8532e+08
-9.8237e+09	-4.9371e+17	-6.5643e+58	-4.565e+83	-1.9023e+31	-32090	-7.0629e+48	-6.8532e+08
-1.3983e+10	-4.9371e+17	-1.3078e+59	-4.565e+83	-2.4556e+32	-32090	-1.7745e+51	-6.8532e+08
-6.0561e+10	-8.414e+17	-4.1388e+62	-1.5829e+94	-2.558e+32	-32090	-8.0125e+55	-6.8532e+08
-1.3579e+11	-1.7439e+20	-7.4211e+65	-1.5829e+94	-2.5725e+32	-44549	-8.0125e+55	-6.8532e+08
-2.5172e+11	-1.7439e+20	-1.3124e+66	-1.1237e+102	-2.8758e+32	-44549	-2.0612e+58	-6.8532e+08
