-2.1136e+13	-1.9032e+21	-4.843e+14	-6.1835e+14	-1.8002e+58	-94.851	-5.9152e+33	-158.33
-1.496e+13	-5.5064e+18	-4.1458e+14	-4.0828e+14	-1.7607e+58	-49.499	-5.8581e+33	-123.27
-1.4386e+13	-3.6427e+16	-3.7441e+14	-2.8644e+14	-1.7178e+58	-41.795	-5.8127e+33	-97.018
-1.3959e+13	-1.9537e+16	-3.3753e+14	-1.7005e+14	-1.5563e+58	-36.769	-4.2466e+33	-79.511
-9.7226e+12	-1.0192e+16	-3.2284e+14	-1.4306e+14	-1.4015e+58	-31.426	-4.2194e+33	-63.76
-9.4541e+12	-1.4159e+14	-1.4469e+14	-8.0232e+13	-1.3935e+58	-29.528	-4.121e+33	-55.583
-8.9253e+12	-6.766e+13	-1.0904e+14	-5.4523e+13	-1.3728e+58	-26.397	-4.0263e+33	-51.178
-4.9514e+12	-4.6816e+13	-1.0505e+14	-4.2883e+13	-8.8913e+57	-24.764	-3.9535e+33	-47.84
-4.8752e+12	-2.2815e+13	-9.8715e+13	-3.8398e+13	-7.9545e+57	-22.613	-3.8843e+33	-45.269
-4.7268e+12	-1.4769e+13	-9.4483e+13	-3.1097e+13	-7.8903e+57	-21.659	-1.0264e+33	-42.34
-4.5332e+12	-1.2668e+13	-9.157e+13	-2.4714e+13	-7.1058e+57	-20.736	-1.0154e+33	-40.154
-4.3719e+12	-7.8637e+12	-8.7333e+13	-2.1922e+13	-7.0702e+57	-19.785	-1.0031e+33	-37.39
-4.2207e+12	-3.6811e+12	-8.4972e+13	-2.0336e+13	-6.9583e+57	-18.891	-9.9242e+32	-35.423
-4.0589e+12	-2.55e+12	-8.1284e+13	-1.9036e+13	-6.1588e+57	-18.363	-9.7952e+32	-34.124
-4.0029e+12	-1.8674e+12	-7.7065e+13	-1.7386e+13	-6.0922e+57	-17.949	-9.7671e+32	-32.46
-3.7353e+11	-1.3201e+12	-6.4478e+13	-1.4561e+13	-6.0553e+57	-17.434	-9.7324e+32	-30.807
-3.4878e+11	-1.0005e+12	-6.2635e+13	-1.2037e+13	-1.3517e+57	-16.888	-6.783e+31	-29.674
-2.2367e+11	-5.785e+11	-5.9302e+13	-1.0742e+13	-1.3138e+57	-16.455	-6.2767e+31	-28.615
