-2.9601e+10	-3.6614e+16	-5.6857e+39	-2.875e+22	-3.051e+54	-357.01	-2.8723e+30	-888.63
-2.5755e+10	-3.3242e+15	-4.3353e+39	-1.7906e+22	-3.0212e+54	-177.48	-2.6217e+30	-523.88
-2.2934e+10	-1.1038e+15	-4.1983e+39	-4.1721e+21	-2.9962e+54	-73.782	-1.8928e+30	-391.02
-2.1001e+10	-3.0017e+14	-3.872e+39	-2.7415e+21	-2.9674e+54	-47.685	-1.7762e+30	-238.54
-1.7668e+10	-9.0349e+12	-3.3972e+39	-1.983e+21	-2.9537e+54	-38.787	-1.2513e+30	-207.52
-1.5239e+10	-3.435e+12	-1.6981e+39	-1.61e+21	-2.9437e+54	-33.719	-1.1487e+30	-181.12
-1.4338e+10	-2.8837e+12	-1.4542e+39	-9.375e+20	-2.6741e+54	-30.913	-1.0895e+30	-148.01
-1.2124e+10	-1.9933e+12	-1.2202e+39	-6.3677e+20	-2.4969e+54	-28.332	-5.7407e+29	-131.02
-1.1763e+10	-3.7772e+11	-1.2002e+39	-5.3671e+20	-2.4734e+54	-26.014	-5.6247e+29	-114.52
-1.1416e+10	-2.7975e+11	-1.1453e+39	-4.4575e+20	-1.7661e+54	-24.144	-4.6927e+29	-97.894
-1.0916e+10	-2.1412e+11	-1.0513e+39	-3.2426e+20	-1.5887e+54	-23.047	-1.1314e+29	-89.807
-1.0639e+10	-1.1479e+11	-9.3172e+38	-2.5219e+20	-1.3733e+54	-21.999	-5.4071e+28	-81.216
