1 2.567
2 0.52754
3 0.39637
4 0.35399
5 0.19984
6 0.16778
7 0.16778
8 0.16509
9 0.16509
10 0.11464
11 0.11429
12 0.11429
13 0.10782
14 0.10137
15 0.10137
16 0.084031
17 0.074608
18 0.068182
19 0.068182
20 0.068182
21 0.06809
22 0.06809
23 0.06809
24 0.06809
25 0.06809
26 0.06809
27 0.06809
28 0.06809
29 0.06809
30 0.064716
31 0.064716
32 0.061719
33 0.058811
34 0.038124
35 0.036187
36 0.035184
37 0.034588
38 0.033133
39 0.032876
40 0.032876
41 0.032876
42 0.032876
43 0.032091
44 0.032091
45 0.032091
46 0.031367
47 0.031367
48 0.031367
49 0.031367
50 0.031272
51 0.031272
52 0.031272
53 0.031272
54 0.031272
55 0.031272
56 0.030365
57 0.030365
58 0.030365
59 0.030365
60 0.030365
61 0.030365
62 0.030365
63 0.030365
64 0.030365
65 0.030365
66 0.030365
67 0.030365
68 0.030365
69 0.030365
70 0.030365
71 0.030365
72 0.030365
73 0.030365
74 0.030365
75 0.030365
76 0.030365
77 0.030365
78 0.030365
79 0.030365
80 0.030365
81 0.030365
82 0.030365
83 0.030365
84 0.030365
85 0.030365
86 0.030365
87 0.030365
88 0.030365
89 0.030365
90 0.030365
91 0.030365
92 0.030365
93 0.030365
94 0.030365
95 0.030365
96 0.030365
97 0.030365
98 0.030317
99 0.030317
100 0.030317
