0.34712	0.76426	0.31493	0.5501	0.12497	0.29634	0.12728	0.27066
0.24921	0.74538	0.21177	0.42943	0.11143	0.21517	0.12033	0.15304
0.17369	0.3611	0.18112	0.32198	0.063092	0.066643	0.08686	0.10403
0.13903	0.25897	0.17452	0.18959	0.049715	0.057552	0.080743	0.088213
0.13753	0.21991	0.17452	0.14279	0.049715	0.049062	0.080743	0.068077
0.13633	0.1791	0.16697	0.12784	0.049715	0.044832	0.080047	0.051099
0.12623	0.16687	0.14654	0.12784	0.049715	0.040734	0.080047	0.021094
0.10019	0.16371	0.12104	0.10869	0.049715	0.040734	0.05363	0.021094
0.10019	0.14231	0.096677	0.10621	0.049715	0.040734	0.05363	0.020211
0.070475	0.14231	0.071208	0.091313	0.049715	0.040734	0.05363	0.020211
0.070475	0.13961	0.071208	0.085166	0.047247	0.040734	0.05363	0.020211
0.059338	0.10077	0.066808	0.078152	0.047247	0.040734	0.05363	0.020211
0.059338	0.081866	0.043986	0.078152	0.047247	0.040734	0.052839	0.018396
0.059338	0.058506	0.038164	0.078152	0.047247	0.040734	0.050799	0.017782
0.044421	0.058506	0.021036	0.078152	0.047247	0.040734	0.042757	0.017782
0.044421	0.058506	0.014758	0.057768	0.047247	0.040734	0.042757	0.017782
0.037829	0.058506	0.014758	0.057768	0.047247	0.040734	0.042757	0.017782
0.014721	0.058506	0.014758	0.05348	0.047247	0.040734	0.042757	0.016927
0.014721	0.055589	0.01396	0.040646	0.047247	0.040734	0.042757	0.016927
0.014721	0.055527	0.01396	0.038516	0.047247	0.037675	0.042757	0.016927
0.011366	0.052335	0.011324	0.034212	0.047247	0.037675	0.041885	0.016927
0.010239	0.052335	0.0099794	0.029631	0.047247	0.037675	0.040499	0.016927
0.010239	0.047321	0.0099794	0.029221	0.047247	0.037675	0.040499	0.015409
0.0081961	0.047321	0.0095085	0.029221	0.047247	0.037675	0.040499	0.015409
0.0081961	0.040622	0.0060431	0.027671	0.047247	0.037675	0.040499	0.015409
0.0081961	0.040622	0.0055443	0.027671	0.047247	0.037675	0.038406	0.015409
0.0077033	0.040622	0.0055443	0.019459	0.047247	0.037675	0.037722	0.015409
0.0069615	0.039396	0.0055443	0.018132	0.047247	0.037675	0.037722	0.015409
0.0069615	0.02936	0.0055443	0.017233	0.047247	0.037675	0.037706	0.015409
0.0066567	0.029054	0.0051644	0.016691	0.047247	0.037675	0.037706	0.015409
0.00617	0.029054	0.0051644	0.01611	0.047247	0.037675	0.037706	0.015409
0.0057637	0.029054	0.0048903	0.015248	0.047247	0.037675	0.037706	0.015409
0.0050256	0.028757	0.0048903	0.015248	0.047247	0.037675	0.037706	0.014655
0.0047138	0.028534	0.0048903	0.015248	0.047247	0.037675	0.037706	0.014655
0.0047138	0.028423	0.0048903	0.015194	0.047247	0.037675	0.037706	0.014655
0.0041589	0.028423	0.0048667	0.015146	0.047247	0.037675	0.037706	0.014655
0.0041589	0.028302	0.0048667	0.014701	0.047247	0.037675	0.037706	0.014655
0.0041525	0.028263	0.0047219	0.014695	0.047247	0.037675	0.037706	0.014455
0.0035166	0.028033	0.0042065	0.014418	0.047247	0.037675	0.037706	0.014455
0.0035166	0.028033	0.0039789	0.014328	0.047247	0.037675	0.037706	0.014455
0.0034475	0.027867	0.0033335	0.014044	0.047247	0.037675	0.037706	0.014455
0.0034475	0.027266	0.0032054	0.013412	0.047247	0.037675	0.037706	0.014455
0.0034132	0.027266	0.0029143	0.013412	0.047247	0.037675	0.037706	0.014455
0.0022501	0.027266	0.0029143	0.013003	0.047247	0.037675	0.037706	0.014455
0.0022501	0.027232	0.0029143	0.012845	0.047247	0.037675	0.037706	0.014455
0.0021977	0.027232	0.0029143	0.011878	0.047247	0.037675	0.037706	0.014455
0.0021977	0.027216	0.0029143	0.011878	0.047247	0.037675	0.037519	0.012741
0.0018377	0.027216	0.0022092	0.011878	0.047247	0.037675	0.037519	0.012741
0.0017896	0.027216	0.0022092	0.011878	0.047247	0.037675	0.037519	0.012741
0.0017896	0.027216	0.0022092	0.011878	0.047247	0.037675	0.037519	0.012741
0.0015927	0.027216	0.0022092	0.011878	0.047247	0.037675	0.037519	0.012741
0.0015927	0.027216	0.0022092	0.011878	0.047247	0.037675	0.037519	0.012741
0.0013797	0.027216	0.0021104	0.011878	0.047247	0.037675	0.037519	0.012741
0.001282	0.027216	0.0020811	0.011878	0.047247	0.037675	0.037519	0.012741
0.0011144	0.027216	0.0020811	0.011878	0.047247	0.037675	0.037519	0.012741
0.0011144	0.027216	0.0020257	0.011878	0.047247	0.037675	0.037519	0.012741
0.0011144	0.027216	0.0020257	0.011878	0.047247	0.037675	0.037519	0.012741
0.0011144	0.027216	0.0016346	0.011503	0.047247	0.037675	0.037519	0.012741
0.0011144	0.027216	0.0016346	0.011503	0.047247	0.037675	0.037519	0.012741
0.0011144	0.027216	0.0016346	0.011503	0.047247	0.037675	0.037519	0.012741
0.0011144	0.027216	0.0016346	0.011503	0.047247	0.037675	0.037519	0.012741
0.0011144	0.027216	0.0016346	0.011503	0.047247	0.037675	0.037519	0.012741
0.0011144	0.027216	0.0016346	0.011503	0.047247	0.037675	0.037519	0.012741
0.0010793	0.027216	0.0016346	0.011503	0.047247	0.037675	0.037519	0.012741
0.0010793	0.027216	0.0016346	0.011503	0.047247	0.037675	0.037519	0.012741
0.0010793	0.027216	0.0016346	0.011503	0.047247	0.037675	0.037519	0.012741
0.0010793	0.027216	0.0016346	0.011503	0.047247	0.037675	0.037519	0.012741
0.0010793	0.027216	0.0016346	0.011503	0.047247	0.037675	0.037519	0.012741
0.0010793	0.027216	0.0016346	0.011503	0.047247	0.037675	0.037519	0.012741
0.0010793	0.027216	0.0016346	0.011503	0.047247	0.037675	0.037519	0.012741
0.0010793	0.027216	0.0016346	0.011503	0.047247	0.037675	0.037519	0.012741
0.0010793	0.027216	0.0016346	0.011503	0.047247	0.037675	0.037519	0.012741
0.0010793	0.027216	0.0016346	0.011503	0.047247	0.027513	0.037519	0.012741
0.0010793	0.027216	0.0016346	0.011503	0.047247	0.027513	0.037519	0.012741
0.0010793	0.027216	0.0016346	0.011503	0.047247	0.027513	0.037519	0.012741
0.0010793	0.027216	0.0016346	0.011503	0.047247	0.027513	0.037519	0.012741
0.0010793	0.027216	0.0015929	0.011503	0.047247	0.027513	0.037519	0.012741
0.0010793	0.027216	0.0015929	0.011503	0.047247	0.027513	0.037519	0.012741
0.0010793	0.027216	0.0015929	0.011503	0.047247	0.027513	0.037519	0.012741
0.0010793	0.027216	0.0015929	0.011503	0.047247	0.027513	0.037519	0.012741
0.0010793	0.027216	0.0015929	0.011503	0.047247	0.027513	0.037519	0.012741
0.0010793	0.027216	0.0015929	0.011503	0.047247	0.027513	0.037519	0.012741
0.0010793	0.027216	0.0014793	0.011503	0.047247	0.027513	0.037519	0.012741
0.0010793	0.027216	0.0014793	0.011503	0.047247	0.027513	0.037519	0.012741
0.0010793	0.027216	0.0014793	0.011503	0.047247	0.027513	0.037519	0.012741
0.0010793	0.027216	0.0014793	0.011503	0.047247	0.027513	0.037519	0.012741
0.0010793	0.026871	0.0014793	0.011503	0.047247	0.027513	0.037519	0.012741
0.0010793	0.026871	0.0014793	0.011503	0.047247	0.027513	0.037519	0.012741
0.0010793	0.026871	0.0014793	0.011503	0.047247	0.027513	0.037519	0.012741
0.0010793	0.026871	0.0014793	0.011503	0.047247	0.027513	0.037519	0.012741
0.0010793	0.026871	0.0014793	0.011503	0.047247	0.027513	0.037519	0.012741
0.0010793	0.026871	0.0014793	0.011503	0.047247	0.027513	0.037519	0.012741
0.0010793	0.026871	0.0014793	0.011503	0.047247	0.027513	0.037519	0.012741
0.0010793	0.026871	0.0014793	0.011503	0.047247	0.027513	0.037519	0.012741
0.0010793	0.026871	0.0014793	0.011503	0.047247	0.027513	0.037519	0.012741
0.0010793	0.026871	0.0014793	0.011503	0.047247	0.027513	0.037519	0.012741
0.0010793	0.026871	0.0014793	0.011503	0.047247	0.027513	0.037519	0.012741
0.0010793	0.026871	0.0014793	0.011503	0.047247	0.027513	0.037519	0.012741
0.0010793	0.026871	0.0014793	0.011503	0.047247	0.027513	0.037519	0.012741
0.0010793	0.026871	0.0014793	0.011503	0.047247	0.027513	0.037519	0.012741
