1 0.40069
2 0.27798
3 0.27798
4 0.21504
5 0.20998
6 0.18746
7 0.18746
8 0.18746
9 0.18746
10 0.18746
11 0.18746
12 0.18746
13 0.18746
14 0.18746
15 0.18746
16 0.18746
17 0.18746
18 0.18746
19 0.18746
20 0.18746
21 0.18746
22 0.18746
23 0.18746
24 0.18746
25 0.18746
26 0.18746
27 0.18746
28 0.18746
29 0.18746
30 0.18746
31 0.18746
32 0.18746
33 0.18746
34 0.18746
35 0.18746
36 0.18746
37 0.18746
38 0.18746
39 0.18746
40 0.18746
41 0.18746
42 0.18746
43 0.18746
44 0.18746
45 0.18746
46 0.18746
47 0.18746
48 0.18746
49 0.18746
50 0.18746
51 0.18746
52 0.18746
53 0.18746
54 0.18746
55 0.18746
56 0.18746
57 0.18746
58 0.18746
59 0.18746
60 0.18746
61 0.18746
62 0.18746
63 0.18746
64 0.18746
65 0.18746
66 0.18746
67 0.18746
68 0.18746
69 0.18746
70 0.18746
71 0.18746
72 0.18746
73 0.18746
74 0.18746
75 0.18746
76 0.18746
77 0.18746
78 0.18746
79 0.18746
80 0.18746
81 0.18746
82 0.18746
83 0.18746
84 0.18746
85 0.18746
86 0.18746
87 0.18746
88 0.18746
89 0.18746
90 0.18746
91 0.18746
92 0.18746
93 0.18746
94 0.18746
95 0.18746
96 0.18746
97 0.18746
98 0.18746
99 0.18746
100 0.18746
