2.03048 2.80595 2.89896 3.20432 3.43382 3.45043 3.59804 3.64534 
2.03048 2.80595 2.89896 3.07196 3.20432 3.27233 3.33931 3.3395 
2.03048 2.0366 2.80595 2.89896 2.97334 3.07196 3.20432 3.27233 
2.03048 2.0366 2.80595 2.89896 2.97334 3.07196 3.20432 3.27233 
2.03048 2.0366 2.80595 2.89896 2.97334 3.07196 3.20432 3.2653 
2.03048 2.0366 2.10067 2.80595 2.89896 2.97334 3.07196 3.20432 
2.03048 2.0366 2.10067 2.71761 2.80595 2.89896 2.97334 3.07196 
2.03048 2.0366 2.10067 2.71761 2.80595 2.89896 2.97334 3.07196 
1.66701 2.03048 2.0366 2.10067 2.71761 2.80595 2.89896 2.97334 
1.66701 1.94893 2.03048 2.0366 2.10067 2.71761 2.80595 2.89896 
1.66701 1.7852 1.94893 2.03048 2.0366 2.10067 2.68186 2.71761 
0.928395 1.66701 1.7852 1.94893 2.03048 2.0366 2.10067 2.24856 
0.928395 1.66701 1.7852 1.94893 2.03048 2.0366 2.10067 2.24856 
0.928395 1.52149 1.66701 1.7852 1.94893 2.03048 2.0366 2.10067 
0.176453 0.928395 1.52149 1.66701 1.7852 1.94893 2.03048 2.0366 
0.176453 0.928395 1.37643 1.52149 1.66701 1.7852 1.94893 2.03048 
0.176453 0.928395 1.37643 1.52149 1.66701 1.7852 1.8719 1.94893 
0.176453 0.928395 1.37643 1.45397 1.52149 1.62149 1.66701 1.7852 
0.176453 0.775292 0.928395 1.37643 1.45397 1.52149 1.62149 1.66701 
0.176453 0.775292 0.928395 1.37643 1.45397 1.52149 1.62149 1.66701 
0.176453 0.775292 0.928395 1.37643 1.45397 1.52149 1.62149 1.66701 
0.176453 0.775292 0.928395 1.36109 1.37643 1.45397 1.52149 1.62149 
0.176453 0.775292 0.928395 1.11257 1.36109 1.37643 1.45397 1.52149 
0.176453 0.209004 0.355188 0.775292 0.928395 1.11257 1.36109 1.37643 
0.176453 0.209004 0.355188 0.775292 0.928395 1.11257 1.36109 1.37643 
0.0590303 0.176453 0.209004 0.319448 0.355188 0.775292 0.928395 1.11257 
0.0590303 0.176453 0.209004 0.319448 0.355078 0.355188 0.775292 0.928395 
0.0590303 0.176453 0.209004 0.319448 0.355078 0.355188 0.775292 0.928395 
0.0590303 0.176453 0.209004 0.319448 0.347484 0.355078 0.355188 0.775292 
0.0590303 0.176453 0.209004 0.319448 0.347484 0.355078 0.355188 0.775292 
0.0590303 0.142533 0.176453 0.204585 0.209004 0.319448 0.347484 0.355078 
0.0590303 0.142533 0.176453 0.204585 0.209004 0.319448 0.347484 0.355078 
0.0590303 0.142533 0.176453 0.204585 0.209004 0.319448 0.347484 0.355078 
0.0590303 0.142533 0.176453 0.204585 0.209004 0.319448 0.347484 0.355078 
0.0590303 0.142533 0.176453 0.204585 0.209004 0.319448 0.347484 0.355078 
0.0590303 0.142533 0.176453 0.204585 0.209004 0.319448 0.347484 0.355078 
0.0590303 0.142533 0.176453 0.204585 0.209004 0.319448 0.347484 0.355078 
0.0590303 0.142533 0.176453 0.204585 0.209004 0.319448 0.347484 0.355078 
0.0590303 0.142533 0.176453 0.204585 0.209004 0.319448 0.347484 0.355078 
0.0590303 0.142533 0.176453 0.204585 0.209004 0.319448 0.347484 0.355078 
0.0590303 0.142533 0.176453 0.204585 0.209004 0.319448 0.347484 0.355078 
0.0590303 0.142533 0.176453 0.204585 0.209004 0.319448 0.347484 0.355078 
0.0590303 0.142533 0.176453 0.204585 0.209004 0.319448 0.347484 0.355078 
0.0590303 0.142533 0.176453 0.204585 0.209004 0.319448 0.347484 0.355078 
0.0590303 0.142533 0.176453 0.204585 0.209004 0.319448 0.347484 0.355078 
0.0590303 0.142533 0.176453 0.204585 0.209004 0.319448 0.347484 0.355078 
0.0590303 0.142533 0.176453 0.204585 0.209004 0.319448 0.347484 0.355078 
0.0590303 0.142533 0.176453 0.204585 0.209004 0.319448 0.347484 0.355078 
0.0590303 0.142533 0.176453 0.204585 0.209004 0.319448 0.347484 0.355078 
0.0590303 0.142533 0.176453 0.204585 0.209004 0.319448 0.347484 0.355078 
0.0590303 0.142533 0.176453 0.204585 0.209004 0.319448 0.347484 0.355078 
0.0590303 0.142533 0.176453 0.204585 0.209004 0.319448 0.347484 0.355078 
0.0590303 0.142533 0.176453 0.204585 0.209004 0.319448 0.347484 0.355078 
0.0590303 0.142533 0.176453 0.204585 0.209004 0.319448 0.347484 0.355078 
0.0590303 0.142533 0.176453 0.204585 0.209004 0.319448 0.347484 0.355078 
0.0590303 0.142533 0.176453 0.204585 0.209004 0.319448 0.347484 0.355078 
0.0590303 0.142533 0.176453 0.204585 0.209004 0.319448 0.347484 0.355078 
0.0590303 0.142533 0.176453 0.204585 0.209004 0.319448 0.347484 0.355078 
0.0590303 0.142533 0.176453 0.204585 0.209004 0.319448 0.347484 0.355078 
0.0590303 0.142533 0.176453 0.204585 0.209004 0.319448 0.347484 0.355078 
0.0590303 0.142533 0.176453 0.204585 0.209004 0.319448 0.347484 0.355078 
0.0590303 0.142533 0.176453 0.204585 0.209004 0.319448 0.347484 0.355078 
0.0590303 0.142533 0.176453 0.204585 0.209004 0.319448 0.347484 0.355078 
0.0590303 0.142533 0.176453 0.204585 0.209004 0.319448 0.347484 0.355078 
0.0590303 0.142533 0.176453 0.204585 0.209004 0.319448 0.347484 0.355078 
0.0590303 0.142533 0.176453 0.204585 0.209004 0.319448 0.347484 0.355078 
0.0590303 0.142533 0.176453 0.204585 0.209004 0.319448 0.347484 0.355078 
0.0590303 0.142533 0.176453 0.204585 0.209004 0.319448 0.347484 0.355078 
0.0590303 0.142533 0.176453 0.204585 0.209004 0.319448 0.347484 0.355078 
0.0590303 0.142533 0.176453 0.204585 0.209004 0.319448 0.347484 0.355078 
0.0590303 0.142533 0.176453 0.204585 0.209004 0.319448 0.347484 0.355078 
0.0590303 0.142533 0.176453 0.204585 0.209004 0.319448 0.347484 0.355078 
0.0590303 0.142533 0.176453 0.204585 0.209004 0.319448 0.347484 0.355078 
0.0590303 0.142533 0.176453 0.204585 0.209004 0.319448 0.347484 0.355078 
0.0590303 0.142533 0.176453 0.204585 0.209004 0.319448 0.347484 0.355078 
0.0590303 0.142533 0.176453 0.204585 0.209004 0.319448 0.347484 0.355078 
0.0590303 0.142533 0.176453 0.204585 0.209004 0.319448 0.347484 0.355078 
0.0590303 0.142533 0.176453 0.204585 0.209004 0.319448 0.347484 0.355078 
0.0590303 0.142533 0.176453 0.204585 0.209004 0.319448 0.347484 0.355078 
0.0590303 0.142533 0.176453 0.204585 0.209004 0.319448 0.347484 0.355078 
0.0590303 0.142533 0.176453 0.204585 0.209004 0.319448 0.347484 0.355078 
0.0590303 0.142533 0.176453 0.204585 0.209004 0.319448 0.347484 0.355078 
0.0590303 0.142533 0.176453 0.204585 0.209004 0.319448 0.347484 0.355078 
0.0590303 0.142533 0.176453 0.204585 0.209004 0.319448 0.347484 0.355078 
0.0590303 0.142533 0.176453 0.204585 0.209004 0.319448 0.347484 0.355078 
0.0590303 0.142533 0.176453 0.204585 0.209004 0.319448 0.347484 0.355078 
0.0590303 0.142533 0.176453 0.204585 0.209004 0.319448 0.347484 0.355078 
0.0590303 0.142533 0.176453 0.204585 0.209004 0.319448 0.347484 0.355078 
0.0590303 0.142533 0.176453 0.204585 0.209004 0.319448 0.347484 0.355078 
0.0590303 0.142533 0.176453 0.204585 0.209004 0.319448 0.347484 0.355078 
0.0590303 0.142533 0.176453 0.204585 0.209004 0.319448 0.347484 0.355078 
0.0590303 0.142533 0.176453 0.204585 0.209004 0.319448 0.347484 0.355078 
0.0590303 0.142533 0.176453 0.204585 0.209004 0.319448 0.347484 0.355078 
0.0590303 0.142533 0.176453 0.204585 0.209004 0.319448 0.347484 0.355078 
0.0590303 0.142533 0.176453 0.204585 0.209004 0.319448 0.347484 0.355078 
0.0590303 0.142533 0.176453 0.204585 0.209004 0.319448 0.347484 0.355078 
0.0590303 0.142533 0.176453 0.204585 0.209004 0.319448 0.347484 0.355078 
0.0590303 0.142533 0.176453 0.204585 0.209004 0.319448 0.347484 0.355078 
0.0590303 0.142533 0.176453 0.204585 0.209004 0.319448 0.347484 0.355078 
0.0590303 0.142533 0.176453 0.204585 0.209004 0.319448 0.347484 0.355078 
