0.753464 2.76962 3.00497 3.04324 3.0542 3.17483 3.52879 3.62957 
0.753464 2.43645 2.76962 3.00497 3.04324 3.0542 3.17483 3.27243 
0.753464 2.43645 2.76962 2.87573 2.9627 2.98436 3.00497 3.04324 
0.753464 2.077 2.43645 2.76962 2.87573 2.9627 2.98436 3.00497 
0.753464 2.077 2.38035 2.43645 2.76962 2.87573 2.9627 2.98436 
0.753464 1.90787 2.077 2.38035 2.43645 2.4641 2.76962 2.87573 
0.753464 1.90787 2.077 2.22015 2.38035 2.43645 2.4641 2.76962 
0.753464 0.755218 1.90787 2.077 2.22015 2.38035 2.43645 2.4641 
0.753464 0.755218 1.41429 1.90787 2.077 2.22015 2.38035 2.43645 
0.753464 0.755218 1.41429 1.90787 2.077 2.22015 2.38035 2.43645 
0.753464 0.755218 1.41429 1.90787 2.077 2.22015 2.38035 2.43645 
0.753464 0.755218 1.33478 1.41429 1.90787 2.077 2.21164 2.22015 
0.753464 0.755218 1.33478 1.41429 1.90787 2.077 2.21164 2.22015 
0.753464 0.755218 1.33478 1.41429 1.90787 2.03924 2.077 2.21164 
0.753464 0.755218 1.33478 1.41429 1.90787 2.03924 2.077 2.21164 
0.753464 0.755218 1.33478 1.41429 1.90787 2.03924 2.077 2.19201 
0.246082 0.753464 0.755218 1.33478 1.41429 1.90787 1.95072 2.03924 
0.246082 0.753464 0.755218 1.05005 1.33478 1.41429 1.90787 1.95072 
0.246082 0.299457 0.753464 0.755218 1.05005 1.33478 1.41429 1.90787 
0.246082 0.299457 0.753464 0.755218 1.05005 1.22504 1.33478 1.41429 
0.246082 0.299457 0.753464 0.755218 0.832077 1.05005 1.22504 1.33478 
0.246082 0.299457 0.728829 0.753464 0.755218 0.832077 1.05005 1.22504 
0.246082 0.299457 0.728829 0.748351 0.753464 0.755218 0.832077 1.05005 
0.246082 0.299457 0.728829 0.7413 0.748351 0.753464 0.755218 0.827563 
0.246082 0.299457 0.728829 0.7413 0.748351 0.753464 0.755218 0.827563 
0.246082 0.299457 0.442837 0.728829 0.7413 0.748351 0.753464 0.755218 
0.246082 0.299457 0.442837 0.728829 0.7413 0.748351 0.753464 0.755218 
0.246082 0.299457 0.442837 0.595787 0.728829 0.7413 0.748351 0.753464 
0.246082 0.299457 0.442837 0.595787 0.728829 0.7413 0.748351 0.753464 
0.246082 0.299457 0.442837 0.595787 0.728829 0.7413 0.748351 0.753464 
0.153295 0.246082 0.299457 0.442837 0.595787 0.728829 0.7413 0.748351 
0.153295 0.246082 0.299457 0.442837 0.595787 0.647387 0.709779 0.728829 
0.153295 0.246082 0.299457 0.442837 0.595787 0.647387 0.709779 0.728829 
0.153295 0.246082 0.299457 0.442837 0.595787 0.647387 0.709779 0.728829 
0.153295 0.246082 0.299457 0.442837 0.595787 0.647387 0.709779 0.728829 
0.153295 0.246082 0.275238 0.299457 0.442837 0.467893 0.595787 0.647387 
0.153295 0.246082 0.275238 0.277955 0.299457 0.442837 0.467893 0.595787 
0.153295 0.246082 0.275238 0.277955 0.299457 0.442837 0.467893 0.595787 
0.153295 0.246082 0.264687 0.275238 0.276858 0.277955 0.299457 0.442837 
0.153295 0.246082 0.264687 0.275238 0.276858 0.277955 0.299457 0.442837 
0.153295 0.173565 0.246082 0.264687 0.275238 0.276858 0.277955 0.299457 
0.153295 0.173565 0.246082 0.264687 0.275238 0.276858 0.277955 0.299457 
0.153295 0.173565 0.246082 0.264687 0.275238 0.276858 0.277955 0.299457 
0.153295 0.173565 0.246082 0.264687 0.275238 0.276858 0.277955 0.299457 
0.153295 0.173565 0.246082 0.264687 0.275238 0.276858 0.277955 0.299457 
0.153295 0.173565 0.246082 0.264687 0.275238 0.276858 0.277955 0.299457 
0.153295 0.173565 0.246082 0.264687 0.275238 0.276858 0.277955 0.299457 
0.153295 0.173565 0.246082 0.264687 0.275238 0.276858 0.277955 0.299457 
0.153295 0.173565 0.246082 0.264687 0.275238 0.276858 0.277955 0.299457 
0.153295 0.173565 0.246082 0.264687 0.275238 0.276858 0.277955 0.299457 
0.153295 0.173565 0.246082 0.264687 0.275238 0.276858 0.277955 0.299457 
0.153295 0.173565 0.246082 0.264687 0.275238 0.276858 0.277955 0.299457 
0.153295 0.173565 0.246082 0.264687 0.275238 0.276858 0.277955 0.299457 
0.153295 0.173565 0.246082 0.264687 0.275238 0.276858 0.277955 0.299457 
0.153295 0.173565 0.246082 0.264687 0.275238 0.276858 0.277955 0.299457 
0.153295 0.173565 0.246082 0.264687 0.275238 0.276858 0.277955 0.299457 
0.153295 0.173565 0.246082 0.264687 0.275238 0.276858 0.277955 0.299457 
0.153295 0.173565 0.246082 0.264687 0.275238 0.276858 0.277955 0.299457 
0.153295 0.173565 0.246082 0.264687 0.275238 0.276858 0.277955 0.299457 
0.153295 0.173565 0.246082 0.264687 0.275238 0.276858 0.277955 0.299457 
0.153295 0.173565 0.246082 0.264687 0.275238 0.276858 0.277955 0.299457 
0.153295 0.173565 0.246082 0.264687 0.275238 0.276858 0.277955 0.299457 
0.153295 0.173565 0.246082 0.264687 0.275238 0.276858 0.277955 0.299457 
0.153295 0.173565 0.246082 0.264687 0.275238 0.276858 0.277955 0.299457 
0.153295 0.173565 0.246082 0.264687 0.275238 0.276858 0.277955 0.299457 
0.153295 0.173565 0.246082 0.264687 0.275238 0.276858 0.277955 0.299457 
0.153295 0.173565 0.246082 0.264687 0.275238 0.276858 0.277955 0.299457 
0.153295 0.173565 0.246082 0.264687 0.275238 0.276858 0.277955 0.299457 
0.153295 0.173565 0.246082 0.264687 0.275238 0.276858 0.277955 0.299457 
0.153295 0.173565 0.246082 0.264687 0.275238 0.276858 0.277955 0.299457 
0.153295 0.173565 0.246082 0.264687 0.275238 0.276858 0.277955 0.299457 
0.153295 0.173565 0.246082 0.264687 0.275238 0.276858 0.277955 0.299457 
0.153295 0.173565 0.246082 0.264687 0.275238 0.276858 0.277955 0.299457 
0.153295 0.173565 0.246082 0.264687 0.275238 0.276858 0.277955 0.299457 
0.153295 0.173565 0.246082 0.264687 0.275238 0.276858 0.277955 0.299457 
0.153295 0.173565 0.246082 0.264687 0.275238 0.276858 0.277955 0.299457 
0.153295 0.173565 0.246082 0.264687 0.275238 0.276858 0.277955 0.299457 
0.153295 0.173565 0.246082 0.264687 0.275238 0.276858 0.277955 0.299457 
0.153295 0.173565 0.246082 0.264687 0.275238 0.276858 0.277955 0.299457 
0.153295 0.173565 0.246082 0.264687 0.275238 0.276858 0.277955 0.299457 
0.153295 0.173565 0.246082 0.264687 0.275238 0.276858 0.277955 0.299457 
0.153295 0.173565 0.246082 0.264687 0.275238 0.276858 0.277955 0.299457 
0.153295 0.173565 0.246082 0.264687 0.275238 0.276858 0.277955 0.299457 
0.153295 0.173565 0.246082 0.264687 0.275238 0.276858 0.277955 0.299457 
0.153295 0.173565 0.246082 0.264687 0.275238 0.276858 0.277955 0.299457 
0.153295 0.173565 0.246082 0.264687 0.275238 0.276858 0.277955 0.299457 
0.153295 0.173565 0.246082 0.264687 0.275238 0.276858 0.277955 0.299457 
0.153295 0.173565 0.246082 0.264687 0.275238 0.276858 0.277955 0.299457 
0.153295 0.173565 0.246082 0.264687 0.275238 0.276858 0.277955 0.299457 
0.153295 0.173565 0.246082 0.264687 0.275238 0.276858 0.277955 0.299457 
0.153295 0.173565 0.246082 0.264687 0.275238 0.276858 0.277955 0.299457 
0.153295 0.173565 0.246082 0.264687 0.275238 0.276858 0.277955 0.299457 
0.153295 0.173565 0.246082 0.264687 0.275238 0.276858 0.277955 0.299457 
0.153295 0.173565 0.246082 0.264687 0.275238 0.276858 0.277955 0.299457 
0.153295 0.173565 0.246082 0.264687 0.275238 0.276858 0.277955 0.299457 
0.153295 0.173565 0.246082 0.264687 0.275238 0.276858 0.277955 0.299457 
0.153295 0.173565 0.246082 0.264687 0.275238 0.276858 0.277955 0.299457 
0.153295 0.173565 0.246082 0.264687 0.275238 0.276858 0.277955 0.299457 
0.153295 0.173565 0.246082 0.264687 0.275238 0.276858 0.277955 0.299457 
0.153295 0.173565 0.246082 0.264687 0.275238 0.276858 0.277955 0.299457 
