4.31544 4.59301 5.20724 6.63124 6.81967 7.16722 7.92538 8.06708 
4.31544 4.59301 5.20724 6.63124 6.71987 6.81967 7.03692 7.16722 
4.18501 4.31544 4.59301 5.20724 5.58978 5.99372 6.63124 6.71987 
4.18501 4.31544 4.59301 4.85165 5.20724 5.54951 5.58978 5.99372 
4.18501 4.31544 4.59301 4.85165 5.20724 5.54951 5.58978 5.99372 
4.18501 4.31544 4.59301 4.85165 5.20724 5.54951 5.58978 5.99372 
4.18501 4.31544 4.59301 4.85165 5.20724 5.54909 5.54951 5.58978 
4.09957 4.18501 4.31544 4.59301 4.85165 5.20724 5.54909 5.54951 
4.09957 4.18501 4.31544 4.59301 4.85165 5.20724 5.22167 5.54909 
3.22181 4.09957 4.18501 4.31544 4.59151 4.59301 4.85165 5.20724 
3.02881 3.22181 3.79582 4.09957 4.18501 4.31544 4.59151 4.59301 
3.02881 3.22181 3.79582 4.09957 4.18501 4.31544 4.59151 4.59301 
3.02881 3.22181 3.79582 4.09957 4.18501 4.31544 4.46277 4.59151 
2.28272 3.02881 3.17638 3.22181 3.79582 4.09957 4.18501 4.19245 
2.28272 3.02881 3.17638 3.22181 3.79582 4.09957 4.18501 4.19245 
2.28272 2.67072 2.70209 3.02881 3.17638 3.22181 3.79582 3.87083 
2.28272 2.67072 2.70209 3.02881 3.09132 3.17638 3.22181 3.79582 
1.12986 2.28272 2.67072 2.70209 3.02881 3.09132 3.17638 3.22181 
1.12986 2.28272 2.67072 2.70209 3.02881 3.09132 3.17638 3.22181 
1.12986 2.28272 2.67072 2.70209 3.02881 3.09132 3.17638 3.22181 
1.12986 2.28272 2.66954 2.67072 2.70209 3.02881 3.09132 3.17638 
1.12986 2.28272 2.66954 2.67072 2.70209 3.02881 3.09132 3.17638 
1.12986 2.28272 2.66954 2.67072 2.70209 2.7956 3.02881 3.09132 
1.12986 2.28272 2.66954 2.67072 2.70209 2.7956 2.86331 2.98916 
1.12986 2.28272 2.66954 2.67072 2.70209 2.7724 2.7956 2.86331 
1.12986 2.28272 2.66954 2.67072 2.70209 2.7724 2.7956 2.86331 
1.12986 2.28272 2.66954 2.67072 2.70209 2.7724 2.7956 2.86331 
1.12986 2.28272 2.66954 2.67072 2.70209 2.7724 2.7956 2.86331 
1.12986 2.28272 2.66954 2.67072 2.70209 2.7724 2.7956 2.86331 
1.12986 2.28272 2.66091 2.66954 2.67072 2.70209 2.7724 2.7956 
1.12986 2.28272 2.66091 2.66954 2.67072 2.70209 2.7724 2.7956 
1.12986 2.28272 2.66091 2.66954 2.67072 2.70209 2.7724 2.7956 
1.12986 2.28272 2.66091 2.66954 2.67072 2.70209 2.7724 2.7956 
1.12986 2.28272 2.66091 2.66954 2.67072 2.70209 2.7724 2.7956 
0.526556 1.12986 2.28272 2.66091 2.66954 2.67072 2.70209 2.7724 
0.526556 1.12986 2.1931 2.28272 2.66091 2.66954 2.67072 2.70209 
0.526556 1.12986 1.17324 2.1931 2.28272 2.66091 2.66954 2.67072 
0.526556 1.12986 1.17324 2.1931 2.28272 2.38973 2.66091 2.66954 
0.526556 1.12986 1.17324 1.29949 2.1931 2.28272 2.38973 2.66091 
0.526556 1.12986 1.17324 1.29949 2.08806 2.1931 2.28272 2.38973 
0.526556 1.12986 1.17324 1.29949 1.43228 2.08806 2.1931 2.28272 
0.286494 0.526556 1.12986 1.17324 1.29949 1.43228 2.08806 2.1931 
0.286494 0.526556 1.12986 1.17324 1.29949 1.43228 2.08806 2.1931 
0.286494 0.526556 1.12986 1.17324 1.29949 1.43228 2.08806 2.1931 
0.286494 0.526556 1.12986 1.17324 1.29949 1.43228 2.08806 2.1931 
0.286494 0.526556 1.12986 1.17324 1.29949 1.43228 2.08806 2.1931 
0.286494 0.526556 1.12986 1.17324 1.29949 1.43228 1.51756 2.08806 
0.286494 0.526556 1.12986 1.17324 1.29949 1.43228 1.51756 2.08806 
0.286494 0.526556 1.12986 1.17324 1.29949 1.43228 1.51756 2.08806 
0.286494 0.526556 1.12986 1.17324 1.29949 1.43228 1.51756 1.90164 
0.286494 0.526556 1.12986 1.17324 1.29949 1.43228 1.45209 1.51756 
0.286494 0.526556 1.12986 1.17324 1.29949 1.43228 1.45209 1.51756 
0.286494 0.526556 1.12986 1.17324 1.29949 1.41602 1.43228 1.45209 
0.286494 0.526556 1.12986 1.17324 1.29949 1.41602 1.43228 1.45209 
0.286494 0.526556 1.12986 1.17324 1.29949 1.41602 1.43228 1.45209 
0.286494 0.526556 1.12986 1.17324 1.29949 1.41602 1.43228 1.45209 
0.286494 0.526556 1.12986 1.17324 1.29949 1.41602 1.41894 1.43228 
0.286494 0.526556 1.12986 1.17324 1.29949 1.35662 1.41602 1.41894 
0.286494 0.35754 0.526556 0.671299 1.12986 1.17324 1.29949 1.35662 
0.286494 0.35754 0.526556 0.671299 1.12986 1.17145 1.17324 1.29949 
0.286494 0.35754 0.526556 0.671299 1.12986 1.17145 1.17324 1.29949 
0.286494 0.35754 0.526556 0.671299 1.12986 1.17145 1.17324 1.29949 
0.286494 0.35754 0.526556 0.671299 1.12986 1.17145 1.17324 1.29949 
0.286494 0.35754 0.526556 0.671299 1.12986 1.17145 1.17324 1.29949 
0.286494 0.35754 0.526556 0.671299 0.897014 1.12986 1.17145 1.17324 
0.286494 0.35754 0.526556 0.535442 0.671299 0.822422 0.897014 1.12986 
0.230558 0.286494 0.35754 0.526556 0.535442 0.671299 0.704817 0.822422 
0.230558 0.286494 0.35754 0.526556 0.535442 0.671299 0.704817 0.822422 
0.230558 0.286494 0.35754 0.526556 0.535442 0.671299 0.704817 0.822422 
0.230558 0.286494 0.35754 0.526556 0.535442 0.671299 0.672699 0.704817 
0.230558 0.286494 0.35754 0.526556 0.535442 0.671299 0.672699 0.704817 
0.230558 0.286494 0.35754 0.526556 0.535442 0.671299 0.672699 0.704817 
0.230558 0.286494 0.35754 0.526556 0.535442 0.671299 0.672699 0.704817 
0.230558 0.286494 0.35754 0.361765 0.526556 0.535442 0.671299 0.672699 
0.137212 0.230558 0.286494 0.35754 0.361765 0.526556 0.535442 0.671299 
0.137212 0.230558 0.286494 0.35754 0.361765 0.526556 0.535442 0.671299 
0.137212 0.230558 0.286494 0.318343 0.35754 0.361765 0.526556 0.535442 
0.137212 0.230558 0.286494 0.318343 0.35754 0.361765 0.435855 0.526556 
0.137212 0.230558 0.286494 0.293259 0.318343 0.35754 0.361765 0.435855 
0.137212 0.230558 0.286494 0.293259 0.318343 0.328913 0.35754 0.361765 
0.137212 0.230558 0.286494 0.293259 0.318343 0.328913 0.35754 0.361765 
0.137212 0.138639 0.230558 0.286494 0.293259 0.318343 0.328913 0.35754 
0.137212 0.138639 0.230558 0.286494 0.293259 0.318343 0.328913 0.35754 
0.0543789 0.137212 0.138639 0.230558 0.286494 0.293259 0.318343 0.328913 
0.0543789 0.137212 0.138639 0.230558 0.286494 0.293259 0.318343 0.328913 
0.014395 0.0543789 0.137212 0.138639 0.230558 0.286494 0.293259 0.318343 
0.014395 0.0543789 0.137212 0.138639 0.230558 0.286494 0.293259 0.318343 
0.014395 0.0543789 0.137212 0.138639 0.230558 0.286494 0.293259 0.299447 
0.014395 0.0543789 0.137212 0.138639 0.230558 0.286494 0.293259 0.299447 
0.014395 0.0543789 0.137212 0.138639 0.230558 0.286494 0.293259 0.299447 
0.014395 0.0543789 0.137212 0.138639 0.230558 0.286494 0.293259 0.299447 
0.014395 0.0543789 0.137212 0.138639 0.230558 0.286494 0.293259 0.299447 
0.014395 0.0543789 0.137212 0.138639 0.230558 0.286494 0.293259 0.299447 
0.014395 0.0543789 0.137212 0.138639 0.230558 0.286494 0.293259 0.299447 
0.014395 0.0543789 0.137212 0.138639 0.230558 0.286494 0.293259 0.299447 
0.014395 0.0543789 0.137212 0.138639 0.230558 0.278073 0.285443 0.286494 
0.014395 0.0543789 0.137212 0.138639 0.230558 0.278073 0.285443 0.286494 
0.014395 0.0543789 0.137212 0.138639 0.230558 0.278073 0.285443 0.286494 
0.014395 0.0543789 0.137212 0.138639 0.230558 0.278073 0.285443 0.286494 
0.014395 0.0543789 0.137212 0.138639 0.230558 0.278073 0.285443 0.286494 
