3.40895 4.40437 4.55517 5.4678 5.88537 7.68435 7.78354 7.90293 
3.40895 4.40437 4.55517 5.4678 5.88537 6.31478 6.49693 6.55018 
3.01085 3.40895 4.40437 4.52 4.55517 5.4678 5.51094 5.88537 
2.95204 3.01085 3.40895 4.40437 4.52 4.55517 5.4678 5.51094 
2.95204 3.01085 3.40895 4.23049 4.40437 4.52 4.55517 5.4678 
2.95204 3.01085 3.40895 4.23049 4.40437 4.52 4.55517 4.90646 
2.95204 3.01085 3.40895 4.23049 4.40437 4.52 4.55517 4.90646 
2.95204 3.01085 3.40895 4.23049 4.40437 4.52 4.55517 4.90646 
2.95204 3.01085 3.40895 4.23049 4.40437 4.52 4.55517 4.90646 
2.95204 3.01085 3.30065 3.40895 3.78847 4.23049 4.40437 4.52 
2.56623 2.89058 2.95204 3.01085 3.30065 3.40895 3.78847 4.23049 
2.56623 2.89058 2.95204 3.01085 3.30065 3.40895 3.78847 4.23049 
2.56623 2.89058 2.95204 3.01085 3.30065 3.40895 3.71279 3.78847 
2.56623 2.89058 2.95204 3.01085 3.30065 3.37552 3.40895 3.71279 
2.56623 2.89058 2.95204 3.01085 3.30065 3.37552 3.40895 3.57566 
2.56623 2.89058 2.95204 3.01085 3.30065 3.37552 3.40895 3.52926 
2.56623 2.89058 2.95204 3.01085 3.30065 3.37552 3.40895 3.52926 
2.56623 2.72333 2.89058 2.95204 2.96622 3.01085 3.30065 3.37552 
2.56623 2.72333 2.89058 2.95204 2.96622 3.01085 3.30065 3.37552 
2.56623 2.69194 2.72333 2.89058 2.95204 2.96622 3.01085 3.30065 
1.10614 1.74951 2.56623 2.69194 2.72333 2.89058 2.95204 2.96622 
1.10614 1.74951 2.56623 2.69194 2.72333 2.89058 2.95204 2.96622 
1.10614 1.74951 2.56623 2.69194 2.72333 2.89058 2.95204 2.96622 
1.10614 1.2198 1.74951 2.56623 2.69194 2.72333 2.89058 2.95204 
1.10614 1.2198 1.74951 2.56623 2.69194 2.72333 2.88432 2.89058 
1.10614 1.2198 1.74951 2.56623 2.69194 2.72333 2.88432 2.89058 
1.10614 1.2198 1.74951 2.56623 2.69194 2.72333 2.88432 2.89058 
1.10614 1.2198 1.74951 2.25753 2.56623 2.69194 2.70756 2.72333 
1.10614 1.2198 1.74951 2.25753 2.51977 2.56623 2.69194 2.70756 
1.10614 1.2198 1.74951 2.25753 2.51977 2.56623 2.69194 2.70756 
1.10614 1.2198 1.74951 2.25753 2.51977 2.56623 2.65113 2.69194 
1.10614 1.2198 1.74951 2.25753 2.51977 2.56623 2.59489 2.65113 
1.10614 1.2198 1.74951 2.25753 2.51977 2.56623 2.56973 2.59489 
1.10614 1.2198 1.74951 2.25753 2.51977 2.56623 2.56973 2.59489 
0.26881 1.10614 1.2198 1.74951 2.25753 2.34809 2.51977 2.56623 
0.26881 1.10614 1.2198 1.74951 2.25753 2.34809 2.51977 2.56623 
0.26881 1.10614 1.2198 1.74951 2.25753 2.34809 2.51977 2.56623 
0.26881 1.10614 1.2198 1.74951 2.25753 2.34809 2.51977 2.56623 
0.26881 1.10614 1.2198 1.74951 2.25753 2.34809 2.51977 2.56623 
0.26881 1.10614 1.2198 1.74951 2.25753 2.34809 2.51977 2.56623 
0.26881 1.10614 1.2198 1.74951 2.25753 2.34809 2.51977 2.56623 
0.137901 0.26881 1.10614 1.2198 1.74951 1.99333 2.25753 2.34809 
0.137901 0.26881 1.10614 1.2198 1.74951 1.75834 1.99333 2.25753 
0.137901 0.26881 1.10614 1.2198 1.74951 1.75834 1.99333 2.25753 
0.137901 0.186059 0.26881 1.10614 1.2198 1.74951 1.75834 1.99333 
0.137901 0.186059 0.26881 1.10614 1.2198 1.74951 1.75834 1.99333 
0.137901 0.186059 0.26881 1.10614 1.2198 1.26036 1.74951 1.75834 
0.137901 0.186059 0.26881 1.10614 1.2198 1.26036 1.48673 1.74951 
0.137901 0.186059 0.26881 1.10614 1.2198 1.26036 1.48673 1.74951 
0.137901 0.186059 0.26881 1.10614 1.2198 1.26036 1.48673 1.74951 
0.137901 0.186059 0.26881 1.10614 1.2198 1.26036 1.48673 1.72382 
0.137901 0.186059 0.26881 1.10614 1.2198 1.26036 1.48673 1.72382 
0.137901 0.186059 0.26881 1.10614 1.2198 1.26036 1.48673 1.72382 
0.137901 0.186059 0.26881 1.10614 1.2198 1.26036 1.34909 1.48673 
0.137901 0.186059 0.26881 0.359599 1.10614 1.2198 1.26036 1.32009 
0.137901 0.186059 0.26881 0.359599 1.10614 1.2198 1.26036 1.32009 
0.137901 0.186059 0.26881 0.359599 1.10614 1.2198 1.26036 1.32009 
0.137901 0.186059 0.26881 0.359599 1.10614 1.2198 1.26036 1.32009 
0.137901 0.186059 0.26881 0.359599 1.10614 1.2198 1.26036 1.32009 
0.137901 0.186059 0.26881 0.359599 1.10614 1.2198 1.26036 1.32009 
0.137901 0.186059 0.26881 0.359599 1.10614 1.2198 1.26036 1.32009 
0.137901 0.186059 0.26881 0.359599 1.10614 1.2198 1.26036 1.32009 
0.137901 0.186059 0.26881 0.359599 1.10614 1.2198 1.26036 1.32009 
0.137901 0.186059 0.26881 0.359599 1.10614 1.2198 1.26036 1.32009 
0.137901 0.186059 0.26881 0.359599 1.10614 1.2198 1.26036 1.32009 
0.137901 0.186059 0.26881 0.359599 1.10614 1.2198 1.26036 1.32009 
0.137901 0.186059 0.26881 0.359599 1.10614 1.2198 1.26036 1.32009 
0.137901 0.186059 0.26881 0.359599 1.10614 1.2198 1.26036 1.32009 
0.137901 0.186059 0.26881 0.359599 1.10614 1.2198 1.26036 1.32009 
0.137901 0.186059 0.26881 0.359599 1.10614 1.2198 1.26036 1.32009 
0.137901 0.186059 0.26881 0.359599 1.10614 1.2198 1.26036 1.32009 
0.137901 0.186059 0.26881 0.359599 1.10614 1.2198 1.26036 1.32009 
0.137901 0.186059 0.26881 0.359599 1.10614 1.2198 1.26036 1.32009 
0.137901 0.186059 0.26881 0.359599 1.10614 1.2198 1.26036 1.32009 
0.137901 0.186059 0.26881 0.359599 1.10614 1.2198 1.26036 1.32009 
0.137901 0.186059 0.26881 0.359599 1.10614 1.2198 1.26036 1.32009 
0.137901 0.186059 0.26881 0.359599 1.10614 1.2198 1.26036 1.32009 
0.137901 0.186059 0.26881 0.359599 1.10614 1.2198 1.26036 1.32009 
0.137901 0.186059 0.26881 0.359599 1.10614 1.2198 1.26036 1.32009 
0.137901 0.186059 0.26881 0.359599 1.10614 1.2198 1.26036 1.32009 
0.137901 0.186059 0.26881 0.359599 1.10614 1.2198 1.26036 1.32009 
0.137901 0.186059 0.26881 0.359599 1.10614 1.2198 1.26036 1.32009 
0.137901 0.186059 0.26881 0.359599 1.10614 1.2198 1.26036 1.32009 
0.137901 0.186059 0.26881 0.359599 1.10614 1.2198 1.26036 1.32009 
0.137901 0.186059 0.26881 0.359599 1.10614 1.2198 1.26036 1.32009 
0.137901 0.186059 0.26881 0.359599 1.10614 1.2198 1.26036 1.32009 
0.137901 0.186059 0.26881 0.359599 1.10614 1.2198 1.26036 1.32009 
0.137901 0.186059 0.26881 0.359599 1.10614 1.2198 1.26036 1.32009 
0.137901 0.186059 0.26881 0.359599 1.10614 1.2198 1.26036 1.32009 
0.137901 0.186059 0.26881 0.359599 1.10614 1.2198 1.26036 1.32009 
0.137901 0.186059 0.26881 0.359599 1.10614 1.2198 1.26036 1.32009 
0.137901 0.186059 0.26881 0.359599 1.10614 1.2198 1.26036 1.32009 
0.137901 0.186059 0.26881 0.359599 1.10614 1.2198 1.26036 1.32009 
0.137901 0.186059 0.26881 0.359599 1.10614 1.2198 1.26036 1.32009 
0.137901 0.186059 0.26881 0.359599 1.10614 1.2198 1.26036 1.32009 
0.137901 0.186059 0.26881 0.359599 1.10614 1.2198 1.26036 1.32009 
0.137901 0.186059 0.26881 0.359599 1.10614 1.2198 1.26036 1.32009 
0.137901 0.186059 0.26881 0.359599 1.10614 1.2198 1.26036 1.32009 
0.137901 0.186059 0.26881 0.359599 1.10614 1.2198 1.26036 1.32009 
0.137901 0.186059 0.26881 0.359599 1.10614 1.2198 1.26036 1.32009 
