4.89463 5.51098 6.12859 7.32158 7.65809 7.82758 8.2293 9.79588 
3.51659 4.46222 4.89463 5.51098 6.12859 6.67981 7.32158 7.65809 
3.51659 4.46222 4.89463 5.04074 5.51098 6.12859 6.67981 7.32158 
3.51659 3.72776 4.46222 4.59216 4.89463 5.04074 5.51098 6.12859 
3.48527 3.51659 3.72776 4.22249 4.46222 4.59216 4.89463 5.04074 
3.09454 3.17627 3.48527 3.51659 3.72776 4.22249 4.46222 4.59216 
3.09454 3.17627 3.48527 3.51659 3.72776 4.00412 4.22249 4.46222 
3.09454 3.17627 3.48527 3.51659 3.60741 3.72776 4.00412 4.06601 
3.09454 3.17627 3.36125 3.48527 3.51659 3.60741 3.72776 4.00412 
2.95293 3.09454 3.17627 3.36125 3.4629 3.48527 3.51659 3.60741 
2.95293 3.09454 3.17627 3.36125 3.4629 3.48527 3.51659 3.60741 
2.86655 2.95293 3.09454 3.17627 3.36125 3.4629 3.48527 3.48653 
2.86113 2.86655 2.95293 3.09454 3.17627 3.36125 3.4629 3.48527 
2.86113 2.86655 2.95293 3.09454 3.17627 3.36125 3.4629 3.48527 
2.86113 2.86655 2.95293 3.09454 3.17627 3.36125 3.4629 3.48527 
2.86113 2.86655 2.95293 3.09454 3.17627 3.36125 3.4629 3.48527 
2.86113 2.86655 2.95293 3.09454 3.17627 3.36125 3.4629 3.48527 
2.86113 2.86655 2.95293 3.09454 3.17627 3.36125 3.4629 3.48527 
2.86113 2.86655 2.95293 3.09454 3.15516 3.17627 3.2421 3.36125 
2.86113 2.86655 2.95293 3.09454 3.15516 3.17627 3.2421 3.36125 
2.83234 2.86113 2.86655 2.95293 3.09454 3.15516 3.17384 3.17627 
1.38131 2.83234 2.86113 2.86655 2.95293 3.09454 3.15516 3.17384 
1.38131 2.83234 2.86113 2.86655 2.95293 3.09454 3.15516 3.17384 
1.38131 2.83234 2.86113 2.86655 2.95293 3.09454 3.15516 3.17384 
1.38131 2.83234 2.86113 2.86655 2.95293 3.09454 3.15516 3.17384 
1.38131 2.83234 2.86113 2.86655 2.95293 3.09454 3.15516 3.17384 
1.38131 2.83234 2.86113 2.86655 2.95293 3.09454 3.15516 3.17384 
1.38131 2.83234 2.86113 2.86655 2.95293 3.09454 3.15516 3.17384 
1.38131 2.83234 2.86113 2.86655 2.95293 3.09454 3.15516 3.17384 
1.38131 2.83234 2.86113 2.86655 2.95293 2.97625 3.09454 3.15516 
1.38131 2.2826 2.83234 2.86113 2.86655 2.95293 2.97625 3.09454 
1.38131 2.2826 2.83234 2.86113 2.86655 2.90452 2.95293 2.97625 
1.38131 2.2826 2.83234 2.86113 2.86655 2.89983 2.90452 2.95293 
0.800895 1.38131 2.2826 2.83234 2.86113 2.86655 2.89983 2.90452 
0.800895 0.987833 1.30552 1.38131 2.2826 2.83234 2.86113 2.86655 
0.253759 0.800895 0.987833 1.30552 1.38131 2.14418 2.2826 2.74951 
0.253759 0.800895 0.987833 1.30552 1.38131 2.14418 2.2826 2.70404 
0.253759 0.800895 0.987833 1.30552 1.38131 2.14418 2.26851 2.2826 
0.253759 0.800895 0.987833 1.30552 1.38131 2.14418 2.26851 2.2826 
0.253759 0.800895 0.987833 1.30552 1.38131 2.14418 2.26851 2.2826 
0.253759 0.800895 0.987833 1.30552 1.38131 2.14418 2.26851 2.2826 
0.253759 0.800895 0.987833 1.30552 1.38131 1.9481 2.05692 2.14418 
0.253759 0.800895 0.987833 1.30552 1.38131 1.9481 2.05692 2.14418 
0.253759 0.48387 0.800895 0.987833 1.30552 1.38131 1.81148 1.9481 
0.253759 0.48387 0.800895 0.987833 1.30552 1.38131 1.63429 1.81148 
0.253759 0.48387 0.800895 0.987833 1.30552 1.38131 1.54518 1.63429 
0.253759 0.48387 0.596549 0.800895 0.987833 1.30552 1.31108 1.32735 
0.253759 0.48387 0.596549 0.800895 0.987833 1.30552 1.31108 1.32735 
0.253759 0.48387 0.596549 0.800895 0.987833 1.30552 1.31108 1.32735 
0.253759 0.48387 0.596549 0.800895 0.987833 1.30552 1.31108 1.32735 
0.0912695 0.253759 0.48387 0.596549 0.800895 0.887656 0.987833 1.30552 
0.0912695 0.253759 0.48387 0.596549 0.800895 0.887656 0.987833 1.30552 
0.0912695 0.253759 0.48387 0.596549 0.800895 0.887656 0.987833 1.30552 
0.0912695 0.253759 0.48387 0.596549 0.800895 0.887656 0.987833 1.30552 
0.0912695 0.253759 0.383422 0.48387 0.596549 0.800895 0.887656 0.987833 
0.0912695 0.253759 0.383422 0.48387 0.596549 0.800895 0.887656 0.987833 
0.0912695 0.253759 0.259013 0.383422 0.48387 0.596549 0.800895 0.887656 
0.0912695 0.253759 0.259013 0.383422 0.48387 0.596549 0.800895 0.887656 
0.0912695 0.253759 0.259013 0.383422 0.445531 0.48387 0.596549 0.800895 
0.0912695 0.253759 0.259013 0.383422 0.445531 0.48387 0.596549 0.676628 
0.0912695 0.253759 0.259013 0.383422 0.445531 0.471131 0.48387 0.596549 
0.0912695 0.253759 0.259013 0.383422 0.445531 0.471131 0.48387 0.596549 
0.0912695 0.253759 0.259013 0.289747 0.383422 0.445531 0.471131 0.48387 
0.0912695 0.253759 0.259013 0.289747 0.383422 0.445531 0.471131 0.48258 
0.0912695 0.253759 0.259013 0.289747 0.383422 0.445531 0.471131 0.48258 
0.0912695 0.103325 0.253759 0.259013 0.289747 0.383422 0.445531 0.471131 
0.0912695 0.103325 0.253759 0.259013 0.289747 0.383422 0.445531 0.471131 
0.0912695 0.103325 0.253759 0.259013 0.289747 0.383422 0.445531 0.471131 
0.0912695 0.103325 0.253759 0.259013 0.289747 0.383422 0.445531 0.471131 
0.0263627 0.0912695 0.103325 0.253759 0.259013 0.289747 0.383422 0.445531 
0.0263627 0.0912695 0.103325 0.253759 0.259013 0.289747 0.383422 0.445531 
0.0263627 0.0912695 0.103325 0.253759 0.259013 0.289747 0.383422 0.445531 
0.0263627 0.0912695 0.103325 0.253759 0.259013 0.289747 0.383422 0.445531 
0.0263627 0.0912695 0.103325 0.253759 0.259013 0.289747 0.383422 0.445531 
0.0263627 0.0912695 0.103325 0.253759 0.259013 0.289747 0.383422 0.445531 
0.0263627 0.0912695 0.103325 0.253759 0.259013 0.289747 0.383422 0.445531 
0.0263627 0.0912695 0.103325 0.253759 0.259013 0.289747 0.383422 0.445531 
0.0263627 0.0912695 0.103325 0.253759 0.259013 0.289747 0.383422 0.445531 
0.0263627 0.0912695 0.103325 0.253759 0.259013 0.289747 0.383422 0.445531 
0.0263627 0.0912695 0.103325 0.253759 0.259013 0.289747 0.383422 0.445531 
0.0263627 0.0912695 0.103325 0.253759 0.259013 0.289747 0.383422 0.445531 
0.0263627 0.0912695 0.103325 0.253759 0.259013 0.289747 0.383422 0.445531 
0.0263627 0.0912695 0.103325 0.253759 0.259013 0.289747 0.383422 0.445531 
0.0263627 0.0912695 0.103325 0.253759 0.259013 0.289747 0.383422 0.445531 
0.0263627 0.0912695 0.103325 0.253759 0.259013 0.289747 0.383422 0.445531 
0.0263627 0.0912695 0.103325 0.253759 0.259013 0.289747 0.383422 0.445531 
0.0263627 0.0912695 0.103325 0.253759 0.259013 0.289747 0.383422 0.445531 
0.0263627 0.0912695 0.103325 0.253759 0.259013 0.289747 0.383422 0.445531 
0.0263627 0.0912695 0.103325 0.253759 0.259013 0.289747 0.383422 0.445531 
0.0263627 0.0912695 0.103325 0.253759 0.259013 0.289747 0.383422 0.445531 
0.0263627 0.0912695 0.103325 0.253759 0.259013 0.289747 0.383422 0.445531 
0.0263627 0.0912695 0.103325 0.253759 0.259013 0.289747 0.383422 0.445531 
0.0263627 0.0912695 0.103325 0.253759 0.259013 0.289747 0.383422 0.445531 
0.0263627 0.0912695 0.103325 0.253759 0.259013 0.289747 0.383422 0.445531 
0.0263627 0.0912695 0.103325 0.253759 0.259013 0.289747 0.383422 0.445531 
0.0263627 0.0912695 0.103325 0.253759 0.259013 0.289747 0.383422 0.445531 
0.0263627 0.0912695 0.103325 0.253759 0.259013 0.289747 0.383422 0.445531 
0.0263627 0.0912695 0.103325 0.253759 0.259013 0.289747 0.383422 0.445531 
0.0263627 0.0912695 0.103325 0.253759 0.259013 0.289747 0.383422 0.445531 
0.0263627 0.0912695 0.103325 0.253759 0.259013 0.289747 0.383422 0.445531 
