3.26633 4.13275 6.50878 6.83694 7.82786 8.16637 8.33685 8.37094 
3.26633 4.13275 6.50878 6.6843 6.83694 7.13267 7.82786 8.01858 
2.51722 3.26633 4.13275 5.44632 5.74584 6.50878 6.6843 6.83694 
2.51722 3.26633 3.51681 4.13275 5.44632 5.74584 6.50878 6.58598 
2.51722 3.26633 3.51681 4.13275 5.44632 5.74584 5.76236 6.19743 
2.51722 3.26633 3.51681 4.13275 5.44632 5.56062 5.74584 5.76236 
2.14604 2.51722 3.26633 3.51681 4.13275 4.86556 5.44632 5.56062 
2.14604 2.51722 3.26633 3.51681 4.13275 4.86556 5.44632 5.56062 
2.14604 2.51722 3.26633 3.51681 4.13275 4.50241 4.86556 5.44632 
2.14604 2.51722 3.26633 3.51681 4.13275 4.15507 4.50241 4.86556 
2.14604 2.51722 3.26633 3.51681 4.13275 4.15507 4.50241 4.86556 
2.14604 2.51722 3.26633 3.26818 3.51681 4.13275 4.15507 4.50241 
2.14604 2.51722 3.26633 3.26818 3.51681 3.87945 4.13275 4.15507 
2.14604 2.51722 3.24881 3.26633 3.26818 3.51681 3.87945 4.13275 
1.78196 2.14604 2.51722 3.24881 3.26633 3.26818 3.51681 3.87945 
1.78196 2.14604 2.51722 3.24881 3.26633 3.26818 3.51681 3.87945 
1.78196 2.14604 2.51722 3.24881 3.26633 3.26818 3.51681 3.87945 
1.78196 2.14604 2.51722 2.63893 2.68552 3.24881 3.26633 3.26818 
1.78196 2.14604 2.51722 2.63893 2.68552 3.24881 3.26633 3.26818 
1.78196 2.14604 2.51722 2.59721 2.63893 2.68552 3.15521 3.24881 
1.78196 2.14604 2.51722 2.59721 2.62145 2.63893 2.68552 3.15521 
1.78196 2.14604 2.51722 2.59721 2.62145 2.63893 2.68552 3.15521 
1.78196 2.14604 2.51722 2.59721 2.62145 2.63893 2.68552 3.15521 
1.78196 2.14604 2.51722 2.59721 2.62145 2.63893 2.68552 3.15521 
1.78196 2.14604 2.51722 2.59721 2.62145 2.63893 2.68552 3.15521 
1.78196 2.14604 2.51722 2.59721 2.62145 2.63893 2.68552 2.7148 
1.78196 2.14604 2.51722 2.59721 2.62145 2.63893 2.68552 2.7148 
1.78196 2.14604 2.35816 2.51722 2.59721 2.62145 2.63893 2.68552 
1.78196 2.14604 2.27683 2.35816 2.51722 2.59721 2.62145 2.63893 
1.78196 2.14604 2.27683 2.35816 2.51722 2.59721 2.62145 2.63893 
1.78196 2.14604 2.27683 2.35816 2.51722 2.59721 2.62145 2.63893 
1.78196 2.14604 2.17339 2.27683 2.35816 2.51722 2.59721 2.62145 
1.78196 2.14604 2.17339 2.27683 2.35816 2.51722 2.59721 2.62145 
1.78196 2.14604 2.17339 2.27683 2.35816 2.51722 2.59721 2.62145 
0.334194 1.78196 2.14604 2.17339 2.27683 2.35816 2.51722 2.59721 
0.334194 1.78196 2.14604 2.17339 2.27683 2.35816 2.51722 2.59721 
0.334194 0.516203 1.40569 1.78196 2.14604 2.17339 2.27683 2.35816 
0.334194 0.516203 1.40569 1.4423 1.60415 1.78196 2.14604 2.17339 
0.334194 0.516203 1.32125 1.40569 1.4423 1.60415 1.78196 2.14604 
0.334194 0.516203 1.32125 1.40569 1.4423 1.60415 1.78196 2.14604 
0.334194 0.516203 1.32125 1.40569 1.4423 1.56667 1.60415 1.78196 
0.334194 0.516203 1.32125 1.40569 1.4423 1.56667 1.60415 1.78196 
0.334194 0.516203 0.829663 0.851913 1.32125 1.40569 1.4423 1.56667 
0.334194 0.516203 0.829663 0.851913 1.32125 1.40569 1.4423 1.45284 
0.334194 0.516203 0.829663 0.851913 1.14644 1.32125 1.40569 1.4423 
0.334194 0.516203 0.829663 0.851913 1.14644 1.32125 1.40569 1.4423 
0.334194 0.516203 0.829663 0.851913 1.14644 1.32125 1.40569 1.4423 
0.334194 0.516203 0.829663 0.851913 1.14644 1.32125 1.34867 1.40569 
0.334194 0.516203 0.829663 0.851913 1.14644 1.32125 1.34867 1.40569 
0.334194 0.516203 0.829663 0.842159 0.851913 0.985481 1.14644 1.32125 
0.334194 0.516203 0.829663 0.842159 0.851913 0.985481 1.14644 1.32125 
0.334194 0.516203 0.829663 0.842159 0.851913 0.985481 1.14644 1.16092 
0.334194 0.516203 0.829663 0.842159 0.851913 0.860563 0.985481 1.14644 
0.334194 0.33559 0.516203 0.829663 0.842159 0.851913 0.860563 0.985481 
0.334194 0.33559 0.516203 0.829663 0.842159 0.851913 0.860563 0.985481 
0.334194 0.33559 0.516203 0.829663 0.842159 0.851913 0.860563 0.985481 
0.334194 0.33559 0.516203 0.829663 0.842159 0.851913 0.860563 0.985481 
0.334194 0.33559 0.516203 0.829663 0.842159 0.851913 0.860563 0.985481 
0.0793088 0.334194 0.33559 0.516203 0.75393 0.829663 0.842159 0.851913 
0.0793088 0.334194 0.33559 0.516203 0.704629 0.75393 0.829663 0.842159 
0.0793088 0.334194 0.33559 0.516203 0.704629 0.75393 0.829663 0.842159 
0.0793088 0.334194 0.33559 0.448852 0.516203 0.704629 0.75393 0.829663 
0.0793088 0.334194 0.33559 0.448852 0.516203 0.704629 0.75393 0.829663 
0.0793088 0.334194 0.33559 0.448852 0.516203 0.600745 0.70333 0.704629 
0.0793088 0.314097 0.334194 0.33559 0.448852 0.516203 0.600745 0.641606 
0.0793088 0.314097 0.334194 0.33559 0.448852 0.516203 0.539519 0.600745 
0.0793088 0.314097 0.334194 0.33559 0.448852 0.516203 0.539519 0.600745 
0.0793088 0.314097 0.334194 0.33559 0.448852 0.516203 0.539519 0.600745 
0.0793088 0.314097 0.334194 0.33559 0.448852 0.485769 0.516203 0.539519 
0.0793088 0.314097 0.334194 0.33559 0.448852 0.485769 0.516203 0.539519 
0.0793088 0.314097 0.334194 0.33559 0.448852 0.485769 0.516203 0.539519 
0.0793088 0.314097 0.334194 0.33559 0.448852 0.485769 0.516203 0.539519 
0.0793088 0.314097 0.334194 0.33559 0.448852 0.485769 0.516203 0.539519 
0.0793088 0.196697 0.314097 0.334194 0.33559 0.448852 0.485769 0.516203 
0.0793088 0.196697 0.314097 0.334194 0.33559 0.448852 0.485769 0.516203 
0.0793088 0.196697 0.314097 0.334194 0.33559 0.448852 0.485769 0.516203 
0.0793088 0.196697 0.314097 0.334194 0.33559 0.448852 0.485769 0.516203 
0.0793088 0.196697 0.314097 0.334194 0.33559 0.448852 0.485769 0.516203 
0.0793088 0.196697 0.314097 0.334194 0.33559 0.448852 0.485769 0.516203 
0.0793088 0.196697 0.314097 0.334194 0.33559 0.448852 0.485769 0.516203 
0.0793088 0.196697 0.314097 0.334194 0.33559 0.448852 0.485769 0.516203 
0.0793088 0.196697 0.314097 0.334194 0.33559 0.448852 0.485769 0.516203 
0.0793088 0.196697 0.314097 0.334194 0.33559 0.448852 0.485769 0.516203 
0.0793088 0.196697 0.314097 0.334194 0.33559 0.448852 0.485769 0.516203 
0.0793088 0.196697 0.314097 0.334194 0.33559 0.448852 0.485769 0.516203 
0.0793088 0.196697 0.314097 0.334194 0.33559 0.448852 0.485769 0.516203 
0.0793088 0.196697 0.314097 0.334194 0.33559 0.448852 0.485769 0.516203 
0.0793088 0.196697 0.314097 0.334194 0.33559 0.448852 0.485769 0.516203 
0.0793088 0.196697 0.314097 0.334194 0.33559 0.448852 0.485769 0.516203 
0.0793088 0.196697 0.314097 0.334194 0.33559 0.448852 0.485769 0.516203 
0.0793088 0.196697 0.314097 0.334194 0.33559 0.448852 0.485769 0.516203 
0.0793088 0.196697 0.314097 0.334194 0.33559 0.448852 0.485769 0.516203 
0.0793088 0.196697 0.314097 0.334194 0.33559 0.448852 0.485769 0.516203 
0.0793088 0.196697 0.314097 0.334194 0.33559 0.448852 0.485769 0.516203 
0.0793088 0.196697 0.314097 0.334194 0.33559 0.448852 0.485769 0.516203 
0.0793088 0.196697 0.314097 0.334194 0.33559 0.448852 0.485769 0.516203 
0.0793088 0.196697 0.314097 0.334194 0.33559 0.448852 0.485769 0.516203 
0.0793088 0.196697 0.314097 0.334194 0.33559 0.448852 0.485769 0.516203 
0.0793088 0.196697 0.314097 0.334194 0.33559 0.448852 0.485769 0.516203 
0.0793088 0.196697 0.314097 0.334194 0.33559 0.448852 0.485769 0.516203 
