1.36267 3.93666 4.02838 5.67167 6.26931 6.98497 7.12989 7.29317 
1.36267 2.63679 3.6003 3.93666 4.02838 5.67167 6.26931 6.5948 
1.36267 2.63679 3.23694 3.6003 3.93666 4.02838 4.44087 5.67167 
1.36267 2.63679 3.23694 3.6003 3.9205 3.93666 4.02838 4.44087 
0.247531 1.36267 2.63679 3.23694 3.6003 3.9205 3.93666 4.02838 
0.247531 1.36267 2.63679 3.23694 3.6003 3.9205 3.93666 4.02838 
0.247531 1.36267 2.63679 3.23694 3.6003 3.9205 3.93666 4.02838 
0.247531 1.36267 2.63679 3.23694 3.27587 3.6003 3.9205 3.93666 
0.247531 1.36267 2.63679 3.23694 3.27587 3.44069 3.6003 3.9205 
0.247531 1.36267 2.63679 2.99079 3.23694 3.27587 3.44069 3.6003 
0.247531 1.36267 1.52233 2.63679 2.99079 3.23694 3.27587 3.44069 
0.247531 1.36267 1.52233 1.96912 2.63679 2.99079 3.23694 3.27587 
0.247531 1.36267 1.52233 1.96912 2.63679 2.99079 3.23694 3.27587 
0.247531 1.36267 1.52233 1.96912 2.63679 2.99079 3.23694 3.27587 
0.247531 1.36267 1.52233 1.96912 2.63679 2.99079 3.23694 3.27587 
0.247531 1.36267 1.52233 1.96912 2.63679 2.99079 3.23694 3.27587 
0.247531 1.36267 1.52233 1.96912 2.63679 2.99079 3.23694 3.27587 
0.247531 1.36267 1.52233 1.96912 2.63679 2.88787 2.99079 3.23694 
0.247531 1.36267 1.52233 1.96912 2.63679 2.88787 2.99079 3.23694 
0.247531 1.36267 1.52233 1.96912 2.63679 2.88787 2.99079 3.23694 
0.247531 1.36267 1.52233 1.96912 2.63679 2.88787 2.99079 3.11554 
0.247531 1.36267 1.52233 1.96912 2.63679 2.88787 2.99079 3.11554 
0.247531 1.36267 1.52233 1.96912 2.03678 2.63679 2.88787 2.99079 
0.247531 1.36267 1.52233 1.96912 2.03678 2.63679 2.64202 2.88787 
0.247531 1.36267 1.52233 1.96912 2.03678 2.63679 2.64202 2.88787 
0.247531 1.36267 1.52233 1.96912 2.03678 2.63679 2.64202 2.88787 
0.247531 1.29909 1.36267 1.52233 1.96912 2.03678 2.63679 2.64202 
0.247531 1.29909 1.36267 1.52233 1.96912 2.03678 2.63679 2.64202 
0.247531 1.29909 1.36267 1.52233 1.96912 2.03678 2.63679 2.64202 
0.247531 1.29909 1.36267 1.52233 1.96912 2.03678 2.63679 2.64202 
0.247531 1.29909 1.36267 1.52233 1.96912 2.03678 2.63679 2.64202 
0.247531 0.796591 1.29909 1.36267 1.52233 1.96912 2.03678 2.63679 
0.247531 0.575339 0.796591 1.29909 1.36267 1.52233 1.96912 2.03678 
0.247531 0.575339 0.796591 1.0253 1.29909 1.36267 1.52233 1.96912 
0.247531 0.575339 0.796591 1.0253 1.29909 1.36267 1.52233 1.96912 
0.247531 0.575339 0.796591 1.0253 1.29909 1.36267 1.52233 1.96912 
0.247531 0.50124 0.575339 0.796591 1.0253 1.29909 1.36267 1.52233 
0.247531 0.50124 0.575339 0.796591 1.0253 1.29909 1.36267 1.52233 
0.247531 0.50124 0.575339 0.796591 0.994892 1.0253 1.29909 1.36267 
0.247531 0.50124 0.575339 0.796591 0.994892 1.0253 1.29909 1.36267 
0.247531 0.50124 0.575339 0.796591 0.994892 1.0253 1.29909 1.36267 
0.247531 0.50124 0.575339 0.796591 0.994892 1.0253 1.29909 1.36267 
0.247531 0.50124 0.575339 0.796591 0.994892 1.0253 1.29909 1.36267 
0.247531 0.50124 0.575339 0.796591 0.994892 1.0253 1.29909 1.36267 
0.215881 0.247531 0.50124 0.575339 0.796591 0.994892 1.0253 1.04111 
0.215881 0.247531 0.50124 0.575339 0.796591 0.994892 1.0253 1.04111 
0.215881 0.247531 0.50124 0.575339 0.796591 0.994892 1.0253 1.04111 
0.215881 0.247531 0.50124 0.575339 0.796591 0.994892 1.0253 1.04111 
0.215881 0.247531 0.50124 0.575339 0.796591 0.994892 1.0253 1.04111 
0.215881 0.247531 0.50124 0.575339 0.796591 0.994892 1.0253 1.04111 
0.215881 0.247531 0.50124 0.575339 0.796591 0.994892 1.0253 1.04111 
0.215881 0.247531 0.50124 0.575339 0.720695 0.796591 0.994892 1.0253 
0.215881 0.247531 0.50124 0.575339 0.720695 0.796591 0.994892 1.0253 
0.215881 0.247531 0.50124 0.575339 0.720695 0.796591 0.994892 1.0253 
0.215881 0.223398 0.247531 0.50124 0.575339 0.720695 0.796591 0.994892 
0.215881 0.223398 0.247531 0.50124 0.575339 0.720695 0.796591 0.994892 
0.171162 0.215881 0.223398 0.247531 0.384672 0.50124 0.575339 0.720695 
0.171162 0.215881 0.223398 0.247531 0.384672 0.50124 0.575339 0.720695 
0.171162 0.215881 0.223398 0.247531 0.306768 0.334531 0.384672 0.50124 
0.171162 0.215881 0.223398 0.247531 0.306768 0.334531 0.384672 0.50124 
0.152089 0.171162 0.215881 0.223398 0.247531 0.306768 0.334531 0.384672 
0.0835317 0.152089 0.171162 0.215881 0.223398 0.247531 0.284109 0.306768 
0.0835317 0.152089 0.171162 0.215881 0.223398 0.247531 0.284109 0.306768 
0.0835317 0.152089 0.171162 0.215881 0.223398 0.247531 0.284109 0.306768 
0.0835317 0.152089 0.171162 0.215881 0.223398 0.247531 0.284109 0.306768 
0.0835317 0.152089 0.171162 0.215881 0.223398 0.247531 0.284109 0.306768 
0.050602 0.0835317 0.152089 0.171162 0.215881 0.223398 0.247531 0.284109 
0.050602 0.0835317 0.152089 0.171162 0.215881 0.223398 0.247531 0.284109 
0.050602 0.0835317 0.152089 0.171162 0.215881 0.223398 0.247531 0.284109 
0.050602 0.0835317 0.152089 0.171162 0.215881 0.223398 0.247531 0.284109 
0.050602 0.0835317 0.152089 0.171162 0.215881 0.223398 0.247531 0.284109 
0.050602 0.0835317 0.108783 0.152089 0.171162 0.215881 0.223398 0.247531 
0.050602 0.0835317 0.108783 0.116538 0.152089 0.171162 0.215881 0.223398 
0.050602 0.0835317 0.108783 0.116538 0.152089 0.171162 0.215881 0.223398 
0.050602 0.0835317 0.108783 0.116538 0.152089 0.171162 0.215881 0.223398 
0.050602 0.0835317 0.108783 0.116538 0.152089 0.171162 0.215881 0.223398 
0.050602 0.0835317 0.108783 0.116538 0.152089 0.171162 0.215881 0.223398 
0.050602 0.0835317 0.108783 0.116538 0.152089 0.171162 0.215881 0.223398 
0.050602 0.0835317 0.108783 0.116538 0.152089 0.171162 0.215881 0.223398 
0.050602 0.0835317 0.108783 0.116538 0.152089 0.171162 0.215881 0.223398 
0.050602 0.0835317 0.108783 0.116538 0.152089 0.171162 0.215881 0.223398 
0.050602 0.0835317 0.108783 0.116538 0.152089 0.171162 0.215881 0.223398 
0.050602 0.0835317 0.108783 0.116538 0.152089 0.171162 0.215881 0.223398 
0.050602 0.0835317 0.108783 0.116538 0.152089 0.171162 0.190725 0.215881 
0.050602 0.0835317 0.108783 0.116538 0.152089 0.171162 0.190725 0.215881 
0.050602 0.0835317 0.108783 0.116538 0.152089 0.171162 0.190725 0.215881 
0.050602 0.0835317 0.108783 0.116538 0.152089 0.171162 0.190725 0.215881 
0.050602 0.0835317 0.108783 0.116538 0.152089 0.171162 0.190725 0.215881 
0.050602 0.0835317 0.108783 0.116538 0.152089 0.171162 0.190725 0.215881 
0.050602 0.0835317 0.108783 0.116538 0.152089 0.171162 0.190725 0.215881 
0.050602 0.0835317 0.108783 0.116538 0.152089 0.171162 0.190725 0.215881 
0.050602 0.0835317 0.108783 0.116538 0.152089 0.171162 0.190725 0.215881 
0.050602 0.0835317 0.108783 0.116538 0.152089 0.171162 0.190725 0.215881 
0.050602 0.0835317 0.108783 0.116538 0.152089 0.171162 0.190725 0.215881 
0.050602 0.0835317 0.108783 0.116538 0.152089 0.171162 0.190725 0.215881 
0.050602 0.0835317 0.108783 0.116538 0.152089 0.171162 0.190725 0.215881 
0.050602 0.0835317 0.108783 0.116538 0.152089 0.171162 0.190725 0.215881 
0.050602 0.0835317 0.108783 0.116538 0.152089 0.171162 0.190725 0.215881 
0.050602 0.0835317 0.108783 0.116538 0.152089 0.171162 0.190725 0.215881 
0.050602 0.0835317 0.108783 0.116538 0.152089 0.171162 0.190725 0.215881 
