2.70279 3.03392 3.39976 3.58598 3.63358 3.73212 3.91978 4.02327 
2.70279 3.03392 3.39976 3.58598 3.63358 3.69353 3.73212 3.91978 
0.521679 0.772402 1.34886 2.70279 3.03392 3.39976 3.52744 3.58598 
0.521679 0.772402 1.34886 2.70279 3.03392 3.24351 3.26634 3.39976 
0.521679 0.772402 1.34886 2.70279 3.03392 3.24351 3.26634 3.39976 
0.521679 0.772402 1.34886 2.70279 3.03392 3.24351 3.26634 3.39976 
0.144068 0.521679 0.772402 1.34886 2.70279 3.03392 3.20703 3.23058 
0.144068 0.521679 0.772402 1.34886 2.70279 2.95676 3.03392 3.20703 
0.144068 0.521679 0.772402 1.12442 1.34886 2.70279 2.95676 3.03392 
0.144068 0.521679 0.772402 1.12442 1.34886 2.70279 2.95676 3.01824 
0.144068 0.521679 0.772402 1.12442 1.34886 2.70279 2.95676 3.01824 
0.144068 0.521679 0.772402 1.12442 1.34886 2.70279 2.95676 3.01824 
0.144068 0.521679 0.772402 1.12442 1.34886 2.36408 2.70279 2.95676 
0.144068 0.521679 0.772402 1.12442 1.34886 2.36408 2.70279 2.82461 
0.144068 0.521679 0.772402 1.12442 1.34886 2.36408 2.70279 2.82461 
0.144068 0.521679 0.772402 1.12442 1.33975 1.34886 2.36408 2.70279 
0.144068 0.521679 0.772402 1.12442 1.33975 1.34886 2.36408 2.37327 
0.144068 0.430438 0.521679 0.772402 1.12442 1.33975 1.34886 2.36408 
0.144068 0.430438 0.521679 0.742377 0.772402 1.12442 1.33975 1.34886 
0.144068 0.430438 0.521679 0.742377 0.772402 1.12442 1.33975 1.34886 
0.144068 0.430438 0.521679 0.742377 0.772402 1.12442 1.29805 1.33975 
0.144068 0.430438 0.521679 0.742377 0.772402 1.12442 1.29805 1.33975 
0.144068 0.191623 0.430438 0.521679 0.639521 0.742377 0.772402 0.801051 
0.144068 0.191623 0.430438 0.521679 0.639521 0.742377 0.772402 0.801051 
0.144068 0.191623 0.430438 0.521679 0.639521 0.742377 0.772402 0.801051 
0.144068 0.191623 0.430438 0.521679 0.639521 0.742377 0.772402 0.801051 
0.144068 0.191623 0.430438 0.521679 0.639521 0.742377 0.772402 0.801051 
0.144068 0.191623 0.430438 0.521679 0.639521 0.729313 0.742377 0.772402 
0.144068 0.191623 0.430438 0.521679 0.639521 0.729313 0.742377 0.772402 
0.144068 0.191623 0.430438 0.521679 0.639521 0.729313 0.742377 0.772402 
0.144068 0.191623 0.430438 0.521679 0.639521 0.729313 0.742377 0.772402 
0.137428 0.144068 0.191623 0.430438 0.521679 0.639521 0.729313 0.742377 
0.137428 0.144068 0.191623 0.430438 0.521679 0.639521 0.729313 0.742377 
0.137428 0.144068 0.191623 0.430438 0.521679 0.639521 0.729313 0.742377 
0.137428 0.144068 0.191623 0.430438 0.521679 0.639521 0.729313 0.742377 
0.137428 0.144068 0.191623 0.430438 0.521679 0.639521 0.729313 0.742377 
0.137428 0.144068 0.191623 0.430438 0.521679 0.553416 0.639521 0.729313 
0.137428 0.144068 0.148903 0.191623 0.405522 0.430438 0.521679 0.553416 
0.137428 0.144068 0.148903 0.191623 0.237659 0.405522 0.430438 0.521679 
0.137428 0.144068 0.148903 0.191623 0.237659 0.405522 0.430438 0.493342 
0.137428 0.144068 0.148903 0.191623 0.237659 0.405522 0.423509 0.430438 
0.137428 0.144068 0.148903 0.191623 0.215523 0.237659 0.405522 0.423509 
0.137428 0.144068 0.148903 0.191623 0.215523 0.237659 0.405522 0.423509 
0.137428 0.144068 0.148903 0.191623 0.215523 0.237659 0.241681 0.363068 
0.137428 0.144068 0.148903 0.191623 0.205139 0.215523 0.237659 0.241681 
0.130998 0.137428 0.144068 0.148903 0.191623 0.205139 0.215523 0.237659 
0.130998 0.137428 0.144068 0.148903 0.191623 0.205139 0.215523 0.237659 
0.130998 0.137428 0.144068 0.148903 0.191623 0.205139 0.215523 0.237659 
0.130998 0.137428 0.144068 0.148903 0.191623 0.205139 0.215523 0.237659 
0.130998 0.137428 0.144068 0.148903 0.182292 0.191623 0.197816 0.205139 
0.059968 0.130998 0.137428 0.144068 0.148903 0.182292 0.191623 0.197816 
0.054638 0.059968 0.130998 0.137428 0.144068 0.148903 0.182292 0.191623 
0.054638 0.059968 0.07287 0.130998 0.137428 0.144068 0.148903 0.182292 
0.054638 0.059968 0.07287 0.130998 0.137428 0.144068 0.148903 0.182292 
0.054638 0.059968 0.07287 0.130998 0.137428 0.144068 0.148903 0.178283 
0.054638 0.059968 0.07287 0.114081 0.130998 0.137428 0.144068 0.148903 
0.054638 0.059968 0.07287 0.114081 0.130998 0.137428 0.144068 0.148903 
0.0442864 0.054638 0.059968 0.07287 0.114081 0.130998 0.137428 0.144068 
0.0442864 0.054638 0.059968 0.07287 0.114081 0.130998 0.137428 0.144068 
0.0442864 0.054638 0.059968 0.07287 0.114081 0.130998 0.137428 0.144068 
0.0442864 0.054638 0.059968 0.07287 0.114081 0.130998 0.137428 0.144068 
0.0442864 0.054638 0.059968 0.07287 0.114081 0.130998 0.137428 0.144068 
0.0442864 0.054638 0.059968 0.07287 0.114081 0.130998 0.137428 0.144068 
0.0442864 0.054638 0.059968 0.07287 0.114081 0.130998 0.137428 0.144068 
0.0442864 0.054638 0.059968 0.07287 0.114081 0.130998 0.137428 0.144068 
0.0442864 0.054638 0.059968 0.07287 0.114081 0.130998 0.137428 0.144068 
0.0442864 0.054638 0.059968 0.07287 0.114081 0.130998 0.137428 0.144068 
0.0442864 0.054638 0.059968 0.07287 0.114081 0.130998 0.137428 0.144068 
0.0442864 0.054638 0.059968 0.07287 0.114081 0.130998 0.137428 0.144068 
0.0442864 0.054638 0.059968 0.07287 0.114081 0.130998 0.137428 0.144068 
0.0442864 0.054638 0.059968 0.07287 0.114081 0.130998 0.137428 0.144068 
0.0442864 0.054638 0.059968 0.07287 0.114081 0.130998 0.137428 0.144068 
0.0442864 0.054638 0.059968 0.07287 0.114081 0.130998 0.137428 0.144068 
0.0442864 0.054638 0.059968 0.07287 0.114081 0.130998 0.137428 0.144068 
0.0442864 0.054638 0.059968 0.07287 0.114081 0.130998 0.137428 0.144068 
0.0442864 0.054638 0.059968 0.07287 0.114081 0.130998 0.137428 0.144068 
0.0442864 0.054638 0.059968 0.07287 0.114081 0.130998 0.137428 0.144068 
0.0442864 0.054638 0.059968 0.07287 0.114081 0.130998 0.137428 0.144068 
0.0442864 0.054638 0.059968 0.07287 0.114081 0.130998 0.137428 0.144068 
0.0442864 0.054638 0.059968 0.07287 0.114081 0.130998 0.137428 0.144068 
0.0442864 0.054638 0.059968 0.07287 0.114081 0.130998 0.137428 0.144068 
0.0442864 0.054638 0.059968 0.07287 0.114081 0.130998 0.137428 0.144068 
0.0442864 0.054638 0.059968 0.07287 0.114081 0.130998 0.137428 0.144068 
0.0442864 0.054638 0.059968 0.07287 0.114081 0.130998 0.137428 0.144068 
0.0442864 0.054638 0.059968 0.07287 0.114081 0.130998 0.137428 0.144068 
0.0442864 0.054638 0.059968 0.07287 0.114081 0.130998 0.137428 0.144068 
0.0442864 0.054638 0.059968 0.07287 0.114081 0.130998 0.137428 0.144068 
0.0442864 0.054638 0.059968 0.07287 0.114081 0.130998 0.137428 0.144068 
0.0442864 0.054638 0.059968 0.07287 0.114081 0.130998 0.137428 0.144068 
0.0442864 0.054638 0.059968 0.07287 0.114081 0.130998 0.137428 0.144068 
0.0442864 0.054638 0.059968 0.07287 0.114081 0.130998 0.137428 0.144068 
0.0442864 0.054638 0.059968 0.07287 0.114081 0.130998 0.137428 0.144068 
0.0442864 0.054638 0.059968 0.07287 0.114081 0.130998 0.137428 0.144068 
0.0442864 0.054638 0.059968 0.07287 0.114081 0.130998 0.137428 0.144068 
0.0442864 0.054638 0.059968 0.07287 0.114081 0.130998 0.137428 0.144068 
0.0442864 0.054638 0.059968 0.07287 0.114081 0.130998 0.137428 0.144068 
0.0442864 0.054638 0.059968 0.07287 0.114081 0.130998 0.137428 0.144068 
0.0442864 0.054638 0.059968 0.07287 0.114081 0.130998 0.137428 0.144068 
0.0442864 0.054638 0.059968 0.07287 0.114081 0.130998 0.137428 0.144068 
0.0442864 0.054638 0.059968 0.07287 0.114081 0.130998 0.137428 0.144068 
