0.337132 0.551108 2.95578 3.25947 3.83622 3.91035 4.17225 4.4643 
0.337132 0.551108 2.95578 3.25947 3.38891 3.50221 3.83622 3.91035 
0.337132 0.551108 2.70219 2.95578 3.25947 3.30827 3.34868 3.38891 
0.337132 0.551108 2.70219 2.95578 3.25947 3.30827 3.34868 3.38891 
0.337132 0.551108 1.07005 2.70219 2.95578 3.25947 3.30827 3.3224 
0.337132 0.551108 1.07005 1.95417 2.70219 2.95578 3.25947 3.27197 
0.337132 0.551108 1.07005 1.95417 2.08322 2.70219 2.906 2.95578 
0.337132 0.551108 1.07005 1.95417 2.08322 2.70219 2.906 2.95578 
0.337132 0.364787 0.551108 1.07005 1.95417 2.08322 2.70219 2.906 
0.337132 0.364787 0.551108 1.07005 1.95417 2.08322 2.47808 2.70219 
0.337132 0.364787 0.551108 1.07005 1.95417 1.9625 2.08322 2.47808 
0.337132 0.364787 0.551108 1.04327 1.07005 1.95417 1.9625 2.08322 
0.337132 0.364787 0.551108 0.862389 1.04327 1.07005 1.70799 1.95417 
0.337132 0.364787 0.551108 0.862389 1.04327 1.07005 1.0835 1.70799 
0.337132 0.364787 0.551108 0.862389 1.04327 1.07005 1.0835 1.70799 
0.337132 0.364787 0.551108 0.862389 1.04327 1.07005 1.0835 1.70799 
0.337132 0.364787 0.551108 0.6374 0.862389 1.04327 1.07005 1.0835 
0.337132 0.364787 0.551108 0.6374 0.862389 1.04327 1.07005 1.0835 
0.337132 0.364787 0.551108 0.6374 0.862389 1.04327 1.07005 1.0835 
0.337132 0.364787 0.551108 0.6374 0.862389 1.04327 1.07005 1.0835 
0.337132 0.358768 0.364787 0.551108 0.6374 0.862389 1.04327 1.07005 
0.337132 0.358768 0.364787 0.551108 0.628157 0.6374 0.862389 1.04327 
0.337132 0.358768 0.364787 0.551108 0.628157 0.6374 0.723761 0.862389 
0.337132 0.358768 0.364787 0.551108 0.628157 0.6374 0.723761 0.862389 
0.337132 0.358768 0.364787 0.551108 0.628157 0.6374 0.723761 0.862389 
0.337132 0.358768 0.364787 0.551108 0.628157 0.6374 0.723761 0.862389 
0.337132 0.358768 0.364787 0.551108 0.628157 0.6374 0.659208 0.723761 
0.337132 0.358768 0.364787 0.551108 0.628157 0.6374 0.659208 0.723761 
0.337132 0.358768 0.364787 0.551108 0.619459 0.628157 0.6374 0.659208 
0.337132 0.358768 0.364787 0.551108 0.619459 0.628157 0.6374 0.659208 
0.337132 0.358768 0.364787 0.551108 0.581282 0.619459 0.628157 0.6374 
0.337132 0.358768 0.364787 0.551108 0.581282 0.619459 0.628157 0.6374 
0.337132 0.358768 0.364787 0.551108 0.581282 0.619459 0.628157 0.6374 
0.337132 0.358768 0.364787 0.551108 0.581282 0.619459 0.628157 0.6374 
0.337132 0.358768 0.364787 0.41578 0.551108 0.581282 0.619459 0.628157 
0.111787 0.337132 0.358768 0.364787 0.41578 0.551108 0.581282 0.619459 
0.111787 0.337132 0.358768 0.364787 0.41578 0.551108 0.581282 0.619459 
0.0605162 0.111787 0.337132 0.358768 0.364787 0.41578 0.551108 0.581282 
0.0605162 0.111787 0.337132 0.358768 0.364787 0.41578 0.551108 0.56183 
0.0605162 0.111787 0.337132 0.358768 0.364787 0.41578 0.549532 0.551108 
0.0605162 0.111787 0.337132 0.358768 0.364787 0.41578 0.549532 0.551108 
0.0605162 0.111787 0.337132 0.358768 0.364787 0.41578 0.549532 0.551108 
0.0605162 0.111787 0.337132 0.358768 0.364787 0.41578 0.549532 0.551108 
0.0605162 0.111787 0.177418 0.337132 0.358768 0.363601 0.364787 0.41578 
0.0605162 0.111787 0.177418 0.337132 0.358768 0.363601 0.364787 0.41578 
0.0605162 0.111787 0.177418 0.337132 0.358768 0.363601 0.364787 0.41578 
0.0605162 0.111787 0.177418 0.253263 0.337132 0.358768 0.363601 0.364787 
0.0605162 0.111787 0.177418 0.253263 0.337132 0.358768 0.363601 0.364787 
0.0605162 0.111787 0.177418 0.253263 0.337132 0.358768 0.363601 0.364787 
0.0605162 0.111787 0.177418 0.253263 0.337132 0.358768 0.363601 0.364787 
0.0605162 0.111787 0.177418 0.180907 0.253263 0.337132 0.358768 0.363601 
0.0605162 0.0939175 0.111787 0.177418 0.180907 0.253263 0.337132 0.358768 
0.0605162 0.0939175 0.111787 0.125957 0.177418 0.180907 0.232592 0.253263 
0.0605162 0.0939175 0.111787 0.125957 0.177418 0.180907 0.229717 0.232592 
0.0605162 0.0939175 0.111787 0.125957 0.177418 0.180907 0.229717 0.232592 
0.0605162 0.0939175 0.111787 0.125957 0.177418 0.180907 0.229717 0.232592 
0.0605162 0.0939175 0.111787 0.125957 0.173858 0.177418 0.180907 0.229717 
0.0605162 0.0939175 0.111787 0.125957 0.173858 0.177418 0.180907 0.229717 
0.0401668 0.0605162 0.0667524 0.0939175 0.111787 0.125957 0.173858 0.177418 
0.0401668 0.0605162 0.0667524 0.0939175 0.111787 0.125957 0.173858 0.177418 
0.0401668 0.0605162 0.0667524 0.0939175 0.111787 0.125957 0.173858 0.177418 
0.0401668 0.0558429 0.0605162 0.0667524 0.0939175 0.111787 0.125957 0.173858 
0.0401668 0.0558429 0.0605162 0.0667524 0.0939175 0.111787 0.125957 0.173858 
0.0401668 0.0558429 0.0605162 0.0667524 0.0939175 0.111787 0.125957 0.173858 
0.0334259 0.0401668 0.0558429 0.0605162 0.0667524 0.0939175 0.111787 0.125957 
0.0334259 0.0401668 0.0558429 0.0605162 0.0667524 0.0939175 0.111787 0.125957 
0.0334259 0.0401668 0.0558429 0.0605162 0.0667524 0.0939175 0.111787 0.125957 
0.0334259 0.0401668 0.0558429 0.0605162 0.0667524 0.0939175 0.111787 0.125957 
0.0334259 0.0401668 0.0558429 0.0605162 0.0667524 0.0939175 0.111787 0.125957 
0.0334259 0.0401668 0.0558429 0.0605162 0.0667524 0.0939175 0.111787 0.125957 
0.0334259 0.0401668 0.0558429 0.0605162 0.0667524 0.0939175 0.111787 0.125957 
0.0334259 0.0401668 0.0558429 0.0605162 0.0667524 0.0939175 0.111787 0.125957 
0.0334259 0.0401668 0.0558429 0.0605162 0.0667524 0.0939175 0.111787 0.125957 
0.0334259 0.0401668 0.0558429 0.0605162 0.0667524 0.0939175 0.111787 0.125957 
0.0334259 0.0401668 0.0558429 0.0605162 0.0667524 0.0939175 0.111787 0.125957 
0.0334259 0.0401668 0.0558429 0.0605162 0.0667524 0.0939175 0.111787 0.125957 
0.0334259 0.0401668 0.0558429 0.0605162 0.0667524 0.0939175 0.111787 0.125957 
0.0334259 0.0401668 0.0558429 0.0605162 0.0667524 0.0939175 0.111787 0.125957 
0.0334259 0.0401668 0.0558429 0.0605162 0.0667524 0.0939175 0.111787 0.125957 
0.0334259 0.0401668 0.0558429 0.0605162 0.0667524 0.0939175 0.111787 0.125957 
0.0334259 0.0401668 0.0558429 0.0605162 0.0667524 0.0939175 0.111787 0.125957 
0.0334259 0.0401668 0.0558429 0.0605162 0.0667524 0.0939175 0.111787 0.125957 
0.0334259 0.0401668 0.0558429 0.0605162 0.0667524 0.0939175 0.111787 0.125957 
0.0334259 0.0401668 0.0558429 0.0605162 0.0667524 0.0939175 0.111787 0.125957 
0.0334259 0.0401668 0.0558429 0.0605162 0.0667524 0.0939175 0.111787 0.125957 
0.0334259 0.0401668 0.0558429 0.0605162 0.0667524 0.0939175 0.111787 0.125957 
0.0334259 0.0401668 0.0558429 0.0605162 0.0667524 0.0939175 0.111787 0.125957 
0.0334259 0.0401668 0.0558429 0.0605162 0.0667524 0.0939175 0.111787 0.125957 
0.0334259 0.0401668 0.0558429 0.0605162 0.0667524 0.0939175 0.111787 0.125957 
0.0334259 0.0401668 0.0558429 0.0605162 0.0667524 0.0939175 0.111787 0.125957 
0.0334259 0.0401668 0.0558429 0.0605162 0.0667524 0.0939175 0.111787 0.125957 
0.0334259 0.0401668 0.0558429 0.0605162 0.0667524 0.0939175 0.111787 0.125957 
0.0334259 0.0401668 0.0558429 0.0605162 0.0667524 0.0939175 0.111787 0.125957 
0.0334259 0.0401668 0.0558429 0.0605162 0.0667524 0.0939175 0.111787 0.125957 
0.0334259 0.0401668 0.0558429 0.0605162 0.0667524 0.0939175 0.111787 0.125957 
0.0334259 0.0401668 0.0558429 0.0605162 0.0667524 0.0939175 0.111787 0.125957 
0.0334259 0.0401668 0.0558429 0.0605162 0.0667524 0.0939175 0.111787 0.125957 
0.0334259 0.0401668 0.0558429 0.0605162 0.0667524 0.0939175 0.111787 0.125957 
0.0334259 0.0401668 0.0558429 0.0605162 0.0667524 0.0939175 0.111787 0.125957 
0.0334259 0.0401668 0.0558429 0.0605162 0.0667524 0.0939175 0.111787 0.125957 
