2.01354 3.22177 3.61948 3.63699 3.78167 3.78753 3.88954 4.0731 
2.01354 3.00661 3.22177 3.45152 3.61948 3.63699 3.67032 3.78167 
2.01354 2.59673 3.00661 3.22177 3.30686 3.45152 3.61948 3.63699 
2.01354 2.59673 3.00661 3.22177 3.30686 3.38333 3.45152 3.61948 
1.8198 2.01354 2.32176 2.59673 3.00661 3.22177 3.27806 3.30686 
1.8198 2.01354 2.32176 2.44548 2.59673 2.62823 3.00661 3.22177 
1.8198 2.01354 2.32176 2.44548 2.59673 2.62823 3.00661 3.22177 
1.8198 2.01354 2.32176 2.44548 2.48622 2.59673 2.62823 3.00661 
1.8198 2.01354 2.32176 2.44548 2.48622 2.59673 2.62823 3.00661 
1.8198 2.01354 2.32176 2.44548 2.48622 2.59673 2.62823 3.00661 
1.8198 2.01354 2.32176 2.44548 2.48622 2.59673 2.62823 3.00661 
1.8198 2.01354 2.32176 2.44548 2.48622 2.59673 2.62823 3.00661 
1.8198 2.01354 2.32176 2.44548 2.48622 2.59673 2.60944 2.62823 
1.8198 2.01354 2.32176 2.44548 2.48622 2.59673 2.60944 2.62823 
1.8198 2.01354 2.32176 2.44548 2.48622 2.59673 2.60944 2.62823 
0.972537 1.8198 2.01354 2.32176 2.44548 2.48622 2.59673 2.60944 
0.972537 1.8198 2.01354 2.32176 2.44548 2.48622 2.59673 2.60944 
0.972537 1.8198 2.01354 2.32176 2.44548 2.48622 2.59673 2.60944 
0.972537 1.8198 2.01354 2.32176 2.44548 2.48622 2.59673 2.60944 
0.972537 1.8198 2.01354 2.32176 2.44548 2.48622 2.59673 2.60944 
0.972537 1.66308 1.8198 2.01354 2.32176 2.44548 2.48622 2.59673 
0.972537 1.66308 1.8198 2.01354 2.32176 2.44548 2.48622 2.59673 
0.972537 1.66308 1.8198 2.01354 2.32176 2.44548 2.48622 2.59673 
0.972537 1.66308 1.8198 2.01354 2.32176 2.44548 2.48622 2.59673 
0.972537 1.66308 1.8198 2.01354 2.32176 2.44548 2.48622 2.59673 
0.972537 1.66308 1.8198 2.01354 2.32176 2.44548 2.48622 2.59673 
0.972537 1.66308 1.8198 2.01354 2.32176 2.44548 2.48622 2.59673 
0.972537 1.66308 1.8198 2.01354 2.32176 2.44548 2.48622 2.59673 
0.972537 1.66308 1.8198 2.01354 2.32176 2.44548 2.48622 2.59673 
0.972537 1.66308 1.8198 2.01354 2.32176 2.44548 2.48622 2.59673 
0.972537 1.66308 1.8198 2.01354 2.32176 2.44548 2.48622 2.59673 
0.972537 1.66308 1.8198 2.01354 2.32176 2.44548 2.48622 2.59673 
0.972537 1.66308 1.8198 2.01354 2.32176 2.44548 2.48622 2.59673 
0.972537 1.66308 1.8198 2.01354 2.32176 2.44548 2.48622 2.59673 
0.972537 1.66308 1.8198 2.01354 2.32176 2.44548 2.48622 2.59673 
0.972537 1.66308 1.8198 2.01354 2.32176 2.44548 2.48622 2.59673 
0.972537 1.66308 1.8198 2.01354 2.32176 2.44548 2.48622 2.59673 
0.972537 1.66308 1.8198 2.01354 2.32176 2.44548 2.48622 2.59673 
0.972537 1.66308 1.8198 2.01354 2.32176 2.44548 2.48622 2.59673 
0.972537 1.66308 1.8198 2.01354 2.32176 2.44548 2.48622 2.59673 
0.972537 1.66308 1.8198 2.01354 2.32176 2.44548 2.48622 2.59673 
0.972537 1.66308 1.8198 2.01354 2.32176 2.44548 2.48622 2.59673 
0.972537 1.66308 1.8198 2.01354 2.32176 2.44548 2.48622 2.59673 
0.972537 1.66308 1.8198 2.01354 2.32176 2.44548 2.48622 2.59673 
0.972537 1.66308 1.8198 2.01354 2.32176 2.44548 2.48622 2.59673 
0.972537 1.66308 1.8198 2.01354 2.32176 2.44548 2.48622 2.59673 
0.972537 1.66308 1.8198 2.01354 2.32176 2.44548 2.48622 2.59673 
0.972537 1.66308 1.8198 2.01354 2.32176 2.44548 2.48622 2.59673 
0.972537 1.66308 1.8198 2.01354 2.32176 2.44548 2.48622 2.59673 
0.972537 1.66308 1.8198 2.01354 2.32176 2.44548 2.48622 2.59673 
0.972537 1.66308 1.8198 2.01354 2.32176 2.44548 2.48622 2.59673 
0.972537 1.66308 1.8198 2.01354 2.32176 2.44548 2.48622 2.59673 
0.972537 1.66308 1.8198 2.01354 2.32176 2.44548 2.48622 2.59673 
0.972537 1.66308 1.8198 2.01354 2.32176 2.44548 2.48622 2.59673 
0.972537 1.66308 1.8198 2.01354 2.32176 2.44548 2.48622 2.59673 
0.972537 1.66308 1.8198 2.01354 2.32176 2.44548 2.48622 2.59673 
0.972537 1.66308 1.8198 2.01354 2.32176 2.44548 2.48622 2.59673 
0.972537 1.66308 1.8198 2.01354 2.32176 2.44548 2.48622 2.59673 
0.972537 1.66308 1.8198 2.01354 2.32176 2.44548 2.48622 2.59673 
0.972537 1.66308 1.8198 2.01354 2.32176 2.44548 2.48622 2.59673 
0.972537 1.66308 1.8198 2.01354 2.32176 2.44548 2.48622 2.59673 
0.972537 1.66308 1.8198 2.01354 2.32176 2.44548 2.48622 2.59673 
0.972537 1.66308 1.8198 2.01354 2.32176 2.44548 2.48622 2.59673 
0.972537 1.66308 1.8198 2.01354 2.32176 2.44548 2.48622 2.59673 
0.972537 1.66308 1.8198 2.01354 2.32176 2.44548 2.48622 2.59673 
0.972537 1.66308 1.8198 2.01354 2.32176 2.44548 2.48622 2.59673 
0.972537 1.66308 1.8198 2.01354 2.32176 2.44548 2.48622 2.59673 
0.972537 1.66308 1.8198 2.01354 2.32176 2.44548 2.48622 2.59673 
0.972537 1.66308 1.8198 2.01354 2.32176 2.44548 2.48622 2.59673 
0.972537 1.66308 1.8198 2.01354 2.32176 2.44548 2.48622 2.59673 
0.972537 1.66308 1.8198 2.01354 2.32176 2.44548 2.48622 2.59673 
0.972537 1.66308 1.8198 2.01354 2.32176 2.44548 2.48622 2.59673 
0.972537 1.66308 1.8198 2.01354 2.32176 2.44548 2.48622 2.59673 
0.972537 1.66308 1.8198 2.01354 2.32176 2.44548 2.48622 2.59673 
0.972537 1.66308 1.8198 2.01354 2.32176 2.44548 2.48622 2.59673 
0.972537 1.66308 1.8198 2.01354 2.32176 2.44548 2.48622 2.59673 
0.972537 1.66308 1.8198 2.01354 2.32176 2.44548 2.48622 2.59673 
0.972537 1.66308 1.8198 2.01354 2.32176 2.44548 2.48622 2.59673 
0.972537 1.66308 1.8198 2.01354 2.32176 2.44548 2.48622 2.59673 
0.972537 1.66308 1.8198 2.01354 2.32176 2.44548 2.48622 2.59673 
0.972537 1.66308 1.8198 2.01354 2.32176 2.44548 2.48622 2.59673 
0.972537 1.66308 1.8198 2.01354 2.32176 2.44548 2.48622 2.59673 
0.972537 1.66308 1.8198 2.01354 2.32176 2.44548 2.48622 2.59673 
0.972537 1.66308 1.8198 2.01354 2.32176 2.44548 2.48622 2.59673 
0.972537 1.66308 1.8198 2.01354 2.32176 2.44548 2.48622 2.59673 
0.972537 1.66308 1.8198 2.01354 2.32176 2.44548 2.48622 2.59673 
0.972537 1.66308 1.8198 2.01354 2.32176 2.44548 2.48622 2.59673 
0.972537 1.66308 1.8198 2.01354 2.32176 2.44548 2.48622 2.59673 
0.972537 1.66308 1.8198 2.01354 2.32176 2.44548 2.48622 2.59673 
0.972537 1.66308 1.8198 2.01354 2.32176 2.44548 2.48622 2.59673 
0.972537 1.66308 1.8198 2.01354 2.32176 2.44548 2.48622 2.59673 
0.972537 1.66308 1.8198 2.01354 2.32176 2.44548 2.48622 2.59673 
0.972537 1.66308 1.8198 2.01354 2.32176 2.44548 2.48622 2.59673 
0.972537 1.66308 1.8198 2.01354 2.32176 2.44548 2.48622 2.59673 
0.972537 1.66308 1.8198 2.01354 2.32176 2.44548 2.48622 2.59673 
0.972537 1.66308 1.8198 2.01354 2.32176 2.44548 2.48622 2.59673 
0.972537 1.66308 1.8198 2.01354 2.32176 2.44548 2.48622 2.59673 
0.972537 1.66308 1.8198 2.01354 2.32176 2.44548 2.48622 2.59673 
0.972537 1.66308 1.8198 2.01354 2.32176 2.44548 2.48622 2.59673 
0.972537 1.66308 1.8198 2.01354 2.32176 2.44548 2.48622 2.59673 
