4.07139 4.60172 4.9274 6.49544 8.20161 8.28316 8.34837 8.88011 
4.07139 4.60172 4.6356 4.9274 6.49544 8.20161 8.28316 8.34837 
3.95811 4.07139 4.60172 4.6356 4.9274 6.49544 8.12148 8.20161 
3.95811 4.07139 4.55002 4.60172 4.6356 4.9274 5.6294 5.92247 
2.86674 3.95811 4.07139 4.55002 4.60172 4.6356 4.9274 5.6294 
2.86674 3.31731 3.95811 4.07139 4.55002 4.60172 4.6356 4.9274 
2.86674 3.31731 3.95811 4.07139 4.28359 4.55002 4.60172 4.6356 
2.86674 3.31731 3.95811 4.07139 4.20477 4.28359 4.55002 4.60172 
2.86674 3.31731 3.95811 4.07139 4.20477 4.28359 4.55002 4.60172 
2.86674 3.31731 3.95811 4.07139 4.20477 4.28359 4.55002 4.60172 
2.86674 3.31731 3.95811 4.07139 4.20477 4.28359 4.35645 4.55002 
2.86674 3.31731 3.95811 4.07139 4.20477 4.28359 4.35645 4.55002 
2.86674 3.31731 3.95811 4.07139 4.20477 4.28359 4.35645 4.55002 
2.86674 3.31731 3.95811 4.07139 4.20477 4.28359 4.35645 4.55002 
2.86674 3.31731 3.95811 4.07139 4.20477 4.28359 4.35645 4.55002 
2.86674 3.31731 3.95811 4.07139 4.20477 4.28359 4.35645 4.55002 
2.86674 3.31731 3.95811 4.07139 4.20477 4.28359 4.35645 4.55002 
2.86674 3.31731 3.95811 4.07139 4.20477 4.28359 4.35645 4.55002 
2.86674 3.31731 3.95811 4.07139 4.20477 4.28359 4.35645 4.55002 
2.86674 3.31731 3.95811 4.07139 4.20477 4.28359 4.35645 4.55002 
2.86674 3.31731 3.95811 4.07139 4.20477 4.28359 4.35645 4.55002 
2.86674 3.31731 3.95811 4.0655 4.07139 4.20477 4.28359 4.35645 
2.86674 3.31731 3.95811 4.0655 4.07139 4.20477 4.28359 4.35645 
2.86674 3.31731 3.95811 4.0655 4.07139 4.20477 4.28359 4.35645 
2.86674 3.31731 3.95811 4.0655 4.07139 4.20477 4.28359 4.35645 
2.86674 3.31731 3.95811 4.0655 4.07139 4.20477 4.28359 4.35645 
2.86674 3.31731 3.95811 4.0655 4.07139 4.20477 4.28359 4.35645 
2.86674 3.31731 3.63392 3.95811 4.0655 4.07139 4.20477 4.28359 
2.86674 3.31731 3.63392 3.95811 4.0655 4.07139 4.20477 4.28359 
2.86674 3.31731 3.63392 3.95811 4.0655 4.07139 4.20477 4.28359 
2.86674 3.31731 3.63392 3.95811 4.0655 4.07139 4.20477 4.28359 
2.86674 3.31731 3.63392 3.95811 4.0655 4.07139 4.20477 4.28359 
2.86674 3.31731 3.63392 3.95811 4.0655 4.07139 4.20477 4.28359 
2.86674 3.31731 3.63392 3.95811 4.0655 4.07139 4.20477 4.28359 
2.86674 3.31731 3.63392 3.95811 4.0655 4.07139 4.20477 4.28359 
2.86674 3.31731 3.63392 3.95811 4.0655 4.07139 4.20477 4.28359 
2.86674 3.31731 3.63392 3.95811 4.0655 4.07139 4.20477 4.28359 
2.86674 3.31731 3.63392 3.95811 4.0655 4.07139 4.20477 4.28359 
2.86674 3.31731 3.63392 3.95811 4.0655 4.07139 4.20477 4.28359 
2.86674 3.31731 3.63392 3.95811 4.0655 4.07139 4.20477 4.28359 
2.86674 3.31731 3.63392 3.95811 4.0655 4.07139 4.20477 4.28359 
2.73752 2.86674 3.31731 3.63392 3.95811 4.0655 4.07139 4.20477 
2.73752 2.86674 3.31731 3.63392 3.95811 4.0655 4.07139 4.20477 
2.73752 2.86674 3.31731 3.63392 3.95811 4.0655 4.07139 4.20477 
2.73752 2.86674 3.31731 3.63392 3.95811 4.0655 4.07139 4.20477 
2.73752 2.86674 3.31731 3.63392 3.95811 4.0655 4.07139 4.20477 
2.73752 2.86674 3.31731 3.63392 3.95811 4.0655 4.07139 4.20477 
2.73752 2.86674 3.31731 3.63392 3.95811 4.0655 4.07139 4.20477 
2.73752 2.86674 3.31731 3.63392 3.95811 4.0655 4.07139 4.20477 
2.73752 2.86674 3.31731 3.63392 3.95811 4.0655 4.07139 4.20477 
2.73752 2.86674 3.31731 3.63392 3.95811 4.0655 4.07139 4.20477 
2.73752 2.86674 3.31731 3.63392 3.95811 4.0655 4.07139 4.20477 
2.73752 2.86674 3.31731 3.63392 3.95811 4.0655 4.07139 4.20477 
2.73752 2.86674 3.31731 3.63392 3.95811 4.0655 4.07139 4.20477 
2.73752 2.86674 3.31731 3.63392 3.95811 4.0655 4.07139 4.20477 
2.73752 2.86674 3.31731 3.63392 3.95811 4.0655 4.07139 4.20477 
2.73752 2.86674 3.31731 3.63392 3.95811 4.0655 4.07139 4.20477 
2.73752 2.86674 3.31731 3.63392 3.95811 4.0655 4.07139 4.20477 
2.73752 2.86674 3.31731 3.63392 3.95811 4.0655 4.07139 4.20477 
2.73752 2.86674 3.31731 3.63392 3.95811 4.0655 4.07139 4.20477 
2.73752 2.86674 3.31731 3.63392 3.95811 4.0655 4.07139 4.20477 
2.73752 2.86674 3.31731 3.63392 3.95811 4.0655 4.07139 4.20477 
2.73752 2.86674 3.31731 3.63392 3.95811 4.0655 4.07139 4.20477 
2.73752 2.86674 3.31731 3.63392 3.95811 4.0655 4.07139 4.20477 
2.73752 2.86674 3.31731 3.63392 3.95811 4.0655 4.07139 4.20477 
2.73752 2.86674 3.31731 3.63392 3.95811 4.0655 4.07139 4.20477 
2.73752 2.86674 3.31731 3.63392 3.95811 4.0655 4.07139 4.20477 
2.73752 2.86674 3.31731 3.63392 3.95811 4.0655 4.07139 4.20477 
2.73752 2.86674 3.31731 3.63392 3.95811 4.0655 4.07139 4.20477 
2.73752 2.86674 3.31731 3.63392 3.95811 4.0655 4.07139 4.20477 
2.73752 2.86674 3.31731 3.63392 3.95811 4.0655 4.07139 4.20477 
2.73752 2.86674 3.31731 3.63392 3.95811 4.0655 4.07139 4.20477 
2.73752 2.86674 3.31731 3.63392 3.95811 4.0655 4.07139 4.20477 
2.73752 2.86674 3.31731 3.63392 3.95811 4.0655 4.07139 4.20477 
2.73752 2.86674 3.31731 3.63392 3.95811 4.0655 4.07139 4.20477 
2.73752 2.86674 3.31731 3.63392 3.95811 4.0655 4.07139 4.20477 
2.73752 2.86674 3.31731 3.63392 3.95811 4.0655 4.07139 4.20477 
2.73752 2.86674 3.31731 3.63392 3.95811 4.0655 4.07139 4.20477 
2.73752 2.86674 3.31731 3.63392 3.95811 4.0655 4.07139 4.20477 
2.73752 2.86674 3.31731 3.63392 3.95811 4.0655 4.07139 4.20477 
2.73752 2.86674 3.31731 3.63392 3.95811 4.0655 4.07139 4.20477 
2.73752 2.86674 3.31731 3.63392 3.95811 4.0655 4.07139 4.20477 
2.73752 2.86674 3.31731 3.63392 3.95811 4.0655 4.07139 4.20477 
2.73752 2.86674 3.31731 3.63392 3.95811 4.0655 4.07139 4.20477 
2.73752 2.86674 3.31731 3.63392 3.95811 4.0655 4.07139 4.20477 
2.73752 2.86674 3.31731 3.63392 3.95811 4.0655 4.07139 4.20477 
2.73752 2.86674 3.31731 3.63392 3.95811 4.0655 4.07139 4.20477 
2.73752 2.86674 3.31731 3.63392 3.95811 4.0655 4.07139 4.20477 
2.73752 2.86674 3.31731 3.63392 3.95811 4.0655 4.07139 4.20477 
2.73752 2.86674 3.31731 3.63392 3.95811 4.0655 4.07139 4.20477 
2.73752 2.86674 3.31731 3.63392 3.95811 4.0655 4.07139 4.20477 
2.73752 2.86674 3.31731 3.63392 3.95811 4.0655 4.07139 4.20477 
2.73752 2.86674 3.31731 3.63392 3.95811 4.0655 4.07139 4.20477 
2.73752 2.86674 3.31731 3.63392 3.95811 4.0655 4.07139 4.20477 
2.73752 2.86674 3.31731 3.63392 3.95811 4.0655 4.07139 4.20477 
2.73752 2.86674 3.31731 3.63392 3.95811 4.0655 4.07139 4.20477 
2.73752 2.86674 3.31731 3.63392 3.95811 4.0655 4.07139 4.20477 
2.73752 2.86674 3.31731 3.63392 3.95811 4.0655 4.07139 4.20477 
2.73752 2.86674 3.31731 3.63392 3.95811 4.0655 4.07139 4.20477 
2.73752 2.86674 3.31731 3.63392 3.95811 4.0655 4.07139 4.20477 
