2.55179 2.70213 4.11938 4.12063 4.22157 4.43429 4.54787 5.49713 
2.55179 2.70213 3.28547 3.41182 3.50537 3.89373 3.96556 4.11938 
2.55179 2.70213 3.10387 3.10881 3.21701 3.28547 3.28866 3.41182 
1.58575 2.55179 2.70213 3.10387 3.10881 3.21701 3.28547 3.28866 
1.58575 2.55179 2.70213 2.90702 3.10387 3.10881 3.21701 3.28547 
1.58575 2.55179 2.58556 2.70213 2.90702 3.10387 3.10881 3.21701 
0.658041 1.11243 1.58575 2.0402 2.55179 2.55512 2.58556 2.70213 
0.658041 1.11243 1.31622 1.58575 2.0402 2.08436 2.55179 2.55512 
0.658041 0.89796 1.11243 1.31622 1.58575 1.80473 2.0402 2.08436 
0.658041 0.89796 1.11243 1.31622 1.58575 1.80473 2.0402 2.08436 
0.658041 0.89796 1.04544 1.11243 1.31622 1.58575 1.80473 2.0402 
0.658041 0.89796 1.04544 1.11243 1.31622 1.58575 1.80473 2.0402 
0.658041 0.89796 1.04544 1.11243 1.31622 1.58575 1.80473 2.0402 
0.658041 0.89796 1.04544 1.11243 1.31622 1.42813 1.58575 1.80473 
0.658041 0.89796 1.04544 1.11243 1.31622 1.42813 1.58575 1.80473 
0.658041 0.89796 1.04544 1.11243 1.31622 1.42813 1.58575 1.80473 
0.658041 0.89796 1.04544 1.11243 1.31622 1.42813 1.58575 1.80473 
0.658041 0.89796 1.04544 1.11243 1.31622 1.42813 1.58575 1.80473 
0.658041 0.89796 1.04544 1.11243 1.31622 1.42813 1.58575 1.80473 
0.658041 0.89796 1.04544 1.11243 1.31622 1.42813 1.58575 1.80473 
0.658041 0.89796 1.04544 1.11243 1.31622 1.42813 1.58575 1.80473 
0.658041 0.89796 1.04544 1.11243 1.31622 1.42813 1.58575 1.80473 
0.658041 0.89796 1.04544 1.11243 1.31622 1.42813 1.58575 1.80473 
0.658041 0.89796 1.04544 1.11243 1.31622 1.42813 1.58575 1.80473 
0.658041 0.89796 1.04544 1.11243 1.31622 1.42813 1.58575 1.80473 
0.658041 0.89796 1.04544 1.11243 1.31622 1.42813 1.58575 1.80473 
0.658041 0.89796 1.04544 1.11243 1.31622 1.42813 1.58575 1.80473 
0.658041 0.89796 1.04544 1.11243 1.31622 1.42813 1.58575 1.80473 
0.658041 0.89796 1.04544 1.11243 1.31622 1.42813 1.58575 1.80473 
0.658041 0.89796 1.04544 1.11243 1.31622 1.42813 1.58575 1.80473 
0.658041 0.89796 1.04544 1.11243 1.31622 1.42813 1.58575 1.80473 
0.658041 0.89796 1.04544 1.11243 1.31622 1.42813 1.58575 1.80473 
0.658041 0.89796 1.04544 1.11243 1.31622 1.42813 1.58575 1.80473 
0.658041 0.89796 1.04544 1.11243 1.31622 1.42813 1.58575 1.80473 
0.658041 0.89796 1.04544 1.11243 1.31622 1.42813 1.58575 1.80473 
0.658041 0.89796 1.04544 1.11243 1.31622 1.42813 1.58575 1.80473 
0.658041 0.89796 1.04544 1.11243 1.31622 1.42813 1.58575 1.80473 
0.336741 0.658041 0.89796 1.04544 1.11243 1.31622 1.42813 1.58575 
0.336741 0.658041 0.89796 1.04544 1.11243 1.31622 1.42813 1.54635 
0.336741 0.658041 0.89796 1.04544 1.11243 1.31622 1.42813 1.54635 
0.336741 0.658041 0.89796 1.04544 1.11243 1.31622 1.42813 1.54635 
0.336741 0.658041 0.89796 1.04544 1.11243 1.31622 1.42813 1.54635 
0.336741 0.658041 0.89796 1.04544 1.11243 1.31622 1.42813 1.54635 
0.336741 0.658041 0.89796 1.04544 1.11243 1.31622 1.42813 1.54635 
0.336741 0.658041 0.89796 1.04544 1.11243 1.31622 1.42813 1.54635 
0.336741 0.658041 0.89796 1.04544 1.11243 1.31622 1.42813 1.54635 
0.336741 0.658041 0.89796 1.04544 1.11243 1.31622 1.42813 1.54635 
0.336741 0.658041 0.89796 1.04544 1.11243 1.31622 1.42813 1.54635 
0.336741 0.658041 0.89796 1.04544 1.11243 1.14659 1.31622 1.42813 
0.336741 0.658041 0.89796 1.04544 1.11243 1.14659 1.31622 1.42813 
0.336741 0.658041 0.89796 1.04544 1.11243 1.14659 1.31622 1.42813 
0.336741 0.658041 0.89796 1.04544 1.11243 1.14659 1.31622 1.42813 
0.336741 0.658041 0.89796 1.04544 1.11243 1.14659 1.31622 1.42813 
0.336741 0.658041 0.89796 1.04544 1.11243 1.14659 1.31622 1.42813 
0.336741 0.658041 0.89796 1.04544 1.11243 1.14659 1.31622 1.42813 
0.336741 0.658041 0.89796 1.04544 1.11243 1.14659 1.31622 1.42813 
0.336741 0.658041 0.89796 1.04544 1.11243 1.14659 1.31622 1.42813 
0.336741 0.658041 0.89796 1.04544 1.11243 1.14659 1.31622 1.42813 
0.336741 0.658041 0.89796 1.04544 1.11243 1.14659 1.31622 1.42813 
0.336741 0.658041 0.89796 1.04544 1.11243 1.14659 1.31622 1.42813 
0.336741 0.658041 0.89796 1.04544 1.11243 1.14659 1.31622 1.42813 
0.336741 0.658041 0.89796 1.04544 1.11243 1.14659 1.31622 1.42813 
0.336741 0.658041 0.89796 1.04544 1.11243 1.14659 1.31622 1.42813 
0.336741 0.658041 0.89796 1.04544 1.11243 1.14659 1.31622 1.42813 
0.336741 0.658041 0.89796 1.04544 1.11243 1.14659 1.31622 1.42813 
0.336741 0.658041 0.89796 1.04544 1.11243 1.14659 1.31622 1.42813 
0.336741 0.658041 0.89796 1.04544 1.11243 1.14659 1.31622 1.42813 
0.336741 0.658041 0.89796 1.04544 1.11243 1.14659 1.31622 1.42813 
0.336741 0.658041 0.89796 1.04544 1.11243 1.14659 1.31622 1.42813 
0.336741 0.658041 0.89796 1.04544 1.11243 1.14659 1.31622 1.42813 
0.336741 0.658041 0.89796 1.04544 1.11243 1.14659 1.31622 1.42813 
0.336741 0.658041 0.89796 1.04544 1.11243 1.14659 1.31622 1.42813 
0.336741 0.658041 0.89796 1.04544 1.11243 1.14659 1.31622 1.42813 
0.336741 0.658041 0.89796 1.04544 1.11243 1.14659 1.31622 1.42813 
0.336741 0.658041 0.89796 1.04544 1.11243 1.14659 1.31622 1.42813 
0.336741 0.658041 0.89796 1.04544 1.11243 1.14659 1.31622 1.42813 
0.336741 0.658041 0.89796 1.04544 1.11243 1.14659 1.31622 1.42813 
0.336741 0.658041 0.89796 1.04544 1.11243 1.14659 1.31622 1.42813 
0.336741 0.658041 0.89796 1.04544 1.11243 1.14659 1.31622 1.42813 
0.336741 0.658041 0.89796 1.04544 1.11243 1.14659 1.31622 1.42813 
0.336741 0.658041 0.89796 1.04544 1.11243 1.14659 1.31622 1.42813 
0.336741 0.658041 0.89796 1.04544 1.11243 1.14659 1.31622 1.42813 
0.336741 0.658041 0.89796 1.04544 1.11243 1.14659 1.31622 1.42813 
0.336741 0.658041 0.89796 1.04544 1.11243 1.14659 1.31622 1.42813 
0.336741 0.658041 0.89796 1.04544 1.11243 1.14659 1.31622 1.42813 
0.336741 0.658041 0.89796 1.04544 1.11243 1.14659 1.31622 1.42813 
0.336741 0.658041 0.89796 1.04544 1.11243 1.14659 1.31622 1.42813 
0.336741 0.658041 0.89796 1.04544 1.11243 1.14659 1.31622 1.42813 
0.336741 0.658041 0.89796 1.04544 1.11243 1.14659 1.31622 1.42813 
0.336741 0.658041 0.89796 1.04544 1.11243 1.14659 1.31622 1.42813 
0.336741 0.658041 0.89796 1.04544 1.11243 1.14659 1.31622 1.42813 
0.336741 0.658041 0.89796 1.04544 1.11243 1.14659 1.31622 1.42813 
0.336741 0.658041 0.89796 1.04544 1.11243 1.14659 1.31622 1.42813 
0.336741 0.658041 0.89796 1.04544 1.11243 1.14659 1.31622 1.42813 
0.336741 0.658041 0.89796 1.04544 1.11243 1.14659 1.31622 1.42813 
0.336741 0.658041 0.89796 1.04544 1.11243 1.14659 1.31622 1.42813 
0.336741 0.658041 0.89796 1.04544 1.11243 1.14659 1.31622 1.42813 
0.336741 0.658041 0.89796 1.04544 1.11243 1.14659 1.31622 1.42813 
0.336741 0.658041 0.89796 1.04544 1.11243 1.14659 1.31622 1.42813 
0.336741 0.658041 0.89796 1.04544 1.11243 1.14659 1.31622 1.42813 
