3.2401 3.96587 4.09232 4.09631 4.76056 5.64621 6.10357 6.1956 6.30896 6.43839 6.56727 6.5876 6.6434 6.66113 6.84813 7.07564 7.13222 7.37976 7.55806 7.56957 
3.2401 3.65512 3.83486 3.96587 4.09232 4.09631 4.48056 4.72625 4.76056 5.64058 5.64621 6.07275 6.10357 6.1956 6.30896 6.31749 6.43839 6.56727 6.5876 6.6434 
3.2401 3.65512 3.83486 3.96587 4.09232 4.09631 4.2581 4.48056 4.72625 4.76056 5.33529 5.64058 5.64621 6.07275 6.10357 6.1956 6.30896 6.31749 6.33858 6.43839 
2.32226 2.58635 3.2401 3.65512 3.83486 3.96587 4.09232 4.09631 4.18592 4.2313 4.2581 4.26543 4.48056 4.72625 4.74292 4.76056 5.33529 5.64058 5.64621 6.07275 
2.32226 2.58635 3.2401 3.65512 3.83486 3.96587 4.09232 4.09631 4.18592 4.2313 4.2581 4.26543 4.48056 4.54131 4.72625 4.74292 4.76056 5.33529 5.57542 5.64058 
2.32226 2.58635 3.2401 3.49549 3.65512 3.68562 3.83486 3.83777 3.96587 4.09232 4.09631 4.18592 4.2313 4.2581 4.26543 4.43392 4.48056 4.54131 4.72625 4.74292 
2.32226 2.58635 3.2401 3.49549 3.57312 3.65512 3.68562 3.83486 3.83777 3.96587 4.09232 4.09631 4.18592 4.2313 4.2581 4.26543 4.32265 4.42076 4.43392 4.48056 
2.32226 2.58635 3.2401 3.49549 3.57312 3.65512 3.68562 3.83486 3.83777 3.96587 4.09232 4.09631 4.14111 4.18592 4.2313 4.2581 4.26543 4.32265 4.42076 4.43392 
1.81029 2.32226 2.58635 3.2401 3.25463 3.49549 3.57312 3.65512 3.68562 3.83486 3.83777 3.90996 3.96587 4.09232 4.09631 4.14111 4.18592 4.2313 4.2581 4.26543 
0.941712 1.81029 2.32226 2.58635 3.13876 3.2401 3.25463 3.49549 3.57312 3.65512 3.68562 3.83486 3.83777 3.90996 3.96587 4.09232 4.09631 4.14111 4.17079 4.18592 
0.941712 1.81029 2.32226 2.58635 3.13876 3.2401 3.25463 3.35348 3.49549 3.57312 3.65512 3.68562 3.83486 3.83777 3.90996 3.96587 4.09232 4.09631 4.14111 4.17079 
0.941712 1.81029 1.81134 2.32226 2.58635 3.13876 3.2401 3.25463 3.35348 3.49549 3.52861 3.57312 3.65512 3.68562 3.83486 3.83777 3.90996 3.96587 4.09232 4.09631 
0.941712 1.33069 1.81029 1.81134 2.32226 2.58635 2.72774 2.98123 3.13876 3.19247 3.2401 3.25463 3.35348 3.49549 3.52861 3.57312 3.60882 3.65512 3.68562 3.7976 
0.941712 1.33069 1.81029 1.81134 2.32226 2.58635 2.72774 2.98123 3.13876 3.18411 3.19247 3.2401 3.25463 3.35348 3.49549 3.52861 3.57312 3.60882 3.65512 3.68562 
0.941712 1.33069 1.81029 1.81134 1.86089 2.32226 2.40997 2.50208 2.58635 2.67465 2.72774 2.98123 3.13876 3.14398 3.18411 3.19247 3.2401 3.25463 3.35348 3.49549 
0.941712 1.33069 1.44306 1.81029 1.81134 1.86089 2.32226 2.40997 2.50208 2.58635 2.60532 2.67465 2.72774 2.98123 3.13876 3.14398 3.18411 3.19247 3.19778 3.2401 
0.941712 1.33069 1.44306 1.81029 1.81134 1.86089 2.32226 2.40997 2.50208 2.58635 2.60532 2.67465 2.72774 2.98123 3.07422 3.13876 3.14398 3.18411 3.18889 3.19247 
0.903188 0.941712 1.33069 1.44306 1.81029 1.81134 1.86089 2.32226 2.40997 2.50208 2.58635 2.60532 2.65359 2.67465 2.72774 2.79395 2.98123 3.07422 3.13876 3.14398 
0.903188 0.941712 0.957769 1.33069 1.42307 1.44306 1.81029 1.81134 1.86089 2.32226 2.40997 2.50208 2.58635 2.60532 2.65359 2.67465 2.72774 2.79395 2.98123 3.07422 
0.903188 0.941712 0.957769 1.33069 1.42307 1.44306 1.81029 1.81134 1.86089 2.32226 2.40997 2.50208 2.58635 2.60532 2.65359 2.67465 2.72774 2.79395 2.87112 2.98123 
0.903188 0.941712 0.957769 1.33069 1.42307 1.44306 1.81029 1.81134 1.86089 2.32226 2.40997 2.50208 2.58635 2.60532 2.65359 2.67465 2.72774 2.79395 2.87112 2.98123 
0.903188 0.941712 0.957769 1.33069 1.42307 1.44306 1.81029 1.81134 1.86089 1.88334 2.32226 2.40997 2.50208 2.58635 2.60532 2.65359 2.67465 2.72774 2.79395 2.87112 
0.903188 0.941712 0.957769 1.33069 1.42307 1.44306 1.81029 1.81134 1.86089 1.88334 2.32226 2.40997 2.50208 2.58635 2.60532 2.65359 2.67465 2.72774 2.79395 2.87112 
0.903188 0.941712 0.957769 1.33069 1.42307 1.44306 1.81029 1.81134 1.86089 1.88334 2.13096 2.32226 2.40997 2.50208 2.58635 2.60532 2.65359 2.67465 2.72774 2.79395 
0.903188 0.941712 0.957769 1.33069 1.42307 1.44306 1.81029 1.81134 1.86089 1.88334 2.13096 2.32226 2.40997 2.50208 2.58635 2.59485 2.60532 2.65359 2.67465 2.68281 
0.903188 0.941712 0.957769 1.31977 1.33069 1.42307 1.44306 1.81029 1.81134 1.86089 1.88334 2.13096 2.32226 2.40997 2.50208 2.58635 2.59485 2.60532 2.65359 2.67465 
0.903188 0.941712 0.957769 1.31977 1.33069 1.42307 1.44306 1.81029 1.81134 1.86089 1.88334 2.13096 2.32226 2.40997 2.50208 2.58635 2.59485 2.60532 2.65359 2.67465 
0.903188 0.941712 0.957769 1.31977 1.33069 1.42307 1.44306 1.63807 1.81029 1.81134 1.86089 1.88334 2.13096 2.31272 2.32226 2.40997 2.50208 2.58635 2.59485 2.60532 
0.903188 0.941712 0.957769 1.19519 1.31977 1.33069 1.42307 1.44306 1.63807 1.80291 1.81029 1.81134 1.86089 1.88334 2.13096 2.31272 2.32226 2.40997 2.50208 2.58635 
0.903188 0.941712 0.957769 1.01662 1.19519 1.31977 1.33069 1.42307 1.44306 1.63807 1.80291 1.81029 1.81134 1.86089 1.88334 2.13096 2.24531 2.31272 2.32226 2.40997 
0.747205 0.903188 0.941712 0.957769 1.01662 1.19519 1.31977 1.33069 1.42307 1.44306 1.63807 1.80291 1.80592 1.81029 1.81134 1.86089 1.88334 2.13096 2.23848 2.24531 
0.272785 0.747205 0.903188 0.941712 0.957769 1.01662 1.19519 1.31977 1.33069 1.42307 1.44306 1.63807 1.80291 1.80592 1.81029 1.81134 1.86089 1.88334 2.13096 2.23001 
0.272785 0.747205 0.903188 0.941712 0.957769 1.01662 1.19519 1.31977 1.33069 1.42307 1.44306 1.63807 1.80291 1.80592 1.81029 1.81134 1.86029 1.86089 1.88334 2.13096 
0.272785 0.747205 0.903188 0.941712 0.957769 1.01662 1.19519 1.31977 1.33069 1.42307 1.44306 1.53126 1.63807 1.80291 1.80592 1.81029 1.81134 1.86029 1.86089 1.88334 
0.272785 0.747205 0.903188 0.941712 0.957769 1.01662 1.19519 1.31977 1.33069 1.42307 1.44306 1.53126 1.63807 1.80291 1.80592 1.81029 1.81134 1.86029 1.86089 1.88334 
0.272785 0.747205 0.826368 0.903188 0.941712 0.957769 1.01662 1.05654 1.19519 1.31977 1.33069 1.3771 1.42307 1.44306 1.53126 1.63807 1.77349 1.80291 1.80592 1.81029 
0.272785 0.426535 0.747205 0.826368 0.903188 0.941712 0.957769 1.01662 1.05654 1.19519 1.31977 1.33069 1.3771 1.42307 1.44306 1.5135 1.5237 1.53126 1.63807 1.75832 
0.272785 0.426535 0.747205 0.826368 0.903188 0.941712 0.957769 1.01662 1.05654 1.12446 1.19519 1.31977 1.33069 1.3771 1.42307 1.44306 1.5135 1.5237 1.53126 1.63807 
0.272785 0.374787 0.426535 0.747205 0.826368 0.903188 0.941712 0.957769 1.01662 1.05654 1.12446 1.19519 1.31977 1.33069 1.3771 1.42307 1.43903 1.44306 1.5135 1.5237 
0.272785 0.374787 0.426535 0.747205 0.826368 0.902916 0.903188 0.941712 0.957769 1.01662 1.05654 1.12446 1.19519 1.31977 1.33069 1.3771 1.42307 1.43903 1.44306 1.5135 
0.272785 0.374787 0.426535 0.747205 0.826368 0.902916 0.903188 0.941712 0.957769 1.01662 1.02655 1.05654 1.12446 1.19519 1.31977 1.33069 1.3771 1.42307 1.43903 1.44306 
0.272785 0.374787 0.426535 0.747205 0.826368 0.902916 0.903188 0.941712 0.957769 1.01662 1.02655 1.05654 1.12446 1.19519 1.31977 1.33069 1.3771 1.42307 1.43903 1.44306 
0.272785 0.370957 0.374787 0.426535 0.747205 0.826368 0.902916 0.903188 0.941712 0.957769 1.01662 1.02655 1.05654 1.12446 1.13548 1.17723 1.19519 1.31977 1.33069 1.3771 
0.272785 0.370957 0.374787 0.426535 0.747205 0.826368 0.902916 0.903188 0.941712 0.957769 1.01662 1.02655 1.05654 1.12446 1.13548 1.17723 1.19519 1.31977 1.33069 1.3771 
0.272785 0.370957 0.374787 0.426535 0.568707 0.747205 0.826368 0.902916 0.903188 0.941712 0.957769 1.01662 1.02655 1.05654 1.12446 1.13548 1.17723 1.19519 1.31977 1.33069 
0.272785 0.370957 0.374787 0.426535 0.541801 0.568707 0.747205 0.826368 0.833165 0.902916 0.903188 0.941712 0.957769 1.01662 1.02655 1.05654 1.12446 1.13548 1.17723 1.19519 
0.272785 0.370957 0.374787 0.426535 0.541801 0.568707 0.747205 0.826368 0.833165 0.858839 0.902916 0.903188 0.941712 0.957769 1.01662 1.02655 1.05654 1.08192 1.12446 1.13548 
0.0255522 0.272785 0.370957 0.374787 0.415672 0.426535 0.527839 0.541801 0.568707 0.747205 0.826368 0.833165 0.858839 0.902916 0.903188 0.941712 0.957769 1.01662 1.02655 1.05654 
0.0255522 0.272785 0.370957 0.374787 0.415672 0.426535 0.527839 0.541801 0.568707 0.747205 0.826368 0.833165 0.858839 0.902916 0.903188 0.941712 0.957769 1.01662 1.02655 1.05654 
0.0255522 0.272785 0.370957 0.374787 0.415672 0.426535 0.527839 0.541801 0.568707 0.747205 0.826368 0.833165 0.858839 0.902916 0.903188 0.941712 0.957769 1.01662 1.02655 1.05654 
0.0255522 0.272785 0.370957 0.374787 0.415672 0.426535 0.527839 0.541801 0.568707 0.747205 0.826368 0.833165 0.858839 0.902916 0.903188 0.941712 0.957769 1.01662 1.02655 1.05654 
0.0255522 0.272785 0.353004 0.370957 0.374787 0.415672 0.426535 0.527839 0.541801 0.568237 0.568707 0.59039 0.63415 0.747205 0.826368 0.833165 0.858839 0.902916 0.903188 0.941712 
0.0255522 0.272785 0.353004 0.370957 0.374787 0.415672 0.426535 0.527839 0.541801 0.568237 0.568707 0.59039 0.63415 0.747205 0.826368 0.833165 0.858839 0.902916 0.903188 0.941712 
0.0255522 0.272785 0.353004 0.370957 0.374787 0.415672 0.426535 0.527839 0.541801 0.568237 0.568707 0.59039 0.63415 0.747205 0.826368 0.833165 0.858839 0.902916 0.903188 0.941712 
0.0255522 0.0722865 0.272785 0.353004 0.370957 0.374787 0.415672 0.426535 0.527839 0.541801 0.568237 0.568707 0.59039 0.63415 0.747205 0.826368 0.833165 0.858839 0.902916 0.903188 
0.0255522 0.0722865 0.272785 0.353004 0.370957 0.374787 0.415672 0.426535 0.527839 0.541801 0.568237 0.568707 0.59039 0.63415 0.747205 0.826368 0.833165 0.858839 0.902916 0.903188 
0.0255522 0.0722865 0.272785 0.353004 0.370957 0.374787 0.386238 0.415672 0.426535 0.527839 0.541801 0.568237 0.568707 0.59039 0.623786 0.63415 0.747205 0.826368 0.833165 0.858839 
0.0255522 0.0722865 0.272785 0.353004 0.370957 0.374787 0.386238 0.415672 0.426535 0.527839 0.541801 0.568237 0.568707 0.59039 0.623786 0.63415 0.747205 0.826368 0.833165 0.858839 
0.0255522 0.0722865 0.272785 0.353004 0.370957 0.374787 0.386238 0.415672 0.426535 0.527839 0.541801 0.568237 0.568707 0.59039 0.623786 0.63415 0.747205 0.764591 0.826368 0.833165 
0.0255522 0.0722865 0.272785 0.353004 0.370957 0.374787 0.386238 0.415672 0.426535 0.477603 0.527839 0.541801 0.568237 0.568707 0.59039 0.623786 0.63415 0.747205 0.764591 0.826368 
0.0255522 0.0722865 0.272785 0.353004 0.370957 0.374787 0.386238 0.415672 0.426535 0.477603 0.527839 0.541801 0.568237 0.568707 0.59039 0.623786 0.63415 0.747205 0.764591 0.826368 
0.0255522 0.0722865 0.272785 0.353004 0.370957 0.374787 0.386238 0.415672 0.426535 0.454775 0.477603 0.527839 0.541801 0.568237 0.568707 0.59039 0.623786 0.63415 0.747205 0.764591 
0.0255522 0.0722865 0.272785 0.321753 0.353004 0.370957 0.374787 0.386238 0.415672 0.426535 0.454775 0.477603 0.527839 0.541801 0.568237 0.568707 0.59039 0.623786 0.63415 0.747205 
0.0255522 0.0722865 0.272785 0.321753 0.353004 0.370957 0.374787 0.386238 0.415672 0.426535 0.454775 0.477603 0.527839 0.53926 0.541801 0.568237 0.568707 0.59039 0.623786 0.63415 
0.0255522 0.0722865 0.272785 0.321753 0.353004 0.370957 0.374787 0.376281 0.386238 0.415672 0.426535 0.454775 0.477603 0.527839 0.53926 0.541801 0.568237 0.568707 0.59039 0.623786 
0.0255522 0.0722865 0.272785 0.321753 0.353004 0.370957 0.374787 0.376281 0.386238 0.415672 0.426535 0.454775 0.477603 0.527839 0.53926 0.541801 0.568237 0.568707 0.59039 0.623786 
0.0255522 0.0722865 0.272785 0.321753 0.353004 0.370957 0.374787 0.376281 0.386238 0.415672 0.426535 0.454775 0.477603 0.527839 0.53926 0.541801 0.568237 0.568707 0.59039 0.623786 
0.0255522 0.0722865 0.272785 0.321753 0.353004 0.370957 0.374787 0.376281 0.386238 0.415672 0.426535 0.454775 0.477603 0.527839 0.53926 0.541801 0.568237 0.568707 0.59039 0.623786 
0.0255522 0.0722865 0.272785 0.321753 0.353004 0.370957 0.374787 0.376281 0.386238 0.415672 0.426535 0.454775 0.477603 0.527839 0.53926 0.541801 0.568237 0.568707 0.59039 0.623786 
0.0255522 0.0722865 0.272785 0.321753 0.353004 0.370957 0.374787 0.376281 0.386238 0.415672 0.426535 0.454775 0.477603 0.527839 0.53926 0.541801 0.568237 0.568707 0.59039 0.623786 
0.0255522 0.0722865 0.272785 0.321753 0.353004 0.370957 0.374787 0.376281 0.386238 0.415672 0.426535 0.454775 0.477603 0.527839 0.53926 0.541801 0.568237 0.568707 0.59039 0.623786 
0.0255522 0.0722865 0.272785 0.321753 0.353004 0.370957 0.374787 0.376281 0.386238 0.415672 0.426535 0.454775 0.477603 0.527839 0.53926 0.541801 0.568237 0.568707 0.59039 0.623786 
0.0255522 0.0722865 0.272785 0.321753 0.353004 0.370957 0.374787 0.376281 0.386238 0.415672 0.426535 0.454775 0.477603 0.527839 0.53926 0.541801 0.568237 0.568707 0.59039 0.623786 
0.0255522 0.0722865 0.272785 0.321753 0.353004 0.370957 0.374787 0.376281 0.386238 0.415672 0.426535 0.454775 0.477603 0.527839 0.53926 0.541801 0.568237 0.568707 0.59039 0.623786 
0.0255522 0.0722865 0.272785 0.321753 0.353004 0.370957 0.374787 0.376281 0.386238 0.415672 0.426535 0.454775 0.477603 0.527839 0.53926 0.541801 0.568237 0.568707 0.59039 0.623786 
0.0255522 0.0722865 0.272785 0.321753 0.353004 0.370957 0.374787 0.376281 0.386238 0.415672 0.426535 0.454775 0.477603 0.527839 0.53926 0.541801 0.568237 0.568707 0.59039 0.623786 
0.0255522 0.0722865 0.272785 0.321753 0.353004 0.370957 0.374787 0.376281 0.386238 0.415672 0.426535 0.454775 0.477603 0.527839 0.53926 0.541801 0.568237 0.568707 0.59039 0.623786 
0.0255522 0.0722865 0.272785 0.321753 0.353004 0.370957 0.374787 0.376281 0.386238 0.415672 0.426535 0.454775 0.477603 0.527839 0.53926 0.541801 0.568237 0.568707 0.59039 0.623786 
0.0255522 0.0722865 0.272785 0.321753 0.353004 0.370957 0.374787 0.376281 0.386238 0.415672 0.426535 0.454775 0.477603 0.527839 0.53926 0.541801 0.568237 0.568707 0.59039 0.623786 
0.0255522 0.0722865 0.272785 0.321753 0.353004 0.370957 0.374787 0.376281 0.386238 0.415672 0.426535 0.454775 0.477603 0.527839 0.53926 0.541801 0.568237 0.568707 0.59039 0.623786 
0.0255522 0.0722865 0.272785 0.321753 0.353004 0.370957 0.374787 0.376281 0.386238 0.415672 0.426535 0.454775 0.477603 0.527839 0.53926 0.541801 0.568237 0.568707 0.59039 0.623786 
0.0255522 0.0722865 0.272785 0.321753 0.353004 0.370957 0.374787 0.376281 0.386238 0.415672 0.426535 0.454775 0.477603 0.527839 0.53926 0.541801 0.568237 0.568707 0.59039 0.623786 
0.0255522 0.0722865 0.272785 0.321753 0.353004 0.370957 0.374787 0.376281 0.386238 0.415672 0.426535 0.454775 0.477603 0.527839 0.53926 0.541801 0.568237 0.568707 0.59039 0.623786 
0.0255522 0.0722865 0.272785 0.321753 0.353004 0.370957 0.374787 0.376281 0.386238 0.415672 0.426535 0.454775 0.477603 0.527839 0.53926 0.541801 0.568237 0.568707 0.59039 0.623786 
0.0255522 0.0722865 0.272785 0.321753 0.353004 0.370957 0.374787 0.376281 0.386238 0.415672 0.426535 0.454775 0.477603 0.527839 0.53926 0.541801 0.568237 0.568707 0.59039 0.623786 
0.0255522 0.0722865 0.272785 0.321753 0.353004 0.370957 0.374787 0.376281 0.386238 0.415672 0.426535 0.454775 0.477603 0.527839 0.53926 0.541801 0.568237 0.568707 0.59039 0.623786 
0.0255522 0.0722865 0.272785 0.321753 0.353004 0.370957 0.374787 0.376281 0.386238 0.415672 0.426535 0.454775 0.477603 0.527839 0.53926 0.541801 0.568237 0.568707 0.59039 0.623786 
0.0255522 0.0722865 0.272785 0.321753 0.353004 0.370957 0.374787 0.376281 0.386238 0.415672 0.426535 0.454775 0.477603 0.527839 0.53926 0.541801 0.568237 0.568707 0.59039 0.623786 
0.0255522 0.0722865 0.272785 0.321753 0.353004 0.370957 0.374787 0.376281 0.386238 0.415672 0.426535 0.454775 0.477603 0.527839 0.53926 0.541801 0.568237 0.568707 0.59039 0.623786 
0.0255522 0.0722865 0.272785 0.321753 0.353004 0.370957 0.374787 0.376281 0.386238 0.415672 0.426535 0.454775 0.477603 0.527839 0.53926 0.541801 0.568237 0.568707 0.59039 0.623786 
0.0255522 0.0722865 0.272785 0.321753 0.353004 0.370957 0.374787 0.376281 0.386238 0.415672 0.426535 0.454775 0.477603 0.527839 0.53926 0.541801 0.568237 0.568707 0.59039 0.623786 
0.0255522 0.0722865 0.272785 0.321753 0.353004 0.370957 0.374787 0.376281 0.386238 0.415672 0.426535 0.454775 0.477603 0.527839 0.53926 0.541801 0.568237 0.568707 0.59039 0.623786 
0.0255522 0.0722865 0.272785 0.321753 0.353004 0.370957 0.374787 0.376281 0.386238 0.415672 0.426535 0.454775 0.477603 0.527839 0.53926 0.541801 0.568237 0.568707 0.59039 0.623786 
0.0255522 0.0722865 0.272785 0.321753 0.353004 0.370957 0.374787 0.376281 0.386238 0.415672 0.426535 0.454775 0.477603 0.527839 0.53926 0.541801 0.568237 0.568707 0.59039 0.623786 
0.0255522 0.0722865 0.272785 0.321753 0.353004 0.370957 0.374787 0.376281 0.386238 0.415672 0.426535 0.454775 0.477603 0.527839 0.53926 0.541801 0.568237 0.568707 0.59039 0.623786 
0.0255522 0.0722865 0.272785 0.321753 0.353004 0.370957 0.374787 0.376281 0.386238 0.415672 0.426535 0.454775 0.477603 0.527839 0.53926 0.541801 0.568237 0.568707 0.59039 0.623786 
0.0255522 0.0722865 0.272785 0.321753 0.353004 0.370957 0.374787 0.376281 0.386238 0.415672 0.426535 0.454775 0.477603 0.527839 0.53926 0.541801 0.568237 0.568707 0.59039 0.623786 
0.0255522 0.0722865 0.272785 0.321753 0.353004 0.370957 0.374787 0.376281 0.386238 0.415672 0.426535 0.454775 0.477603 0.527839 0.53926 0.541801 0.568237 0.568707 0.59039 0.623786 
0.0255522 0.0722865 0.272785 0.321753 0.353004 0.370957 0.374787 0.376281 0.386238 0.415672 0.426535 0.454775 0.477603 0.527839 0.53926 0.541801 0.568237 0.568707 0.59039 0.623786 
0.0255522 0.0722865 0.272785 0.321753 0.353004 0.370957 0.374787 0.376281 0.386238 0.415672 0.426535 0.454775 0.477603 0.527839 0.53926 0.541801 0.568237 0.568707 0.59039 0.623786 
