1.77964 3.06541 3.13679 3.36168 3.44559 3.572 3.80123 3.8933 3.93838 3.99129 4.03723 4.29143 4.30637 4.3913 4.43778 4.50301 4.55754 4.56373 4.61577 5.83428 
1.77964 2.29872 2.55672 3.06541 3.13679 3.24995 3.36168 3.44559 3.4518 3.572 3.80123 3.8933 3.93838 3.99129 4.03723 4.29143 4.30637 4.3913 4.43778 4.50301 
1.77964 2.29872 2.55672 2.89507 2.9164 3.06541 3.13679 3.24995 3.36168 3.44559 3.4518 3.46779 3.572 3.76677 3.80123 3.88129 3.8933 3.93838 3.99129 4.03723 
1.77964 2.29872 2.55672 2.89507 2.9164 3.06541 3.11283 3.13679 3.22715 3.24995 3.36168 3.416 3.44559 3.4518 3.46779 3.54852 3.572 3.73987 3.76677 3.80123 
1.77964 2.29872 2.55672 2.89507 2.9164 3.06541 3.11283 3.13679 3.22715 3.24106 3.24995 3.36168 3.416 3.44559 3.4518 3.46779 3.54404 3.54852 3.55073 3.572 
1.77964 2.29872 2.55672 2.89507 2.9164 3.06541 3.11283 3.13679 3.22715 3.24106 3.24995 3.36168 3.38633 3.416 3.44559 3.4518 3.46779 3.54404 3.54852 3.55073 
1.77964 2.29872 2.55672 2.89507 2.9164 3.06541 3.11283 3.13679 3.22715 3.24106 3.24995 3.36168 3.38633 3.416 3.43069 3.44559 3.4518 3.46779 3.54404 3.54852 
1.77964 2.29872 2.55672 2.89507 2.9164 3.06541 3.11283 3.13679 3.22715 3.24106 3.24995 3.36168 3.38633 3.416 3.43069 3.44559 3.4518 3.46779 3.54404 3.54852 
1.77964 2.29872 2.55672 2.89507 2.9164 3.06541 3.11283 3.13679 3.22715 3.24106 3.24995 3.36168 3.38633 3.416 3.43069 3.44559 3.4518 3.46779 3.54404 3.54852 
1.77964 2.29872 2.55672 2.89507 2.9164 3.06541 3.11283 3.13679 3.22715 3.24106 3.24995 3.36168 3.38633 3.416 3.43069 3.44559 3.4518 3.46779 3.54404 3.54852 
1.77964 2.29872 2.55672 2.89507 2.9164 3.06541 3.11283 3.13679 3.22715 3.24106 3.24995 3.36168 3.38633 3.416 3.43069 3.44559 3.4518 3.46779 3.54404 3.54852 
1.77964 2.29872 2.55672 2.89507 2.9164 3.06541 3.11283 3.13679 3.22715 3.24106 3.24995 3.36168 3.38633 3.416 3.43069 3.44559 3.4518 3.46779 3.54404 3.54852 
1.77964 2.29872 2.55672 2.89507 2.9164 3.06541 3.11283 3.13679 3.15824 3.22715 3.24106 3.24995 3.36168 3.38633 3.416 3.43069 3.44559 3.4518 3.46779 3.52589 
1.77964 2.29872 2.55672 2.89507 2.9164 3.06541 3.11283 3.13679 3.15824 3.22715 3.24106 3.24995 3.36168 3.38633 3.416 3.43069 3.44559 3.4518 3.46779 3.52589 
1.77964 2.29872 2.55672 2.89507 2.9164 3.06541 3.11283 3.13679 3.15824 3.22715 3.24106 3.24995 3.36168 3.38633 3.416 3.43069 3.44559 3.4518 3.46779 3.52589 
1.77964 2.29872 2.55672 2.89507 2.9164 3.06541 3.11283 3.13679 3.15824 3.22715 3.24106 3.24995 3.36168 3.38633 3.416 3.43069 3.44559 3.4518 3.46779 3.52589 
1.77964 2.29872 2.55672 2.89507 2.9164 3.06541 3.11283 3.13679 3.15824 3.22715 3.24106 3.24995 3.36168 3.38633 3.416 3.43069 3.44559 3.4518 3.46779 3.52589 
1.77964 2.29872 2.55672 2.89507 2.9164 3.06541 3.11283 3.13679 3.15824 3.22715 3.24106 3.24995 3.36168 3.38633 3.416 3.43069 3.44559 3.4518 3.46779 3.52589 
1.77964 2.29872 2.55672 2.89507 2.9164 3.06541 3.11283 3.13679 3.15824 3.22715 3.24106 3.24995 3.36168 3.38633 3.416 3.43069 3.44559 3.4518 3.46779 3.52589 
1.77964 2.29872 2.55672 2.89507 2.9164 3.06541 3.11283 3.13679 3.15824 3.22715 3.24106 3.24995 3.36168 3.38633 3.416 3.43069 3.44559 3.4518 3.46779 3.52589 
1.77964 2.29872 2.55672 2.89507 2.9164 3.06541 3.11283 3.13679 3.15824 3.22715 3.24106 3.24995 3.36168 3.38633 3.416 3.43069 3.44559 3.4518 3.46779 3.52589 
1.77964 2.29872 2.55672 2.89507 2.9164 3.06541 3.11283 3.13679 3.15824 3.22715 3.24106 3.24995 3.36168 3.38633 3.416 3.43069 3.44559 3.4518 3.46779 3.52589 
1.77964 2.29872 2.55672 2.89507 2.9164 3.06541 3.11283 3.13679 3.15824 3.22715 3.24106 3.24995 3.36168 3.38633 3.416 3.43069 3.44559 3.4518 3.46779 3.52589 
1.77964 2.29872 2.55672 2.89507 2.9164 3.06541 3.11283 3.13679 3.15824 3.22715 3.24106 3.24995 3.36168 3.38633 3.416 3.43069 3.44559 3.4518 3.46779 3.52589 
1.77964 2.29872 2.55672 2.89507 2.9164 3.06541 3.11283 3.13679 3.15824 3.22715 3.24106 3.24995 3.36168 3.38633 3.416 3.43069 3.44559 3.4518 3.46779 3.52589 
1.77964 2.29872 2.55672 2.89507 2.9164 3.06541 3.11283 3.13679 3.15824 3.22715 3.24106 3.24995 3.36168 3.38633 3.416 3.43069 3.44559 3.4518 3.46779 3.52589 
1.77964 2.29872 2.55672 2.89507 2.9164 3.06541 3.11283 3.13679 3.15824 3.22715 3.24106 3.24995 3.36168 3.38633 3.416 3.43069 3.44559 3.4518 3.46779 3.52589 
1.77964 2.29872 2.55672 2.89507 2.9164 3.06541 3.11283 3.13679 3.15824 3.22715 3.24106 3.24995 3.36168 3.38633 3.416 3.43069 3.44559 3.4518 3.46779 3.52589 
1.77964 2.29872 2.55672 2.89507 2.9164 3.06541 3.11283 3.13679 3.15824 3.22715 3.24106 3.24995 3.36168 3.38633 3.416 3.43069 3.44559 3.4518 3.46779 3.52589 
1.77964 2.29872 2.55672 2.89507 2.9164 3.06541 3.11283 3.13679 3.15824 3.22715 3.24106 3.24995 3.36168 3.38633 3.416 3.43069 3.44559 3.4518 3.46779 3.52589 
1.77964 2.29872 2.55672 2.89507 2.9164 3.06541 3.11283 3.13679 3.15824 3.22715 3.24106 3.24995 3.36168 3.38633 3.416 3.43069 3.44559 3.4518 3.46779 3.52589 
1.77964 2.29872 2.55672 2.89507 2.9164 3.06541 3.11283 3.13679 3.15824 3.22715 3.24106 3.24995 3.36168 3.38633 3.416 3.43069 3.44559 3.4518 3.46779 3.52589 
1.77964 2.29872 2.55672 2.89507 2.9164 3.06541 3.11283 3.13679 3.15824 3.22715 3.24106 3.24995 3.36168 3.38633 3.416 3.43069 3.44559 3.4518 3.46779 3.52589 
1.77964 2.29872 2.55672 2.89507 2.9164 3.06541 3.11283 3.13679 3.15824 3.22715 3.24106 3.24995 3.36168 3.38633 3.416 3.43069 3.44559 3.4518 3.46779 3.52589 
1.77964 2.29872 2.55672 2.89507 2.9164 3.06541 3.11283 3.13679 3.15824 3.22715 3.24106 3.24995 3.36168 3.38633 3.416 3.43069 3.44559 3.4518 3.46779 3.52589 
1.77964 2.29872 2.55672 2.89507 2.9164 3.06541 3.11283 3.13679 3.15824 3.22715 3.24106 3.24995 3.36168 3.38633 3.416 3.43069 3.44559 3.4518 3.46779 3.52589 
1.77964 2.29872 2.55672 2.89507 2.9164 3.06541 3.11283 3.13679 3.15824 3.22715 3.24106 3.24995 3.36168 3.38633 3.416 3.43069 3.44559 3.4518 3.46779 3.52589 
1.77964 2.29872 2.55672 2.89507 2.9164 3.06541 3.11283 3.13679 3.15824 3.22715 3.24106 3.24995 3.36168 3.38633 3.416 3.43069 3.44559 3.4518 3.46779 3.52589 
1.77964 2.29872 2.55672 2.89507 2.9164 3.06541 3.11283 3.13679 3.15824 3.22715 3.24106 3.24995 3.36168 3.38633 3.416 3.43069 3.44559 3.4518 3.46779 3.52589 
1.77964 2.29872 2.55672 2.89507 2.9164 3.06541 3.11283 3.13679 3.15824 3.22715 3.24106 3.24995 3.36168 3.38633 3.416 3.43069 3.44559 3.4518 3.46779 3.52589 
1.77964 2.29872 2.55672 2.89507 2.9164 3.06541 3.11283 3.13679 3.15824 3.22715 3.24106 3.24995 3.36168 3.38633 3.416 3.43069 3.44559 3.4518 3.46779 3.52589 
1.77964 2.29872 2.55672 2.89507 2.9164 3.06541 3.11283 3.13679 3.15824 3.22715 3.24106 3.24995 3.36168 3.38633 3.416 3.43069 3.44559 3.4518 3.46779 3.52589 
1.77964 2.29872 2.55672 2.89507 2.9164 3.06541 3.11283 3.13679 3.15824 3.22715 3.24106 3.24995 3.36168 3.38633 3.416 3.43069 3.44559 3.4518 3.46779 3.52589 
1.77964 2.29872 2.55672 2.89507 2.9164 3.06541 3.11283 3.13679 3.15824 3.22715 3.24106 3.24995 3.36168 3.38633 3.416 3.43069 3.44559 3.4518 3.46779 3.52589 
1.77964 2.29872 2.55672 2.89507 2.9164 3.06541 3.11283 3.13679 3.15824 3.22715 3.24106 3.24995 3.36168 3.38633 3.416 3.43069 3.44559 3.4518 3.46779 3.52589 
1.77964 2.29872 2.55672 2.89507 2.9164 3.06541 3.11283 3.13679 3.15824 3.22715 3.24106 3.24995 3.36168 3.38633 3.416 3.43069 3.44559 3.4518 3.46779 3.52589 
1.77964 2.29872 2.55672 2.89507 2.9164 3.06541 3.11283 3.13679 3.15824 3.22715 3.24106 3.24995 3.36168 3.38633 3.416 3.43069 3.44559 3.4518 3.46779 3.52589 
1.77964 2.29872 2.55672 2.89507 2.9164 3.06541 3.11283 3.13679 3.15824 3.22715 3.24106 3.24995 3.36168 3.38633 3.416 3.43069 3.44559 3.4518 3.46779 3.52589 
1.77964 2.29872 2.55672 2.89507 2.9164 3.06541 3.11283 3.13679 3.15824 3.22715 3.24106 3.24995 3.36168 3.38633 3.416 3.43069 3.44559 3.4518 3.46779 3.52589 
1.77964 2.29872 2.55672 2.89507 2.9164 3.06541 3.11283 3.13679 3.15824 3.22715 3.24106 3.24995 3.36168 3.38633 3.416 3.43069 3.44559 3.4518 3.46779 3.52589 
1.77964 2.29872 2.55672 2.89507 2.9164 3.06541 3.11283 3.13679 3.15824 3.22715 3.24106 3.24995 3.36168 3.38633 3.416 3.43069 3.44559 3.4518 3.46779 3.52589 
1.77964 2.29872 2.55672 2.89507 2.9164 3.06541 3.11283 3.13679 3.15824 3.22715 3.24106 3.24995 3.36168 3.38633 3.416 3.43069 3.44559 3.4518 3.46779 3.52589 
1.77964 2.29872 2.55672 2.89507 2.9164 3.06541 3.11283 3.13679 3.15824 3.22715 3.24106 3.24995 3.36168 3.38633 3.416 3.43069 3.44559 3.4518 3.46779 3.52589 
1.77964 2.29872 2.55672 2.89507 2.9164 3.06541 3.11283 3.13679 3.15824 3.22715 3.24106 3.24995 3.36168 3.38633 3.416 3.43069 3.44559 3.4518 3.46779 3.52589 
1.77964 2.29872 2.55672 2.89507 2.9164 3.06541 3.11283 3.13679 3.15824 3.22715 3.24106 3.24995 3.36168 3.38633 3.416 3.43069 3.44559 3.4518 3.46779 3.52589 
1.77964 2.29872 2.55672 2.89507 2.9164 3.06541 3.11283 3.13679 3.15824 3.22715 3.24106 3.24995 3.36168 3.38633 3.416 3.43069 3.44559 3.4518 3.46779 3.52589 
1.77964 2.29872 2.55672 2.89507 2.9164 3.06541 3.11283 3.13679 3.15824 3.22715 3.24106 3.24995 3.36168 3.38633 3.416 3.43069 3.44559 3.4518 3.46779 3.52589 
1.77964 2.29872 2.55672 2.89507 2.9164 3.06541 3.11283 3.13679 3.15824 3.22715 3.24106 3.24995 3.36168 3.38633 3.416 3.43069 3.44559 3.4518 3.46779 3.52589 
1.77964 2.29872 2.55672 2.89507 2.9164 3.06541 3.11283 3.13679 3.15824 3.22715 3.24106 3.24995 3.36168 3.38633 3.416 3.43069 3.44559 3.4518 3.46779 3.52589 
1.77964 2.29872 2.55672 2.89507 2.9164 3.06541 3.11283 3.13679 3.15824 3.22715 3.24106 3.24995 3.36168 3.38633 3.416 3.43069 3.44559 3.4518 3.46779 3.52589 
1.77964 2.29872 2.55672 2.89507 2.9164 3.06541 3.11283 3.13679 3.15824 3.22715 3.24106 3.24995 3.36168 3.38633 3.416 3.43069 3.44559 3.4518 3.46779 3.52589 
1.77964 2.29872 2.55672 2.89507 2.9164 3.06541 3.11283 3.13679 3.15824 3.22715 3.24106 3.24995 3.36168 3.38633 3.416 3.43069 3.44559 3.4518 3.46779 3.52589 
1.77964 2.29872 2.55672 2.89507 2.9164 3.06541 3.11283 3.13679 3.15824 3.22715 3.24106 3.24995 3.36168 3.38633 3.416 3.43069 3.44559 3.4518 3.46779 3.52589 
1.77964 2.29872 2.55672 2.89507 2.9164 3.06541 3.11283 3.13679 3.15824 3.22715 3.24106 3.24995 3.36168 3.38633 3.416 3.43069 3.44559 3.4518 3.46779 3.52589 
1.77964 2.29872 2.55672 2.89507 2.9164 3.06541 3.11283 3.13679 3.15824 3.22715 3.24106 3.24995 3.36168 3.38633 3.416 3.43069 3.44559 3.4518 3.46779 3.52589 
1.77964 2.29872 2.55672 2.89507 2.9164 3.06541 3.11283 3.13679 3.15824 3.22715 3.24106 3.24995 3.36168 3.38633 3.416 3.43069 3.44559 3.4518 3.46779 3.52589 
1.77964 2.29872 2.55672 2.89507 2.9164 3.06541 3.11283 3.13679 3.15824 3.22715 3.24106 3.24995 3.36168 3.38633 3.416 3.43069 3.44559 3.4518 3.46779 3.52589 
1.77964 2.29872 2.55672 2.89507 2.9164 3.06541 3.11283 3.13679 3.15824 3.22715 3.24106 3.24995 3.36168 3.38633 3.416 3.43069 3.44559 3.4518 3.46779 3.52589 
1.77964 2.29872 2.55672 2.89507 2.9164 3.06541 3.11283 3.13679 3.15824 3.22715 3.24106 3.24995 3.36168 3.38633 3.416 3.43069 3.44559 3.4518 3.46779 3.52589 
1.77964 2.29872 2.55672 2.89507 2.9164 3.06541 3.11283 3.13679 3.15824 3.22715 3.24106 3.24995 3.36168 3.38633 3.416 3.43069 3.44559 3.4518 3.46779 3.52589 
1.77964 2.29872 2.55672 2.89507 2.9164 3.06541 3.11283 3.13679 3.15824 3.22715 3.24106 3.24995 3.36168 3.38633 3.416 3.43069 3.44559 3.4518 3.46779 3.52589 
1.77964 2.29872 2.55672 2.89507 2.9164 3.06541 3.11283 3.13679 3.15824 3.22715 3.24106 3.24995 3.36168 3.38633 3.416 3.43069 3.44559 3.4518 3.46779 3.52589 
1.77964 2.29872 2.55672 2.89507 2.9164 3.06541 3.11283 3.13679 3.15824 3.22715 3.24106 3.24995 3.36168 3.38633 3.416 3.43069 3.44559 3.4518 3.46779 3.52589 
1.77964 2.29872 2.55672 2.89507 2.9164 3.06541 3.11283 3.13679 3.15824 3.22715 3.24106 3.24995 3.36168 3.38633 3.416 3.43069 3.44559 3.4518 3.46779 3.52589 
1.77964 2.29872 2.55672 2.89507 2.9164 3.06541 3.11283 3.13679 3.15824 3.22715 3.24106 3.24995 3.36168 3.38633 3.416 3.43069 3.44559 3.4518 3.46779 3.52589 
1.77964 2.29872 2.55672 2.89507 2.9164 3.06541 3.11283 3.13679 3.15824 3.22715 3.24106 3.24995 3.36168 3.38633 3.416 3.43069 3.44559 3.4518 3.46779 3.52589 
1.77964 2.29872 2.55672 2.89507 2.9164 3.06541 3.11283 3.13679 3.15824 3.22715 3.24106 3.24995 3.36168 3.38633 3.416 3.43069 3.44559 3.4518 3.46779 3.52589 
1.77964 2.29872 2.55672 2.89507 2.9164 3.06541 3.11283 3.13679 3.15824 3.22715 3.24106 3.24995 3.36168 3.38633 3.416 3.43069 3.44559 3.4518 3.46779 3.52589 
1.77964 2.29872 2.55672 2.89507 2.9164 3.06541 3.11283 3.13679 3.15824 3.22715 3.24106 3.24995 3.36168 3.38633 3.416 3.43069 3.44559 3.4518 3.46779 3.52589 
1.77964 2.29872 2.55672 2.89507 2.9164 3.06541 3.11283 3.13679 3.15824 3.22715 3.24106 3.24995 3.36168 3.38633 3.416 3.43069 3.44559 3.4518 3.46779 3.52589 
1.77964 2.29872 2.55672 2.89507 2.9164 3.06541 3.11283 3.13679 3.15824 3.22715 3.24106 3.24995 3.36168 3.38633 3.416 3.43069 3.44559 3.4518 3.46779 3.52589 
1.77964 2.29872 2.55672 2.89507 2.9164 3.06541 3.11283 3.13679 3.15824 3.22715 3.24106 3.24995 3.36168 3.38633 3.416 3.43069 3.44559 3.4518 3.46779 3.52589 
1.77964 2.29872 2.55672 2.89507 2.9164 3.06541 3.11283 3.13679 3.15824 3.22715 3.24106 3.24995 3.36168 3.38633 3.416 3.43069 3.44559 3.4518 3.46779 3.52589 
1.77964 2.29872 2.55672 2.89507 2.9164 3.06541 3.11283 3.13679 3.15824 3.22715 3.24106 3.24995 3.36168 3.38633 3.416 3.43069 3.44559 3.4518 3.46779 3.52589 
1.77964 2.29872 2.55672 2.89507 2.9164 3.06541 3.11283 3.13679 3.15824 3.22715 3.24106 3.24995 3.36168 3.38633 3.416 3.43069 3.44559 3.4518 3.46779 3.52589 
1.77964 2.29872 2.55672 2.89507 2.9164 3.06541 3.11283 3.13679 3.15824 3.22715 3.24106 3.24995 3.36168 3.38633 3.416 3.43069 3.44559 3.4518 3.46779 3.52589 
1.77964 2.29872 2.55672 2.89507 2.9164 3.06541 3.11283 3.13679 3.15824 3.22715 3.24106 3.24995 3.36168 3.38633 3.416 3.43069 3.44559 3.4518 3.46779 3.52589 
1.77964 2.29872 2.55672 2.89507 2.9164 3.06541 3.11283 3.13679 3.15824 3.22715 3.24106 3.24995 3.36168 3.38633 3.416 3.43069 3.44559 3.4518 3.46779 3.52589 
1.77964 2.29872 2.55672 2.89507 2.9164 3.06541 3.11283 3.13679 3.15824 3.22715 3.24106 3.24995 3.36168 3.38633 3.416 3.43069 3.44559 3.4518 3.46779 3.52589 
1.77964 2.29872 2.55672 2.89507 2.9164 3.06541 3.11283 3.13679 3.15824 3.22715 3.24106 3.24995 3.36168 3.38633 3.416 3.43069 3.44559 3.4518 3.46779 3.52589 
1.77964 2.29872 2.55672 2.89507 2.9164 3.06541 3.11283 3.13679 3.15824 3.22715 3.24106 3.24995 3.36168 3.38633 3.416 3.43069 3.44559 3.4518 3.46779 3.52589 
1.77964 2.29872 2.55672 2.89507 2.9164 3.06541 3.11283 3.13679 3.15824 3.22715 3.24106 3.24995 3.36168 3.38633 3.416 3.43069 3.44559 3.4518 3.46779 3.52589 
1.77964 2.29872 2.55672 2.89507 2.9164 3.06541 3.11283 3.13679 3.15824 3.22715 3.24106 3.24995 3.36168 3.38633 3.416 3.43069 3.44559 3.4518 3.46779 3.52589 
1.77964 2.29872 2.55672 2.89507 2.9164 3.06541 3.11283 3.13679 3.15824 3.22715 3.24106 3.24995 3.36168 3.38633 3.416 3.43069 3.44559 3.4518 3.46779 3.52589 
1.77964 2.29872 2.55672 2.89507 2.9164 3.06541 3.11283 3.13679 3.15824 3.22715 3.24106 3.24995 3.36168 3.38633 3.416 3.43069 3.44559 3.4518 3.46779 3.52589 
1.77964 2.29872 2.55672 2.89507 2.9164 3.06541 3.11283 3.13679 3.15824 3.22715 3.24106 3.24995 3.36168 3.38633 3.416 3.43069 3.44559 3.4518 3.46779 3.52589 
1.77964 2.29872 2.55672 2.89507 2.9164 3.06541 3.11283 3.13679 3.15824 3.22715 3.24106 3.24995 3.36168 3.38633 3.416 3.43069 3.44559 3.4518 3.46779 3.52589 
1.77964 2.29872 2.55672 2.89507 2.9164 3.06541 3.11283 3.13679 3.15824 3.22715 3.24106 3.24995 3.36168 3.38633 3.416 3.43069 3.44559 3.4518 3.46779 3.52589 
1.77964 2.29872 2.55672 2.89507 2.9164 3.06541 3.11283 3.13679 3.15824 3.22715 3.24106 3.24995 3.36168 3.38633 3.416 3.43069 3.44559 3.4518 3.46779 3.52589 
1.77964 2.29872 2.55672 2.89507 2.9164 3.06541 3.11283 3.13679 3.15824 3.22715 3.24106 3.24995 3.36168 3.38633 3.416 3.43069 3.44559 3.4518 3.46779 3.52589 
