2.52161 3.05836 3.25618 3.31092 3.35837 3.69175 3.7951 3.98523 4.05123 4.12496 4.31347 4.43086 4.49315 4.49331 4.5956 4.9432 5.21379 5.75374 6.22993 6.71423 
2.52161 2.81953 3.05836 3.25618 3.31092 3.35837 3.52859 3.54583 3.69175 3.7951 3.98523 4.05123 4.09436 4.12496 4.20238 4.31347 4.43086 4.46992 4.49315 4.49331 
1.49509 2.52161 2.729 2.81953 3.05836 3.23246 3.25618 3.31092 3.35837 3.52859 3.54583 3.58809 3.69175 3.7533 3.7951 3.86092 3.98523 3.99793 4.05123 4.08428 
1.49509 2.52161 2.55452 2.729 2.81953 3.05836 3.23246 3.25618 3.31092 3.35837 3.44796 3.52859 3.54583 3.58809 3.69175 3.7533 3.79315 3.7951 3.82178 3.85145 
1.49509 2.52161 2.55452 2.729 2.81953 3.05836 3.23246 3.25618 3.30217 3.31092 3.35837 3.44796 3.52859 3.54583 3.58809 3.64305 3.69175 3.7533 3.77666 3.79315 
1.49509 2.52161 2.55452 2.729 2.81953 3.05836 3.23246 3.25618 3.30217 3.31092 3.35837 3.44796 3.52859 3.54583 3.58809 3.64305 3.69175 3.7533 3.77666 3.79315 
1.49509 2.52161 2.55452 2.729 2.81953 3.05836 3.23246 3.24159 3.25618 3.30217 3.31092 3.35837 3.44796 3.52859 3.54583 3.58809 3.64305 3.65348 3.69175 3.7533 
1.49509 2.52161 2.55452 2.729 2.81953 3.05836 3.23246 3.24159 3.25618 3.30217 3.31092 3.35837 3.44796 3.52466 3.52859 3.54583 3.58354 3.58809 3.64305 3.64924 
1.49509 2.52161 2.55452 2.729 2.81953 3.05836 3.23246 3.24159 3.25618 3.30217 3.31092 3.35837 3.44796 3.52466 3.52859 3.54583 3.58354 3.58809 3.64305 3.64924 
1.49509 2.52161 2.55452 2.729 2.81953 3.05836 3.06792 3.23246 3.24159 3.25618 3.30217 3.31092 3.35837 3.44796 3.52466 3.52859 3.54583 3.58354 3.58809 3.64305 
1.49509 2.52161 2.55452 2.729 2.81953 3.05836 3.06792 3.23246 3.24159 3.25618 3.30217 3.31092 3.35837 3.44796 3.52466 3.52859 3.54583 3.58354 3.58809 3.64305 
1.49509 2.52161 2.55452 2.729 2.81953 3.05836 3.06792 3.23246 3.24159 3.25618 3.30217 3.31092 3.35837 3.42431 3.44796 3.52466 3.52859 3.54583 3.58354 3.58809 
1.49509 2.52161 2.55452 2.729 2.81953 3.05836 3.06792 3.23246 3.24159 3.25618 3.30217 3.31092 3.35837 3.42431 3.44796 3.52466 3.52859 3.54583 3.58354 3.58809 
1.49509 2.52161 2.55452 2.729 2.81953 3.05836 3.06792 3.23246 3.24159 3.25618 3.30217 3.31092 3.35837 3.42431 3.44796 3.52466 3.52859 3.54583 3.58354 3.58809 
1.49509 2.52161 2.55452 2.729 2.81953 3.05836 3.06792 3.23246 3.24159 3.25618 3.30217 3.31092 3.35837 3.42431 3.44796 3.52466 3.52859 3.54583 3.58354 3.58809 
1.49509 2.52161 2.55452 2.729 2.81953 3.05836 3.06792 3.23246 3.24159 3.25618 3.30217 3.31092 3.35837 3.42431 3.44796 3.52466 3.52859 3.54583 3.58354 3.58809 
1.49509 2.52161 2.55452 2.729 2.81953 3.05836 3.06792 3.23246 3.24159 3.25618 3.30217 3.31092 3.35837 3.42431 3.44796 3.52466 3.52859 3.54583 3.58354 3.58809 
1.49509 2.52161 2.55452 2.729 2.81953 3.05836 3.06792 3.23246 3.24159 3.25618 3.30217 3.31092 3.35837 3.42431 3.44796 3.52466 3.52859 3.54583 3.58354 3.58809 
1.49509 2.52161 2.55452 2.729 2.81953 3.05836 3.06792 3.23246 3.24159 3.25618 3.30217 3.31092 3.35837 3.42431 3.44796 3.52466 3.52859 3.54583 3.57529 3.58354 
1.49509 2.52161 2.55452 2.729 2.81953 3.05836 3.06792 3.23246 3.24159 3.25618 3.30217 3.31092 3.35837 3.42431 3.44796 3.52466 3.52859 3.54583 3.57529 3.58354 
1.49509 2.52161 2.55452 2.729 2.81953 3.05836 3.06792 3.23246 3.24159 3.25618 3.30217 3.31092 3.35837 3.42431 3.44796 3.52466 3.52859 3.54583 3.57529 3.58354 
1.49509 2.52161 2.55452 2.729 2.81953 3.05836 3.06792 3.23246 3.24159 3.25618 3.30217 3.31092 3.35837 3.42431 3.44796 3.52466 3.52859 3.54583 3.57529 3.58354 
1.49509 2.52161 2.55452 2.729 2.81953 3.05836 3.06792 3.23246 3.24159 3.25618 3.30217 3.31092 3.35837 3.42431 3.44796 3.52466 3.52859 3.54583 3.57529 3.58354 
1.49509 2.52161 2.55452 2.729 2.81953 3.05836 3.06792 3.23246 3.24159 3.25618 3.30217 3.31092 3.35837 3.42431 3.44796 3.52466 3.52859 3.54583 3.57529 3.58354 
1.49509 2.52161 2.55452 2.729 2.81953 3.05836 3.06792 3.23246 3.24159 3.25618 3.30217 3.31092 3.35837 3.42431 3.44796 3.52466 3.52859 3.54583 3.57529 3.58354 
1.49509 2.52161 2.55452 2.729 2.81953 3.05836 3.06792 3.23246 3.24159 3.25618 3.30217 3.31092 3.35837 3.42431 3.44796 3.52466 3.52859 3.54583 3.57529 3.58354 
1.49509 2.52161 2.55452 2.729 2.81953 3.05836 3.06792 3.23246 3.24159 3.25618 3.30217 3.31092 3.35837 3.42431 3.44796 3.52466 3.52859 3.54583 3.57529 3.58354 
1.49509 2.52161 2.55452 2.729 2.81953 3.05836 3.06792 3.23246 3.24159 3.25618 3.30217 3.31092 3.35837 3.42431 3.44796 3.52466 3.52859 3.54583 3.57529 3.58354 
1.49509 2.52161 2.55452 2.729 2.81953 3.05836 3.06792 3.23246 3.24159 3.25618 3.30217 3.31092 3.35837 3.42431 3.44796 3.52466 3.52859 3.54583 3.57529 3.58354 
1.49509 2.52161 2.55452 2.729 2.81953 3.05836 3.06792 3.23246 3.24159 3.25618 3.30217 3.31092 3.35837 3.42431 3.44796 3.52466 3.52859 3.54583 3.57529 3.58354 
1.49509 2.52161 2.55452 2.729 2.81953 3.05836 3.06792 3.23246 3.24159 3.25618 3.30217 3.31092 3.35837 3.42431 3.44796 3.52466 3.52859 3.54583 3.57529 3.58354 
1.49509 2.52161 2.55452 2.729 2.81953 3.05836 3.06792 3.23246 3.24159 3.25618 3.30217 3.31092 3.35837 3.42431 3.44796 3.52466 3.52859 3.54583 3.57529 3.58354 
1.49509 2.52161 2.55452 2.729 2.81953 3.05836 3.06792 3.23246 3.24159 3.25618 3.30217 3.31092 3.35837 3.42431 3.44796 3.52466 3.52859 3.54583 3.57529 3.58354 
1.49509 2.52161 2.55452 2.729 2.81953 3.05836 3.06792 3.23246 3.24159 3.25618 3.30217 3.31092 3.35837 3.42431 3.44796 3.52466 3.52859 3.54583 3.57529 3.58354 
1.49509 2.52161 2.55452 2.729 2.81953 3.05836 3.06792 3.23246 3.24159 3.25618 3.30217 3.31092 3.35837 3.42431 3.44796 3.52466 3.52859 3.54583 3.57529 3.58354 
1.49509 2.52161 2.55452 2.729 2.81953 3.05836 3.06792 3.23246 3.24159 3.25618 3.30217 3.31092 3.35837 3.42431 3.44796 3.52466 3.52859 3.54583 3.57529 3.58354 
1.49509 2.52161 2.55452 2.729 2.81953 3.05836 3.06792 3.23246 3.24159 3.25618 3.30217 3.31092 3.35837 3.42431 3.44796 3.52466 3.52859 3.54583 3.57529 3.58354 
1.49509 2.52161 2.55452 2.729 2.81953 3.05836 3.06792 3.23246 3.24159 3.25618 3.30217 3.31092 3.35837 3.42431 3.44796 3.52466 3.52859 3.54583 3.57529 3.58354 
1.49509 2.52161 2.55452 2.729 2.81953 3.05836 3.06792 3.23246 3.24159 3.25618 3.30217 3.31092 3.35837 3.42431 3.44796 3.52466 3.52859 3.54583 3.57529 3.58354 
1.49509 2.52161 2.55452 2.729 2.81953 3.05836 3.06792 3.23246 3.24159 3.25618 3.30217 3.31092 3.35837 3.42431 3.44796 3.52466 3.52859 3.54583 3.57529 3.58354 
1.49509 2.52161 2.55452 2.729 2.81953 3.05836 3.06792 3.23246 3.24159 3.25618 3.30217 3.31092 3.35837 3.42431 3.44796 3.52466 3.52859 3.54583 3.57529 3.58354 
1.49509 2.52161 2.55452 2.729 2.81953 3.05836 3.06792 3.23246 3.24159 3.25618 3.30217 3.31092 3.35837 3.42431 3.44796 3.52466 3.52859 3.54583 3.57529 3.58354 
1.49509 2.52161 2.55452 2.729 2.81953 3.05836 3.06792 3.23246 3.24159 3.25618 3.30217 3.31092 3.35837 3.42431 3.44796 3.52466 3.52859 3.54583 3.57529 3.58354 
1.49509 2.52161 2.55452 2.729 2.81953 3.05836 3.06792 3.23246 3.24159 3.25618 3.30217 3.31092 3.35837 3.42431 3.44796 3.52466 3.52859 3.54583 3.57529 3.58354 
1.49509 2.52161 2.55452 2.729 2.81953 3.05836 3.06792 3.23246 3.24159 3.25618 3.30217 3.31092 3.35837 3.42431 3.44796 3.52466 3.52859 3.54583 3.57529 3.58354 
1.49509 2.52161 2.55452 2.729 2.81953 3.05836 3.06792 3.23246 3.24159 3.25618 3.30217 3.31092 3.35837 3.42431 3.44796 3.52466 3.52859 3.54583 3.57529 3.58354 
1.49509 2.52161 2.55452 2.729 2.81953 3.05836 3.06792 3.23246 3.24159 3.25618 3.30217 3.31092 3.35837 3.42431 3.44796 3.52466 3.52859 3.54583 3.57529 3.58354 
1.49509 2.52161 2.55452 2.729 2.81953 3.05836 3.06792 3.23246 3.24159 3.25618 3.30217 3.31092 3.35837 3.42431 3.44796 3.52466 3.52859 3.54583 3.57529 3.58354 
1.49509 2.52161 2.55452 2.729 2.81953 3.05836 3.06792 3.23246 3.24159 3.25618 3.30217 3.31092 3.35837 3.42431 3.44796 3.52466 3.52859 3.54583 3.57529 3.58354 
1.49509 2.52161 2.55452 2.729 2.81953 3.05836 3.06792 3.23246 3.24159 3.25618 3.30217 3.31092 3.35837 3.42431 3.44796 3.52466 3.52859 3.54583 3.57529 3.58354 
1.49509 2.52161 2.55452 2.729 2.81953 3.05836 3.06792 3.23246 3.24159 3.25618 3.30217 3.31092 3.35837 3.42431 3.44796 3.52466 3.52859 3.54583 3.57529 3.58354 
1.49509 2.52161 2.55452 2.729 2.81953 3.05836 3.06792 3.23246 3.24159 3.25618 3.30217 3.31092 3.35837 3.42431 3.44796 3.52466 3.52859 3.54583 3.57529 3.58354 
1.49509 2.52161 2.55452 2.729 2.81953 3.05836 3.06792 3.23246 3.24159 3.25618 3.30217 3.31092 3.35837 3.42431 3.44796 3.52466 3.52859 3.54583 3.57529 3.58354 
1.49509 2.52161 2.55452 2.729 2.81953 3.05836 3.06792 3.23246 3.24159 3.25618 3.30217 3.31092 3.35837 3.42431 3.44796 3.52466 3.52859 3.54583 3.57529 3.58354 
1.49509 2.52161 2.55452 2.729 2.81953 3.05836 3.06792 3.23246 3.24159 3.25618 3.30217 3.31092 3.35837 3.42431 3.44796 3.52466 3.52859 3.54583 3.57529 3.58354 
1.49509 2.52161 2.55452 2.729 2.81953 3.05836 3.06792 3.23246 3.24159 3.25618 3.30217 3.31092 3.35837 3.42431 3.44796 3.52466 3.52859 3.54583 3.57529 3.58354 
1.49509 2.52161 2.55452 2.729 2.81953 3.05836 3.06792 3.23246 3.24159 3.25618 3.30217 3.31092 3.35837 3.42431 3.44796 3.52466 3.52859 3.54583 3.57529 3.58354 
1.49509 2.52161 2.55452 2.729 2.81953 3.05836 3.06792 3.23246 3.24159 3.25618 3.30217 3.31092 3.35837 3.42431 3.44796 3.52466 3.52859 3.54583 3.57529 3.58354 
1.49509 2.52161 2.55452 2.729 2.81953 3.05836 3.06792 3.23246 3.24159 3.25618 3.30217 3.31092 3.35837 3.42431 3.44796 3.52466 3.52859 3.54583 3.57529 3.58354 
1.49509 2.52161 2.55452 2.729 2.81953 3.05836 3.06792 3.23246 3.24159 3.25618 3.30217 3.31092 3.35837 3.42431 3.44796 3.52466 3.52859 3.54583 3.57529 3.58354 
1.49509 2.52161 2.55452 2.729 2.81953 3.05836 3.06792 3.23246 3.24159 3.25618 3.30217 3.31092 3.35837 3.42431 3.44796 3.52466 3.52859 3.54583 3.57529 3.58354 
1.49509 2.52161 2.55452 2.729 2.81953 3.05836 3.06792 3.23246 3.24159 3.25618 3.30217 3.31092 3.35837 3.42431 3.44796 3.52466 3.52859 3.54583 3.57529 3.58354 
1.49509 2.52161 2.55452 2.729 2.81953 3.05836 3.06792 3.23246 3.24159 3.25618 3.30217 3.31092 3.35837 3.42431 3.44796 3.52466 3.52859 3.54583 3.57529 3.58354 
1.49509 2.52161 2.55452 2.729 2.81953 3.05836 3.06792 3.23246 3.24159 3.25618 3.30217 3.31092 3.35837 3.42431 3.44796 3.52466 3.52859 3.54583 3.57529 3.58354 
1.49509 2.52161 2.55452 2.729 2.81953 3.05836 3.06792 3.23246 3.24159 3.25618 3.30217 3.31092 3.35837 3.42431 3.44796 3.52466 3.52859 3.54583 3.57529 3.58354 
1.49509 2.52161 2.55452 2.729 2.81953 3.05836 3.06792 3.23246 3.24159 3.25618 3.30217 3.31092 3.35837 3.42431 3.44796 3.52466 3.52859 3.54583 3.57529 3.58354 
1.49509 2.52161 2.55452 2.729 2.81953 3.05836 3.06792 3.23246 3.24159 3.25618 3.30217 3.31092 3.35837 3.42431 3.44796 3.52466 3.52859 3.54583 3.57529 3.58354 
1.49509 2.52161 2.55452 2.729 2.81953 3.05836 3.06792 3.23246 3.24159 3.25618 3.30217 3.31092 3.35837 3.42431 3.44796 3.52466 3.52859 3.54583 3.57529 3.58354 
1.49509 2.52161 2.55452 2.729 2.81953 3.05836 3.06792 3.23246 3.24159 3.25618 3.30217 3.31092 3.35837 3.42431 3.44796 3.52466 3.52859 3.54583 3.57529 3.58354 
1.49509 2.52161 2.55452 2.729 2.81953 3.05836 3.06792 3.23246 3.24159 3.25618 3.30217 3.31092 3.35837 3.42431 3.44796 3.52466 3.52859 3.54583 3.57529 3.58354 
1.49509 2.52161 2.55452 2.729 2.81953 3.05836 3.06792 3.23246 3.24159 3.25618 3.30217 3.31092 3.35837 3.42431 3.44796 3.52466 3.52859 3.54583 3.57529 3.58354 
1.49509 2.52161 2.55452 2.729 2.81953 3.05836 3.06792 3.23246 3.24159 3.25618 3.30217 3.31092 3.35837 3.42431 3.44796 3.52466 3.52859 3.54583 3.57529 3.58354 
1.49509 2.52161 2.55452 2.729 2.81953 3.05836 3.06792 3.23246 3.24159 3.25618 3.30217 3.31092 3.35837 3.42431 3.44796 3.52466 3.52859 3.54583 3.57529 3.58354 
1.49509 2.52161 2.55452 2.729 2.81953 3.05836 3.06792 3.23246 3.24159 3.25618 3.30217 3.31092 3.35837 3.42431 3.44796 3.52466 3.52859 3.54583 3.57529 3.58354 
1.49509 2.52161 2.55452 2.729 2.81953 3.05836 3.06792 3.23246 3.24159 3.25618 3.30217 3.31092 3.35837 3.42431 3.44796 3.52466 3.52859 3.54583 3.57529 3.58354 
1.49509 2.52161 2.55452 2.729 2.81953 3.05836 3.06792 3.23246 3.24159 3.25618 3.30217 3.31092 3.35837 3.42431 3.44796 3.52466 3.52859 3.54583 3.57529 3.58354 
1.49509 2.52161 2.55452 2.729 2.81953 3.05836 3.06792 3.23246 3.24159 3.25618 3.30217 3.31092 3.35837 3.42431 3.44796 3.52466 3.52859 3.54583 3.57529 3.58354 
1.49509 2.52161 2.55452 2.729 2.81953 3.05836 3.06792 3.23246 3.24159 3.25618 3.30217 3.31092 3.35837 3.42431 3.44796 3.52466 3.52859 3.54583 3.57529 3.58354 
1.49509 2.52161 2.55452 2.729 2.81953 3.05836 3.06792 3.23246 3.24159 3.25618 3.30217 3.31092 3.35837 3.42431 3.44796 3.52466 3.52859 3.54583 3.57529 3.58354 
1.49509 2.52161 2.55452 2.729 2.81953 3.05836 3.06792 3.23246 3.24159 3.25618 3.30217 3.31092 3.35837 3.42431 3.44796 3.52466 3.52859 3.54583 3.57529 3.58354 
1.49509 2.52161 2.55452 2.729 2.81953 3.05836 3.06792 3.23246 3.24159 3.25618 3.30217 3.31092 3.35837 3.42431 3.44796 3.52466 3.52859 3.54583 3.57529 3.58354 
1.49509 2.52161 2.55452 2.729 2.81953 3.05836 3.06792 3.23246 3.24159 3.25618 3.30217 3.31092 3.35837 3.42431 3.44796 3.52466 3.52859 3.54583 3.57529 3.58354 
1.49509 2.52161 2.55452 2.729 2.81953 3.05836 3.06792 3.23246 3.24159 3.25618 3.30217 3.31092 3.35837 3.42431 3.44796 3.52466 3.52859 3.54583 3.57529 3.58354 
1.49509 2.52161 2.55452 2.729 2.81953 3.05836 3.06792 3.23246 3.24159 3.25618 3.30217 3.31092 3.35837 3.42431 3.44796 3.52466 3.52859 3.54583 3.57529 3.58354 
1.49509 2.52161 2.55452 2.729 2.81953 3.05836 3.06792 3.23246 3.24159 3.25618 3.30217 3.31092 3.35837 3.42431 3.44796 3.52466 3.52859 3.54583 3.57529 3.58354 
1.49509 2.52161 2.55452 2.729 2.81953 3.05836 3.06792 3.23246 3.24159 3.25618 3.30217 3.31092 3.35837 3.42431 3.44796 3.52466 3.52859 3.54583 3.57529 3.58354 
1.49509 2.52161 2.55452 2.729 2.81953 3.05836 3.06792 3.23246 3.24159 3.25618 3.30217 3.31092 3.35837 3.42431 3.44796 3.52466 3.52859 3.54583 3.57529 3.58354 
1.49509 2.52161 2.55452 2.729 2.81953 3.05836 3.06792 3.23246 3.24159 3.25618 3.30217 3.31092 3.35837 3.42431 3.44796 3.52466 3.52859 3.54583 3.57529 3.58354 
1.49509 2.52161 2.55452 2.729 2.81953 3.05836 3.06792 3.23246 3.24159 3.25618 3.30217 3.31092 3.35837 3.42431 3.44796 3.52466 3.52859 3.54583 3.57529 3.58354 
1.49509 2.52161 2.55452 2.729 2.81953 3.05836 3.06792 3.23246 3.24159 3.25618 3.30217 3.31092 3.35837 3.42431 3.44796 3.52466 3.52859 3.54583 3.57529 3.58354 
1.49509 2.52161 2.55452 2.729 2.81953 3.05836 3.06792 3.23246 3.24159 3.25618 3.30217 3.31092 3.35837 3.42431 3.44796 3.52466 3.52859 3.54583 3.57529 3.58354 
1.49509 2.52161 2.55452 2.729 2.81953 3.05836 3.06792 3.23246 3.24159 3.25618 3.30217 3.31092 3.35837 3.42431 3.44796 3.52466 3.52859 3.54583 3.57529 3.58354 
1.49509 2.52161 2.55452 2.729 2.81953 3.05836 3.06792 3.23246 3.24159 3.25618 3.30217 3.31092 3.35837 3.42431 3.44796 3.52466 3.52859 3.54583 3.57529 3.58354 
1.49509 2.52161 2.55452 2.729 2.81953 3.05836 3.06792 3.23246 3.24159 3.25618 3.30217 3.31092 3.35837 3.42431 3.44796 3.52466 3.52859 3.54583 3.57529 3.58354 
1.49509 2.52161 2.55452 2.729 2.81953 3.05836 3.06792 3.23246 3.24159 3.25618 3.30217 3.31092 3.35837 3.42431 3.44796 3.52466 3.52859 3.54583 3.57529 3.58354 
1.49509 2.52161 2.55452 2.729 2.81953 3.05836 3.06792 3.23246 3.24159 3.25618 3.30217 3.31092 3.35837 3.42431 3.44796 3.52466 3.52859 3.54583 3.57529 3.58354 
1.49509 2.52161 2.55452 2.729 2.81953 3.05836 3.06792 3.23246 3.24159 3.25618 3.30217 3.31092 3.35837 3.42431 3.44796 3.52466 3.52859 3.54583 3.57529 3.58354 
1.49509 2.52161 2.55452 2.729 2.81953 3.05836 3.06792 3.23246 3.24159 3.25618 3.30217 3.31092 3.35837 3.42431 3.44796 3.52466 3.52859 3.54583 3.57529 3.58354 
1.49509 2.52161 2.55452 2.729 2.81953 3.05836 3.06792 3.23246 3.24159 3.25618 3.30217 3.31092 3.35837 3.42431 3.44796 3.52466 3.52859 3.54583 3.57529 3.58354 
1.49509 2.52161 2.55452 2.729 2.81953 3.05836 3.06792 3.23246 3.24159 3.25618 3.30217 3.31092 3.35837 3.42431 3.44796 3.52466 3.52859 3.54583 3.57529 3.58354 
