1.38879 2.73539 3.62428 3.94215 3.9559 4.35106 4.45086 4.48211 5.45014 5.87656 6.1972 6.25884 6.36038 6.45465 6.48614 6.49393 6.51745 6.79364 6.93964 7.20424 
1.38879 2.65805 2.73539 3.62428 3.75003 3.94215 3.9559 4.35106 4.45086 4.48211 4.55862 5.45014 5.646 5.82442 5.84315 5.87656 6.1972 6.25884 6.36038 6.37089 
1.38879 2.65805 2.73539 3.62428 3.75003 3.94215 3.9559 4.35106 4.45086 4.48211 4.55862 5.45014 5.646 5.82442 5.84315 5.87656 6.1972 6.24017 6.25884 6.36038 
1.38879 2.65805 2.73539 3.62428 3.75003 3.94215 3.9559 4.35106 4.45086 4.48211 4.55862 5.45014 5.646 5.82442 5.84315 5.87656 6.1972 6.24017 6.25884 6.36038 
1.38879 2.65805 2.73539 3.62428 3.68163 3.75003 3.94215 3.9559 4.35106 4.45086 4.48211 4.55862 5.45014 5.646 5.82442 5.84315 5.87656 6.1972 6.24017 6.25884 
1.38879 2.65805 2.73539 3.62428 3.68163 3.75003 3.94215 3.9559 4.35106 4.45086 4.48211 4.55862 5.45014 5.646 5.82442 5.84315 5.87656 6.1972 6.24017 6.25884 
1.38879 2.65805 2.73539 3.62428 3.68163 3.73322 3.75003 3.94215 3.9559 4.35106 4.45086 4.48211 4.55862 5.45014 5.646 5.82442 5.84315 5.87656 6.1972 6.24017 
1.38879 2.65805 2.73539 3.5964 3.62428 3.68163 3.73322 3.75003 3.94215 3.9559 4.35106 4.45086 4.48211 4.55862 5.45014 5.646 5.82442 5.84315 5.87656 6.1972 
1.38879 2.65805 2.73539 3.5964 3.62428 3.68163 3.73322 3.75003 3.94215 3.9559 4.35106 4.45086 4.48211 4.55862 5.45014 5.646 5.82442 5.84315 5.87656 5.92496 
1.38879 2.65805 2.73539 3.5964 3.62428 3.68163 3.73322 3.75003 3.94215 3.9559 4.35106 4.45086 4.48211 4.55862 5.45014 5.646 5.82442 5.84315 5.87656 5.92496 
1.38879 2.65805 2.73539 3.5964 3.62428 3.68163 3.73322 3.75003 3.94215 3.9559 4.35106 4.45086 4.48211 4.55862 5.45014 5.646 5.82442 5.84315 5.87656 5.92496 
1.38879 2.65805 2.73539 3.5964 3.62428 3.68163 3.73322 3.75003 3.94215 3.9559 4.35106 4.45086 4.48211 4.55862 5.45014 5.646 5.82442 5.84315 5.87656 5.92496 
1.38879 2.65805 2.73539 3.5964 3.62428 3.68163 3.73322 3.75003 3.94215 3.9559 4.35106 4.38174 4.45086 4.48211 4.55862 5.45014 5.646 5.82442 5.84315 5.87656 
1.38879 2.65805 2.73539 3.5964 3.62428 3.68163 3.73322 3.75003 3.94215 3.9559 4.35106 4.38174 4.45086 4.48211 4.55862 5.45014 5.646 5.82442 5.84315 5.87656 
0.760613 1.38879 2.65805 2.73539 3.5964 3.62428 3.68163 3.73322 3.75003 3.94215 3.9559 4.35106 4.38174 4.45086 4.48211 4.55862 5.45014 5.646 5.82442 5.84315 
0.760613 1.38879 2.65805 2.73539 3.5964 3.62428 3.68163 3.73322 3.75003 3.94215 3.9559 4.35106 4.38174 4.45086 4.48211 4.55862 5.45014 5.646 5.82442 5.84315 
0.760613 1.38879 2.65805 2.73539 3.5964 3.62428 3.68163 3.73322 3.75003 3.94215 3.9559 4.35106 4.38174 4.45086 4.48211 4.55862 5.34318 5.45014 5.646 5.77496 
0.760613 1.15503 1.38879 1.64921 2.65805 2.73539 3.5964 3.62428 3.68163 3.73322 3.75003 3.94215 3.9559 4.35106 4.38174 4.45086 4.48211 4.55862 5.34318 5.45014 
0.760613 1.15503 1.38879 1.64921 2.65805 2.73539 3.5964 3.62428 3.68163 3.73322 3.75003 3.92473 3.94215 3.9559 4.35106 4.38174 4.45086 4.48211 4.55862 5.34318 
0.760613 1.15503 1.38879 1.64921 2.65805 2.73539 3.46939 3.5964 3.62428 3.68163 3.73322 3.75003 3.92473 3.94215 3.9559 4.35106 4.38174 4.45086 4.48211 4.55862 
0.760613 1.15503 1.38879 1.64921 2.65805 2.73539 3.46939 3.5964 3.62428 3.68163 3.73322 3.75003 3.92473 3.94215 3.9559 4.35106 4.38174 4.45086 4.48211 4.52982 
0.760613 1.15503 1.38879 1.64921 2.65805 2.73539 3.46939 3.5964 3.62428 3.68163 3.73322 3.75003 3.92473 3.94215 3.9559 4.35106 4.38174 4.45086 4.48211 4.52982 
0.760613 1.15503 1.38879 1.64921 2.65805 2.73539 3.46939 3.5964 3.62428 3.68163 3.73322 3.75003 3.85817 3.92473 3.94215 3.9559 4.35106 4.38174 4.45086 4.48211 
0.760613 1.15503 1.38879 1.64921 2.65805 2.73539 3.46939 3.5964 3.62428 3.68163 3.73322 3.75003 3.85817 3.92473 3.94215 3.9559 4.35106 4.38174 4.45086 4.48211 
0.760613 1.15503 1.38879 1.64921 2.65805 2.73539 3.31341 3.46939 3.5964 3.62428 3.68163 3.73322 3.75003 3.85817 3.92473 3.94215 3.9559 4.35106 4.38174 4.45086 
0.252523 0.760613 1.15503 1.38879 1.64921 2.60065 2.65805 2.73539 3.31341 3.46939 3.5964 3.62428 3.68163 3.73322 3.75003 3.7862 3.85817 3.92473 3.94215 3.9559 
0.252523 0.760613 1.15503 1.38879 1.64921 2.60065 2.60627 2.65805 2.73539 3.31341 3.46939 3.5964 3.62428 3.68163 3.73322 3.75003 3.7862 3.85817 3.92473 3.94215 
0.252523 0.760613 1.15503 1.38879 1.64921 2.60065 2.60627 2.65805 2.73539 3.31341 3.46939 3.5964 3.62428 3.68163 3.73322 3.75003 3.7862 3.85817 3.92473 3.94215 
0.252523 0.760613 1.15503 1.38879 1.64921 2.60065 2.60627 2.65805 2.73539 3.31341 3.46939 3.5964 3.62428 3.68163 3.68694 3.73322 3.75003 3.7862 3.85817 3.92473 
0.252523 0.760613 1.15503 1.38879 1.64921 2.43564 2.60065 2.60627 2.65805 2.73539 3.31341 3.46939 3.5964 3.62428 3.68163 3.68694 3.69115 3.73322 3.75003 3.7862 
0.252523 0.760613 1.15503 1.38879 1.64921 2.43564 2.60065 2.60627 2.65805 2.73539 3.31341 3.46939 3.5964 3.62428 3.68163 3.68694 3.69115 3.73322 3.75003 3.7862 
0.252523 0.760613 1.15503 1.38879 1.64921 2.43564 2.60065 2.60627 2.65805 2.73539 3.31341 3.46939 3.5964 3.62428 3.68163 3.68694 3.69115 3.73322 3.75003 3.7862 
0.252523 0.760613 1.15503 1.38879 1.64921 2.43564 2.60065 2.60627 2.65805 2.73539 2.82323 3.31341 3.46939 3.5964 3.62428 3.68163 3.68694 3.69115 3.73322 3.75003 
0.252523 0.760613 1.15503 1.38879 1.64921 2.43564 2.60065 2.60627 2.65805 2.65978 2.73539 2.82323 3.1552 3.31341 3.46939 3.5964 3.62428 3.68163 3.68694 3.69115 
0.252523 0.752039 0.760613 1.15503 1.38879 1.64921 2.43564 2.60065 2.60627 2.65805 2.65978 2.73539 2.82323 3.1552 3.31341 3.46939 3.5964 3.62428 3.68163 3.68694 
0.252523 0.752039 0.760613 0.923342 1.15503 1.38879 1.64921 2.43564 2.60065 2.60627 2.65805 2.65978 2.73539 2.82323 3.1552 3.31341 3.46939 3.5964 3.62428 3.68163 
0.252523 0.752039 0.760613 0.923342 0.966366 1.15503 1.38879 1.64921 2.43564 2.60065 2.60627 2.65805 2.65978 2.73539 2.82323 3.1552 3.1697 3.31341 3.45365 3.46939 
0.252523 0.752039 0.760613 0.923342 0.966366 1.15503 1.38879 1.64921 2.43564 2.60065 2.60627 2.65805 2.65978 2.73539 2.82323 3.1552 3.1697 3.31341 3.45365 3.46939 
0.252523 0.752039 0.760613 0.923342 0.966366 1.15503 1.38879 1.64921 2.43564 2.44505 2.60065 2.60627 2.65805 2.65978 2.73539 2.82323 3.1552 3.1697 3.31341 3.32583 
0.252523 0.752039 0.760613 0.923342 0.966366 1.15503 1.38879 1.64921 2.43564 2.44505 2.60065 2.60627 2.65805 2.65978 2.73539 2.82323 3.1552 3.1697 3.31341 3.32583 
0.252523 0.752039 0.760613 0.923342 0.966366 1.15503 1.38879 1.64921 2.43564 2.44505 2.60065 2.60627 2.65805 2.65978 2.73539 2.82323 3.1552 3.1697 3.31341 3.32583 
0.252523 0.752039 0.760613 0.923342 0.966366 1.09039 1.15503 1.38879 1.64921 2.25268 2.43564 2.44505 2.60065 2.60627 2.65805 2.65978 2.73539 2.82323 3.1552 3.1697 
0.252523 0.752039 0.760613 0.923342 0.966366 1.09039 1.15503 1.38879 1.64921 2.25268 2.43564 2.44505 2.60065 2.60627 2.65805 2.65978 2.73539 2.82323 3.1552 3.1697 
0.252523 0.752039 0.760613 0.923342 0.966366 1.09039 1.15503 1.38879 1.64921 2.25268 2.43564 2.44505 2.60065 2.60627 2.65805 2.65978 2.73539 2.82323 3.1552 3.1697 
0.252523 0.733852 0.752039 0.760613 0.847999 0.923342 0.966366 1.09039 1.15503 1.38879 1.64921 2.25268 2.43564 2.44505 2.60065 2.60627 2.65805 2.65978 2.7062 2.73539 
0.252523 0.733852 0.752039 0.760613 0.847999 0.923342 0.966366 1.09039 1.15503 1.38879 1.64921 1.81111 2.04664 2.25268 2.43564 2.44505 2.60065 2.60627 2.65805 2.65978 
0.252523 0.733852 0.752039 0.760613 0.847999 0.923342 0.966366 1.09039 1.15503 1.38879 1.64921 1.81111 2.04664 2.25268 2.43564 2.44505 2.60065 2.60627 2.65805 2.65978 
0.252523 0.733852 0.752039 0.760613 0.847999 0.923342 0.966366 1.09039 1.15503 1.38879 1.64921 1.81111 2.04664 2.25268 2.43564 2.44505 2.60065 2.60627 2.65805 2.65978 
0.252523 0.733852 0.752039 0.760613 0.847999 0.923342 0.966366 1.09039 1.15503 1.38879 1.64921 1.81111 2.04664 2.25268 2.43564 2.44505 2.60065 2.60627 2.65805 2.65978 
0.252523 0.733852 0.752039 0.760613 0.847999 0.923342 0.966366 1.01294 1.09039 1.15503 1.38879 1.64921 1.8029 1.81111 2.04664 2.25268 2.43564 2.44505 2.60065 2.60627 
0.252523 0.733852 0.752039 0.760613 0.847999 0.923342 0.966366 1.01294 1.09039 1.15503 1.38879 1.64921 1.8029 1.81111 2.04664 2.25268 2.39808 2.43564 2.44505 2.60065 
0.252523 0.733852 0.752039 0.760613 0.847999 0.923342 0.966366 1.01294 1.09039 1.15503 1.38879 1.64921 1.8029 1.81111 2.04664 2.25268 2.39808 2.43564 2.44505 2.60065 
0.252523 0.733852 0.752039 0.760613 0.847999 0.886636 0.923342 0.966366 1.01294 1.09039 1.15503 1.38879 1.64921 1.8029 1.81111 2.04664 2.25268 2.39808 2.43564 2.44505 
0.252523 0.733852 0.752039 0.760613 0.847999 0.886636 0.923342 0.966366 1.01294 1.09039 1.15503 1.38879 1.64921 1.8029 1.81111 2.04664 2.25268 2.39808 2.43564 2.44505 
0.252523 0.521095 0.733852 0.752039 0.760613 0.847999 0.886636 0.923342 0.966366 1.01294 1.09039 1.15503 1.38879 1.64921 1.8029 1.81111 2.04664 2.25268 2.39808 2.43564 
0.252523 0.521095 0.733852 0.752039 0.760613 0.847999 0.886636 0.923342 0.966366 1.01294 1.09039 1.15503 1.38879 1.64921 1.8029 1.81111 2.04664 2.25268 2.39808 2.43564 
0.252523 0.521095 0.733852 0.752039 0.760613 0.847999 0.886636 0.923342 0.966366 1.01294 1.09039 1.15503 1.38879 1.64921 1.8029 1.81111 2.04664 2.25268 2.39808 2.41066 
0.252523 0.521095 0.733852 0.752039 0.760613 0.847999 0.886636 0.923342 0.966366 1.01294 1.09039 1.15503 1.38879 1.40162 1.64921 1.8029 1.81111 2.04664 2.25268 2.39808 
0.252523 0.521095 0.733852 0.752039 0.760613 0.847999 0.886636 0.923342 0.966366 1.01294 1.09039 1.15503 1.38879 1.40162 1.64921 1.8029 1.80454 1.81111 2.04664 2.25268 
0.252523 0.521095 0.733852 0.752039 0.760613 0.847999 0.886636 0.923342 0.966366 1.01294 1.09039 1.15503 1.38879 1.40162 1.64921 1.8029 1.80454 1.81111 2.04664 2.25268 
0.252523 0.521095 0.733852 0.752039 0.760613 0.847999 0.886636 0.923342 0.966366 1.01294 1.09039 1.15503 1.38879 1.40162 1.64921 1.8029 1.80454 1.81111 2.04664 2.25268 
0.252523 0.521095 0.733852 0.752039 0.760613 0.847999 0.886636 0.923342 0.966366 1.01294 1.09039 1.15503 1.38879 1.40162 1.64921 1.8029 1.80454 1.81111 2.04664 2.25268 
0.252523 0.521095 0.733852 0.752039 0.760613 0.847999 0.886636 0.923342 0.966366 1.01294 1.09039 1.15503 1.38879 1.40162 1.64921 1.8029 1.80454 1.81111 2.04664 2.25268 
0.252523 0.521095 0.733852 0.752039 0.760613 0.847999 0.886636 0.908614 0.923342 0.966366 1.01294 1.07359 1.09039 1.15503 1.38879 1.40162 1.64921 1.8029 1.80454 1.81111 
0.252523 0.521095 0.733852 0.752039 0.760613 0.847999 0.886636 0.908614 0.923342 0.966366 1.01294 1.07359 1.09039 1.15503 1.38879 1.40162 1.64921 1.8029 1.80454 1.81111 
0.252523 0.521095 0.733852 0.752039 0.760613 0.847999 0.886636 0.908614 0.923342 0.966366 1.01294 1.07359 1.09039 1.15503 1.38879 1.40162 1.64921 1.8029 1.80454 1.81111 
0.252523 0.521095 0.733852 0.752039 0.760613 0.847999 0.886636 0.908614 0.923342 0.966366 1.01294 1.07359 1.09039 1.15503 1.38879 1.40162 1.64921 1.8029 1.80454 1.81111 
0.252523 0.521095 0.733852 0.752039 0.760613 0.847999 0.886636 0.908614 0.923342 0.966366 1.01294 1.07359 1.09039 1.15503 1.38879 1.40162 1.64921 1.78097 1.8029 1.80454 
0.252523 0.521095 0.733852 0.752039 0.760613 0.847999 0.886636 0.908614 0.923342 0.966366 1.01294 1.07359 1.09039 1.15503 1.38879 1.40162 1.64921 1.78097 1.8029 1.80454 
0.252523 0.521095 0.733852 0.752039 0.760613 0.847999 0.886636 0.908614 0.923342 0.966366 1.01294 1.07359 1.09039 1.15503 1.38879 1.40162 1.64921 1.78097 1.8029 1.80454 
0.252523 0.521095 0.733852 0.752039 0.760613 0.847999 0.886636 0.908614 0.923342 0.966366 1.01294 1.07359 1.09039 1.15503 1.38879 1.40162 1.64342 1.64921 1.78097 1.8029 
0.252523 0.521095 0.733852 0.752039 0.760613 0.847999 0.886636 0.908614 0.923342 0.966366 1.01294 1.07359 1.09039 1.15503 1.38879 1.40162 1.64342 1.64921 1.78097 1.8029 
0.252523 0.521095 0.733852 0.752039 0.760613 0.847999 0.886636 0.908614 0.923342 0.966366 1.01294 1.07359 1.09039 1.15503 1.38879 1.40162 1.64342 1.64921 1.78097 1.8029 
0.252523 0.521095 0.733852 0.752039 0.760613 0.847999 0.886636 0.908614 0.923342 0.966366 1.01294 1.07359 1.09039 1.15503 1.38879 1.40162 1.64342 1.64921 1.67365 1.78097 
0.252523 0.521095 0.733852 0.752039 0.760613 0.847999 0.886636 0.908614 0.923342 0.966366 1.01294 1.07359 1.09039 1.15503 1.23768 1.38879 1.40162 1.64342 1.64921 1.67365 
0.252523 0.521095 0.733852 0.752039 0.760613 0.847999 0.886636 0.908614 0.923342 0.966366 1.01294 1.07359 1.09039 1.15503 1.23768 1.3197 1.38879 1.40162 1.64342 1.64921 
0.252523 0.521095 0.733852 0.752039 0.760613 0.847999 0.886636 0.908614 0.923342 0.966366 1.01294 1.07359 1.09039 1.15503 1.23768 1.3197 1.38879 1.40162 1.64342 1.64921 
0.252523 0.521095 0.733852 0.752039 0.760613 0.847999 0.886636 0.908614 0.923342 0.966366 1.01294 1.07359 1.09039 1.15503 1.23768 1.3197 1.38879 1.40162 1.64342 1.64921 
0.252523 0.521095 0.733852 0.752039 0.760613 0.847999 0.886636 0.908614 0.923342 0.966366 1.01294 1.07359 1.09039 1.15503 1.23768 1.3197 1.38879 1.40162 1.64342 1.64921 
0.252523 0.521095 0.733852 0.752039 0.760613 0.847999 0.886636 0.908614 0.923342 0.966366 1.01294 1.07359 1.09039 1.15503 1.23768 1.3197 1.38879 1.40162 1.64342 1.64921 
0.252523 0.521095 0.733852 0.752039 0.760613 0.847999 0.886636 0.908614 0.923342 0.966366 1.01294 1.07359 1.09039 1.11876 1.15503 1.23768 1.3197 1.38879 1.40162 1.62449 
0.252523 0.521095 0.733852 0.752039 0.760613 0.847999 0.886636 0.908614 0.923342 0.966366 1.01294 1.07359 1.09039 1.11876 1.15503 1.23768 1.3197 1.38879 1.40162 1.62449 
0.252523 0.521095 0.733852 0.752039 0.760613 0.847999 0.886636 0.908614 0.923342 0.966366 1.01294 1.07359 1.09039 1.11876 1.15503 1.23768 1.3197 1.35064 1.38879 1.40162 
0.252523 0.521095 0.733852 0.752039 0.760613 0.847999 0.886636 0.908614 0.923342 0.966366 1.01294 1.07359 1.09039 1.11876 1.15503 1.23768 1.31546 1.3197 1.35064 1.38879 
0.252523 0.521095 0.713933 0.733852 0.752039 0.760613 0.847999 0.886636 0.908614 0.923342 0.966366 1.01294 1.07359 1.09039 1.11876 1.15503 1.23768 1.31546 1.3197 1.35064 
0.252523 0.521095 0.713933 0.733852 0.752039 0.760613 0.847999 0.886636 0.908614 0.923342 0.966366 1.01294 1.07359 1.09039 1.11876 1.15503 1.23768 1.31546 1.3197 1.35064 
0.252523 0.521095 0.713933 0.733852 0.752039 0.760613 0.847999 0.886636 0.908614 0.923342 0.96543 0.966366 1.01294 1.07359 1.09039 1.11876 1.15503 1.23768 1.31546 1.3197 
0.252523 0.521095 0.713933 0.733852 0.742168 0.752039 0.760613 0.847999 0.886636 0.908614 0.923342 0.96543 0.966366 1.01294 1.07359 1.09039 1.11876 1.15503 1.23768 1.31089 
0.252523 0.521095 0.713933 0.733852 0.742168 0.752039 0.760613 0.847999 0.886636 0.908614 0.923342 0.96543 0.966366 1.01294 1.07359 1.09039 1.11876 1.15503 1.19478 1.23768 
0.252523 0.521095 0.713933 0.733852 0.742168 0.752039 0.760613 0.847999 0.886636 0.908614 0.923342 0.96543 0.966366 1.01294 1.07359 1.09039 1.11876 1.15503 1.19478 1.23768 
0.252523 0.521095 0.713933 0.733852 0.742168 0.752039 0.760613 0.847999 0.870936 0.886636 0.908614 0.923342 0.96543 0.966366 1.01294 1.07359 1.09039 1.11876 1.15503 1.19478 
0.252523 0.521095 0.713933 0.733852 0.742168 0.752039 0.760613 0.847999 0.870936 0.886636 0.908614 0.923342 0.96543 0.966366 0.999314 1.01294 1.07359 1.09035 1.09039 1.11876 
0.252523 0.521095 0.713933 0.733852 0.742168 0.752039 0.760613 0.847999 0.870936 0.886636 0.908614 0.923342 0.96543 0.966366 0.999314 1.01294 1.04244 1.07359 1.09035 1.09039 
0.252523 0.521095 0.713933 0.733852 0.742168 0.752039 0.760613 0.847999 0.870936 0.886636 0.908614 0.923342 0.96543 0.966366 0.999314 1.01294 1.04244 1.07359 1.09035 1.09039 
0.252523 0.521095 0.670969 0.713933 0.733852 0.742168 0.752039 0.760613 0.847999 0.870936 0.886636 0.908614 0.923342 0.96543 0.966366 0.988216 0.999314 1.01294 1.04244 1.07359 
0.252523 0.521095 0.670969 0.713933 0.733852 0.742168 0.752039 0.760613 0.847999 0.870936 0.886636 0.908614 0.923342 0.96543 0.966366 0.988216 0.999314 1.01294 1.04244 1.07359 
0.252523 0.521095 0.566111 0.670969 0.713933 0.733852 0.742168 0.752039 0.760613 0.847999 0.870936 0.886636 0.908614 0.923342 0.96543 0.966366 0.988216 0.999314 1.01294 1.04244 
0.252523 0.521095 0.566111 0.670969 0.713933 0.733852 0.742168 0.752039 0.760613 0.847999 0.870936 0.886636 0.908614 0.923342 0.96543 0.966366 0.988216 0.999314 1.01294 1.04244 
0.252523 0.521095 0.566111 0.670969 0.713933 0.733852 0.742168 0.752039 0.760613 0.847999 0.870936 0.886636 0.908614 0.918175 0.923342 0.96543 0.966366 0.988216 0.999314 1.01294 
0.252523 0.521095 0.566111 0.670969 0.713933 0.733852 0.742168 0.752039 0.760613 0.847999 0.869249 0.870936 0.886636 0.908614 0.918175 0.923342 0.96543 0.966366 0.988216 0.999314 
