1.14019 4.18072 4.38962 4.55805 4.73262 4.93258 5.57797 5.71398 5.79011 6.07431 6.15122 6.21498 6.64721 6.91914 7.36503 7.40251 7.43453 7.52728 7.61989 7.62488 
1.14019 3.09062 3.52477 3.58828 4.18072 4.38962 4.55805 4.73262 4.93258 5.05827 5.57797 5.71398 5.79011 6.07431 6.10516 6.15122 6.21498 6.29794 6.64721 6.65402 
1.14019 3.09062 3.52477 3.58828 4.18072 4.38962 4.55805 4.56621 4.73262 4.93258 5.05827 5.57797 5.60674 5.70937 5.71398 5.79011 5.96845 6.07431 6.10516 6.15122 
1.14019 3.09062 3.52477 3.58828 4.18072 4.38962 4.55805 4.56621 4.60258 4.73262 4.75541 4.93258 5.05827 5.26528 5.57797 5.60674 5.70937 5.71398 5.79011 5.96845 
1.14019 2.71239 3.09062 3.52477 3.58828 3.89257 4.18072 4.38962 4.55805 4.56621 4.60258 4.73262 4.75541 4.93258 5.05827 5.26528 5.57797 5.60674 5.62553 5.70937 
1.14019 2.71239 3.09062 3.52477 3.58828 3.89257 4.11556 4.18072 4.38962 4.55805 4.56621 4.60258 4.73262 4.75541 4.93258 5.05827 5.26528 5.35102 5.57797 5.60674 
1.14019 2.71239 3.09062 3.52477 3.58828 3.79379 3.89257 4.11556 4.18072 4.38962 4.55805 4.56621 4.60258 4.73262 4.75541 4.93258 5.05827 5.26528 5.35102 5.57797 
1.14019 2.71239 3.01817 3.09062 3.52477 3.58828 3.69453 3.79379 3.89257 4.11556 4.18072 4.38962 4.55805 4.56395 4.56621 4.60258 4.73262 4.75541 4.93258 5.05827 
1.14019 2.71239 3.01817 3.09062 3.22191 3.33788 3.52477 3.58828 3.69453 3.79379 3.89257 4.11556 4.18072 4.38962 4.55805 4.56395 4.56621 4.60258 4.73262 4.75541 
1.14019 2.71239 3.01817 3.09062 3.22191 3.33788 3.52477 3.58828 3.63804 3.69453 3.79379 3.89257 3.9765 4.11556 4.18072 4.30672 4.38962 4.51687 4.55805 4.56395 
1.14019 2.71239 3.01817 3.09062 3.22191 3.33788 3.52477 3.58828 3.63804 3.69453 3.79009 3.79379 3.89257 3.90096 3.9765 4.11556 4.18072 4.23684 4.25371 4.30672 
1.14019 2.71239 3.01817 3.05718 3.09062 3.22191 3.33788 3.38172 3.52477 3.58828 3.63804 3.69453 3.79009 3.79379 3.80775 3.89257 3.90096 3.9765 4.11556 4.18072 
1.14019 2.71239 3.01817 3.05718 3.09062 3.22191 3.33788 3.38172 3.52477 3.58828 3.63804 3.69453 3.79009 3.79379 3.80775 3.89257 3.90096 3.9765 4.02272 4.11556 
1.14019 2.71239 2.74757 3.01817 3.05718 3.09062 3.10019 3.22191 3.27956 3.33788 3.38172 3.52477 3.56524 3.58828 3.63804 3.69453 3.79009 3.79379 3.80775 3.89257 
1.14019 2.71239 2.74757 2.80239 3.01817 3.05718 3.09062 3.10019 3.22191 3.27956 3.33788 3.38172 3.52477 3.56524 3.58828 3.63804 3.65485 3.69453 3.79009 3.79379 
1.14019 1.50329 2.71239 2.74757 2.80239 3.01817 3.05718 3.09062 3.10019 3.22191 3.27956 3.33788 3.38172 3.52477 3.56524 3.58828 3.60751 3.63804 3.65485 3.69453 
1.14019 1.50329 2.71239 2.74757 2.80239 2.80947 3.01817 3.05718 3.09062 3.10019 3.22191 3.27956 3.33788 3.38172 3.52477 3.56524 3.56777 3.58828 3.60751 3.63804 
1.14019 1.50329 2.71239 2.74757 2.80239 2.80947 3.01817 3.05718 3.09062 3.10019 3.22191 3.27956 3.33788 3.3638 3.38172 3.52477 3.56524 3.56777 3.58828 3.60751 
1.14019 1.50329 2.71239 2.74757 2.80239 2.80947 3.01817 3.05718 3.09062 3.10019 3.22191 3.27956 3.33788 3.3638 3.37664 3.38172 3.52477 3.56524 3.56777 3.58828 
1.04475 1.14019 1.50329 2.71239 2.74757 2.80239 2.80947 3.01817 3.05718 3.09062 3.10019 3.22191 3.25579 3.27705 3.27956 3.33788 3.3638 3.37664 3.38172 3.52477 
0.0900406 1.04475 1.14019 1.50329 2.71239 2.74757 2.80239 2.80947 3.01817 3.02304 3.05718 3.09062 3.10019 3.22191 3.25579 3.27705 3.27956 3.33788 3.3638 3.37664 
0.0900406 1.04475 1.14019 1.50329 2.2432 2.27834 2.66905 2.71239 2.74757 2.80239 2.80947 2.99457 3.01817 3.02304 3.05718 3.09062 3.10019 3.1604 3.22191 3.25579 
0.0900406 1.04475 1.14019 1.50329 2.2432 2.27834 2.66905 2.71239 2.74757 2.80239 2.80947 2.85856 2.99457 3.01817 3.02304 3.05718 3.09062 3.10019 3.1604 3.21708 
0.0900406 1.04475 1.14019 1.50329 2.2432 2.27834 2.66905 2.71239 2.74757 2.80239 2.80947 2.85856 2.98577 2.99457 3.01817 3.02304 3.05718 3.09062 3.10019 3.1604 
0.0900406 1.04475 1.14019 1.50329 1.61749 2.20781 2.2432 2.27834 2.34034 2.66905 2.67131 2.71239 2.74757 2.80239 2.80947 2.85856 2.9555 2.9807 2.98577 2.99457 
0.0900406 1.04475 1.14019 1.50329 1.61749 2.20781 2.2432 2.27834 2.34034 2.66905 2.67131 2.71239 2.74757 2.7905 2.80239 2.80947 2.85856 2.9555 2.9807 2.98577 
0.0900406 1.04475 1.14019 1.50329 1.61749 1.74871 2.20781 2.2432 2.27834 2.34034 2.66905 2.67131 2.71239 2.74757 2.7905 2.80239 2.80947 2.84382 2.84989 2.85856 
0.0900406 1.04475 1.14019 1.39022 1.50329 1.61749 1.74871 2.20781 2.2432 2.27834 2.34034 2.66905 2.67131 2.71239 2.74342 2.74757 2.7905 2.80239 2.80947 2.84382 
0.0900406 1.04475 1.14019 1.39022 1.50329 1.61749 1.74871 2.20781 2.2432 2.27834 2.34034 2.65923 2.66905 2.67131 2.71239 2.74342 2.74757 2.7905 2.80239 2.80947 
0.0900406 1.04475 1.14019 1.39022 1.45089 1.50329 1.61749 1.74871 2.20781 2.2432 2.27834 2.34034 2.65923 2.66905 2.67131 2.71239 2.74342 2.74757 2.7905 2.80239 
0.0900406 0.832245 1.04475 1.14019 1.29448 1.39022 1.45089 1.50329 1.61749 1.74871 2.18578 2.20781 2.2432 2.27834 2.34034 2.62713 2.65923 2.66905 2.67131 2.71239 
0.0900406 0.832245 1.04475 1.14019 1.29448 1.39022 1.45089 1.50329 1.61749 1.74871 2.0507 2.18578 2.20781 2.2432 2.27834 2.31788 2.34034 2.62713 2.65923 2.66905 
0.0900406 0.832245 1.04475 1.14019 1.29448 1.39022 1.45089 1.50329 1.61749 1.74871 2.0507 2.18578 2.20781 2.2432 2.27834 2.31788 2.34034 2.62713 2.65923 2.66905 
0.0900406 0.750596 0.832245 1.04475 1.14019 1.29448 1.39022 1.45089 1.50329 1.61749 1.74871 1.89678 2.0507 2.15985 2.18578 2.20781 2.2432 2.27834 2.31788 2.34034 
0.0900406 0.750596 0.832245 1.04475 1.14019 1.29448 1.39022 1.45089 1.50329 1.61749 1.74871 1.89678 2.0507 2.15985 2.18578 2.20781 2.2432 2.27834 2.31788 2.34034 
0.0900406 0.750596 0.769187 0.832245 1.04475 1.14019 1.29448 1.39022 1.45089 1.50329 1.55912 1.61749 1.74871 1.89678 2.0507 2.15985 2.18578 2.20781 2.2432 2.27834 
0.0900406 0.750596 0.769187 0.832245 1.04475 1.14019 1.29448 1.39022 1.45089 1.50329 1.55912 1.61749 1.74871 1.89678 2.0507 2.15985 2.18578 2.20781 2.2116 2.2432 
0.0900406 0.750596 0.769187 0.832245 1.04475 1.12623 1.14019 1.29448 1.39022 1.45089 1.50329 1.55912 1.60609 1.61749 1.74871 1.89678 2.0507 2.15985 2.18578 2.20781 
0.0900406 0.385619 0.750596 0.769187 0.832245 0.89347 1.04475 1.12623 1.14019 1.29448 1.39022 1.45089 1.45119 1.50329 1.55912 1.60609 1.61749 1.74871 1.89678 2.01291 
0.0900406 0.385619 0.750596 0.769187 0.832245 0.89347 1.04475 1.12623 1.14019 1.29448 1.39022 1.45089 1.45119 1.50329 1.55912 1.60609 1.61749 1.74871 1.89678 2.01291 
0.0900406 0.385619 0.750596 0.754553 0.760442 0.769187 0.832245 0.89347 0.906557 1.04475 1.12623 1.14019 1.29448 1.39022 1.39936 1.45089 1.45119 1.50329 1.55912 1.60609 
0.0900406 0.385619 0.440072 0.750596 0.754553 0.760442 0.769187 0.832245 0.89347 0.906557 1.04475 1.12623 1.14019 1.20961 1.29448 1.39022 1.39936 1.45089 1.45119 1.50329 
0.0900406 0.385619 0.440072 0.750596 0.754553 0.760442 0.769187 0.832245 0.89347 0.906557 1.04475 1.12623 1.14019 1.20961 1.29448 1.39022 1.39936 1.45089 1.45119 1.48163 
0.0900406 0.385619 0.440072 0.750596 0.754553 0.760442 0.769187 0.832245 0.89347 0.906557 0.924811 1.04475 1.12623 1.14019 1.18223 1.20961 1.29448 1.39022 1.39936 1.45089 
0.0900406 0.166502 0.385619 0.440072 0.750596 0.754553 0.760442 0.769187 0.832245 0.89347 0.906557 0.924811 1.04475 1.12623 1.14019 1.18223 1.20961 1.29448 1.39022 1.39936 
0.0900406 0.166502 0.242247 0.385619 0.440072 0.750596 0.754553 0.760442 0.769187 0.832245 0.89347 0.906557 0.924811 1.04475 1.12623 1.14019 1.18223 1.20961 1.29448 1.39022 
0.0900406 0.166502 0.242247 0.385619 0.440072 0.585283 0.750596 0.754553 0.760442 0.769187 0.832245 0.89347 0.906557 0.924811 1.04475 1.12623 1.14019 1.18223 1.20961 1.26175 
0.0900406 0.166502 0.242247 0.266327 0.280505 0.385619 0.440072 0.585283 0.750596 0.754553 0.760442 0.769187 0.832245 0.89347 0.906557 0.924811 1.04475 1.12623 1.14019 1.18223 
0.0900406 0.166502 0.242247 0.266327 0.280505 0.385619 0.440072 0.585283 0.750596 0.754553 0.760442 0.769187 0.825626 0.832245 0.89347 0.906557 0.924811 1.04475 1.12623 1.14019 
0.0900406 0.166502 0.242247 0.266327 0.280505 0.385619 0.440072 0.585283 0.750596 0.754553 0.760442 0.769187 0.825626 0.832245 0.89347 0.906557 0.924811 1.04475 1.12623 1.14019 
0.0900406 0.166502 0.174404 0.242247 0.266327 0.280505 0.385619 0.440072 0.585283 0.750596 0.754553 0.760442 0.769187 0.825626 0.832245 0.843755 0.89347 0.906557 0.924811 1.04475 
0.0900406 0.166502 0.174404 0.242247 0.266327 0.280505 0.385619 0.440072 0.447839 0.585283 0.708756 0.750596 0.754553 0.760442 0.769187 0.825626 0.832245 0.843755 0.89347 0.906557 
0.0900406 0.166502 0.174404 0.242247 0.266327 0.280505 0.385619 0.440072 0.447839 0.585283 0.704152 0.708756 0.729235 0.750596 0.754553 0.760442 0.769187 0.825626 0.832245 0.843755 
0.0900406 0.166502 0.174404 0.242247 0.266327 0.280505 0.296731 0.385619 0.414281 0.440072 0.447839 0.585283 0.704152 0.708756 0.729235 0.750596 0.754553 0.760442 0.769187 0.825626 
0.0900406 0.166502 0.174404 0.242247 0.266327 0.280505 0.296731 0.385619 0.414281 0.440072 0.447839 0.585283 0.704152 0.708756 0.729235 0.750596 0.754553 0.760442 0.769187 0.825626 
0.0900406 0.166502 0.174404 0.242247 0.266327 0.280505 0.296731 0.385619 0.414281 0.440072 0.447839 0.585283 0.619131 0.630477 0.704152 0.708756 0.729235 0.750596 0.754553 0.760442 
0.0900406 0.166502 0.174404 0.191072 0.242247 0.266327 0.280505 0.296731 0.385619 0.414281 0.440072 0.447839 0.585283 0.619131 0.630477 0.704152 0.708756 0.729235 0.750596 0.754553 
0.0900406 0.166502 0.174404 0.191072 0.242247 0.266327 0.280505 0.296731 0.308549 0.385619 0.414281 0.440072 0.447839 0.585283 0.619131 0.630477 0.704152 0.708756 0.729235 0.750596 
0.0900406 0.166502 0.174404 0.191072 0.242247 0.266327 0.280505 0.296731 0.308549 0.385619 0.414281 0.440072 0.447839 0.585283 0.619131 0.630477 0.704152 0.708756 0.729235 0.750596 
0.0900406 0.166502 0.174404 0.191072 0.242247 0.266327 0.280505 0.296731 0.308549 0.385619 0.414281 0.440072 0.447839 0.585283 0.619131 0.630477 0.704152 0.708756 0.729235 0.750596 
0.0900406 0.166502 0.174404 0.191072 0.242247 0.266327 0.280505 0.296731 0.308549 0.385619 0.414281 0.440072 0.447839 0.585283 0.619131 0.630477 0.704152 0.708756 0.729235 0.750596 
0.0900406 0.166502 0.174404 0.191072 0.242247 0.266327 0.280505 0.296731 0.308549 0.385619 0.414281 0.440072 0.447839 0.585283 0.619131 0.625893 0.630477 0.704152 0.708756 0.729235 
0.0900406 0.166502 0.174404 0.191072 0.242247 0.266327 0.280505 0.296731 0.308549 0.385619 0.414281 0.440072 0.447839 0.585283 0.619131 0.625893 0.630477 0.704152 0.707377 0.708756 
0.0900406 0.166502 0.174404 0.191072 0.242247 0.266327 0.280505 0.296731 0.308549 0.385619 0.414281 0.440072 0.447839 0.585283 0.619131 0.625893 0.630477 0.704152 0.707377 0.708756 
0.0900406 0.166502 0.174404 0.191072 0.242247 0.266327 0.280505 0.296731 0.308549 0.385619 0.414281 0.440072 0.447839 0.585283 0.619131 0.625893 0.630477 0.704152 0.707377 0.708756 
0.0900406 0.166502 0.174404 0.191072 0.235895 0.242247 0.266327 0.280505 0.296731 0.308549 0.385619 0.414281 0.440072 0.447839 0.585283 0.619131 0.625893 0.630477 0.704152 0.707377 
0.0900406 0.166502 0.174404 0.191072 0.235895 0.242247 0.266327 0.280505 0.296731 0.308549 0.385619 0.414281 0.440072 0.447839 0.585283 0.619131 0.625893 0.630477 0.681692 0.704152 
0.0900406 0.166502 0.174404 0.191072 0.235895 0.242247 0.266327 0.280505 0.296731 0.308549 0.385619 0.414281 0.440072 0.447839 0.585283 0.619131 0.625893 0.630477 0.681692 0.704152 
0.0900406 0.166502 0.174404 0.191072 0.235895 0.242247 0.266327 0.280505 0.296731 0.308549 0.385619 0.414281 0.440072 0.447839 0.585283 0.619131 0.625893 0.630477 0.681692 0.704152 
0.0900406 0.166502 0.174404 0.191072 0.235895 0.242247 0.266327 0.280505 0.296731 0.308549 0.385619 0.414281 0.440072 0.447839 0.585283 0.619131 0.625893 0.630477 0.681692 0.704152 
0.0900406 0.166502 0.174404 0.191072 0.235895 0.242247 0.266327 0.280505 0.296731 0.308549 0.385619 0.414281 0.440072 0.447839 0.585283 0.619131 0.625893 0.630477 0.681692 0.704152 
0.0900406 0.166502 0.174404 0.191072 0.235895 0.242247 0.266327 0.280505 0.296731 0.308549 0.385619 0.414281 0.440072 0.447839 0.585283 0.619131 0.625893 0.630477 0.681692 0.704152 
0.0900406 0.166502 0.174404 0.191072 0.235895 0.242247 0.266327 0.280505 0.296731 0.308549 0.385619 0.414281 0.440072 0.447839 0.585283 0.619131 0.625893 0.630477 0.681692 0.704152 
0.0900406 0.166502 0.174404 0.191072 0.235895 0.242247 0.266327 0.280505 0.296731 0.308549 0.385619 0.414281 0.440072 0.447839 0.585283 0.619131 0.625893 0.630477 0.681692 0.704152 
0.0900406 0.166502 0.174404 0.191072 0.235895 0.242247 0.266327 0.280505 0.296731 0.308549 0.385619 0.414281 0.440072 0.447839 0.585283 0.619131 0.625893 0.630477 0.681692 0.704152 
0.0900406 0.166502 0.174404 0.191072 0.235895 0.242247 0.266327 0.280505 0.296731 0.308549 0.385619 0.414281 0.440072 0.447839 0.585283 0.619131 0.625893 0.630477 0.681692 0.704152 
0.0900406 0.166502 0.174404 0.191072 0.235895 0.242247 0.266327 0.280505 0.296731 0.308549 0.385619 0.414281 0.440072 0.447839 0.585283 0.619131 0.625893 0.630477 0.681692 0.704152 
0.0900406 0.166502 0.174404 0.191072 0.235895 0.242247 0.266327 0.280505 0.296731 0.308549 0.385619 0.414281 0.440072 0.447839 0.585283 0.619131 0.625893 0.630477 0.681692 0.704152 
0.0900406 0.166502 0.174404 0.191072 0.235895 0.242247 0.266327 0.280505 0.296731 0.308549 0.385619 0.414281 0.440072 0.447839 0.585283 0.619131 0.625893 0.630477 0.681692 0.704152 
0.0900406 0.166502 0.174404 0.191072 0.235895 0.242247 0.266327 0.280505 0.296731 0.308549 0.385619 0.414281 0.440072 0.447839 0.585283 0.619131 0.625893 0.630477 0.681692 0.704152 
0.0900406 0.166502 0.174404 0.191072 0.235895 0.242247 0.266327 0.280505 0.296731 0.308549 0.385619 0.414281 0.440072 0.447839 0.585283 0.619131 0.625893 0.630477 0.681692 0.704152 
0.0900406 0.166502 0.174404 0.191072 0.235895 0.242247 0.266327 0.280505 0.296731 0.308549 0.385619 0.414281 0.440072 0.447839 0.585283 0.619131 0.625893 0.630477 0.681692 0.704152 
0.0900406 0.166502 0.174404 0.191072 0.235895 0.242247 0.266327 0.280505 0.296731 0.308549 0.385619 0.414281 0.440072 0.447839 0.585283 0.619131 0.625893 0.630477 0.681692 0.704152 
0.0900406 0.166502 0.174404 0.191072 0.235895 0.242247 0.266327 0.280505 0.296731 0.308549 0.385619 0.414281 0.440072 0.447839 0.585283 0.619131 0.625893 0.630477 0.681692 0.704152 
0.0900406 0.166502 0.174404 0.191072 0.235895 0.242247 0.266327 0.280505 0.296731 0.308549 0.385619 0.414281 0.440072 0.447839 0.585283 0.619131 0.625893 0.630477 0.681692 0.704152 
0.0900406 0.166502 0.174404 0.191072 0.235895 0.242247 0.266327 0.280505 0.296731 0.308549 0.385619 0.414281 0.440072 0.447839 0.585283 0.619131 0.625893 0.630477 0.681692 0.704152 
0.0900406 0.166502 0.174404 0.191072 0.235895 0.242247 0.266327 0.280505 0.296731 0.308549 0.385619 0.414281 0.440072 0.447839 0.585283 0.619131 0.625893 0.630477 0.681692 0.704152 
0.0900406 0.166502 0.174404 0.191072 0.235895 0.242247 0.266327 0.280505 0.296731 0.308549 0.385619 0.414281 0.440072 0.447839 0.585283 0.619131 0.625893 0.630477 0.681692 0.704152 
0.0900406 0.166502 0.174404 0.191072 0.235895 0.242247 0.266327 0.280505 0.296731 0.308549 0.385619 0.414281 0.440072 0.447839 0.585283 0.619131 0.625893 0.630477 0.681692 0.704152 
0.0900406 0.166502 0.174404 0.191072 0.235895 0.242247 0.266327 0.280505 0.296731 0.308549 0.385619 0.414281 0.440072 0.447839 0.585283 0.619131 0.625893 0.630477 0.681692 0.704152 
0.0900406 0.166502 0.174404 0.191072 0.235895 0.242247 0.266327 0.280505 0.296731 0.308549 0.385619 0.414281 0.440072 0.447839 0.585283 0.619131 0.625893 0.630477 0.681692 0.704152 
0.0900406 0.166502 0.174404 0.191072 0.235895 0.242247 0.266327 0.280505 0.296731 0.308549 0.385619 0.414281 0.440072 0.447839 0.585283 0.619131 0.625893 0.630477 0.681692 0.704152 
0.0900406 0.166502 0.174404 0.191072 0.235895 0.242247 0.266327 0.280505 0.296731 0.308549 0.385619 0.414281 0.440072 0.447839 0.585283 0.619131 0.625893 0.630477 0.681692 0.704152 
0.0900406 0.166502 0.174404 0.191072 0.235895 0.242247 0.266327 0.280505 0.296731 0.308549 0.385619 0.414281 0.440072 0.447839 0.585283 0.619131 0.625893 0.630477 0.681692 0.704152 
0.0900406 0.166502 0.174404 0.191072 0.235895 0.242247 0.266327 0.280505 0.296731 0.308549 0.385619 0.414281 0.440072 0.447839 0.585283 0.619131 0.625893 0.630477 0.681692 0.704152 
0.0900406 0.166502 0.174404 0.191072 0.235895 0.242247 0.266327 0.280505 0.296731 0.308549 0.385619 0.414281 0.440072 0.447839 0.585283 0.619131 0.625893 0.630477 0.681692 0.704152 
0.0900406 0.166502 0.174404 0.191072 0.235895 0.242247 0.266327 0.280505 0.296731 0.308549 0.385619 0.414281 0.440072 0.447839 0.585283 0.619131 0.625893 0.630477 0.681692 0.704152 
0.0900406 0.166502 0.174404 0.191072 0.235895 0.242247 0.266327 0.280505 0.296731 0.308549 0.385619 0.414281 0.440072 0.447839 0.585283 0.619131 0.625893 0.630477 0.681692 0.704152 
0.0900406 0.166502 0.174404 0.191072 0.235895 0.242247 0.266327 0.280505 0.296731 0.308549 0.385619 0.414281 0.440072 0.447839 0.585283 0.619131 0.625893 0.630477 0.681692 0.704152 
0.0900406 0.166502 0.174404 0.191072 0.235895 0.242247 0.266327 0.280505 0.296731 0.308549 0.385619 0.414281 0.440072 0.447839 0.585283 0.619131 0.625893 0.630477 0.681692 0.704152 
