0.799253 1.95588 2.25601 2.67332 2.98524 3.01124 3.24547 3.48072 3.54775 3.8154 3.82098 4.18894 4.36084 4.37184 4.46017 4.51995 4.62186 4.80905 5.26119 5.71838 
0.799253 1.95588 2.25601 2.67332 2.71146 2.98524 3.01124 3.24547 3.39893 3.48072 3.54775 3.8154 3.82098 3.96294 4.01894 4.07202 4.18894 4.36084 4.37184 4.46017 
0.799253 1.95588 2.25601 2.67332 2.67939 2.71146 2.98524 3.01124 3.24547 3.27529 3.39893 3.39988 3.48072 3.49008 3.54775 3.8154 3.82098 3.82427 3.96294 4.01894 
0.799253 1.95588 2.25601 2.635 2.67332 2.67939 2.71146 2.98524 3.01124 3.12125 3.14758 3.24547 3.27529 3.39893 3.39988 3.48072 3.49008 3.49724 3.51396 3.54775 
0.799253 1.95588 2.25601 2.58315 2.635 2.67332 2.67939 2.71146 2.98524 3.01124 3.12125 3.14758 3.24547 3.27529 3.39893 3.39988 3.48072 3.49008 3.49724 3.51396 
0.799253 1.95588 2.25601 2.27829 2.58315 2.635 2.67332 2.67939 2.71146 2.98524 3.01124 3.12125 3.14758 3.24547 3.27529 3.39893 3.39988 3.48072 3.49008 3.49724 
0.799253 1.95588 2.25601 2.27829 2.58315 2.635 2.67332 2.67939 2.71146 2.98524 3.01124 3.12125 3.14758 3.24547 3.27529 3.39893 3.39988 3.48072 3.49008 3.49724 
0.799253 1.95588 2.25601 2.27829 2.58315 2.635 2.67332 2.67939 2.71146 2.98524 3.01124 3.12125 3.14758 3.24547 3.27529 3.39893 3.39988 3.48072 3.49008 3.49724 
0.799253 1.95588 2.25601 2.27829 2.58315 2.635 2.67332 2.67939 2.71146 2.98524 3.01124 3.12125 3.14758 3.24547 3.27529 3.39893 3.39988 3.48072 3.49008 3.49724 
0.799253 1.95588 2.25601 2.27829 2.58315 2.635 2.67332 2.67939 2.71146 2.98524 3.01124 3.12125 3.14758 3.24547 3.27529 3.39893 3.39988 3.48072 3.49008 3.49724 
0.799253 1.95588 2.25601 2.27829 2.58315 2.635 2.67332 2.67939 2.71146 2.98524 3.01124 3.12125 3.14758 3.24547 3.27529 3.39893 3.39988 3.48072 3.49008 3.49724 
0.799253 1.95588 2.25601 2.27829 2.58315 2.635 2.67332 2.67939 2.71146 2.98524 3.01124 3.12125 3.14758 3.24547 3.27529 3.39893 3.39988 3.48072 3.49008 3.49724 
0.799253 1.95588 2.25601 2.27829 2.58315 2.635 2.67332 2.67939 2.71146 2.98524 3.01124 3.12125 3.14758 3.24547 3.27529 3.39893 3.39988 3.48072 3.49008 3.49724 
0.799253 1.95588 2.25601 2.27829 2.58315 2.635 2.67332 2.67939 2.71146 2.98524 3.01124 3.12125 3.14758 3.24547 3.27529 3.39893 3.39988 3.48072 3.49008 3.49724 
0.799253 1.95588 2.25601 2.27829 2.58315 2.635 2.67332 2.67939 2.71146 2.98524 3.01124 3.12125 3.14758 3.24547 3.27529 3.39893 3.39988 3.48072 3.49008 3.49724 
0.799253 1.95588 2.25601 2.27829 2.58315 2.635 2.67332 2.67939 2.71146 2.98524 3.01124 3.12125 3.14758 3.24547 3.27529 3.39893 3.39988 3.48072 3.49008 3.49724 
0.799253 1.95588 2.25601 2.27829 2.58315 2.635 2.67332 2.67939 2.71146 2.98524 3.01124 3.12125 3.14758 3.24547 3.27529 3.39893 3.39988 3.48072 3.49008 3.49724 
0.799253 1.95588 2.25601 2.27829 2.58315 2.635 2.67332 2.67939 2.71146 2.98524 3.01124 3.12125 3.14758 3.24547 3.27529 3.39893 3.39988 3.48072 3.49008 3.49724 
0.799253 1.95588 2.25601 2.27829 2.58315 2.635 2.67332 2.67939 2.71146 2.98524 3.01124 3.12125 3.14758 3.24547 3.27529 3.39893 3.39988 3.48072 3.49008 3.49724 
0.799253 1.95588 2.25601 2.27829 2.58315 2.635 2.67332 2.67939 2.71146 2.98524 3.01124 3.12125 3.14758 3.24547 3.27529 3.39893 3.39988 3.48072 3.49008 3.49724 
0.799253 1.95588 2.25601 2.27829 2.58315 2.635 2.67332 2.67939 2.71146 2.98524 3.01124 3.12125 3.14758 3.24547 3.27529 3.39893 3.39988 3.48072 3.49008 3.49724 
0.799253 1.95588 2.25601 2.27829 2.58315 2.635 2.67332 2.67939 2.71146 2.98524 3.01124 3.12125 3.14758 3.24547 3.27529 3.39893 3.39988 3.48072 3.49008 3.49724 
0.799253 1.95588 2.25601 2.27829 2.58315 2.635 2.67332 2.67939 2.71146 2.98524 3.01124 3.12125 3.14758 3.24547 3.27529 3.39893 3.39988 3.48072 3.49008 3.49724 
0.799253 1.95588 2.25601 2.27829 2.58315 2.635 2.67332 2.67939 2.71146 2.98524 3.01124 3.12125 3.14758 3.24547 3.27529 3.39893 3.39988 3.48072 3.49008 3.49724 
0.799253 1.95588 2.25601 2.27829 2.58315 2.635 2.67332 2.67939 2.71146 2.98524 3.01124 3.12125 3.14758 3.24547 3.27529 3.39893 3.39988 3.48072 3.49008 3.49724 
0.799253 1.95588 2.25601 2.27829 2.58315 2.635 2.67332 2.67939 2.71146 2.98524 3.01124 3.12125 3.14758 3.24547 3.27529 3.39893 3.39988 3.48072 3.49008 3.49724 
0.799253 1.95588 2.25601 2.27829 2.58315 2.635 2.67332 2.67939 2.71146 2.98524 3.01124 3.12125 3.14758 3.24547 3.27529 3.39893 3.39988 3.48072 3.49008 3.49724 
0.799253 1.95588 2.25601 2.27829 2.58315 2.635 2.67332 2.67939 2.71146 2.98524 3.01124 3.12125 3.14758 3.24547 3.27529 3.39893 3.39988 3.48072 3.49008 3.49724 
0.799253 1.95588 2.25601 2.27829 2.58315 2.635 2.67332 2.67939 2.71146 2.98524 3.01124 3.12125 3.14758 3.24547 3.27529 3.39893 3.39988 3.48072 3.49008 3.49724 
0.799253 1.95588 2.25601 2.27829 2.58315 2.635 2.67332 2.67939 2.71146 2.98524 3.01124 3.12125 3.14758 3.24547 3.27529 3.39893 3.39988 3.48072 3.49008 3.49724 
0.799253 1.95588 2.25601 2.27829 2.58315 2.635 2.67332 2.67939 2.71146 2.98524 3.01124 3.12125 3.14758 3.24547 3.27529 3.39893 3.39988 3.48072 3.49008 3.49724 
0.799253 1.95588 2.25601 2.27829 2.58315 2.635 2.67332 2.67939 2.71146 2.98524 3.01124 3.12125 3.14758 3.24547 3.27529 3.39893 3.39988 3.48072 3.49008 3.49724 
0.799253 1.95588 2.25601 2.27829 2.58315 2.635 2.67332 2.67939 2.71146 2.98524 3.01124 3.12125 3.14758 3.24547 3.27529 3.39893 3.39988 3.48072 3.49008 3.49724 
0.799253 1.95588 2.25601 2.27829 2.58315 2.635 2.67332 2.67939 2.71146 2.98524 3.01124 3.12125 3.14758 3.24547 3.27529 3.39893 3.39988 3.48072 3.49008 3.49724 
0.799253 1.95588 2.25601 2.27829 2.58315 2.635 2.67332 2.67939 2.71146 2.98524 3.01124 3.12125 3.14758 3.24547 3.27529 3.39893 3.39988 3.48072 3.49008 3.49724 
0.799253 1.95588 2.25601 2.27829 2.58315 2.635 2.67332 2.67939 2.71146 2.98524 3.01124 3.12125 3.14758 3.24547 3.27529 3.39893 3.39988 3.48072 3.49008 3.49724 
0.799253 1.95588 2.25601 2.27829 2.58315 2.635 2.67332 2.67939 2.71146 2.98524 3.01124 3.12125 3.14758 3.24547 3.27529 3.39893 3.39988 3.48072 3.49008 3.49724 
0.799253 1.95588 2.25601 2.27829 2.58315 2.635 2.67332 2.67939 2.71146 2.98524 3.01124 3.12125 3.14758 3.24547 3.27529 3.39893 3.39988 3.48072 3.49008 3.49724 
0.799253 1.95588 2.25601 2.27829 2.58315 2.635 2.67332 2.67939 2.71146 2.98524 3.01124 3.12125 3.14758 3.24547 3.27529 3.39893 3.39988 3.48072 3.49008 3.49724 
0.799253 1.95588 2.25601 2.27829 2.58315 2.635 2.67332 2.67939 2.71146 2.98524 3.01124 3.12125 3.14758 3.24547 3.27529 3.39893 3.39988 3.48072 3.49008 3.49724 
0.799253 1.95588 2.25601 2.27829 2.58315 2.635 2.67332 2.67939 2.71146 2.98524 3.01124 3.12125 3.14758 3.24547 3.27529 3.39893 3.39988 3.48072 3.49008 3.49724 
0.799253 1.95588 2.25601 2.27829 2.58315 2.635 2.67332 2.67939 2.71146 2.98524 3.01124 3.12125 3.14758 3.24547 3.27529 3.39893 3.39988 3.48072 3.49008 3.49724 
0.799253 1.95588 2.25601 2.27829 2.58315 2.635 2.67332 2.67939 2.71146 2.98524 3.01124 3.12125 3.14758 3.24547 3.27529 3.39893 3.39988 3.48072 3.49008 3.49724 
0.799253 1.95588 2.25601 2.27829 2.58315 2.635 2.67332 2.67939 2.71146 2.98524 3.01124 3.12125 3.14758 3.24547 3.27529 3.39893 3.39988 3.48072 3.49008 3.49724 
0.799253 1.95588 2.25601 2.27829 2.58315 2.635 2.67332 2.67939 2.71146 2.98524 3.01124 3.12125 3.14758 3.24547 3.27529 3.39893 3.39988 3.48072 3.49008 3.49724 
0.799253 1.95588 2.25601 2.27829 2.58315 2.635 2.67332 2.67939 2.71146 2.98524 3.01124 3.12125 3.14758 3.24547 3.27529 3.39893 3.39988 3.48072 3.49008 3.49724 
0.799253 1.95588 2.25601 2.27829 2.58315 2.635 2.67332 2.67939 2.71146 2.98524 3.01124 3.12125 3.14758 3.24547 3.27529 3.39893 3.39988 3.48072 3.49008 3.49724 
0.799253 1.95588 2.25601 2.27829 2.58315 2.635 2.67332 2.67939 2.71146 2.98524 3.01124 3.12125 3.14758 3.24547 3.27529 3.39893 3.39988 3.48072 3.49008 3.49724 
0.799253 1.95588 2.25601 2.27829 2.58315 2.635 2.67332 2.67939 2.71146 2.98524 3.01124 3.12125 3.14758 3.24547 3.27529 3.39893 3.39988 3.48072 3.49008 3.49724 
0.799253 1.95588 2.25601 2.27829 2.58315 2.635 2.67332 2.67939 2.71146 2.98524 3.01124 3.12125 3.14758 3.24547 3.27529 3.39893 3.39988 3.48072 3.49008 3.49724 
0.799253 1.95588 2.25601 2.27829 2.58315 2.635 2.67332 2.67939 2.71146 2.98524 3.01124 3.12125 3.14758 3.24547 3.27529 3.39893 3.39988 3.48072 3.49008 3.49724 
0.799253 1.95588 2.25601 2.27829 2.58315 2.635 2.67332 2.67939 2.71146 2.98524 3.01124 3.12125 3.14758 3.24547 3.27529 3.39893 3.39988 3.48072 3.49008 3.49724 
0.799253 1.95588 2.25601 2.27829 2.58315 2.635 2.67332 2.67939 2.71146 2.98524 3.01124 3.12125 3.14758 3.24547 3.27529 3.39893 3.39988 3.48072 3.49008 3.49724 
0.799253 1.95588 2.25601 2.27829 2.58315 2.635 2.67332 2.67939 2.71146 2.98524 3.01124 3.12125 3.14758 3.24547 3.27529 3.39893 3.39988 3.48072 3.49008 3.49724 
0.799253 1.95588 2.25601 2.27829 2.58315 2.635 2.67332 2.67939 2.71146 2.98524 3.01124 3.12125 3.14758 3.24547 3.27529 3.39893 3.39988 3.48072 3.49008 3.49724 
0.799253 1.95588 2.25601 2.27829 2.58315 2.635 2.67332 2.67939 2.71146 2.98524 3.01124 3.12125 3.14758 3.24547 3.27529 3.39893 3.39988 3.48072 3.49008 3.49724 
0.799253 1.95588 2.25601 2.27829 2.58315 2.635 2.67332 2.67939 2.71146 2.98524 3.01124 3.12125 3.14758 3.24547 3.27529 3.39893 3.39988 3.48072 3.49008 3.49724 
0.799253 1.95588 2.25601 2.27829 2.58315 2.635 2.67332 2.67939 2.71146 2.98524 3.01124 3.12125 3.14758 3.24547 3.27529 3.39893 3.39988 3.48072 3.49008 3.49724 
0.799253 1.95588 2.25601 2.27829 2.58315 2.635 2.67332 2.67939 2.71146 2.98524 3.01124 3.12125 3.14758 3.24547 3.27529 3.39893 3.39988 3.48072 3.49008 3.49724 
0.799253 1.95588 2.25601 2.27829 2.58315 2.635 2.67332 2.67939 2.71146 2.98524 3.01124 3.12125 3.14758 3.24547 3.27529 3.39893 3.39988 3.48072 3.49008 3.49724 
0.799253 1.95588 2.25601 2.27829 2.58315 2.635 2.67332 2.67939 2.71146 2.98524 3.01124 3.12125 3.14758 3.24547 3.27529 3.39893 3.39988 3.48072 3.49008 3.49724 
0.799253 1.95588 2.25601 2.27829 2.58315 2.635 2.67332 2.67939 2.71146 2.98524 3.01124 3.12125 3.14758 3.24547 3.27529 3.39893 3.39988 3.48072 3.49008 3.49724 
0.799253 1.95588 2.25601 2.27829 2.58315 2.635 2.67332 2.67939 2.71146 2.98524 3.01124 3.12125 3.14758 3.24547 3.27529 3.39893 3.39988 3.48072 3.49008 3.49724 
0.799253 1.95588 2.25601 2.27829 2.58315 2.635 2.67332 2.67939 2.71146 2.98524 3.01124 3.12125 3.14758 3.24547 3.27529 3.39893 3.39988 3.48072 3.49008 3.49724 
0.799253 1.95588 2.25601 2.27829 2.58315 2.635 2.67332 2.67939 2.71146 2.98524 3.01124 3.12125 3.14758 3.24547 3.27529 3.39893 3.39988 3.48072 3.49008 3.49724 
0.799253 1.95588 2.25601 2.27829 2.58315 2.635 2.67332 2.67939 2.71146 2.98524 3.01124 3.12125 3.14758 3.24547 3.27529 3.39893 3.39988 3.48072 3.49008 3.49724 
0.799253 1.95588 2.25601 2.27829 2.58315 2.635 2.67332 2.67939 2.71146 2.98524 3.01124 3.12125 3.14758 3.24547 3.27529 3.39893 3.39988 3.48072 3.49008 3.49724 
0.799253 1.95588 2.25601 2.27829 2.58315 2.635 2.67332 2.67939 2.71146 2.98524 3.01124 3.12125 3.14758 3.24547 3.27529 3.39893 3.39988 3.48072 3.49008 3.49724 
0.799253 1.95588 2.25601 2.27829 2.58315 2.635 2.67332 2.67939 2.71146 2.98524 3.01124 3.12125 3.14758 3.24547 3.27529 3.39893 3.39988 3.48072 3.49008 3.49724 
0.799253 1.95588 2.25601 2.27829 2.58315 2.635 2.67332 2.67939 2.71146 2.98524 3.01124 3.12125 3.14758 3.24547 3.27529 3.39893 3.39988 3.48072 3.49008 3.49724 
0.799253 1.95588 2.25601 2.27829 2.58315 2.635 2.67332 2.67939 2.71146 2.98524 3.01124 3.12125 3.14758 3.24547 3.27529 3.39893 3.39988 3.48072 3.49008 3.49724 
0.799253 1.95588 2.25601 2.27829 2.58315 2.635 2.67332 2.67939 2.71146 2.98524 3.01124 3.12125 3.14758 3.24547 3.27529 3.39893 3.39988 3.48072 3.49008 3.49724 
0.799253 1.95588 2.25601 2.27829 2.58315 2.635 2.67332 2.67939 2.71146 2.98524 3.01124 3.12125 3.14758 3.24547 3.27529 3.39893 3.39988 3.48072 3.49008 3.49724 
0.799253 1.95588 2.25601 2.27829 2.58315 2.635 2.67332 2.67939 2.71146 2.98524 3.01124 3.12125 3.14758 3.24547 3.27529 3.39893 3.39988 3.48072 3.49008 3.49724 
0.799253 1.95588 2.25601 2.27829 2.58315 2.635 2.67332 2.67939 2.71146 2.98524 3.01124 3.12125 3.14758 3.24547 3.27529 3.39893 3.39988 3.48072 3.49008 3.49724 
0.799253 1.95588 2.25601 2.27829 2.58315 2.635 2.67332 2.67939 2.71146 2.98524 3.01124 3.12125 3.14758 3.24547 3.27529 3.39893 3.39988 3.48072 3.49008 3.49724 
0.799253 1.95588 2.25601 2.27829 2.58315 2.635 2.67332 2.67939 2.71146 2.98524 3.01124 3.12125 3.14758 3.24547 3.27529 3.39893 3.39988 3.48072 3.49008 3.49724 
0.799253 1.95588 2.25601 2.27829 2.58315 2.635 2.67332 2.67939 2.71146 2.98524 3.01124 3.12125 3.14758 3.24547 3.27529 3.39893 3.39988 3.48072 3.49008 3.49724 
0.799253 1.95588 2.25601 2.27829 2.58315 2.635 2.67332 2.67939 2.71146 2.98524 3.01124 3.12125 3.14758 3.24547 3.27529 3.39893 3.39988 3.48072 3.49008 3.49724 
0.799253 1.95588 2.25601 2.27829 2.58315 2.635 2.67332 2.67939 2.71146 2.98524 3.01124 3.12125 3.14758 3.24547 3.27529 3.39893 3.39988 3.48072 3.49008 3.49724 
0.799253 1.95588 2.25601 2.27829 2.58315 2.635 2.67332 2.67939 2.71146 2.98524 3.01124 3.12125 3.14758 3.24547 3.27529 3.39893 3.39988 3.48072 3.49008 3.49724 
0.799253 1.95588 2.25601 2.27829 2.58315 2.635 2.67332 2.67939 2.71146 2.98524 3.01124 3.12125 3.14758 3.24547 3.27529 3.39893 3.39988 3.48072 3.49008 3.49724 
0.799253 1.95588 2.25601 2.27829 2.58315 2.635 2.67332 2.67939 2.71146 2.98524 3.01124 3.12125 3.14758 3.24547 3.27529 3.39893 3.39988 3.48072 3.49008 3.49724 
0.799253 1.95588 2.25601 2.27829 2.58315 2.635 2.67332 2.67939 2.71146 2.98524 3.01124 3.12125 3.14758 3.24547 3.27529 3.39893 3.39988 3.48072 3.49008 3.49724 
0.799253 1.95588 2.25601 2.27829 2.58315 2.635 2.67332 2.67939 2.71146 2.98524 3.01124 3.12125 3.14758 3.24547 3.27529 3.39893 3.39988 3.48072 3.49008 3.49724 
0.799253 1.95588 2.25601 2.27829 2.58315 2.635 2.67332 2.67939 2.71146 2.98524 3.01124 3.12125 3.14758 3.24547 3.27529 3.39893 3.39988 3.48072 3.49008 3.49724 
0.799253 1.95588 2.25601 2.27829 2.58315 2.635 2.67332 2.67939 2.71146 2.98524 3.01124 3.12125 3.14758 3.24547 3.27529 3.39893 3.39988 3.48072 3.49008 3.49724 
0.799253 1.95588 2.25601 2.27829 2.58315 2.635 2.67332 2.67939 2.71146 2.98524 3.01124 3.12125 3.14758 3.24547 3.27529 3.39893 3.39988 3.48072 3.49008 3.49724 
0.799253 1.95588 2.25601 2.27829 2.58315 2.635 2.67332 2.67939 2.71146 2.98524 3.01124 3.12125 3.14758 3.24547 3.27529 3.39893 3.39988 3.48072 3.49008 3.49724 
0.799253 1.95588 2.25601 2.27829 2.58315 2.635 2.67332 2.67939 2.71146 2.98524 3.01124 3.12125 3.14758 3.24547 3.27529 3.39893 3.39988 3.48072 3.49008 3.49724 
0.799253 1.95588 2.25601 2.27829 2.58315 2.635 2.67332 2.67939 2.71146 2.98524 3.01124 3.12125 3.14758 3.24547 3.27529 3.39893 3.39988 3.48072 3.49008 3.49724 
0.799253 1.95588 2.25601 2.27829 2.58315 2.635 2.67332 2.67939 2.71146 2.98524 3.01124 3.12125 3.14758 3.24547 3.27529 3.39893 3.39988 3.48072 3.49008 3.49724 
0.799253 1.95588 2.25601 2.27829 2.58315 2.635 2.67332 2.67939 2.71146 2.98524 3.01124 3.12125 3.14758 3.24547 3.27529 3.39893 3.39988 3.48072 3.49008 3.49724 
0.799253 1.95588 2.25601 2.27829 2.58315 2.635 2.67332 2.67939 2.71146 2.98524 3.01124 3.12125 3.14758 3.24547 3.27529 3.39893 3.39988 3.48072 3.49008 3.49724 
0.799253 1.95588 2.25601 2.27829 2.58315 2.635 2.67332 2.67939 2.71146 2.98524 3.01124 3.12125 3.14758 3.24547 3.27529 3.39893 3.39988 3.48072 3.49008 3.49724 
0.799253 1.95588 2.25601 2.27829 2.58315 2.635 2.67332 2.67939 2.71146 2.98524 3.01124 3.12125 3.14758 3.24547 3.27529 3.39893 3.39988 3.48072 3.49008 3.49724 
0.799253 1.95588 2.25601 2.27829 2.58315 2.635 2.67332 2.67939 2.71146 2.98524 3.01124 3.12125 3.14758 3.24547 3.27529 3.39893 3.39988 3.48072 3.49008 3.49724 
0.799253 1.95588 2.25601 2.27829 2.58315 2.635 2.67332 2.67939 2.71146 2.98524 3.01124 3.12125 3.14758 3.24547 3.27529 3.39893 3.39988 3.48072 3.49008 3.49724 
0.799253 1.95588 2.25601 2.27829 2.58315 2.635 2.67332 2.67939 2.71146 2.98524 3.01124 3.12125 3.14758 3.24547 3.27529 3.39893 3.39988 3.48072 3.49008 3.49724 
0.799253 1.95588 2.25601 2.27829 2.58315 2.635 2.67332 2.67939 2.71146 2.98524 3.01124 3.12125 3.14758 3.24547 3.27529 3.39893 3.39988 3.48072 3.49008 3.49724 
