2.10246 2.33246 2.89021 3.33672 3.39842 3.40109 3.57229 3.58545 3.69929 3.86099 3.91491 4.28107 4.3215 4.35019 4.36294 4.3894 4.41699 4.52282 4.54728 5.73387 
1.68091 2.10246 2.33246 2.89021 3.22882 3.33672 3.39842 3.39938 3.40109 3.57229 3.58545 3.69929 3.83599 3.86099 3.86304 3.91491 4.08442 4.24796 4.28107 4.3215 
1.68091 2.10246 2.33246 2.89021 3.22882 3.33672 3.39842 3.39938 3.40109 3.57229 3.58545 3.69894 3.69929 3.83599 3.84003 3.86099 3.86304 3.91491 3.99589 4.08442 
1.68091 2.10246 2.33246 2.89021 3.22882 3.25922 3.27106 3.33672 3.39842 3.39938 3.40109 3.45361 3.57229 3.58545 3.69894 3.69929 3.83599 3.84003 3.86099 3.86304 
1.68091 1.70761 2.10246 2.33246 2.89021 3.22882 3.25922 3.27106 3.33672 3.39842 3.39938 3.40109 3.45361 3.57229 3.58545 3.66253 3.69894 3.69929 3.83599 3.84003 
1.68091 1.70761 2.10246 2.33246 2.89021 3.22882 3.25922 3.27106 3.33672 3.39842 3.39938 3.40109 3.45361 3.57229 3.58545 3.66253 3.67072 3.69894 3.69929 3.83599 
1.68091 1.70761 2.10246 2.33246 2.89021 3.22882 3.25922 3.27106 3.33672 3.39842 3.39938 3.40109 3.45361 3.57229 3.58545 3.61508 3.63734 3.66253 3.67072 3.69894 
1.68091 1.70761 2.10246 2.33246 2.74055 2.89021 3.22882 3.25922 3.27106 3.33672 3.39842 3.39938 3.40109 3.45361 3.57229 3.58545 3.59847 3.61508 3.63734 3.66253 
1.68091 1.70761 2.10246 2.33246 2.74055 2.89021 3.22882 3.25922 3.27106 3.33672 3.39842 3.39938 3.40109 3.45361 3.57229 3.58545 3.59847 3.61508 3.63734 3.65766 
1.68091 1.70761 2.10246 2.33246 2.74055 2.89021 3.22882 3.25922 3.27106 3.33672 3.39842 3.39938 3.40109 3.45361 3.57229 3.58545 3.59847 3.61508 3.63734 3.65766 
1.68091 1.70761 2.10246 2.33246 2.74055 2.89021 3.22882 3.25922 3.27106 3.33672 3.39842 3.39938 3.40109 3.43457 3.45361 3.57229 3.58545 3.59847 3.61508 3.63734 
1.68091 1.70761 2.10246 2.33246 2.74055 2.89021 3.22882 3.25922 3.27106 3.33672 3.39842 3.39938 3.40109 3.43457 3.45361 3.57229 3.58545 3.59847 3.61508 3.63734 
1.68091 1.70761 2.10246 2.33246 2.74055 2.89021 3.22882 3.25922 3.27106 3.33672 3.39842 3.39938 3.40109 3.43457 3.45361 3.57229 3.58545 3.59847 3.61508 3.63734 
1.68091 1.70761 2.10246 2.33246 2.74055 2.89021 3.22882 3.25922 3.27106 3.33672 3.39842 3.39938 3.40109 3.43457 3.45361 3.57229 3.58545 3.59497 3.59847 3.61508 
1.68091 1.70761 2.10246 2.33246 2.74055 2.89021 3.22882 3.25922 3.27106 3.33672 3.39842 3.39938 3.40109 3.43457 3.45361 3.57229 3.58545 3.59497 3.59847 3.61508 
1.68091 1.70761 2.10246 2.33246 2.74055 2.89021 3.22882 3.25922 3.27106 3.33672 3.39842 3.39938 3.40109 3.43457 3.45361 3.57229 3.58545 3.59497 3.59847 3.61508 
1.68091 1.70761 2.10246 2.33246 2.74055 2.89021 3.22882 3.25922 3.27106 3.33672 3.39842 3.39938 3.40109 3.43457 3.45361 3.57229 3.58545 3.59497 3.59847 3.61508 
1.68091 1.70761 2.10246 2.33246 2.74055 2.89021 3.22882 3.25922 3.27106 3.33672 3.39842 3.39938 3.40109 3.43457 3.45361 3.57229 3.58545 3.59497 3.59847 3.61508 
1.68091 1.70761 2.10246 2.33246 2.74055 2.89021 3.22882 3.25922 3.27106 3.33672 3.39842 3.39938 3.40109 3.43457 3.45361 3.57229 3.58545 3.59497 3.59847 3.61508 
1.68091 1.70761 2.10246 2.33246 2.74055 2.89021 3.22882 3.25922 3.27106 3.33672 3.39842 3.39938 3.40109 3.43457 3.45361 3.57229 3.58545 3.59497 3.59847 3.61508 
1.68091 1.70761 2.10246 2.33246 2.74055 2.89021 3.22882 3.25922 3.27106 3.33672 3.39842 3.39938 3.40109 3.43457 3.45361 3.57229 3.58545 3.59497 3.59847 3.61508 
1.68091 1.70761 2.10246 2.33246 2.74055 2.89021 3.22882 3.25922 3.27106 3.33672 3.39842 3.39938 3.40109 3.43457 3.45361 3.57229 3.58545 3.59497 3.59847 3.61508 
1.68091 1.70761 2.10246 2.33246 2.74055 2.89021 3.22882 3.25922 3.27106 3.33672 3.39842 3.39938 3.40109 3.43457 3.45361 3.57229 3.58545 3.59497 3.59847 3.61508 
1.68091 1.70761 2.10246 2.33246 2.74055 2.89021 3.22882 3.25922 3.27106 3.33672 3.39842 3.39938 3.40109 3.43457 3.45361 3.57229 3.58545 3.59497 3.59847 3.61508 
1.68091 1.70761 2.10246 2.33246 2.74055 2.89021 3.22882 3.25922 3.27106 3.33672 3.39842 3.39938 3.40109 3.43457 3.45361 3.57229 3.58545 3.59497 3.59847 3.61508 
1.68091 1.70761 2.10246 2.33246 2.74055 2.89021 3.22882 3.25922 3.27106 3.33672 3.39842 3.39938 3.40109 3.43457 3.45361 3.57229 3.58545 3.59497 3.59847 3.61508 
1.68091 1.70761 2.10246 2.33246 2.74055 2.89021 3.22882 3.25922 3.27106 3.33672 3.39842 3.39938 3.40109 3.43457 3.45361 3.57229 3.58545 3.59497 3.59847 3.61508 
1.68091 1.70761 2.10246 2.33246 2.74055 2.89021 3.22882 3.25922 3.27106 3.33672 3.39842 3.39938 3.40109 3.43457 3.45361 3.57229 3.58545 3.59497 3.59847 3.61508 
1.68091 1.70761 2.10246 2.33246 2.74055 2.89021 3.22882 3.25922 3.27106 3.33672 3.39842 3.39938 3.40109 3.43457 3.45361 3.57229 3.58545 3.59497 3.59847 3.61508 
1.68091 1.70761 2.10246 2.33246 2.74055 2.89021 3.22882 3.25922 3.27106 3.33672 3.39842 3.39938 3.40109 3.43457 3.45361 3.57229 3.58545 3.59497 3.59847 3.61508 
1.68091 1.70761 2.10246 2.33246 2.74055 2.89021 3.22882 3.25922 3.27106 3.33672 3.39842 3.39938 3.40109 3.43457 3.45361 3.57229 3.58545 3.59497 3.59847 3.61508 
1.68091 1.70761 2.10246 2.33246 2.74055 2.89021 3.22882 3.25922 3.27106 3.33672 3.39842 3.39938 3.40109 3.43457 3.45361 3.57229 3.58545 3.59497 3.59847 3.61508 
1.68091 1.70761 2.10246 2.33246 2.74055 2.89021 3.22882 3.25922 3.27106 3.33672 3.39842 3.39938 3.40109 3.43457 3.45361 3.57229 3.58545 3.59497 3.59847 3.61508 
1.68091 1.70761 2.10246 2.33246 2.74055 2.89021 3.22882 3.25922 3.27106 3.33672 3.39842 3.39938 3.40109 3.43457 3.45361 3.57229 3.58545 3.59497 3.59847 3.61508 
1.68091 1.70761 2.10246 2.33246 2.74055 2.89021 3.22882 3.25922 3.27106 3.33672 3.39842 3.39938 3.40109 3.43457 3.45361 3.57229 3.58545 3.59497 3.59847 3.61508 
1.68091 1.70761 2.10246 2.33246 2.74055 2.89021 3.22882 3.25922 3.27106 3.33672 3.39842 3.39938 3.40109 3.43457 3.45361 3.57229 3.58545 3.59497 3.59847 3.61508 
1.68091 1.70761 2.10246 2.33246 2.74055 2.89021 3.22882 3.25922 3.27106 3.33672 3.39842 3.39938 3.40109 3.43457 3.45361 3.57229 3.58545 3.59497 3.59847 3.61508 
1.68091 1.70761 2.10246 2.33246 2.74055 2.89021 3.22882 3.25922 3.27106 3.33672 3.39842 3.39938 3.40109 3.43457 3.45361 3.57229 3.58545 3.59497 3.59847 3.61508 
1.68091 1.70761 2.10246 2.33246 2.74055 2.89021 3.22882 3.25922 3.27106 3.33672 3.39842 3.39938 3.40109 3.43457 3.45361 3.57229 3.58545 3.59497 3.59847 3.61508 
1.68091 1.70761 2.10246 2.33246 2.74055 2.89021 3.22882 3.25922 3.27106 3.33672 3.39842 3.39938 3.40109 3.43457 3.45361 3.57229 3.58545 3.59497 3.59847 3.61508 
1.68091 1.70761 2.10246 2.33246 2.74055 2.89021 3.22882 3.25922 3.27106 3.33672 3.39842 3.39938 3.40109 3.43457 3.45361 3.57229 3.58545 3.59497 3.59847 3.61508 
1.68091 1.70761 2.10246 2.33246 2.74055 2.89021 3.22882 3.25922 3.27106 3.33672 3.39842 3.39938 3.40109 3.43457 3.45361 3.57229 3.58545 3.59497 3.59847 3.61508 
1.68091 1.70761 2.10246 2.33246 2.74055 2.89021 3.22882 3.25922 3.27106 3.33672 3.39842 3.39938 3.40109 3.43457 3.45361 3.57229 3.58545 3.59497 3.59847 3.61508 
1.68091 1.70761 2.10246 2.33246 2.74055 2.89021 3.22882 3.25922 3.27106 3.33672 3.39842 3.39938 3.40109 3.43457 3.45361 3.57229 3.58545 3.59497 3.59847 3.61508 
1.68091 1.70761 2.10246 2.33246 2.74055 2.89021 3.22882 3.25922 3.27106 3.33672 3.39842 3.39938 3.40109 3.43457 3.45361 3.57229 3.58545 3.59497 3.59847 3.61508 
1.68091 1.70761 2.10246 2.33246 2.74055 2.89021 3.22882 3.25922 3.27106 3.33672 3.39842 3.39938 3.40109 3.43457 3.45361 3.57229 3.58545 3.59497 3.59847 3.61508 
1.68091 1.70761 2.10246 2.33246 2.74055 2.89021 3.22882 3.25922 3.27106 3.33672 3.39842 3.39938 3.40109 3.43457 3.45361 3.57229 3.58545 3.59497 3.59847 3.61508 
1.68091 1.70761 2.10246 2.33246 2.74055 2.89021 3.22882 3.25922 3.27106 3.33672 3.39842 3.39938 3.40109 3.43457 3.45361 3.57229 3.58545 3.59497 3.59847 3.61508 
1.68091 1.70761 2.10246 2.33246 2.74055 2.89021 3.22882 3.25922 3.27106 3.33672 3.39842 3.39938 3.40109 3.43457 3.45361 3.57229 3.58545 3.59497 3.59847 3.61508 
1.68091 1.70761 2.10246 2.33246 2.74055 2.89021 3.22882 3.25922 3.27106 3.33672 3.39842 3.39938 3.40109 3.43457 3.45361 3.57229 3.58545 3.59497 3.59847 3.61508 
1.68091 1.70761 2.10246 2.33246 2.74055 2.89021 3.22882 3.25922 3.27106 3.33672 3.39842 3.39938 3.40109 3.43457 3.45361 3.57229 3.58545 3.59497 3.59847 3.61508 
1.68091 1.70761 2.10246 2.33246 2.74055 2.89021 3.22882 3.25922 3.27106 3.33672 3.39842 3.39938 3.40109 3.43457 3.45361 3.57229 3.58545 3.59497 3.59847 3.61508 
1.68091 1.70761 2.10246 2.33246 2.74055 2.89021 3.22882 3.25922 3.27106 3.33672 3.39842 3.39938 3.40109 3.43457 3.45361 3.57229 3.58545 3.59497 3.59847 3.61508 
1.68091 1.70761 2.10246 2.33246 2.74055 2.89021 3.22882 3.25922 3.27106 3.33672 3.39842 3.39938 3.40109 3.43457 3.45361 3.57229 3.58545 3.59497 3.59847 3.61508 
1.68091 1.70761 2.10246 2.33246 2.74055 2.89021 3.22882 3.25922 3.27106 3.33672 3.39842 3.39938 3.40109 3.43457 3.45361 3.57229 3.58545 3.59497 3.59847 3.61508 
1.68091 1.70761 2.10246 2.33246 2.74055 2.89021 3.22882 3.25922 3.27106 3.33672 3.39842 3.39938 3.40109 3.43457 3.45361 3.57229 3.58545 3.59497 3.59847 3.61508 
1.68091 1.70761 2.10246 2.33246 2.74055 2.89021 3.22882 3.25922 3.27106 3.33672 3.39842 3.39938 3.40109 3.43457 3.45361 3.57229 3.58545 3.59497 3.59847 3.61508 
1.68091 1.70761 2.10246 2.33246 2.74055 2.89021 3.22882 3.25922 3.27106 3.33672 3.39842 3.39938 3.40109 3.43457 3.45361 3.57229 3.58545 3.59497 3.59847 3.61508 
1.68091 1.70761 2.10246 2.33246 2.74055 2.89021 3.22882 3.25922 3.27106 3.33672 3.39842 3.39938 3.40109 3.43457 3.45361 3.57229 3.58545 3.59497 3.59847 3.61508 
1.68091 1.70761 2.10246 2.33246 2.74055 2.89021 3.22882 3.25922 3.27106 3.33672 3.39842 3.39938 3.40109 3.43457 3.45361 3.57229 3.58545 3.59497 3.59847 3.61508 
1.68091 1.70761 2.10246 2.33246 2.74055 2.89021 3.22882 3.25922 3.27106 3.33672 3.39842 3.39938 3.40109 3.43457 3.45361 3.57229 3.58545 3.59497 3.59847 3.61508 
1.68091 1.70761 2.10246 2.33246 2.74055 2.89021 3.22882 3.25922 3.27106 3.33672 3.39842 3.39938 3.40109 3.43457 3.45361 3.57229 3.58545 3.59497 3.59847 3.61508 
1.68091 1.70761 2.10246 2.33246 2.74055 2.89021 3.22882 3.25922 3.27106 3.33672 3.39842 3.39938 3.40109 3.43457 3.45361 3.57229 3.58545 3.59497 3.59847 3.61508 
1.68091 1.70761 2.10246 2.33246 2.74055 2.89021 3.22882 3.25922 3.27106 3.33672 3.39842 3.39938 3.40109 3.43457 3.45361 3.57229 3.58545 3.59497 3.59847 3.61508 
1.68091 1.70761 2.10246 2.33246 2.74055 2.89021 3.22882 3.25922 3.27106 3.33672 3.39842 3.39938 3.40109 3.43457 3.45361 3.57229 3.58545 3.59497 3.59847 3.61508 
1.68091 1.70761 2.10246 2.33246 2.74055 2.89021 3.22882 3.25922 3.27106 3.33672 3.39842 3.39938 3.40109 3.43457 3.45361 3.57229 3.58545 3.59497 3.59847 3.61508 
1.68091 1.70761 2.10246 2.33246 2.74055 2.89021 3.22882 3.25922 3.27106 3.33672 3.39842 3.39938 3.40109 3.43457 3.45361 3.57229 3.58545 3.59497 3.59847 3.61508 
1.68091 1.70761 2.10246 2.33246 2.74055 2.89021 3.22882 3.25922 3.27106 3.33672 3.39842 3.39938 3.40109 3.43457 3.45361 3.57229 3.58545 3.59497 3.59847 3.61508 
1.68091 1.70761 2.10246 2.33246 2.74055 2.89021 3.22882 3.25922 3.27106 3.33672 3.39842 3.39938 3.40109 3.43457 3.45361 3.57229 3.58545 3.59497 3.59847 3.61508 
1.68091 1.70761 2.10246 2.33246 2.74055 2.89021 3.22882 3.25922 3.27106 3.33672 3.39842 3.39938 3.40109 3.43457 3.45361 3.57229 3.58545 3.59497 3.59847 3.61508 
1.68091 1.70761 2.10246 2.33246 2.74055 2.89021 3.22882 3.25922 3.27106 3.33672 3.39842 3.39938 3.40109 3.43457 3.45361 3.57229 3.58545 3.59497 3.59847 3.61508 
1.68091 1.70761 2.10246 2.33246 2.74055 2.89021 3.22882 3.25922 3.27106 3.33672 3.39842 3.39938 3.40109 3.43457 3.45361 3.57229 3.58545 3.59497 3.59847 3.61508 
1.68091 1.70761 2.10246 2.33246 2.74055 2.89021 3.22882 3.25922 3.27106 3.33672 3.39842 3.39938 3.40109 3.43457 3.45361 3.57229 3.58545 3.59497 3.59847 3.61508 
1.68091 1.70761 2.10246 2.33246 2.74055 2.89021 3.22882 3.25922 3.27106 3.33672 3.39842 3.39938 3.40109 3.43457 3.45361 3.57229 3.58545 3.59497 3.59847 3.61508 
1.68091 1.70761 2.10246 2.33246 2.74055 2.89021 3.22882 3.25922 3.27106 3.33672 3.39842 3.39938 3.40109 3.43457 3.45361 3.57229 3.58545 3.59497 3.59847 3.61508 
1.68091 1.70761 2.10246 2.33246 2.74055 2.89021 3.22882 3.25922 3.27106 3.33672 3.39842 3.39938 3.40109 3.43457 3.45361 3.57229 3.58545 3.59497 3.59847 3.61508 
1.68091 1.70761 2.10246 2.33246 2.74055 2.89021 3.22882 3.25922 3.27106 3.33672 3.39842 3.39938 3.40109 3.43457 3.45361 3.57229 3.58545 3.59497 3.59847 3.61508 
1.68091 1.70761 2.10246 2.33246 2.74055 2.89021 3.22882 3.25922 3.27106 3.33672 3.39842 3.39938 3.40109 3.43457 3.45361 3.57229 3.58545 3.59497 3.59847 3.61508 
1.68091 1.70761 2.10246 2.33246 2.74055 2.89021 3.22882 3.25922 3.27106 3.33672 3.39842 3.39938 3.40109 3.43457 3.45361 3.57229 3.58545 3.59497 3.59847 3.61508 
1.68091 1.70761 2.10246 2.33246 2.74055 2.89021 3.22882 3.25922 3.27106 3.33672 3.39842 3.39938 3.40109 3.43457 3.45361 3.57229 3.58545 3.59497 3.59847 3.61508 
1.68091 1.70761 2.10246 2.33246 2.74055 2.89021 3.22882 3.25922 3.27106 3.33672 3.39842 3.39938 3.40109 3.43457 3.45361 3.57229 3.58545 3.59497 3.59847 3.61508 
1.68091 1.70761 2.10246 2.33246 2.74055 2.89021 3.22882 3.25922 3.27106 3.33672 3.39842 3.39938 3.40109 3.43457 3.45361 3.57229 3.58545 3.59497 3.59847 3.61508 
1.68091 1.70761 2.10246 2.33246 2.74055 2.89021 3.22882 3.25922 3.27106 3.33672 3.39842 3.39938 3.40109 3.43457 3.45361 3.57229 3.58545 3.59497 3.59847 3.61508 
1.68091 1.70761 2.10246 2.33246 2.74055 2.89021 3.22882 3.25922 3.27106 3.33672 3.39842 3.39938 3.40109 3.43457 3.45361 3.57229 3.58545 3.59497 3.59847 3.61508 
1.68091 1.70761 2.10246 2.33246 2.74055 2.89021 3.22882 3.25922 3.27106 3.33672 3.39842 3.39938 3.40109 3.43457 3.45361 3.57229 3.58545 3.59497 3.59847 3.61508 
1.68091 1.70761 2.10246 2.33246 2.74055 2.89021 3.22882 3.25922 3.27106 3.33672 3.39842 3.39938 3.40109 3.43457 3.45361 3.57229 3.58545 3.59497 3.59847 3.61508 
1.68091 1.70761 2.10246 2.33246 2.74055 2.89021 3.22882 3.25922 3.27106 3.33672 3.39842 3.39938 3.40109 3.43457 3.45361 3.57229 3.58545 3.59497 3.59847 3.61508 
1.68091 1.70761 2.10246 2.33246 2.74055 2.89021 3.22882 3.25922 3.27106 3.33672 3.39842 3.39938 3.40109 3.43457 3.45361 3.57229 3.58545 3.59497 3.59847 3.61508 
1.68091 1.70761 2.10246 2.33246 2.74055 2.89021 3.22882 3.25922 3.27106 3.33672 3.39842 3.39938 3.40109 3.43457 3.45361 3.57229 3.58545 3.59497 3.59847 3.61508 
1.68091 1.70761 2.10246 2.33246 2.74055 2.89021 3.22882 3.25922 3.27106 3.33672 3.39842 3.39938 3.40109 3.43457 3.45361 3.57229 3.58545 3.59497 3.59847 3.61508 
1.68091 1.70761 2.10246 2.33246 2.74055 2.89021 3.22882 3.25922 3.27106 3.33672 3.39842 3.39938 3.40109 3.43457 3.45361 3.57229 3.58545 3.59497 3.59847 3.61508 
1.68091 1.70761 2.10246 2.33246 2.74055 2.89021 3.22882 3.25922 3.27106 3.33672 3.39842 3.39938 3.40109 3.43457 3.45361 3.57229 3.58545 3.59497 3.59847 3.61508 
1.68091 1.70761 2.10246 2.33246 2.74055 2.89021 3.22882 3.25922 3.27106 3.33672 3.39842 3.39938 3.40109 3.43457 3.45361 3.57229 3.58545 3.59497 3.59847 3.61508 
1.68091 1.70761 2.10246 2.33246 2.74055 2.89021 3.22882 3.25922 3.27106 3.33672 3.39842 3.39938 3.40109 3.43457 3.45361 3.57229 3.58545 3.59497 3.59847 3.61508 
1.68091 1.70761 2.10246 2.33246 2.74055 2.89021 3.22882 3.25922 3.27106 3.33672 3.39842 3.39938 3.40109 3.43457 3.45361 3.57229 3.58545 3.59497 3.59847 3.61508 
1.68091 1.70761 2.10246 2.33246 2.74055 2.89021 3.22882 3.25922 3.27106 3.33672 3.39842 3.39938 3.40109 3.43457 3.45361 3.57229 3.58545 3.59497 3.59847 3.61508 
1.68091 1.70761 2.10246 2.33246 2.74055 2.89021 3.22882 3.25922 3.27106 3.33672 3.39842 3.39938 3.40109 3.43457 3.45361 3.57229 3.58545 3.59497 3.59847 3.61508 
1.68091 1.70761 2.10246 2.33246 2.74055 2.89021 3.22882 3.25922 3.27106 3.33672 3.39842 3.39938 3.40109 3.43457 3.45361 3.57229 3.58545 3.59497 3.59847 3.61508 
1.68091 1.70761 2.10246 2.33246 2.74055 2.89021 3.22882 3.25922 3.27106 3.33672 3.39842 3.39938 3.40109 3.43457 3.45361 3.57229 3.58545 3.59497 3.59847 3.61508 
1.68091 1.70761 2.10246 2.33246 2.74055 2.89021 3.22882 3.25922 3.27106 3.33672 3.39842 3.39938 3.40109 3.43457 3.45361 3.57229 3.58545 3.59497 3.59847 3.61508 
