3.94131 5.43836 6.01356 6.1639 6.17943 6.29253 6.29661 6.47063 6.54387 7.18356 7.94582 7.97559 8.09186 8.16301 8.16524 8.17535 8.24147 8.48812 8.49091 8.51327 
3.94131 5.43836 5.56603 6.01356 6.1639 6.17943 6.28429 6.29253 6.29661 6.47063 6.54387 6.60699 7.18356 7.5195 7.66689 7.94582 7.97559 8.02323 8.09186 8.16301 
3.94131 4.25081 4.35615 4.54434 5.43836 5.56603 6.01356 6.1639 6.17943 6.28429 6.29253 6.29661 6.47063 6.54387 6.60699 6.89479 7.09051 7.18356 7.5195 7.62818 
3.94131 4.01729 4.03539 4.25081 4.31753 4.35615 4.54434 5.43836 5.56603 6.01356 6.16174 6.1639 6.17943 6.28429 6.29253 6.29661 6.33034 6.37097 6.47063 6.54387 
2.02793 3.94131 4.01729 4.03539 4.25081 4.31753 4.35615 4.47157 4.49673 4.54434 5.3316 5.43836 5.56603 6.01356 6.03006 6.16174 6.1639 6.17943 6.28429 6.29253 
2.02793 3.56066 3.94131 4.01729 4.03539 4.25081 4.31753 4.35615 4.47157 4.49673 4.52865 4.54434 4.58089 5.26131 5.3316 5.43836 5.56603 5.66236 5.6995 5.77066 
0.421836 1.15912 2.02793 2.94247 3.56066 3.94131 4.01729 4.03539 4.25081 4.31753 4.35615 4.47157 4.49673 4.52865 4.54434 4.58089 5.26131 5.27054 5.3316 5.43836 
0.421836 1.15912 2.02793 2.94247 3.56066 3.60172 3.94131 4.01729 4.03539 4.15895 4.19888 4.25081 4.31753 4.33746 4.35615 4.47157 4.49673 4.52865 4.53194 4.54434 
0.421836 1.15912 2.02793 2.94247 3.56066 3.60172 3.94131 4.01729 4.03539 4.15895 4.19888 4.25081 4.31753 4.33746 4.35615 4.4612 4.47157 4.49673 4.52865 4.53194 
0.294088 0.421836 1.15912 2.02793 2.16188 2.7418 2.94247 3.56066 3.60172 3.94131 3.95589 4.01729 4.03539 4.15895 4.19888 4.25081 4.31753 4.33746 4.35615 4.4612 
0.294088 0.421836 1.15912 2.02793 2.16188 2.7418 2.7917 2.94244 2.94247 3.56066 3.60172 3.80216 3.94131 3.95589 3.98759 4.01729 4.03539 4.15895 4.19888 4.25081 
0.294088 0.421836 1.15912 2.02793 2.16188 2.7418 2.7917 2.94244 2.94247 3.41221 3.56066 3.60172 3.80216 3.89362 3.94131 3.95589 3.98759 4.01729 4.03539 4.15895 
0.294088 0.421836 1.15912 1.65579 2.00983 2.02793 2.16188 2.7418 2.7917 2.94244 2.94247 3.41221 3.48776 3.56066 3.60172 3.75133 3.80216 3.89362 3.94131 3.95589 
0.294088 0.421836 1.15912 1.65579 2.00983 2.02793 2.16188 2.7418 2.7917 2.94244 2.94247 3.41221 3.48776 3.56066 3.60172 3.75133 3.80216 3.89362 3.94131 3.95589 
0.294088 0.421836 1.15912 1.65579 2.00983 2.02793 2.16188 2.23575 2.7418 2.7917 2.94244 2.94247 3.25888 3.41221 3.48776 3.56066 3.60172 3.75133 3.80216 3.89362 
0.294088 0.421836 1.15912 1.31816 1.65579 1.96844 2.00983 2.02793 2.16188 2.23575 2.7418 2.7917 2.94244 2.94247 3.14845 3.25888 3.41221 3.48776 3.56066 3.60172 
0.294088 0.421836 0.646258 1.15912 1.31816 1.65579 1.76806 1.96844 2.00983 2.02793 2.16188 2.23575 2.7418 2.78154 2.7917 2.94244 2.94247 3.14845 3.25888 3.41221 
0.294088 0.421836 0.646258 1.15912 1.31816 1.65579 1.76806 1.96844 2.00983 2.02793 2.16188 2.23575 2.7418 2.78154 2.7917 2.83329 2.94244 2.94247 3.08223 3.14845 
0.294088 0.421836 0.646258 1.15912 1.31816 1.65579 1.76806 1.96844 2.00983 2.02793 2.16188 2.23575 2.7418 2.78154 2.7917 2.83329 2.94244 2.94247 3.08223 3.14845 
0.175108 0.294088 0.421836 0.646258 1.15912 1.31816 1.4197 1.65579 1.76806 1.96844 2.00983 2.02793 2.16188 2.23575 2.7418 2.78154 2.7917 2.83329 2.94244 2.94247 
0.175108 0.294088 0.421836 0.646258 1.15912 1.31816 1.4197 1.65579 1.76806 1.96844 2.00983 2.02793 2.16188 2.23575 2.62367 2.62481 2.7418 2.78154 2.7917 2.79462 
0.175108 0.294088 0.421836 0.646258 1.15912 1.31816 1.4197 1.65579 1.76806 1.96844 2.00983 2.02793 2.16188 2.23575 2.62367 2.62481 2.7418 2.78154 2.7917 2.79462 
0.175108 0.294088 0.421836 0.646258 1.15912 1.31816 1.4197 1.65579 1.76806 1.96844 2.00983 2.02793 2.16188 2.23575 2.62367 2.62481 2.63335 2.7418 2.75696 2.78154 
0.175108 0.294088 0.421836 0.646258 1.15912 1.31816 1.4197 1.65579 1.71413 1.76806 1.96844 2.00983 2.02793 2.11315 2.16188 2.23575 2.62367 2.62481 2.63335 2.7418 
0.175108 0.294088 0.421836 0.646258 1.15912 1.31816 1.4197 1.65579 1.71413 1.76806 1.96844 2.00983 2.02793 2.11315 2.16188 2.2325 2.23575 2.62367 2.62481 2.63335 
0.175108 0.294088 0.421836 0.646258 1.15912 1.31816 1.4197 1.65579 1.71413 1.76806 1.96844 2.00983 2.02793 2.11315 2.16188 2.2325 2.23575 2.60928 2.62367 2.62481 
0.175108 0.294088 0.421836 0.646258 1.15912 1.31816 1.40403 1.4197 1.65579 1.71413 1.76806 1.96844 2.00983 2.02793 2.11315 2.16188 2.2325 2.23575 2.60928 2.62367 
0.175108 0.294088 0.421836 0.646258 1.15912 1.31816 1.40403 1.4197 1.65579 1.71413 1.72684 1.76806 1.8985 1.96844 2.00983 2.02793 2.11315 2.16188 2.2325 2.23575 
0.175108 0.294088 0.421836 0.646258 1.15912 1.31816 1.40403 1.4197 1.65579 1.71413 1.72684 1.76806 1.8985 1.96844 2.00983 2.02793 2.11315 2.16188 2.19012 2.2325 
0.175108 0.294088 0.421836 0.646258 1.15912 1.31816 1.40403 1.4197 1.65579 1.71413 1.72684 1.76806 1.8985 1.96844 2.00983 2.02793 2.11315 2.16188 2.19012 2.2325 
0.175108 0.294088 0.421836 0.646258 1.15912 1.31816 1.40403 1.4197 1.51593 1.65579 1.71413 1.72684 1.76806 1.8985 1.96844 2.00983 2.02793 2.11315 2.16188 2.19012 
0.175108 0.294088 0.421836 0.646258 1.13398 1.15912 1.31816 1.40403 1.4197 1.51593 1.65579 1.71413 1.72684 1.76806 1.8985 1.96844 2.00008 2.00983 2.02793 2.0385 
0.175108 0.294088 0.421836 0.646258 1.13398 1.15912 1.31816 1.40403 1.4197 1.51593 1.65579 1.68044 1.71413 1.72684 1.76806 1.8985 1.96844 2.00008 2.00983 2.02793 
0.175108 0.294088 0.421836 0.646258 1.13398 1.15912 1.31816 1.40403 1.4197 1.51593 1.65579 1.68044 1.71413 1.72684 1.76806 1.8985 1.96844 2.00008 2.00983 2.02793 
0.0979774 0.175108 0.294088 0.421836 0.646258 0.979471 1.13398 1.15912 1.31816 1.40403 1.4197 1.51593 1.65579 1.68044 1.71413 1.72684 1.76806 1.8985 1.96844 2.00008 
0.0979774 0.175108 0.294088 0.421836 0.646258 0.979471 1.13398 1.15912 1.31816 1.40403 1.4197 1.51593 1.65579 1.68044 1.71413 1.72684 1.76806 1.8985 1.90256 1.96844 
0.0979774 0.175108 0.294088 0.421836 0.646258 0.979471 1.13398 1.15912 1.31816 1.40403 1.4197 1.51593 1.65579 1.68044 1.71413 1.72684 1.76806 1.8985 1.90256 1.96844 
0.0979774 0.175108 0.294088 0.421836 0.646258 0.979471 1.03134 1.13398 1.15912 1.31816 1.40403 1.4197 1.51593 1.65579 1.68044 1.71347 1.71413 1.72684 1.76806 1.8985 
0.0979774 0.175108 0.294088 0.421836 0.449766 0.646258 0.979471 1.03134 1.13398 1.15912 1.31816 1.40403 1.4197 1.51593 1.65579 1.68044 1.71347 1.71413 1.72684 1.76806 
0.0979774 0.175108 0.294088 0.421836 0.449766 0.646258 0.979471 1.03134 1.13398 1.15912 1.31816 1.40403 1.4197 1.51593 1.65579 1.68044 1.71347 1.71413 1.72684 1.76806 
0.0979774 0.175108 0.294088 0.421836 0.449766 0.646258 0.979471 1.03134 1.13398 1.15912 1.27433 1.31816 1.40403 1.4197 1.51593 1.65579 1.68044 1.71347 1.71413 1.72684 
0.0979774 0.175108 0.294088 0.421836 0.449766 0.646258 0.979471 1.03134 1.13398 1.15912 1.27433 1.31816 1.40403 1.4197 1.51593 1.65579 1.68044 1.71347 1.71413 1.72684 
0.0979774 0.175108 0.269852 0.294088 0.421836 0.449766 0.468386 0.646258 0.979471 1.03134 1.13398 1.15912 1.27433 1.31816 1.40403 1.40528 1.4197 1.51593 1.65579 1.68044 
0.0979774 0.175108 0.269852 0.294088 0.316404 0.421836 0.422388 0.449766 0.468386 0.646258 0.979471 1.03134 1.13398 1.15912 1.27433 1.31816 1.40403 1.40528 1.4197 1.51593 
0.0979774 0.175108 0.269852 0.271372 0.294088 0.316404 0.421836 0.422388 0.449766 0.467345 0.468386 0.646258 0.979471 1.03134 1.13398 1.15912 1.27433 1.31816 1.40403 1.40528 
0.0979774 0.175108 0.269852 0.271372 0.294088 0.316404 0.421836 0.422388 0.449766 0.467345 0.468386 0.646258 0.979471 1.03134 1.13398 1.15912 1.19813 1.27433 1.31816 1.40403 
0.0979774 0.175108 0.269852 0.271372 0.294088 0.316404 0.421836 0.422388 0.449766 0.467345 0.468386 0.646258 0.979471 1.03134 1.13398 1.15912 1.19813 1.27433 1.31816 1.40403 
0.0979774 0.175108 0.269852 0.271372 0.294088 0.316404 0.421836 0.422388 0.449766 0.467345 0.468386 0.646258 0.875299 0.979471 1.03134 1.13398 1.15912 1.19813 1.27433 1.31816 
0.0979774 0.175108 0.207277 0.269852 0.271372 0.279493 0.294088 0.316404 0.421836 0.422388 0.449766 0.467345 0.468386 0.646258 0.875299 0.979471 1.03134 1.13398 1.15912 1.19813 
0.0979774 0.175108 0.207277 0.269852 0.271372 0.279493 0.294088 0.316404 0.421836 0.422388 0.449766 0.467345 0.468386 0.531658 0.646258 0.875299 0.979471 1.01712 1.03134 1.13398 
0.0979774 0.175108 0.207277 0.269852 0.271372 0.279493 0.294088 0.307705 0.316404 0.327984 0.329154 0.363342 0.421836 0.422388 0.449766 0.467345 0.468386 0.531658 0.632028 0.646258 
0.0979774 0.175108 0.189271 0.207277 0.269852 0.271372 0.279493 0.294088 0.307705 0.316404 0.327984 0.329154 0.363342 0.421836 0.422388 0.449766 0.467345 0.468386 0.531658 0.632028 
0.0521315 0.0979774 0.175108 0.189271 0.207277 0.269852 0.271372 0.279493 0.294088 0.307705 0.316404 0.327984 0.329154 0.363342 0.421836 0.422388 0.449766 0.467345 0.468386 0.506094 
0.0521315 0.0979774 0.175108 0.189271 0.207277 0.269852 0.271372 0.279493 0.294088 0.307705 0.316404 0.327984 0.329154 0.363342 0.421836 0.422388 0.449766 0.467345 0.468386 0.506094 
0.0521315 0.0979774 0.175108 0.189271 0.207277 0.269852 0.271372 0.279493 0.294088 0.307705 0.316404 0.327984 0.329154 0.363342 0.421836 0.422388 0.449766 0.467345 0.468386 0.506094 
0.0521315 0.0979774 0.175108 0.189271 0.207277 0.269852 0.271372 0.279493 0.294088 0.307705 0.316404 0.327984 0.329154 0.363342 0.421836 0.422388 0.449766 0.467345 0.468386 0.506094 
0.0521315 0.0979774 0.175108 0.189271 0.189908 0.207277 0.269852 0.271372 0.279493 0.294088 0.307705 0.316404 0.327984 0.329154 0.363342 0.421836 0.422388 0.449766 0.467345 0.468386 
0.0521315 0.0979774 0.175108 0.189271 0.189908 0.207277 0.269852 0.271372 0.279493 0.294088 0.307705 0.316404 0.327984 0.329154 0.363342 0.421836 0.422388 0.449766 0.467345 0.468386 
0.0521315 0.0979774 0.175108 0.189271 0.189908 0.207277 0.269852 0.271372 0.279493 0.294088 0.307705 0.316404 0.327984 0.329154 0.363342 0.421836 0.422388 0.449766 0.467345 0.468386 
0.0521315 0.0979774 0.175108 0.189271 0.189908 0.207277 0.269852 0.271372 0.279493 0.294088 0.307705 0.316404 0.327984 0.329154 0.363342 0.421836 0.422388 0.449766 0.467345 0.468386 
0.0351932 0.0521315 0.0979774 0.175108 0.189271 0.189908 0.207277 0.269852 0.271372 0.279493 0.294088 0.307705 0.316404 0.327984 0.329154 0.363342 0.421836 0.422388 0.449766 0.467345 
0.0351932 0.0521315 0.0979774 0.175108 0.189271 0.189908 0.190143 0.207277 0.269852 0.271372 0.279493 0.294088 0.307705 0.316404 0.327984 0.329154 0.363342 0.421836 0.422388 0.449766 
0.0351932 0.0521315 0.0979774 0.175108 0.189271 0.189908 0.190143 0.207277 0.269852 0.271372 0.279493 0.294088 0.307705 0.316404 0.327984 0.329154 0.363342 0.421836 0.422388 0.449766 
0.0351932 0.0521315 0.0979774 0.175108 0.189271 0.189908 0.190143 0.207277 0.269852 0.271372 0.279493 0.294088 0.307705 0.316404 0.327984 0.329154 0.363342 0.421836 0.422388 0.449766 
0.0351932 0.0521315 0.0979774 0.175108 0.189271 0.189908 0.190143 0.207277 0.269852 0.271372 0.279493 0.294088 0.307705 0.316404 0.327984 0.329154 0.363342 0.421836 0.422388 0.449766 
0.0351932 0.0521315 0.0979774 0.175108 0.189271 0.189908 0.190143 0.207277 0.269852 0.271372 0.279493 0.294088 0.307705 0.316404 0.327984 0.329154 0.363342 0.421836 0.422388 0.449766 
0.0351932 0.0521315 0.0979774 0.175108 0.189271 0.189908 0.190143 0.207277 0.269852 0.271372 0.279493 0.294088 0.307705 0.316404 0.327984 0.329154 0.363342 0.421836 0.422388 0.449766 
0.0351932 0.0521315 0.0979774 0.175108 0.189271 0.189908 0.190143 0.207277 0.269852 0.271372 0.279493 0.294088 0.307705 0.316404 0.327984 0.329154 0.363342 0.421836 0.422388 0.449766 
0.0351932 0.0521315 0.0979774 0.175108 0.189271 0.189908 0.190143 0.207277 0.269852 0.271372 0.279493 0.294088 0.307705 0.316404 0.327984 0.329154 0.363342 0.421836 0.422388 0.449766 
0.0351932 0.0521315 0.0979774 0.175108 0.189271 0.189908 0.190143 0.207277 0.269852 0.271372 0.279493 0.294088 0.307705 0.316404 0.327984 0.329154 0.363342 0.421836 0.422388 0.449766 
0.0351932 0.0521315 0.0979774 0.175108 0.189271 0.189908 0.190143 0.207277 0.269852 0.271372 0.279493 0.294088 0.307705 0.316404 0.327984 0.329154 0.363342 0.421836 0.422388 0.449766 
0.0351932 0.0521315 0.0979774 0.175108 0.189271 0.189908 0.190143 0.207277 0.269852 0.271372 0.279493 0.294088 0.307705 0.316404 0.327984 0.329154 0.363342 0.421836 0.422388 0.449766 
0.0351932 0.0521315 0.0979774 0.175108 0.189271 0.189908 0.190143 0.207277 0.269852 0.271372 0.279493 0.294088 0.307705 0.316404 0.327984 0.329154 0.363342 0.421836 0.422388 0.449766 
0.0351932 0.0521315 0.0979774 0.175108 0.189271 0.189908 0.190143 0.207277 0.269852 0.271372 0.279493 0.294088 0.307705 0.316404 0.327984 0.329154 0.363342 0.421836 0.422388 0.449766 
0.0351932 0.0521315 0.0979774 0.175108 0.189271 0.189908 0.190143 0.207277 0.269852 0.271372 0.279493 0.294088 0.307705 0.316404 0.327984 0.329154 0.363342 0.421836 0.422388 0.449766 
0.0351932 0.0521315 0.0979774 0.175108 0.189271 0.189908 0.190143 0.207277 0.269852 0.271372 0.279493 0.294088 0.307705 0.316404 0.327984 0.329154 0.363342 0.421836 0.422388 0.449766 
0.0351932 0.0521315 0.0979774 0.175108 0.189271 0.189908 0.190143 0.207277 0.269852 0.271372 0.279493 0.294088 0.307705 0.316404 0.327984 0.329154 0.363342 0.421836 0.422388 0.449766 
0.0351932 0.0521315 0.0979774 0.175108 0.189271 0.189908 0.190143 0.207277 0.269852 0.271372 0.279493 0.294088 0.307705 0.316404 0.327984 0.329154 0.363342 0.421836 0.422388 0.449766 
0.0351932 0.0521315 0.0979774 0.175108 0.189271 0.189908 0.190143 0.207277 0.269852 0.271372 0.279493 0.294088 0.307705 0.316404 0.327984 0.329154 0.363342 0.421836 0.422388 0.449766 
0.0351932 0.0521315 0.0979774 0.175108 0.189271 0.189908 0.190143 0.207277 0.269852 0.271372 0.279493 0.294088 0.307705 0.316404 0.327984 0.329154 0.363342 0.421836 0.422388 0.449766 
0.0351932 0.0521315 0.0979774 0.175108 0.189271 0.189908 0.190143 0.207277 0.269852 0.271372 0.279493 0.294088 0.307705 0.316404 0.327984 0.329154 0.363342 0.421836 0.422388 0.449766 
0.0351932 0.0521315 0.0979774 0.175108 0.189271 0.189908 0.190143 0.207277 0.269852 0.271372 0.279493 0.294088 0.307705 0.316404 0.327984 0.329154 0.363342 0.421836 0.422388 0.449766 
0.0351932 0.0521315 0.0979774 0.175108 0.189271 0.189908 0.190143 0.207277 0.269852 0.271372 0.279493 0.294088 0.307705 0.316404 0.327984 0.329154 0.363342 0.421836 0.422388 0.449766 
0.0351932 0.0521315 0.0979774 0.175108 0.189271 0.189908 0.190143 0.207277 0.269852 0.271372 0.279493 0.294088 0.307705 0.316404 0.327984 0.329154 0.363342 0.421836 0.422388 0.449766 
0.0351932 0.0521315 0.0979774 0.175108 0.189271 0.189908 0.190143 0.207277 0.269852 0.271372 0.279493 0.294088 0.307705 0.316404 0.327984 0.329154 0.363342 0.421836 0.422388 0.449766 
0.0351932 0.0521315 0.0979774 0.175108 0.189271 0.189908 0.190143 0.207277 0.269852 0.271372 0.279493 0.294088 0.307705 0.316404 0.327984 0.329154 0.363342 0.421836 0.422388 0.449766 
0.0351932 0.0521315 0.0979774 0.175108 0.189271 0.189908 0.190143 0.207277 0.269852 0.271372 0.279493 0.294088 0.307705 0.316404 0.327984 0.329154 0.363342 0.421836 0.422388 0.449766 
0.0351932 0.0521315 0.0979774 0.175108 0.189271 0.189908 0.190143 0.207277 0.269852 0.271372 0.279493 0.294088 0.307705 0.316404 0.327984 0.329154 0.363342 0.421836 0.422388 0.449766 
0.0351932 0.0521315 0.0979774 0.175108 0.189271 0.189908 0.190143 0.207277 0.269852 0.271372 0.279493 0.294088 0.307705 0.316404 0.327984 0.329154 0.363342 0.421836 0.422388 0.449766 
0.0351932 0.0521315 0.0979774 0.175108 0.189271 0.189908 0.190143 0.207277 0.269852 0.271372 0.279493 0.294088 0.307705 0.316404 0.327984 0.329154 0.363342 0.421836 0.422388 0.449766 
0.0351932 0.0521315 0.0979774 0.175108 0.189271 0.189908 0.190143 0.207277 0.269852 0.271372 0.279493 0.294088 0.307705 0.316404 0.327984 0.329154 0.363342 0.421836 0.422388 0.449766 
0.0351932 0.0521315 0.0979774 0.175108 0.189271 0.189908 0.190143 0.207277 0.269852 0.271372 0.279493 0.294088 0.307705 0.316404 0.327984 0.329154 0.363342 0.421836 0.422388 0.449766 
0.0351932 0.0521315 0.0979774 0.175108 0.189271 0.189908 0.190143 0.207277 0.269852 0.271372 0.279493 0.294088 0.307705 0.316404 0.327984 0.329154 0.363342 0.421836 0.422388 0.449766 
0.0351932 0.0521315 0.0979774 0.175108 0.189271 0.189908 0.190143 0.207277 0.269852 0.271372 0.279493 0.294088 0.307705 0.316404 0.327984 0.329154 0.363342 0.421836 0.422388 0.449766 
0.0351932 0.0521315 0.0979774 0.175108 0.189271 0.189908 0.190143 0.207277 0.269852 0.271372 0.279493 0.294088 0.307705 0.316404 0.327984 0.329154 0.363342 0.421836 0.422388 0.449766 
0.0351932 0.0521315 0.0979774 0.175108 0.189271 0.189908 0.190143 0.207277 0.269852 0.271372 0.279493 0.294088 0.307705 0.316404 0.327984 0.329154 0.363342 0.421836 0.422388 0.449766 
0.0351932 0.0521315 0.0979774 0.175108 0.189271 0.189908 0.190143 0.207277 0.269852 0.271372 0.279493 0.294088 0.307705 0.316404 0.327984 0.329154 0.363342 0.421836 0.422388 0.449766 
0.0351932 0.0521315 0.0979774 0.175108 0.189271 0.189908 0.190143 0.207277 0.269852 0.271372 0.279493 0.294088 0.307705 0.316404 0.327984 0.329154 0.363342 0.421836 0.422388 0.449766 
0.0351932 0.0521315 0.0979774 0.175108 0.189271 0.189908 0.190143 0.207277 0.269852 0.271372 0.279493 0.294088 0.307705 0.316404 0.327984 0.329154 0.363342 0.421836 0.422388 0.449766 
0.0351932 0.0521315 0.0979774 0.175108 0.189271 0.189908 0.190143 0.207277 0.269852 0.271372 0.279493 0.294088 0.307705 0.316404 0.327984 0.329154 0.363342 0.421836 0.422388 0.449766 
