2.91841 2.98401 3.46644 3.65385 3.83429 3.90256 3.92969 4.00639 4.03299 4.03435 4.18877 4.3156 4.38242 4.46806 4.54254 4.59818 5.49391 5.51952 5.66052 6.12655 
1.59583 2.91841 2.98401 3.25683 3.28851 3.46644 3.54782 3.65385 3.83429 3.90256 3.92969 4.00639 4.03299 4.03435 4.18877 4.3156 4.38242 4.46806 4.54254 4.5576 
1.59583 2.91841 2.98401 3.25683 3.28851 3.46644 3.51481 3.54782 3.65385 3.73139 3.83429 3.90256 3.92969 4.00639 4.03299 4.03435 4.18877 4.25104 4.3156 4.38242 
1.59583 2.77731 2.91841 2.98401 3.06452 3.10774 3.25683 3.28851 3.29663 3.29992 3.46644 3.51481 3.54782 3.56304 3.65385 3.73139 3.83429 3.90256 3.91792 3.92969 
1.59583 2.77731 2.91841 2.98401 3.06452 3.10774 3.25683 3.28851 3.29663 3.29992 3.46644 3.51481 3.54782 3.56304 3.65385 3.72899 3.73139 3.83429 3.90256 3.91792 
1.59583 2.77731 2.91841 2.98401 3.06452 3.10774 3.25683 3.28851 3.29663 3.29992 3.46644 3.49249 3.49673 3.51481 3.52341 3.54782 3.56304 3.64285 3.65385 3.72899 
1.59583 2.77731 2.89933 2.91841 2.98401 3.06452 3.10774 3.25683 3.28851 3.29663 3.29992 3.42445 3.46644 3.49249 3.49259 3.49673 3.51481 3.52341 3.54782 3.56304 
1.59583 2.77731 2.89933 2.91841 2.98401 3.06452 3.10774 3.25683 3.28851 3.29663 3.29992 3.39046 3.42445 3.43211 3.46644 3.49249 3.49259 3.49673 3.51481 3.52341 
1.59583 2.77731 2.89933 2.91841 2.98401 3.06452 3.10774 3.25683 3.28851 3.29663 3.29992 3.39046 3.42445 3.43211 3.46644 3.49249 3.49259 3.49673 3.51481 3.52341 
1.59583 2.77731 2.89933 2.91841 2.98401 3.06452 3.10774 3.25683 3.28851 3.29663 3.29992 3.39046 3.42445 3.43211 3.46644 3.49249 3.49259 3.49673 3.51481 3.52341 
1.59583 2.77731 2.89933 2.91841 2.98401 3.06452 3.10774 3.25683 3.28851 3.29663 3.29992 3.39046 3.42445 3.43211 3.46644 3.49249 3.49259 3.49673 3.51481 3.52341 
1.59583 2.77731 2.89933 2.91841 2.98401 3.06452 3.10774 3.25683 3.28851 3.29663 3.29992 3.39046 3.42445 3.43211 3.46644 3.49249 3.49259 3.49673 3.51481 3.52341 
1.59583 2.77731 2.89933 2.91841 2.98401 3.06452 3.10774 3.25683 3.28851 3.29663 3.29992 3.39046 3.41203 3.42445 3.43211 3.46644 3.49249 3.49259 3.49673 3.51481 
1.59583 2.77731 2.89933 2.91841 2.98401 3.06452 3.10774 3.25683 3.28851 3.29663 3.29992 3.39046 3.41203 3.42445 3.43211 3.46644 3.49249 3.49259 3.49673 3.51481 
1.59583 2.77731 2.89933 2.91841 2.98401 3.06452 3.10774 3.25683 3.28851 3.29663 3.29992 3.39046 3.41203 3.42445 3.43211 3.46644 3.49249 3.49259 3.49673 3.51481 
1.59583 2.77731 2.89933 2.91841 2.98401 3.06452 3.10774 3.25683 3.28851 3.29663 3.29992 3.39046 3.41203 3.42445 3.43211 3.46644 3.49249 3.49259 3.49673 3.51481 
1.59583 2.77731 2.89933 2.91841 2.98401 3.06452 3.10774 3.25683 3.28851 3.29663 3.29992 3.39046 3.41203 3.42445 3.43211 3.46644 3.49249 3.49259 3.49673 3.51481 
1.59583 2.77731 2.89933 2.91841 2.98401 3.06452 3.10774 3.25683 3.28851 3.29663 3.29992 3.39046 3.41203 3.42445 3.43211 3.46644 3.49249 3.49259 3.49673 3.51481 
1.59583 2.77731 2.89933 2.91841 2.98401 3.06452 3.10774 3.25683 3.28851 3.29663 3.29992 3.39046 3.41203 3.42445 3.43211 3.46644 3.49249 3.49259 3.49673 3.51481 
1.59583 2.77731 2.89933 2.91841 2.98401 3.06452 3.10774 3.25683 3.28851 3.29663 3.29992 3.39046 3.41203 3.42445 3.43211 3.46644 3.49249 3.49259 3.49673 3.51481 
1.59583 2.77731 2.89933 2.91841 2.98401 3.06452 3.10774 3.25683 3.28851 3.29663 3.29992 3.39046 3.41203 3.42445 3.43211 3.46644 3.49249 3.49259 3.49673 3.51481 
1.59583 2.77731 2.89933 2.91841 2.98401 3.06452 3.10774 3.25683 3.28851 3.29663 3.29992 3.39046 3.41203 3.42445 3.43211 3.46644 3.49249 3.49259 3.49673 3.51481 
1.59583 2.77731 2.89933 2.91841 2.98401 3.06452 3.10774 3.25683 3.28851 3.29663 3.29992 3.39046 3.41203 3.42445 3.43211 3.46644 3.49249 3.49259 3.49673 3.51481 
1.59583 2.77731 2.89933 2.91841 2.98401 3.06452 3.10774 3.25683 3.28851 3.29663 3.29992 3.39046 3.41203 3.42445 3.43211 3.46644 3.49249 3.49259 3.49673 3.51481 
1.59583 2.77731 2.89933 2.91841 2.98401 3.06452 3.10774 3.25683 3.28851 3.29663 3.29992 3.39046 3.41203 3.42445 3.43211 3.46644 3.49249 3.49259 3.49673 3.51481 
1.59583 2.77731 2.89933 2.91841 2.98401 3.06452 3.10774 3.25683 3.28851 3.29663 3.29992 3.39046 3.41203 3.42445 3.43211 3.46644 3.49249 3.49259 3.49673 3.51481 
1.59583 2.77731 2.89933 2.91841 2.98401 3.06452 3.10774 3.25683 3.28851 3.29663 3.29992 3.39046 3.41203 3.42445 3.43211 3.46644 3.49249 3.49259 3.49673 3.51481 
1.59583 2.77731 2.89933 2.91841 2.98401 3.06452 3.10774 3.25683 3.28851 3.29663 3.29992 3.39046 3.41203 3.42445 3.43211 3.46644 3.49249 3.49259 3.49673 3.51481 
1.59583 2.77731 2.89933 2.91841 2.98401 3.06452 3.10774 3.25683 3.26571 3.28851 3.29663 3.29992 3.30523 3.39046 3.41203 3.42445 3.43211 3.46644 3.49249 3.49259 
1.59583 2.77731 2.89933 2.91841 2.98401 3.06452 3.10774 3.25683 3.26571 3.28851 3.29663 3.29992 3.30523 3.39046 3.41203 3.42445 3.43211 3.46644 3.49249 3.49259 
1.59583 2.77731 2.89933 2.91841 2.98401 3.06452 3.10774 3.22449 3.25683 3.26571 3.28851 3.29663 3.29992 3.30523 3.39046 3.41203 3.42445 3.43211 3.46644 3.49249 
1.59583 2.77731 2.89933 2.91841 2.98401 3.06452 3.10774 3.12657 3.22449 3.25683 3.26571 3.28851 3.29663 3.29992 3.30523 3.39046 3.41203 3.42445 3.43211 3.46644 
1.59583 2.77731 2.89933 2.91841 2.96738 2.98401 3.06452 3.10774 3.12657 3.22449 3.25683 3.26571 3.28851 3.29663 3.29992 3.30523 3.39046 3.41203 3.42445 3.43211 
1.59583 2.77731 2.89933 2.91841 2.96738 2.98401 3.06452 3.10774 3.12657 3.22449 3.25683 3.26571 3.28851 3.29663 3.29992 3.30523 3.39046 3.41203 3.42445 3.43211 
1.59583 2.77731 2.89933 2.91841 2.96738 2.98401 3.06452 3.10774 3.12657 3.22449 3.25683 3.26571 3.28851 3.29663 3.29992 3.30523 3.39046 3.41203 3.42445 3.43211 
1.59583 2.77731 2.89933 2.91841 2.96738 2.98401 3.06452 3.10774 3.12657 3.22449 3.25201 3.25683 3.26571 3.28851 3.29663 3.29992 3.30523 3.39046 3.41203 3.42445 
1.59583 2.77731 2.89933 2.91841 2.96738 2.98401 3.06452 3.10774 3.12657 3.22449 3.25201 3.25683 3.26571 3.28851 3.29663 3.29992 3.30523 3.39046 3.41203 3.42445 
1.59583 2.77731 2.89933 2.91841 2.96738 2.98401 3.06452 3.10774 3.12657 3.22449 3.25201 3.25683 3.26571 3.28851 3.29663 3.29992 3.30523 3.39046 3.41203 3.42445 
1.59583 2.77731 2.89933 2.91841 2.96738 2.98401 3.06452 3.10774 3.12657 3.22449 3.25201 3.25683 3.26571 3.28851 3.29663 3.29992 3.30523 3.39046 3.41203 3.42445 
1.59583 2.77731 2.89933 2.91841 2.96738 2.98401 3.06452 3.10774 3.12657 3.22449 3.25201 3.25683 3.26571 3.28851 3.29663 3.29992 3.30523 3.39046 3.41203 3.42445 
1.59583 2.77731 2.89933 2.91841 2.96738 2.98401 3.06452 3.10774 3.12657 3.22449 3.25201 3.25683 3.26571 3.28851 3.29663 3.29992 3.30523 3.39046 3.41203 3.42445 
1.59583 2.77731 2.89933 2.91841 2.96738 2.98401 3.06452 3.10774 3.12657 3.22449 3.25201 3.25683 3.26571 3.28851 3.29663 3.29992 3.30523 3.39046 3.41203 3.42445 
1.59583 2.77731 2.89933 2.91841 2.96738 2.98401 3.06452 3.10774 3.12657 3.22449 3.25201 3.25683 3.26571 3.28851 3.29663 3.29992 3.30523 3.39046 3.41203 3.42445 
1.59583 2.77731 2.89933 2.91841 2.96738 2.98401 3.06452 3.10774 3.12657 3.22449 3.25201 3.25683 3.26571 3.28851 3.29663 3.29992 3.30523 3.39046 3.41203 3.42445 
1.59583 2.77731 2.89933 2.91841 2.96738 2.98401 3.06452 3.10774 3.12657 3.22449 3.25201 3.25683 3.26571 3.28851 3.29663 3.29992 3.30523 3.39046 3.41203 3.42445 
1.59583 2.77731 2.89933 2.91841 2.96738 2.98401 3.06452 3.10774 3.12657 3.22449 3.25201 3.25683 3.26571 3.28851 3.29663 3.29992 3.30523 3.39046 3.41203 3.42445 
1.59583 2.77731 2.89933 2.91841 2.96738 2.98401 3.06452 3.10774 3.12657 3.22449 3.25201 3.25683 3.26571 3.28851 3.29663 3.29992 3.30523 3.39046 3.41203 3.42445 
1.59583 2.77731 2.89933 2.91841 2.96738 2.98401 3.06452 3.10774 3.12657 3.22449 3.25201 3.25683 3.26571 3.28851 3.29663 3.29992 3.30523 3.39046 3.41203 3.42445 
1.59583 2.77731 2.89933 2.91841 2.96738 2.98401 3.06452 3.10774 3.12657 3.22449 3.25201 3.25683 3.26571 3.28851 3.29663 3.29992 3.30523 3.39046 3.41203 3.42445 
1.59583 2.77731 2.89933 2.91841 2.96738 2.98401 3.06452 3.10774 3.12657 3.22449 3.25201 3.25683 3.26571 3.28851 3.29663 3.29992 3.30523 3.39046 3.41203 3.42445 
1.59583 2.77731 2.89933 2.91841 2.96738 2.98401 3.06452 3.10774 3.12657 3.22449 3.25201 3.25683 3.26571 3.28851 3.29663 3.29992 3.30523 3.39046 3.41203 3.42445 
1.59583 2.77731 2.89933 2.91841 2.96738 2.98401 3.06452 3.10774 3.12657 3.22449 3.25201 3.25683 3.26571 3.28851 3.29663 3.29992 3.30523 3.39046 3.41203 3.42445 
1.59583 2.77731 2.89933 2.91841 2.96738 2.98401 3.06452 3.10774 3.12657 3.22449 3.25201 3.25683 3.26571 3.28851 3.29663 3.29992 3.30523 3.39046 3.41203 3.42445 
1.59583 2.77731 2.89933 2.91841 2.96738 2.98401 3.06452 3.10774 3.12657 3.22449 3.25201 3.25683 3.26571 3.28851 3.29663 3.29992 3.30523 3.39046 3.41203 3.42445 
1.59583 2.77731 2.89933 2.91841 2.96738 2.98401 3.06452 3.10774 3.12657 3.22449 3.25201 3.25683 3.26571 3.28851 3.29663 3.29992 3.30523 3.39046 3.41203 3.42445 
1.59583 2.77731 2.89933 2.91841 2.96738 2.98401 3.06452 3.10774 3.12657 3.22449 3.25201 3.25683 3.26571 3.28851 3.29663 3.29992 3.30523 3.39046 3.41203 3.42445 
1.59583 2.77731 2.89933 2.91841 2.96738 2.98401 3.06452 3.10774 3.12657 3.22449 3.25201 3.25683 3.26571 3.28851 3.29663 3.29992 3.30523 3.39046 3.41203 3.42445 
1.59583 2.77731 2.89933 2.91841 2.96738 2.98401 3.06452 3.10774 3.12657 3.22449 3.25201 3.25683 3.26571 3.28851 3.29663 3.29992 3.30523 3.39046 3.41203 3.42445 
1.59583 2.77731 2.89933 2.91841 2.96738 2.98401 3.06452 3.10774 3.12657 3.22449 3.25201 3.25683 3.26571 3.28851 3.29663 3.29992 3.30523 3.39046 3.41203 3.42445 
1.59583 2.77731 2.89933 2.91841 2.96738 2.98401 3.06452 3.10774 3.12657 3.22449 3.25201 3.25683 3.26571 3.28851 3.29663 3.29992 3.30523 3.39046 3.41203 3.42445 
1.59583 2.77731 2.89933 2.91841 2.96738 2.98401 3.06452 3.10774 3.12657 3.22449 3.25201 3.25683 3.26571 3.28851 3.29663 3.29992 3.30523 3.39046 3.41203 3.42445 
1.59583 2.77731 2.89933 2.91841 2.96738 2.98401 3.06452 3.10774 3.12657 3.22449 3.25201 3.25683 3.26571 3.28851 3.29663 3.29992 3.30523 3.39046 3.41203 3.42445 
1.59583 2.77731 2.89933 2.91841 2.96738 2.98401 3.06452 3.10774 3.12657 3.22449 3.25201 3.25683 3.26571 3.28851 3.29663 3.29992 3.30523 3.39046 3.41203 3.42445 
1.59583 2.77731 2.89933 2.91841 2.96738 2.98401 3.06452 3.10774 3.12657 3.22449 3.25201 3.25683 3.26571 3.28851 3.29663 3.29992 3.30523 3.39046 3.41203 3.42445 
1.59583 2.77731 2.89933 2.91841 2.96738 2.98401 3.06452 3.10774 3.12657 3.22449 3.25201 3.25683 3.26571 3.28851 3.29663 3.29992 3.30523 3.39046 3.41203 3.42445 
1.59583 2.77731 2.89933 2.91841 2.96738 2.98401 3.06452 3.10774 3.12657 3.22449 3.25201 3.25683 3.26571 3.28851 3.29663 3.29992 3.30523 3.39046 3.41203 3.42445 
1.59583 2.77731 2.89933 2.91841 2.96738 2.98401 3.06452 3.10774 3.12657 3.22449 3.25201 3.25683 3.26571 3.28851 3.29663 3.29992 3.30523 3.39046 3.41203 3.42445 
1.59583 2.77731 2.89933 2.91841 2.96738 2.98401 3.06452 3.10774 3.12657 3.22449 3.25201 3.25683 3.26571 3.28851 3.29663 3.29992 3.30523 3.39046 3.41203 3.42445 
1.59583 2.77731 2.89933 2.91841 2.96738 2.98401 3.06452 3.10774 3.12657 3.22449 3.25201 3.25683 3.26571 3.28851 3.29663 3.29992 3.30523 3.39046 3.41203 3.42445 
1.59583 2.77731 2.89933 2.91841 2.96738 2.98401 3.06452 3.10774 3.12657 3.22449 3.25201 3.25683 3.26571 3.28851 3.29663 3.29992 3.30523 3.39046 3.41203 3.42445 
1.59583 2.77731 2.89933 2.91841 2.96738 2.98401 3.06452 3.10774 3.12657 3.22449 3.25201 3.25683 3.26571 3.28851 3.29663 3.29992 3.30523 3.39046 3.41203 3.42445 
1.59583 2.77731 2.89933 2.91841 2.96738 2.98401 3.06452 3.10774 3.12657 3.22449 3.25201 3.25683 3.26571 3.28851 3.29663 3.29992 3.30523 3.39046 3.41203 3.42445 
1.59583 2.77731 2.89933 2.91841 2.96738 2.98401 3.06452 3.10774 3.12657 3.22449 3.25201 3.25683 3.26571 3.28851 3.29663 3.29992 3.30523 3.39046 3.41203 3.42445 
1.59583 2.77731 2.89933 2.91841 2.96738 2.98401 3.06452 3.10774 3.12657 3.22449 3.25201 3.25683 3.26571 3.28851 3.29663 3.29992 3.30523 3.39046 3.41203 3.42445 
1.59583 2.77731 2.89933 2.91841 2.96738 2.98401 3.06452 3.10774 3.12657 3.22449 3.25201 3.25683 3.26571 3.28851 3.29663 3.29992 3.30523 3.39046 3.41203 3.42445 
1.59583 2.77731 2.89933 2.91841 2.96738 2.98401 3.06452 3.10774 3.12657 3.22449 3.25201 3.25683 3.26571 3.28851 3.29663 3.29992 3.30523 3.39046 3.41203 3.42445 
1.59583 2.77731 2.89933 2.91841 2.96738 2.98401 3.06452 3.10774 3.12657 3.22449 3.25201 3.25683 3.26571 3.28851 3.29663 3.29992 3.30523 3.39046 3.41203 3.42445 
1.59583 2.77731 2.89933 2.91841 2.96738 2.98401 3.06452 3.10774 3.12657 3.22449 3.25201 3.25683 3.26571 3.28851 3.29663 3.29992 3.30523 3.39046 3.41203 3.42445 
1.59583 2.77731 2.89933 2.91841 2.96738 2.98401 3.06452 3.10774 3.12657 3.22449 3.25201 3.25683 3.26571 3.28851 3.29663 3.29992 3.30523 3.39046 3.41203 3.42445 
1.59583 2.77731 2.89933 2.91841 2.96738 2.98401 3.06452 3.10774 3.12657 3.22449 3.25201 3.25683 3.26571 3.28851 3.29663 3.29992 3.30523 3.39046 3.41203 3.42445 
1.59583 2.77731 2.89933 2.91841 2.96738 2.98401 3.06452 3.10774 3.12657 3.22449 3.25201 3.25683 3.26571 3.28851 3.29663 3.29992 3.30523 3.39046 3.41203 3.42445 
1.59583 2.77731 2.89933 2.91841 2.96738 2.98401 3.06452 3.10774 3.12657 3.22449 3.25201 3.25683 3.26571 3.28851 3.29663 3.29992 3.30523 3.39046 3.41203 3.42445 
1.59583 2.77731 2.89933 2.91841 2.96738 2.98401 3.06452 3.10774 3.12657 3.22449 3.25201 3.25683 3.26571 3.28851 3.29663 3.29992 3.30523 3.39046 3.41203 3.42445 
1.59583 2.77731 2.89933 2.91841 2.96738 2.98401 3.06452 3.10774 3.12657 3.22449 3.25201 3.25683 3.26571 3.28851 3.29663 3.29992 3.30523 3.39046 3.41203 3.42445 
1.59583 2.77731 2.89933 2.91841 2.96738 2.98401 3.06452 3.10774 3.12657 3.22449 3.25201 3.25683 3.26571 3.28851 3.29663 3.29992 3.30523 3.39046 3.41203 3.42445 
1.59583 2.77731 2.89933 2.91841 2.96738 2.98401 3.06452 3.10774 3.12657 3.22449 3.25201 3.25683 3.26571 3.28851 3.29663 3.29992 3.30523 3.39046 3.41203 3.42445 
1.59583 2.77731 2.89933 2.91841 2.96738 2.98401 3.06452 3.10774 3.12657 3.22449 3.25201 3.25683 3.26571 3.28851 3.29663 3.29992 3.30523 3.39046 3.41203 3.42445 
1.59583 2.77731 2.89933 2.91841 2.96738 2.98401 3.06452 3.10774 3.12657 3.22449 3.25201 3.25683 3.26571 3.28851 3.29663 3.29992 3.30523 3.39046 3.41203 3.42445 
1.59583 2.77731 2.89933 2.91841 2.96738 2.98401 3.06452 3.10774 3.12657 3.22449 3.25201 3.25683 3.26571 3.28851 3.29663 3.29992 3.30523 3.39046 3.41203 3.42445 
1.59583 2.77731 2.89933 2.91841 2.96738 2.98401 3.06452 3.10774 3.12657 3.22449 3.25201 3.25683 3.26571 3.28851 3.29663 3.29992 3.30523 3.39046 3.41203 3.42445 
1.59583 2.77731 2.89933 2.91841 2.96738 2.98401 3.06452 3.10774 3.12657 3.22449 3.25201 3.25683 3.26571 3.28851 3.29663 3.29992 3.30523 3.39046 3.41203 3.42445 
1.59583 2.77731 2.89933 2.91841 2.96738 2.98401 3.06452 3.10774 3.12657 3.22449 3.25201 3.25683 3.26571 3.28851 3.29663 3.29992 3.30523 3.39046 3.41203 3.42445 
1.59583 2.77731 2.89933 2.91841 2.96738 2.98401 3.06452 3.10774 3.12657 3.22449 3.25201 3.25683 3.26571 3.28851 3.29663 3.29992 3.30523 3.39046 3.41203 3.42445 
1.59583 2.77731 2.89933 2.91841 2.96738 2.98401 3.06452 3.10774 3.12657 3.22449 3.25201 3.25683 3.26571 3.28851 3.29663 3.29992 3.30523 3.39046 3.41203 3.42445 
1.59583 2.77731 2.89933 2.91841 2.96738 2.98401 3.06452 3.10774 3.12657 3.22449 3.25201 3.25683 3.26571 3.28851 3.29663 3.29992 3.30523 3.39046 3.41203 3.42445 
1.59583 2.77731 2.89933 2.91841 2.96738 2.98401 3.06452 3.10774 3.12657 3.22449 3.25201 3.25683 3.26571 3.28851 3.29663 3.29992 3.30523 3.39046 3.41203 3.42445 
1.59583 2.77731 2.89933 2.91841 2.96738 2.98401 3.06452 3.10774 3.12657 3.22449 3.25201 3.25683 3.26571 3.28851 3.29663 3.29992 3.30523 3.39046 3.41203 3.42445 
1.59583 2.77731 2.89933 2.91841 2.96738 2.98401 3.06452 3.10774 3.12657 3.22449 3.25201 3.25683 3.26571 3.28851 3.29663 3.29992 3.30523 3.39046 3.41203 3.42445 
1.59583 2.77731 2.89933 2.91841 2.96738 2.98401 3.06452 3.10774 3.12657 3.22449 3.25201 3.25683 3.26571 3.28851 3.29663 3.29992 3.30523 3.39046 3.41203 3.42445 
1.59583 2.77731 2.89933 2.91841 2.96738 2.98401 3.06452 3.10774 3.12657 3.22449 3.25201 3.25683 3.26571 3.28851 3.29663 3.29992 3.30523 3.39046 3.41203 3.42445 
