1.10716 1.66675 1.88377 2.32982 2.36032 2.92424 2.95223 3.24082 3.78446 3.82663 3.86508 3.90191 3.94239 3.97719 4.36121 4.51624 5.79269 6.06293 6.24461 6.58269 
1.10716 1.66675 1.88377 2.32982 2.36032 2.92424 2.95223 3.09357 3.19286 3.24082 3.56907 3.6333 3.70455 3.7683 3.78446 3.82663 3.86508 3.90191 3.94239 3.97697 
1.10716 1.64539 1.66675 1.88377 2.32982 2.36032 2.92424 2.95223 3.09357 3.19286 3.20781 3.24082 3.56907 3.62385 3.6333 3.67972 3.70455 3.7683 3.78446 3.82663 
1.10716 1.64539 1.66675 1.7154 1.88377 2.32982 2.36032 2.79227 2.92424 2.95223 3.09357 3.19286 3.20781 3.24082 3.35496 3.39141 3.40344 3.56907 3.62385 3.6333 
1.10716 1.64539 1.66675 1.7154 1.82505 1.88377 2.32982 2.36032 2.79227 2.92424 2.95223 3.09357 3.18204 3.18713 3.19286 3.20781 3.21892 3.24082 3.34575 3.35496 
0.725248 1.10716 1.64539 1.66675 1.7154 1.82505 1.88377 2.32982 2.36032 2.68276 2.79227 2.84906 2.92424 2.95223 3.09357 3.18204 3.18713 3.19286 3.20781 3.21892 
0.725248 1.10716 1.64539 1.66675 1.7154 1.82505 1.88377 2.32982 2.36032 2.68276 2.79227 2.84906 2.92424 2.95223 3.09357 3.18204 3.18713 3.19286 3.20781 3.21892 
0.725248 1.10716 1.64539 1.66675 1.7154 1.82505 1.88377 2.32982 2.36032 2.68276 2.79227 2.84906 2.92424 2.95223 3.07407 3.09357 3.15578 3.18204 3.18713 3.19286 
0.725248 1.10716 1.64539 1.66675 1.7154 1.82505 1.88377 2.32982 2.36032 2.68276 2.79227 2.84906 2.92424 2.95223 3.07407 3.09357 3.11658 3.15578 3.18204 3.18713 
0.0555095 0.725248 1.10716 1.64539 1.66675 1.7154 1.82505 1.88377 2.32982 2.36032 2.68276 2.79227 2.84906 2.92424 2.95223 3.07407 3.09357 3.11658 3.15578 3.18204 
0.0555095 0.725248 1.10716 1.64539 1.66675 1.7154 1.82505 1.88377 2.32982 2.36032 2.68276 2.79227 2.84906 2.91582 2.92424 2.95223 2.96701 3.07407 3.09357 3.11658 
0.0555095 0.725248 1.10716 1.64539 1.66675 1.7154 1.82505 1.88377 2.13403 2.32982 2.36032 2.68276 2.79227 2.79884 2.84906 2.91582 2.92424 2.95223 2.96701 3.07407 
0.0555095 0.725248 1.10716 1.64539 1.66675 1.7154 1.82505 1.88377 2.13403 2.32982 2.36032 2.68276 2.78442 2.79227 2.79884 2.84906 2.91582 2.92424 2.95223 2.96701 
0.0555095 0.725248 1.10716 1.64539 1.66675 1.7154 1.82505 1.88377 2.13403 2.32982 2.36032 2.68276 2.78442 2.79227 2.79884 2.84906 2.91582 2.92424 2.95223 2.96701 
0.0555095 0.725248 1.10716 1.64539 1.66675 1.7154 1.82505 1.88377 2.13403 2.32982 2.36032 2.68276 2.78442 2.79227 2.79884 2.82737 2.84906 2.91582 2.92424 2.95223 
0.0555095 0.725248 1.10716 1.64539 1.66675 1.7154 1.82505 1.88377 2.13403 2.32982 2.36032 2.68276 2.78442 2.79227 2.79884 2.81108 2.82737 2.84906 2.91582 2.92424 
0.0555095 0.725248 1.10716 1.64539 1.66675 1.7154 1.82505 1.88377 2.13403 2.32982 2.36032 2.66891 2.68276 2.78442 2.79227 2.79884 2.81108 2.82737 2.84906 2.91582 
0.0555095 0.725248 1.10716 1.64539 1.66675 1.7154 1.82505 1.88377 2.13403 2.32982 2.36032 2.66891 2.68276 2.70093 2.78442 2.79227 2.79884 2.81108 2.82737 2.84906 
0.0555095 0.725248 1.10716 1.64539 1.66675 1.7154 1.82505 1.88377 2.13403 2.32982 2.34977 2.36032 2.66891 2.68276 2.70093 2.78442 2.79227 2.79884 2.81108 2.82737 
0.0555095 0.725248 1.10716 1.64539 1.66675 1.7154 1.82505 1.86783 1.88377 2.13403 2.32982 2.34977 2.36032 2.66891 2.68276 2.70093 2.71393 2.78442 2.79227 2.79884 
0.0555095 0.725248 1.10716 1.64539 1.66675 1.7154 1.82505 1.86783 1.88377 2.13403 2.32982 2.34977 2.36032 2.66891 2.68276 2.70093 2.71393 2.78442 2.79227 2.79884 
0.0555095 0.725248 1.10716 1.64539 1.66675 1.7154 1.82505 1.86783 1.88377 2.13403 2.28038 2.32982 2.34977 2.36032 2.66891 2.68276 2.70093 2.71393 2.78442 2.79227 
0.0555095 0.725248 1.10716 1.64539 1.66675 1.7154 1.82505 1.86783 1.88377 2.13403 2.28038 2.32982 2.34977 2.36032 2.66891 2.68276 2.70093 2.71393 2.78442 2.79227 
0.0555095 0.725248 1.10716 1.64539 1.66675 1.7154 1.82505 1.86783 1.88377 2.01701 2.13403 2.28038 2.32982 2.34977 2.36032 2.66891 2.68276 2.70093 2.71393 2.78442 
0.0555095 0.725248 1.10716 1.64539 1.66675 1.7154 1.82505 1.86783 1.88377 2.01701 2.13403 2.28038 2.32982 2.34977 2.36032 2.66891 2.68276 2.70093 2.71393 2.78442 
0.0555095 0.725248 1.10716 1.64539 1.66675 1.7154 1.82505 1.86783 1.88377 2.01701 2.13403 2.28038 2.32982 2.34977 2.36032 2.66891 2.68276 2.70093 2.71393 2.78442 
0.0555095 0.725248 1.10716 1.64539 1.66675 1.7154 1.82505 1.86783 1.88377 2.01701 2.12214 2.13403 2.28038 2.32982 2.34977 2.36032 2.66891 2.68276 2.70093 2.70899 
0.0555095 0.725248 1.10716 1.64539 1.66675 1.7154 1.82505 1.86783 1.88377 2.01701 2.12214 2.13403 2.28038 2.32982 2.34977 2.36032 2.66891 2.68276 2.70093 2.70899 
0.0555095 0.725248 1.10716 1.64539 1.66675 1.7154 1.82505 1.86783 1.88377 2.01701 2.12214 2.13403 2.28038 2.32982 2.34977 2.36032 2.58154 2.66506 2.66891 2.68276 
0.0555095 0.725248 1.10716 1.64539 1.66675 1.7154 1.82505 1.86783 1.88377 2.01701 2.12214 2.13403 2.28038 2.32982 2.34977 2.36032 2.58154 2.66506 2.66891 2.68276 
0.0555095 0.169514 0.725248 1.10716 1.64539 1.66675 1.7154 1.82505 1.86783 1.88377 2.01701 2.12214 2.13403 2.28038 2.32982 2.34977 2.36032 2.58154 2.66506 2.66891 
0.0555095 0.169514 0.383766 0.725248 1.10716 1.64539 1.66675 1.7154 1.82505 1.86783 1.88377 2.01701 2.12214 2.13403 2.2261 2.28038 2.32982 2.34977 2.36032 2.58154 
0.0555095 0.169514 0.383766 0.725248 1.10716 1.64539 1.66675 1.7154 1.82505 1.86783 1.88377 2.01701 2.12214 2.13403 2.2261 2.28038 2.32982 2.34977 2.36032 2.58154 
0.0555095 0.169514 0.383766 0.725248 1.10716 1.64539 1.66675 1.7154 1.82505 1.86783 1.88377 2.01701 2.12214 2.13403 2.2261 2.28038 2.32982 2.34977 2.36032 2.58154 
0.0555095 0.169514 0.383766 0.725248 1.10716 1.64539 1.66675 1.7154 1.82505 1.86783 1.88377 2.01701 2.12214 2.13403 2.2261 2.28038 2.32982 2.34977 2.36032 2.49053 
0.0555095 0.169514 0.383766 0.725248 1.10716 1.64539 1.66675 1.7154 1.82505 1.86783 1.88377 2.01701 2.12214 2.13403 2.2261 2.28038 2.32982 2.34977 2.36032 2.49053 
0.0555095 0.169514 0.383766 0.725248 1.10716 1.302 1.64539 1.66675 1.7154 1.82505 1.86783 1.88377 2.01701 2.12214 2.13403 2.2261 2.28038 2.32982 2.34977 2.36032 
0.0555095 0.102714 0.169514 0.383766 0.725248 1.10716 1.302 1.64539 1.66675 1.7154 1.72075 1.82505 1.82745 1.86783 1.88377 2.01701 2.12214 2.13403 2.2261 2.28038 
0.0555095 0.102714 0.169514 0.383766 0.725248 1.10716 1.302 1.64539 1.66675 1.7154 1.72075 1.82505 1.82745 1.86783 1.88377 1.92964 2.01701 2.12214 2.13403 2.2261 
0.0555095 0.102714 0.169514 0.383766 0.725248 1.10716 1.302 1.64539 1.66675 1.7154 1.72075 1.82505 1.82745 1.86783 1.88377 1.92964 2.01701 2.12214 2.13403 2.2261 
0.0555095 0.102714 0.169514 0.383766 0.725248 1.10716 1.302 1.5775 1.64539 1.66675 1.7154 1.72075 1.82505 1.82745 1.86783 1.88377 1.92964 2.01701 2.12214 2.13403 
0.0555095 0.102714 0.169514 0.383766 0.725248 1.10716 1.302 1.5775 1.64539 1.66675 1.7154 1.72075 1.82505 1.82745 1.86783 1.88377 1.92964 2.01701 2.12214 2.13403 
0.0555095 0.102714 0.169514 0.383766 0.725248 1.10716 1.302 1.5775 1.64539 1.66675 1.7154 1.72075 1.73129 1.82505 1.82745 1.86783 1.88377 1.92964 2.01701 2.12214 
0.0555095 0.102714 0.169514 0.383766 0.725248 1.10716 1.302 1.5775 1.64539 1.66675 1.7154 1.72075 1.73129 1.82505 1.82745 1.86783 1.88377 1.92964 2.01701 2.12214 
0.0555095 0.102714 0.169514 0.383766 0.725248 1.10716 1.302 1.5775 1.64539 1.66675 1.7154 1.72075 1.73129 1.82505 1.82745 1.86783 1.88377 1.92964 2.01701 2.12214 
0.0555095 0.102714 0.169514 0.383766 0.725248 1.10716 1.302 1.5775 1.64539 1.66675 1.7154 1.72075 1.73129 1.82505 1.82745 1.86783 1.88377 1.92964 2.01701 2.12214 
0.0555095 0.102714 0.169514 0.383766 0.725248 1.10716 1.302 1.5775 1.64539 1.66675 1.7154 1.72075 1.73129 1.82505 1.82745 1.86783 1.88377 1.92964 2.01701 2.12214 
0.0555095 0.102714 0.169514 0.383766 0.725248 1.10716 1.302 1.5775 1.64539 1.66675 1.7154 1.72075 1.73129 1.82505 1.82745 1.86783 1.88377 1.92964 2.01701 2.12214 
0.0555095 0.102714 0.169514 0.383766 0.435849 0.725248 1.10716 1.302 1.5775 1.64539 1.66675 1.7154 1.72075 1.73129 1.82505 1.82745 1.86783 1.88377 1.92964 2.01701 
0.0555095 0.102714 0.169514 0.383766 0.435849 0.689596 0.725248 1.10716 1.302 1.5775 1.64539 1.66675 1.7154 1.72075 1.73129 1.82505 1.82745 1.86783 1.88377 1.92964 
0.0555095 0.102714 0.169514 0.383766 0.435849 0.689596 0.725248 0.889132 1.10716 1.302 1.5775 1.64539 1.66675 1.7154 1.72075 1.73129 1.82505 1.82745 1.86783 1.88377 
0.0555095 0.102714 0.169514 0.383766 0.435849 0.689596 0.725248 0.889132 1.07452 1.10716 1.302 1.5775 1.64539 1.66675 1.7154 1.72075 1.73129 1.82505 1.82745 1.86783 
0.0555095 0.102714 0.169514 0.383766 0.435849 0.689596 0.725248 0.889132 1.07452 1.10716 1.302 1.5775 1.64539 1.66675 1.7154 1.72075 1.73129 1.82505 1.82745 1.86783 
0.0555095 0.102714 0.169514 0.383766 0.435849 0.689596 0.725248 0.889132 1.07452 1.10716 1.302 1.5775 1.64539 1.66675 1.7154 1.72075 1.73129 1.82505 1.82745 1.86783 
0.0555095 0.102714 0.169514 0.383766 0.435849 0.689596 0.725248 0.889132 1.07452 1.10716 1.302 1.5775 1.64539 1.66675 1.7154 1.72075 1.73129 1.82505 1.82745 1.86783 
0.0555095 0.102714 0.169514 0.383766 0.435849 0.689596 0.725248 0.889132 1.07452 1.10716 1.302 1.5775 1.64539 1.66675 1.7154 1.72075 1.73129 1.82505 1.82745 1.86783 
0.0555095 0.102714 0.169514 0.383766 0.435849 0.689596 0.725248 0.889132 1.07452 1.10716 1.302 1.5775 1.64539 1.66675 1.7154 1.72075 1.73129 1.82505 1.82745 1.86783 
0.0555095 0.102714 0.169514 0.383766 0.435849 0.689596 0.725248 0.889132 1.07452 1.10716 1.302 1.5775 1.64539 1.66675 1.7154 1.72075 1.73129 1.82505 1.82745 1.86783 
0.0555095 0.102714 0.169514 0.383766 0.435849 0.689596 0.725248 0.889132 1.07452 1.10716 1.302 1.5775 1.64539 1.66675 1.7154 1.72075 1.73129 1.82505 1.82745 1.86783 
0.0555095 0.102714 0.169514 0.383766 0.435849 0.689596 0.725248 0.889132 1.07452 1.10716 1.302 1.5775 1.64539 1.66675 1.7154 1.72075 1.73129 1.82505 1.82745 1.86783 
0.0555095 0.102714 0.169514 0.383766 0.435849 0.689596 0.725248 0.889132 1.07452 1.10716 1.302 1.5775 1.64539 1.66675 1.7154 1.72075 1.73129 1.82505 1.82745 1.86783 
0.0555095 0.102714 0.169514 0.383766 0.435849 0.689596 0.725248 0.889132 1.07452 1.10716 1.302 1.5775 1.64539 1.66675 1.7154 1.72075 1.73129 1.82505 1.82745 1.86783 
0.0555095 0.102714 0.169514 0.383766 0.435849 0.689596 0.725248 0.889132 1.07452 1.10716 1.302 1.5775 1.64539 1.66675 1.7154 1.72075 1.73129 1.82505 1.82745 1.86783 
0.0555095 0.102714 0.169514 0.383766 0.435849 0.689596 0.725248 0.889132 1.07452 1.10716 1.302 1.5775 1.64539 1.66675 1.7154 1.72075 1.73129 1.82505 1.82745 1.86783 
0.0555095 0.102714 0.169514 0.383766 0.435849 0.689596 0.725248 0.889132 1.07452 1.10716 1.302 1.5775 1.64539 1.66675 1.7154 1.72075 1.73129 1.82505 1.82745 1.86783 
0.0555095 0.102714 0.169514 0.383766 0.435849 0.689596 0.725248 0.889132 1.07452 1.10716 1.302 1.5775 1.64539 1.66675 1.7154 1.72075 1.73129 1.82505 1.82745 1.86783 
0.0555095 0.102714 0.169514 0.383766 0.435849 0.689596 0.725248 0.889132 1.07452 1.10716 1.302 1.5775 1.64539 1.66675 1.7154 1.72075 1.73129 1.82505 1.82745 1.86783 
0.0555095 0.102714 0.169514 0.383766 0.435849 0.689596 0.725248 0.889132 1.07452 1.10716 1.302 1.5775 1.64539 1.66675 1.7154 1.72075 1.73129 1.82505 1.82745 1.86783 
0.0555095 0.102714 0.169514 0.383766 0.435849 0.689596 0.725248 0.889132 1.07452 1.10716 1.302 1.5775 1.64539 1.66675 1.7154 1.72075 1.73129 1.82505 1.82745 1.86783 
0.0555095 0.102714 0.169514 0.383766 0.435849 0.689596 0.725248 0.889132 1.07452 1.10716 1.302 1.5775 1.64539 1.66675 1.7154 1.72075 1.73129 1.82505 1.82745 1.86783 
0.0555095 0.102714 0.169514 0.383766 0.435849 0.689596 0.725248 0.889132 1.07452 1.10716 1.302 1.5775 1.64539 1.66675 1.7154 1.72075 1.73129 1.82505 1.82745 1.86783 
0.0555095 0.102714 0.169514 0.383766 0.435849 0.689596 0.725248 0.889132 1.07452 1.10716 1.302 1.5775 1.64539 1.66675 1.7154 1.72075 1.73129 1.82505 1.82745 1.86783 
0.0555095 0.102714 0.169514 0.383766 0.435849 0.689596 0.725248 0.889132 1.07452 1.10716 1.302 1.5775 1.64539 1.66675 1.7154 1.72075 1.73129 1.82505 1.82745 1.86783 
0.0555095 0.102714 0.169514 0.383766 0.435849 0.689596 0.725248 0.889132 1.07452 1.10716 1.302 1.5775 1.64539 1.66675 1.7154 1.72075 1.73129 1.82505 1.82745 1.86783 
0.0555095 0.102714 0.169514 0.383766 0.435849 0.689596 0.725248 0.889132 1.07452 1.10716 1.302 1.5775 1.64539 1.66675 1.7154 1.72075 1.73129 1.82505 1.82745 1.86783 
0.0555095 0.102714 0.169514 0.383766 0.435849 0.689596 0.725248 0.889132 1.07452 1.10716 1.302 1.5775 1.64539 1.66675 1.7154 1.72075 1.73129 1.82505 1.82745 1.86783 
0.0555095 0.102714 0.169514 0.383766 0.435849 0.689596 0.725248 0.889132 1.07452 1.10716 1.302 1.5775 1.64539 1.66675 1.7154 1.72075 1.73129 1.82505 1.82745 1.86783 
0.0555095 0.102714 0.169514 0.383766 0.435849 0.689596 0.725248 0.889132 1.07452 1.10716 1.302 1.5775 1.64539 1.66675 1.7154 1.72075 1.73129 1.82505 1.82745 1.86783 
0.0555095 0.102714 0.169514 0.383766 0.435849 0.689596 0.725248 0.889132 1.07452 1.10716 1.302 1.5775 1.64539 1.66675 1.7154 1.72075 1.73129 1.82505 1.82745 1.86783 
0.0555095 0.102714 0.169514 0.383766 0.435849 0.689596 0.725248 0.889132 1.07452 1.10716 1.302 1.5775 1.64539 1.66675 1.7154 1.72075 1.73129 1.82505 1.82745 1.86783 
0.0555095 0.102714 0.169514 0.383766 0.435849 0.689596 0.725248 0.889132 1.07452 1.10716 1.302 1.5775 1.64539 1.66675 1.7154 1.72075 1.73129 1.82505 1.82745 1.86783 
0.0555095 0.102714 0.169514 0.383766 0.435849 0.689596 0.725248 0.889132 1.07452 1.10716 1.302 1.5775 1.64539 1.66675 1.7154 1.72075 1.73129 1.82505 1.82745 1.86783 
0.0555095 0.102714 0.169514 0.383766 0.435849 0.689596 0.725248 0.889132 1.07452 1.10716 1.302 1.5775 1.64539 1.66675 1.7154 1.72075 1.73129 1.82505 1.82745 1.86783 
0.0555095 0.102714 0.169514 0.383766 0.435849 0.689596 0.725248 0.889132 1.07452 1.10716 1.302 1.5775 1.64539 1.66675 1.7154 1.72075 1.73129 1.82505 1.82745 1.86783 
0.0555095 0.102714 0.169514 0.383766 0.435849 0.689596 0.725248 0.889132 1.07452 1.10716 1.302 1.5775 1.64539 1.66675 1.7154 1.72075 1.73129 1.82505 1.82745 1.86783 
0.0555095 0.102714 0.169514 0.383766 0.435849 0.689596 0.725248 0.889132 1.07452 1.10716 1.302 1.5775 1.64539 1.66675 1.7154 1.72075 1.73129 1.82505 1.82745 1.86783 
0.0555095 0.102714 0.169514 0.383766 0.435849 0.689596 0.725248 0.889132 1.07452 1.10716 1.302 1.5775 1.64539 1.66675 1.7154 1.72075 1.73129 1.82505 1.82745 1.86783 
0.0555095 0.102714 0.169514 0.383766 0.435849 0.689596 0.725248 0.889132 1.07452 1.10716 1.302 1.5775 1.64539 1.66675 1.7154 1.72075 1.73129 1.82505 1.82745 1.86783 
0.0555095 0.102714 0.169514 0.383766 0.435849 0.689596 0.725248 0.889132 1.07452 1.10716 1.302 1.5775 1.64539 1.66675 1.7154 1.72075 1.73129 1.82505 1.82745 1.86783 
0.0555095 0.102714 0.169514 0.383766 0.435849 0.689596 0.725248 0.889132 1.07452 1.10716 1.302 1.5775 1.64539 1.66675 1.7154 1.72075 1.73129 1.82505 1.82745 1.86783 
0.0555095 0.102714 0.169514 0.383766 0.435849 0.689596 0.725248 0.889132 1.07452 1.10716 1.302 1.5775 1.64539 1.66675 1.7154 1.72075 1.73129 1.82505 1.82745 1.86783 
0.0555095 0.102714 0.169514 0.383766 0.435849 0.689596 0.725248 0.889132 1.07452 1.10716 1.302 1.5775 1.64539 1.66675 1.7154 1.72075 1.73129 1.82505 1.82745 1.86783 
0.0555095 0.102714 0.169514 0.383766 0.435849 0.689596 0.725248 0.889132 1.07452 1.10716 1.302 1.5775 1.64539 1.66675 1.7154 1.72075 1.73129 1.82505 1.82745 1.86783 
0.0555095 0.102714 0.169514 0.383766 0.435849 0.689596 0.725248 0.889132 1.07452 1.10716 1.302 1.5775 1.64539 1.66675 1.7154 1.72075 1.73129 1.82505 1.82745 1.86783 
0.0555095 0.102714 0.169514 0.383766 0.435849 0.689596 0.725248 0.889132 1.07452 1.10716 1.302 1.5775 1.64539 1.66675 1.7154 1.72075 1.73129 1.82505 1.82745 1.86783 
0.0555095 0.102714 0.169514 0.383766 0.435849 0.689596 0.725248 0.889132 1.07452 1.10716 1.302 1.5775 1.64539 1.66675 1.7154 1.72075 1.73129 1.82505 1.82745 1.86783 
0.0555095 0.102714 0.169514 0.383766 0.435849 0.689596 0.725248 0.889132 1.07452 1.10716 1.302 1.5775 1.64539 1.66675 1.7154 1.72075 1.73129 1.82505 1.82745 1.86783 
0.0555095 0.102714 0.169514 0.383766 0.435849 0.689596 0.725248 0.889132 1.07452 1.10716 1.302 1.5775 1.64539 1.66675 1.7154 1.72075 1.73129 1.82505 1.82745 1.86783 
0.0555095 0.102714 0.169514 0.383766 0.435849 0.689596 0.725248 0.889132 1.07452 1.10716 1.302 1.5775 1.64539 1.66675 1.7154 1.72075 1.73129 1.82505 1.82745 1.86783 
0.0555095 0.102714 0.169514 0.383766 0.435849 0.689596 0.725248 0.889132 1.07452 1.10716 1.302 1.5775 1.64539 1.66675 1.7154 1.72075 1.73129 1.82505 1.82745 1.86783 
