1.65524 2.73613 3.01281 3.07734 3.10471 3.2847 3.52273 3.55149 3.90993 4.06047 4.06636 4.20731 4.21553 4.25082 4.41973 4.57322 4.58655 5.98605 6.00033 6.23612 
1.65524 2.73613 3.01281 3.07734 3.10471 3.2514 3.2847 3.34581 3.36855 3.48877 3.52273 3.55149 3.90993 4.06047 4.06636 4.14361 4.20731 4.21553 4.25082 4.41973 
1.65524 2.73613 3.01281 3.05149 3.07734 3.10471 3.2514 3.27696 3.2847 3.34581 3.34917 3.36855 3.48877 3.52273 3.55149 3.72867 3.90993 3.92361 3.93938 4.06047 
1.65524 2.73613 3.01281 3.05149 3.07734 3.10471 3.13673 3.2514 3.27696 3.2847 3.34581 3.34917 3.36855 3.43074 3.48877 3.52273 3.55149 3.64065 3.66062 3.68475 
1.65524 2.73613 3.01281 3.05149 3.07734 3.10471 3.13673 3.2514 3.27696 3.2847 3.34581 3.34917 3.36855 3.43074 3.48877 3.51493 3.52273 3.55149 3.64065 3.66062 
1.65524 2.73613 3.01281 3.05149 3.07734 3.10471 3.13673 3.2514 3.27696 3.2847 3.34581 3.34917 3.36855 3.43074 3.48877 3.51493 3.52273 3.55149 3.64065 3.66062 
1.65524 2.73613 3.01281 3.05149 3.07734 3.10471 3.13673 3.2514 3.27696 3.2847 3.34581 3.34917 3.36855 3.43074 3.48877 3.51493 3.52273 3.55149 3.64065 3.66062 
1.65524 2.73613 3.01281 3.05149 3.07734 3.10471 3.13673 3.2514 3.27696 3.2847 3.34581 3.34917 3.36855 3.43074 3.48877 3.51493 3.52273 3.55149 3.61733 3.64065 
1.65524 2.73613 3.01281 3.05149 3.07734 3.10471 3.13673 3.2514 3.27696 3.2847 3.34581 3.34917 3.36855 3.43074 3.48877 3.51493 3.52273 3.55149 3.61733 3.64065 
1.65524 2.73613 3.01281 3.05149 3.07734 3.10471 3.13673 3.2514 3.27696 3.2847 3.34581 3.34917 3.36855 3.43074 3.46503 3.48877 3.51493 3.52273 3.55149 3.61733 
1.65524 2.73613 3.01281 3.05149 3.07734 3.10471 3.13673 3.2514 3.27696 3.2847 3.34581 3.34917 3.36855 3.43074 3.46503 3.48877 3.51493 3.52273 3.55149 3.61733 
1.65524 2.73613 3.01281 3.05149 3.07734 3.10471 3.13673 3.2514 3.27696 3.2847 3.34581 3.34917 3.36855 3.43074 3.46503 3.48877 3.51493 3.52273 3.55149 3.61733 
1.65524 2.73613 3.01281 3.05149 3.07734 3.08706 3.10471 3.13673 3.2514 3.27696 3.2847 3.34581 3.34917 3.36855 3.43074 3.46503 3.48877 3.51493 3.52273 3.55149 
1.65524 2.73613 3.01281 3.05149 3.07734 3.08706 3.10471 3.13673 3.2514 3.27696 3.2847 3.34581 3.34917 3.36855 3.43074 3.46503 3.48877 3.51493 3.52273 3.55149 
1.65524 2.73613 3.01281 3.05149 3.07734 3.08706 3.10471 3.13673 3.2514 3.27696 3.2847 3.34581 3.34917 3.36855 3.43074 3.46503 3.48877 3.51493 3.52273 3.55149 
1.65524 2.73613 3.01281 3.05149 3.07734 3.08706 3.10471 3.13673 3.2514 3.27696 3.2847 3.34581 3.34917 3.36855 3.43074 3.46503 3.48877 3.51493 3.52273 3.55149 
1.65524 2.73613 3.01281 3.05149 3.07734 3.08706 3.10471 3.13673 3.2514 3.27696 3.2847 3.34581 3.34917 3.36855 3.43074 3.46503 3.48877 3.51493 3.52273 3.55149 
1.65524 2.73613 3.01281 3.02808 3.05149 3.07734 3.08706 3.10471 3.13673 3.2514 3.27696 3.2847 3.34581 3.34917 3.36855 3.43074 3.46503 3.48877 3.51493 3.52273 
1.65524 2.73613 3.01281 3.02808 3.05149 3.07734 3.08706 3.10471 3.13673 3.2514 3.27696 3.2847 3.34581 3.34917 3.36855 3.43074 3.46503 3.48877 3.51493 3.52273 
1.65524 2.73613 3.01281 3.02808 3.05149 3.07734 3.08706 3.10471 3.13673 3.2514 3.27696 3.2847 3.34581 3.34917 3.36855 3.43074 3.46503 3.48877 3.51493 3.52273 
1.65524 2.73613 3.01281 3.02808 3.05149 3.07734 3.08706 3.10471 3.13673 3.2514 3.27696 3.2847 3.34581 3.34917 3.36855 3.43074 3.46503 3.48877 3.51493 3.52273 
1.65524 2.73613 3.01281 3.02808 3.05149 3.07734 3.08706 3.10471 3.13673 3.2514 3.27696 3.2847 3.34581 3.34917 3.36855 3.43074 3.46503 3.48877 3.51493 3.52273 
1.65524 2.73613 3.01281 3.02808 3.05149 3.07734 3.08706 3.10471 3.13673 3.2514 3.27696 3.2847 3.34581 3.34917 3.36855 3.43074 3.46503 3.48877 3.51493 3.52273 
1.65524 2.73613 3.01281 3.02808 3.05149 3.07734 3.08706 3.10471 3.13673 3.2514 3.27696 3.2847 3.34581 3.34917 3.36855 3.43074 3.46503 3.48877 3.51493 3.52273 
1.65524 2.73613 3.01281 3.02808 3.05149 3.07734 3.08706 3.10471 3.13673 3.2514 3.27696 3.2847 3.34581 3.34917 3.36855 3.43074 3.46503 3.48877 3.51493 3.52273 
1.65524 2.73613 3.01281 3.02808 3.05149 3.07734 3.08706 3.10471 3.13673 3.2514 3.27696 3.2847 3.34581 3.34917 3.36855 3.43074 3.46503 3.48877 3.51493 3.52273 
1.65524 2.73613 3.01281 3.02808 3.05149 3.07734 3.08706 3.10471 3.13673 3.2514 3.27696 3.2847 3.34581 3.34917 3.36855 3.43074 3.46503 3.48877 3.51493 3.52273 
1.65524 2.73613 3.01281 3.02808 3.05149 3.07734 3.08706 3.10471 3.13673 3.2514 3.27696 3.2847 3.34581 3.34917 3.36855 3.43074 3.46503 3.48877 3.51493 3.52273 
1.65524 2.73613 3.01281 3.02808 3.05149 3.07734 3.08706 3.10471 3.13673 3.2514 3.27696 3.2847 3.34581 3.34917 3.36855 3.43074 3.46503 3.48877 3.51493 3.52273 
1.65524 2.73613 3.01281 3.02808 3.05149 3.07734 3.08706 3.10471 3.13673 3.2514 3.27696 3.2847 3.34581 3.34917 3.36855 3.43074 3.46503 3.48877 3.51493 3.52273 
1.65524 2.73613 3.01281 3.02808 3.05149 3.07734 3.08706 3.10471 3.13673 3.2514 3.27696 3.2847 3.34581 3.34917 3.36855 3.43074 3.46503 3.48877 3.51493 3.52273 
1.65524 2.73613 3.01281 3.02808 3.05149 3.07734 3.08706 3.10471 3.13673 3.2514 3.27696 3.2847 3.34581 3.34917 3.36855 3.43074 3.46503 3.48877 3.51493 3.52273 
1.65524 2.73613 3.01281 3.02808 3.05149 3.07734 3.08706 3.10471 3.13673 3.2514 3.27696 3.2847 3.34581 3.34917 3.36855 3.43074 3.46503 3.48877 3.51493 3.52273 
1.65524 2.73613 3.01281 3.02808 3.05149 3.07734 3.08706 3.10471 3.13673 3.2514 3.27696 3.2847 3.34581 3.34917 3.36855 3.43074 3.46503 3.48877 3.51493 3.52273 
1.65524 2.73613 3.01281 3.02808 3.05149 3.07734 3.08706 3.10471 3.13673 3.2514 3.27696 3.2847 3.34581 3.34917 3.36855 3.43074 3.46503 3.48877 3.51493 3.52273 
1.65524 2.73613 3.01281 3.02808 3.05149 3.07734 3.08706 3.10471 3.13673 3.2514 3.27696 3.2847 3.34581 3.34917 3.36855 3.43074 3.46503 3.48877 3.51493 3.52273 
1.65524 2.73613 3.01281 3.02808 3.05149 3.07734 3.08706 3.10471 3.13673 3.2514 3.27696 3.2847 3.34581 3.34917 3.36855 3.43074 3.46503 3.48877 3.51493 3.52273 
1.65524 2.73613 3.01281 3.02808 3.05149 3.07734 3.08706 3.10471 3.13673 3.2514 3.27696 3.2847 3.34581 3.34917 3.36855 3.43074 3.46503 3.48877 3.51493 3.52273 
1.65524 2.73613 3.01281 3.02808 3.05149 3.07734 3.08706 3.10471 3.13673 3.2514 3.27696 3.2847 3.34581 3.34917 3.36855 3.43074 3.46503 3.48877 3.51493 3.52273 
1.65524 2.73613 3.01281 3.02808 3.05149 3.07734 3.08706 3.10471 3.13673 3.2514 3.27696 3.2847 3.34581 3.34917 3.36855 3.43074 3.46503 3.48877 3.51493 3.52273 
1.65524 2.73613 3.01281 3.02808 3.05149 3.07734 3.08706 3.10471 3.13673 3.2514 3.27696 3.2847 3.34581 3.34917 3.36855 3.43074 3.46503 3.48877 3.51493 3.52273 
1.65524 2.73613 3.01281 3.02808 3.05149 3.07734 3.08706 3.10471 3.13673 3.2514 3.27696 3.2847 3.34581 3.34917 3.36855 3.43074 3.46503 3.48877 3.51493 3.52273 
1.65524 2.73613 3.01281 3.02808 3.05149 3.07734 3.08706 3.10471 3.13673 3.2514 3.27696 3.2847 3.34581 3.34917 3.36855 3.43074 3.46503 3.48877 3.51493 3.52273 
1.65524 2.73613 3.01281 3.02808 3.05149 3.07734 3.08706 3.10471 3.13673 3.2514 3.27696 3.2847 3.34581 3.34917 3.36855 3.43074 3.46503 3.48877 3.51493 3.52273 
1.65524 2.73613 3.01281 3.02808 3.05149 3.07734 3.08706 3.10471 3.13673 3.2514 3.27696 3.2847 3.34581 3.34917 3.36855 3.43074 3.46503 3.48877 3.51493 3.52273 
1.65524 2.73613 3.01281 3.02808 3.05149 3.07734 3.08706 3.10471 3.13673 3.2514 3.27696 3.2847 3.34581 3.34917 3.36855 3.43074 3.46503 3.48877 3.51493 3.52273 
1.65524 2.73613 3.01281 3.02808 3.05149 3.07734 3.08706 3.10471 3.13673 3.2514 3.27696 3.2847 3.34581 3.34917 3.36855 3.43074 3.46503 3.48877 3.51493 3.52273 
1.65524 2.73613 3.01281 3.02808 3.05149 3.07734 3.08706 3.10471 3.13673 3.2514 3.27696 3.2847 3.34581 3.34917 3.36855 3.43074 3.46503 3.48877 3.51493 3.52273 
1.65524 2.73613 3.01281 3.02808 3.05149 3.07734 3.08706 3.10471 3.13673 3.2514 3.27696 3.2847 3.34581 3.34917 3.36855 3.43074 3.46503 3.48877 3.51493 3.52273 
1.65524 2.73613 3.01281 3.02808 3.05149 3.07734 3.08706 3.10471 3.13673 3.2514 3.27696 3.2847 3.34581 3.34917 3.36855 3.43074 3.46503 3.48877 3.51493 3.52273 
1.65524 2.73613 3.01281 3.02808 3.05149 3.07734 3.08706 3.10471 3.13673 3.2514 3.27696 3.2847 3.34581 3.34917 3.36855 3.43074 3.46503 3.48877 3.51493 3.52273 
1.65524 2.73613 3.01281 3.02808 3.05149 3.07734 3.08706 3.10471 3.13673 3.2514 3.27696 3.2847 3.34581 3.34917 3.36855 3.43074 3.46503 3.48877 3.51493 3.52273 
1.65524 2.73613 3.01281 3.02808 3.05149 3.07734 3.08706 3.10471 3.13673 3.2514 3.27696 3.2847 3.34581 3.34917 3.36855 3.43074 3.46503 3.48877 3.51493 3.52273 
1.65524 2.73613 3.01281 3.02808 3.05149 3.07734 3.08706 3.10471 3.13673 3.2514 3.27696 3.2847 3.34581 3.34917 3.36855 3.43074 3.46503 3.48877 3.51493 3.52273 
1.65524 2.73613 3.01281 3.02808 3.05149 3.07734 3.08706 3.10471 3.13673 3.2514 3.27696 3.2847 3.34581 3.34917 3.36855 3.43074 3.46503 3.48877 3.51493 3.52273 
1.65524 2.73613 3.01281 3.02808 3.05149 3.07734 3.08706 3.10471 3.13673 3.2514 3.27696 3.2847 3.34581 3.34917 3.36855 3.43074 3.46503 3.48877 3.51493 3.52273 
1.65524 2.73613 3.01281 3.02808 3.05149 3.07734 3.08706 3.10471 3.13673 3.2514 3.27696 3.2847 3.34581 3.34917 3.36855 3.43074 3.46503 3.48877 3.51493 3.52273 
1.65524 2.73613 3.01281 3.02808 3.05149 3.07734 3.08706 3.10471 3.13673 3.2514 3.27696 3.2847 3.34581 3.34917 3.36855 3.43074 3.46503 3.48877 3.51493 3.52273 
1.65524 2.73613 3.01281 3.02808 3.05149 3.07734 3.08706 3.10471 3.13673 3.2514 3.27696 3.2847 3.34581 3.34917 3.36855 3.43074 3.46503 3.48877 3.51493 3.52273 
1.65524 2.73613 3.01281 3.02808 3.05149 3.07734 3.08706 3.10471 3.13673 3.2514 3.27696 3.2847 3.34581 3.34917 3.36855 3.43074 3.46503 3.48877 3.51493 3.52273 
1.65524 2.73613 3.01281 3.02808 3.05149 3.07734 3.08706 3.10471 3.13673 3.2514 3.27696 3.2847 3.34581 3.34917 3.36855 3.43074 3.46503 3.48877 3.51493 3.52273 
1.65524 2.73613 3.01281 3.02808 3.05149 3.07734 3.08706 3.10471 3.13673 3.2514 3.27696 3.2847 3.34581 3.34917 3.36855 3.43074 3.46503 3.48877 3.51493 3.52273 
1.65524 2.73613 3.01281 3.02808 3.05149 3.07734 3.08706 3.10471 3.13673 3.2514 3.27696 3.2847 3.34581 3.34917 3.36855 3.43074 3.46503 3.48877 3.51493 3.52273 
1.65524 2.73613 3.01281 3.02808 3.05149 3.07734 3.08706 3.10471 3.13673 3.2514 3.27696 3.2847 3.34581 3.34917 3.36855 3.43074 3.46503 3.48877 3.51493 3.52273 
1.65524 2.73613 3.01281 3.02808 3.05149 3.07734 3.08706 3.10471 3.13673 3.2514 3.27696 3.2847 3.34581 3.34917 3.36855 3.43074 3.46503 3.48877 3.51493 3.52273 
1.65524 2.73613 3.01281 3.02808 3.05149 3.07734 3.08706 3.10471 3.13673 3.2514 3.27696 3.2847 3.34581 3.34917 3.36855 3.43074 3.46503 3.48877 3.51493 3.52273 
1.65524 2.73613 3.01281 3.02808 3.05149 3.07734 3.08706 3.10471 3.13673 3.2514 3.27696 3.2847 3.34581 3.34917 3.36855 3.43074 3.46503 3.48877 3.51493 3.52273 
1.65524 2.73613 3.01281 3.02808 3.05149 3.07734 3.08706 3.10471 3.13673 3.2514 3.27696 3.2847 3.34581 3.34917 3.36855 3.43074 3.46503 3.48877 3.51493 3.52273 
1.65524 2.73613 3.01281 3.02808 3.05149 3.07734 3.08706 3.10471 3.13673 3.2514 3.27696 3.2847 3.34581 3.34917 3.36855 3.43074 3.46503 3.48877 3.51493 3.52273 
1.65524 2.73613 3.01281 3.02808 3.05149 3.07734 3.08706 3.10471 3.13673 3.2514 3.27696 3.2847 3.34581 3.34917 3.36855 3.43074 3.46503 3.48877 3.51493 3.52273 
1.65524 2.73613 3.01281 3.02808 3.05149 3.07734 3.08706 3.10471 3.13673 3.2514 3.27696 3.2847 3.34581 3.34917 3.36855 3.43074 3.46503 3.48877 3.51493 3.52273 
1.65524 2.73613 3.01281 3.02808 3.05149 3.07734 3.08706 3.10471 3.13673 3.2514 3.27696 3.2847 3.34581 3.34917 3.36855 3.43074 3.46503 3.48877 3.51493 3.52273 
1.65524 2.73613 3.01281 3.02808 3.05149 3.07734 3.08706 3.10471 3.13673 3.2514 3.27696 3.2847 3.34581 3.34917 3.36855 3.43074 3.46503 3.48877 3.51493 3.52273 
1.65524 2.73613 3.01281 3.02808 3.05149 3.07734 3.08706 3.10471 3.13673 3.2514 3.27696 3.2847 3.34581 3.34917 3.36855 3.43074 3.46503 3.48877 3.51493 3.52273 
1.65524 2.73613 3.01281 3.02808 3.05149 3.07734 3.08706 3.10471 3.13673 3.2514 3.27696 3.2847 3.34581 3.34917 3.36855 3.43074 3.46503 3.48877 3.51493 3.52273 
1.65524 2.73613 3.01281 3.02808 3.05149 3.07734 3.08706 3.10471 3.13673 3.2514 3.27696 3.2847 3.34581 3.34917 3.36855 3.43074 3.46503 3.48877 3.51493 3.52273 
1.65524 2.73613 3.01281 3.02808 3.05149 3.07734 3.08706 3.10471 3.13673 3.2514 3.27696 3.2847 3.34581 3.34917 3.36855 3.43074 3.46503 3.48877 3.51493 3.52273 
1.65524 2.73613 3.01281 3.02808 3.05149 3.07734 3.08706 3.10471 3.13673 3.2514 3.27696 3.2847 3.34581 3.34917 3.36855 3.43074 3.46503 3.48877 3.51493 3.52273 
1.65524 2.73613 3.01281 3.02808 3.05149 3.07734 3.08706 3.10471 3.13673 3.2514 3.27696 3.2847 3.34581 3.34917 3.36855 3.43074 3.46503 3.48877 3.51493 3.52273 
1.65524 2.73613 3.01281 3.02808 3.05149 3.07734 3.08706 3.10471 3.13673 3.2514 3.27696 3.2847 3.34581 3.34917 3.36855 3.43074 3.46503 3.48877 3.51493 3.52273 
1.65524 2.73613 3.01281 3.02808 3.05149 3.07734 3.08706 3.10471 3.13673 3.2514 3.27696 3.2847 3.34581 3.34917 3.36855 3.43074 3.46503 3.48877 3.51493 3.52273 
1.65524 2.73613 3.01281 3.02808 3.05149 3.07734 3.08706 3.10471 3.13673 3.2514 3.27696 3.2847 3.34581 3.34917 3.36855 3.43074 3.46503 3.48877 3.51493 3.52273 
1.65524 2.73613 3.01281 3.02808 3.05149 3.07734 3.08706 3.10471 3.13673 3.2514 3.27696 3.2847 3.34581 3.34917 3.36855 3.43074 3.46503 3.48877 3.51493 3.52273 
1.65524 2.73613 3.01281 3.02808 3.05149 3.07734 3.08706 3.10471 3.13673 3.2514 3.27696 3.2847 3.34581 3.34917 3.36855 3.43074 3.46503 3.48877 3.51493 3.52273 
1.65524 2.73613 3.01281 3.02808 3.05149 3.07734 3.08706 3.10471 3.13673 3.2514 3.27696 3.2847 3.34581 3.34917 3.36855 3.43074 3.46503 3.48877 3.51493 3.52273 
1.65524 2.73613 3.01281 3.02808 3.05149 3.07734 3.08706 3.10471 3.13673 3.2514 3.27696 3.2847 3.34581 3.34917 3.36855 3.43074 3.46503 3.48877 3.51493 3.52273 
1.65524 2.73613 3.01281 3.02808 3.05149 3.07734 3.08706 3.10471 3.13673 3.2514 3.27696 3.2847 3.34581 3.34917 3.36855 3.43074 3.46503 3.48877 3.51493 3.52273 
1.65524 2.73613 3.01281 3.02808 3.05149 3.07734 3.08706 3.10471 3.13673 3.2514 3.27696 3.2847 3.34581 3.34917 3.36855 3.43074 3.46503 3.48877 3.51493 3.52273 
1.65524 2.73613 3.01281 3.02808 3.05149 3.07734 3.08706 3.10471 3.13673 3.2514 3.27696 3.2847 3.34581 3.34917 3.36855 3.43074 3.46503 3.48877 3.51493 3.52273 
1.65524 2.73613 3.01281 3.02808 3.05149 3.07734 3.08706 3.10471 3.13673 3.2514 3.27696 3.2847 3.34581 3.34917 3.36855 3.43074 3.46503 3.48877 3.51493 3.52273 
1.65524 2.73613 3.01281 3.02808 3.05149 3.07734 3.08706 3.10471 3.13673 3.2514 3.27696 3.2847 3.34581 3.34917 3.36855 3.43074 3.46503 3.48877 3.51493 3.52273 
1.65524 2.73613 3.01281 3.02808 3.05149 3.07734 3.08706 3.10471 3.13673 3.2514 3.27696 3.2847 3.34581 3.34917 3.36855 3.43074 3.46503 3.48877 3.51493 3.52273 
1.65524 2.73613 3.01281 3.02808 3.05149 3.07734 3.08706 3.10471 3.13673 3.2514 3.27696 3.2847 3.34581 3.34917 3.36855 3.43074 3.46503 3.48877 3.51493 3.52273 
1.65524 2.73613 3.01281 3.02808 3.05149 3.07734 3.08706 3.10471 3.13673 3.2514 3.27696 3.2847 3.34581 3.34917 3.36855 3.43074 3.46503 3.48877 3.51493 3.52273 
1.65524 2.73613 3.01281 3.02808 3.05149 3.07734 3.08706 3.10471 3.13673 3.2514 3.27696 3.2847 3.34581 3.34917 3.36855 3.43074 3.46503 3.48877 3.51493 3.52273 
1.65524 2.73613 3.01281 3.02808 3.05149 3.07734 3.08706 3.10471 3.13673 3.2514 3.27696 3.2847 3.34581 3.34917 3.36855 3.43074 3.46503 3.48877 3.51493 3.52273 
1.65524 2.73613 3.01281 3.02808 3.05149 3.07734 3.08706 3.10471 3.13673 3.2514 3.27696 3.2847 3.34581 3.34917 3.36855 3.43074 3.46503 3.48877 3.51493 3.52273 
1.65524 2.73613 3.01281 3.02808 3.05149 3.07734 3.08706 3.10471 3.13673 3.2514 3.27696 3.2847 3.34581 3.34917 3.36855 3.43074 3.46503 3.48877 3.51493 3.52273 
1.65524 2.73613 3.01281 3.02808 3.05149 3.07734 3.08706 3.10471 3.13673 3.2514 3.27696 3.2847 3.34581 3.34917 3.36855 3.43074 3.46503 3.48877 3.51493 3.52273 
1.65524 2.73613 3.01281 3.02808 3.05149 3.07734 3.08706 3.10471 3.13673 3.2514 3.27696 3.2847 3.34581 3.34917 3.36855 3.43074 3.46503 3.48877 3.51493 3.52273 
