2.15548 2.64515 2.94195 2.97781 3.2525 3.25691 3.28009 3.30544 3.30906 3.45101 3.54939 3.76443 3.8575 3.99291 4.44102 4.46574 4.48047 4.52766 4.80196 6.2062 
1.68131 1.68366 2.15548 2.54438 2.64515 2.72452 2.94195 2.94801 2.97781 3.07312 3.09395 3.11176 3.17094 3.18342 3.20514 3.2525 3.25691 3.28009 3.30544 3.30906 
1.29932 1.54803 1.68131 1.68366 1.70346 2.08204 2.15548 2.53286 2.54438 2.64515 2.72452 2.80839 2.84037 2.84216 2.94195 2.94801 2.97781 3.06597 3.07312 3.09318 
1.29932 1.54803 1.6199 1.62426 1.68131 1.68366 1.70346 1.73137 2.08204 2.15548 2.53286 2.54438 2.64515 2.72452 2.80839 2.84037 2.84216 2.94195 2.94801 2.97781 
0.410988 0.991661 1.29932 1.54803 1.6199 1.62426 1.68131 1.68366 1.70346 1.73137 2.08204 2.08726 2.15548 2.25641 2.53286 2.54438 2.64515 2.72452 2.80839 2.84037 
0.121279 0.123009 0.410988 0.991661 1.29932 1.54803 1.6199 1.62426 1.68131 1.68366 1.70346 1.73137 2.01412 2.08204 2.08726 2.15548 2.25641 2.53286 2.54438 2.64515 
0.121279 0.123009 0.410988 0.991661 1.29932 1.54803 1.6199 1.62426 1.68131 1.68366 1.70346 1.73137 2.01412 2.08204 2.08726 2.15548 2.25641 2.53286 2.54438 2.64515 
0.121279 0.123009 0.410988 0.991661 1.29204 1.29932 1.54803 1.6199 1.62426 1.68131 1.68366 1.70346 1.73137 2.01412 2.08204 2.08726 2.15548 2.25641 2.53286 2.54438 
0.121279 0.123009 0.410988 0.991661 1.29204 1.29932 1.54241 1.54803 1.6199 1.62426 1.68131 1.68366 1.70346 1.73137 2.01412 2.08204 2.08726 2.15548 2.25641 2.53286 
0.121279 0.123009 0.410988 0.598345 0.991661 1.29204 1.29932 1.54241 1.54803 1.6199 1.62426 1.68131 1.68366 1.70346 1.73137 2.01412 2.08204 2.08726 2.15548 2.25641 
0.121279 0.123009 0.410988 0.598345 0.991661 1.29204 1.29932 1.54241 1.54803 1.6199 1.62426 1.68131 1.68366 1.70346 1.73137 2.01412 2.08204 2.08726 2.15548 2.25641 
0.0366836 0.121279 0.123009 0.410988 0.598345 0.649205 0.991661 1.18494 1.29204 1.29932 1.54241 1.54803 1.6199 1.62426 1.68131 1.68366 1.70346 1.73137 2.01412 2.08204 
0.0366836 0.121279 0.123009 0.410988 0.598345 0.649205 0.991661 1.13169 1.18494 1.29204 1.29932 1.54241 1.54803 1.57684 1.6199 1.62426 1.68131 1.68366 1.70346 1.73137 
0.0366836 0.121279 0.123009 0.410988 0.598345 0.649205 0.991661 1.13169 1.18494 1.29204 1.29932 1.54241 1.54803 1.57684 1.6199 1.62426 1.68131 1.68366 1.70346 1.73137 
0.0366836 0.121279 0.123009 0.410988 0.598345 0.649205 0.991661 1.13169 1.18494 1.29204 1.29932 1.54241 1.54803 1.57684 1.6199 1.62426 1.68131 1.68366 1.70346 1.73137 
0.0366836 0.121279 0.123009 0.410988 0.598345 0.649205 0.991661 1.13169 1.18494 1.29204 1.29932 1.54241 1.54803 1.57684 1.6199 1.62426 1.68131 1.68366 1.70346 1.73137 
0.0366836 0.121279 0.123009 0.410988 0.598345 0.649205 0.991661 1.13169 1.18494 1.29204 1.29932 1.54241 1.54803 1.57684 1.6199 1.62426 1.68131 1.68366 1.70346 1.73137 
0.0366836 0.121279 0.123009 0.410988 0.598345 0.649205 0.991661 1.13169 1.18494 1.29204 1.29932 1.54241 1.54803 1.57684 1.6199 1.62426 1.68131 1.68366 1.70346 1.73137 
0.0366836 0.121279 0.123009 0.410988 0.598345 0.649205 0.991661 1.11829 1.13169 1.18494 1.29204 1.29932 1.54241 1.54803 1.57684 1.6199 1.62426 1.68131 1.68366 1.70346 
0.0366836 0.121279 0.123009 0.410988 0.598345 0.649205 0.991661 1.11829 1.13169 1.18494 1.29204 1.29932 1.54241 1.54803 1.57684 1.6199 1.62426 1.68131 1.68366 1.70346 
0.0366836 0.121279 0.123009 0.410988 0.586854 0.598345 0.649205 0.991661 1.11829 1.13169 1.18494 1.29204 1.29932 1.54241 1.54803 1.57684 1.6199 1.62426 1.68131 1.68366 
0.0366836 0.121279 0.123009 0.410988 0.586854 0.598345 0.649205 0.991661 1.11829 1.13169 1.18494 1.29204 1.29932 1.54241 1.54803 1.57684 1.6199 1.62426 1.68131 1.68366 
0.0366836 0.121279 0.123009 0.410988 0.586854 0.598345 0.649205 0.991661 1.11829 1.13169 1.18494 1.29204 1.29932 1.54241 1.54803 1.57684 1.6199 1.62426 1.68131 1.68366 
0.0366836 0.121279 0.123009 0.410988 0.586854 0.598345 0.649205 0.991661 1.11829 1.13169 1.18494 1.29204 1.29932 1.54241 1.54803 1.57684 1.58174 1.6199 1.62426 1.68131 
0.0366836 0.121279 0.123009 0.410988 0.586854 0.598345 0.649205 0.991661 1.11829 1.13169 1.18494 1.29204 1.29932 1.54241 1.54803 1.57684 1.58174 1.6199 1.62426 1.68131 
0.0366836 0.121279 0.123009 0.410988 0.586854 0.598345 0.649205 0.991661 1.11829 1.13169 1.18494 1.29204 1.29932 1.54241 1.54803 1.57684 1.58174 1.6199 1.62426 1.68131 
0.0366836 0.121279 0.123009 0.410988 0.586854 0.598345 0.649205 0.991661 1.11829 1.13169 1.18494 1.29204 1.29932 1.54241 1.54803 1.57684 1.58174 1.6199 1.62426 1.68131 
0.0366836 0.121279 0.123009 0.410988 0.586854 0.598345 0.649205 0.991661 1.11829 1.13169 1.15158 1.18494 1.29204 1.29932 1.54241 1.54803 1.57684 1.58174 1.6199 1.62426 
0.0366836 0.121279 0.123009 0.410988 0.586854 0.598345 0.649205 0.991661 1.11829 1.13169 1.15158 1.18494 1.29204 1.29932 1.54241 1.54803 1.57684 1.58174 1.6199 1.62426 
0.0366836 0.121279 0.123009 0.410988 0.586854 0.598345 0.649205 0.991661 1.11829 1.13169 1.15158 1.18494 1.18584 1.29204 1.29932 1.54241 1.54803 1.57684 1.58174 1.6199 
0.0366836 0.121279 0.123009 0.199071 0.410988 0.586854 0.598345 0.649205 0.991661 1.11829 1.13169 1.15158 1.18494 1.18584 1.29204 1.29932 1.54241 1.54803 1.57684 1.58174 
0.0366836 0.121279 0.123009 0.199071 0.410988 0.586854 0.598345 0.648223 0.649205 0.991661 1.11829 1.13169 1.15158 1.18494 1.18584 1.29204 1.29932 1.54241 1.54803 1.57684 
0.0366836 0.121279 0.123009 0.199071 0.410988 0.586854 0.598345 0.648223 0.649205 0.991661 1.11829 1.13169 1.15158 1.18494 1.18584 1.29204 1.29932 1.54241 1.54803 1.57684 
0.0366836 0.121279 0.123009 0.199071 0.410988 0.586854 0.598345 0.648223 0.649205 0.991661 1.11829 1.13169 1.15158 1.18494 1.18584 1.29204 1.29932 1.39589 1.54241 1.54803 
0.0366836 0.121279 0.123009 0.199071 0.410988 0.586854 0.598345 0.648223 0.649205 0.991661 1.11829 1.13169 1.15158 1.18494 1.18584 1.29204 1.29932 1.39589 1.54241 1.54803 
0.0366836 0.121279 0.123009 0.199071 0.410988 0.586854 0.598345 0.648223 0.649205 0.991661 1.11829 1.13169 1.15158 1.18494 1.18584 1.29204 1.29932 1.39589 1.54241 1.54803 
0.0366836 0.121279 0.123009 0.199071 0.245141 0.410988 0.586854 0.598345 0.648223 0.649205 0.991661 1.11829 1.13169 1.15158 1.18494 1.18584 1.29204 1.29932 1.39589 1.54241 
0.0366836 0.121279 0.123009 0.199071 0.245141 0.410988 0.586854 0.598345 0.648223 0.649205 0.991661 1.11829 1.13169 1.15158 1.18494 1.18584 1.29204 1.29932 1.39589 1.54241 
0.0366836 0.118463 0.121279 0.123009 0.199071 0.245141 0.410988 0.586854 0.598345 0.648223 0.649205 0.991661 1.11829 1.13169 1.15158 1.18494 1.18584 1.29204 1.29932 1.39589 
0.0366836 0.118463 0.121279 0.123009 0.199071 0.245141 0.410988 0.586854 0.598345 0.648223 0.649205 0.991661 1.11829 1.13169 1.15158 1.18494 1.18584 1.29204 1.29932 1.39589 
0.0366836 0.118463 0.121279 0.123009 0.199071 0.245141 0.410988 0.586854 0.598345 0.648223 0.649205 0.991661 1.09017 1.11829 1.13169 1.15158 1.18494 1.18584 1.29204 1.29932 
0.0366836 0.118463 0.121279 0.123009 0.199071 0.245141 0.410988 0.586854 0.598345 0.648223 0.649205 0.991661 1.09017 1.11829 1.13169 1.15158 1.18494 1.18584 1.29204 1.29932 
0.0366836 0.118463 0.121279 0.123009 0.199071 0.245141 0.410988 0.586854 0.598345 0.648223 0.649205 0.991661 1.09017 1.11829 1.13169 1.15158 1.18494 1.18584 1.29204 1.29932 
0.0366836 0.118463 0.121279 0.123009 0.199071 0.245141 0.410988 0.586854 0.598345 0.648223 0.649205 0.991661 1.09017 1.11829 1.13169 1.15158 1.18494 1.18584 1.29204 1.29932 
0.0366836 0.118463 0.121279 0.123009 0.199071 0.245141 0.410988 0.586854 0.598345 0.648223 0.649205 0.991661 1.09017 1.11829 1.13169 1.15158 1.18494 1.18584 1.29204 1.29932 
0.0366836 0.118463 0.121279 0.123009 0.199071 0.245141 0.410988 0.586854 0.598345 0.648223 0.649205 0.991661 1.09017 1.11829 1.13169 1.15158 1.18494 1.18584 1.29204 1.29932 
0.0366836 0.118463 0.121279 0.123009 0.199071 0.245141 0.410988 0.586854 0.598345 0.648223 0.649205 0.991661 1.09017 1.11829 1.13169 1.15158 1.18494 1.18584 1.29204 1.29872 
0.0366836 0.118463 0.121279 0.123009 0.199071 0.245141 0.410988 0.586854 0.598345 0.648223 0.649205 0.991661 1.09017 1.11829 1.13169 1.15158 1.18494 1.18584 1.29204 1.29872 
0.0366836 0.118463 0.121279 0.123009 0.199071 0.245141 0.410988 0.586854 0.598345 0.648223 0.649205 0.991661 1.09017 1.11829 1.13169 1.15158 1.18494 1.18584 1.29204 1.29872 
0.0366836 0.118463 0.121279 0.123009 0.199071 0.245141 0.410988 0.586854 0.598345 0.648223 0.649205 0.991661 1.09017 1.11829 1.13169 1.15158 1.18494 1.18584 1.29204 1.29872 
0.0366836 0.118463 0.121279 0.123009 0.199071 0.245141 0.260374 0.410988 0.586854 0.598345 0.648223 0.649205 0.771599 0.913237 0.991661 1.09017 1.11829 1.13169 1.15158 1.18494 
0.0366836 0.118463 0.121279 0.123009 0.199071 0.245141 0.260374 0.410988 0.586854 0.598345 0.648223 0.649205 0.771599 0.913237 0.920626 0.991661 1.09017 1.11829 1.13169 1.15158 
0.0366836 0.118463 0.121279 0.123009 0.199071 0.245141 0.260374 0.410988 0.566095 0.586854 0.598345 0.648223 0.649205 0.771599 0.913237 0.920626 0.991661 1.09017 1.11829 1.13169 
0.0366836 0.118463 0.121279 0.123009 0.199071 0.245141 0.260374 0.410988 0.566095 0.586854 0.598345 0.648223 0.649205 0.771599 0.913237 0.920626 0.978753 0.991661 1.09017 1.11829 
0.0366836 0.118463 0.121279 0.123009 0.199071 0.245141 0.260374 0.410988 0.566095 0.586854 0.598345 0.648223 0.649205 0.771599 0.913237 0.920626 0.978753 0.991661 1.09017 1.11829 
0.0366836 0.118463 0.121279 0.123009 0.199071 0.245141 0.260374 0.410988 0.566095 0.586854 0.598345 0.648223 0.649205 0.771599 0.913237 0.920626 0.978753 0.991661 1.09017 1.11829 
0.0366836 0.118463 0.121279 0.123009 0.199071 0.245141 0.260374 0.410988 0.566095 0.586854 0.598345 0.648223 0.649205 0.771599 0.913237 0.920626 0.978753 0.991661 1.09017 1.11829 
0.0366836 0.118463 0.121279 0.123009 0.199071 0.245141 0.260374 0.410988 0.566095 0.586854 0.598345 0.648223 0.649205 0.771599 0.913237 0.920626 0.978753 0.991661 1.09017 1.11829 
0.0366836 0.118463 0.121279 0.123009 0.199071 0.245141 0.260374 0.410988 0.566095 0.586854 0.598345 0.648223 0.649205 0.771599 0.913237 0.920626 0.978753 0.991661 1.07795 1.09017 
0.0366836 0.118463 0.121279 0.123009 0.199071 0.245141 0.260374 0.410988 0.51738 0.566095 0.586854 0.598345 0.648223 0.649205 0.771599 0.890688 0.913237 0.920626 0.978753 0.991661 
0.0366836 0.118463 0.121279 0.123009 0.199071 0.245141 0.260374 0.410988 0.51738 0.566095 0.586854 0.598345 0.648223 0.649205 0.771599 0.890688 0.913237 0.920626 0.978753 0.991661 
0.0366836 0.118463 0.121279 0.123009 0.199071 0.245141 0.260374 0.410988 0.51738 0.566095 0.586854 0.598345 0.648223 0.649205 0.663263 0.680145 0.771599 0.890688 0.913237 0.920626 
0.0366836 0.118463 0.121279 0.123009 0.199071 0.245141 0.260374 0.410988 0.51738 0.566095 0.586854 0.598345 0.648223 0.649205 0.663263 0.680145 0.771599 0.890688 0.913237 0.920626 
0.0366836 0.118463 0.121279 0.123009 0.199071 0.245141 0.260374 0.410988 0.51738 0.566095 0.586854 0.598345 0.648223 0.649205 0.663263 0.680145 0.771599 0.825306 0.890688 0.913237 
0.0366836 0.118463 0.121279 0.123009 0.199071 0.245141 0.260374 0.410988 0.51738 0.566095 0.586854 0.598345 0.648223 0.649205 0.663263 0.680145 0.709417 0.771599 0.825306 0.890688 
0.0366836 0.118463 0.121279 0.123009 0.199071 0.245141 0.260374 0.410988 0.51738 0.566095 0.586854 0.598345 0.648223 0.649205 0.663263 0.680145 0.709417 0.771599 0.825306 0.890688 
0.0366836 0.118463 0.121279 0.123009 0.199071 0.245141 0.260374 0.410988 0.51738 0.566095 0.586854 0.598345 0.648223 0.649205 0.663263 0.680145 0.709417 0.771599 0.825306 0.890688 
0.0366836 0.118463 0.121279 0.123009 0.199071 0.245141 0.260374 0.410988 0.51738 0.566095 0.586854 0.598345 0.648223 0.649205 0.663263 0.680145 0.709417 0.771599 0.825306 0.890688 
0.0366836 0.118463 0.121279 0.123009 0.199071 0.245141 0.260374 0.410988 0.51738 0.566095 0.586854 0.598345 0.648223 0.649205 0.663263 0.680145 0.709417 0.771599 0.825306 0.890688 
0.0366836 0.118463 0.121279 0.123009 0.199071 0.245141 0.260374 0.410988 0.51738 0.566095 0.586854 0.598345 0.648223 0.649205 0.663263 0.680145 0.709417 0.771599 0.825306 0.890688 
0.0366836 0.118463 0.121279 0.123009 0.199071 0.245141 0.260374 0.410988 0.51738 0.566095 0.586854 0.598345 0.648223 0.649205 0.663263 0.680145 0.709417 0.771599 0.825306 0.890688 
0.0366836 0.118463 0.121279 0.123009 0.199071 0.245141 0.260374 0.410988 0.51738 0.566095 0.586854 0.598345 0.648223 0.649205 0.663263 0.680145 0.709417 0.771599 0.825306 0.890688 
0.0366836 0.118463 0.121279 0.123009 0.199071 0.245141 0.260374 0.410988 0.51738 0.566095 0.586854 0.598345 0.648223 0.649205 0.663263 0.680145 0.709417 0.771599 0.825306 0.890688 
0.0366836 0.118463 0.121279 0.123009 0.199071 0.245141 0.260374 0.410988 0.51738 0.566095 0.586854 0.598345 0.648223 0.649205 0.663263 0.680145 0.709417 0.771599 0.825306 0.890688 
0.0366836 0.118463 0.121279 0.123009 0.199071 0.245141 0.260374 0.410988 0.51738 0.566095 0.586854 0.598345 0.648223 0.649205 0.663263 0.680145 0.709417 0.771599 0.825306 0.890688 
0.0366836 0.118463 0.121279 0.123009 0.199071 0.245141 0.260374 0.410988 0.51738 0.566095 0.586854 0.598345 0.648223 0.649205 0.663263 0.680145 0.709417 0.771599 0.825306 0.890688 
0.0366836 0.118463 0.121279 0.123009 0.199071 0.245141 0.260374 0.410988 0.51738 0.566095 0.586854 0.598345 0.648223 0.649205 0.663263 0.680145 0.709417 0.771599 0.825306 0.890688 
0.0366836 0.118463 0.121279 0.123009 0.199071 0.245141 0.260374 0.410988 0.51738 0.566095 0.586854 0.598345 0.648223 0.649205 0.663263 0.680145 0.709417 0.771599 0.825306 0.890688 
0.0366836 0.118463 0.121279 0.123009 0.199071 0.245141 0.260374 0.410988 0.51738 0.566095 0.586854 0.598345 0.648223 0.649205 0.663263 0.680145 0.709417 0.771599 0.825306 0.890688 
0.0366836 0.118463 0.121279 0.123009 0.199071 0.245141 0.260374 0.410988 0.51738 0.566095 0.586854 0.598345 0.648223 0.649205 0.663263 0.680145 0.709417 0.771599 0.825306 0.890688 
0.0366836 0.118463 0.121279 0.123009 0.199071 0.245141 0.260374 0.410988 0.51738 0.566095 0.586854 0.598345 0.648223 0.649205 0.663263 0.680145 0.709417 0.771599 0.825306 0.890688 
0.0366836 0.118463 0.121279 0.123009 0.199071 0.245141 0.260374 0.410988 0.51738 0.566095 0.586854 0.598345 0.648223 0.649205 0.663263 0.680145 0.709417 0.771599 0.825306 0.890688 
0.0366836 0.118463 0.121279 0.123009 0.199071 0.245141 0.260374 0.410988 0.51738 0.566095 0.586854 0.598345 0.648223 0.649205 0.663263 0.680145 0.709417 0.771599 0.825306 0.890688 
0.0366836 0.118463 0.121279 0.123009 0.199071 0.245141 0.260374 0.410988 0.51738 0.566095 0.586854 0.598345 0.648223 0.649205 0.663263 0.680145 0.709417 0.771599 0.825306 0.890688 
0.0366836 0.118463 0.121279 0.123009 0.199071 0.245141 0.260374 0.410988 0.51738 0.566095 0.586854 0.598345 0.648223 0.649205 0.663263 0.680145 0.709417 0.771599 0.825306 0.890688 
0.0366836 0.118463 0.121279 0.123009 0.199071 0.245141 0.260374 0.410988 0.51738 0.566095 0.586854 0.598345 0.648223 0.649205 0.663263 0.680145 0.709417 0.771599 0.825306 0.890688 
0.0366836 0.118463 0.121279 0.123009 0.199071 0.245141 0.260374 0.410988 0.51738 0.566095 0.586854 0.598345 0.648223 0.649205 0.663263 0.680145 0.709417 0.771599 0.825306 0.890688 
0.0366836 0.118463 0.121279 0.123009 0.199071 0.245141 0.260374 0.410988 0.51738 0.566095 0.586854 0.598345 0.648223 0.649205 0.663263 0.680145 0.709417 0.771599 0.825306 0.890688 
0.0366836 0.118463 0.121279 0.123009 0.199071 0.245141 0.260374 0.410988 0.51738 0.566095 0.586854 0.598345 0.648223 0.649205 0.663263 0.680145 0.709417 0.771599 0.825306 0.890688 
0.0366836 0.118463 0.121279 0.123009 0.199071 0.245141 0.260374 0.410988 0.51738 0.566095 0.586854 0.598345 0.648223 0.649205 0.663263 0.680145 0.709417 0.771599 0.825306 0.890688 
0.0366836 0.118463 0.121279 0.123009 0.199071 0.245141 0.260374 0.410988 0.51738 0.566095 0.586854 0.598345 0.648223 0.649205 0.663263 0.680145 0.709417 0.771599 0.825306 0.890688 
0.0366836 0.118463 0.121279 0.123009 0.199071 0.245141 0.260374 0.410988 0.51738 0.566095 0.586854 0.598345 0.648223 0.649205 0.663263 0.680145 0.709417 0.771599 0.825306 0.890688 
0.0366836 0.118463 0.121279 0.123009 0.199071 0.245141 0.260374 0.410988 0.51738 0.566095 0.586854 0.598345 0.648223 0.649205 0.663263 0.680145 0.709417 0.771599 0.825306 0.890688 
0.0366836 0.118463 0.121279 0.123009 0.199071 0.245141 0.260374 0.410988 0.51738 0.566095 0.586854 0.598345 0.648223 0.649205 0.663263 0.680145 0.709417 0.771599 0.825306 0.890688 
0.0366836 0.118463 0.121279 0.123009 0.199071 0.245141 0.260374 0.410988 0.51738 0.566095 0.586854 0.598345 0.648223 0.649205 0.663263 0.680145 0.709417 0.771599 0.825306 0.890688 
0.0366836 0.118463 0.121279 0.123009 0.199071 0.245141 0.260374 0.410988 0.51738 0.566095 0.586854 0.598345 0.648223 0.649205 0.663263 0.680145 0.709417 0.771599 0.825306 0.890688 
0.0366836 0.118463 0.121279 0.123009 0.199071 0.245141 0.260374 0.410988 0.51738 0.566095 0.586854 0.598345 0.648223 0.649205 0.663263 0.680145 0.709417 0.771599 0.825306 0.890688 
0.0366836 0.118463 0.121279 0.123009 0.199071 0.245141 0.260374 0.410988 0.51738 0.566095 0.586854 0.598345 0.648223 0.649205 0.663263 0.680145 0.709417 0.771599 0.825306 0.890688 
0.0366836 0.118463 0.121279 0.123009 0.199071 0.245141 0.260374 0.410988 0.51738 0.566095 0.586854 0.598345 0.648223 0.649205 0.663263 0.680145 0.709417 0.771599 0.825306 0.890688 
0.0366836 0.118463 0.121279 0.123009 0.199071 0.245141 0.260374 0.410988 0.51738 0.566095 0.586854 0.598345 0.648223 0.649205 0.663263 0.680145 0.709417 0.771599 0.825306 0.890688 
