1.59563 3.12468 3.18383 3.21328 3.27375 3.39523 3.8409 3.91332 4.14334 4.25582 4.34625 4.49006 4.51837 4.51982 4.52766 4.5381 4.54021 4.55937 4.60681 4.73316 
1.0384 1.59563 3.12468 3.18383 3.21328 3.22795 3.27375 3.35738 3.39523 3.67388 3.8409 3.91332 4.10032 4.14334 4.21743 4.25582 4.34625 4.39625 4.40075 4.49006 
1.0384 1.59563 1.91479 3.12468 3.18383 3.21328 3.22795 3.27375 3.3163 3.35738 3.39523 3.63052 3.66829 3.67388 3.8409 3.91332 4.10032 4.13489 4.14334 4.21743 
1.0384 1.59563 1.91479 3.12468 3.18383 3.21328 3.22795 3.27375 3.3163 3.35738 3.39523 3.63052 3.66829 3.67388 3.79506 3.82295 3.8354 3.8409 3.91332 4.10032 
1.0384 1.59563 1.91479 3.12468 3.18383 3.21328 3.22795 3.27375 3.3163 3.35738 3.39523 3.57973 3.63052 3.66829 3.67388 3.79166 3.79506 3.82295 3.8354 3.8409 
1.0384 1.59563 1.91479 3.12468 3.18383 3.21328 3.22795 3.27375 3.3163 3.35738 3.39523 3.57973 3.63052 3.66829 3.67388 3.79166 3.79506 3.82295 3.8354 3.8409 
1.0384 1.59563 1.91479 3.12468 3.18383 3.21328 3.22795 3.27375 3.30463 3.3163 3.35738 3.39523 3.57973 3.63052 3.66829 3.67388 3.68133 3.74483 3.79166 3.79506 
1.0384 1.59563 1.91479 3.12468 3.18383 3.21328 3.22795 3.27375 3.30463 3.3163 3.35738 3.39523 3.57973 3.63052 3.66829 3.67388 3.68133 3.74483 3.79166 3.79506 
1.0384 1.59563 1.91479 3.12468 3.18383 3.21328 3.22795 3.27375 3.30463 3.3163 3.35738 3.39523 3.57973 3.63052 3.66829 3.67388 3.68133 3.74483 3.79166 3.79506 
1.0384 1.59563 1.91479 3.12468 3.18383 3.21328 3.22795 3.27375 3.30463 3.3163 3.35738 3.39523 3.57973 3.63052 3.66829 3.67388 3.68133 3.72058 3.74483 3.79166 
1.0384 1.59563 1.91479 3.12468 3.18383 3.21328 3.22795 3.27375 3.30463 3.3163 3.35738 3.39523 3.57973 3.63052 3.66829 3.67181 3.67388 3.68133 3.72058 3.74483 
1.0384 1.59563 1.91479 3.12468 3.18383 3.21328 3.22795 3.27375 3.30463 3.3163 3.35738 3.39523 3.57973 3.63052 3.64871 3.66829 3.67181 3.67388 3.68133 3.72058 
1.0384 1.59563 1.91479 3.12468 3.18383 3.21328 3.22795 3.27375 3.30463 3.3163 3.35738 3.39523 3.57973 3.63052 3.64871 3.66829 3.67181 3.67388 3.68133 3.72058 
1.0384 1.59563 1.91479 3.12468 3.18383 3.21328 3.22795 3.27375 3.30463 3.3163 3.35738 3.39523 3.57973 3.63052 3.64871 3.66829 3.67181 3.67388 3.68133 3.6996 
1.0384 1.59563 1.91479 3.12468 3.18383 3.21328 3.22795 3.27375 3.30463 3.3163 3.35738 3.39523 3.57973 3.61526 3.63052 3.64871 3.66829 3.67181 3.67388 3.68133 
1.0384 1.59563 1.91479 3.12468 3.18383 3.21328 3.22795 3.27375 3.30463 3.3163 3.35738 3.39523 3.57973 3.6094 3.61526 3.63052 3.64871 3.66829 3.67181 3.67388 
1.0384 1.59563 1.91479 3.12468 3.18383 3.21328 3.22795 3.27375 3.30463 3.3163 3.35738 3.39523 3.57973 3.6094 3.61526 3.63052 3.64871 3.66829 3.67181 3.67388 
1.0384 1.59563 1.91479 3.12468 3.18383 3.21328 3.22795 3.27375 3.30463 3.3163 3.35738 3.39523 3.57973 3.6094 3.61526 3.63052 3.64871 3.66829 3.67181 3.67239 
1.0384 1.59563 1.91479 3.12468 3.18383 3.21328 3.22795 3.27375 3.30463 3.3163 3.35738 3.39523 3.57973 3.6094 3.61526 3.63052 3.64871 3.66829 3.67181 3.67239 
1.0384 1.59563 1.91479 3.12468 3.18383 3.21328 3.22795 3.27375 3.30463 3.3163 3.35738 3.39523 3.57973 3.6094 3.61526 3.63052 3.64871 3.66829 3.67181 3.67239 
1.0384 1.59563 1.91479 3.12468 3.18383 3.21328 3.22795 3.27375 3.30463 3.3163 3.35738 3.39523 3.57973 3.6094 3.61526 3.63052 3.64871 3.66829 3.67181 3.67239 
1.0384 1.59563 1.91479 3.12468 3.18383 3.21328 3.22795 3.27375 3.30463 3.3163 3.35738 3.39523 3.57973 3.6094 3.61526 3.63052 3.64871 3.66829 3.67181 3.67239 
1.0384 1.59563 1.91479 3.12468 3.18383 3.21328 3.22795 3.27375 3.30463 3.3163 3.35738 3.39523 3.57973 3.6094 3.61526 3.63052 3.64871 3.66829 3.67181 3.67239 
1.0384 1.59563 1.91479 3.12468 3.18383 3.21328 3.22795 3.27375 3.30463 3.3163 3.35738 3.39523 3.57973 3.6094 3.61526 3.63052 3.64871 3.66829 3.67181 3.67239 
1.0384 1.59563 1.91479 3.12468 3.18383 3.21328 3.22795 3.27375 3.30463 3.3163 3.35738 3.39523 3.57973 3.6094 3.61526 3.63052 3.64871 3.66829 3.67181 3.67239 
1.0384 1.59563 1.91479 3.12468 3.18383 3.21328 3.22795 3.27375 3.30463 3.3163 3.35738 3.39523 3.57973 3.6094 3.61526 3.63052 3.64871 3.66829 3.67181 3.67239 
1.0384 1.59563 1.91479 3.12468 3.18383 3.21328 3.22795 3.27375 3.30463 3.3163 3.35738 3.39523 3.57973 3.6094 3.61526 3.63052 3.64871 3.66829 3.67181 3.67239 
1.0384 1.59563 1.91479 3.12468 3.18383 3.21328 3.22795 3.27375 3.30463 3.3163 3.35738 3.39523 3.57973 3.6094 3.61526 3.63052 3.64871 3.66829 3.67181 3.67239 
1.0384 1.59563 1.91479 3.12468 3.18383 3.21328 3.22795 3.27375 3.30463 3.3163 3.35738 3.39523 3.57973 3.6094 3.61526 3.63052 3.64871 3.66829 3.67181 3.67239 
1.0384 1.59563 1.91479 3.12468 3.18383 3.21328 3.22795 3.27375 3.30463 3.3163 3.35738 3.39523 3.57973 3.6094 3.61526 3.63052 3.64871 3.66829 3.67181 3.67239 
1.0384 1.59563 1.91479 3.12468 3.18383 3.21328 3.22795 3.27375 3.30463 3.3163 3.35738 3.39523 3.57973 3.6094 3.61526 3.63052 3.64871 3.66829 3.67181 3.67239 
1.0384 1.59563 1.91479 3.12468 3.18383 3.21328 3.22795 3.27375 3.30463 3.3163 3.35738 3.39523 3.57973 3.6094 3.61526 3.63052 3.64871 3.66829 3.67181 3.67239 
1.0384 1.59563 1.91479 3.12468 3.18383 3.21328 3.22795 3.27375 3.30463 3.3163 3.35738 3.39523 3.57973 3.6094 3.61526 3.63052 3.64871 3.66829 3.67181 3.67239 
1.0384 1.59563 1.91479 3.12468 3.18383 3.21328 3.22795 3.27375 3.30463 3.3163 3.35738 3.39523 3.57973 3.6094 3.61526 3.63052 3.64871 3.66829 3.67181 3.67239 
1.0384 1.59563 1.91479 3.12468 3.18383 3.21328 3.22795 3.27375 3.30463 3.3163 3.35738 3.39523 3.57973 3.6094 3.61526 3.63052 3.64871 3.66829 3.67181 3.67239 
1.0384 1.59563 1.91479 3.12468 3.18383 3.21328 3.22795 3.27375 3.30463 3.3163 3.35738 3.39523 3.57973 3.6094 3.61526 3.63052 3.64871 3.66829 3.67181 3.67239 
1.0384 1.59563 1.91479 3.12468 3.18383 3.21328 3.22795 3.27375 3.30463 3.3163 3.35738 3.39523 3.57973 3.6094 3.61526 3.63052 3.64871 3.66829 3.67181 3.67239 
1.0384 1.59563 1.91479 3.12468 3.18383 3.21328 3.22795 3.27375 3.30463 3.3163 3.35738 3.39523 3.57973 3.6094 3.61526 3.63052 3.64871 3.66829 3.67181 3.67239 
1.0384 1.59563 1.91479 3.12468 3.18383 3.21328 3.22795 3.27375 3.30463 3.3163 3.35738 3.39523 3.57973 3.6094 3.61526 3.63052 3.64871 3.66829 3.67181 3.67239 
1.0384 1.59563 1.91479 3.12468 3.18383 3.21328 3.22795 3.27375 3.30463 3.3163 3.35738 3.39523 3.57973 3.6094 3.61526 3.63052 3.64871 3.66829 3.67181 3.67239 
1.0384 1.59563 1.91479 3.12468 3.18383 3.21328 3.22795 3.27375 3.30463 3.3163 3.35738 3.39523 3.57973 3.6094 3.61526 3.63052 3.64871 3.66829 3.67181 3.67239 
1.0384 1.59563 1.91479 3.12468 3.18383 3.21328 3.22795 3.27375 3.30463 3.3163 3.35738 3.39523 3.57973 3.6094 3.61526 3.63052 3.64871 3.66829 3.67181 3.67239 
1.0384 1.59563 1.91479 3.12468 3.18383 3.21328 3.22795 3.27375 3.30463 3.3163 3.35738 3.39523 3.57973 3.6094 3.61526 3.63052 3.64871 3.66829 3.67181 3.67239 
1.0384 1.59563 1.91479 3.12468 3.18383 3.21328 3.22795 3.27375 3.30463 3.3163 3.35738 3.39523 3.57973 3.6094 3.61526 3.63052 3.64871 3.66829 3.67181 3.67239 
1.0384 1.59563 1.91479 3.12468 3.18383 3.21328 3.22795 3.27375 3.30463 3.3163 3.35738 3.39523 3.57973 3.6094 3.61526 3.63052 3.64871 3.66829 3.67181 3.67239 
1.0384 1.59563 1.91479 3.12468 3.18383 3.21328 3.22795 3.27375 3.30463 3.3163 3.35738 3.39523 3.57973 3.6094 3.61526 3.63052 3.64871 3.66829 3.67181 3.67239 
1.0384 1.59563 1.91479 3.12468 3.18383 3.21328 3.22795 3.27375 3.30463 3.3163 3.35738 3.39523 3.57973 3.6094 3.61526 3.63052 3.64871 3.66829 3.67181 3.67239 
1.0384 1.59563 1.91479 3.12468 3.18383 3.21328 3.22795 3.27375 3.30463 3.3163 3.35738 3.39523 3.57973 3.6094 3.61526 3.63052 3.64871 3.66829 3.67181 3.67239 
1.0384 1.59563 1.91479 3.12468 3.18383 3.21328 3.22795 3.27375 3.30463 3.3163 3.35738 3.39523 3.57973 3.6094 3.61526 3.63052 3.64871 3.66829 3.67181 3.67239 
1.0384 1.59563 1.91479 3.12468 3.18383 3.21328 3.22795 3.27375 3.30463 3.3163 3.35738 3.39523 3.57973 3.6094 3.61526 3.63052 3.64871 3.66829 3.67181 3.67239 
1.0384 1.59563 1.91479 3.12468 3.18383 3.21328 3.22795 3.27375 3.30463 3.3163 3.35738 3.39523 3.57973 3.6094 3.61526 3.63052 3.64871 3.66829 3.67181 3.67239 
1.0384 1.59563 1.91479 3.12468 3.18383 3.21328 3.22795 3.27375 3.30463 3.3163 3.35738 3.39523 3.57973 3.6094 3.61526 3.63052 3.64871 3.66829 3.67181 3.67239 
1.0384 1.59563 1.91479 3.12468 3.18383 3.21328 3.22795 3.27375 3.30463 3.3163 3.35738 3.39523 3.57973 3.6094 3.61526 3.63052 3.64871 3.66829 3.67181 3.67239 
1.0384 1.59563 1.91479 3.12468 3.18383 3.21328 3.22795 3.27375 3.30463 3.3163 3.35738 3.39523 3.57973 3.6094 3.61526 3.63052 3.64871 3.66829 3.67181 3.67239 
1.0384 1.59563 1.91479 3.12468 3.18383 3.21328 3.22795 3.27375 3.30463 3.3163 3.35738 3.39523 3.57973 3.6094 3.61526 3.63052 3.64871 3.66829 3.67181 3.67239 
1.0384 1.59563 1.91479 3.12468 3.18383 3.21328 3.22795 3.27375 3.30463 3.3163 3.35738 3.39523 3.57973 3.6094 3.61526 3.63052 3.64871 3.66829 3.67181 3.67239 
1.0384 1.59563 1.91479 3.12468 3.18383 3.21328 3.22795 3.27375 3.30463 3.3163 3.35738 3.39523 3.57973 3.6094 3.61526 3.63052 3.64871 3.66829 3.67181 3.67239 
1.0384 1.59563 1.91479 3.12468 3.18383 3.21328 3.22795 3.27375 3.30463 3.3163 3.35738 3.39523 3.57973 3.6094 3.61526 3.63052 3.64871 3.66829 3.67181 3.67239 
1.0384 1.59563 1.91479 3.12468 3.18383 3.21328 3.22795 3.27375 3.30463 3.3163 3.35738 3.39523 3.57973 3.6094 3.61526 3.63052 3.64871 3.66829 3.67181 3.67239 
1.0384 1.59563 1.91479 3.12468 3.18383 3.21328 3.22795 3.27375 3.30463 3.3163 3.35738 3.39523 3.57973 3.6094 3.61526 3.63052 3.64871 3.66829 3.67181 3.67239 
1.0384 1.59563 1.91479 3.12468 3.18383 3.21328 3.22795 3.27375 3.30463 3.3163 3.35738 3.39523 3.57973 3.6094 3.61526 3.63052 3.64871 3.66829 3.67181 3.67239 
1.0384 1.59563 1.91479 3.12468 3.18383 3.21328 3.22795 3.27375 3.30463 3.3163 3.35738 3.39523 3.57973 3.6094 3.61526 3.63052 3.64871 3.66829 3.67181 3.67239 
1.0384 1.59563 1.91479 3.12468 3.18383 3.21328 3.22795 3.27375 3.30463 3.3163 3.35738 3.39523 3.57973 3.6094 3.61526 3.63052 3.64871 3.66829 3.67181 3.67239 
1.0384 1.59563 1.91479 3.12468 3.18383 3.21328 3.22795 3.27375 3.30463 3.3163 3.35738 3.39523 3.57973 3.6094 3.61526 3.63052 3.64871 3.66829 3.67181 3.67239 
1.0384 1.59563 1.91479 3.12468 3.18383 3.21328 3.22795 3.27375 3.30463 3.3163 3.35738 3.39523 3.57973 3.6094 3.61526 3.63052 3.64871 3.66829 3.67181 3.67239 
1.0384 1.59563 1.91479 3.12468 3.18383 3.21328 3.22795 3.27375 3.30463 3.3163 3.35738 3.39523 3.57973 3.6094 3.61526 3.63052 3.64871 3.66829 3.67181 3.67239 
1.0384 1.59563 1.91479 3.12468 3.18383 3.21328 3.22795 3.27375 3.30463 3.3163 3.35738 3.39523 3.57973 3.6094 3.61526 3.63052 3.64871 3.66829 3.67181 3.67239 
1.0384 1.59563 1.91479 3.12468 3.18383 3.21328 3.22795 3.27375 3.30463 3.3163 3.35738 3.39523 3.57973 3.6094 3.61526 3.63052 3.64871 3.66829 3.67181 3.67239 
1.0384 1.59563 1.91479 3.12468 3.18383 3.21328 3.22795 3.27375 3.30463 3.3163 3.35738 3.39523 3.57973 3.6094 3.61526 3.63052 3.64871 3.66829 3.67181 3.67239 
1.0384 1.59563 1.91479 3.12468 3.18383 3.21328 3.22795 3.27375 3.30463 3.3163 3.35738 3.39523 3.57973 3.6094 3.61526 3.63052 3.64871 3.66829 3.67181 3.67239 
1.0384 1.59563 1.91479 3.12468 3.18383 3.21328 3.22795 3.27375 3.30463 3.3163 3.35738 3.39523 3.57973 3.6094 3.61526 3.63052 3.64871 3.66829 3.67181 3.67239 
1.0384 1.59563 1.91479 3.12468 3.18383 3.21328 3.22795 3.27375 3.30463 3.3163 3.35738 3.39523 3.57973 3.6094 3.61526 3.63052 3.64871 3.66829 3.67181 3.67239 
1.0384 1.59563 1.91479 3.12468 3.18383 3.21328 3.22795 3.27375 3.30463 3.3163 3.35738 3.39523 3.57973 3.6094 3.61526 3.63052 3.64871 3.66829 3.67181 3.67239 
1.0384 1.59563 1.91479 3.12468 3.18383 3.21328 3.22795 3.27375 3.30463 3.3163 3.35738 3.39523 3.57973 3.6094 3.61526 3.63052 3.64871 3.66829 3.67181 3.67239 
1.0384 1.59563 1.91479 3.12468 3.18383 3.21328 3.22795 3.27375 3.30463 3.3163 3.35738 3.39523 3.57973 3.6094 3.61526 3.63052 3.64871 3.66829 3.67181 3.67239 
1.0384 1.59563 1.91479 3.12468 3.18383 3.21328 3.22795 3.27375 3.30463 3.3163 3.35738 3.39523 3.57973 3.6094 3.61526 3.63052 3.64871 3.66829 3.67181 3.67239 
1.0384 1.59563 1.91479 3.12468 3.18383 3.21328 3.22795 3.27375 3.30463 3.3163 3.35738 3.39523 3.57973 3.6094 3.61526 3.63052 3.64871 3.66829 3.67181 3.67239 
1.0384 1.59563 1.91479 3.12468 3.18383 3.21328 3.22795 3.27375 3.30463 3.3163 3.35738 3.39523 3.57973 3.6094 3.61526 3.63052 3.64871 3.66829 3.67181 3.67239 
1.0384 1.59563 1.91479 3.12468 3.18383 3.21328 3.22795 3.27375 3.30463 3.3163 3.35738 3.39523 3.57973 3.6094 3.61526 3.63052 3.64871 3.66829 3.67181 3.67239 
1.0384 1.59563 1.91479 3.12468 3.18383 3.21328 3.22795 3.27375 3.30463 3.3163 3.35738 3.39523 3.57973 3.6094 3.61526 3.63052 3.64871 3.66829 3.67181 3.67239 
1.0384 1.59563 1.91479 3.12468 3.18383 3.21328 3.22795 3.27375 3.30463 3.3163 3.35738 3.39523 3.57973 3.6094 3.61526 3.63052 3.64871 3.66829 3.67181 3.67239 
1.0384 1.59563 1.91479 3.12468 3.18383 3.21328 3.22795 3.27375 3.30463 3.3163 3.35738 3.39523 3.57973 3.6094 3.61526 3.63052 3.64871 3.66829 3.67181 3.67239 
1.0384 1.59563 1.91479 3.12468 3.18383 3.21328 3.22795 3.27375 3.30463 3.3163 3.35738 3.39523 3.57973 3.6094 3.61526 3.63052 3.64871 3.66829 3.67181 3.67239 
1.0384 1.59563 1.91479 3.12468 3.18383 3.21328 3.22795 3.27375 3.30463 3.3163 3.35738 3.39523 3.57973 3.6094 3.61526 3.63052 3.64871 3.66829 3.67181 3.67239 
1.0384 1.59563 1.91479 3.12468 3.18383 3.21328 3.22795 3.27375 3.30463 3.3163 3.35738 3.39523 3.57973 3.6094 3.61526 3.63052 3.64871 3.66829 3.67181 3.67239 
1.0384 1.59563 1.91479 3.12468 3.18383 3.21328 3.22795 3.27375 3.30463 3.3163 3.35738 3.39523 3.57973 3.6094 3.61526 3.63052 3.64871 3.66829 3.67181 3.67239 
1.0384 1.59563 1.91479 3.12468 3.18383 3.21328 3.22795 3.27375 3.30463 3.3163 3.35738 3.39523 3.57973 3.6094 3.61526 3.63052 3.64871 3.66829 3.67181 3.67239 
1.0384 1.59563 1.91479 3.12468 3.18383 3.21328 3.22795 3.27375 3.30463 3.3163 3.35738 3.39523 3.57973 3.6094 3.61526 3.63052 3.64871 3.66829 3.67181 3.67239 
1.0384 1.59563 1.91479 3.12468 3.18383 3.21328 3.22795 3.27375 3.30463 3.3163 3.35738 3.39523 3.57973 3.6094 3.61526 3.63052 3.64871 3.66829 3.67181 3.67239 
1.0384 1.59563 1.91479 3.12468 3.18383 3.21328 3.22795 3.27375 3.30463 3.3163 3.35738 3.39523 3.57973 3.6094 3.61526 3.63052 3.64871 3.66829 3.67181 3.67239 
1.0384 1.59563 1.91479 3.12468 3.18383 3.21328 3.22795 3.27375 3.30463 3.3163 3.35738 3.39523 3.57973 3.6094 3.61526 3.63052 3.64871 3.66829 3.67181 3.67239 
1.0384 1.59563 1.91479 3.12468 3.18383 3.21328 3.22795 3.27375 3.30463 3.3163 3.35738 3.39523 3.57973 3.6094 3.61526 3.63052 3.64871 3.66829 3.67181 3.67239 
1.0384 1.59563 1.91479 3.12468 3.18383 3.21328 3.22795 3.27375 3.30463 3.3163 3.35738 3.39523 3.57973 3.6094 3.61526 3.63052 3.64871 3.66829 3.67181 3.67239 
1.0384 1.59563 1.91479 3.12468 3.18383 3.21328 3.22795 3.27375 3.30463 3.3163 3.35738 3.39523 3.57973 3.6094 3.61526 3.63052 3.64871 3.66829 3.67181 3.67239 
1.0384 1.59563 1.91479 3.12468 3.18383 3.21328 3.22795 3.27375 3.30463 3.3163 3.35738 3.39523 3.57973 3.6094 3.61526 3.63052 3.64871 3.66829 3.67181 3.67239 
1.0384 1.59563 1.91479 3.12468 3.18383 3.21328 3.22795 3.27375 3.30463 3.3163 3.35738 3.39523 3.57973 3.6094 3.61526 3.63052 3.64871 3.66829 3.67181 3.67239 
1.0384 1.59563 1.91479 3.12468 3.18383 3.21328 3.22795 3.27375 3.30463 3.3163 3.35738 3.39523 3.57973 3.6094 3.61526 3.63052 3.64871 3.66829 3.67181 3.67239 
1.0384 1.59563 1.91479 3.12468 3.18383 3.21328 3.22795 3.27375 3.30463 3.3163 3.35738 3.39523 3.57973 3.6094 3.61526 3.63052 3.64871 3.66829 3.67181 3.67239 
1.0384 1.59563 1.91479 3.12468 3.18383 3.21328 3.22795 3.27375 3.30463 3.3163 3.35738 3.39523 3.57973 3.6094 3.61526 3.63052 3.64871 3.66829 3.67181 3.67239 
1.0384 1.59563 1.91479 3.12468 3.18383 3.21328 3.22795 3.27375 3.30463 3.3163 3.35738 3.39523 3.57973 3.6094 3.61526 3.63052 3.64871 3.66829 3.67181 3.67239 
