0.0479496 1.26813 1.52611 2.32851 2.70682 3.56818 3.62859 3.88371 4.4582 4.50021 5.44982 5.65478 5.83584 5.92324 6.58613 6.84767 7.22003 7.29363 7.32894 7.71338 
0.0479496 1.26813 1.52611 2.18446 2.32851 2.70682 2.81793 3.56818 3.62859 3.78639 3.88371 4.4582 4.50021 5.44982 5.65478 5.67807 5.77176 5.83584 5.92324 6.25273 
0.0479496 0.919992 1.26813 1.52611 1.71261 2.18446 2.32851 2.70682 2.81793 3.06535 3.56818 3.62859 3.78639 3.88371 4.4582 4.50021 5.44982 5.65478 5.67807 5.77176 
0.0479496 0.919992 1.26813 1.52611 1.71261 2.18446 2.32851 2.70682 2.81793 3.06535 3.56818 3.62859 3.78639 3.88371 4.4582 4.50021 5.44982 5.48687 5.65478 5.67807 
0.0479496 0.919992 1.26813 1.52611 1.71261 2.18446 2.32851 2.70682 2.81793 3.06535 3.56818 3.62859 3.78639 3.88371 4.4582 4.50021 5.44982 5.48687 5.65478 5.67807 
0.0479496 0.919992 1.26813 1.52611 1.71261 2.18446 2.32851 2.70682 2.81793 3.06535 3.56818 3.62859 3.78639 3.88371 4.4582 4.50021 4.76092 5.44982 5.48687 5.65478 
0.0479496 0.919992 1.26813 1.52611 1.71261 2.18446 2.32851 2.70682 2.81793 3.06535 3.56818 3.62859 3.78639 3.88371 4.4582 4.50021 4.76092 5.44982 5.48687 5.65478 
0.0479496 0.919992 1.26813 1.52611 1.71261 2.18446 2.32851 2.70682 2.81793 3.06535 3.56818 3.62859 3.78639 3.88371 4.4582 4.50021 4.76092 5.44982 5.48687 5.65478 
0.0479496 0.919992 1.26813 1.52611 1.71261 2.18446 2.32851 2.70682 2.81793 3.06535 3.56818 3.62859 3.78639 3.88371 4.4582 4.50021 4.76092 5.44982 5.48687 5.65478 
0.0479496 0.919992 1.26813 1.52611 1.71261 2.18446 2.32851 2.70682 2.81793 3.06535 3.56818 3.62859 3.78639 3.88371 4.4582 4.50021 4.76092 5.44982 5.48687 5.65478 
0.0479496 0.919992 1.26813 1.52611 1.71261 2.18446 2.32851 2.70682 2.81793 3.06535 3.56818 3.62859 3.78639 3.88371 4.4582 4.50021 4.76092 5.44982 5.48687 5.65478 
0.0479496 0.919992 1.26813 1.52611 1.71261 2.18446 2.32851 2.70682 2.81793 3.06535 3.56818 3.62859 3.78639 3.88371 4.4582 4.50021 4.76092 5.44982 5.48687 5.65478 
0.0479496 0.919992 1.26813 1.52611 1.71261 2.18446 2.32851 2.70682 2.81793 3.06535 3.56818 3.62859 3.78639 3.88371 4.4582 4.50021 4.76092 5.44982 5.48687 5.65478 
0.0479496 0.919992 1.26813 1.52611 1.71261 2.18446 2.32851 2.70682 2.81793 3.06535 3.56818 3.62859 3.78639 3.88371 4.4582 4.50021 4.76092 5.44982 5.48687 5.65478 
0.0479496 0.919992 1.26813 1.52611 1.71261 2.18446 2.32851 2.70682 2.81793 3.06535 3.56818 3.62859 3.78639 3.88371 4.4582 4.50021 4.76092 5.44982 5.48687 5.65478 
0.0479496 0.919992 1.26813 1.52611 1.71261 2.18446 2.32851 2.70682 2.81793 3.06535 3.56818 3.62859 3.78639 3.88371 4.4582 4.50021 4.76092 5.44982 5.48687 5.65478 
0.0479496 0.919992 1.26813 1.52611 1.71261 2.18446 2.32851 2.70682 2.81793 3.06535 3.56818 3.62859 3.78639 3.88371 4.4582 4.50021 4.76092 5.44982 5.48687 5.65478 
0.0479496 0.919992 1.26813 1.52611 1.71261 2.18446 2.32851 2.70682 2.81793 3.06535 3.56818 3.62859 3.78639 3.88371 4.4582 4.50021 4.76092 5.44982 5.48687 5.65478 
0.0479496 0.919992 1.26813 1.52611 1.71261 2.18446 2.32851 2.70682 2.81793 3.06535 3.56818 3.62859 3.78639 3.88371 4.4582 4.50021 4.76092 5.44982 5.48687 5.65478 
0.0479496 0.919992 1.26813 1.52611 1.71261 2.18446 2.32851 2.70682 2.81793 3.06535 3.56818 3.62859 3.78639 3.88371 4.4582 4.50021 4.76092 5.44982 5.48687 5.65478 
0.0479496 0.919992 1.26813 1.52611 1.71261 2.18446 2.32851 2.70682 2.81793 3.06535 3.56818 3.62859 3.78639 3.88371 4.4582 4.50021 4.76092 5.44982 5.48687 5.65478 
0.0479496 0.919992 1.26813 1.52611 1.71261 2.18446 2.32851 2.70682 2.81793 3.06535 3.56818 3.62859 3.78639 3.88371 4.4582 4.50021 4.76092 5.44982 5.48687 5.65478 
0.0479496 0.919992 1.26813 1.52611 1.71261 2.18446 2.32851 2.70682 2.81793 3.06535 3.56818 3.62859 3.78639 3.88371 4.4582 4.50021 4.76092 5.44982 5.48687 5.65478 
0.0479496 0.919992 1.26813 1.52611 1.71261 2.18446 2.32851 2.70682 2.81793 3.06535 3.56818 3.62859 3.78639 3.88371 4.4582 4.50021 4.76092 5.44982 5.48687 5.65478 
0.0479496 0.919992 1.26813 1.52611 1.71261 2.18446 2.32851 2.70682 2.81793 3.06535 3.56818 3.62859 3.78639 3.88371 4.4582 4.50021 4.76092 5.44982 5.48687 5.65478 
0.0479496 0.919992 1.26813 1.52611 1.71261 2.18446 2.32851 2.70682 2.81793 3.06535 3.56818 3.62859 3.78639 3.88371 4.4582 4.50021 4.76092 5.44982 5.48687 5.65478 
0.0479496 0.919992 1.26813 1.52611 1.71261 2.18446 2.32851 2.70682 2.81793 3.06535 3.56818 3.62859 3.78639 3.88371 4.4582 4.50021 4.76092 5.44982 5.48687 5.65478 
0.0479496 0.919992 1.26813 1.52611 1.71261 2.18446 2.32851 2.70682 2.81793 3.06535 3.56818 3.62859 3.78639 3.88371 4.4582 4.50021 4.76092 5.44982 5.48687 5.65478 
0.0479496 0.919992 1.26813 1.52611 1.71261 2.18446 2.32851 2.70682 2.81793 3.06535 3.56818 3.62859 3.78639 3.88371 4.4582 4.50021 4.76092 5.44982 5.48687 5.65478 
0.0479496 0.919992 1.26813 1.52611 1.71261 2.18446 2.32851 2.70682 2.81793 3.06535 3.56818 3.62859 3.78639 3.88371 4.4582 4.50021 4.76092 5.44982 5.48687 5.65478 
0.0479496 0.919992 1.26813 1.52611 1.71261 2.18446 2.32851 2.70682 2.81793 3.06535 3.56818 3.62859 3.78639 3.88371 4.4582 4.50021 4.76092 5.44982 5.48687 5.65478 
0.0479496 0.919992 1.26813 1.52611 1.71261 2.18446 2.32851 2.70682 2.81793 3.06535 3.56818 3.62859 3.78639 3.88371 4.4582 4.50021 4.76092 5.44982 5.48687 5.65478 
0.0479496 0.919992 1.26813 1.52611 1.71261 2.18446 2.32851 2.70682 2.81793 3.06535 3.56818 3.62859 3.78639 3.88371 4.4582 4.50021 4.76092 5.44982 5.48687 5.65478 
0.0479496 0.919992 1.26813 1.52611 1.71261 2.18446 2.32851 2.70682 2.81793 3.06535 3.56818 3.62859 3.78639 3.88371 4.4582 4.50021 4.76092 5.44982 5.48687 5.65478 
0.0479496 0.919992 1.26813 1.52611 1.71261 2.18446 2.32851 2.70682 2.81793 3.06535 3.56818 3.62859 3.78639 3.88371 4.4582 4.50021 4.76092 5.44982 5.48687 5.65478 
0.0479496 0.919992 1.26813 1.52611 1.71261 2.18446 2.32851 2.70682 2.81793 3.06535 3.56818 3.62859 3.78639 3.88371 4.4582 4.50021 4.76092 5.44982 5.48687 5.65478 
0.0479496 0.919992 1.26813 1.52611 1.71261 2.18446 2.32851 2.70682 2.81793 3.06535 3.56818 3.62859 3.78639 3.88371 4.4582 4.50021 4.76092 5.44982 5.48687 5.65478 
0.0479496 0.919992 1.26813 1.52611 1.71261 2.18446 2.32851 2.70682 2.81793 3.06535 3.56818 3.62859 3.78639 3.88371 4.4582 4.50021 4.76092 5.44982 5.48687 5.65478 
0.0479496 0.919992 1.26813 1.52611 1.71261 2.18446 2.32851 2.70682 2.81793 3.06535 3.56818 3.62859 3.78639 3.88371 4.4582 4.50021 4.76092 5.44982 5.48687 5.65478 
0.0479496 0.919992 1.26813 1.52611 1.71261 2.18446 2.32851 2.70682 2.81793 3.06535 3.56818 3.62859 3.78639 3.88371 4.4582 4.50021 4.76092 5.44982 5.48687 5.65478 
0.0479496 0.919992 1.26813 1.52611 1.71261 2.18446 2.32851 2.70682 2.81793 3.06535 3.56818 3.62859 3.78639 3.88371 4.4582 4.50021 4.76092 5.44982 5.48687 5.65478 
0.0479496 0.919992 1.26813 1.52611 1.71261 2.18446 2.32851 2.70682 2.81793 3.06535 3.56818 3.62859 3.78639 3.88371 4.4582 4.50021 4.76092 5.44982 5.48687 5.65478 
0.0479496 0.919992 1.26813 1.52611 1.71261 2.18446 2.32851 2.70682 2.81793 3.06535 3.56818 3.62859 3.78639 3.88371 4.4582 4.50021 4.76092 5.44982 5.48687 5.65478 
0.0479496 0.919992 1.26813 1.52611 1.71261 2.18446 2.32851 2.70682 2.81793 3.06535 3.56818 3.62859 3.78639 3.88371 4.4582 4.50021 4.76092 5.44982 5.48687 5.65478 
0.0479496 0.919992 1.26813 1.52611 1.71261 2.18446 2.32851 2.70682 2.81793 3.06535 3.56818 3.62859 3.78639 3.88371 4.4582 4.50021 4.76092 5.44982 5.48687 5.65478 
0.0479496 0.919992 1.26813 1.52611 1.71261 2.18446 2.32851 2.70682 2.81793 3.06535 3.56818 3.62859 3.78639 3.88371 4.4582 4.50021 4.76092 5.44982 5.48687 5.65478 
0.0479496 0.919992 1.26813 1.52611 1.71261 2.18446 2.32851 2.70682 2.81793 3.06535 3.56818 3.62859 3.78639 3.88371 4.4582 4.50021 4.76092 5.44982 5.48687 5.65478 
0.0479496 0.919992 1.26813 1.52611 1.71261 2.18446 2.32851 2.70682 2.81793 3.06535 3.56818 3.62859 3.78639 3.88371 4.4582 4.50021 4.76092 5.44982 5.48687 5.65478 
0.0479496 0.919992 1.26813 1.52611 1.71261 2.18446 2.32851 2.70682 2.81793 3.06535 3.56818 3.62859 3.78639 3.88371 4.4582 4.50021 4.76092 5.44982 5.48687 5.65478 
0.0479496 0.919992 1.26813 1.52611 1.71261 2.18446 2.32851 2.70682 2.81793 3.06535 3.56818 3.62859 3.78639 3.88371 4.4582 4.50021 4.76092 5.44982 5.48687 5.65478 
0.0479496 0.919992 1.26813 1.52611 1.71261 2.18446 2.32851 2.70682 2.81793 3.06535 3.56818 3.62859 3.78639 3.88371 4.4582 4.50021 4.76092 5.44982 5.48687 5.65478 
0.0479496 0.919992 1.26813 1.52611 1.71261 2.18446 2.32851 2.70682 2.81793 3.06535 3.56818 3.62859 3.78639 3.88371 4.4582 4.50021 4.76092 5.44982 5.48687 5.65478 
0.0479496 0.919992 1.26813 1.52611 1.71261 2.18446 2.32851 2.70682 2.81793 3.06535 3.56818 3.62859 3.78639 3.88371 4.4582 4.50021 4.76092 5.44982 5.48687 5.65478 
0.0479496 0.919992 1.26813 1.52611 1.71261 2.18446 2.32851 2.70682 2.81793 3.06535 3.56818 3.62859 3.78639 3.88371 4.4582 4.50021 4.76092 5.44982 5.48687 5.65478 
0.0479496 0.919992 1.26813 1.52611 1.71261 2.18446 2.32851 2.70682 2.81793 3.06535 3.56818 3.62859 3.78639 3.88371 4.4582 4.50021 4.76092 5.44982 5.48687 5.65478 
0.0479496 0.919992 1.26813 1.52611 1.71261 2.18446 2.32851 2.70682 2.81793 3.06535 3.56818 3.62859 3.78639 3.88371 4.4582 4.50021 4.76092 5.44982 5.48687 5.65478 
0.0479496 0.919992 1.26813 1.52611 1.71261 2.18446 2.32851 2.70682 2.81793 3.06535 3.56818 3.62859 3.78639 3.88371 4.4582 4.50021 4.76092 5.44982 5.48687 5.65478 
0.0479496 0.919992 1.26813 1.52611 1.71261 2.18446 2.32851 2.70682 2.81793 3.06535 3.56818 3.62859 3.78639 3.88371 4.4582 4.50021 4.76092 5.44982 5.48687 5.65478 
0.0479496 0.919992 1.26813 1.52611 1.71261 2.18446 2.32851 2.70682 2.81793 3.06535 3.56818 3.62859 3.78639 3.88371 4.4582 4.50021 4.76092 5.44982 5.48687 5.65478 
0.0479496 0.919992 1.26813 1.52611 1.71261 2.18446 2.32851 2.70682 2.81793 3.06535 3.56818 3.62859 3.78639 3.88371 4.4582 4.50021 4.76092 5.44982 5.48687 5.65478 
0.0479496 0.919992 1.26813 1.52611 1.71261 2.18446 2.32851 2.70682 2.81793 3.06535 3.56818 3.62859 3.78639 3.88371 4.4582 4.50021 4.76092 5.44982 5.48687 5.65478 
0.0479496 0.919992 1.26813 1.52611 1.71261 2.18446 2.32851 2.70682 2.81793 3.06535 3.56818 3.62859 3.78639 3.88371 4.4582 4.50021 4.76092 5.44982 5.48687 5.65478 
0.0479496 0.919992 1.26813 1.52611 1.71261 2.18446 2.32851 2.70682 2.81793 3.06535 3.56818 3.62859 3.78639 3.88371 4.4582 4.50021 4.76092 5.44982 5.48687 5.65478 
0.0479496 0.919992 1.26813 1.52611 1.71261 2.18446 2.32851 2.70682 2.81793 3.06535 3.56818 3.62859 3.78639 3.88371 4.4582 4.50021 4.76092 5.44982 5.48687 5.65478 
0.0479496 0.919992 1.26813 1.52611 1.71261 2.18446 2.32851 2.70682 2.81793 3.06535 3.56818 3.62859 3.78639 3.88371 4.4582 4.50021 4.76092 5.44982 5.48687 5.65478 
0.0479496 0.919992 1.26813 1.52611 1.71261 2.18446 2.32851 2.70682 2.81793 3.06535 3.56818 3.62859 3.78639 3.88371 4.4582 4.50021 4.76092 5.44982 5.48687 5.65478 
0.0479496 0.919992 1.26813 1.52611 1.71261 2.18446 2.32851 2.70682 2.81793 3.06535 3.56818 3.62859 3.78639 3.88371 4.4582 4.50021 4.76092 5.44982 5.48687 5.65478 
0.0479496 0.919992 1.26813 1.52611 1.71261 2.18446 2.32851 2.70682 2.81793 3.06535 3.56818 3.62859 3.78639 3.88371 4.4582 4.50021 4.76092 5.44982 5.48687 5.65478 
0.0479496 0.919992 1.26813 1.52611 1.71261 2.18446 2.32851 2.70682 2.81793 3.06535 3.56818 3.62859 3.78639 3.88371 4.4582 4.50021 4.76092 5.44982 5.48687 5.65478 
0.0479496 0.919992 1.26813 1.52611 1.71261 2.18446 2.32851 2.70682 2.81793 3.06535 3.56818 3.62859 3.78639 3.88371 4.4582 4.50021 4.76092 5.44982 5.48687 5.65478 
0.0479496 0.919992 1.26813 1.52611 1.71261 2.18446 2.32851 2.70682 2.81793 3.06535 3.56818 3.62859 3.78639 3.88371 4.4582 4.50021 4.76092 5.44982 5.48687 5.65478 
0.0479496 0.919992 1.26813 1.52611 1.71261 2.18446 2.32851 2.70682 2.81793 3.06535 3.56818 3.62859 3.78639 3.88371 4.4582 4.50021 4.76092 5.44982 5.48687 5.65478 
0.0479496 0.919992 1.26813 1.52611 1.71261 2.18446 2.32851 2.70682 2.81793 3.06535 3.56818 3.62859 3.78639 3.88371 4.4582 4.50021 4.76092 5.44982 5.48687 5.65478 
0.0479496 0.919992 1.26813 1.52611 1.71261 2.18446 2.32851 2.70682 2.81793 3.06535 3.56818 3.62859 3.78639 3.88371 4.4582 4.50021 4.76092 5.44982 5.48687 5.65478 
0.0479496 0.919992 1.26813 1.52611 1.71261 2.18446 2.32851 2.70682 2.81793 3.06535 3.56818 3.62859 3.78639 3.88371 4.4582 4.50021 4.76092 5.44982 5.48687 5.65478 
0.0479496 0.919992 1.26813 1.52611 1.71261 2.18446 2.32851 2.70682 2.81793 3.06535 3.56818 3.62859 3.78639 3.88371 4.4582 4.50021 4.76092 5.44982 5.48687 5.65478 
0.0479496 0.919992 1.26813 1.52611 1.71261 2.18446 2.32851 2.70682 2.81793 3.06535 3.56818 3.62859 3.78639 3.88371 4.4582 4.50021 4.76092 5.44982 5.48687 5.65478 
0.0479496 0.919992 1.26813 1.52611 1.71261 2.18446 2.32851 2.70682 2.81793 3.06535 3.56818 3.62859 3.78639 3.88371 4.4582 4.50021 4.76092 5.44982 5.48687 5.65478 
0.0479496 0.919992 1.26813 1.52611 1.71261 2.18446 2.32851 2.70682 2.81793 3.06535 3.56818 3.62859 3.78639 3.88371 4.4582 4.50021 4.76092 5.44982 5.48687 5.65478 
0.0479496 0.919992 1.26813 1.52611 1.71261 2.18446 2.32851 2.70682 2.81793 3.06535 3.56818 3.62859 3.78639 3.88371 4.4582 4.50021 4.76092 5.44982 5.48687 5.65478 
0.0479496 0.919992 1.26813 1.52611 1.71261 2.18446 2.32851 2.70682 2.81793 3.06535 3.56818 3.62859 3.78639 3.88371 4.4582 4.50021 4.76092 5.44982 5.48687 5.65478 
0.0479496 0.919992 1.26813 1.52611 1.71261 2.18446 2.32851 2.70682 2.81793 3.06535 3.56818 3.62859 3.78639 3.88371 4.4582 4.50021 4.76092 5.44982 5.48687 5.65478 
0.0479496 0.919992 1.26813 1.52611 1.71261 2.18446 2.32851 2.70682 2.81793 3.06535 3.56818 3.62859 3.78639 3.88371 4.4582 4.50021 4.76092 5.44982 5.48687 5.65478 
0.0479496 0.919992 1.26813 1.52611 1.71261 2.18446 2.32851 2.70682 2.81793 3.06535 3.56818 3.62859 3.78639 3.88371 4.4582 4.50021 4.76092 5.44982 5.48687 5.65478 
0.0479496 0.919992 1.26813 1.52611 1.71261 2.18446 2.32851 2.70682 2.81793 3.06535 3.56818 3.62859 3.78639 3.88371 4.4582 4.50021 4.76092 5.44982 5.48687 5.65478 
0.0479496 0.919992 1.26813 1.52611 1.71261 2.18446 2.32851 2.70682 2.81793 3.06535 3.56818 3.62859 3.78639 3.88371 4.4582 4.50021 4.76092 5.44982 5.48687 5.65478 
0.0479496 0.919992 1.26813 1.52611 1.71261 2.18446 2.32851 2.70682 2.81793 3.06535 3.56818 3.62859 3.78639 3.88371 4.4582 4.50021 4.76092 5.44982 5.48687 5.65478 
0.0479496 0.919992 1.26813 1.52611 1.71261 2.18446 2.32851 2.70682 2.81793 3.06535 3.56818 3.62859 3.78639 3.88371 4.4582 4.50021 4.76092 5.44982 5.48687 5.65478 
0.0479496 0.919992 1.26813 1.52611 1.71261 2.18446 2.32851 2.70682 2.81793 3.06535 3.56818 3.62859 3.78639 3.88371 4.4582 4.50021 4.76092 5.44982 5.48687 5.65478 
0.0479496 0.919992 1.26813 1.52611 1.71261 2.18446 2.32851 2.70682 2.81793 3.06535 3.56818 3.62859 3.78639 3.88371 4.4582 4.50021 4.76092 5.44982 5.48687 5.65478 
0.0479496 0.919992 1.26813 1.52611 1.71261 2.18446 2.32851 2.70682 2.81793 3.06535 3.56818 3.62859 3.78639 3.88371 4.4582 4.50021 4.76092 5.44982 5.48687 5.65478 
0.0479496 0.919992 1.26813 1.52611 1.71261 2.18446 2.32851 2.70682 2.81793 3.06535 3.56818 3.62859 3.78639 3.88371 4.4582 4.50021 4.76092 5.44982 5.48687 5.65478 
0.0479496 0.919992 1.26813 1.52611 1.71261 2.18446 2.32851 2.70682 2.81793 3.06535 3.56818 3.62859 3.78639 3.88371 4.4582 4.50021 4.76092 5.44982 5.48687 5.65478 
0.0479496 0.919992 1.26813 1.52611 1.71261 2.18446 2.32851 2.70682 2.81793 3.06535 3.56818 3.62859 3.78639 3.88371 4.4582 4.50021 4.76092 5.44982 5.48687 5.65478 
0.0479496 0.919992 1.26813 1.52611 1.71261 2.18446 2.32851 2.70682 2.81793 3.06535 3.56818 3.62859 3.78639 3.88371 4.4582 4.50021 4.76092 5.44982 5.48687 5.65478 
0.0479496 0.919992 1.26813 1.52611 1.71261 2.18446 2.32851 2.70682 2.81793 3.06535 3.56818 3.62859 3.78639 3.88371 4.4582 4.50021 4.76092 5.44982 5.48687 5.65478 
0.0479496 0.919992 1.26813 1.52611 1.71261 2.18446 2.32851 2.70682 2.81793 3.06535 3.56818 3.62859 3.78639 3.88371 4.4582 4.50021 4.76092 5.44982 5.48687 5.65478 
0.0479496 0.919992 1.26813 1.52611 1.71261 2.18446 2.32851 2.70682 2.81793 3.06535 3.56818 3.62859 3.78639 3.88371 4.4582 4.50021 4.76092 5.44982 5.48687 5.65478 
0.0479496 0.919992 1.26813 1.52611 1.71261 2.18446 2.32851 2.70682 2.81793 3.06535 3.56818 3.62859 3.78639 3.88371 4.4582 4.50021 4.76092 5.44982 5.48687 5.65478 
0.0479496 0.919992 1.26813 1.52611 1.71261 2.18446 2.32851 2.70682 2.81793 3.06535 3.56818 3.62859 3.78639 3.88371 4.4582 4.50021 4.76092 5.44982 5.48687 5.65478 
