2.71988 3.30787 3.35402 3.84701 3.98988 4.21981 4.25407 4.52607 4.53217 4.56606 5.41855 5.8536 6.20977 6.29927 6.62152 6.91728 7.56496 7.67084 7.70611 7.71533 
2.71988 3.30787 3.35402 3.50017 3.84701 3.91482 3.98988 4.21981 4.25407 4.52607 4.53217 4.56606 5.02295 5.35003 5.41855 5.4848 5.8536 6.20977 6.29927 6.62152 
1.11256 1.4516 1.77063 2.16157 2.46745 2.71988 2.98291 3.08631 3.15652 3.22444 3.30787 3.35149 3.35402 3.50017 3.84701 3.85355 3.91482 3.98988 4.21981 4.25407 
0.971095 1.11256 1.4516 1.75289 1.77063 2.16157 2.46745 2.71988 2.75938 2.86966 2.98291 3.08631 3.11649 3.15652 3.22444 3.30787 3.35149 3.35402 3.4652 3.46526 
0.252721 0.971095 1.11256 1.14753 1.38987 1.44469 1.44722 1.4516 1.5295 1.75289 1.77063 1.94471 2.16157 2.46745 2.64471 2.71988 2.75938 2.86966 2.97466 2.98291 
0.252721 0.308607 0.971095 1.11256 1.14753 1.22824 1.38987 1.44469 1.44722 1.4516 1.5295 1.75289 1.77063 1.84335 1.94471 2.16157 2.46745 2.64471 2.71988 2.75938 
0.0737283 0.252721 0.308607 0.971095 1.11256 1.14753 1.22824 1.38987 1.44469 1.44722 1.4516 1.5295 1.61637 1.75289 1.77063 1.84335 1.94471 2.16157 2.28426 2.46745 
0.0737283 0.252721 0.308607 0.971095 1.11256 1.14753 1.22824 1.26168 1.38987 1.44469 1.44722 1.4516 1.5295 1.61637 1.75289 1.77063 1.84335 1.94471 2.16157 2.28426 
0.0737283 0.252721 0.308607 0.971095 1.11256 1.14753 1.22824 1.26168 1.38987 1.44469 1.44722 1.4516 1.5295 1.61637 1.66228 1.75289 1.77063 1.84335 1.94471 2.16157 
0.0737283 0.252721 0.308607 0.971095 1.11256 1.14753 1.22824 1.26168 1.38987 1.44469 1.44722 1.4516 1.5295 1.61637 1.66228 1.75289 1.77063 1.84335 1.94471 2.16157 
0.0737283 0.252721 0.308607 0.971095 1.11256 1.14753 1.22824 1.26168 1.3674 1.38987 1.44469 1.44722 1.4516 1.5295 1.61637 1.66228 1.75289 1.77063 1.84335 1.94471 
0.0737283 0.252721 0.308607 0.971095 1.03486 1.11256 1.14753 1.22824 1.26168 1.3674 1.38987 1.44469 1.44722 1.4516 1.5295 1.61637 1.66228 1.75289 1.77063 1.84335 
0.0737283 0.252721 0.308607 0.971095 1.03486 1.11256 1.14753 1.22824 1.26168 1.3674 1.38987 1.44469 1.44722 1.4516 1.5295 1.61637 1.66228 1.75289 1.77063 1.84335 
0.0737283 0.252721 0.308607 0.971095 1.03486 1.11256 1.14753 1.22824 1.26168 1.3674 1.38987 1.44469 1.44722 1.4516 1.5295 1.61637 1.66228 1.75289 1.77063 1.83557 
0.0737283 0.252721 0.308607 0.971095 1.03486 1.11256 1.14753 1.22824 1.26168 1.3674 1.38987 1.44469 1.44722 1.4516 1.5295 1.61637 1.66228 1.75289 1.77063 1.83557 
0.0737283 0.252721 0.308607 0.971095 1.03486 1.11256 1.14753 1.22824 1.26168 1.3674 1.38987 1.44469 1.44722 1.4516 1.5295 1.61637 1.66228 1.75289 1.77063 1.83557 
0.0737283 0.252721 0.308607 0.971095 1.03486 1.07212 1.11256 1.14753 1.22824 1.26168 1.3674 1.38987 1.44469 1.44722 1.4516 1.5295 1.61637 1.66228 1.75289 1.77063 
0.0737283 0.252721 0.308607 0.971095 1.02747 1.03486 1.07212 1.11256 1.14753 1.22824 1.26168 1.3674 1.38987 1.44469 1.44722 1.4516 1.5295 1.61637 1.66228 1.75289 
0.0737283 0.252721 0.308607 0.971095 1.02747 1.03486 1.07212 1.11256 1.14753 1.22824 1.26168 1.3674 1.38987 1.44469 1.44722 1.4516 1.5295 1.61637 1.66228 1.75289 
0.0737283 0.252721 0.308607 0.971095 1.02747 1.03486 1.07212 1.11256 1.14753 1.22824 1.26168 1.3674 1.38987 1.44469 1.44722 1.4516 1.50393 1.5295 1.61637 1.66228 
0.0737283 0.252721 0.308607 0.971095 1.02747 1.03486 1.07212 1.11256 1.14753 1.22824 1.26168 1.3674 1.38987 1.44469 1.44722 1.4516 1.50393 1.5295 1.61637 1.66228 
0.0737283 0.252721 0.308607 0.971095 1.02747 1.03486 1.07212 1.11256 1.14753 1.22824 1.26168 1.3674 1.38987 1.44469 1.44722 1.4516 1.50393 1.5295 1.61637 1.66228 
0.0737283 0.252721 0.308607 0.489427 0.971095 1.02747 1.03486 1.07212 1.11256 1.14753 1.22824 1.26168 1.3674 1.38987 1.44469 1.44722 1.4516 1.50393 1.5295 1.53903 
0.0737283 0.252721 0.308607 0.489427 0.547564 0.971095 1.02747 1.03486 1.07212 1.11256 1.14753 1.22824 1.26168 1.3674 1.38987 1.44469 1.44722 1.4516 1.50393 1.5295 
0.0737283 0.252721 0.308607 0.489427 0.547564 0.971095 1.02747 1.03486 1.07212 1.11256 1.14753 1.22824 1.26168 1.3674 1.38987 1.44469 1.44722 1.4516 1.50393 1.5295 
0.0737283 0.252721 0.308607 0.489427 0.547564 0.971095 1.02747 1.03486 1.07212 1.11256 1.14753 1.22824 1.26168 1.3674 1.38987 1.44469 1.44722 1.4516 1.50393 1.5295 
0.0737283 0.252721 0.308607 0.489427 0.547564 0.971095 1.02747 1.03486 1.07212 1.11256 1.14753 1.22824 1.26168 1.3674 1.38987 1.44469 1.44722 1.4516 1.50393 1.52927 
0.0737283 0.252721 0.308607 0.489427 0.547564 0.971095 1.02747 1.03486 1.07212 1.11256 1.14753 1.22824 1.26168 1.3674 1.38987 1.44469 1.44722 1.4516 1.50393 1.52927 
0.0737283 0.252721 0.308607 0.489427 0.547564 0.971095 1.02747 1.03486 1.07212 1.11256 1.14753 1.22824 1.26168 1.3674 1.38987 1.44469 1.44722 1.4516 1.50393 1.52927 
0.0737283 0.252721 0.308607 0.489427 0.547564 0.971095 1.02747 1.03486 1.07212 1.11256 1.14753 1.22824 1.26168 1.3674 1.38987 1.44469 1.44722 1.4516 1.50393 1.52927 
0.0737283 0.252721 0.308607 0.489427 0.547564 0.971095 1.02747 1.03486 1.07212 1.11256 1.14753 1.22824 1.26168 1.3674 1.38987 1.44469 1.44722 1.4516 1.50393 1.52927 
0.0737283 0.252721 0.308607 0.489427 0.547564 0.971095 1.02747 1.03486 1.07212 1.11256 1.14753 1.22824 1.26168 1.3674 1.38987 1.44469 1.44722 1.4516 1.50393 1.52927 
0.0737283 0.252721 0.308607 0.489427 0.547564 0.971095 1.00769 1.02747 1.03486 1.07212 1.11256 1.14753 1.22824 1.26168 1.3674 1.38987 1.44469 1.44722 1.4516 1.50393 
0.0737283 0.252721 0.308607 0.489427 0.547564 0.971095 1.00769 1.02747 1.03486 1.07212 1.11256 1.14753 1.22824 1.26168 1.3674 1.38987 1.4214 1.44469 1.44722 1.4516 
0.0737283 0.252721 0.308607 0.489427 0.547564 0.970591 0.971095 1.00769 1.02747 1.03486 1.07212 1.11256 1.14753 1.22824 1.26168 1.3674 1.38987 1.4214 1.44469 1.44722 
0.0737283 0.252721 0.308607 0.489427 0.547564 0.970591 0.971095 1.00769 1.02747 1.03486 1.07212 1.11256 1.14753 1.22824 1.26168 1.3674 1.38987 1.4214 1.44469 1.44722 
0.0737283 0.252721 0.308607 0.489427 0.547564 0.758561 0.771908 0.970591 0.971095 1.00769 1.02747 1.03486 1.07212 1.11256 1.14753 1.22824 1.26168 1.3674 1.38987 1.4214 
0.0737283 0.252721 0.308607 0.489427 0.547564 0.758561 0.771908 0.782674 0.970591 0.971095 1.00769 1.02747 1.03486 1.07212 1.11256 1.14753 1.22824 1.26168 1.3674 1.38987 
0.0737283 0.252721 0.308607 0.489427 0.547564 0.758561 0.771908 0.782674 0.970591 0.971095 1.00769 1.02747 1.03486 1.07212 1.11256 1.14753 1.22824 1.26168 1.3674 1.38987 
0.0737283 0.252721 0.308607 0.489427 0.547564 0.758561 0.771908 0.782674 0.970591 0.971095 1.00769 1.02747 1.03486 1.07212 1.11256 1.14753 1.22824 1.26168 1.3674 1.38987 
0.0737283 0.252721 0.308607 0.489427 0.547564 0.758561 0.771908 0.782674 0.970591 0.971095 1.00769 1.02747 1.03486 1.07212 1.11256 1.14753 1.22824 1.26168 1.3674 1.38987 
0.0737283 0.252721 0.308607 0.489427 0.547564 0.758561 0.771908 0.782674 0.970591 0.971095 1.00769 1.02747 1.03486 1.07212 1.11256 1.14753 1.19772 1.22824 1.26168 1.3674 
0.0737283 0.252721 0.308607 0.489427 0.547564 0.758561 0.771908 0.782674 0.970591 0.971095 1.00769 1.02747 1.03486 1.07212 1.11256 1.14753 1.19772 1.22824 1.26168 1.3674 
0.0737283 0.252721 0.308607 0.489427 0.547564 0.758561 0.771908 0.782674 0.970591 0.971095 1.00769 1.02747 1.03486 1.07212 1.11256 1.14753 1.19772 1.22824 1.26168 1.3674 
0.0737283 0.252721 0.308607 0.489427 0.547564 0.758561 0.771908 0.782674 0.970591 0.971095 1.00769 1.02747 1.03486 1.07212 1.11256 1.14753 1.19772 1.22824 1.26168 1.3674 
0.0737283 0.252721 0.308607 0.489427 0.547564 0.758561 0.771908 0.782674 0.970591 0.971095 1.00769 1.02747 1.03486 1.07212 1.11256 1.14753 1.19772 1.22824 1.26168 1.3674 
0.0737283 0.252721 0.308607 0.489427 0.547564 0.758561 0.771908 0.782674 0.970591 0.971095 1.00769 1.02747 1.03486 1.07212 1.11256 1.14753 1.19772 1.22824 1.26168 1.3674 
0.0737283 0.252721 0.308607 0.489427 0.547564 0.758561 0.771908 0.782674 0.970591 0.971095 1.00769 1.02747 1.03486 1.07212 1.11256 1.14753 1.19772 1.22824 1.26168 1.3674 
0.0737283 0.252721 0.308607 0.489427 0.547564 0.758561 0.771908 0.782674 0.970591 0.971095 1.00769 1.02747 1.03486 1.07212 1.11256 1.14753 1.19772 1.22824 1.26168 1.3674 
0.0737283 0.252721 0.308607 0.489427 0.547564 0.758561 0.771908 0.782674 0.970591 0.971095 1.00769 1.02747 1.03486 1.07212 1.11256 1.14753 1.19772 1.22824 1.26168 1.3674 
0.0737283 0.252721 0.308607 0.489427 0.547564 0.758561 0.771908 0.782674 0.970591 0.971095 1.00769 1.02747 1.03486 1.07212 1.11256 1.14753 1.19772 1.22824 1.26168 1.3674 
0.0737283 0.252721 0.308607 0.489427 0.547564 0.758561 0.771908 0.782674 0.970591 0.971095 1.00769 1.02747 1.03486 1.07212 1.11256 1.14753 1.19772 1.22824 1.26168 1.3674 
0.0737283 0.252721 0.308607 0.489427 0.547564 0.758561 0.771908 0.782674 0.970591 0.971095 1.00769 1.02747 1.03486 1.07212 1.11256 1.14753 1.19772 1.22824 1.26168 1.3674 
0.0737283 0.252721 0.308607 0.489427 0.547564 0.758561 0.771908 0.782674 0.970591 0.971095 1.00769 1.02747 1.03486 1.07212 1.11256 1.14753 1.19772 1.22824 1.26168 1.3674 
0.0737283 0.252721 0.308607 0.489427 0.547564 0.758561 0.771908 0.782674 0.970591 0.971095 1.00769 1.02747 1.03486 1.07212 1.11256 1.14753 1.19772 1.22824 1.26168 1.3674 
0.0737283 0.252721 0.308607 0.489427 0.547564 0.758561 0.771908 0.782674 0.970591 0.971095 1.00769 1.02747 1.03486 1.07212 1.11256 1.14753 1.19772 1.22824 1.26168 1.3674 
0.0737283 0.252721 0.308607 0.489427 0.547564 0.745715 0.758561 0.771908 0.782674 0.970591 0.971095 1.00769 1.02747 1.03486 1.07212 1.11256 1.14753 1.19772 1.22824 1.26168 
0.0737283 0.252721 0.308607 0.489427 0.547564 0.745715 0.758561 0.771908 0.782674 0.914504 0.970591 0.971095 1.00769 1.02747 1.03486 1.07212 1.11256 1.14753 1.19772 1.22824 
0.0370959 0.0737283 0.252721 0.308607 0.489427 0.547564 0.745715 0.758561 0.771908 0.782674 0.914504 0.970591 0.971095 1.00769 1.02747 1.03486 1.07212 1.11256 1.14753 1.19772 
0.0370959 0.0737283 0.252721 0.308607 0.489427 0.547564 0.745715 0.758561 0.771908 0.782674 0.914504 0.970591 0.971095 1.00769 1.02747 1.03486 1.07212 1.11256 1.13596 1.14753 
0.0370959 0.0737283 0.252721 0.308607 0.489427 0.547564 0.745715 0.758561 0.771908 0.782674 0.914504 0.970591 0.971095 1.00769 1.02747 1.03486 1.07212 1.11256 1.13596 1.14753 
0.0370959 0.0737283 0.252721 0.308607 0.489427 0.547564 0.745715 0.758561 0.771908 0.782674 0.914504 0.970591 0.971095 1.00769 1.02747 1.03486 1.07212 1.11256 1.13596 1.14753 
0.0370959 0.0737283 0.252721 0.308607 0.489427 0.547564 0.745715 0.758561 0.771908 0.782674 0.914504 0.970591 0.971095 1.00769 1.02747 1.03486 1.07212 1.11256 1.13596 1.14753 
0.0370959 0.0737283 0.252721 0.308607 0.489427 0.547564 0.745715 0.758561 0.771908 0.782674 0.914504 0.970591 0.971095 1.00769 1.02747 1.03486 1.07212 1.11256 1.13596 1.14753 
0.0370959 0.0737283 0.252721 0.308607 0.489427 0.547564 0.745715 0.758561 0.771908 0.782674 0.914504 0.970591 0.971095 1.00769 1.02747 1.03486 1.07212 1.11256 1.13596 1.14753 
0.0370959 0.0737283 0.252721 0.308607 0.489427 0.547564 0.644302 0.745715 0.758561 0.771908 0.782674 0.914504 0.970591 0.971095 1.00769 1.02747 1.03486 1.07212 1.11256 1.13596 
0.0370959 0.0737283 0.252721 0.308607 0.489427 0.547564 0.644302 0.745715 0.758561 0.771908 0.782674 0.914504 0.970591 0.971095 1.00769 1.02747 1.03486 1.07212 1.11256 1.13596 
0.0370959 0.0737283 0.252721 0.308607 0.489427 0.547564 0.644302 0.745715 0.758561 0.771908 0.782674 0.914504 0.970591 0.971095 1.00769 1.02747 1.03486 1.07212 1.11256 1.13596 
0.0370959 0.0737283 0.252721 0.308607 0.489427 0.547564 0.644302 0.745715 0.758561 0.771908 0.782674 0.914504 0.970591 0.971095 1.00769 1.02747 1.03486 1.07212 1.11256 1.13596 
0.0370959 0.0737283 0.252721 0.308607 0.489427 0.547564 0.644302 0.745715 0.758561 0.771908 0.782674 0.914504 0.970591 0.971095 1.00769 1.02747 1.03486 1.07212 1.11256 1.13596 
0.0370959 0.0737283 0.252721 0.308607 0.489427 0.547564 0.644302 0.745715 0.758561 0.771908 0.782674 0.914504 0.970591 0.971095 1.00769 1.02747 1.03486 1.07212 1.11256 1.13596 
0.0370959 0.0737283 0.252721 0.308607 0.489427 0.547564 0.644302 0.745715 0.758561 0.771908 0.782674 0.914504 0.970591 0.971095 1.00769 1.02747 1.03486 1.07212 1.11256 1.13596 
0.0370959 0.0737283 0.252721 0.308607 0.489427 0.547564 0.644302 0.745715 0.758561 0.771908 0.782674 0.914504 0.970591 0.971095 1.00769 1.02747 1.03486 1.07212 1.11256 1.13596 
0.0370959 0.0737283 0.252721 0.308607 0.489427 0.547564 0.644302 0.745715 0.758561 0.771908 0.782674 0.914504 0.970591 0.971095 1.00769 1.02747 1.03486 1.07212 1.11256 1.13596 
0.0370959 0.0737283 0.252721 0.308607 0.489427 0.547564 0.644302 0.745715 0.758561 0.771908 0.782674 0.914504 0.970591 0.971095 1.00769 1.02747 1.03486 1.07212 1.11256 1.13596 
0.0370959 0.0737283 0.252721 0.308607 0.489427 0.547564 0.644302 0.745715 0.758561 0.771908 0.782674 0.914504 0.970591 0.971095 1.00769 1.02747 1.03486 1.07212 1.11256 1.13596 
0.0370959 0.0737283 0.252721 0.308607 0.489427 0.547564 0.644302 0.745715 0.758561 0.771908 0.782674 0.914504 0.970591 0.971095 1.00769 1.02747 1.03486 1.07212 1.11256 1.13596 
0.0370959 0.0737283 0.252721 0.308607 0.489427 0.547564 0.644302 0.745715 0.758561 0.771908 0.782674 0.914504 0.970591 0.971095 1.00769 1.02747 1.03486 1.07212 1.11256 1.13596 
0.0370959 0.0737283 0.252721 0.308607 0.489427 0.547564 0.644302 0.745715 0.758561 0.771908 0.782674 0.914504 0.970591 0.971095 1.00769 1.02747 1.03486 1.07212 1.11256 1.13596 
0.0370959 0.0737283 0.252721 0.308607 0.489427 0.547564 0.644302 0.745715 0.758561 0.771908 0.782674 0.914504 0.970591 0.971095 1.00769 1.02747 1.03486 1.07212 1.11256 1.13596 
0.0370959 0.0737283 0.252721 0.308607 0.489427 0.547564 0.644302 0.745715 0.758561 0.771908 0.782674 0.914504 0.970591 0.971095 1.00769 1.02747 1.03486 1.07212 1.11256 1.13596 
0.0370959 0.0737283 0.252721 0.308607 0.489427 0.547564 0.644302 0.745715 0.758561 0.771908 0.782674 0.914504 0.970591 0.971095 1.00769 1.02747 1.03486 1.07212 1.11256 1.13596 
0.0370959 0.0737283 0.252721 0.308607 0.489427 0.547564 0.644302 0.745715 0.758561 0.771908 0.782674 0.914504 0.970591 0.971095 1.00769 1.02747 1.03486 1.07212 1.11256 1.13596 
0.0370959 0.0737283 0.252721 0.308607 0.489427 0.547564 0.644302 0.745715 0.758561 0.771908 0.782674 0.914504 0.970591 0.971095 1.00769 1.02747 1.03486 1.07212 1.11256 1.13596 
0.0370959 0.0737283 0.252721 0.308607 0.489427 0.547564 0.644302 0.745715 0.758561 0.771908 0.782674 0.914504 0.970591 0.971095 1.00769 1.02747 1.03486 1.07212 1.11256 1.13596 
0.0370959 0.0737283 0.252721 0.308607 0.489427 0.547564 0.644302 0.745715 0.758561 0.771908 0.782674 0.914504 0.970591 0.971095 1.00769 1.02747 1.03486 1.07212 1.11256 1.13596 
0.0370959 0.0737283 0.252721 0.308607 0.489427 0.547564 0.644302 0.745715 0.758561 0.771908 0.782674 0.914504 0.970591 0.971095 1.00769 1.02747 1.03486 1.07212 1.11256 1.13596 
0.0370959 0.0737283 0.252721 0.308607 0.489427 0.547564 0.644302 0.745715 0.758561 0.771908 0.782674 0.914504 0.970591 0.971095 1.00769 1.02747 1.03486 1.07212 1.11256 1.13596 
0.0370959 0.0737283 0.252721 0.308607 0.489427 0.547564 0.644302 0.745715 0.758561 0.771908 0.782674 0.914504 0.970591 0.971095 1.00769 1.02747 1.03486 1.07212 1.11256 1.13596 
0.0370959 0.0737283 0.252721 0.308607 0.489427 0.547564 0.644302 0.745715 0.758561 0.771908 0.782674 0.914504 0.970591 0.971095 1.00769 1.02747 1.03486 1.07212 1.11256 1.13596 
0.0370959 0.0737283 0.252721 0.308607 0.489427 0.547564 0.644302 0.745715 0.758561 0.771908 0.782674 0.914504 0.970591 0.971095 1.00769 1.02747 1.03486 1.07212 1.11256 1.13596 
0.0370959 0.0737283 0.252721 0.308607 0.489427 0.547564 0.644302 0.745715 0.758561 0.771908 0.782674 0.914504 0.970591 0.971095 1.00769 1.02747 1.03486 1.07212 1.11256 1.13596 
0.0370959 0.0737283 0.252721 0.308607 0.489427 0.547564 0.644302 0.745715 0.758561 0.771908 0.782674 0.914504 0.970591 0.971095 1.00769 1.02747 1.03486 1.07212 1.11256 1.13596 
0.0370959 0.0737283 0.252721 0.308607 0.489427 0.547564 0.644302 0.745715 0.758561 0.771908 0.782674 0.914504 0.970591 0.971095 1.00769 1.02747 1.03486 1.07212 1.11256 1.13596 
0.0370959 0.0737283 0.252721 0.308607 0.489427 0.547564 0.644302 0.745715 0.758561 0.771908 0.782674 0.914504 0.970591 0.971095 1.00769 1.02747 1.03486 1.07212 1.11256 1.13596 
0.0370959 0.0737283 0.252721 0.308607 0.489427 0.547564 0.644302 0.745715 0.758561 0.771908 0.782674 0.914504 0.970591 0.971095 1.00769 1.02747 1.03486 1.07212 1.11256 1.13596 
0.0370959 0.0737283 0.252721 0.308607 0.489427 0.547564 0.644302 0.745715 0.758561 0.771908 0.782674 0.914504 0.970591 0.971095 1.00769 1.02747 1.03486 1.07212 1.11256 1.13596 
0.0370959 0.0737283 0.252721 0.308607 0.489427 0.547564 0.644302 0.745715 0.758561 0.771908 0.782674 0.914504 0.970591 0.971095 1.00769 1.02747 1.03486 1.07212 1.11256 1.13596 
0.0370959 0.0737283 0.252721 0.308607 0.489427 0.547564 0.644302 0.745715 0.758561 0.771908 0.782674 0.914504 0.970591 0.971095 1.00769 1.02747 1.03486 1.07212 1.11256 1.13596 
0.0370959 0.0737283 0.252721 0.308607 0.489427 0.547564 0.644302 0.745715 0.758561 0.771908 0.782674 0.914504 0.970591 0.971095 1.00769 1.02747 1.03486 1.07212 1.11256 1.13596 
