1.30895 5.29118 5.71058 6.30413 6.4409 6.94149 7.5003 7.81376 7.97262 8.19709 8.22002 8.47981 8.56597 8.72397 8.83501 9.05783 9.16205 9.21024 9.7846 9.86847 
0.660598 1.30895 4.12883 4.53183 5.18849 5.29118 5.71058 5.77516 5.77662 6.30413 6.30744 6.32563 6.4409 6.94149 7.13547 7.20044 7.5003 7.50836 7.81376 7.97262 
0.660598 1.30895 1.86764 2.66208 4.12883 4.53183 5.18849 5.29118 5.71058 5.77516 5.77662 5.91795 5.99482 6.03803 6.30413 6.30744 6.32563 6.4409 6.65851 6.94149 
0.660598 1.30895 1.86764 2.66208 4.081 4.12883 4.53183 5.18849 5.29118 5.71058 5.77516 5.77662 5.91795 5.99482 6.03803 6.30413 6.30744 6.32563 6.4409 6.65851 
0.660598 1.30895 1.86764 2.66208 4.081 4.12883 4.53183 5.18849 5.29118 5.71058 5.77516 5.77662 5.91795 5.99482 6.03803 6.30413 6.30744 6.32563 6.4409 6.65851 
0.660598 1.30895 1.86764 2.66208 4.081 4.12883 4.53183 5.18849 5.29118 5.71058 5.77516 5.77662 5.91795 5.99482 6.03803 6.30413 6.30744 6.32563 6.4409 6.65851 
0.660598 1.30895 1.86764 2.66208 3.06846 4.081 4.12883 4.53183 5.18849 5.29118 5.71058 5.77516 5.77662 5.91795 5.99482 6.03803 6.30413 6.30744 6.32563 6.4409 
0.660598 1.30895 1.86764 2.66208 3.06846 4.081 4.12883 4.53183 5.18849 5.29118 5.71058 5.77516 5.77662 5.91795 5.99482 6.03803 6.30413 6.30744 6.32563 6.4409 
0.660598 1.30895 1.86764 2.66208 3.06846 4.081 4.12883 4.53183 5.18849 5.29118 5.71058 5.77516 5.77662 5.91795 5.99482 6.03803 6.30413 6.30744 6.32563 6.4409 
0.660598 1.30895 1.86764 2.66208 3.06846 4.081 4.12883 4.53183 4.79284 5.18849 5.29118 5.71058 5.77516 5.77662 5.91795 5.99482 6.03803 6.30413 6.30744 6.32563 
0.660598 1.30895 1.86764 2.66208 3.02984 3.06846 4.081 4.12883 4.53183 4.79284 5.18849 5.29118 5.71058 5.77516 5.77662 5.91795 5.99482 6.03803 6.30413 6.30744 
0.660598 1.30895 1.86764 2.66208 3.02984 3.06846 4.081 4.12883 4.48322 4.53183 4.79284 5.18849 5.29118 5.71058 5.77516 5.77662 5.91795 5.99482 6.03803 6.30413 
0.660598 1.30895 1.86764 2.66208 3.02984 3.06846 4.081 4.12883 4.48322 4.53183 4.79284 5.18849 5.29118 5.71058 5.77516 5.77662 5.91795 5.99482 6.03803 6.30413 
0.660598 1.30895 1.86764 2.66208 3.02984 3.06846 4.081 4.12883 4.48322 4.53183 4.79284 5.18849 5.29118 5.71058 5.77516 5.77662 5.91795 5.99482 6.03803 6.30413 
0.660598 1.30895 1.86764 2.66208 3.02984 3.06846 4.081 4.12883 4.48322 4.53183 4.79284 5.18849 5.29118 5.71058 5.77516 5.77662 5.91795 5.99482 6.03803 6.30413 
0.660598 1.30895 1.86764 2.66208 3.02984 3.06846 4.081 4.12883 4.48322 4.53183 4.79284 5.18849 5.29118 5.71058 5.77516 5.77662 5.91795 5.99482 6.03803 6.30413 
0.660598 1.30895 1.86764 2.66208 3.02984 3.06846 4.081 4.12883 4.48322 4.53183 4.79284 5.18849 5.29118 5.71058 5.77516 5.77662 5.91795 5.99482 6.03803 6.30413 
0.660598 1.30895 1.86764 2.66208 3.02984 3.06846 4.081 4.12883 4.48322 4.53183 4.79284 5.18849 5.29118 5.71058 5.77516 5.77662 5.91795 5.99482 6.03803 6.30413 
0.660598 1.30895 1.86764 2.66208 3.02984 3.06846 4.081 4.12883 4.48322 4.53183 4.79284 5.18849 5.29118 5.71058 5.77516 5.77662 5.91795 5.99482 6.03803 6.30413 
0.660598 1.30895 1.86764 2.66208 3.02984 3.06846 4.081 4.12883 4.48322 4.53183 4.79284 5.18849 5.29118 5.71058 5.77516 5.77662 5.91795 5.99482 6.03803 6.30413 
0.660598 1.30895 1.86764 2.66208 3.02984 3.06846 4.081 4.12883 4.48322 4.53183 4.79284 5.18849 5.29118 5.71058 5.77516 5.77662 5.91795 5.99482 6.03803 6.30413 
0.660598 1.30895 1.86764 2.66208 3.02984 3.06846 4.081 4.12883 4.20638 4.48322 4.53183 4.79284 5.18849 5.29118 5.71058 5.77516 5.77662 5.91795 5.99482 6.03803 
0.660598 1.30895 1.86764 2.66208 3.02984 3.06846 4.081 4.12883 4.20638 4.48322 4.53183 4.79284 5.18849 5.29118 5.71058 5.77516 5.77662 5.91795 5.99482 6.03803 
0.660598 1.30895 1.57844 1.86764 2.66208 3.02984 3.06846 4.081 4.12883 4.20638 4.48322 4.53183 4.79284 5.18849 5.29118 5.71058 5.77516 5.77662 5.91795 5.99482 
0.660598 1.30895 1.57844 1.86764 2.66208 3.02984 3.06846 4.081 4.12883 4.20638 4.48322 4.53183 4.79284 5.18849 5.29118 5.71058 5.77516 5.77662 5.91795 5.99482 
0.660598 1.30895 1.57844 1.86764 2.66208 3.02984 3.06846 3.91656 4.081 4.12883 4.20638 4.48322 4.53183 4.79284 5.18849 5.29118 5.71058 5.77516 5.77662 5.91795 
0.660598 1.30895 1.57844 1.74743 1.86764 2.66208 3.02984 3.06846 3.91656 4.081 4.12883 4.20638 4.48322 4.53183 4.79284 5.18849 5.29118 5.71058 5.77516 5.77662 
0.660598 1.30895 1.57844 1.74743 1.86764 2.66208 3.02984 3.06846 3.91656 4.081 4.12883 4.20638 4.48322 4.53183 4.79284 5.18849 5.29118 5.71058 5.77516 5.77662 
0.660598 1.30895 1.57844 1.74743 1.86764 2.66208 2.9492 3.02984 3.06846 3.91656 4.081 4.12883 4.20638 4.48322 4.53183 4.79284 5.18849 5.29118 5.4772 5.71058 
0.660598 1.30895 1.35296 1.57844 1.74743 1.86764 2.56407 2.66208 2.9492 3.02984 3.06846 3.91656 4.081 4.12883 4.20638 4.48322 4.53183 4.79284 5.18849 5.29118 
0.660598 1.30895 1.35296 1.57844 1.74743 1.86764 2.56407 2.66208 2.9492 3.02984 3.06846 3.91656 4.081 4.12883 4.20638 4.48322 4.53183 4.79284 4.87664 5.18849 
0.660598 0.98716 1.30895 1.35296 1.57844 1.74743 1.86764 2.56407 2.66208 2.9492 3.02984 3.06846 3.91656 4.081 4.12883 4.20638 4.48322 4.53183 4.79284 4.87664 
0.660598 0.98716 1.30895 1.35296 1.57844 1.74743 1.86764 2.56407 2.66208 2.9492 3.02984 3.06846 3.91656 4.081 4.12883 4.20638 4.48322 4.53183 4.79284 4.87664 
0.660598 0.98716 1.30895 1.35296 1.57844 1.74743 1.86764 2.56407 2.66208 2.9492 3.02984 3.06846 3.91656 4.081 4.12883 4.20638 4.48322 4.53183 4.79284 4.87664 
0.660598 0.98716 1.30895 1.35296 1.57844 1.74743 1.86764 2.56407 2.66208 2.9492 3.02984 3.06846 3.91656 4.081 4.12883 4.20638 4.48322 4.53183 4.68795 4.79284 
0.660598 0.969929 0.98716 1.30895 1.35296 1.57844 1.74743 1.86764 2.56407 2.66208 2.9492 3.02984 3.06846 3.91656 4.081 4.12883 4.20142 4.20638 4.48322 4.53183 
0.660598 0.969929 0.98716 1.30895 1.35296 1.57844 1.74743 1.86764 2.56407 2.66208 2.9492 3.02984 3.06846 3.91656 4.081 4.12883 4.20142 4.20638 4.48322 4.53183 
0.050345 0.660598 0.969929 0.98716 1.30895 1.35296 1.57844 1.74743 1.86764 2.56407 2.66208 2.9492 3.02984 3.06846 3.91656 4.081 4.12883 4.20142 4.20638 4.48322 
0.050345 0.505983 0.660598 0.969929 0.98716 1.30895 1.35296 1.57844 1.74743 1.86764 2.56407 2.66208 2.9492 3.02984 3.06846 3.91656 3.94735 3.97112 4.081 4.12883 
0.050345 0.505983 0.660598 0.969929 0.98716 1.30895 1.35296 1.57844 1.74743 1.86764 2.56407 2.66208 2.9492 3.02984 3.06846 3.58274 3.91656 3.94735 3.97112 4.081 
0.050345 0.505983 0.660598 0.969929 0.98716 1.30895 1.35296 1.57844 1.74743 1.86764 2.56407 2.66208 2.9492 3.02984 3.06846 3.58274 3.78691 3.91656 3.94056 3.94735 
0.050345 0.505983 0.660598 0.969929 0.98716 1.30895 1.35296 1.57844 1.74743 1.86764 2.56407 2.66208 2.9492 3.02984 3.06846 3.58274 3.78691 3.91656 3.94056 3.94735 
0.050345 0.505983 0.660598 0.969929 0.98716 1.30895 1.35296 1.57844 1.74743 1.86764 2.56407 2.66208 2.9492 3.02984 3.06846 3.58274 3.72784 3.78691 3.91656 3.94056 
0.050345 0.505983 0.660598 0.969929 0.98716 1.30895 1.35296 1.57844 1.74743 1.86764 2.56407 2.66208 2.9492 3.02984 3.06846 3.58274 3.72784 3.78691 3.87978 3.91656 
0.050345 0.505983 0.660598 0.969929 0.98716 1.30895 1.35296 1.57844 1.74743 1.86764 2.56407 2.66208 2.9492 3.02984 3.06846 3.58274 3.72784 3.78691 3.87978 3.91656 
0.050345 0.505983 0.660598 0.969929 0.98716 1.30895 1.35296 1.57844 1.74743 1.86764 2.56407 2.66208 2.9492 3.02984 3.06846 3.58274 3.72784 3.78691 3.87978 3.91656 
0.050345 0.505983 0.660598 0.85752 0.969929 0.98716 1.30895 1.35296 1.57844 1.74743 1.86764 2.56407 2.66208 2.9492 3.02984 3.06846 3.58274 3.72784 3.78691 3.87978 
0.050345 0.505983 0.660598 0.85752 0.969929 0.98716 1.30895 1.35296 1.57844 1.74743 1.86764 2.56407 2.66208 2.9492 3.02984 3.06846 3.58274 3.72784 3.78691 3.87978 
0.050345 0.149289 0.505983 0.660598 0.85752 0.969929 0.98716 1.30895 1.35296 1.57844 1.74743 1.86764 2.56407 2.66208 2.9492 3.02984 3.06846 3.25385 3.58274 3.72784 
0.050345 0.149289 0.505983 0.660598 0.85752 0.969929 0.98716 1.30895 1.35296 1.57844 1.74743 1.86764 2.56407 2.66208 2.9492 3.02984 3.06846 3.25385 3.58274 3.72784 
0.050345 0.149289 0.505983 0.660598 0.85752 0.969929 0.98716 1.30895 1.35296 1.57844 1.74743 1.86764 2.56407 2.66208 2.9492 3.02984 3.06846 3.25385 3.58274 3.72784 
0.050345 0.149289 0.505983 0.651005 0.660598 0.85752 0.969929 0.98716 1.30895 1.35296 1.57844 1.74743 1.86764 2.56407 2.66208 2.9492 3.02984 3.06846 3.25385 3.37579 
0.050345 0.149289 0.505983 0.651005 0.660598 0.85752 0.969929 0.98716 1.30895 1.35296 1.57844 1.74743 1.86764 2.56407 2.66208 2.9492 3.02984 3.06846 3.25385 3.37579 
0.050345 0.149289 0.505983 0.651005 0.660598 0.743513 0.85752 0.969929 0.98716 1.30895 1.35296 1.57844 1.74743 1.86764 2.56407 2.66208 2.9492 3.02984 3.06846 3.25385 
0.050345 0.149289 0.505983 0.651005 0.660598 0.743513 0.85752 0.969929 0.98716 1.30895 1.35296 1.57844 1.74743 1.86764 2.56407 2.66208 2.9492 3.02984 3.06846 3.25385 
0.050345 0.149289 0.505983 0.651005 0.660598 0.743513 0.85752 0.969929 0.98716 1.30895 1.35296 1.57844 1.74743 1.86764 2.56407 2.66208 2.9492 3.02984 3.06846 3.25385 
0.050345 0.149289 0.505983 0.651005 0.660598 0.743513 0.85752 0.969929 0.98716 1.30895 1.35296 1.57844 1.74743 1.86764 2.56407 2.66208 2.9492 3.02984 3.06846 3.25385 
0.050345 0.149289 0.505983 0.548214 0.651005 0.660598 0.743513 0.85752 0.969929 0.98716 1.30895 1.35296 1.57844 1.74743 1.86764 2.56407 2.66208 2.9492 3.02984 3.06846 
0.050345 0.149289 0.44403 0.505983 0.548214 0.651005 0.660598 0.743513 0.85752 0.969929 0.98716 1.30895 1.35296 1.57844 1.74743 1.86764 2.56407 2.66208 2.9492 3.02984 
0.050345 0.149289 0.44403 0.505983 0.548214 0.651005 0.660598 0.743513 0.85752 0.969929 0.98716 1.30895 1.35296 1.57844 1.74743 1.86764 2.56407 2.66208 2.9492 3.02984 
0.050345 0.149289 0.44403 0.505983 0.548214 0.651005 0.660598 0.743513 0.85752 0.969929 0.98716 1.30895 1.35296 1.57844 1.74743 1.86764 2.56407 2.66208 2.9492 3.02984 
0.050345 0.149289 0.44403 0.505983 0.548214 0.651005 0.660598 0.743513 0.85752 0.969929 0.98716 1.30895 1.35296 1.57844 1.74743 1.86764 2.56407 2.66208 2.9492 3.02984 
0.050345 0.149289 0.44403 0.505983 0.548214 0.651005 0.660598 0.743513 0.85752 0.969929 0.98716 1.30895 1.35296 1.57844 1.74743 1.86764 2.56407 2.66208 2.9492 3.02984 
0.050345 0.149289 0.44403 0.505983 0.548214 0.651005 0.660598 0.743513 0.85752 0.969929 0.98716 1.30895 1.35296 1.57844 1.74743 1.86764 2.56407 2.66208 2.9492 3.02984 
0.050345 0.149289 0.44403 0.505983 0.548214 0.651005 0.660598 0.743513 0.85752 0.969929 0.98716 1.30895 1.35296 1.57844 1.74743 1.86764 2.56407 2.66208 2.9492 3.02984 
0.050345 0.149289 0.44403 0.505983 0.548214 0.651005 0.660598 0.743513 0.85752 0.969929 0.98716 1.30895 1.35296 1.57844 1.74743 1.86764 2.56407 2.66208 2.9492 3.02984 
0.050345 0.149289 0.44403 0.505983 0.548214 0.651005 0.660598 0.743513 0.85752 0.969929 0.98716 1.30895 1.35296 1.57844 1.74743 1.86764 2.56407 2.66208 2.9492 3.02984 
0.050345 0.149289 0.44403 0.505983 0.548214 0.651005 0.660598 0.743513 0.85752 0.969929 0.98716 1.30895 1.35296 1.57844 1.74743 1.86764 2.56407 2.66208 2.9492 3.02984 
0.050345 0.149289 0.257214 0.44403 0.505983 0.548214 0.651005 0.660598 0.743513 0.85752 0.969929 0.98716 1.30895 1.35296 1.57844 1.74743 1.86764 2.56407 2.66208 2.9492 
0.050345 0.149289 0.257214 0.44403 0.505983 0.548214 0.651005 0.660598 0.743513 0.85752 0.969929 0.98716 1.30895 1.35296 1.57844 1.74743 1.86764 2.56407 2.66208 2.70422 
0.050345 0.149289 0.257214 0.44403 0.505983 0.548214 0.651005 0.660598 0.743513 0.85752 0.969929 0.98716 1.30895 1.35296 1.57844 1.74743 1.86764 2.56407 2.66208 2.70422 
0.050345 0.149289 0.257214 0.44403 0.505983 0.548214 0.651005 0.660598 0.743513 0.85752 0.969929 0.98716 1.30895 1.35296 1.57844 1.74743 1.86764 2.56177 2.56407 2.66208 
0.050345 0.149289 0.257214 0.339495 0.44403 0.505983 0.548214 0.651005 0.660598 0.743513 0.85752 0.969929 0.98716 1.30895 1.35296 1.57844 1.74743 1.86764 2.44619 2.56177 
0.050345 0.149289 0.257214 0.339495 0.44403 0.505983 0.548214 0.651005 0.660598 0.743513 0.85752 0.969929 0.98716 1.30895 1.35296 1.57844 1.74743 1.86764 2.44619 2.56177 
0.050345 0.149289 0.257214 0.339495 0.44403 0.505983 0.548214 0.651005 0.660598 0.743513 0.85752 0.969929 0.98716 1.30895 1.35296 1.57844 1.74743 1.86764 2.44619 2.56177 
0.050345 0.149289 0.257214 0.339495 0.44403 0.505983 0.548214 0.651005 0.660598 0.743513 0.85752 0.969929 0.98716 1.30895 1.35296 1.57844 1.74743 1.86764 2.44619 2.56177 
0.050345 0.149289 0.257214 0.339495 0.44403 0.505983 0.548214 0.651005 0.660598 0.743513 0.85752 0.969929 0.98716 1.30895 1.35296 1.57844 1.74743 1.86764 2.44619 2.56177 
0.050345 0.149289 0.257214 0.339495 0.44403 0.505983 0.548214 0.651005 0.660598 0.743513 0.85752 0.969929 0.98716 1.30895 1.35296 1.57844 1.74743 1.86764 2.44619 2.56177 
0.050345 0.149289 0.257214 0.339495 0.44403 0.505983 0.548214 0.651005 0.660598 0.743513 0.85752 0.969929 0.98716 1.30895 1.35296 1.57844 1.74743 1.86764 2.44619 2.56177 
0.050345 0.149289 0.257214 0.339495 0.44403 0.505983 0.548214 0.651005 0.660598 0.743513 0.85752 0.969929 0.98716 1.30895 1.35296 1.57844 1.74743 1.86764 2.20647 2.36892 
0.050345 0.149289 0.257214 0.339495 0.44403 0.505983 0.548214 0.651005 0.660598 0.743513 0.85752 0.969929 0.98716 1.30895 1.35296 1.57844 1.67304 1.74743 1.86764 2.20647 
0.050345 0.149289 0.257214 0.339495 0.44403 0.505983 0.548214 0.651005 0.660598 0.743513 0.85752 0.969929 0.98716 1.30895 1.35296 1.57844 1.67304 1.74743 1.86764 2.20647 
0.050345 0.149289 0.257214 0.339495 0.44403 0.505983 0.548214 0.651005 0.660598 0.743513 0.85752 0.969929 0.98716 1.30895 1.35296 1.57844 1.67304 1.74743 1.86764 2.20647 
0.050345 0.149289 0.150832 0.257214 0.339495 0.44403 0.505983 0.548214 0.651005 0.660598 0.743513 0.85752 0.969929 0.98716 1.30895 1.35296 1.57844 1.67304 1.74743 1.86764 
0.050345 0.149289 0.150832 0.257214 0.339495 0.44403 0.505983 0.548214 0.651005 0.660598 0.743513 0.85752 0.969929 0.98716 1.30895 1.35296 1.57844 1.67304 1.74743 1.86764 
0.050345 0.149289 0.150832 0.257214 0.339495 0.44403 0.505983 0.548214 0.651005 0.660598 0.743513 0.85752 0.969929 0.98716 1.14181 1.30895 1.35296 1.57844 1.67304 1.74743 
0.050345 0.149289 0.150832 0.257214 0.339495 0.44403 0.505983 0.548214 0.651005 0.660598 0.743513 0.85752 0.969929 0.98716 1.14181 1.19332 1.30895 1.35296 1.57844 1.67304 
0.050345 0.149289 0.150832 0.257214 0.339495 0.44403 0.505983 0.548214 0.651005 0.660598 0.743513 0.85752 0.969929 0.98716 1.14181 1.19332 1.30895 1.35296 1.57844 1.60621 
0.050345 0.149289 0.150832 0.257214 0.339495 0.44403 0.505983 0.548214 0.651005 0.660598 0.743513 0.85752 0.969929 0.98716 1.14181 1.19332 1.30895 1.35296 1.57844 1.60621 
0.050345 0.149289 0.150832 0.190322 0.257214 0.339495 0.44403 0.505983 0.548214 0.651005 0.660598 0.743513 0.85752 0.969929 0.98716 1.1157 1.14181 1.17 1.19332 1.26071 
0.050345 0.149289 0.150832 0.190322 0.257214 0.339495 0.44403 0.505983 0.548214 0.651005 0.660598 0.743513 0.85752 0.969929 0.98716 1.1157 1.14181 1.17 1.19332 1.26071 
0.050345 0.149289 0.150832 0.190322 0.257214 0.339495 0.44403 0.505983 0.548214 0.651005 0.660598 0.743513 0.85752 0.969929 0.98716 1.1157 1.14181 1.17 1.19332 1.26071 
0.050345 0.149289 0.150832 0.190322 0.257214 0.339495 0.44403 0.505983 0.548214 0.651005 0.660598 0.743513 0.85752 0.969929 0.98716 1.1157 1.14181 1.17 1.19332 1.25167 
0.050345 0.139933 0.149289 0.150832 0.190322 0.257214 0.339495 0.44403 0.505983 0.548214 0.651005 0.660598 0.743513 0.85752 0.969929 0.98716 1.05021 1.1157 1.14181 1.17 
0.050345 0.054594 0.139933 0.149289 0.150832 0.190322 0.257214 0.339495 0.44403 0.505983 0.548214 0.651005 0.660598 0.743513 0.85752 0.969929 0.98716 1.05021 1.1157 1.14181 
0.050345 0.054594 0.139933 0.149289 0.150832 0.190322 0.257214 0.339495 0.44403 0.505983 0.548214 0.651005 0.660598 0.743513 0.85752 0.969929 0.98716 1.05021 1.1157 1.14181 
0.050345 0.054594 0.139933 0.149289 0.150832 0.190322 0.257214 0.339495 0.44403 0.505983 0.548214 0.651005 0.660598 0.743513 0.85752 0.969929 0.98716 1.05021 1.1157 1.14181 
0.050345 0.054594 0.088871 0.139933 0.149289 0.150832 0.190322 0.257214 0.339495 0.44403 0.505983 0.548214 0.651005 0.660598 0.743513 0.85752 0.956955 0.969929 0.98716 1.05021 
0.050345 0.054594 0.088871 0.139933 0.149289 0.150832 0.190322 0.257214 0.339495 0.44403 0.505983 0.548214 0.651005 0.660598 0.743513 0.755029 0.85752 0.956955 0.969929 0.98716 
0.050345 0.054594 0.088871 0.139933 0.149289 0.150832 0.190322 0.257214 0.339495 0.44403 0.505983 0.548214 0.651005 0.660598 0.743513 0.755029 0.85752 0.956955 0.969929 0.98716 
