2.57099 2.58087 2.94651 3.25896 3.64154 3.68852 3.8703 3.94684 4.35742 4.58674 5.23261 6.2377 6.66612 6.9053 6.99292 7.05854 7.11475 7.26318 7.45223 7.50869 
2.57099 2.58087 2.94651 3.24969 3.25896 3.3885 3.64154 3.68852 3.8703 3.94684 4.35742 4.58674 5.23261 6.2377 6.3021 6.60805 6.66612 6.9053 6.99292 7.05854 
2.57099 2.58087 2.65061 2.92166 2.94651 3.24969 3.25896 3.3885 3.64154 3.68852 3.8703 3.94684 4.35742 4.58674 4.65024 5.23261 6.06348 6.11834 6.2377 6.3021 
2.57099 2.58087 2.65061 2.92166 2.94651 3.21498 3.24969 3.25896 3.3885 3.64154 3.68852 3.8703 3.94684 4.35742 4.58674 4.65024 5.23261 6.06348 6.11834 6.2377 
1.79115 1.90022 2.57099 2.58087 2.65061 2.92166 2.94651 3.21498 3.24969 3.25896 3.3885 3.64154 3.68852 3.8703 3.94684 4.35742 4.58674 4.65024 5.23261 6.06348 
1.79115 1.90022 2.57099 2.58087 2.65061 2.92166 2.94651 3.11204 3.21498 3.24969 3.25896 3.3885 3.64154 3.68852 3.8703 3.94684 4.35742 4.58674 4.65024 5.23261 
1.79115 1.90022 2.48544 2.57099 2.58087 2.65061 2.92166 2.94651 3.11204 3.21498 3.24969 3.25896 3.3885 3.64154 3.68852 3.8703 3.94684 4.35742 4.58674 4.65024 
1.79115 1.90022 2.48544 2.57099 2.58087 2.65061 2.92166 2.94651 3.11204 3.21498 3.24969 3.25679 3.25896 3.3885 3.64154 3.68852 3.8703 3.94684 4.35742 4.58674 
1.79115 1.90022 2.48544 2.57099 2.58087 2.65061 2.92166 2.94651 3.11204 3.21498 3.24969 3.25679 3.25896 3.3885 3.64154 3.68852 3.8703 3.94684 4.35742 4.58674 
1.79115 1.90022 2.48544 2.57099 2.58087 2.65061 2.92166 2.94651 3.11204 3.21498 3.24969 3.25679 3.25896 3.3885 3.64154 3.68852 3.8703 3.94684 4.35742 4.58674 
1.79115 1.90022 2.48544 2.57099 2.58087 2.65061 2.92166 2.94651 3.11204 3.15331 3.21498 3.24969 3.25679 3.25896 3.3885 3.64154 3.68852 3.8703 3.94684 4.35742 
1.79115 1.90022 2.48544 2.57099 2.58087 2.65061 2.92166 2.94651 3.11204 3.15331 3.21498 3.24969 3.25679 3.25896 3.3885 3.64154 3.68852 3.8703 3.94684 4.35742 
1.79115 1.90022 2.48544 2.57099 2.58087 2.65061 2.92166 2.94651 3.11204 3.15331 3.21498 3.24969 3.25679 3.25896 3.3885 3.64154 3.68852 3.8703 3.94684 4.35742 
1.79115 1.90022 2.48544 2.57099 2.58087 2.65061 2.92166 2.94651 3.11204 3.15331 3.21498 3.24969 3.25679 3.25896 3.3885 3.64154 3.68852 3.8703 3.94684 4.35742 
1.79115 1.90022 2.48544 2.57099 2.58087 2.65061 2.92166 2.94651 3.11204 3.15331 3.21498 3.24969 3.25679 3.25896 3.3885 3.64154 3.68852 3.8703 3.94684 4.35742 
1.79115 1.90022 2.48544 2.57099 2.58087 2.65061 2.92166 2.94651 3.11204 3.15331 3.21498 3.24969 3.25679 3.25896 3.3885 3.64154 3.68852 3.8703 3.94684 4.35742 
1.79115 1.90022 2.48544 2.57099 2.58087 2.65061 2.92166 2.94651 3.11204 3.15331 3.21498 3.24969 3.25679 3.25896 3.3885 3.64154 3.68852 3.8703 3.94684 4.35742 
1.79115 1.90022 2.48544 2.57099 2.58087 2.65061 2.92166 2.94651 3.11204 3.15331 3.21498 3.24969 3.25679 3.25896 3.3885 3.64154 3.68852 3.8703 3.94684 4.35742 
1.79115 1.90022 2.48544 2.57099 2.58087 2.65061 2.92166 2.94651 3.11204 3.15331 3.21498 3.24969 3.25679 3.25896 3.3885 3.64154 3.68852 3.8703 3.94684 4.35742 
1.79115 1.90022 2.48544 2.57099 2.58087 2.65061 2.92166 2.94651 3.11204 3.15331 3.21498 3.24969 3.25679 3.25896 3.3885 3.64154 3.68852 3.8703 3.94684 4.35742 
1.79115 1.90022 2.48544 2.57099 2.58087 2.65061 2.92166 2.94651 3.11204 3.15331 3.21498 3.24969 3.25679 3.25896 3.3885 3.64154 3.68852 3.8703 3.94684 4.35742 
1.79115 1.90022 2.48544 2.57099 2.58087 2.65061 2.92166 2.94651 3.11204 3.15331 3.21498 3.24969 3.25679 3.25896 3.3885 3.64154 3.68852 3.8703 3.94684 4.35742 
1.79115 1.90022 2.48544 2.57099 2.58087 2.65061 2.92166 2.94651 3.11204 3.15331 3.21498 3.24969 3.25679 3.25896 3.3885 3.64154 3.68852 3.8703 3.94684 4.35742 
1.79115 1.90022 2.48544 2.57099 2.58087 2.65061 2.92166 2.94651 3.11204 3.15331 3.21498 3.24969 3.25679 3.25896 3.3885 3.64154 3.68852 3.8703 3.94684 4.35742 
1.79115 1.90022 2.48544 2.57099 2.58087 2.65061 2.92166 2.94651 3.11204 3.15331 3.21498 3.24969 3.25679 3.25896 3.3885 3.64154 3.68852 3.8703 3.94684 4.35742 
1.79115 1.90022 2.48544 2.57099 2.58087 2.65061 2.92166 2.94651 3.11204 3.15331 3.21498 3.24969 3.25679 3.25896 3.3885 3.64154 3.68852 3.8703 3.94684 4.35742 
1.79115 1.90022 2.48544 2.57099 2.58087 2.65061 2.92166 2.94651 3.11204 3.15331 3.21498 3.24969 3.25679 3.25896 3.3885 3.64154 3.68852 3.8703 3.94684 4.35742 
1.79115 1.90022 2.48544 2.57099 2.58087 2.65061 2.92166 2.94651 3.11204 3.15331 3.21498 3.24969 3.25679 3.25896 3.3885 3.64154 3.68852 3.8703 3.94684 4.35742 
1.79115 1.90022 2.48544 2.57099 2.58087 2.65061 2.92166 2.94651 3.11204 3.15331 3.21498 3.24969 3.25679 3.25896 3.3885 3.64154 3.68852 3.8703 3.94684 4.35742 
1.79115 1.90022 2.48544 2.57099 2.58087 2.65061 2.92166 2.94651 3.11204 3.15331 3.21498 3.24969 3.25679 3.25896 3.3885 3.64154 3.68852 3.8703 3.94684 4.35742 
1.79115 1.90022 2.48544 2.57099 2.58087 2.65061 2.92166 2.94651 3.11204 3.15331 3.21498 3.24969 3.25679 3.25896 3.3885 3.64154 3.68852 3.8703 3.94684 4.35742 
1.79115 1.90022 2.48544 2.57099 2.58087 2.65061 2.92166 2.94651 3.11204 3.15331 3.21498 3.24969 3.25679 3.25896 3.3885 3.64154 3.68852 3.8703 3.94684 4.35742 
1.79115 1.90022 2.48544 2.57099 2.58087 2.65061 2.92166 2.94651 3.11204 3.15331 3.21498 3.24969 3.25679 3.25896 3.3885 3.64154 3.68852 3.8703 3.94684 4.35742 
1.79115 1.90022 2.48544 2.57099 2.58087 2.65061 2.92166 2.94651 3.11204 3.15331 3.21498 3.24969 3.25679 3.25896 3.3885 3.64154 3.68852 3.8703 3.94684 4.35742 
1.79115 1.90022 2.48544 2.57099 2.58087 2.65061 2.92166 2.94651 3.11204 3.15331 3.21498 3.24969 3.25679 3.25896 3.3885 3.64154 3.68852 3.8703 3.94684 4.35742 
1.79115 1.90022 2.48544 2.57099 2.58087 2.65061 2.92166 2.94651 3.11204 3.15331 3.21498 3.24969 3.25679 3.25896 3.3885 3.64154 3.68852 3.8703 3.94684 4.35742 
1.79115 1.90022 2.48544 2.57099 2.58087 2.65061 2.92166 2.94651 3.11204 3.15331 3.21498 3.24969 3.25679 3.25896 3.3885 3.64154 3.68852 3.8703 3.94684 4.35742 
1.79115 1.90022 2.48544 2.57099 2.58087 2.65061 2.92166 2.94651 3.11204 3.15331 3.21498 3.24969 3.25679 3.25896 3.3885 3.64154 3.68852 3.8703 3.94684 4.35742 
1.79115 1.90022 2.48544 2.57099 2.58087 2.65061 2.92166 2.94651 3.11204 3.15331 3.21498 3.24969 3.25679 3.25896 3.3885 3.64154 3.68852 3.8703 3.94684 4.35742 
1.79115 1.90022 2.48544 2.57099 2.58087 2.65061 2.92166 2.94651 3.11204 3.15331 3.21498 3.24969 3.25679 3.25896 3.3885 3.64154 3.68852 3.8703 3.94684 4.35742 
1.79115 1.90022 2.48544 2.57099 2.58087 2.65061 2.92166 2.94651 3.11204 3.15331 3.21498 3.24969 3.25679 3.25896 3.3885 3.64154 3.68852 3.8703 3.94684 4.35742 
1.79115 1.90022 2.48544 2.57099 2.58087 2.65061 2.92166 2.94651 3.11204 3.15331 3.21498 3.24969 3.25679 3.25896 3.3885 3.64154 3.68852 3.8703 3.94684 4.35742 
1.79115 1.90022 2.48544 2.57099 2.58087 2.65061 2.92166 2.94651 3.11204 3.15331 3.21498 3.24969 3.25679 3.25896 3.3885 3.64154 3.68852 3.8703 3.94684 4.35742 
1.79115 1.90022 2.48544 2.57099 2.58087 2.65061 2.92166 2.94651 3.11204 3.15331 3.21498 3.24969 3.25679 3.25896 3.3885 3.64154 3.68852 3.8703 3.94684 4.35742 
1.79115 1.90022 2.48544 2.57099 2.58087 2.65061 2.92166 2.94651 3.11204 3.15331 3.21498 3.24969 3.25679 3.25896 3.3885 3.64154 3.68852 3.8703 3.94684 4.35742 
1.79115 1.90022 2.48544 2.57099 2.58087 2.65061 2.92166 2.94651 3.11204 3.15331 3.21498 3.24969 3.25679 3.25896 3.3885 3.64154 3.68852 3.8703 3.94684 4.35742 
1.79115 1.90022 2.48544 2.57099 2.58087 2.65061 2.92166 2.94651 3.11204 3.15331 3.21498 3.24969 3.25679 3.25896 3.3885 3.64154 3.68852 3.8703 3.94684 4.35742 
1.79115 1.90022 2.48544 2.57099 2.58087 2.65061 2.92166 2.94651 3.11204 3.15331 3.21498 3.24969 3.25679 3.25896 3.3885 3.64154 3.68852 3.8703 3.94684 4.35742 
1.79115 1.90022 2.48544 2.57099 2.58087 2.65061 2.92166 2.94651 3.11204 3.15331 3.21498 3.24969 3.25679 3.25896 3.3885 3.64154 3.68852 3.8703 3.94684 4.35742 
1.79115 1.90022 2.48544 2.57099 2.58087 2.65061 2.92166 2.94651 3.11204 3.15331 3.21498 3.24969 3.25679 3.25896 3.3885 3.64154 3.68852 3.8703 3.94684 4.35742 
1.79115 1.90022 2.48544 2.57099 2.58087 2.65061 2.92166 2.94651 3.11204 3.15331 3.21498 3.24969 3.25679 3.25896 3.3885 3.64154 3.68852 3.8703 3.94684 4.35742 
1.79115 1.90022 2.48544 2.57099 2.58087 2.65061 2.92166 2.94651 3.11204 3.15331 3.21498 3.24969 3.25679 3.25896 3.3885 3.64154 3.68852 3.8703 3.94684 4.35742 
1.79115 1.90022 2.48544 2.57099 2.58087 2.65061 2.92166 2.94651 3.11204 3.15331 3.21498 3.24969 3.25679 3.25896 3.3885 3.64154 3.68852 3.8703 3.94684 4.35742 
1.79115 1.90022 2.48544 2.57099 2.58087 2.65061 2.92166 2.94651 3.11204 3.15331 3.21498 3.24969 3.25679 3.25896 3.3885 3.64154 3.68852 3.8703 3.94684 4.35742 
1.79115 1.90022 2.48544 2.57099 2.58087 2.65061 2.92166 2.94651 3.11204 3.15331 3.21498 3.24969 3.25679 3.25896 3.3885 3.64154 3.68852 3.8703 3.94684 4.35742 
1.79115 1.90022 2.48544 2.57099 2.58087 2.65061 2.92166 2.94651 3.11204 3.15331 3.21498 3.24969 3.25679 3.25896 3.3885 3.64154 3.68852 3.8703 3.94684 4.35742 
1.79115 1.90022 2.48544 2.57099 2.58087 2.65061 2.92166 2.94651 3.11204 3.15331 3.21498 3.24969 3.25679 3.25896 3.3885 3.64154 3.68852 3.8703 3.94684 4.35742 
1.79115 1.90022 2.48544 2.57099 2.58087 2.65061 2.92166 2.94651 3.11204 3.15331 3.21498 3.24969 3.25679 3.25896 3.3885 3.64154 3.68852 3.8703 3.94684 4.35742 
1.79115 1.90022 2.48544 2.57099 2.58087 2.65061 2.92166 2.94651 3.11204 3.15331 3.21498 3.24969 3.25679 3.25896 3.3885 3.64154 3.68852 3.8703 3.94684 4.35742 
1.79115 1.90022 2.48544 2.57099 2.58087 2.65061 2.92166 2.94651 3.11204 3.15331 3.21498 3.24969 3.25679 3.25896 3.3885 3.64154 3.68852 3.8703 3.94684 4.35742 
1.79115 1.90022 2.48544 2.57099 2.58087 2.65061 2.92166 2.94651 3.11204 3.15331 3.21498 3.24969 3.25679 3.25896 3.3885 3.64154 3.68852 3.8703 3.94684 4.35742 
1.79115 1.90022 2.48544 2.57099 2.58087 2.65061 2.92166 2.94651 3.11204 3.15331 3.21498 3.24969 3.25679 3.25896 3.3885 3.64154 3.68852 3.8703 3.94684 4.35742 
1.79115 1.90022 2.48544 2.57099 2.58087 2.65061 2.92166 2.94651 3.11204 3.15331 3.21498 3.24969 3.25679 3.25896 3.3885 3.64154 3.68852 3.8703 3.94684 4.35742 
1.79115 1.90022 2.48544 2.57099 2.58087 2.65061 2.92166 2.94651 3.11204 3.15331 3.21498 3.24969 3.25679 3.25896 3.3885 3.64154 3.68852 3.8703 3.94684 4.35742 
1.79115 1.90022 2.48544 2.57099 2.58087 2.65061 2.92166 2.94651 3.11204 3.15331 3.21498 3.24969 3.25679 3.25896 3.3885 3.64154 3.68852 3.8703 3.94684 4.35742 
1.79115 1.90022 2.48544 2.57099 2.58087 2.65061 2.92166 2.94651 3.11204 3.15331 3.21498 3.24969 3.25679 3.25896 3.3885 3.64154 3.68852 3.8703 3.94684 4.35742 
1.79115 1.90022 2.48544 2.57099 2.58087 2.65061 2.92166 2.94651 3.11204 3.15331 3.21498 3.24969 3.25679 3.25896 3.3885 3.64154 3.68852 3.8703 3.94684 4.35742 
1.79115 1.90022 2.48544 2.57099 2.58087 2.65061 2.92166 2.94651 3.11204 3.15331 3.21498 3.24969 3.25679 3.25896 3.3885 3.64154 3.68852 3.8703 3.94684 4.35742 
1.79115 1.90022 2.48544 2.57099 2.58087 2.65061 2.92166 2.94651 3.11204 3.15331 3.21498 3.24969 3.25679 3.25896 3.3885 3.64154 3.68852 3.8703 3.94684 4.35742 
1.79115 1.90022 2.48544 2.57099 2.58087 2.65061 2.92166 2.94651 3.11204 3.15331 3.21498 3.24969 3.25679 3.25896 3.3885 3.64154 3.68852 3.8703 3.94684 4.35742 
1.79115 1.90022 2.48544 2.57099 2.58087 2.65061 2.92166 2.94651 3.11204 3.15331 3.21498 3.24969 3.25679 3.25896 3.3885 3.64154 3.68852 3.8703 3.94684 4.35742 
1.79115 1.90022 2.48544 2.57099 2.58087 2.65061 2.92166 2.94651 3.11204 3.15331 3.21498 3.24969 3.25679 3.25896 3.3885 3.64154 3.68852 3.8703 3.94684 4.35742 
1.79115 1.90022 2.48544 2.57099 2.58087 2.65061 2.92166 2.94651 3.11204 3.15331 3.21498 3.24969 3.25679 3.25896 3.3885 3.64154 3.68852 3.8703 3.94684 4.35742 
1.79115 1.90022 2.48544 2.57099 2.58087 2.65061 2.92166 2.94651 3.11204 3.15331 3.21498 3.24969 3.25679 3.25896 3.3885 3.64154 3.68852 3.8703 3.94684 4.35742 
1.79115 1.90022 2.48544 2.57099 2.58087 2.65061 2.92166 2.94651 3.11204 3.15331 3.21498 3.24969 3.25679 3.25896 3.3885 3.64154 3.68852 3.8703 3.94684 4.35742 
1.79115 1.90022 2.48544 2.57099 2.58087 2.65061 2.92166 2.94651 3.11204 3.15331 3.21498 3.24969 3.25679 3.25896 3.3885 3.64154 3.68852 3.8703 3.94684 4.35742 
1.79115 1.90022 2.48544 2.57099 2.58087 2.65061 2.92166 2.94651 3.11204 3.15331 3.21498 3.24969 3.25679 3.25896 3.3885 3.64154 3.68852 3.8703 3.94684 4.35742 
1.79115 1.90022 2.48544 2.57099 2.58087 2.65061 2.92166 2.94651 3.11204 3.15331 3.21498 3.24969 3.25679 3.25896 3.3885 3.64154 3.68852 3.8703 3.94684 4.35742 
1.79115 1.90022 2.48544 2.57099 2.58087 2.65061 2.92166 2.94651 3.11204 3.15331 3.21498 3.24969 3.25679 3.25896 3.3885 3.64154 3.68852 3.8703 3.94684 4.35742 
1.79115 1.90022 2.48544 2.57099 2.58087 2.65061 2.92166 2.94651 3.11204 3.15331 3.21498 3.24969 3.25679 3.25896 3.3885 3.64154 3.68852 3.8703 3.94684 4.35742 
1.79115 1.90022 2.48544 2.57099 2.58087 2.65061 2.92166 2.94651 3.11204 3.15331 3.21498 3.24969 3.25679 3.25896 3.3885 3.64154 3.68852 3.8703 3.94684 4.35742 
1.79115 1.90022 2.48544 2.57099 2.58087 2.65061 2.92166 2.94651 3.11204 3.15331 3.21498 3.24969 3.25679 3.25896 3.3885 3.64154 3.68852 3.8703 3.94684 4.35742 
1.79115 1.90022 2.48544 2.57099 2.58087 2.65061 2.92166 2.94651 3.11204 3.15331 3.21498 3.24969 3.25679 3.25896 3.3885 3.64154 3.68852 3.8703 3.94684 4.35742 
1.79115 1.90022 2.48544 2.57099 2.58087 2.65061 2.92166 2.94651 3.11204 3.15331 3.21498 3.24969 3.25679 3.25896 3.3885 3.64154 3.68852 3.8703 3.94684 4.35742 
1.79115 1.90022 2.48544 2.57099 2.58087 2.65061 2.92166 2.94651 3.11204 3.15331 3.21498 3.24969 3.25679 3.25896 3.3885 3.64154 3.68852 3.8703 3.94684 4.35742 
1.79115 1.90022 2.48544 2.57099 2.58087 2.65061 2.92166 2.94651 3.11204 3.15331 3.21498 3.24969 3.25679 3.25896 3.3885 3.64154 3.68852 3.8703 3.94684 4.35742 
1.79115 1.90022 2.48544 2.57099 2.58087 2.65061 2.92166 2.94651 3.11204 3.15331 3.21498 3.24969 3.25679 3.25896 3.3885 3.64154 3.68852 3.8703 3.94684 4.35742 
1.79115 1.90022 2.48544 2.57099 2.58087 2.65061 2.92166 2.94651 3.11204 3.15331 3.21498 3.24969 3.25679 3.25896 3.3885 3.64154 3.68852 3.8703 3.94684 4.35742 
1.79115 1.90022 2.48544 2.57099 2.58087 2.65061 2.92166 2.94651 3.11204 3.15331 3.21498 3.24969 3.25679 3.25896 3.3885 3.64154 3.68852 3.8703 3.94684 4.35742 
1.79115 1.90022 2.48544 2.57099 2.58087 2.65061 2.92166 2.94651 3.11204 3.15331 3.21498 3.24969 3.25679 3.25896 3.3885 3.64154 3.68852 3.8703 3.94684 4.35742 
1.79115 1.90022 2.48544 2.57099 2.58087 2.65061 2.92166 2.94651 3.11204 3.15331 3.21498 3.24969 3.25679 3.25896 3.3885 3.64154 3.68852 3.8703 3.94684 4.35742 
1.79115 1.90022 2.48544 2.57099 2.58087 2.65061 2.92166 2.94651 3.11204 3.15331 3.21498 3.24969 3.25679 3.25896 3.3885 3.64154 3.68852 3.8703 3.94684 4.35742 
1.79115 1.90022 2.48544 2.57099 2.58087 2.65061 2.92166 2.94651 3.11204 3.15331 3.21498 3.24969 3.25679 3.25896 3.3885 3.64154 3.68852 3.8703 3.94684 4.35742 
1.79115 1.90022 2.48544 2.57099 2.58087 2.65061 2.92166 2.94651 3.11204 3.15331 3.21498 3.24969 3.25679 3.25896 3.3885 3.64154 3.68852 3.8703 3.94684 4.35742 
1.79115 1.90022 2.48544 2.57099 2.58087 2.65061 2.92166 2.94651 3.11204 3.15331 3.21498 3.24969 3.25679 3.25896 3.3885 3.64154 3.68852 3.8703 3.94684 4.35742 
1.79115 1.90022 2.48544 2.57099 2.58087 2.65061 2.92166 2.94651 3.11204 3.15331 3.21498 3.24969 3.25679 3.25896 3.3885 3.64154 3.68852 3.8703 3.94684 4.35742 
1.79115 1.90022 2.48544 2.57099 2.58087 2.65061 2.92166 2.94651 3.11204 3.15331 3.21498 3.24969 3.25679 3.25896 3.3885 3.64154 3.68852 3.8703 3.94684 4.35742 
1.79115 1.90022 2.48544 2.57099 2.58087 2.65061 2.92166 2.94651 3.11204 3.15331 3.21498 3.24969 3.25679 3.25896 3.3885 3.64154 3.68852 3.8703 3.94684 4.35742 
1.79115 1.90022 2.48544 2.57099 2.58087 2.65061 2.92166 2.94651 3.11204 3.15331 3.21498 3.24969 3.25679 3.25896 3.3885 3.64154 3.68852 3.8703 3.94684 4.35742 
1.79115 1.90022 2.48544 2.57099 2.58087 2.65061 2.92166 2.94651 3.11204 3.15331 3.21498 3.24969 3.25679 3.25896 3.3885 3.64154 3.68852 3.8703 3.94684 4.35742 
