2.91022 3.17543 3.35493 3.3853 3.40003 4.38035 4.49546 4.59052 4.60037 4.66674 5.98654 6.48008 6.48543 6.91957 6.92095 7.32604 7.45161 7.55801 7.57348 7.71071 
2.71257 2.91022 3.17543 3.35493 3.3853 3.40003 3.72473 4.38035 4.49546 4.55838 4.56185 4.59052 4.60037 4.66674 5.98654 6.31513 6.48008 6.48543 6.64995 6.84616 
0.385925 1.21411 2.20294 2.70643 2.71257 2.91022 2.91746 3.06172 3.17543 3.35493 3.3853 3.40003 3.72473 4.38035 4.49546 4.55838 4.56185 4.59052 4.60037 4.66674 
0.385925 1.16937 1.21411 1.70671 2.20294 2.70643 2.71257 2.91022 2.91746 3.06097 3.06172 3.17543 3.35493 3.3853 3.40003 3.72473 4.38035 4.49546 4.55838 4.56185 
0.385925 1.16937 1.21411 1.70671 2.20294 2.70643 2.71257 2.91022 2.91746 3.06097 3.06172 3.17543 3.35493 3.3853 3.40003 3.72473 4.38035 4.49546 4.55838 4.56185 
0.385925 1.16937 1.21411 1.70671 2.20294 2.70643 2.71257 2.91022 2.91746 3.06097 3.06172 3.17543 3.35493 3.3853 3.40003 3.72473 4.38035 4.49546 4.55838 4.56185 
0.385925 1.16937 1.21411 1.70671 2.20294 2.70643 2.71257 2.91022 2.91746 3.06097 3.06172 3.17543 3.35493 3.3853 3.40003 3.72473 4.38035 4.49546 4.55838 4.56185 
0.385925 1.16937 1.21411 1.70671 2.20294 2.70643 2.71257 2.91022 2.91746 3.06097 3.06172 3.17543 3.35493 3.3853 3.40003 3.72473 4.38035 4.49546 4.55838 4.56185 
0.385925 1.16937 1.21411 1.70671 2.20294 2.70643 2.71257 2.91022 2.91746 3.06097 3.06172 3.17543 3.35493 3.3853 3.40003 3.72473 4.38035 4.49546 4.55838 4.56185 
0.385925 1.16937 1.21411 1.70671 2.20294 2.70643 2.71257 2.91022 2.91746 3.06097 3.06172 3.17543 3.35493 3.3853 3.40003 3.72473 4.38035 4.49546 4.55838 4.56185 
0.385925 1.16937 1.21411 1.70671 2.20294 2.70643 2.71257 2.91022 2.91746 3.06097 3.06172 3.17543 3.35493 3.3853 3.40003 3.72473 4.38035 4.49546 4.55838 4.56185 
0.385925 1.16937 1.21411 1.70671 2.20294 2.70643 2.71257 2.91022 2.91746 3.06097 3.06172 3.17543 3.35493 3.3853 3.40003 3.72473 4.38035 4.49546 4.55838 4.56185 
0.385925 1.16937 1.21411 1.70671 2.20294 2.70643 2.71257 2.91022 2.91746 3.06097 3.06172 3.17543 3.35493 3.3853 3.40003 3.72473 4.38035 4.49546 4.55838 4.56185 
0.385925 1.16937 1.21411 1.70671 2.20294 2.70643 2.71257 2.91022 2.91746 3.06097 3.06172 3.17543 3.35493 3.3853 3.40003 3.72473 4.38035 4.49546 4.55838 4.56185 
0.385925 1.16937 1.21411 1.70671 2.20294 2.70643 2.71257 2.91022 2.91746 3.06097 3.06172 3.17543 3.35493 3.3853 3.40003 3.72473 4.38035 4.49546 4.55838 4.56185 
0.385925 1.16937 1.21411 1.70671 2.20294 2.70643 2.71257 2.91022 2.91746 3.06097 3.06172 3.17543 3.35493 3.3853 3.40003 3.72473 4.38035 4.49546 4.55838 4.56185 
0.385925 1.16937 1.21411 1.70671 2.20294 2.70643 2.71257 2.91022 2.91746 3.06097 3.06172 3.17543 3.35493 3.3853 3.40003 3.72473 4.38035 4.49546 4.55838 4.56185 
0.385925 1.16937 1.21411 1.70671 2.20294 2.70643 2.71257 2.91022 2.91746 3.06097 3.06172 3.17543 3.35493 3.3853 3.40003 3.72473 4.38035 4.49546 4.55838 4.56185 
0.385925 1.16937 1.21411 1.70671 2.20294 2.70643 2.71257 2.91022 2.91746 3.06097 3.06172 3.17543 3.35493 3.3853 3.40003 3.72473 4.38035 4.49546 4.55838 4.56185 
0.385925 1.16937 1.21411 1.70671 2.20294 2.70643 2.71257 2.91022 2.91746 3.06097 3.06172 3.17543 3.35493 3.3853 3.40003 3.72473 4.38035 4.49546 4.55838 4.56185 
0.385925 1.16937 1.21411 1.70671 2.20294 2.70643 2.71257 2.91022 2.91746 3.06097 3.06172 3.17543 3.35493 3.3853 3.40003 3.72473 4.38035 4.49546 4.55838 4.56185 
0.385925 1.16937 1.21411 1.70671 2.20294 2.70643 2.71257 2.91022 2.91746 3.06097 3.06172 3.17543 3.35493 3.3853 3.40003 3.72473 4.38035 4.49546 4.55838 4.56185 
0.385925 1.16937 1.21411 1.70671 2.20294 2.70643 2.71257 2.91022 2.91746 3.06097 3.06172 3.17543 3.35493 3.3853 3.40003 3.72473 4.38035 4.49546 4.55838 4.56185 
0.385925 1.16937 1.21411 1.70671 2.20294 2.70643 2.71257 2.91022 2.91746 3.06097 3.06172 3.17543 3.35493 3.3853 3.40003 3.72473 4.38035 4.49546 4.55838 4.56185 
0.385925 1.16937 1.21411 1.70671 2.20294 2.70643 2.71257 2.91022 2.91746 3.06097 3.06172 3.17543 3.35493 3.3853 3.40003 3.72473 4.38035 4.49546 4.55838 4.56185 
0.385925 1.16937 1.21411 1.70671 2.20294 2.70643 2.71257 2.91022 2.91746 3.06097 3.06172 3.17543 3.35493 3.3853 3.40003 3.72473 4.38035 4.49546 4.55838 4.56185 
0.385925 1.16937 1.21411 1.70671 2.20294 2.70643 2.71257 2.91022 2.91746 3.06097 3.06172 3.17543 3.35493 3.3853 3.40003 3.72473 4.38035 4.49546 4.55838 4.56185 
0.385925 1.16937 1.21411 1.70671 2.20294 2.70643 2.71257 2.91022 2.91746 3.06097 3.06172 3.17543 3.35493 3.3853 3.40003 3.72473 4.38035 4.49546 4.55838 4.56185 
0.385925 1.16937 1.21411 1.70671 2.20294 2.70643 2.71257 2.91022 2.91746 3.06097 3.06172 3.17543 3.35493 3.3853 3.40003 3.72473 4.38035 4.49546 4.55838 4.56185 
0.385925 1.16937 1.21411 1.70671 2.20294 2.70643 2.71257 2.91022 2.91746 3.06097 3.06172 3.17543 3.35493 3.3853 3.40003 3.72473 4.38035 4.49546 4.55838 4.56185 
0.385925 1.16937 1.21411 1.70671 2.20294 2.70643 2.71257 2.91022 2.91746 3.06097 3.06172 3.17543 3.35493 3.3853 3.40003 3.72473 4.38035 4.49546 4.55838 4.56185 
0.385925 1.16937 1.21411 1.70671 2.20294 2.70643 2.71257 2.91022 2.91746 3.06097 3.06172 3.17543 3.35493 3.3853 3.40003 3.72473 4.38035 4.49546 4.55838 4.56185 
0.385925 1.16937 1.21411 1.70671 2.20294 2.70643 2.71257 2.91022 2.91746 3.06097 3.06172 3.17543 3.35493 3.3853 3.40003 3.72473 4.38035 4.49546 4.55838 4.56185 
0.385925 1.16937 1.21411 1.70671 2.20294 2.70643 2.71257 2.91022 2.91746 3.06097 3.06172 3.17543 3.35493 3.3853 3.40003 3.72473 4.38035 4.49546 4.55838 4.56185 
0.385925 1.16937 1.21411 1.70671 2.20294 2.70643 2.71257 2.91022 2.91746 3.06097 3.06172 3.17543 3.35493 3.3853 3.40003 3.72473 4.38035 4.49546 4.55838 4.56185 
0.385925 1.16937 1.21411 1.70671 2.20294 2.70643 2.71257 2.91022 2.91746 3.06097 3.06172 3.17543 3.35493 3.3853 3.40003 3.72473 4.38035 4.49546 4.55838 4.56185 
0.385925 1.16937 1.21411 1.70671 2.20294 2.70643 2.71257 2.91022 2.91746 3.06097 3.06172 3.17543 3.35493 3.3853 3.40003 3.72473 4.38035 4.49546 4.55838 4.56185 
0.385925 1.16937 1.21411 1.70671 2.20294 2.70643 2.71257 2.91022 2.91746 3.06097 3.06172 3.17543 3.35493 3.3853 3.40003 3.72473 4.38035 4.49546 4.55838 4.56185 
0.385925 1.16937 1.21411 1.70671 2.20294 2.70643 2.71257 2.91022 2.91746 3.06097 3.06172 3.17543 3.35493 3.3853 3.40003 3.72473 4.38035 4.49546 4.55838 4.56185 
0.385925 1.16937 1.21411 1.70671 2.20294 2.70643 2.71257 2.91022 2.91746 3.06097 3.06172 3.17543 3.35493 3.3853 3.40003 3.72473 4.38035 4.49546 4.55838 4.56185 
0.385925 1.16937 1.21411 1.70671 2.20294 2.70643 2.71257 2.91022 2.91746 3.06097 3.06172 3.17543 3.35493 3.3853 3.40003 3.72473 4.38035 4.49546 4.55838 4.56185 
0.385925 1.16937 1.21411 1.70671 2.20294 2.70643 2.71257 2.91022 2.91746 3.06097 3.06172 3.17543 3.35493 3.3853 3.40003 3.72473 4.38035 4.49546 4.55838 4.56185 
0.385925 1.16937 1.21411 1.70671 2.20294 2.70643 2.71257 2.91022 2.91746 3.06097 3.06172 3.17543 3.35493 3.3853 3.40003 3.72473 4.38035 4.49546 4.55838 4.56185 
0.385925 1.16937 1.21411 1.70671 2.20294 2.70643 2.71257 2.91022 2.91746 3.06097 3.06172 3.17543 3.35493 3.3853 3.40003 3.72473 4.38035 4.49546 4.55838 4.56185 
0.385925 1.16937 1.21411 1.70671 2.20294 2.70643 2.71257 2.91022 2.91746 3.06097 3.06172 3.17543 3.35493 3.3853 3.40003 3.72473 4.38035 4.49546 4.55838 4.56185 
0.385925 1.16937 1.21411 1.70671 2.20294 2.70643 2.71257 2.91022 2.91746 3.06097 3.06172 3.17543 3.35493 3.3853 3.40003 3.72473 4.38035 4.49546 4.55838 4.56185 
0.385925 1.16937 1.21411 1.70671 2.20294 2.70643 2.71257 2.91022 2.91746 3.06097 3.06172 3.17543 3.35493 3.3853 3.40003 3.72473 4.38035 4.49546 4.55838 4.56185 
0.385925 1.16937 1.21411 1.70671 2.20294 2.70643 2.71257 2.91022 2.91746 3.06097 3.06172 3.17543 3.35493 3.3853 3.40003 3.72473 4.38035 4.49546 4.55838 4.56185 
0.385925 1.16937 1.21411 1.70671 2.20294 2.70643 2.71257 2.91022 2.91746 3.06097 3.06172 3.17543 3.35493 3.3853 3.40003 3.72473 4.38035 4.49546 4.55838 4.56185 
0.385925 1.16937 1.21411 1.70671 2.20294 2.70643 2.71257 2.91022 2.91746 3.06097 3.06172 3.17543 3.35493 3.3853 3.40003 3.72473 4.38035 4.49546 4.55838 4.56185 
0.385925 1.16937 1.21411 1.70671 2.20294 2.70643 2.71257 2.91022 2.91746 3.06097 3.06172 3.17543 3.35493 3.3853 3.40003 3.72473 4.38035 4.49546 4.55838 4.56185 
0.385925 1.16937 1.21411 1.70671 2.20294 2.70643 2.71257 2.91022 2.91746 3.06097 3.06172 3.17543 3.35493 3.3853 3.40003 3.72473 4.38035 4.49546 4.55838 4.56185 
0.385925 1.16937 1.21411 1.70671 2.20294 2.70643 2.71257 2.91022 2.91746 3.06097 3.06172 3.17543 3.35493 3.3853 3.40003 3.72473 4.38035 4.49546 4.55838 4.56185 
0.385925 1.16937 1.21411 1.70671 2.20294 2.70643 2.71257 2.91022 2.91746 3.06097 3.06172 3.17543 3.35493 3.3853 3.40003 3.72473 4.38035 4.49546 4.55838 4.56185 
0.385925 1.16937 1.21411 1.70671 2.20294 2.70643 2.71257 2.91022 2.91746 3.06097 3.06172 3.17543 3.35493 3.3853 3.40003 3.72473 4.38035 4.49546 4.55838 4.56185 
0.385925 1.16937 1.21411 1.70671 2.20294 2.70643 2.71257 2.91022 2.91746 3.06097 3.06172 3.17543 3.35493 3.3853 3.40003 3.72473 4.38035 4.49546 4.55838 4.56185 
0.385925 1.16937 1.21411 1.70671 2.20294 2.70643 2.71257 2.91022 2.91746 3.06097 3.06172 3.17543 3.35493 3.3853 3.40003 3.72473 4.38035 4.49546 4.55838 4.56185 
0.385925 1.16937 1.21411 1.70671 2.20294 2.70643 2.71257 2.91022 2.91746 3.06097 3.06172 3.17543 3.35493 3.3853 3.40003 3.72473 4.38035 4.49546 4.55838 4.56185 
0.385925 1.16937 1.21411 1.70671 2.20294 2.70643 2.71257 2.91022 2.91746 3.06097 3.06172 3.17543 3.35493 3.3853 3.40003 3.72473 4.38035 4.49546 4.55838 4.56185 
0.385925 1.16937 1.21411 1.70671 2.20294 2.70643 2.71257 2.91022 2.91746 3.06097 3.06172 3.17543 3.35493 3.3853 3.40003 3.72473 4.38035 4.49546 4.55838 4.56185 
0.385925 1.16937 1.21411 1.70671 2.20294 2.70643 2.71257 2.91022 2.91746 3.06097 3.06172 3.17543 3.35493 3.3853 3.40003 3.72473 4.38035 4.49546 4.55838 4.56185 
0.385925 1.16937 1.21411 1.70671 2.20294 2.70643 2.71257 2.91022 2.91746 3.06097 3.06172 3.17543 3.35493 3.3853 3.40003 3.72473 4.38035 4.49546 4.55838 4.56185 
0.385925 1.16937 1.21411 1.70671 2.20294 2.70643 2.71257 2.91022 2.91746 3.06097 3.06172 3.17543 3.35493 3.3853 3.40003 3.72473 4.38035 4.49546 4.55838 4.56185 
0.385925 1.16937 1.21411 1.70671 2.20294 2.70643 2.71257 2.91022 2.91746 3.06097 3.06172 3.17543 3.35493 3.3853 3.40003 3.72473 4.38035 4.49546 4.55838 4.56185 
0.385925 1.16937 1.21411 1.70671 2.20294 2.70643 2.71257 2.91022 2.91746 3.06097 3.06172 3.17543 3.35493 3.3853 3.40003 3.72473 4.38035 4.49546 4.55838 4.56185 
0.385925 1.16937 1.21411 1.70671 2.20294 2.70643 2.71257 2.91022 2.91746 3.06097 3.06172 3.17543 3.35493 3.3853 3.40003 3.72473 4.38035 4.49546 4.55838 4.56185 
0.385925 1.16937 1.21411 1.70671 2.20294 2.70643 2.71257 2.91022 2.91746 3.06097 3.06172 3.17543 3.35493 3.3853 3.40003 3.72473 4.38035 4.49546 4.55838 4.56185 
0.385925 1.16937 1.21411 1.70671 2.20294 2.70643 2.71257 2.91022 2.91746 3.06097 3.06172 3.17543 3.35493 3.3853 3.40003 3.72473 4.38035 4.49546 4.55838 4.56185 
0.385925 1.16937 1.21411 1.70671 2.20294 2.70643 2.71257 2.91022 2.91746 3.06097 3.06172 3.17543 3.35493 3.3853 3.40003 3.72473 4.38035 4.49546 4.55838 4.56185 
0.385925 1.16937 1.21411 1.70671 2.20294 2.70643 2.71257 2.91022 2.91746 3.06097 3.06172 3.17543 3.35493 3.3853 3.40003 3.72473 4.38035 4.49546 4.55838 4.56185 
0.385925 1.16937 1.21411 1.70671 2.20294 2.70643 2.71257 2.91022 2.91746 3.06097 3.06172 3.17543 3.35493 3.3853 3.40003 3.72473 4.38035 4.49546 4.55838 4.56185 
0.385925 1.16937 1.21411 1.70671 2.20294 2.70643 2.71257 2.91022 2.91746 3.06097 3.06172 3.17543 3.35493 3.3853 3.40003 3.72473 4.38035 4.49546 4.55838 4.56185 
0.385925 1.16937 1.21411 1.70671 2.20294 2.70643 2.71257 2.91022 2.91746 3.06097 3.06172 3.17543 3.35493 3.3853 3.40003 3.72473 4.38035 4.49546 4.55838 4.56185 
0.385925 1.16937 1.21411 1.70671 2.20294 2.70643 2.71257 2.91022 2.91746 3.06097 3.06172 3.17543 3.35493 3.3853 3.40003 3.72473 4.38035 4.49546 4.55838 4.56185 
0.385925 1.16937 1.21411 1.70671 2.20294 2.70643 2.71257 2.91022 2.91746 3.06097 3.06172 3.17543 3.35493 3.3853 3.40003 3.72473 4.38035 4.49546 4.55838 4.56185 
0.385925 1.16937 1.21411 1.70671 2.20294 2.70643 2.71257 2.91022 2.91746 3.06097 3.06172 3.17543 3.35493 3.3853 3.40003 3.72473 4.38035 4.49546 4.55838 4.56185 
0.385925 1.16937 1.21411 1.70671 2.20294 2.70643 2.71257 2.91022 2.91746 3.06097 3.06172 3.17543 3.35493 3.3853 3.40003 3.72473 4.38035 4.49546 4.55838 4.56185 
0.385925 1.16937 1.21411 1.70671 2.20294 2.70643 2.71257 2.91022 2.91746 3.06097 3.06172 3.17543 3.35493 3.3853 3.40003 3.72473 4.38035 4.49546 4.55838 4.56185 
0.385925 1.16937 1.21411 1.70671 2.20294 2.70643 2.71257 2.91022 2.91746 3.06097 3.06172 3.17543 3.35493 3.3853 3.40003 3.72473 4.38035 4.49546 4.55838 4.56185 
0.385925 1.16937 1.21411 1.70671 2.20294 2.70643 2.71257 2.91022 2.91746 3.06097 3.06172 3.17543 3.35493 3.3853 3.40003 3.72473 4.38035 4.49546 4.55838 4.56185 
0.385925 1.16937 1.21411 1.70671 2.20294 2.70643 2.71257 2.91022 2.91746 3.06097 3.06172 3.17543 3.35493 3.3853 3.40003 3.72473 4.38035 4.49546 4.55838 4.56185 
0.385925 1.16937 1.21411 1.70671 2.20294 2.70643 2.71257 2.91022 2.91746 3.06097 3.06172 3.17543 3.35493 3.3853 3.40003 3.72473 4.38035 4.49546 4.55838 4.56185 
0.385925 1.16937 1.21411 1.70671 2.20294 2.70643 2.71257 2.91022 2.91746 3.06097 3.06172 3.17543 3.35493 3.3853 3.40003 3.72473 4.38035 4.49546 4.55838 4.56185 
0.385925 1.16937 1.21411 1.70671 2.20294 2.70643 2.71257 2.91022 2.91746 3.06097 3.06172 3.17543 3.35493 3.3853 3.40003 3.72473 4.38035 4.49546 4.55838 4.56185 
0.385925 1.16937 1.21411 1.70671 2.20294 2.70643 2.71257 2.91022 2.91746 3.06097 3.06172 3.17543 3.35493 3.3853 3.40003 3.72473 4.38035 4.49546 4.55838 4.56185 
0.385925 1.16937 1.21411 1.70671 2.20294 2.70643 2.71257 2.91022 2.91746 3.06097 3.06172 3.17543 3.35493 3.3853 3.40003 3.72473 4.38035 4.49546 4.55838 4.56185 
0.385925 1.16937 1.21411 1.70671 2.20294 2.70643 2.71257 2.91022 2.91746 3.06097 3.06172 3.17543 3.35493 3.3853 3.40003 3.72473 4.38035 4.49546 4.55838 4.56185 
0.385925 1.16937 1.21411 1.70671 2.20294 2.70643 2.71257 2.91022 2.91746 3.06097 3.06172 3.17543 3.35493 3.3853 3.40003 3.72473 4.38035 4.49546 4.55838 4.56185 
0.385925 1.16937 1.21411 1.70671 2.20294 2.70643 2.71257 2.91022 2.91746 3.06097 3.06172 3.17543 3.35493 3.3853 3.40003 3.72473 4.38035 4.49546 4.55838 4.56185 
0.385925 1.16937 1.21411 1.70671 2.20294 2.70643 2.71257 2.91022 2.91746 3.06097 3.06172 3.17543 3.35493 3.3853 3.40003 3.72473 4.38035 4.49546 4.55838 4.56185 
0.385925 1.16937 1.21411 1.70671 2.20294 2.70643 2.71257 2.91022 2.91746 3.06097 3.06172 3.17543 3.35493 3.3853 3.40003 3.72473 4.38035 4.49546 4.55838 4.56185 
0.385925 1.16937 1.21411 1.70671 2.20294 2.70643 2.71257 2.91022 2.91746 3.06097 3.06172 3.17543 3.35493 3.3853 3.40003 3.72473 4.38035 4.49546 4.55838 4.56185 
0.385925 1.16937 1.21411 1.70671 2.20294 2.70643 2.71257 2.91022 2.91746 3.06097 3.06172 3.17543 3.35493 3.3853 3.40003 3.72473 4.38035 4.49546 4.55838 4.56185 
0.385925 1.16937 1.21411 1.70671 2.20294 2.70643 2.71257 2.91022 2.91746 3.06097 3.06172 3.17543 3.35493 3.3853 3.40003 3.72473 4.38035 4.49546 4.55838 4.56185 
0.385925 1.16937 1.21411 1.70671 2.20294 2.70643 2.71257 2.91022 2.91746 3.06097 3.06172 3.17543 3.35493 3.3853 3.40003 3.72473 4.38035 4.49546 4.55838 4.56185 
0.385925 1.16937 1.21411 1.70671 2.20294 2.70643 2.71257 2.91022 2.91746 3.06097 3.06172 3.17543 3.35493 3.3853 3.40003 3.72473 4.38035 4.49546 4.55838 4.56185 
0.385925 1.16937 1.21411 1.70671 2.20294 2.70643 2.71257 2.91022 2.91746 3.06097 3.06172 3.17543 3.35493 3.3853 3.40003 3.72473 4.38035 4.49546 4.55838 4.56185 
0.385925 1.16937 1.21411 1.70671 2.20294 2.70643 2.71257 2.91022 2.91746 3.06097 3.06172 3.17543 3.35493 3.3853 3.40003 3.72473 4.38035 4.49546 4.55838 4.56185 
0.385925 1.16937 1.21411 1.70671 2.20294 2.70643 2.71257 2.91022 2.91746 3.06097 3.06172 3.17543 3.35493 3.3853 3.40003 3.72473 4.38035 4.49546 4.55838 4.56185 
0.385925 1.16937 1.21411 1.70671 2.20294 2.70643 2.71257 2.91022 2.91746 3.06097 3.06172 3.17543 3.35493 3.3853 3.40003 3.72473 4.38035 4.49546 4.55838 4.56185 
