2.73013 3.69942 4.43314 4.4907 4.93091 5.53353 5.84108 5.89239 5.95458 6.20648 6.71749 6.8789 7.03984 7.55661 7.73191 8.27633 8.30263 8.47268 8.62912 8.65769 
2.73013 3.69942 4.43314 4.45583 4.4907 4.93091 5.43327 5.53353 5.84108 5.89239 5.95458 6.17599 6.20648 6.2557 6.71749 6.73252 6.8789 6.91832 7.03984 7.29429 
2.73013 3.25683 3.69942 4.43314 4.45583 4.4907 4.93091 5.21006 5.43327 5.53353 5.84108 5.89239 5.95458 6.10259 6.17599 6.20648 6.2557 6.46528 6.49465 6.71749 
2.73013 2.8229 3.25683 3.39486 3.69942 4.01544 4.12479 4.43314 4.45583 4.4907 4.52491 4.93091 5.21006 5.43327 5.53353 5.7324 5.84108 5.89239 5.95458 6.03085 
2.73013 2.8229 3.25683 3.39486 3.57338 3.69942 4.01544 4.12479 4.43314 4.45583 4.4907 4.52491 4.93091 5.21006 5.43327 5.53353 5.61005 5.7324 5.84108 5.89239 
2.49876 2.73013 2.8229 3.25683 3.39486 3.57338 3.69942 3.77874 4.01544 4.12479 4.18331 4.43314 4.45583 4.4907 4.52491 4.58248 4.93091 5.10914 5.21006 5.43327 
2.49876 2.73013 2.8229 3.25683 3.39486 3.57338 3.69942 3.77874 4.01544 4.10158 4.12479 4.18331 4.43314 4.45583 4.4907 4.52491 4.52867 4.58248 4.93091 5.10914 
0.497944 2.49876 2.73013 2.8229 3.25683 3.39486 3.57338 3.69942 3.77874 4.01544 4.10158 4.12479 4.18331 4.39335 4.43314 4.45583 4.4907 4.52491 4.52867 4.53282 
0.497944 2.49876 2.73013 2.8229 2.91004 3.25683 3.39486 3.57338 3.69942 3.77874 4.01544 4.10158 4.12479 4.1811 4.18331 4.39335 4.43314 4.45583 4.4907 4.52491 
0.497944 2.49876 2.73013 2.8229 2.91004 3.25683 3.39486 3.47023 3.57338 3.69942 3.72081 3.77874 4.01544 4.10158 4.12479 4.1811 4.18331 4.31983 4.39335 4.42313 
0.497944 2.49876 2.59502 2.73013 2.8229 2.91004 3.08314 3.18453 3.25683 3.39486 3.47023 3.49314 3.57338 3.69942 3.72081 3.77874 4.01544 4.03064 4.10158 4.12479 
0.497944 2.49876 2.59502 2.73013 2.8229 2.91004 3.08314 3.18453 3.25683 3.39486 3.42799 3.47023 3.49314 3.57338 3.69942 3.72081 3.77874 3.97588 4.01544 4.03064 
0.497944 2.49876 2.59502 2.73013 2.8229 2.91004 3.08314 3.18453 3.25683 3.39486 3.42799 3.47023 3.49314 3.57338 3.68601 3.69942 3.72081 3.77874 3.89046 3.91049 
0.497944 2.49876 2.59502 2.60594 2.73013 2.74531 2.8229 2.91004 2.99449 3.08314 3.18453 3.25683 3.39486 3.42799 3.47023 3.49314 3.57338 3.68601 3.69942 3.72081 
0.497944 2.49876 2.59502 2.60594 2.72692 2.73013 2.74531 2.8229 2.91004 2.99449 3.08314 3.15624 3.18453 3.25683 3.39486 3.42799 3.47023 3.49314 3.57338 3.68601 
0.497944 2.49876 2.59502 2.60594 2.72692 2.73013 2.74531 2.8229 2.91004 2.99449 3.08314 3.15624 3.16215 3.18453 3.25683 3.39486 3.41246 3.42799 3.46106 3.47023 
0.497944 2.49876 2.59502 2.60594 2.72692 2.73013 2.74531 2.8229 2.91004 2.99449 3.08314 3.15624 3.16215 3.18453 3.21283 3.25683 3.39486 3.41246 3.42799 3.46106 
0.497944 2.49876 2.59502 2.60594 2.72692 2.73013 2.74531 2.8229 2.91004 2.99449 3.08314 3.15624 3.16215 3.18453 3.21283 3.25683 3.39486 3.41246 3.42799 3.46106 
0.497944 1.60213 2.49876 2.59502 2.60594 2.62155 2.72692 2.73013 2.74531 2.8229 2.90921 2.91004 2.99449 3.08314 3.15624 3.16215 3.18453 3.21283 3.25683 3.39486 
0.497944 1.60213 2.49876 2.59502 2.60594 2.62155 2.72692 2.73013 2.74531 2.8229 2.90921 2.91004 2.99449 3.08314 3.15624 3.16215 3.18453 3.21283 3.25683 3.39486 
0.497944 1.60213 2.49876 2.59502 2.60594 2.62155 2.72692 2.73013 2.74531 2.8229 2.90921 2.91004 2.99449 3.02894 3.08314 3.15624 3.16215 3.18453 3.21283 3.25683 
0.497944 1.60213 2.49876 2.59502 2.60594 2.62155 2.72692 2.73013 2.74531 2.8229 2.90921 2.91004 2.99449 3.02894 3.08314 3.15624 3.16215 3.18453 3.21283 3.22861 
0.497944 1.60213 2.49876 2.59502 2.60594 2.60712 2.62155 2.72692 2.73013 2.74531 2.8229 2.90921 2.91004 2.99449 3.02894 3.05048 3.08314 3.15624 3.16215 3.18453 
0.497944 1.60213 2.41497 2.49876 2.59502 2.60594 2.60712 2.62155 2.72692 2.73013 2.74531 2.8229 2.90921 2.91004 2.97096 2.99449 3.02894 3.05048 3.08314 3.15624 
0.497944 1.60213 2.41497 2.49876 2.59502 2.60594 2.60712 2.62155 2.67309 2.72692 2.73013 2.74531 2.8229 2.90921 2.91004 2.97096 2.99449 3.02894 3.05048 3.08314 
0.213375 0.497944 1.60213 2.41497 2.49876 2.59502 2.60594 2.60712 2.62155 2.67309 2.72692 2.73013 2.74531 2.8229 2.86224 2.90921 2.91004 2.97096 2.99449 3.02894 
0.213375 0.497944 1.60213 1.64639 1.69267 2.41497 2.49876 2.59502 2.60594 2.60712 2.62155 2.67309 2.72692 2.73013 2.74531 2.8229 2.86224 2.90921 2.91004 2.97096 
0.213375 0.497944 1.60213 1.64639 1.69267 2.41497 2.49876 2.59502 2.60594 2.60712 2.62155 2.67309 2.72692 2.73013 2.74531 2.8229 2.86224 2.90921 2.91004 2.97096 
0.213375 0.497944 1.60213 1.64639 1.69267 1.80257 1.83364 2.14949 2.41497 2.49876 2.59502 2.60594 2.60712 2.62155 2.67309 2.69892 2.72692 2.73013 2.74531 2.76315 
0.213375 0.216494 0.497944 1.60213 1.64639 1.69267 1.80257 1.83364 2.14949 2.41497 2.49876 2.58986 2.59502 2.59675 2.60594 2.60712 2.62155 2.67309 2.69892 2.72692 
0.213375 0.216494 0.497944 1.60213 1.64639 1.69267 1.80257 1.83364 2.05362 2.14949 2.41497 2.49876 2.58986 2.59502 2.59675 2.60594 2.60712 2.61978 2.62155 2.67309 
0.213375 0.216494 0.497944 1.60213 1.64639 1.69267 1.80257 1.83364 2.05362 2.14949 2.41497 2.49876 2.58986 2.59502 2.59675 2.60594 2.60712 2.61978 2.62155 2.67309 
0.213375 0.216494 0.497944 1.60213 1.64639 1.69267 1.77403 1.80257 1.83364 2.05362 2.14949 2.41497 2.49876 2.58986 2.59502 2.59675 2.60594 2.60712 2.61978 2.62155 
0.213375 0.216494 0.497944 0.993642 1.60213 1.64639 1.69267 1.77403 1.80257 1.83364 2.05362 2.14949 2.41497 2.49876 2.58986 2.59502 2.59675 2.60594 2.60712 2.61978 
0.213375 0.216494 0.497944 0.72641 0.761355 0.993642 1.60213 1.64639 1.69267 1.77403 1.80257 1.83364 1.92555 2.05362 2.14949 2.41497 2.46485 2.49876 2.50897 2.58986 
0.213375 0.216494 0.497944 0.72641 0.761355 0.993642 1.60213 1.64639 1.69267 1.77403 1.80257 1.83364 1.92555 2.05362 2.14949 2.41497 2.46485 2.49876 2.50897 2.58986 
0.213375 0.216494 0.497944 0.72641 0.761355 0.993642 1.60213 1.64639 1.69267 1.77403 1.80257 1.83364 1.92555 2.05362 2.14949 2.41497 2.46485 2.49876 2.50897 2.58986 
0.213375 0.216494 0.497944 0.72641 0.761355 0.993642 1.60213 1.64639 1.69267 1.77403 1.80257 1.83364 1.92555 2.05362 2.14949 2.41497 2.46485 2.49876 2.50897 2.51898 
0.213375 0.216494 0.497944 0.72641 0.761355 0.993642 1.60213 1.64639 1.69267 1.77403 1.80257 1.82455 1.83364 1.92555 2.05362 2.14949 2.41497 2.46485 2.49876 2.50897 
0.213375 0.216494 0.497944 0.72641 0.761355 0.993642 1.60213 1.64639 1.69267 1.77403 1.80257 1.82455 1.83364 1.92555 2.05362 2.14802 2.14949 2.41497 2.46485 2.49876 
0.213375 0.216494 0.497944 0.72641 0.761355 0.97138 0.993642 1.60213 1.64639 1.69267 1.77403 1.80257 1.82455 1.83364 1.92555 2.05362 2.14802 2.14949 2.41497 2.46485 
0.213375 0.216494 0.497944 0.72641 0.761355 0.97138 0.993642 1.55265 1.60213 1.64639 1.69267 1.77403 1.80257 1.82455 1.83364 1.92555 2.05362 2.14802 2.14949 2.41497 
0.213375 0.216494 0.497944 0.564349 0.72641 0.761355 0.872365 0.97138 0.993642 1.55265 1.60213 1.64639 1.69267 1.77403 1.80257 1.82455 1.83364 1.92555 2.05362 2.14802 
0.213375 0.216494 0.497944 0.564349 0.72641 0.761355 0.872365 0.97138 0.993642 1.55265 1.60213 1.64639 1.69267 1.77403 1.80257 1.81048 1.82455 1.83364 1.87727 1.92555 
0.213375 0.216494 0.497944 0.564349 0.72641 0.761355 0.872365 0.97138 0.993642 1.55265 1.60213 1.64639 1.69267 1.77403 1.80257 1.81048 1.82455 1.83364 1.87727 1.92555 
0.213375 0.216494 0.497944 0.564349 0.72641 0.761355 0.872365 0.97138 0.993642 1.20875 1.55265 1.60213 1.64639 1.69267 1.77403 1.80257 1.81048 1.82455 1.83364 1.87727 
0.213375 0.216494 0.497944 0.564349 0.72641 0.761355 0.872365 0.97138 0.993642 1.20875 1.55265 1.60213 1.64639 1.69267 1.77403 1.80257 1.81048 1.82455 1.83364 1.87727 
0.213375 0.216494 0.497944 0.564349 0.72641 0.761355 0.872365 0.97138 0.993642 1.20875 1.55265 1.60213 1.64639 1.69267 1.77403 1.80257 1.81048 1.82455 1.83364 1.87727 
0.213375 0.216494 0.497944 0.564349 0.722946 0.72641 0.761355 0.872365 0.97138 0.993642 1.20875 1.31894 1.55265 1.60213 1.64639 1.69267 1.77403 1.80257 1.81048 1.82455 
0.213375 0.216494 0.497944 0.564349 0.564684 0.722946 0.72641 0.761355 0.872365 0.97138 0.993642 1.20875 1.31894 1.55265 1.60213 1.64639 1.69267 1.77403 1.80257 1.81048 
0.213375 0.216494 0.497944 0.564349 0.564684 0.722946 0.72641 0.761355 0.872365 0.97138 0.993642 1.20875 1.31894 1.55265 1.60213 1.64639 1.69267 1.77403 1.80257 1.81048 
0.213375 0.216494 0.497944 0.564349 0.564684 0.722946 0.72641 0.761355 0.872365 0.97138 0.993642 1.20875 1.31894 1.55265 1.60213 1.64639 1.69267 1.77403 1.80257 1.81048 
0.213375 0.216494 0.497944 0.564349 0.564684 0.722946 0.72641 0.761355 0.872365 0.97138 0.993642 1.20875 1.31894 1.3741 1.55265 1.60213 1.64639 1.69267 1.77403 1.80257 
0.213375 0.216494 0.497944 0.564349 0.564684 0.722946 0.72641 0.761355 0.872365 0.97138 0.993642 1.20875 1.31894 1.3741 1.55265 1.60213 1.64639 1.69267 1.77403 1.80257 
0.213375 0.216494 0.487449 0.497944 0.564349 0.564684 0.722946 0.72641 0.761355 0.872365 0.97138 0.993642 1.10208 1.20875 1.31894 1.3741 1.55265 1.60213 1.64639 1.69267 
0.213375 0.216494 0.487449 0.497944 0.564349 0.564684 0.660979 0.722946 0.72641 0.761355 0.872365 0.97138 0.993642 1.10208 1.20875 1.31894 1.3741 1.55265 1.60213 1.64639 
0.213375 0.216494 0.487449 0.497944 0.564349 0.564684 0.660979 0.722946 0.72641 0.761355 0.872365 0.97138 0.993642 1.10208 1.20875 1.31894 1.3741 1.55265 1.60213 1.64639 
0.213375 0.216494 0.487449 0.497944 0.564349 0.564684 0.660979 0.722946 0.72641 0.761355 0.872365 0.97138 0.993642 1.10208 1.20875 1.31894 1.3741 1.55265 1.60213 1.64639 
0.213375 0.216494 0.487449 0.497944 0.564349 0.564684 0.660979 0.722946 0.72641 0.761355 0.872365 0.97138 0.993642 1.10208 1.20875 1.31894 1.3741 1.55265 1.60213 1.64639 
0.213375 0.216494 0.413524 0.487449 0.497944 0.564349 0.564684 0.660979 0.722946 0.72641 0.761355 0.872365 0.97138 0.993642 1.10208 1.20875 1.31894 1.3741 1.55265 1.60213 
0.213375 0.216494 0.413524 0.487449 0.497944 0.564349 0.564684 0.660979 0.722946 0.72641 0.747044 0.761355 0.872365 0.97138 0.993642 1.10208 1.20875 1.31894 1.3741 1.55265 
0.213375 0.216494 0.413524 0.487449 0.497944 0.564349 0.564684 0.660979 0.722946 0.72641 0.747044 0.761355 0.872365 0.97138 0.993642 1.10208 1.20875 1.31894 1.3741 1.55265 
0.213375 0.216494 0.413524 0.487449 0.497944 0.564349 0.564684 0.660979 0.722946 0.72641 0.747044 0.761355 0.872365 0.97138 0.993642 1.10208 1.20875 1.31894 1.3741 1.55265 
0.213375 0.216494 0.413524 0.487449 0.497944 0.564349 0.564684 0.660979 0.722946 0.72641 0.747044 0.761355 0.872365 0.97138 0.993642 1.10208 1.20875 1.31894 1.3741 1.55265 
0.213375 0.216494 0.413524 0.487449 0.497944 0.564349 0.564684 0.660979 0.722946 0.72641 0.747044 0.761355 0.872365 0.97138 0.993642 1.10208 1.20875 1.31894 1.3741 1.55265 
0.213375 0.216494 0.413524 0.487449 0.497944 0.564349 0.564684 0.660979 0.722946 0.72641 0.747044 0.761355 0.872365 0.97138 0.993642 1.10208 1.20875 1.31894 1.3741 1.55265 
0.213375 0.216494 0.413524 0.487449 0.497944 0.564349 0.564684 0.660979 0.722946 0.72641 0.747044 0.761355 0.872365 0.97138 0.993642 1.10208 1.20875 1.31894 1.3741 1.55265 
0.213375 0.216494 0.413524 0.487449 0.497944 0.564349 0.564684 0.660979 0.722946 0.72641 0.747044 0.761355 0.872365 0.97138 0.993642 1.10208 1.20875 1.31894 1.3741 1.55265 
0.213375 0.216494 0.413524 0.487449 0.497944 0.564349 0.564684 0.660979 0.722946 0.72641 0.747044 0.761355 0.872365 0.97138 0.993642 1.10208 1.20875 1.31894 1.3741 1.55265 
0.213375 0.216494 0.413524 0.487449 0.497944 0.564349 0.564684 0.660979 0.722946 0.72641 0.728394 0.747044 0.761355 0.872365 0.97138 0.993642 1.10208 1.20875 1.31894 1.3741 
0.213375 0.216494 0.369795 0.413524 0.487449 0.497944 0.564349 0.564684 0.660979 0.722946 0.72641 0.728394 0.747044 0.761355 0.872365 0.97138 0.993642 1.10208 1.20875 1.31894 
0.213375 0.216494 0.369795 0.413524 0.487449 0.497944 0.564349 0.564684 0.566391 0.660979 0.722946 0.72641 0.728394 0.747044 0.761355 0.872365 0.97138 0.993642 1.10208 1.20875 
0.213375 0.216494 0.369795 0.413524 0.487449 0.497944 0.564349 0.564684 0.566391 0.633324 0.660979 0.722946 0.72641 0.728394 0.747044 0.761355 0.872365 0.97138 0.993642 1.10208 
0.213375 0.216494 0.218482 0.369795 0.413524 0.487449 0.497944 0.564349 0.564684 0.566391 0.633324 0.660979 0.722946 0.72641 0.728394 0.747044 0.761355 0.872365 0.97138 0.993642 
0.213375 0.216494 0.218482 0.369795 0.413524 0.487449 0.497944 0.564349 0.564684 0.566391 0.633324 0.660979 0.722946 0.72641 0.728394 0.747044 0.761355 0.872365 0.97138 0.993642 
0.213375 0.216494 0.218482 0.369795 0.413524 0.487449 0.497944 0.564349 0.564684 0.566391 0.633324 0.660979 0.722946 0.72641 0.728394 0.747044 0.761355 0.872365 0.97138 0.993642 
0.213375 0.216494 0.218482 0.369795 0.413524 0.471665 0.487449 0.497944 0.564349 0.564684 0.566391 0.633324 0.660979 0.722946 0.72641 0.728394 0.747044 0.761355 0.872365 0.97138 
0.213375 0.216494 0.218482 0.369795 0.413524 0.471665 0.487449 0.497944 0.564349 0.564684 0.566391 0.633324 0.660979 0.722946 0.72641 0.728394 0.747044 0.761355 0.872365 0.97138 
0.213375 0.216494 0.218482 0.369795 0.413524 0.471665 0.487449 0.497944 0.564349 0.564684 0.566391 0.633324 0.660979 0.722946 0.72641 0.728394 0.747044 0.761355 0.872365 0.97138 
0.213375 0.216494 0.218482 0.369795 0.413524 0.471665 0.487449 0.497944 0.564349 0.564684 0.566391 0.633324 0.660979 0.722946 0.72641 0.728394 0.747044 0.761355 0.872365 0.97138 
0.213375 0.216494 0.218482 0.369795 0.413524 0.471665 0.487449 0.497944 0.564349 0.564684 0.566391 0.633324 0.660979 0.722946 0.72641 0.728394 0.747044 0.761355 0.872365 0.97138 
0.213375 0.216494 0.218482 0.369795 0.413524 0.471665 0.487449 0.497944 0.564349 0.564684 0.566391 0.633324 0.660979 0.722946 0.72641 0.728394 0.747044 0.761355 0.872365 0.97138 
0.213375 0.216494 0.218482 0.369795 0.413524 0.471665 0.487449 0.497944 0.564349 0.564684 0.566391 0.633324 0.660979 0.722946 0.72641 0.728394 0.747044 0.761355 0.872365 0.97138 
0.213375 0.216494 0.218482 0.369795 0.390963 0.413524 0.471665 0.487449 0.497944 0.564349 0.564684 0.566391 0.633324 0.660979 0.722946 0.72641 0.728394 0.747044 0.761355 0.872365 
0.213375 0.216494 0.218482 0.319609 0.369795 0.390963 0.413524 0.471665 0.487449 0.497944 0.564349 0.564684 0.566391 0.633324 0.660979 0.722946 0.72641 0.728394 0.747044 0.761355 
0.122738 0.213375 0.216494 0.218482 0.319609 0.32428 0.369795 0.390963 0.413524 0.471665 0.487449 0.497944 0.564349 0.564684 0.566391 0.633324 0.660979 0.722946 0.72641 0.728394 
0.122738 0.213375 0.216494 0.218482 0.319609 0.32428 0.369795 0.390963 0.413524 0.471665 0.487449 0.497944 0.564349 0.564684 0.566391 0.633324 0.660979 0.722946 0.72641 0.728394 
0.0362239 0.122738 0.213375 0.216494 0.218482 0.309858 0.319609 0.32428 0.369795 0.390963 0.413524 0.471665 0.487449 0.497944 0.564349 0.564684 0.566391 0.633324 0.660979 0.722946 
0.0362239 0.122738 0.213375 0.216494 0.218482 0.309858 0.319609 0.32428 0.369795 0.390963 0.413524 0.471665 0.487449 0.497944 0.564349 0.564684 0.566391 0.633324 0.660979 0.722946 
0.0362239 0.122738 0.208302 0.213375 0.216494 0.218482 0.309858 0.319609 0.32428 0.369795 0.390963 0.413524 0.471665 0.487449 0.497944 0.564349 0.564684 0.566391 0.633324 0.660979 
0.0362239 0.122738 0.208302 0.213375 0.216494 0.218482 0.309858 0.319609 0.32428 0.369795 0.390963 0.413524 0.471665 0.487449 0.497944 0.564349 0.564684 0.566391 0.633324 0.660979 
0.0362239 0.122738 0.208302 0.213375 0.216494 0.218482 0.309858 0.319609 0.32428 0.369795 0.390963 0.413524 0.471665 0.487449 0.497944 0.564349 0.564684 0.566391 0.633324 0.660979 
0.0362239 0.122738 0.208302 0.213375 0.216494 0.218482 0.309858 0.319609 0.32428 0.369795 0.390963 0.413524 0.471665 0.487449 0.497944 0.564349 0.564684 0.566391 0.633324 0.660979 
0.0362239 0.122738 0.208302 0.213375 0.216494 0.218482 0.309858 0.319609 0.32428 0.369795 0.390963 0.413524 0.471665 0.487449 0.497944 0.564349 0.564684 0.566391 0.633324 0.660979 
0.0362239 0.122738 0.208302 0.213375 0.216494 0.218482 0.309858 0.319609 0.32428 0.369795 0.390963 0.413524 0.471665 0.487449 0.497944 0.564349 0.564684 0.566391 0.633324 0.660979 
0.0362239 0.122738 0.208302 0.213375 0.216494 0.218482 0.309858 0.319609 0.32428 0.369795 0.390963 0.413524 0.471665 0.487449 0.497944 0.564349 0.564684 0.566391 0.633324 0.660979 
0.0362239 0.122738 0.208302 0.213375 0.216494 0.218482 0.309858 0.319609 0.32428 0.369795 0.390963 0.413524 0.471665 0.487449 0.497944 0.564349 0.564684 0.566391 0.633324 0.660979 
0.0362239 0.122738 0.208302 0.213375 0.216494 0.218482 0.309858 0.319609 0.32428 0.369795 0.390963 0.413524 0.471665 0.487449 0.497944 0.564349 0.564684 0.566391 0.633324 0.660979 
0.0362239 0.122738 0.208302 0.213375 0.216494 0.218482 0.309858 0.319609 0.32428 0.369795 0.390963 0.413524 0.471665 0.487449 0.497944 0.564349 0.564684 0.566391 0.633324 0.660979 
0.0362239 0.122738 0.208302 0.213375 0.216494 0.218482 0.309858 0.319609 0.32428 0.369795 0.390963 0.413524 0.471665 0.487449 0.497944 0.564349 0.564684 0.566391 0.633324 0.660979 
