1.19401 2.40513 2.58726 2.6749 3.07478 3.41856 3.75056 3.79976 4.51706 4.57701 5.21682 5.53893 5.55345 6.48149 6.66959 6.67469 6.84439 7.55813 7.61523 7.67598 
1.19401 2.40513 2.58726 2.6749 2.702 2.81794 3.04067 3.07478 3.41856 3.75056 3.79976 3.79987 4.51706 4.57701 5.21682 5.53893 5.55345 6.19211 6.22014 6.34798 
1.19401 2.30489 2.40513 2.58726 2.6749 2.702 2.78343 2.81794 3.01474 3.04067 3.07183 3.07478 3.41856 3.75056 3.79976 3.79987 3.81585 4.02868 4.174 4.51706 
0.370682 1.19401 1.56763 1.66142 1.99698 2.30489 2.40513 2.58726 2.6749 2.702 2.78343 2.81794 2.85811 2.9343 3.01474 3.04067 3.07183 3.07478 3.24319 3.35271 
0.370682 1.19401 1.47108 1.56763 1.66142 1.72209 1.75265 1.99698 2.11627 2.30489 2.34375 2.40513 2.4873 2.58726 2.6749 2.702 2.78343 2.81794 2.85811 2.93223 
0.370682 1.15734 1.19401 1.47108 1.56763 1.66142 1.72209 1.75265 1.99698 2.11627 2.30489 2.34375 2.40513 2.4873 2.58726 2.6749 2.702 2.78343 2.81794 2.85811 
0.370682 1.0036 1.02148 1.15734 1.19401 1.30005 1.47108 1.56763 1.66142 1.72209 1.75265 1.99698 2.11627 2.30489 2.34375 2.40513 2.4873 2.58726 2.6749 2.702 
0.370682 0.640788 1.0036 1.02148 1.15734 1.19401 1.30005 1.47108 1.56763 1.66142 1.72209 1.75265 1.99698 2.11627 2.30489 2.34375 2.40513 2.4873 2.58726 2.6749 
0.370682 0.640788 1.0036 1.02148 1.15734 1.19401 1.30005 1.47108 1.56763 1.66142 1.72209 1.75265 1.99698 2.11627 2.30489 2.34375 2.40513 2.4873 2.58726 2.6749 
0.370682 0.640788 1.0036 1.02148 1.15734 1.19401 1.30005 1.47108 1.49568 1.56763 1.66142 1.72209 1.75265 1.99698 2.11627 2.30489 2.34375 2.40513 2.4873 2.58726 
0.370682 0.640788 1.0036 1.02148 1.15734 1.19401 1.30005 1.47108 1.49568 1.56763 1.66142 1.72209 1.75265 1.99698 2.11627 2.30489 2.34375 2.40513 2.4873 2.58726 
0.370682 0.640788 1.0036 1.02148 1.15734 1.19401 1.30005 1.47108 1.49568 1.56763 1.66142 1.72209 1.75265 1.99698 2.11627 2.30489 2.34375 2.40513 2.4873 2.58726 
0.370682 0.640788 1.0036 1.02148 1.15734 1.19401 1.30005 1.47108 1.49568 1.56763 1.66142 1.72209 1.75265 1.99698 2.11627 2.30489 2.34375 2.40513 2.4873 2.58726 
0.370682 0.640788 1.0036 1.02148 1.15734 1.19401 1.30005 1.47108 1.49568 1.56763 1.66142 1.72209 1.75265 1.99698 2.11627 2.30489 2.34375 2.40513 2.4873 2.58726 
0.370682 0.640788 0.653804 0.981774 1.0036 1.02148 1.15734 1.19401 1.30005 1.47108 1.48544 1.49568 1.56763 1.66142 1.72209 1.75265 1.99698 2.11627 2.30489 2.34375 
0.370682 0.640788 0.653804 0.981774 1.0036 1.02148 1.15734 1.19401 1.30005 1.47108 1.48544 1.49568 1.56763 1.66142 1.72209 1.75265 1.99698 2.11627 2.30489 2.34375 
0.370682 0.640788 0.653804 0.672333 0.981774 1.0036 1.02148 1.15734 1.19401 1.30005 1.47108 1.48544 1.49568 1.56763 1.66142 1.72209 1.75265 1.99698 2.11627 2.30489 
0.370682 0.640788 0.653804 0.672333 0.752915 0.981774 1.0036 1.02148 1.15734 1.19401 1.30005 1.47108 1.48544 1.49568 1.56763 1.66142 1.72209 1.75265 1.99698 2.09353 
0.370682 0.640788 0.653804 0.672333 0.752915 0.802018 0.981774 1.0036 1.02148 1.15734 1.19401 1.30005 1.47108 1.48544 1.49568 1.56763 1.66142 1.72209 1.75265 1.99698 
0.370682 0.640788 0.653804 0.672333 0.752915 0.802018 0.981774 1.0036 1.02148 1.15734 1.19401 1.30005 1.47108 1.48544 1.49568 1.56763 1.66142 1.72209 1.75265 1.99698 
0.370682 0.640788 0.653804 0.672333 0.752915 0.802018 0.981774 1.0036 1.02148 1.15734 1.19401 1.30005 1.47108 1.48544 1.49568 1.56763 1.66142 1.68519 1.72209 1.75265 
0.370682 0.640788 0.653804 0.672333 0.752915 0.802018 0.981774 1.0036 1.02148 1.15734 1.19401 1.30005 1.47108 1.48544 1.49568 1.56763 1.66142 1.68519 1.72209 1.75265 
0.370682 0.640788 0.653804 0.672333 0.752915 0.802018 0.981774 1.0036 1.02148 1.15734 1.19401 1.30005 1.47108 1.48544 1.49568 1.56763 1.66142 1.68519 1.72209 1.75265 
0.370682 0.640788 0.653804 0.672333 0.752915 0.802018 0.981774 1.0036 1.02148 1.15734 1.19401 1.30005 1.47108 1.48544 1.49568 1.56763 1.60528 1.66142 1.68519 1.72209 
0.370682 0.640788 0.653804 0.672333 0.752915 0.802018 0.981774 1.0036 1.02148 1.15734 1.19401 1.30005 1.47108 1.48544 1.49568 1.56763 1.60528 1.66142 1.68519 1.72209 
0.370682 0.640788 0.653804 0.672333 0.752915 0.802018 0.981774 1.0036 1.02148 1.15734 1.19401 1.30005 1.47108 1.48544 1.49568 1.56763 1.60528 1.66142 1.68519 1.72209 
0.280402 0.370682 0.640788 0.653804 0.672333 0.752915 0.802018 0.981774 1.0036 1.02148 1.15734 1.19401 1.30005 1.47108 1.48544 1.49568 1.56763 1.60528 1.66142 1.68519 
0.280402 0.370682 0.640788 0.653804 0.672333 0.752915 0.802018 0.981774 1.0036 1.02148 1.15734 1.19401 1.30005 1.44931 1.47108 1.48544 1.49568 1.56763 1.60528 1.66142 
0.280402 0.370682 0.640788 0.653804 0.672333 0.752915 0.802018 0.981774 1.0036 1.02148 1.15734 1.19401 1.30005 1.44931 1.47108 1.48544 1.49568 1.56763 1.60528 1.66142 
0.280402 0.370682 0.640788 0.653804 0.672333 0.752915 0.802018 0.981774 1.0036 1.02148 1.15734 1.19401 1.30005 1.44931 1.47108 1.48544 1.49568 1.56763 1.60528 1.66142 
0.280402 0.370682 0.640788 0.653804 0.672333 0.752915 0.802018 0.981774 1.0036 1.02148 1.15734 1.19401 1.30005 1.44931 1.47108 1.48544 1.49568 1.56763 1.60528 1.66142 
0.280402 0.370682 0.640788 0.653804 0.672333 0.752915 0.802018 0.981774 1.0036 1.02148 1.10037 1.15734 1.19401 1.30005 1.44931 1.47108 1.48544 1.49568 1.56763 1.60528 
0.280402 0.289026 0.370682 0.640788 0.653804 0.672333 0.752915 0.802018 0.981774 1.0036 1.02148 1.10037 1.15734 1.19401 1.30005 1.44931 1.47108 1.48544 1.49568 1.56763 
0.280402 0.289026 0.370682 0.640788 0.653804 0.672333 0.752915 0.802018 0.981774 1.0036 1.02148 1.10037 1.15734 1.19401 1.30005 1.44931 1.47108 1.48544 1.49568 1.56763 
0.280402 0.289026 0.370682 0.640788 0.653804 0.672333 0.752915 0.802018 0.981774 1.0036 1.02148 1.10037 1.15734 1.19401 1.30005 1.44931 1.47108 1.47786 1.48544 1.49568 
0.280402 0.289026 0.370682 0.640788 0.653804 0.672333 0.752915 0.802018 0.981774 1.0036 1.02148 1.10037 1.15734 1.19401 1.30005 1.44931 1.47108 1.47786 1.48544 1.49568 
0.280402 0.289026 0.370682 0.640788 0.653804 0.672333 0.752915 0.802018 0.981774 1.0036 1.02148 1.10037 1.15734 1.19401 1.30005 1.44931 1.47108 1.47786 1.48544 1.49568 
0.280402 0.289026 0.370682 0.640788 0.653804 0.672333 0.752915 0.802018 0.981774 1.0036 1.02148 1.02645 1.10037 1.15734 1.19401 1.30005 1.44931 1.47108 1.47786 1.48544 
0.280402 0.289026 0.370682 0.640788 0.653804 0.672333 0.752915 0.802018 0.981774 1.0036 1.02148 1.02645 1.10037 1.15734 1.19401 1.30005 1.44931 1.47108 1.47786 1.48544 
0.280402 0.289026 0.370682 0.46573 0.640788 0.653804 0.672333 0.752915 0.802018 0.981774 1.0036 1.02148 1.02645 1.10037 1.15734 1.19401 1.30005 1.44931 1.47108 1.47786 
0.280402 0.289026 0.370682 0.46573 0.640788 0.653804 0.672333 0.752915 0.802018 0.981774 1.0036 1.02148 1.02645 1.10037 1.15734 1.19401 1.30005 1.39734 1.44931 1.47108 
0.280402 0.289026 0.370682 0.46573 0.640788 0.653804 0.672333 0.752915 0.802018 0.981774 1.0036 1.02148 1.02645 1.10037 1.10858 1.15734 1.19401 1.30005 1.39734 1.4031 
0.280402 0.289026 0.370682 0.46573 0.640788 0.653804 0.672333 0.752915 0.802018 0.981774 1.0036 1.02148 1.02645 1.10037 1.10858 1.15734 1.19401 1.30005 1.39734 1.4031 
0.280402 0.289026 0.370682 0.46573 0.640788 0.653804 0.672333 0.752915 0.802018 0.981774 1.0036 1.02148 1.02645 1.10037 1.10858 1.15734 1.19401 1.30005 1.39734 1.4031 
0.280402 0.289026 0.370682 0.46573 0.640788 0.653804 0.672333 0.752915 0.802018 0.981774 1.0036 1.02148 1.02645 1.10037 1.10858 1.15734 1.19401 1.30005 1.39734 1.4031 
0.280402 0.289026 0.370682 0.46573 0.577755 0.640788 0.653804 0.672333 0.752915 0.802018 0.981774 1.0036 1.02148 1.02645 1.09216 1.10037 1.10858 1.15734 1.19401 1.30005 
0.280402 0.289026 0.370682 0.46573 0.577755 0.640788 0.653804 0.672333 0.752915 0.802018 0.981774 1.0036 1.02148 1.02645 1.09216 1.10037 1.10858 1.15734 1.19401 1.30005 
0.280402 0.289026 0.370682 0.46573 0.577755 0.640788 0.653804 0.672333 0.752833 0.752915 0.802018 0.981774 1.0036 1.02148 1.02645 1.09216 1.10037 1.10858 1.15734 1.19401 
0.280402 0.289026 0.370682 0.46573 0.577755 0.640788 0.653804 0.672333 0.752833 0.752915 0.802018 0.892323 0.981774 1.0036 1.02148 1.02645 1.09216 1.10037 1.10858 1.15734 
0.280402 0.289026 0.370682 0.46573 0.577755 0.640788 0.653804 0.672333 0.752833 0.752915 0.802018 0.892323 0.981774 1.0036 1.02148 1.02645 1.09216 1.10037 1.10858 1.15734 
0.280402 0.289026 0.370682 0.46573 0.577755 0.640788 0.653804 0.672333 0.752833 0.752915 0.802018 0.892323 0.981774 1.0036 1.02148 1.02645 1.09216 1.10037 1.10858 1.15734 
0.280402 0.289026 0.370682 0.46573 0.577755 0.640788 0.653804 0.672333 0.752833 0.752915 0.802018 0.892323 0.981774 1.0036 1.02148 1.02645 1.09216 1.10037 1.10858 1.15734 
0.280402 0.289026 0.370682 0.46573 0.577755 0.640788 0.653804 0.672333 0.752833 0.752915 0.802018 0.892323 0.981774 1.0036 1.02148 1.02645 1.09216 1.10037 1.10858 1.15734 
0.280402 0.289026 0.370682 0.46573 0.577755 0.640788 0.653804 0.672333 0.752833 0.752915 0.802018 0.892323 0.981774 1.0036 1.02148 1.02645 1.09216 1.10037 1.10858 1.15734 
0.280402 0.289026 0.370682 0.46573 0.577755 0.640788 0.653804 0.672333 0.752833 0.752915 0.802018 0.892323 0.981774 1.0036 1.02148 1.02645 1.09216 1.10037 1.10858 1.15734 
0.280402 0.289026 0.370682 0.46573 0.577755 0.640788 0.653804 0.672333 0.752833 0.752915 0.802018 0.892323 0.981774 1.0036 1.02148 1.02645 1.09216 1.10037 1.10858 1.15734 
0.280402 0.289026 0.370682 0.46573 0.577755 0.640788 0.653804 0.672333 0.752833 0.752915 0.802018 0.892323 0.981774 1.0036 1.02148 1.02645 1.09216 1.10037 1.10858 1.15734 
0.221005 0.280402 0.289026 0.370682 0.46573 0.577755 0.640788 0.653804 0.672333 0.752833 0.752915 0.802018 0.892323 0.981774 1.0036 1.02148 1.02645 1.09216 1.10037 1.10858 
0.221005 0.280402 0.289026 0.370682 0.46573 0.577755 0.640788 0.653804 0.672333 0.752833 0.752915 0.802018 0.892323 0.981774 1.0036 1.02148 1.02645 1.09216 1.10037 1.10858 
0.221005 0.280402 0.289026 0.370682 0.46573 0.577755 0.640788 0.653804 0.672333 0.752833 0.752915 0.802018 0.892323 0.981774 1.0036 1.02148 1.02645 1.09216 1.10037 1.10858 
0.221005 0.280402 0.289026 0.370682 0.46573 0.577755 0.640788 0.653804 0.672333 0.752833 0.752915 0.802018 0.892323 0.981774 1.0036 1.02148 1.02645 1.09216 1.10037 1.10858 
0.221005 0.280402 0.289026 0.370682 0.46573 0.577755 0.640788 0.653804 0.672333 0.752833 0.752915 0.802018 0.815411 0.892323 0.981774 1.0036 1.02148 1.02645 1.09216 1.10037 
0.221005 0.280402 0.289026 0.370682 0.46573 0.577755 0.640788 0.653804 0.672333 0.752833 0.752915 0.802018 0.815411 0.892323 0.981774 1.0036 1.02148 1.02645 1.09216 1.10037 
0.221005 0.280402 0.289026 0.370682 0.46573 0.577755 0.640788 0.653804 0.672333 0.752833 0.752915 0.802018 0.815411 0.892323 0.981774 0.987071 1.0036 1.02148 1.02645 1.09216 
0.221005 0.280402 0.289026 0.370682 0.46573 0.577755 0.640788 0.653804 0.672333 0.752833 0.752915 0.802018 0.815411 0.892323 0.9477 0.981774 0.987071 1.0036 1.02148 1.02645 
0.221005 0.280402 0.289026 0.370682 0.46573 0.577755 0.640788 0.653804 0.672333 0.752833 0.752915 0.802018 0.815411 0.892323 0.9477 0.981774 0.987071 1.0036 1.02148 1.02645 
0.221005 0.280402 0.289026 0.370682 0.46573 0.577755 0.640788 0.653804 0.672333 0.752833 0.752915 0.802018 0.815411 0.892323 0.9477 0.981774 0.987071 1.0036 1.02148 1.02645 
0.221005 0.280402 0.289026 0.370682 0.46573 0.531897 0.577755 0.640788 0.653804 0.672333 0.752833 0.752915 0.802018 0.815411 0.892323 0.9477 0.981774 0.987071 1.0036 1.02148 
0.221005 0.280402 0.289026 0.370682 0.46573 0.531897 0.577755 0.640788 0.653804 0.672333 0.71164 0.752833 0.752915 0.802018 0.815411 0.892323 0.9477 0.981774 0.987071 1.0036 
0.221005 0.280402 0.289026 0.370682 0.46573 0.531897 0.577755 0.640788 0.653804 0.672333 0.71164 0.752833 0.752915 0.802018 0.815411 0.892323 0.9477 0.981774 0.987071 1.0036 
0.221005 0.280402 0.289026 0.370682 0.46573 0.531897 0.577755 0.640788 0.653804 0.672333 0.71164 0.752833 0.752915 0.802018 0.815411 0.892323 0.9477 0.981774 0.987071 1.0036 
0.221005 0.280402 0.289026 0.370682 0.46573 0.531897 0.577755 0.640788 0.653804 0.672333 0.71164 0.752833 0.752915 0.802018 0.815411 0.892323 0.9477 0.981774 0.987071 1.0036 
0.221005 0.280402 0.289026 0.370682 0.46573 0.531897 0.577755 0.640788 0.653804 0.672333 0.71164 0.752833 0.752915 0.802018 0.815411 0.892323 0.9477 0.981774 0.987071 1.0036 
0.221005 0.280402 0.289026 0.370682 0.46573 0.531897 0.577755 0.640788 0.653804 0.672333 0.71164 0.752833 0.752915 0.802018 0.815411 0.892323 0.9477 0.981774 0.987071 1.0036 
0.221005 0.280402 0.289026 0.370682 0.46573 0.531897 0.577755 0.640788 0.653804 0.672333 0.71164 0.752833 0.752915 0.802018 0.815411 0.892323 0.9477 0.981774 0.987071 1.0036 
0.221005 0.280402 0.289026 0.370682 0.462684 0.46573 0.531897 0.577755 0.640788 0.653804 0.672333 0.71164 0.752833 0.752915 0.802018 0.815411 0.892323 0.9477 0.981774 0.987071 
0.221005 0.280402 0.289026 0.370682 0.419069 0.462684 0.46573 0.531897 0.577755 0.640788 0.653804 0.672333 0.71164 0.752833 0.752915 0.802018 0.815411 0.892323 0.9477 0.981774 
0.221005 0.280402 0.289026 0.370682 0.419069 0.462684 0.46573 0.531897 0.577755 0.640788 0.653804 0.672333 0.71164 0.752833 0.752915 0.802018 0.815411 0.892323 0.9477 0.981774 
0.221005 0.280402 0.289026 0.370682 0.419069 0.462684 0.46573 0.531897 0.577755 0.640788 0.653804 0.672333 0.71164 0.752833 0.752915 0.802018 0.815411 0.892323 0.9477 0.981774 
0.14533 0.221005 0.280402 0.289026 0.370682 0.419069 0.462684 0.46573 0.531897 0.577755 0.640788 0.653804 0.672333 0.71164 0.752833 0.752915 0.802018 0.815411 0.892323 0.9477 
0.14533 0.221005 0.280402 0.289026 0.370682 0.419069 0.462684 0.46573 0.531897 0.577755 0.640788 0.653804 0.672333 0.71164 0.752833 0.752915 0.802018 0.815411 0.892323 0.9477 
0.14533 0.221005 0.280402 0.289026 0.370682 0.419069 0.462684 0.46573 0.531897 0.577755 0.640788 0.653804 0.672333 0.71164 0.752833 0.752915 0.802018 0.815411 0.892323 0.9477 
0.14533 0.221005 0.280402 0.289026 0.370682 0.419069 0.462684 0.46573 0.531897 0.577755 0.640788 0.653804 0.672333 0.71164 0.752833 0.752915 0.802018 0.815411 0.892323 0.9477 
0.14533 0.221005 0.280402 0.289026 0.370682 0.419069 0.462684 0.46573 0.531897 0.577755 0.640788 0.653804 0.672333 0.71164 0.752833 0.752915 0.802018 0.815411 0.892323 0.9477 
0.14533 0.221005 0.280402 0.289026 0.370682 0.419069 0.462684 0.46573 0.531897 0.577755 0.640788 0.653804 0.672333 0.71164 0.752833 0.752915 0.802018 0.815411 0.892323 0.9477 
0.14533 0.221005 0.280402 0.289026 0.370682 0.419069 0.462684 0.46573 0.531897 0.577755 0.640788 0.653804 0.672333 0.71164 0.752833 0.752915 0.802018 0.815411 0.892323 0.9477 
0.14533 0.221005 0.280402 0.289026 0.370682 0.419069 0.462684 0.46573 0.531897 0.577755 0.640788 0.653804 0.672333 0.71164 0.752833 0.752915 0.802018 0.815411 0.892323 0.9477 
0.14533 0.221005 0.280402 0.289026 0.370682 0.419069 0.462684 0.46573 0.531897 0.577755 0.640788 0.653804 0.672333 0.71164 0.752833 0.752915 0.802018 0.815411 0.892323 0.9477 
0.14533 0.221005 0.280402 0.289026 0.370682 0.419069 0.462684 0.46573 0.531897 0.577755 0.640788 0.653804 0.672333 0.71164 0.752833 0.752915 0.802018 0.815411 0.892323 0.9477 
0.14533 0.221005 0.280402 0.289026 0.370682 0.419069 0.462684 0.46573 0.493925 0.531897 0.577755 0.640788 0.653804 0.672333 0.71164 0.752833 0.752915 0.802018 0.815411 0.892323 
0.14533 0.221005 0.280402 0.289026 0.370682 0.419069 0.462684 0.46573 0.493925 0.531897 0.577755 0.640788 0.653804 0.672333 0.71164 0.752833 0.752915 0.802018 0.815411 0.892323 
0.14533 0.221005 0.280402 0.289026 0.370682 0.419069 0.462684 0.46573 0.493925 0.531897 0.577755 0.640788 0.653804 0.672333 0.71164 0.752833 0.752915 0.802018 0.815411 0.892323 
0.14533 0.221005 0.280402 0.289026 0.319015 0.370682 0.419069 0.462684 0.46573 0.493925 0.531897 0.577755 0.640788 0.653804 0.672333 0.71164 0.752833 0.752915 0.802018 0.815411 
0.14533 0.221005 0.280402 0.289026 0.319015 0.370682 0.419069 0.462684 0.46573 0.493925 0.531897 0.577755 0.640788 0.653804 0.672333 0.71164 0.752833 0.752915 0.802018 0.815411 
0.14533 0.221005 0.280402 0.289026 0.319015 0.370682 0.419069 0.462684 0.46573 0.493925 0.531897 0.577755 0.640788 0.653804 0.672333 0.71164 0.752833 0.752915 0.802018 0.815411 
0.14533 0.221005 0.280402 0.289026 0.319015 0.370682 0.419069 0.462684 0.46573 0.493925 0.531897 0.577755 0.640788 0.653804 0.672333 0.71164 0.752833 0.752915 0.802018 0.815411 
0.14533 0.221005 0.280402 0.289026 0.319015 0.370682 0.419069 0.462684 0.46573 0.493925 0.531897 0.577755 0.640788 0.653804 0.672333 0.71164 0.752833 0.752915 0.802018 0.815411 
0.14533 0.221005 0.280402 0.289026 0.319015 0.370682 0.419069 0.462684 0.46573 0.493925 0.531897 0.577755 0.640788 0.653804 0.672333 0.71164 0.752833 0.752915 0.802018 0.815411 
0.14533 0.221005 0.280402 0.289026 0.319015 0.370682 0.419069 0.462684 0.46573 0.493925 0.531897 0.577755 0.640788 0.653804 0.672333 0.71164 0.752833 0.752915 0.802018 0.815411 
0.14533 0.221005 0.280402 0.289026 0.319015 0.370682 0.419069 0.462684 0.46573 0.493925 0.531897 0.577755 0.640788 0.653804 0.672333 0.71164 0.752833 0.752915 0.802018 0.815411 
