2.64458 4.18775 4.78048 5.11906 5.42161 6.09442 6.2325 6.31589 6.44653 6.56697 6.85546 7.04657 7.34701 7.34722 7.42562 7.53759 7.6764 7.76738 7.77117 8.14708 
2.64458 3.59711 3.97837 4.18775 4.69121 4.78048 5.04503 5.11906 5.42161 5.62593 5.73262 5.95004 6.04201 6.09442 6.20571 6.2325 6.31589 6.44653 6.56697 6.62122 
2.64458 3.59711 3.97837 4.18775 4.34577 4.69121 4.78048 5.04503 5.11906 5.32829 5.42161 5.62593 5.73262 5.95004 6.04201 6.09442 6.20571 6.2325 6.31589 6.44653 
2.64458 2.69024 3.13451 3.59711 3.97837 4.18775 4.28868 4.34577 4.46701 4.69121 4.78048 5.04503 5.11906 5.32829 5.34639 5.3574 5.36643 5.42161 5.62593 5.73262 
2.64458 2.69024 3.13451 3.59711 3.97837 3.99296 4.18775 4.28868 4.34577 4.46701 4.69121 4.78048 5.04503 5.11906 5.32829 5.34639 5.3574 5.36643 5.42161 5.62593 
2.64458 2.69024 3.13451 3.59711 3.97837 3.99296 4.18775 4.27789 4.28868 4.34577 4.46701 4.69121 4.78048 5.04503 5.11906 5.32829 5.34639 5.3574 5.36643 5.42161 
2.64458 2.69024 3.13451 3.59711 3.97837 3.99296 4.18775 4.27789 4.28868 4.34577 4.42544 4.46701 4.69121 4.78048 5.04503 5.11906 5.32829 5.34639 5.3574 5.36643 
2.64458 2.69024 3.13451 3.5823 3.59711 3.91271 3.97837 3.99296 4.1867 4.18775 4.27789 4.28868 4.34577 4.42544 4.46701 4.5722 4.69121 4.78048 5.04503 5.11906 
2.64458 2.69024 3.13451 3.5823 3.59711 3.73569 3.91271 3.97837 3.99296 4.1867 4.18775 4.27789 4.28868 4.34577 4.42544 4.46701 4.5722 4.69121 4.78048 5.04503 
2.64458 2.69024 3.13451 3.3495 3.5823 3.59711 3.73569 3.88989 3.91271 3.97837 3.99296 4.1867 4.18775 4.1909 4.27789 4.28868 4.34577 4.42544 4.46701 4.5722 
2.64458 2.69024 3.13451 3.3495 3.5823 3.59711 3.73569 3.88989 3.91271 3.97837 3.99296 4.1867 4.18775 4.1909 4.27789 4.28868 4.34577 4.42544 4.46701 4.5722 
2.64458 2.69024 3.13451 3.3495 3.5823 3.58848 3.59711 3.61312 3.62609 3.73569 3.74437 3.88989 3.91271 3.97837 3.99296 4.1867 4.18775 4.1909 4.27789 4.28868 
2.64458 2.69024 2.93726 3.13451 3.3495 3.5823 3.58848 3.59711 3.61312 3.62609 3.73569 3.74437 3.88989 3.91271 3.97837 3.99296 4.1867 4.18775 4.1909 4.27789 
2.64458 2.69024 2.89767 2.93726 3.01979 3.13451 3.20315 3.3495 3.5823 3.58848 3.59711 3.61312 3.62609 3.73569 3.74437 3.88989 3.91271 3.97837 3.99296 4.14199 
2.64458 2.69024 2.89767 2.93726 3.01979 3.13451 3.20315 3.23082 3.3495 3.5823 3.58848 3.59711 3.61312 3.62609 3.73569 3.74437 3.88989 3.91271 3.97837 3.99296 
0.285525 2.64458 2.69024 2.89767 2.93726 3.01979 3.13451 3.18054 3.20315 3.23082 3.3495 3.38384 3.5823 3.58848 3.59711 3.61312 3.62609 3.73569 3.74437 3.82142 
0.285525 2.64458 2.69024 2.89767 2.93726 3.01979 3.13451 3.17364 3.18054 3.20315 3.23082 3.3495 3.38384 3.5823 3.58848 3.59711 3.61312 3.62074 3.62609 3.73569 
0.285525 2.49197 2.64458 2.69024 2.89767 2.93726 3.01979 3.13451 3.17364 3.18054 3.20315 3.23082 3.3495 3.38384 3.5823 3.58848 3.59711 3.61312 3.62074 3.62609 
0.285525 1.2921 2.49197 2.64458 2.69024 2.89767 2.91308 2.93726 3.01979 3.13451 3.17364 3.18054 3.20315 3.23082 3.3495 3.38384 3.5823 3.58848 3.59711 3.61312 
0.285525 1.2921 2.49197 2.64458 2.69024 2.89767 2.91308 2.93726 3.01979 3.05394 3.13451 3.17364 3.18054 3.20315 3.23082 3.3495 3.38384 3.5823 3.58848 3.59711 
0.285525 1.2921 2.49197 2.64458 2.69024 2.72133 2.77273 2.89767 2.91308 2.93726 3.01979 3.05394 3.13451 3.13915 3.17364 3.18054 3.20315 3.23082 3.3495 3.38384 
0.285525 0.872891 1.2921 2.49197 2.64458 2.69024 2.72133 2.74538 2.77273 2.89767 2.91308 2.93726 3.01979 3.05394 3.13451 3.13915 3.17364 3.18054 3.20315 3.23082 
0.285525 0.691848 0.872891 1.2921 2.27218 2.45827 2.49197 2.64458 2.69024 2.72133 2.74538 2.77273 2.89767 2.91308 2.93726 3.01979 3.05394 3.13451 3.13915 3.17364 
0.285525 0.691848 0.872891 1.2921 2.17069 2.27218 2.45827 2.49197 2.64458 2.69024 2.72133 2.74538 2.77273 2.89767 2.91308 2.93726 3.01979 3.05394 3.13451 3.13915 
0.285525 0.691848 0.872891 1.2921 2.17069 2.27218 2.45827 2.49197 2.64458 2.69024 2.72133 2.74538 2.77273 2.88729 2.89767 2.91308 2.93726 2.96697 3.01979 3.05394 
0.285525 0.691848 0.872891 1.2921 2.0778 2.17069 2.27218 2.45827 2.49197 2.64458 2.69024 2.72133 2.74538 2.77273 2.86492 2.88729 2.89767 2.91308 2.93726 2.96697 
0.285525 0.691848 0.783806 0.872891 0.925151 1.2921 1.60999 2.0778 2.17069 2.27218 2.45827 2.49197 2.64458 2.69024 2.72133 2.74538 2.77273 2.86492 2.88729 2.89767 
0.285525 0.691848 0.783806 0.872891 0.925151 1.2921 1.60999 2.0778 2.17069 2.27218 2.45827 2.49197 2.64458 2.69024 2.72133 2.74538 2.77273 2.86492 2.88729 2.89767 
0.285525 0.691848 0.783806 0.872891 0.925151 1.2921 1.60999 2.0778 2.17069 2.27218 2.45827 2.49197 2.64458 2.69024 2.72133 2.74538 2.77273 2.86492 2.88729 2.89767 
0.285525 0.691848 0.783806 0.872891 0.925151 0.971923 1.2921 1.60999 2.0778 2.17069 2.27218 2.45827 2.49197 2.64458 2.69024 2.72133 2.74538 2.77273 2.86492 2.88729 
0.285525 0.691848 0.783806 0.872891 0.925151 0.971923 1.2921 1.60999 1.74266 2.0778 2.17069 2.27218 2.45827 2.49197 2.59402 2.64458 2.69024 2.72133 2.74538 2.77273 
0.285525 0.691848 0.783806 0.872891 0.925151 0.971923 1.2921 1.60999 1.74266 1.82181 2.0778 2.17069 2.27218 2.45827 2.49197 2.59402 2.64458 2.69024 2.72133 2.74538 
0.285525 0.691848 0.783806 0.872891 0.925151 0.971923 1.2921 1.60999 1.74266 1.82181 2.0778 2.17069 2.27218 2.45827 2.49197 2.59402 2.64458 2.69024 2.69452 2.72133 
0.285525 0.599165 0.691848 0.783806 0.872891 0.925151 0.971923 1.2921 1.60999 1.74266 1.82181 1.84201 2.0778 2.17069 2.27218 2.45827 2.49197 2.59402 2.64458 2.69024 
0.285525 0.599165 0.691848 0.783806 0.872891 0.925151 0.971923 1.2921 1.60999 1.74266 1.82181 1.84201 2.0778 2.17069 2.27218 2.45827 2.49197 2.59402 2.64458 2.69024 
0.285525 0.599165 0.691848 0.783806 0.872891 0.925151 0.971923 1.2921 1.60999 1.74266 1.82181 1.84201 2.0778 2.17069 2.24604 2.27218 2.45827 2.49197 2.59402 2.64458 
0.285525 0.516884 0.599165 0.691848 0.783806 0.872891 0.925151 0.971923 1.2921 1.60999 1.74266 1.82181 1.84201 2.0778 2.17069 2.24604 2.27218 2.37398 2.45827 2.49197 
0.285525 0.516884 0.599165 0.691848 0.783806 0.872891 0.925151 0.971923 1.2921 1.60999 1.74266 1.82181 1.84201 2.0778 2.17069 2.24604 2.27218 2.37398 2.45827 2.49197 
0.285525 0.516884 0.599165 0.691848 0.783806 0.872891 0.925151 0.971923 1.12954 1.2921 1.60999 1.74266 1.82181 1.84201 2.0778 2.17069 2.24604 2.27218 2.29864 2.37398 
0.285525 0.516884 0.599165 0.691848 0.783806 0.872891 0.925151 0.971923 1.12954 1.2921 1.60999 1.74266 1.82181 1.84201 2.0778 2.17069 2.24604 2.27218 2.29864 2.37398 
0.285525 0.516884 0.599165 0.691848 0.783806 0.872891 0.925151 0.971923 1.12954 1.2921 1.60999 1.74266 1.82181 1.84201 2.0778 2.17069 2.24604 2.27218 2.29864 2.37398 
0.285525 0.516884 0.599165 0.691848 0.783806 0.872891 0.925151 0.971923 1.12954 1.2921 1.60999 1.74266 1.82181 1.84201 2.0778 2.17069 2.24604 2.27218 2.29864 2.37398 
0.285525 0.516884 0.599165 0.691848 0.783806 0.872891 0.925151 0.971923 1.12954 1.2921 1.60999 1.74266 1.82181 1.84201 2.0778 2.17069 2.24604 2.27218 2.29864 2.37398 
0.285525 0.516884 0.599165 0.691848 0.783806 0.872891 0.925151 0.971923 1.12954 1.2921 1.60999 1.74266 1.82181 1.84201 2.0778 2.17069 2.24604 2.27218 2.29864 2.37398 
0.285525 0.516884 0.599165 0.691848 0.783806 0.872891 0.925151 0.971923 1.12954 1.2921 1.60999 1.74266 1.82181 1.84201 2.0778 2.17069 2.24604 2.27218 2.29864 2.37398 
0.285525 0.516884 0.599165 0.691848 0.783806 0.872891 0.925151 0.971923 1.12954 1.2921 1.60999 1.74266 1.82181 1.84201 2.0778 2.17069 2.24604 2.27218 2.29864 2.37398 
0.285525 0.516884 0.599165 0.691848 0.783806 0.872891 0.925151 0.971923 1.12954 1.2921 1.60999 1.74266 1.82181 1.84201 2.0778 2.17069 2.24604 2.27218 2.29864 2.37398 
0.285525 0.516884 0.599165 0.691848 0.783806 0.872891 0.925151 0.971923 1.12954 1.2921 1.60999 1.74266 1.82181 1.84201 2.0718 2.0778 2.17069 2.24604 2.27218 2.29864 
0.285525 0.516884 0.599165 0.691848 0.783806 0.872891 0.925151 0.971923 1.12954 1.2921 1.60999 1.74266 1.82181 1.84201 2.0718 2.0778 2.17069 2.24604 2.27218 2.29864 
0.285525 0.516884 0.599165 0.691848 0.783806 0.872891 0.925151 0.971923 1.12954 1.2921 1.60999 1.74266 1.82181 1.84201 2.0718 2.0778 2.17069 2.24604 2.27218 2.29864 
0.285525 0.516884 0.599165 0.639064 0.691848 0.783806 0.872891 0.925151 0.971923 1.12954 1.2921 1.58536 1.60999 1.74266 1.82181 1.84201 2.0718 2.0778 2.17069 2.24604 
0.285525 0.516884 0.599165 0.639064 0.691848 0.783806 0.872891 0.925151 0.971923 1.12954 1.2921 1.58536 1.60999 1.74266 1.82181 1.84201 2.0718 2.0778 2.17069 2.24604 
0.285525 0.516884 0.599165 0.639064 0.691848 0.783806 0.872891 0.925151 0.971923 1.12954 1.2921 1.58536 1.60999 1.74266 1.82181 1.84201 2.0718 2.0778 2.17069 2.24604 
0.285525 0.516884 0.599165 0.639064 0.691848 0.783806 0.872891 0.925151 0.971923 1.12954 1.2921 1.58536 1.60999 1.74266 1.82181 1.84201 2.0718 2.0778 2.17069 2.24604 
0.285525 0.516884 0.599165 0.639064 0.691848 0.783806 0.872891 0.925151 0.971923 1.12954 1.2921 1.58536 1.60999 1.74266 1.82181 1.84201 2.0718 2.0778 2.17069 2.24604 
0.285525 0.516884 0.599165 0.639064 0.691848 0.783806 0.872891 0.925151 0.971923 1.12954 1.2921 1.58536 1.60999 1.74266 1.82181 1.84201 2.04075 2.0718 2.0778 2.17069 
0.285525 0.516884 0.599165 0.639064 0.691848 0.783806 0.872891 0.925151 0.971923 1.12954 1.2921 1.58536 1.60999 1.74266 1.82181 1.84201 2.04075 2.0718 2.0778 2.17069 
0.285525 0.516884 0.599165 0.639064 0.691848 0.783806 0.872891 0.925151 0.971923 1.12954 1.2921 1.58536 1.60999 1.74266 1.82181 1.84201 2.04075 2.0718 2.0778 2.17069 
0.285525 0.516884 0.599165 0.639064 0.691848 0.783806 0.872891 0.925151 0.971923 1.12954 1.2921 1.58536 1.60999 1.74266 1.82181 1.84201 2.04075 2.0718 2.0778 2.17069 
0.285525 0.516884 0.599165 0.639064 0.691848 0.783806 0.872891 0.925151 0.971923 1.12954 1.2921 1.58536 1.60999 1.74266 1.82181 1.84201 2.04075 2.0718 2.0778 2.17069 
0.285525 0.516884 0.599165 0.639064 0.691848 0.783806 0.872891 0.925151 0.971923 1.12954 1.2921 1.58536 1.60999 1.74266 1.82181 1.84201 2.04075 2.0718 2.0778 2.17069 
0.285525 0.516884 0.599165 0.639064 0.691848 0.783806 0.872891 0.925151 0.971923 1.12954 1.2921 1.58536 1.60999 1.74266 1.82181 1.84201 2.04075 2.0718 2.0778 2.17069 
0.285525 0.516884 0.599165 0.639064 0.691848 0.783806 0.872891 0.925151 0.971923 1.12954 1.2921 1.58536 1.60999 1.74266 1.82181 1.84201 2.04075 2.0718 2.0778 2.17069 
0.285525 0.516884 0.599165 0.639064 0.691848 0.783806 0.872891 0.925151 0.971923 1.12954 1.2921 1.58536 1.60999 1.74266 1.82181 1.84201 2.04075 2.0718 2.0778 2.17069 
0.285525 0.516884 0.599165 0.639064 0.691848 0.783806 0.872891 0.925151 0.971923 1.12954 1.2921 1.58536 1.60999 1.74266 1.82181 1.84201 2.04075 2.0718 2.0778 2.17069 
0.285525 0.516884 0.599165 0.639064 0.691848 0.783806 0.872891 0.925151 0.971923 1.12954 1.2921 1.58536 1.60999 1.74266 1.82181 1.84201 2.04075 2.0718 2.0778 2.17069 
0.285525 0.516884 0.599165 0.639064 0.691848 0.783806 0.872891 0.925151 0.971923 1.12954 1.2921 1.58536 1.60999 1.74266 1.82181 1.84201 2.04075 2.0718 2.0778 2.17069 
0.285525 0.516884 0.599165 0.639064 0.691848 0.783806 0.872891 0.925151 0.971923 1.12954 1.2921 1.58536 1.60999 1.74266 1.82181 1.84201 2.04075 2.0718 2.0778 2.17069 
0.285525 0.516884 0.599165 0.639064 0.691848 0.783806 0.872891 0.925151 0.971923 1.12954 1.2921 1.58536 1.60999 1.74266 1.82181 1.84201 2.04075 2.0718 2.0778 2.17069 
0.285525 0.516884 0.599165 0.639064 0.691848 0.783806 0.872891 0.925151 0.971923 1.12954 1.2921 1.58536 1.60999 1.74266 1.82181 1.84201 2.04075 2.0718 2.0778 2.17069 
0.285525 0.516884 0.599165 0.639064 0.691848 0.783806 0.872891 0.925151 0.971923 1.12954 1.2921 1.58536 1.60999 1.74266 1.82181 1.84201 2.04075 2.0718 2.0778 2.17069 
0.285525 0.516884 0.599165 0.639064 0.691848 0.783806 0.872891 0.925151 0.971923 1.12954 1.2921 1.58536 1.60999 1.74266 1.82181 1.84201 2.04075 2.0718 2.0778 2.17069 
0.285525 0.516884 0.599165 0.639064 0.691848 0.783806 0.872891 0.925151 0.971923 1.12954 1.2921 1.58536 1.60999 1.74266 1.82181 1.84201 2.04075 2.0718 2.0778 2.17069 
0.285525 0.516884 0.599165 0.639064 0.691848 0.783806 0.872891 0.925151 0.971923 1.12954 1.2921 1.58536 1.60999 1.74266 1.82181 1.84201 2.04075 2.0718 2.0778 2.17069 
0.285525 0.516884 0.599165 0.639064 0.691848 0.783806 0.872891 0.925151 0.971923 1.12954 1.2921 1.58536 1.60999 1.74266 1.82181 1.84201 2.04075 2.0718 2.0778 2.17069 
0.285525 0.516884 0.599165 0.639064 0.691848 0.783806 0.872891 0.925151 0.971923 1.12954 1.2921 1.58536 1.60999 1.74266 1.82181 1.84201 2.04075 2.0718 2.0778 2.17069 
0.285525 0.516884 0.599165 0.639064 0.691848 0.783806 0.872891 0.925151 0.971923 1.12954 1.2921 1.58536 1.60999 1.74266 1.82181 1.84201 2.04075 2.0718 2.0778 2.17069 
0.285525 0.516884 0.599165 0.639064 0.691848 0.783806 0.872891 0.925151 0.971923 1.12954 1.2921 1.58536 1.60999 1.74266 1.82181 1.84201 2.04075 2.0718 2.0778 2.17069 
0.285525 0.516884 0.599165 0.639064 0.691848 0.783806 0.872891 0.925151 0.971923 1.12954 1.2921 1.58536 1.60999 1.74266 1.82181 1.84201 2.04075 2.0718 2.0778 2.17069 
0.285525 0.516884 0.599165 0.639064 0.691848 0.783806 0.872891 0.925151 0.971923 1.12954 1.2921 1.58536 1.60999 1.74266 1.82181 1.84201 2.04075 2.0718 2.0778 2.17069 
0.285525 0.516884 0.599165 0.639064 0.691848 0.783806 0.872891 0.925151 0.971923 1.12954 1.2921 1.58536 1.60999 1.74266 1.82181 1.84201 2.04075 2.0718 2.0778 2.17069 
0.285525 0.516884 0.599165 0.639064 0.691848 0.783806 0.872891 0.925151 0.971923 1.12954 1.2921 1.58536 1.60999 1.74266 1.82181 1.84201 2.04075 2.0718 2.0778 2.17069 
0.285525 0.516884 0.599165 0.639064 0.691848 0.783806 0.872891 0.925151 0.971923 1.12954 1.2921 1.58536 1.60999 1.74266 1.82181 1.84201 2.04075 2.0718 2.0778 2.17069 
0.285525 0.516884 0.599165 0.639064 0.691848 0.783806 0.872891 0.925151 0.971923 1.12954 1.2921 1.58536 1.60999 1.74266 1.82181 1.84201 2.04075 2.0718 2.0778 2.17069 
0.285525 0.516884 0.599165 0.639064 0.691848 0.783806 0.872891 0.925151 0.971923 1.12954 1.2921 1.58536 1.60999 1.74266 1.82181 1.84201 2.04075 2.0718 2.0778 2.17069 
0.285525 0.516884 0.599165 0.639064 0.691848 0.783806 0.872891 0.925151 0.971923 1.12954 1.2921 1.58536 1.60999 1.74266 1.82181 1.84201 2.04075 2.0718 2.0778 2.17069 
0.285525 0.516884 0.599165 0.639064 0.691848 0.783806 0.872891 0.925151 0.971923 1.12954 1.2921 1.58536 1.60999 1.74266 1.82181 1.84201 2.04075 2.0718 2.0778 2.17069 
0.285525 0.516884 0.599165 0.639064 0.691848 0.783806 0.872891 0.925151 0.971923 1.12954 1.2921 1.58536 1.60999 1.74266 1.82181 1.84201 2.04075 2.0718 2.0778 2.17069 
0.285525 0.516884 0.599165 0.639064 0.691848 0.783806 0.872891 0.925151 0.971923 1.12954 1.2921 1.58536 1.60999 1.74266 1.82181 1.84201 2.04075 2.0718 2.0778 2.17069 
0.285525 0.516884 0.599165 0.639064 0.691848 0.783806 0.872891 0.925151 0.971923 1.12954 1.2921 1.58536 1.60999 1.74266 1.82181 1.84201 2.04075 2.0718 2.0778 2.17069 
0.285525 0.516884 0.599165 0.639064 0.691848 0.783806 0.872891 0.925151 0.971923 1.12206 1.12954 1.2921 1.58536 1.60999 1.74266 1.82181 1.84201 2.04075 2.0718 2.0778 
0.285525 0.516884 0.599165 0.639064 0.691848 0.783806 0.872891 0.925151 0.971923 1.12206 1.12954 1.2921 1.58536 1.60999 1.74266 1.82181 1.84201 2.04075 2.0718 2.0778 
0.285525 0.516884 0.599165 0.639064 0.691848 0.783806 0.872891 0.925151 0.971923 1.12206 1.12954 1.2921 1.58536 1.60999 1.74266 1.82181 1.84201 2.04075 2.0718 2.0778 
0.285525 0.516884 0.599165 0.639064 0.691848 0.783806 0.872891 0.925151 0.971923 1.12206 1.12954 1.2921 1.58536 1.60999 1.74266 1.82181 1.84201 2.04075 2.0718 2.0778 
0.285525 0.516884 0.599165 0.639064 0.691848 0.783806 0.872891 0.925151 0.971923 1.12206 1.12954 1.2921 1.58536 1.60999 1.74266 1.82181 1.84201 2.04075 2.0718 2.0778 
0.285525 0.516884 0.599165 0.639064 0.691848 0.783806 0.872891 0.925151 0.971923 1.12206 1.12954 1.2921 1.58536 1.60999 1.74266 1.82181 1.84201 2.04075 2.0718 2.0778 
0.285525 0.516884 0.599165 0.639064 0.691848 0.783806 0.872891 0.925151 0.971923 1.12206 1.12954 1.2921 1.58536 1.60999 1.74266 1.82181 1.84201 2.04075 2.0718 2.0778 
0.285525 0.516884 0.599165 0.639064 0.691848 0.783806 0.872891 0.925151 0.971923 1.12206 1.12954 1.2921 1.58536 1.60999 1.74266 1.82181 1.84201 2.04075 2.0718 2.0778 
0.285525 0.516884 0.599165 0.639064 0.691848 0.783806 0.872891 0.925151 0.971923 1.12206 1.12954 1.2921 1.58536 1.60999 1.74266 1.82181 1.84201 2.04075 2.0718 2.0778 
0.285525 0.516884 0.599165 0.639064 0.691848 0.783806 0.872891 0.925151 0.971923 1.12206 1.12954 1.2921 1.58536 1.60999 1.74266 1.82181 1.84201 2.04075 2.0718 2.0778 
