2.18784 2.75098 2.76248 3.26094 3.51691 3.70984 4.11806 4.23591 4.28198 4.47455 6.02764 6.07981 6.08256 6.17028 6.50509 6.75402 6.78049 7.59736 7.63239 7.70815 
1.75964 2.18784 2.75098 2.76248 3.26094 3.51691 3.60581 3.70984 3.73001 3.91131 4.11806 4.23591 4.28198 4.47455 5.20503 6.02764 6.07981 6.08256 6.17028 6.50509 
1.75964 2.00909 2.01962 2.11951 2.18784 2.75098 2.76248 2.82188 2.90567 3.01693 3.10572 3.26094 3.31389 3.33825 3.45037 3.51073 3.51691 3.58282 3.60581 3.70984 
0.941955 1.2317 1.60149 1.75964 2.00909 2.01962 2.11951 2.18784 2.63707 2.75098 2.76248 2.82188 2.82834 2.89882 2.90567 3.01693 3.10572 3.11908 3.26094 3.2887 
0.941955 1.2317 1.60149 1.67184 1.75964 2.00909 2.01962 2.11951 2.18784 2.37571 2.63707 2.75098 2.76248 2.82188 2.82834 2.89882 2.90567 2.95808 3.01693 3.10572 
0.941955 1.2317 1.60149 1.67184 1.75964 2.00909 2.01962 2.11951 2.18784 2.37571 2.63707 2.68007 2.75098 2.76248 2.82188 2.82834 2.89882 2.90567 2.95808 3.01693 
0.941955 1.2317 1.60149 1.67184 1.75964 2.00909 2.01962 2.11951 2.18784 2.37571 2.63707 2.68007 2.75098 2.76248 2.82188 2.82834 2.89882 2.90567 2.95808 3.01693 
0.941955 1.2317 1.60149 1.67184 1.75964 2.00909 2.01962 2.11951 2.18784 2.37571 2.63707 2.68007 2.75098 2.76248 2.82188 2.82834 2.89882 2.90567 2.95808 3.01693 
0.941955 1.2317 1.60149 1.67184 1.75964 2.00909 2.01962 2.11951 2.18784 2.37571 2.63707 2.68007 2.75098 2.76248 2.82188 2.82834 2.89882 2.90567 2.95808 3.01693 
0.941955 1.2317 1.60149 1.67184 1.75964 2.00909 2.01962 2.11951 2.18784 2.37571 2.63707 2.68007 2.75098 2.76248 2.82188 2.82834 2.89882 2.90567 2.95808 3.01693 
0.941955 1.2317 1.60149 1.67184 1.75964 2.00909 2.01962 2.11951 2.18784 2.37571 2.44045 2.63707 2.68007 2.73124 2.75098 2.76248 2.82188 2.82834 2.89882 2.90567 
0.941955 1.2317 1.60149 1.67184 1.75964 2.00909 2.01962 2.11951 2.18784 2.37571 2.44045 2.63707 2.68007 2.73124 2.75098 2.76248 2.82188 2.82834 2.89882 2.90567 
0.941955 1.2317 1.60149 1.67184 1.75964 2.00909 2.01962 2.11951 2.18784 2.3093 2.37571 2.44045 2.63707 2.68007 2.73124 2.75098 2.76248 2.82188 2.82834 2.89882 
0.941955 1.2317 1.60149 1.67184 1.75964 2.00909 2.01962 2.11951 2.18784 2.24841 2.3093 2.37571 2.44045 2.63707 2.68007 2.73124 2.75098 2.76248 2.82188 2.82834 
0.941955 1.2317 1.60149 1.67184 1.75964 2.00909 2.01962 2.11951 2.16726 2.18784 2.24841 2.3093 2.37571 2.44045 2.63707 2.68007 2.73124 2.75098 2.76248 2.82188 
0.941955 1.2317 1.60149 1.67184 1.75964 1.86978 1.88854 2.00909 2.01962 2.11951 2.16726 2.18784 2.21977 2.24841 2.3093 2.37571 2.44045 2.60868 2.63707 2.68007 
0.941955 1.2317 1.60149 1.67184 1.75964 1.86978 1.88854 2.00909 2.01962 2.11951 2.16726 2.18784 2.21977 2.24841 2.3093 2.37571 2.44045 2.60868 2.63707 2.68007 
0.941955 1.2317 1.60149 1.67184 1.75964 1.86978 1.88854 2.00909 2.01962 2.11951 2.16726 2.18784 2.21977 2.24841 2.3093 2.37571 2.44045 2.60868 2.63707 2.68007 
0.941955 1.2317 1.60149 1.67184 1.75964 1.86978 1.88854 2.00909 2.01962 2.11951 2.16726 2.18784 2.21977 2.24841 2.3093 2.37571 2.44045 2.60868 2.63707 2.68007 
0.941955 1.2317 1.60149 1.67184 1.75964 1.86978 1.88854 2.00909 2.01962 2.11951 2.16726 2.18784 2.21977 2.24841 2.3093 2.37571 2.44045 2.60868 2.63707 2.68007 
0.941955 1.2317 1.47055 1.60149 1.67184 1.75964 1.86978 1.88854 2.00909 2.01962 2.11951 2.12426 2.16726 2.18784 2.21977 2.24841 2.3093 2.37571 2.44045 2.60868 
0.941955 1.2317 1.47055 1.60149 1.67184 1.75964 1.86978 1.88854 2.00909 2.01962 2.11951 2.12426 2.16726 2.18784 2.21977 2.24841 2.3093 2.37571 2.42234 2.44045 
0.941955 1.2317 1.47055 1.60149 1.67184 1.75964 1.86978 1.88854 2.00909 2.01962 2.11951 2.12426 2.16726 2.18784 2.21977 2.24841 2.3093 2.37571 2.42234 2.44045 
0.941955 1.2317 1.47055 1.60149 1.67184 1.75964 1.86978 1.88854 2.00909 2.01962 2.11951 2.12426 2.16726 2.18784 2.21977 2.24841 2.3093 2.37571 2.42234 2.44045 
0.941955 1.2317 1.47055 1.60149 1.67184 1.75964 1.86978 1.88854 2.00909 2.01962 2.11951 2.12426 2.16726 2.18784 2.21977 2.24841 2.3093 2.32694 2.37571 2.42234 
0.610718 0.941955 1.2317 1.47055 1.58936 1.60149 1.67184 1.75964 1.86978 1.88854 2.00909 2.01962 2.11951 2.12426 2.16726 2.18784 2.21977 2.24841 2.3093 2.32694 
0.610718 0.941955 1.2317 1.47055 1.58936 1.60149 1.67184 1.75964 1.86978 1.88854 2.00909 2.01962 2.11951 2.12426 2.16726 2.18784 2.21977 2.24841 2.3093 2.32694 
0.610718 0.941955 1.2317 1.47055 1.58936 1.60149 1.67184 1.75964 1.86978 1.88854 2.00909 2.01962 2.11951 2.12426 2.16726 2.18784 2.21977 2.24841 2.3093 2.32694 
0.610718 0.941955 1.2317 1.47055 1.58936 1.60149 1.67184 1.75964 1.86978 1.88854 2.00909 2.01962 2.05081 2.11809 2.11951 2.12426 2.16726 2.18784 2.21977 2.24841 
0.610718 0.941955 1.2317 1.47055 1.58936 1.60149 1.67184 1.75964 1.86978 1.88854 2.00909 2.01962 2.05081 2.11809 2.11951 2.12426 2.16726 2.18784 2.21977 2.24841 
0.610718 0.941955 1.2317 1.47055 1.58936 1.60149 1.67184 1.75964 1.86978 1.88854 2.00909 2.01962 2.05081 2.11809 2.11951 2.12426 2.16726 2.18784 2.21977 2.24841 
0.610718 0.941955 1.2317 1.47055 1.58936 1.60149 1.67184 1.75964 1.86978 1.88854 2.00909 2.01962 2.05081 2.11809 2.11951 2.12426 2.16726 2.18784 2.21977 2.24841 
0.610718 0.941955 1.2317 1.47055 1.58936 1.60149 1.67184 1.75964 1.86978 1.88854 2.00909 2.01962 2.05081 2.11809 2.11951 2.12426 2.16726 2.18784 2.21977 2.24841 
0.610718 0.941955 1.2317 1.47055 1.58936 1.60149 1.67184 1.75964 1.86978 1.88854 2.00909 2.01962 2.05081 2.11809 2.11951 2.12426 2.16726 2.18784 2.21977 2.24841 
0.610718 0.941955 1.2317 1.47055 1.58936 1.60149 1.67184 1.75964 1.86978 1.88854 2.00909 2.01962 2.05081 2.11809 2.11951 2.12426 2.16726 2.18784 2.21977 2.24841 
0.610718 0.941955 1.2317 1.26425 1.47055 1.58936 1.60149 1.67184 1.75964 1.86978 1.88854 2.00909 2.01962 2.05081 2.11809 2.11951 2.12426 2.16726 2.18784 2.21977 
0.610718 0.941955 1.2317 1.26425 1.47055 1.58936 1.60149 1.67184 1.75964 1.86978 1.88854 2.00909 2.01962 2.05081 2.11809 2.11951 2.12426 2.16726 2.18784 2.21977 
0.610718 0.941955 1.2317 1.26425 1.47055 1.58936 1.60149 1.67184 1.75964 1.86978 1.88854 2.00909 2.01962 2.05081 2.11809 2.11951 2.12426 2.16726 2.18784 2.21977 
0.610718 0.941955 1.2317 1.26425 1.47055 1.58936 1.60149 1.67184 1.75964 1.86978 1.88854 2.00909 2.01962 2.05081 2.11809 2.11951 2.12426 2.16726 2.18784 2.21977 
0.610718 0.941955 1.2317 1.26425 1.47055 1.58936 1.60149 1.67184 1.75964 1.86978 1.88854 2.00909 2.01962 2.05081 2.11809 2.11951 2.12426 2.16726 2.18784 2.21977 
0.610718 0.941955 1.2317 1.26425 1.47055 1.58936 1.60149 1.67184 1.75964 1.86978 1.88854 2.00909 2.01962 2.05081 2.11809 2.11951 2.12426 2.16726 2.18784 2.21977 
0.610718 0.941955 1.2317 1.26425 1.47055 1.58936 1.60149 1.67184 1.75964 1.86978 1.88854 2.00909 2.01962 2.05081 2.11809 2.11951 2.12426 2.16726 2.18784 2.21977 
0.610718 0.898367 0.941955 1.2317 1.26425 1.47055 1.58936 1.60149 1.67184 1.75964 1.86978 1.88854 2.00909 2.01962 2.05081 2.11809 2.11951 2.12426 2.16726 2.18784 
0.610718 0.898367 0.941955 1.2317 1.26425 1.47055 1.58936 1.60149 1.67184 1.75964 1.86978 1.88854 2.00909 2.01962 2.05081 2.11809 2.11951 2.12426 2.16726 2.18784 
0.610718 0.898367 0.941955 1.2317 1.26425 1.47055 1.58936 1.60149 1.67184 1.75964 1.86978 1.88854 2.00909 2.01962 2.05081 2.05268 2.11809 2.11951 2.12426 2.16726 
0.610718 0.898367 0.941955 1.2317 1.26425 1.47055 1.58936 1.60149 1.67184 1.75964 1.86978 1.88854 2.00909 2.01962 2.05081 2.05268 2.11809 2.11951 2.12426 2.16726 
0.610718 0.898367 0.941955 1.2317 1.26425 1.47055 1.58936 1.60149 1.67184 1.75964 1.86978 1.88854 2.00909 2.01962 2.05081 2.05268 2.11809 2.11951 2.12426 2.16726 
0.610718 0.898367 0.941955 1.2317 1.26425 1.32702 1.47055 1.58936 1.60149 1.67184 1.75964 1.86978 1.88854 2.00909 2.01962 2.05081 2.05268 2.11809 2.11951 2.12426 
0.610718 0.898367 0.941955 1.1958 1.2317 1.26425 1.32702 1.47055 1.52472 1.58936 1.60149 1.67184 1.75964 1.86978 1.88854 2.00909 2.01962 2.05081 2.05268 2.11809 
0.610718 0.898367 0.941955 1.1958 1.2317 1.26425 1.32702 1.47055 1.52472 1.58936 1.60149 1.67184 1.75964 1.86978 1.88854 2.00909 2.01962 2.05081 2.05268 2.11809 
0.610718 0.723359 0.898367 0.941955 1.1958 1.2317 1.26425 1.32702 1.47055 1.52472 1.58936 1.60149 1.67184 1.75964 1.86978 1.88854 2.00909 2.01962 2.05081 2.05268 
0.610718 0.723359 0.898367 0.941955 1.1958 1.2317 1.26425 1.32702 1.47055 1.52472 1.58936 1.60149 1.67184 1.75964 1.86978 1.88854 2.00909 2.01962 2.05081 2.05268 
0.610718 0.723359 0.898367 0.941955 1.1958 1.2317 1.26425 1.32702 1.47055 1.52472 1.58936 1.60149 1.67184 1.75964 1.86978 1.88854 2.00909 2.01962 2.05081 2.05268 
0.610718 0.723359 0.898367 0.941955 1.1958 1.2317 1.26425 1.32702 1.47055 1.52472 1.58936 1.60149 1.67184 1.75964 1.86978 1.88854 2.00909 2.01962 2.05081 2.05268 
0.479572 0.610718 0.723359 0.898367 0.941955 1.1958 1.2317 1.26425 1.32702 1.47055 1.51947 1.52472 1.58936 1.60149 1.67184 1.75964 1.86978 1.88854 2.00909 2.01962 
0.479572 0.610718 0.723359 0.898367 0.941955 1.1958 1.2317 1.26425 1.32702 1.47055 1.51947 1.52472 1.58936 1.60149 1.67184 1.75964 1.86978 1.88854 2.00909 2.01962 
0.479572 0.610718 0.723359 0.898367 0.941955 1.1958 1.2317 1.26425 1.32702 1.47055 1.51947 1.52472 1.58936 1.60149 1.67184 1.75964 1.86978 1.88854 2.00909 2.01962 
0.479572 0.610718 0.723359 0.788263 0.898367 0.941955 1.1958 1.2317 1.26425 1.32702 1.47055 1.51947 1.52472 1.58936 1.60149 1.67184 1.75964 1.86978 1.88854 2.00909 
0.479572 0.610718 0.723359 0.788263 0.898367 0.941955 1.1958 1.2317 1.26425 1.32702 1.47055 1.51947 1.52472 1.58936 1.60149 1.67184 1.75964 1.86026 1.86978 1.88854 
0.479572 0.610718 0.723359 0.788263 0.898367 0.941955 1.1958 1.2317 1.26425 1.32702 1.47055 1.51947 1.52472 1.58936 1.60149 1.67184 1.75964 1.86026 1.86978 1.88854 
0.479572 0.610718 0.723359 0.788263 0.898367 0.941955 1.1958 1.2317 1.26425 1.32702 1.47055 1.51947 1.52472 1.58936 1.60149 1.67184 1.75964 1.86026 1.86978 1.88854 
0.479572 0.610718 0.723359 0.788263 0.898367 0.914556 0.941955 1.1958 1.2317 1.26425 1.32702 1.47055 1.51947 1.52472 1.58936 1.60149 1.67184 1.75964 1.86026 1.86978 
0.479572 0.610718 0.723359 0.788263 0.898367 0.914556 0.941955 1.17346 1.1958 1.2317 1.26425 1.32702 1.47055 1.51947 1.52472 1.58936 1.60149 1.67184 1.75964 1.86026 
0.479572 0.610718 0.723359 0.788263 0.898367 0.914556 0.941955 1.05684 1.17346 1.1958 1.2317 1.26425 1.32702 1.47055 1.51947 1.52472 1.58936 1.60149 1.67184 1.75964 
0.479572 0.610718 0.723359 0.788263 0.898367 0.914556 0.941955 1.05684 1.17346 1.1958 1.2317 1.26425 1.32702 1.47055 1.51947 1.52472 1.58936 1.60149 1.67184 1.75964 
0.479572 0.610718 0.723359 0.788263 0.898367 0.914556 0.941955 1.05684 1.17346 1.1958 1.2317 1.26425 1.32702 1.47055 1.51947 1.52472 1.58936 1.60149 1.67184 1.75964 
0.479572 0.610718 0.723359 0.788263 0.898367 0.914556 0.941955 1.05684 1.17346 1.1958 1.2317 1.26425 1.32702 1.47055 1.51947 1.52472 1.56891 1.58936 1.60149 1.67184 
0.479572 0.610718 0.653627 0.723359 0.788263 0.898367 0.914556 0.941955 1.05684 1.17346 1.1958 1.2317 1.26425 1.32702 1.47055 1.51947 1.52472 1.56891 1.58936 1.60149 
0.479572 0.610718 0.653627 0.723359 0.788263 0.898367 0.914556 0.941955 1.05684 1.17346 1.1958 1.2317 1.26425 1.32702 1.47055 1.51947 1.52472 1.56891 1.58936 1.60149 
0.479572 0.610718 0.653627 0.723359 0.788263 0.898367 0.914556 0.941955 1.05684 1.17346 1.1958 1.2317 1.26425 1.32702 1.47055 1.51947 1.52472 1.56891 1.58936 1.60149 
0.479572 0.610718 0.653627 0.723359 0.788263 0.898367 0.914556 0.941955 1.05684 1.17346 1.1958 1.2317 1.2535 1.26425 1.32702 1.47055 1.51947 1.52472 1.56891 1.58936 
0.479572 0.610718 0.653627 0.723359 0.788263 0.898367 0.914556 0.941955 1.05684 1.17346 1.1958 1.2317 1.2535 1.26425 1.32702 1.47055 1.51947 1.52472 1.56891 1.58936 
0.479572 0.610718 0.653627 0.723359 0.788263 0.898367 0.914556 0.941955 1.05684 1.17346 1.1958 1.2317 1.2535 1.25526 1.26425 1.32702 1.47055 1.51947 1.52472 1.56891 
0.479572 0.610718 0.653627 0.723359 0.788263 0.898367 0.914556 0.941955 1.05684 1.17346 1.1958 1.2317 1.2535 1.25526 1.26425 1.32702 1.47055 1.51947 1.52472 1.56891 
0.479572 0.610718 0.653627 0.723359 0.788263 0.898367 0.914556 0.941955 1.05684 1.17346 1.1958 1.2317 1.2535 1.25526 1.26425 1.32702 1.47055 1.51947 1.52472 1.56891 
0.479572 0.610718 0.653627 0.723359 0.788263 0.898367 0.914556 0.941955 1.01018 1.05684 1.17346 1.1958 1.2317 1.2535 1.25526 1.26425 1.32702 1.47055 1.51947 1.52472 
0.212561 0.479572 0.610718 0.653627 0.723359 0.788263 0.898367 0.914556 0.941955 1.01018 1.05684 1.11697 1.17346 1.17758 1.1958 1.2317 1.2535 1.25526 1.26425 1.30801 
0.212561 0.271422 0.479572 0.610718 0.653627 0.723359 0.788263 0.898367 0.914556 0.941955 1.01018 1.05684 1.11697 1.17346 1.17758 1.1958 1.2317 1.2535 1.25526 1.26425 
0.212561 0.271422 0.479572 0.610718 0.653627 0.723359 0.788263 0.898367 0.914556 0.941955 1.01018 1.05684 1.11697 1.17346 1.17758 1.1958 1.2317 1.2535 1.25526 1.26425 
0.212561 0.271422 0.479572 0.610718 0.653627 0.723359 0.788263 0.898367 0.914556 0.941955 1.01018 1.05684 1.11697 1.17346 1.17758 1.1958 1.2317 1.2535 1.25526 1.26425 
0.212561 0.271422 0.479572 0.610718 0.653627 0.723359 0.788263 0.898367 0.914556 0.941955 1.01018 1.05684 1.11697 1.17346 1.17758 1.1958 1.2317 1.2535 1.25526 1.26425 
0.212561 0.271422 0.479572 0.610718 0.653627 0.723359 0.788263 0.895197 0.898367 0.914556 0.941955 1.01018 1.05684 1.11697 1.17346 1.17758 1.1958 1.2317 1.2535 1.25526 
0.212561 0.271422 0.479572 0.610718 0.653627 0.723359 0.788263 0.895197 0.898367 0.914556 0.941955 1.01018 1.05684 1.11697 1.17346 1.17758 1.1958 1.2317 1.2535 1.25526 
0.212561 0.271422 0.479572 0.610718 0.653627 0.723359 0.788263 0.895197 0.898367 0.914556 0.941955 1.01018 1.05684 1.11697 1.17346 1.17758 1.1958 1.2317 1.2535 1.25526 
0.212561 0.271422 0.479572 0.610718 0.653627 0.723359 0.788263 0.895197 0.898367 0.914556 0.941955 1.01018 1.05684 1.11697 1.17346 1.17758 1.1958 1.2317 1.2535 1.25526 
0.212561 0.241528 0.271422 0.479572 0.610718 0.653627 0.723359 0.788263 0.895197 0.898367 0.914556 0.941955 1.01018 1.05684 1.11697 1.17346 1.17758 1.1958 1.2317 1.2535 
0.212561 0.241528 0.271422 0.479572 0.610718 0.653627 0.723359 0.788263 0.895197 0.898367 0.914556 0.941955 1.01018 1.05684 1.11697 1.17346 1.17758 1.1958 1.2317 1.2535 
0.212561 0.241528 0.271422 0.479572 0.610718 0.653627 0.723359 0.788263 0.895197 0.898367 0.914556 0.941955 1.01018 1.05684 1.11697 1.17346 1.17758 1.1958 1.2317 1.2535 
0.212561 0.241528 0.271422 0.479572 0.610718 0.653627 0.723359 0.788263 0.895197 0.898367 0.914556 0.941955 1.01018 1.05684 1.11697 1.17346 1.17758 1.1958 1.2317 1.2535 
0.212561 0.241528 0.271422 0.479572 0.610718 0.653627 0.723359 0.788263 0.895197 0.898367 0.914556 0.941955 1.01018 1.05684 1.11697 1.17346 1.17758 1.1958 1.2317 1.2535 
0.212561 0.241528 0.271422 0.479572 0.610718 0.653627 0.723359 0.788263 0.895197 0.898367 0.914556 0.941955 1.01018 1.05684 1.11697 1.17346 1.17758 1.18968 1.1958 1.2317 
0.212561 0.241528 0.271422 0.479572 0.610718 0.653627 0.723359 0.788263 0.895197 0.898367 0.914556 0.941955 1.01018 1.05684 1.11697 1.17346 1.17758 1.18968 1.1958 1.2317 
0.212561 0.241528 0.271422 0.479572 0.610718 0.653627 0.723359 0.788263 0.895197 0.898367 0.914556 0.941955 1.01018 1.05684 1.11697 1.17346 1.17758 1.18968 1.1958 1.2317 
0.212561 0.241528 0.271422 0.479572 0.610718 0.653627 0.723359 0.788263 0.895197 0.898367 0.914556 0.941955 1.01018 1.05684 1.1035 1.11697 1.17346 1.17758 1.18968 1.1958 
0.212561 0.241528 0.271422 0.479572 0.610718 0.653627 0.723359 0.788263 0.895197 0.898367 0.914556 0.941955 1.01018 1.05684 1.1035 1.11697 1.17346 1.17758 1.18968 1.1958 
0.212561 0.241528 0.271422 0.479572 0.610718 0.653627 0.723359 0.788263 0.895197 0.898367 0.914556 0.941955 1.01018 1.05684 1.1035 1.11697 1.17346 1.17758 1.18968 1.1958 
0.212561 0.241528 0.271422 0.43999 0.479572 0.600935 0.610718 0.653627 0.723359 0.788263 0.895197 0.898367 0.914556 0.941955 1.01018 1.05684 1.1035 1.11697 1.17346 1.17758 
0.212561 0.241528 0.271422 0.43999 0.479572 0.600935 0.610718 0.653627 0.723359 0.788263 0.895197 0.898367 0.914556 0.941955 1.01018 1.05684 1.1035 1.11697 1.17346 1.17758 
0.212561 0.241528 0.271422 0.43999 0.479572 0.562116 0.600935 0.610718 0.653627 0.723359 0.788263 0.895197 0.898367 0.914556 0.941955 1.01018 1.05684 1.1035 1.11697 1.17346 
0.212561 0.241528 0.271422 0.43999 0.479572 0.562116 0.600935 0.610718 0.653627 0.723359 0.788263 0.895197 0.898367 0.914556 0.941955 1.01018 1.05684 1.1035 1.11697 1.17346 
