2.56233 2.82694 2.90534 2.92577 3.16911 3.82246 4.10272 4.40185 4.55741 4.5841 5.33186 6.22742 6.36202 6.97789 7.04868 7.16446 7.34611 7.45337 7.46982 7.71237 
0.157015 2.56233 2.82694 2.90534 2.92577 3.16911 3.1956 3.49896 3.82246 3.90735 4.10272 4.38387 4.40185 4.55741 4.5841 5.33186 5.96324 6.11553 6.15469 6.22742 
0.157015 2.51769 2.56233 2.82694 2.90534 2.92577 2.93459 3.07209 3.15089 3.16911 3.1956 3.20106 3.38454 3.49896 3.82246 3.90735 4.10272 4.38387 4.40185 4.55741 
0.157015 2.42459 2.51769 2.56233 2.82694 2.90534 2.92577 2.93459 3.07209 3.09891 3.15089 3.16911 3.1956 3.20106 3.21356 3.34346 3.38454 3.39696 3.49896 3.77354 
0.157015 1.15257 1.81003 1.97798 2.23319 2.42459 2.51769 2.56233 2.5801 2.82694 2.85821 2.90534 2.92577 2.93459 3.06458 3.07209 3.09163 3.09891 3.10334 3.11682 
0.157015 1.15257 1.81003 1.97798 2.23319 2.42459 2.51769 2.56233 2.5801 2.6133 2.70992 2.81072 2.82056 2.82694 2.84009 2.85821 2.90534 2.92577 2.93459 3.06458 
0.157015 1.15257 1.81003 1.97798 2.23319 2.42459 2.51769 2.56233 2.5801 2.6133 2.70992 2.81072 2.82056 2.82694 2.84009 2.85821 2.90534 2.92577 2.93459 3.06458 
0.157015 1.15257 1.81003 1.97798 2.23319 2.42459 2.51769 2.56233 2.5801 2.6133 2.70992 2.81072 2.82056 2.82694 2.84009 2.85821 2.90534 2.92577 2.93459 3.03228 
0.157015 0.486085 1.15257 1.81003 1.97798 2.23319 2.42459 2.51769 2.56233 2.5801 2.6133 2.70992 2.81072 2.82056 2.82694 2.84009 2.85821 2.90534 2.92577 2.93459 
0.157015 0.486085 0.839264 1.15257 1.81003 1.97798 2.23319 2.42459 2.51769 2.56233 2.5801 2.6133 2.70992 2.81072 2.82056 2.82694 2.84009 2.85821 2.90534 2.92577 
0.157015 0.486085 0.839264 1.15257 1.81003 1.97798 2.23319 2.42459 2.51769 2.56233 2.5801 2.6133 2.6924 2.70992 2.81072 2.82056 2.82694 2.84009 2.85821 2.90534 
0.157015 0.486085 0.839264 1.15257 1.81003 1.97798 2.16851 2.23319 2.42459 2.51769 2.56233 2.5801 2.6133 2.6924 2.70992 2.81072 2.82056 2.82694 2.84009 2.85821 
0.157015 0.486085 0.839264 1.15257 1.3193 1.81003 1.97798 2.16851 2.23319 2.34778 2.42459 2.51769 2.56233 2.5801 2.6133 2.6924 2.70992 2.81072 2.82056 2.82694 
0.157015 0.486085 0.839264 1.15257 1.3193 1.81003 1.97798 2.16851 2.23319 2.34778 2.42459 2.51769 2.56233 2.5801 2.6133 2.6924 2.70992 2.81072 2.82056 2.82694 
0.157015 0.486085 0.839264 1.15257 1.3193 1.81003 1.97798 2.16851 2.23319 2.34778 2.42459 2.51769 2.56233 2.5801 2.6133 2.6924 2.70992 2.81072 2.82056 2.82694 
0.157015 0.486085 0.839264 1.15257 1.3193 1.81003 1.97798 2.16851 2.23319 2.34778 2.42459 2.51769 2.56233 2.5801 2.6133 2.6924 2.70992 2.81072 2.82056 2.82694 
0.157015 0.486085 0.839264 1.15257 1.3193 1.81003 1.97798 2.16851 2.23319 2.34778 2.42459 2.51769 2.56233 2.5801 2.6133 2.6924 2.70992 2.81072 2.82056 2.82694 
0.157015 0.486085 0.839264 1.15257 1.3193 1.81003 1.97798 2.16851 2.23319 2.34778 2.42459 2.51769 2.56233 2.5801 2.6133 2.6924 2.70992 2.81072 2.82056 2.82694 
0.157015 0.486085 0.839264 1.15257 1.3193 1.81003 1.97798 2.16851 2.23319 2.34778 2.42459 2.51769 2.54936 2.56233 2.5801 2.6133 2.6924 2.70992 2.81072 2.82056 
0.157015 0.486085 0.839264 1.15257 1.3193 1.81003 1.97798 2.16851 2.23319 2.34778 2.42459 2.51769 2.54936 2.56233 2.5801 2.6133 2.6924 2.70992 2.81072 2.82056 
0.157015 0.486085 0.839264 1.15257 1.3193 1.81003 1.97798 2.16851 2.18824 2.23319 2.34778 2.42459 2.51769 2.54936 2.56233 2.5801 2.58972 2.6133 2.6924 2.70992 
0.157015 0.486085 0.839264 1.15257 1.3193 1.81003 1.97798 2.12823 2.16851 2.18824 2.23319 2.34778 2.42459 2.51769 2.54936 2.56233 2.5801 2.58972 2.6133 2.6924 
0.157015 0.486085 0.839264 1.15257 1.3193 1.81003 1.97798 2.12823 2.16851 2.18824 2.23319 2.34778 2.42459 2.51769 2.52247 2.54936 2.56233 2.5801 2.58972 2.6133 
0.157015 0.486085 0.648583 0.839264 1.15257 1.3193 1.81003 1.97798 2.12823 2.16851 2.18824 2.23319 2.34778 2.41998 2.42459 2.51769 2.52247 2.54936 2.56233 2.5801 
0.157015 0.486085 0.648583 0.839264 1.15257 1.3193 1.81003 1.97798 2.12823 2.16851 2.18824 2.23319 2.34778 2.41998 2.42459 2.51769 2.52247 2.54936 2.56233 2.5801 
0.157015 0.486085 0.648583 0.839264 1.09602 1.15257 1.3193 1.81003 1.97798 2.12823 2.16851 2.18824 2.23319 2.25553 2.34778 2.41998 2.42459 2.51769 2.52247 2.54936 
0.157015 0.486085 0.648583 0.839264 1.09602 1.15257 1.3193 1.81003 1.97798 2.12823 2.16851 2.18824 2.23319 2.25553 2.34778 2.41998 2.42459 2.51769 2.52247 2.54936 
0.157015 0.486085 0.648583 0.839264 1.09602 1.15257 1.3193 1.81003 1.97798 2.12823 2.16851 2.18824 2.23319 2.25553 2.34778 2.41998 2.42459 2.51769 2.52247 2.54936 
0.157015 0.486085 0.648583 0.839264 1.09602 1.15257 1.3193 1.81003 1.89805 1.97798 2.12823 2.16851 2.18824 2.23319 2.25553 2.34778 2.41998 2.42459 2.51769 2.52247 
0.157015 0.486085 0.648583 0.839264 1.09602 1.15257 1.3193 1.81003 1.89805 1.97798 2.12823 2.16851 2.18824 2.23319 2.25553 2.34778 2.41998 2.42459 2.51769 2.52247 
0.157015 0.486085 0.648583 0.839264 1.05015 1.09602 1.15257 1.3193 1.81003 1.88774 1.89805 1.97798 2.12823 2.16851 2.18824 2.23319 2.25553 2.34778 2.41998 2.42459 
0.157015 0.486085 0.648583 0.839264 1.05015 1.09602 1.15257 1.3193 1.81003 1.88774 1.89805 1.97798 2.1254 2.12823 2.16851 2.18824 2.23319 2.25553 2.34778 2.41998 
0.157015 0.486085 0.648583 0.839264 1.05015 1.09602 1.15257 1.3193 1.81003 1.88774 1.89805 1.97798 2.1254 2.12823 2.16851 2.18824 2.23319 2.25553 2.34778 2.41998 
0.157015 0.486085 0.648583 0.839264 1.05015 1.09602 1.15257 1.3193 1.81003 1.88774 1.89805 1.97798 2.1254 2.12823 2.16851 2.18824 2.19383 2.23319 2.25553 2.34778 
0.157015 0.486085 0.648583 0.839264 1.05015 1.09602 1.15257 1.3193 1.81003 1.88774 1.89805 1.97798 2.1254 2.12823 2.16851 2.18824 2.19383 2.23319 2.25553 2.34778 
0.157015 0.486085 0.648583 0.839264 1.05015 1.09602 1.15257 1.20927 1.3193 1.81003 1.88774 1.89805 1.97798 2.1254 2.12823 2.16851 2.18824 2.19383 2.23319 2.25553 
0.157015 0.486085 0.510208 0.648583 0.839264 1.05015 1.09602 1.15257 1.20927 1.3193 1.7414 1.81003 1.88774 1.89805 1.97798 2.1254 2.12823 2.16851 2.18824 2.19383 
0.157015 0.486085 0.510208 0.648583 0.839264 1.05015 1.09602 1.15257 1.20927 1.3193 1.7414 1.81003 1.88774 1.89805 1.97798 2.1254 2.12823 2.16851 2.18824 2.19383 
0.157015 0.486085 0.510208 0.648583 0.839264 1.05015 1.09602 1.15257 1.20927 1.3193 1.7414 1.81003 1.88774 1.89805 1.97798 2.1254 2.12823 2.16851 2.18824 2.19383 
0.157015 0.486085 0.510208 0.648583 0.839264 1.05015 1.09602 1.15257 1.20927 1.3193 1.7414 1.81003 1.88774 1.89805 1.97798 2.1254 2.12823 2.16851 2.18824 2.19155 
0.157015 0.486085 0.510208 0.648583 0.839264 1.05015 1.09602 1.14732 1.15257 1.20927 1.3193 1.7414 1.81003 1.88774 1.89805 1.97798 2.1254 2.12823 2.16851 2.18824 
0.157015 0.486085 0.510208 0.648583 0.839264 1.05015 1.09602 1.14732 1.15257 1.20927 1.3193 1.7414 1.81003 1.88774 1.89805 1.97798 2.07654 2.1254 2.12823 2.16559 
0.157015 0.486085 0.510208 0.648583 0.839264 1.05015 1.09602 1.14732 1.15257 1.20927 1.3193 1.7414 1.81003 1.88774 1.89805 1.97798 2.07654 2.1254 2.12823 2.16559 
0.157015 0.486085 0.510208 0.648583 0.839264 1.05015 1.09602 1.14732 1.15257 1.20927 1.3193 1.7414 1.81003 1.88774 1.89805 1.97798 2.07654 2.1254 2.12823 2.16559 
0.157015 0.486085 0.510208 0.648583 0.839264 1.05015 1.09602 1.14732 1.15257 1.20927 1.3193 1.7414 1.81003 1.88774 1.89805 1.97298 1.97798 2.07654 2.1254 2.12823 
0.157015 0.486085 0.510208 0.648583 0.839264 1.05015 1.09602 1.14732 1.15257 1.20927 1.3193 1.7414 1.7765 1.81003 1.88774 1.89805 1.90031 1.97298 1.97798 2.07654 
0.157015 0.486085 0.510208 0.648583 0.839264 1.05015 1.09602 1.14732 1.15257 1.20927 1.3193 1.7414 1.7765 1.81003 1.88774 1.89805 1.90031 1.97298 1.97798 2.07654 
0.157015 0.486085 0.510208 0.648583 0.839264 1.05015 1.09602 1.14732 1.15257 1.20927 1.3193 1.7414 1.7765 1.81003 1.88774 1.89805 1.90031 1.97298 1.97798 2.07654 
0.157015 0.486085 0.510208 0.648583 0.839264 1.05015 1.09602 1.14732 1.15257 1.20927 1.3193 1.7414 1.7765 1.81003 1.88774 1.89805 1.90031 1.97298 1.97798 2.07654 
0.157015 0.486085 0.510208 0.648583 0.839264 1.05015 1.09602 1.14732 1.15257 1.20927 1.3193 1.7414 1.7765 1.81003 1.88774 1.89805 1.90031 1.97298 1.97798 2.07654 
0.157015 0.486085 0.510208 0.648583 0.839264 1.05015 1.09602 1.14732 1.15257 1.20927 1.29703 1.3193 1.7414 1.7765 1.81003 1.88774 1.89805 1.90031 1.97298 1.97798 
0.157015 0.486085 0.510208 0.648583 0.839264 1.05015 1.09602 1.14732 1.15257 1.1671 1.20927 1.29703 1.3193 1.7414 1.7765 1.81003 1.88774 1.89805 1.90031 1.9536 
0.157015 0.486085 0.510208 0.648583 0.839264 1.05015 1.09602 1.14732 1.15257 1.1671 1.20927 1.29703 1.3193 1.45708 1.7414 1.7765 1.81003 1.88774 1.89805 1.90031 
0.157015 0.486085 0.510208 0.648583 0.839264 1.05015 1.09602 1.14732 1.15257 1.1671 1.20927 1.29703 1.3193 1.45708 1.7414 1.7765 1.81003 1.88774 1.89805 1.90031 
0.157015 0.486085 0.510208 0.648583 0.839264 1.05015 1.09602 1.14732 1.15257 1.1671 1.20927 1.29703 1.3193 1.45708 1.7414 1.7765 1.81003 1.88774 1.89805 1.90031 
0.157015 0.486085 0.510208 0.648583 0.839264 1.05015 1.09602 1.14732 1.15257 1.1671 1.20927 1.29703 1.3193 1.45708 1.7414 1.7765 1.81003 1.88774 1.89805 1.90031 
0.157015 0.486085 0.510208 0.648583 0.839264 1.05015 1.09602 1.14732 1.15257 1.1671 1.20927 1.29703 1.3193 1.45708 1.7414 1.7765 1.81003 1.88774 1.89805 1.90031 
0.157015 0.411346 0.486085 0.510208 0.648583 0.839264 1.05015 1.09602 1.14732 1.15257 1.1671 1.20927 1.29703 1.3193 1.45708 1.7414 1.7765 1.81003 1.88774 1.89805 
0.157015 0.411346 0.486085 0.510208 0.648583 0.839264 1.05015 1.09602 1.14732 1.15257 1.1671 1.20927 1.29703 1.3193 1.45708 1.62264 1.7414 1.7765 1.81003 1.88774 
0.157015 0.411346 0.486085 0.510208 0.648583 0.839264 1.05015 1.09602 1.14732 1.15257 1.1671 1.20927 1.29703 1.3193 1.45708 1.62264 1.7414 1.7765 1.81003 1.88774 
0.157015 0.411346 0.486085 0.510208 0.648583 0.839264 1.05015 1.09602 1.14732 1.15257 1.1671 1.20927 1.29703 1.3193 1.45708 1.62264 1.7414 1.7765 1.81003 1.88774 
0.157015 0.411346 0.486085 0.510208 0.648583 0.839264 1.05015 1.09602 1.14732 1.15257 1.1671 1.20927 1.29703 1.3193 1.45708 1.62264 1.7414 1.7765 1.81003 1.88774 
0.157015 0.411346 0.486085 0.510208 0.648583 0.839264 1.05015 1.09602 1.14732 1.15257 1.1671 1.20927 1.29703 1.3193 1.45708 1.62264 1.67626 1.7414 1.7765 1.81003 
0.157015 0.411346 0.486085 0.510208 0.648583 0.839264 1.05015 1.09602 1.14732 1.15257 1.1671 1.20927 1.29703 1.3193 1.45708 1.62264 1.67626 1.7414 1.7765 1.81003 
0.157015 0.411346 0.486085 0.510208 0.648583 0.839264 1.05015 1.09602 1.14732 1.15257 1.1671 1.20927 1.29703 1.3193 1.45708 1.62264 1.67626 1.7414 1.7765 1.81003 
0.157015 0.411346 0.486085 0.510208 0.648583 0.839264 1.05015 1.09602 1.14732 1.15257 1.1671 1.20927 1.29703 1.3193 1.45708 1.62264 1.67626 1.7414 1.7765 1.81003 
0.157015 0.411346 0.425065 0.486085 0.510208 0.648583 0.839264 1.05015 1.09602 1.14732 1.15257 1.1671 1.20927 1.29703 1.3193 1.45708 1.62264 1.67626 1.7414 1.7765 
0.157015 0.411346 0.425065 0.486085 0.510208 0.648583 0.839264 1.05015 1.09602 1.14732 1.15257 1.1671 1.20927 1.25795 1.29703 1.3193 1.45708 1.57229 1.62264 1.67626 
0.157015 0.411346 0.425065 0.486085 0.510208 0.648583 0.839264 1.05015 1.09602 1.14732 1.15257 1.1671 1.20927 1.25795 1.29703 1.3193 1.45708 1.57229 1.62264 1.6608 
0.157015 0.411346 0.425065 0.486085 0.510208 0.648583 0.839264 1.05015 1.09602 1.14732 1.15257 1.1671 1.20927 1.25795 1.29703 1.3193 1.45708 1.57229 1.62264 1.6608 
0.157015 0.411346 0.425065 0.486085 0.510208 0.648583 0.839264 1.05015 1.09602 1.14732 1.15257 1.16014 1.1671 1.20927 1.25795 1.29703 1.3193 1.39329 1.45708 1.57229 
0.157015 0.411346 0.425065 0.486085 0.510208 0.648583 0.839264 1.05015 1.09602 1.14732 1.15257 1.16014 1.1671 1.20927 1.25795 1.29703 1.3193 1.39329 1.45708 1.57229 
0.157015 0.411346 0.425065 0.486085 0.510208 0.648583 0.839264 1.05015 1.09602 1.14732 1.15257 1.16014 1.1671 1.20927 1.25795 1.29703 1.3193 1.39329 1.45708 1.57229 
0.152656 0.157015 0.411346 0.425065 0.486085 0.510208 0.648583 0.839264 1.05015 1.09602 1.14732 1.15257 1.16014 1.1671 1.20927 1.25795 1.29703 1.3193 1.39329 1.45708 
0.152656 0.157015 0.411346 0.425065 0.486085 0.510208 0.648583 0.839264 1.05015 1.09602 1.14732 1.15257 1.16014 1.1671 1.20927 1.25795 1.29703 1.3193 1.39329 1.45708 
0.152656 0.157015 0.411346 0.425065 0.486085 0.510208 0.605552 0.648583 0.839264 0.856122 1.05015 1.09602 1.14732 1.15257 1.16014 1.1671 1.20927 1.25795 1.29703 1.3193 
0.152656 0.157015 0.411346 0.425065 0.486085 0.510208 0.605552 0.648583 0.839264 0.856122 1.05015 1.09602 1.14732 1.15257 1.16014 1.1671 1.20927 1.25795 1.29703 1.30539 
0.152656 0.157015 0.411346 0.425065 0.486085 0.510208 0.605552 0.648583 0.839264 0.856122 1.05015 1.09602 1.14732 1.15257 1.16014 1.1671 1.20927 1.25795 1.29703 1.30539 
0.152656 0.157015 0.411346 0.425065 0.486085 0.510208 0.605552 0.648583 0.839264 0.856122 1.05015 1.09602 1.14732 1.15257 1.16014 1.1671 1.20927 1.25795 1.29703 1.30539 
0.152656 0.157015 0.411346 0.425065 0.456677 0.484105 0.486085 0.510208 0.605552 0.648583 0.839264 0.856122 1.05015 1.09602 1.14732 1.15257 1.16014 1.1671 1.20927 1.25795 
0.152656 0.157015 0.411346 0.425065 0.456677 0.484105 0.486085 0.510208 0.605552 0.648583 0.839264 0.856122 0.93936 1.05015 1.09602 1.14732 1.15257 1.16014 1.1671 1.20927 
0.152656 0.157015 0.411346 0.425065 0.456677 0.484105 0.486085 0.510208 0.605552 0.648583 0.839264 0.856122 0.93936 1.05015 1.09602 1.14732 1.15257 1.16014 1.1671 1.20927 
0.152656 0.157015 0.411346 0.425065 0.456677 0.484105 0.486085 0.510208 0.605552 0.648583 0.839264 0.856122 0.93936 1.05015 1.09602 1.14732 1.15257 1.16014 1.1671 1.20927 
0.152656 0.157015 0.411346 0.425065 0.456677 0.484105 0.486085 0.510208 0.605552 0.648583 0.839264 0.856122 0.916282 0.93936 1.05015 1.09602 1.14732 1.15257 1.16014 1.1671 
0.152656 0.157015 0.411346 0.425065 0.456677 0.484105 0.486085 0.510208 0.605552 0.648583 0.839264 0.856122 0.916282 0.93936 1.05015 1.09602 1.12152 1.14732 1.15257 1.16014 
0.152656 0.157015 0.411346 0.425065 0.456677 0.484105 0.486085 0.510208 0.605552 0.648583 0.839264 0.856122 0.916282 0.93936 1.05015 1.09602 1.12152 1.14732 1.15257 1.16014 
0.152656 0.157015 0.411346 0.425065 0.456677 0.484105 0.486085 0.510208 0.605552 0.648583 0.839264 0.856122 0.916282 0.93936 1.05015 1.09602 1.12152 1.14732 1.15257 1.16014 
0.152656 0.157015 0.411346 0.425065 0.456677 0.484105 0.486085 0.510208 0.605552 0.648583 0.839264 0.856122 0.916282 0.93936 1.05015 1.09602 1.12152 1.14732 1.15257 1.16014 
0.152656 0.157015 0.411346 0.425065 0.456677 0.484105 0.486085 0.510208 0.605552 0.648583 0.839264 0.856122 0.916282 0.93936 1.05015 1.09602 1.12152 1.14732 1.15257 1.16014 
0.152656 0.157015 0.411346 0.425065 0.456677 0.484105 0.486085 0.510208 0.605552 0.648583 0.839264 0.856122 0.916282 0.93936 1.05015 1.09602 1.12152 1.14732 1.15257 1.16014 
0.152656 0.157015 0.411346 0.425065 0.456677 0.484105 0.486085 0.510208 0.605552 0.648583 0.839264 0.856122 0.916282 0.93936 1.05015 1.09602 1.12152 1.14732 1.15257 1.16014 
0.152656 0.157015 0.411346 0.425065 0.456677 0.484105 0.486085 0.510208 0.605552 0.648583 0.839264 0.856122 0.916282 0.93936 1.05015 1.09602 1.12152 1.14732 1.15257 1.16014 
0.152656 0.157015 0.411346 0.425065 0.456677 0.484105 0.486085 0.510208 0.605552 0.648583 0.839264 0.856122 0.916282 0.93936 1.05015 1.09602 1.12152 1.14732 1.15257 1.16014 
0.152656 0.157015 0.411346 0.425065 0.456677 0.484105 0.486085 0.510208 0.546561 0.605552 0.648583 0.839264 0.856122 0.916282 0.93936 1.05015 1.09602 1.12152 1.14732 1.15257 
0.152656 0.157015 0.411346 0.425065 0.456677 0.484105 0.486085 0.510208 0.546561 0.605552 0.648583 0.839264 0.856122 0.916282 0.93936 1.05015 1.09602 1.12152 1.14732 1.15257 
0.152656 0.157015 0.411346 0.425065 0.456677 0.484105 0.486085 0.510208 0.546561 0.605552 0.648583 0.839264 0.856122 0.916282 0.93936 1.05015 1.09602 1.12152 1.14732 1.15257 
0.152656 0.157015 0.411346 0.425065 0.456677 0.484105 0.486085 0.510208 0.546561 0.605552 0.648583 0.839264 0.856122 0.916282 0.93936 1.05015 1.09602 1.12152 1.14732 1.15257 
0.152656 0.157015 0.411346 0.425065 0.456677 0.484105 0.486085 0.510208 0.546561 0.605552 0.648583 0.839264 0.856122 0.916282 0.93936 1.05015 1.09602 1.12152 1.14732 1.15257 
0.152656 0.157015 0.411346 0.425065 0.456677 0.484105 0.486085 0.510208 0.546561 0.605552 0.648583 0.839264 0.856122 0.916282 0.93936 1.05015 1.09602 1.12152 1.14732 1.15257 
0.152656 0.157015 0.411346 0.425065 0.456677 0.484105 0.486085 0.510208 0.546561 0.605552 0.648583 0.839264 0.856122 0.916282 0.93936 1.05015 1.09602 1.12152 1.14732 1.15257 
