0.375574 2.31357 2.81466 3.74604 3.8145 4.04529 4.15583 4.19014 4.50459 4.56184 5.70368 5.78711 6.28679 6.7949 6.80653 7.00488 7.34698 7.35528 7.681 7.77327 
0.375574 2.31357 2.81466 2.95987 2.99226 3.07084 3.73766 3.74604 3.8145 4.04529 4.15583 4.19014 4.50459 4.56184 5.43866 5.70368 5.78711 5.79702 6.28679 6.77623 
0.375574 2.17807 2.31357 2.81466 2.95987 2.99226 3.06191 3.07084 3.67254 3.73766 3.74604 3.8145 4.04529 4.15583 4.19014 4.50459 4.56184 5.43866 5.70368 5.78711 
0.375574 1.99916 2.17807 2.31357 2.81466 2.95987 2.99226 3.06191 3.07084 3.18085 3.67254 3.73766 3.74604 3.8145 4.04529 4.15583 4.19014 4.50459 4.56184 5.43866 
0.375574 1.99916 2.17807 2.31357 2.81466 2.95987 2.99226 3.06191 3.07084 3.18085 3.67254 3.73766 3.74604 3.8145 4.04529 4.15583 4.19014 4.50459 4.56184 5.43866 
0.375574 1.99916 2.17807 2.31357 2.81466 2.95987 2.99226 3.06191 3.07084 3.18085 3.67254 3.73766 3.74604 3.8145 4.04529 4.15583 4.19014 4.50459 4.56184 5.43866 
0.375574 1.86221 1.99916 2.17807 2.31357 2.81466 2.95987 2.99226 3.06191 3.07084 3.18085 3.67254 3.73766 3.74604 3.8145 4.04529 4.15583 4.19014 4.50459 4.56184 
0.375574 1.86221 1.99916 2.17807 2.31357 2.81466 2.95987 2.99226 3.06191 3.07084 3.18085 3.67254 3.73766 3.74604 3.8145 4.04529 4.15583 4.19014 4.50459 4.56184 
0.375574 1.86221 1.99916 2.17807 2.31357 2.6448 2.81466 2.95987 2.99226 3.06191 3.07084 3.18085 3.67254 3.73766 3.74604 3.8145 4.04529 4.15583 4.19014 4.50459 
0.375574 1.86221 1.99916 2.17807 2.31357 2.6448 2.81466 2.95987 2.99226 3.06191 3.07084 3.18085 3.67254 3.73766 3.74604 3.8145 4.04529 4.15583 4.19014 4.50459 
0.375574 1.86221 1.99916 2.17807 2.31357 2.6448 2.81466 2.95987 2.99226 3.06191 3.07084 3.18085 3.67254 3.73766 3.74604 3.8145 4.04529 4.15583 4.19014 4.50459 
0.375574 1.86221 1.99916 2.17807 2.31357 2.6448 2.81466 2.95987 2.99226 3.06191 3.07084 3.18085 3.67254 3.73766 3.74604 3.8145 4.04529 4.15583 4.19014 4.50459 
0.375574 1.86221 1.99916 2.17807 2.31357 2.6448 2.81466 2.95987 2.99226 3.06191 3.07084 3.18085 3.67254 3.73766 3.74604 3.8145 4.04529 4.15583 4.19014 4.50459 
0.375574 1.86221 1.99916 2.17807 2.31357 2.6448 2.81466 2.95987 2.99226 3.06191 3.07084 3.18085 3.67254 3.73766 3.74604 3.8145 4.04529 4.15583 4.19014 4.50459 
0.375574 1.86221 1.99916 2.17807 2.31357 2.6448 2.81466 2.95987 2.99226 3.06191 3.07084 3.18085 3.67254 3.73766 3.74604 3.8145 4.04529 4.15583 4.19014 4.50459 
0.375574 1.86221 1.99916 2.17807 2.31357 2.6448 2.81466 2.95987 2.99226 3.06191 3.07084 3.18085 3.67254 3.73766 3.74604 3.8145 4.04529 4.15583 4.19014 4.50459 
0.375574 1.86221 1.99916 2.17807 2.31357 2.6448 2.81466 2.95987 2.99226 3.06191 3.07084 3.18085 3.67254 3.73766 3.74604 3.8145 4.04529 4.15583 4.19014 4.50459 
0.375574 1.86221 1.99916 2.17807 2.31357 2.6448 2.81466 2.95987 2.99226 3.06191 3.07084 3.18085 3.67254 3.73766 3.74604 3.8145 4.04529 4.15583 4.19014 4.50459 
0.375574 1.86221 1.99916 2.17807 2.31357 2.6448 2.81466 2.95987 2.99226 3.06191 3.07084 3.18085 3.67254 3.73766 3.74604 3.8145 4.04529 4.15583 4.19014 4.50459 
0.375574 1.86221 1.99916 2.17807 2.31357 2.6448 2.81466 2.95987 2.99226 3.06191 3.07084 3.18085 3.67254 3.73766 3.74604 3.8145 4.04529 4.15583 4.19014 4.50459 
0.375574 1.86221 1.99916 2.17807 2.31357 2.6448 2.81466 2.95987 2.99226 3.06191 3.07084 3.18085 3.67254 3.73766 3.74604 3.8145 4.04529 4.15583 4.19014 4.50459 
0.375574 1.86221 1.99916 2.17807 2.31357 2.6448 2.81466 2.95987 2.99226 3.06191 3.07084 3.18085 3.67254 3.73766 3.74604 3.8145 4.04529 4.15583 4.19014 4.50459 
0.375574 1.86221 1.99916 2.17807 2.31357 2.6448 2.81466 2.95987 2.99226 3.06191 3.07084 3.18085 3.67254 3.73766 3.74604 3.8145 4.04529 4.15583 4.19014 4.50459 
0.375574 1.86221 1.99916 2.17807 2.31357 2.6448 2.81466 2.95987 2.99226 3.06191 3.07084 3.18085 3.67254 3.73766 3.74604 3.8145 4.04529 4.15583 4.19014 4.50459 
0.375574 1.86221 1.99916 2.17807 2.31357 2.6448 2.81466 2.95987 2.99226 3.06191 3.07084 3.18085 3.67254 3.73766 3.74604 3.8145 4.04529 4.15583 4.19014 4.50459 
0.375574 1.86221 1.99916 2.17807 2.31357 2.6448 2.81466 2.95987 2.99226 3.06191 3.07084 3.18085 3.67254 3.73766 3.74604 3.8145 4.04529 4.15583 4.19014 4.50459 
0.375574 1.86221 1.99916 2.17807 2.31357 2.6448 2.81466 2.95987 2.99226 3.06191 3.07084 3.18085 3.67254 3.73766 3.74604 3.8145 4.04529 4.15583 4.19014 4.50459 
0.375574 1.86221 1.99916 2.17807 2.31357 2.6448 2.81466 2.95987 2.99226 3.06191 3.07084 3.18085 3.67254 3.73766 3.74604 3.8145 4.04529 4.15583 4.19014 4.50459 
0.375574 1.86221 1.99916 2.17807 2.31357 2.6448 2.81466 2.95987 2.99226 3.06191 3.07084 3.18085 3.67254 3.73766 3.74604 3.8145 4.04529 4.15583 4.19014 4.50459 
0.375574 1.86221 1.99916 2.17807 2.31357 2.6448 2.81466 2.95987 2.99226 3.06191 3.07084 3.18085 3.67254 3.73766 3.74604 3.8145 4.04529 4.15583 4.19014 4.50459 
0.375574 1.86221 1.99916 2.17807 2.31357 2.6448 2.81466 2.95987 2.99226 3.06191 3.07084 3.18085 3.67254 3.73766 3.74604 3.8145 4.04529 4.15583 4.19014 4.50459 
0.375574 1.86221 1.99916 2.17807 2.31357 2.6448 2.81466 2.95987 2.99226 3.06191 3.07084 3.18085 3.67254 3.73766 3.74604 3.8145 4.04529 4.15583 4.19014 4.50459 
0.375574 1.86221 1.99916 2.17807 2.31357 2.6448 2.81466 2.95987 2.99226 3.06191 3.07084 3.18085 3.67254 3.73766 3.74604 3.8145 4.04529 4.15583 4.19014 4.50459 
0.375574 1.86221 1.99916 2.17807 2.31357 2.6448 2.81466 2.95987 2.99226 3.06191 3.07084 3.18085 3.67254 3.73766 3.74604 3.8145 4.04529 4.15583 4.19014 4.50459 
0.375574 1.86221 1.99916 2.17807 2.31357 2.6448 2.81466 2.95987 2.99226 3.06191 3.07084 3.18085 3.67254 3.73766 3.74604 3.8145 4.04529 4.15583 4.19014 4.50459 
0.375574 1.86221 1.99916 2.17807 2.31357 2.6448 2.81466 2.95987 2.99226 3.06191 3.07084 3.18085 3.67254 3.73766 3.74604 3.8145 4.04529 4.15583 4.19014 4.50459 
0.375574 1.86221 1.99916 2.17807 2.31357 2.6448 2.81466 2.95987 2.99226 3.06191 3.07084 3.18085 3.67254 3.73766 3.74604 3.8145 4.04529 4.15583 4.19014 4.50459 
0.375574 1.86221 1.99916 2.17807 2.31357 2.6448 2.81466 2.95987 2.99226 3.06191 3.07084 3.18085 3.67254 3.73766 3.74604 3.8145 4.04529 4.15583 4.19014 4.50459 
0.375574 1.86221 1.99916 2.17807 2.31357 2.6448 2.81466 2.95987 2.99226 3.06191 3.07084 3.18085 3.67254 3.73766 3.74604 3.8145 4.04529 4.15583 4.19014 4.50459 
0.375574 1.86221 1.99916 2.17807 2.31357 2.6448 2.81466 2.95987 2.99226 3.06191 3.07084 3.18085 3.67254 3.73766 3.74604 3.8145 4.04529 4.15583 4.19014 4.50459 
0.375574 1.86221 1.99916 2.17807 2.31357 2.6448 2.81466 2.95987 2.99226 3.06191 3.07084 3.18085 3.67254 3.73766 3.74604 3.8145 4.04529 4.15583 4.19014 4.50459 
0.375574 1.86221 1.99916 2.17807 2.31357 2.6448 2.81466 2.95987 2.99226 3.06191 3.07084 3.18085 3.67254 3.73766 3.74604 3.8145 4.04529 4.15583 4.19014 4.50459 
0.375574 1.86221 1.99916 2.17807 2.31357 2.6448 2.81466 2.95987 2.99226 3.06191 3.07084 3.18085 3.67254 3.73766 3.74604 3.8145 4.04529 4.15583 4.19014 4.50459 
0.375574 1.86221 1.99916 2.17807 2.31357 2.6448 2.81466 2.95987 2.99226 3.06191 3.07084 3.18085 3.67254 3.73766 3.74604 3.8145 4.04529 4.15583 4.19014 4.50459 
0.375574 1.86221 1.99916 2.17807 2.31357 2.6448 2.81466 2.95987 2.99226 3.06191 3.07084 3.18085 3.67254 3.73766 3.74604 3.8145 4.04529 4.15583 4.19014 4.50459 
0.375574 1.86221 1.99916 2.17807 2.31357 2.6448 2.81466 2.95987 2.99226 3.06191 3.07084 3.18085 3.67254 3.73766 3.74604 3.8145 4.04529 4.15583 4.19014 4.50459 
0.375574 1.86221 1.99916 2.17807 2.31357 2.6448 2.81466 2.95987 2.99226 3.06191 3.07084 3.18085 3.67254 3.73766 3.74604 3.8145 4.04529 4.15583 4.19014 4.50459 
0.375574 1.86221 1.99916 2.17807 2.31357 2.6448 2.81466 2.95987 2.99226 3.06191 3.07084 3.18085 3.67254 3.73766 3.74604 3.8145 4.04529 4.15583 4.19014 4.50459 
0.375574 1.86221 1.99916 2.17807 2.31357 2.6448 2.81466 2.95987 2.99226 3.06191 3.07084 3.18085 3.67254 3.73766 3.74604 3.8145 4.04529 4.15583 4.19014 4.50459 
0.375574 1.86221 1.99916 2.17807 2.31357 2.6448 2.81466 2.95987 2.99226 3.06191 3.07084 3.18085 3.67254 3.73766 3.74604 3.8145 4.04529 4.15583 4.19014 4.50459 
0.375574 1.86221 1.99916 2.17807 2.31357 2.6448 2.81466 2.95987 2.99226 3.06191 3.07084 3.18085 3.67254 3.73766 3.74604 3.8145 4.04529 4.15583 4.19014 4.50459 
0.375574 1.86221 1.99916 2.17807 2.31357 2.6448 2.81466 2.95987 2.99226 3.06191 3.07084 3.18085 3.67254 3.73766 3.74604 3.8145 4.04529 4.15583 4.19014 4.50459 
0.375574 1.86221 1.99916 2.17807 2.31357 2.6448 2.81466 2.95987 2.99226 3.06191 3.07084 3.18085 3.67254 3.73766 3.74604 3.8145 4.04529 4.15583 4.19014 4.50459 
0.375574 1.86221 1.99916 2.17807 2.31357 2.6448 2.81466 2.95987 2.99226 3.06191 3.07084 3.18085 3.67254 3.73766 3.74604 3.8145 4.04529 4.15583 4.19014 4.50459 
0.375574 1.86221 1.99916 2.17807 2.31357 2.6448 2.81466 2.95987 2.99226 3.06191 3.07084 3.18085 3.67254 3.73766 3.74604 3.8145 4.04529 4.15583 4.19014 4.50459 
0.375574 1.86221 1.99916 2.17807 2.31357 2.6448 2.81466 2.95987 2.99226 3.06191 3.07084 3.18085 3.67254 3.73766 3.74604 3.8145 4.04529 4.15583 4.19014 4.50459 
0.375574 1.86221 1.99916 2.17807 2.31357 2.6448 2.81466 2.95987 2.99226 3.06191 3.07084 3.18085 3.67254 3.73766 3.74604 3.8145 4.04529 4.15583 4.19014 4.50459 
0.375574 1.86221 1.99916 2.17807 2.31357 2.6448 2.81466 2.95987 2.99226 3.06191 3.07084 3.18085 3.67254 3.73766 3.74604 3.8145 4.04529 4.15583 4.19014 4.50459 
0.375574 1.86221 1.99916 2.17807 2.31357 2.6448 2.81466 2.95987 2.99226 3.06191 3.07084 3.18085 3.67254 3.73766 3.74604 3.8145 4.04529 4.15583 4.19014 4.50459 
0.375574 1.86221 1.99916 2.17807 2.31357 2.6448 2.81466 2.95987 2.99226 3.06191 3.07084 3.18085 3.67254 3.73766 3.74604 3.8145 4.04529 4.15583 4.19014 4.50459 
0.375574 1.86221 1.99916 2.17807 2.31357 2.6448 2.81466 2.95987 2.99226 3.06191 3.07084 3.18085 3.67254 3.73766 3.74604 3.8145 4.04529 4.15583 4.19014 4.50459 
0.375574 1.86221 1.99916 2.17807 2.31357 2.6448 2.81466 2.95987 2.99226 3.06191 3.07084 3.18085 3.67254 3.73766 3.74604 3.8145 4.04529 4.15583 4.19014 4.50459 
0.375574 1.86221 1.99916 2.17807 2.31357 2.6448 2.81466 2.95987 2.99226 3.06191 3.07084 3.18085 3.67254 3.73766 3.74604 3.8145 4.04529 4.15583 4.19014 4.50459 
0.375574 1.86221 1.99916 2.17807 2.31357 2.6448 2.81466 2.95987 2.99226 3.06191 3.07084 3.18085 3.67254 3.73766 3.74604 3.8145 4.04529 4.15583 4.19014 4.50459 
0.375574 1.86221 1.99916 2.17807 2.31357 2.6448 2.81466 2.95987 2.99226 3.06191 3.07084 3.18085 3.67254 3.73766 3.74604 3.8145 4.04529 4.15583 4.19014 4.50459 
0.375574 1.86221 1.99916 2.17807 2.31357 2.6448 2.81466 2.95987 2.99226 3.06191 3.07084 3.18085 3.67254 3.73766 3.74604 3.8145 4.04529 4.15583 4.19014 4.50459 
0.375574 1.86221 1.99916 2.17807 2.31357 2.6448 2.81466 2.95987 2.99226 3.06191 3.07084 3.18085 3.67254 3.73766 3.74604 3.8145 4.04529 4.15583 4.19014 4.50459 
0.375574 1.86221 1.99916 2.17807 2.31357 2.6448 2.81466 2.95987 2.99226 3.06191 3.07084 3.18085 3.67254 3.73766 3.74604 3.8145 4.04529 4.15583 4.19014 4.50459 
0.375574 1.86221 1.99916 2.17807 2.31357 2.6448 2.81466 2.95987 2.99226 3.06191 3.07084 3.18085 3.67254 3.73766 3.74604 3.8145 4.04529 4.15583 4.19014 4.50459 
0.375574 1.86221 1.99916 2.17807 2.31357 2.6448 2.81466 2.95987 2.99226 3.06191 3.07084 3.18085 3.67254 3.73766 3.74604 3.8145 4.04529 4.15583 4.19014 4.50459 
0.375574 1.86221 1.99916 2.17807 2.31357 2.6448 2.81466 2.95987 2.99226 3.06191 3.07084 3.18085 3.67254 3.73766 3.74604 3.8145 4.04529 4.15583 4.19014 4.50459 
0.375574 1.86221 1.99916 2.17807 2.31357 2.6448 2.81466 2.95987 2.99226 3.06191 3.07084 3.18085 3.67254 3.73766 3.74604 3.8145 4.04529 4.15583 4.19014 4.50459 
0.375574 1.86221 1.99916 2.17807 2.31357 2.6448 2.81466 2.95987 2.99226 3.06191 3.07084 3.18085 3.67254 3.73766 3.74604 3.8145 4.04529 4.15583 4.19014 4.50459 
0.375574 1.86221 1.99916 2.17807 2.31357 2.6448 2.81466 2.95987 2.99226 3.06191 3.07084 3.18085 3.67254 3.73766 3.74604 3.8145 4.04529 4.15583 4.19014 4.50459 
0.375574 1.86221 1.99916 2.17807 2.31357 2.6448 2.81466 2.95987 2.99226 3.06191 3.07084 3.18085 3.67254 3.73766 3.74604 3.8145 4.04529 4.15583 4.19014 4.50459 
0.375574 1.86221 1.99916 2.17807 2.31357 2.6448 2.81466 2.95987 2.99226 3.06191 3.07084 3.18085 3.67254 3.73766 3.74604 3.8145 4.04529 4.15583 4.19014 4.50459 
0.375574 1.86221 1.99916 2.17807 2.31357 2.6448 2.81466 2.95987 2.99226 3.06191 3.07084 3.18085 3.67254 3.73766 3.74604 3.8145 4.04529 4.15583 4.19014 4.50459 
0.375574 1.86221 1.99916 2.17807 2.31357 2.6448 2.81466 2.95987 2.99226 3.06191 3.07084 3.18085 3.67254 3.73766 3.74604 3.8145 4.04529 4.15583 4.19014 4.50459 
0.375574 1.86221 1.99916 2.17807 2.31357 2.6448 2.81466 2.95987 2.99226 3.06191 3.07084 3.18085 3.67254 3.73766 3.74604 3.8145 4.04529 4.15583 4.19014 4.50459 
0.375574 1.86221 1.99916 2.17807 2.31357 2.6448 2.81466 2.95987 2.99226 3.06191 3.07084 3.18085 3.67254 3.73766 3.74604 3.8145 4.04529 4.15583 4.19014 4.50459 
0.375574 1.86221 1.99916 2.17807 2.31357 2.6448 2.81466 2.95987 2.99226 3.06191 3.07084 3.18085 3.67254 3.73766 3.74604 3.8145 4.04529 4.15583 4.19014 4.50459 
0.375574 1.86221 1.99916 2.17807 2.31357 2.6448 2.81466 2.95987 2.99226 3.06191 3.07084 3.18085 3.67254 3.73766 3.74604 3.8145 4.04529 4.15583 4.19014 4.50459 
0.375574 1.86221 1.99916 2.17807 2.31357 2.6448 2.81466 2.95987 2.99226 3.06191 3.07084 3.18085 3.67254 3.73766 3.74604 3.8145 4.04529 4.15583 4.19014 4.50459 
0.375574 1.86221 1.99916 2.17807 2.31357 2.6448 2.81466 2.95987 2.99226 3.06191 3.07084 3.18085 3.67254 3.73766 3.74604 3.8145 4.04529 4.15583 4.19014 4.50459 
0.375574 1.86221 1.99916 2.17807 2.31357 2.6448 2.81466 2.95987 2.99226 3.06191 3.07084 3.18085 3.67254 3.73766 3.74604 3.8145 4.04529 4.15583 4.19014 4.50459 
0.375574 1.86221 1.99916 2.17807 2.31357 2.6448 2.81466 2.95987 2.99226 3.06191 3.07084 3.18085 3.67254 3.73766 3.74604 3.8145 4.04529 4.15583 4.19014 4.50459 
0.375574 1.86221 1.99916 2.17807 2.31357 2.6448 2.81466 2.95987 2.99226 3.06191 3.07084 3.18085 3.67254 3.73766 3.74604 3.8145 4.04529 4.15583 4.19014 4.50459 
0.375574 1.86221 1.99916 2.17807 2.31357 2.6448 2.81466 2.95987 2.99226 3.06191 3.07084 3.18085 3.67254 3.73766 3.74604 3.8145 4.04529 4.15583 4.19014 4.50459 
0.375574 1.86221 1.99916 2.17807 2.31357 2.6448 2.81466 2.95987 2.99226 3.06191 3.07084 3.18085 3.67254 3.73766 3.74604 3.8145 4.04529 4.15583 4.19014 4.50459 
0.375574 1.86221 1.99916 2.17807 2.31357 2.6448 2.81466 2.95987 2.99226 3.06191 3.07084 3.18085 3.67254 3.73766 3.74604 3.8145 4.04529 4.15583 4.19014 4.50459 
0.375574 1.86221 1.99916 2.17807 2.31357 2.6448 2.81466 2.95987 2.99226 3.06191 3.07084 3.18085 3.67254 3.73766 3.74604 3.8145 4.04529 4.15583 4.19014 4.50459 
0.375574 1.86221 1.99916 2.17807 2.31357 2.6448 2.81466 2.95987 2.99226 3.06191 3.07084 3.18085 3.67254 3.73766 3.74604 3.8145 4.04529 4.15583 4.19014 4.50459 
0.375574 1.86221 1.99916 2.17807 2.31357 2.6448 2.81466 2.95987 2.99226 3.06191 3.07084 3.18085 3.67254 3.73766 3.74604 3.8145 4.04529 4.15583 4.19014 4.50459 
0.375574 1.86221 1.99916 2.17807 2.31357 2.6448 2.81466 2.95987 2.99226 3.06191 3.07084 3.18085 3.67254 3.73766 3.74604 3.8145 4.04529 4.15583 4.19014 4.50459 
0.375574 1.86221 1.99916 2.17807 2.31357 2.6448 2.81466 2.95987 2.99226 3.06191 3.07084 3.18085 3.67254 3.73766 3.74604 3.8145 4.04529 4.15583 4.19014 4.50459 
0.375574 1.86221 1.99916 2.17807 2.31357 2.6448 2.81466 2.95987 2.99226 3.06191 3.07084 3.18085 3.67254 3.73766 3.74604 3.8145 4.04529 4.15583 4.19014 4.50459 
0.375574 1.86221 1.99916 2.17807 2.31357 2.6448 2.81466 2.95987 2.99226 3.06191 3.07084 3.18085 3.67254 3.73766 3.74604 3.8145 4.04529 4.15583 4.19014 4.50459 
0.375574 1.86221 1.99916 2.17807 2.31357 2.6448 2.81466 2.95987 2.99226 3.06191 3.07084 3.18085 3.67254 3.73766 3.74604 3.8145 4.04529 4.15583 4.19014 4.50459 
0.375574 1.86221 1.99916 2.17807 2.31357 2.6448 2.81466 2.95987 2.99226 3.06191 3.07084 3.18085 3.67254 3.73766 3.74604 3.8145 4.04529 4.15583 4.19014 4.50459 
0.375574 1.86221 1.99916 2.17807 2.31357 2.6448 2.81466 2.95987 2.99226 3.06191 3.07084 3.18085 3.67254 3.73766 3.74604 3.8145 4.04529 4.15583 4.19014 4.50459 
