1.01989 1.57927 2.58325 3.05499 3.18378 3.60804 3.65482 3.94649 4.55981 4.60296 4.68246 5.34214 5.656 5.93382 6.18315 6.19387 7.13558 7.22133 7.39743 7.59095 
1.01989 1.57927 2.58325 2.79919 3.05499 3.18378 3.2655 3.60804 3.65482 3.94649 4.55981 4.60296 4.68246 5.34214 5.44919 5.49111 5.656 5.93382 6.18315 6.19387 
1.01989 1.43943 1.57927 2.31854 2.51244 2.58325 2.69093 2.73184 2.79919 3.05247 3.05499 3.09149 3.18378 3.2655 3.33305 3.39647 3.4092 3.51835 3.60804 3.65482 
0.409229 0.654722 0.726311 1.00937 1.01989 1.43943 1.57927 1.6147 2.12725 2.1601 2.20552 2.24697 2.31749 2.31854 2.45525 2.51244 2.57737 2.58325 2.69093 2.73184 
0.338732 0.409229 0.492151 0.654722 0.726311 1.00937 1.01989 1.29484 1.43943 1.57927 1.6147 1.9091 2.12725 2.1601 2.20552 2.24697 2.31749 2.31854 2.33697 2.45525 
0.326884 0.338732 0.409229 0.492151 0.654722 0.726311 1.00937 1.01989 1.21512 1.29484 1.41695 1.43943 1.57178 1.57927 1.6147 1.9091 2.12725 2.1601 2.20552 2.24697 
0.326884 0.338732 0.409229 0.492151 0.654722 0.726311 1.00937 1.01989 1.21512 1.29484 1.41695 1.43943 1.57178 1.57927 1.6147 1.9091 2.12725 2.1601 2.20552 2.24697 
0.239836 0.326884 0.338732 0.409229 0.492151 0.654722 0.726311 0.767375 1.00937 1.01989 1.21512 1.29484 1.41695 1.43943 1.57178 1.57927 1.6147 1.9091 2.12725 2.1601 
0.239836 0.326884 0.338732 0.409229 0.492151 0.654722 0.726311 0.767375 1.00937 1.01989 1.21512 1.29484 1.31733 1.41695 1.43943 1.57178 1.57927 1.6147 1.9091 2.12725 
0.239836 0.326884 0.338732 0.409229 0.479193 0.492151 0.654722 0.726311 0.767375 0.859092 1.00937 1.01989 1.03734 1.21512 1.29484 1.31733 1.41695 1.43943 1.57178 1.57927 
0.239836 0.326884 0.338732 0.409229 0.479193 0.492151 0.654722 0.726311 0.767375 0.859092 1.00937 1.01989 1.03734 1.21512 1.28377 1.29484 1.31733 1.41695 1.43943 1.47649 
0.154462 0.239836 0.326884 0.338732 0.409229 0.479193 0.492151 0.654722 0.726311 0.767375 0.859092 1.00937 1.01989 1.03734 1.21512 1.28377 1.29484 1.31733 1.41695 1.43943 
0.154462 0.239836 0.326884 0.338732 0.409229 0.479193 0.492151 0.654722 0.726311 0.767375 0.859092 1.00937 1.01989 1.03734 1.21512 1.28377 1.29484 1.31733 1.41695 1.43943 
0.154462 0.239836 0.326884 0.338732 0.409229 0.479193 0.492151 0.625478 0.654722 0.726311 0.767375 0.859092 0.887901 1.00937 1.01989 1.03734 1.21512 1.28377 1.29484 1.31733 
0.154462 0.239836 0.326884 0.338732 0.409229 0.450264 0.479193 0.492151 0.625478 0.654722 0.726311 0.767375 0.859092 0.887901 1.00937 1.01989 1.03734 1.21512 1.28377 1.29484 
0.154462 0.239836 0.326884 0.338732 0.409229 0.450264 0.479193 0.492151 0.625478 0.654722 0.726311 0.767375 0.859092 0.887901 1.00937 1.01989 1.03734 1.21512 1.28377 1.29484 
0.154462 0.239836 0.326884 0.338732 0.409229 0.450264 0.479193 0.492151 0.625478 0.654722 0.726311 0.767375 0.859092 0.887901 1.00937 1.01989 1.03734 1.21512 1.28377 1.29484 
0.154462 0.239836 0.326884 0.338732 0.409229 0.450264 0.479193 0.492151 0.625478 0.654722 0.726311 0.767375 0.859092 0.887901 1.00937 1.01989 1.03734 1.21512 1.28377 1.29484 
0.154462 0.239836 0.326884 0.338732 0.409229 0.450264 0.479193 0.492151 0.625478 0.654722 0.726311 0.767375 0.859092 0.887901 1.00937 1.01989 1.03734 1.21512 1.28377 1.29484 
0.154462 0.220366 0.239836 0.326884 0.338732 0.409229 0.450264 0.479193 0.492151 0.625478 0.654722 0.726311 0.767375 0.859092 0.887901 1.00937 1.01989 1.03734 1.21512 1.28377 
0.154462 0.220366 0.239836 0.326884 0.338732 0.409229 0.450264 0.479193 0.492151 0.625478 0.654722 0.726311 0.767375 0.859092 0.887901 1.00937 1.01989 1.03734 1.21512 1.28377 
0.154462 0.220366 0.239836 0.326884 0.338732 0.409229 0.450264 0.479193 0.492151 0.624321 0.625478 0.654722 0.726311 0.767375 0.859092 0.887901 1.00937 1.01989 1.03734 1.21512 
0.154462 0.220366 0.239836 0.326884 0.338732 0.409229 0.450264 0.479193 0.492151 0.624321 0.625478 0.654722 0.726311 0.767375 0.859092 0.887901 1.00937 1.01989 1.03734 1.21512 
0.154462 0.220366 0.239836 0.326884 0.338732 0.409229 0.450264 0.479193 0.492151 0.624321 0.625478 0.654722 0.726311 0.767375 0.859092 0.887901 1.00937 1.01989 1.03734 1.21512 
0.0676268 0.154462 0.220366 0.239836 0.326884 0.338732 0.409229 0.450264 0.479193 0.492151 0.624321 0.625478 0.654722 0.726311 0.767375 0.859092 0.887901 1.00937 1.01989 1.03734 
0.0676268 0.154462 0.220366 0.239836 0.326884 0.338732 0.409229 0.450264 0.479193 0.492151 0.624321 0.625478 0.654722 0.726311 0.767375 0.859092 0.887901 1.00937 1.01989 1.03734 
0.0676268 0.154462 0.220366 0.239836 0.326884 0.338732 0.409229 0.450264 0.479193 0.492151 0.624321 0.625478 0.654722 0.726311 0.767375 0.859092 0.887901 1.00937 1.01989 1.03734 
0.0676268 0.154462 0.220366 0.239836 0.326884 0.338732 0.409229 0.450264 0.479193 0.492151 0.624321 0.625478 0.654722 0.726311 0.767375 0.859092 0.887901 1.00937 1.01989 1.03734 
0.0676268 0.154462 0.220366 0.239836 0.326884 0.338732 0.409229 0.450264 0.479193 0.492151 0.624321 0.625478 0.654722 0.726311 0.767375 0.859092 0.887901 1.00937 1.01989 1.03734 
0.0676268 0.154462 0.220366 0.239836 0.326884 0.338732 0.409229 0.450264 0.479193 0.492151 0.624321 0.625478 0.654722 0.726311 0.767375 0.859092 0.887901 1.00937 1.01989 1.03734 
0.0676268 0.154462 0.220366 0.239836 0.326884 0.338732 0.409229 0.450264 0.479193 0.492151 0.624321 0.625478 0.654722 0.726311 0.767375 0.859092 0.887901 1.00937 1.01989 1.03734 
0.0676268 0.154462 0.220366 0.239836 0.326884 0.338732 0.409229 0.450264 0.479193 0.492151 0.624321 0.625478 0.654722 0.726311 0.767375 0.859092 0.887901 1.00937 1.01989 1.03734 
0.0676268 0.154462 0.220366 0.239836 0.326884 0.338732 0.409229 0.450264 0.479193 0.492151 0.624321 0.625478 0.654722 0.726311 0.767375 0.859092 0.887901 1.00937 1.01989 1.03734 
0.0676268 0.154462 0.220366 0.239836 0.326884 0.338732 0.409229 0.450264 0.479193 0.492151 0.624321 0.625478 0.654722 0.726311 0.767375 0.859092 0.887901 1.00937 1.01989 1.03734 
0.0676268 0.154462 0.220366 0.239836 0.326884 0.338732 0.409229 0.450264 0.479193 0.492151 0.624321 0.625478 0.654722 0.726311 0.767375 0.808667 0.859092 0.887901 1.00937 1.01989 
0.0676268 0.154462 0.220366 0.239836 0.326884 0.338732 0.409229 0.450264 0.479193 0.492151 0.624321 0.625478 0.654722 0.726311 0.767375 0.808667 0.859092 0.887901 1.00937 1.01989 
0.0676268 0.154462 0.220366 0.239836 0.326884 0.338732 0.409229 0.450264 0.479193 0.492151 0.624321 0.625478 0.654722 0.726311 0.767375 0.808667 0.859092 0.887901 1.00937 1.01989 
0.0676268 0.154462 0.220366 0.239836 0.326884 0.338732 0.409229 0.450264 0.479193 0.492151 0.624321 0.625478 0.654722 0.726311 0.767375 0.808667 0.859092 0.887901 1.00937 1.01989 
0.0676268 0.154462 0.220366 0.239836 0.326884 0.338732 0.409229 0.450264 0.479193 0.492151 0.624321 0.625478 0.654722 0.726311 0.767375 0.808667 0.859092 0.887901 1.00937 1.01989 
0.0676268 0.154462 0.220366 0.239836 0.326884 0.338732 0.409229 0.450264 0.479193 0.492151 0.624321 0.625478 0.654722 0.726311 0.767375 0.808667 0.859092 0.887901 1.00937 1.01989 
0.0676268 0.154462 0.220366 0.239836 0.326884 0.338732 0.409229 0.450264 0.479193 0.492151 0.624321 0.625478 0.654722 0.726311 0.767375 0.808667 0.859092 0.887901 1.00937 1.01989 
0.0676268 0.154462 0.220366 0.239836 0.326884 0.338732 0.409229 0.450264 0.479193 0.492151 0.624321 0.625478 0.654722 0.726311 0.767375 0.808667 0.859092 0.887901 1.00937 1.01989 
0.0676268 0.154462 0.220366 0.239836 0.326884 0.332951 0.338732 0.409229 0.428407 0.450264 0.479193 0.492151 0.624321 0.625478 0.654722 0.726311 0.767375 0.808667 0.859092 0.887901 
0.0676268 0.154462 0.220366 0.239836 0.326884 0.332951 0.338732 0.409229 0.428407 0.450264 0.479193 0.492151 0.624321 0.625478 0.654722 0.726311 0.767375 0.808667 0.859092 0.887901 
0.0676268 0.154462 0.220366 0.239836 0.326884 0.332951 0.338732 0.409229 0.428407 0.450264 0.479193 0.492151 0.624321 0.625478 0.654722 0.726311 0.767375 0.808667 0.859092 0.887901 
0.0676268 0.154462 0.220366 0.239836 0.326884 0.332951 0.338732 0.409229 0.428407 0.450264 0.479193 0.492151 0.624321 0.625478 0.654722 0.726311 0.767375 0.808667 0.859092 0.887901 
0.0676268 0.154462 0.220366 0.239836 0.326884 0.332951 0.338732 0.409229 0.428407 0.450264 0.479193 0.492151 0.624321 0.625478 0.654722 0.726311 0.767375 0.808667 0.859092 0.887901 
0.0676268 0.154462 0.220366 0.239836 0.326884 0.332951 0.338732 0.409229 0.428407 0.450264 0.479193 0.492151 0.603985 0.624321 0.625478 0.654722 0.726311 0.767375 0.808667 0.859092 
0.0676268 0.154462 0.220366 0.239836 0.326884 0.332951 0.338732 0.409229 0.428407 0.450264 0.479193 0.492151 0.603985 0.624321 0.625478 0.654722 0.726311 0.767375 0.808667 0.859092 
0.0676268 0.154462 0.220366 0.239836 0.326884 0.332951 0.338732 0.409229 0.428407 0.450264 0.479193 0.492151 0.603985 0.624321 0.625478 0.654722 0.726311 0.767375 0.808667 0.859092 
0.0676268 0.154462 0.220366 0.239836 0.326884 0.332951 0.338732 0.409229 0.428407 0.450264 0.479193 0.492151 0.603985 0.624321 0.625478 0.654722 0.726311 0.767375 0.808667 0.859092 
0.0676268 0.154462 0.220366 0.239836 0.326884 0.332951 0.338732 0.409229 0.428407 0.450264 0.479193 0.492151 0.603985 0.624321 0.625478 0.654722 0.726311 0.767375 0.808667 0.859092 
0.0676268 0.154462 0.220366 0.239836 0.326884 0.332951 0.338732 0.409229 0.428407 0.450264 0.479193 0.492151 0.603985 0.624321 0.625478 0.654722 0.726311 0.767375 0.808667 0.859092 
0.0676268 0.154462 0.220366 0.239836 0.326884 0.332951 0.338732 0.409229 0.428407 0.450264 0.479193 0.492151 0.603985 0.624321 0.625478 0.654722 0.726311 0.767375 0.808667 0.859092 
0.0676268 0.154462 0.220366 0.239836 0.326884 0.332951 0.338732 0.409229 0.428407 0.450264 0.479193 0.492151 0.603985 0.624321 0.625478 0.654722 0.726311 0.767375 0.808667 0.859092 
0.0676268 0.154462 0.220366 0.239836 0.326884 0.332951 0.338732 0.409229 0.428407 0.450264 0.479193 0.492151 0.603985 0.624321 0.625478 0.654722 0.726311 0.767375 0.808667 0.859092 
0.0676268 0.154462 0.220366 0.239836 0.326884 0.332951 0.338732 0.409229 0.428407 0.450264 0.479193 0.492151 0.603985 0.624321 0.625478 0.654722 0.726311 0.767375 0.808667 0.859092 
0.0676268 0.154462 0.220366 0.239836 0.326884 0.332951 0.338732 0.409229 0.428407 0.450264 0.479193 0.492151 0.603985 0.624321 0.625478 0.642271 0.654722 0.726311 0.767375 0.808667 
0.0676268 0.154462 0.220366 0.239836 0.326884 0.332951 0.338732 0.409229 0.428407 0.450264 0.479193 0.492151 0.603985 0.624321 0.625478 0.642271 0.654722 0.726311 0.767375 0.808667 
0.0676268 0.154462 0.220366 0.239836 0.326884 0.332951 0.338732 0.409229 0.428407 0.450264 0.479193 0.492151 0.603985 0.624321 0.625478 0.642271 0.654722 0.726311 0.767375 0.808667 
0.0676268 0.154462 0.220366 0.239836 0.326884 0.332951 0.338732 0.409229 0.428407 0.450264 0.479193 0.492151 0.603985 0.624321 0.625478 0.642271 0.654722 0.726311 0.767375 0.808667 
0.0676268 0.154462 0.220366 0.239836 0.326884 0.332951 0.338732 0.409229 0.428407 0.450264 0.479193 0.492151 0.603985 0.624321 0.625478 0.642271 0.654722 0.726311 0.767375 0.808667 
0.0676268 0.154462 0.220366 0.239836 0.326884 0.332951 0.338732 0.409229 0.428407 0.450264 0.479193 0.492151 0.603985 0.624321 0.625478 0.642271 0.654722 0.726311 0.767375 0.808667 
0.0676268 0.154462 0.220366 0.239836 0.326884 0.332951 0.338732 0.409229 0.428407 0.450264 0.479193 0.492151 0.603985 0.624321 0.625478 0.642271 0.654722 0.726311 0.767375 0.808667 
0.0676268 0.154462 0.220366 0.239836 0.326884 0.332951 0.338732 0.409229 0.428407 0.450264 0.479193 0.492151 0.603985 0.624321 0.625478 0.642271 0.654722 0.726311 0.767375 0.808667 
0.0676268 0.154462 0.220366 0.239836 0.326884 0.332951 0.338732 0.409229 0.428407 0.450264 0.479193 0.492151 0.603985 0.624321 0.625478 0.642271 0.654722 0.726311 0.767375 0.808667 
0.0676268 0.154462 0.220366 0.239836 0.326884 0.332951 0.338732 0.409229 0.428407 0.450264 0.479193 0.492151 0.603985 0.624321 0.625478 0.642271 0.654722 0.726311 0.767375 0.808667 
0.0676268 0.154462 0.220366 0.239836 0.326884 0.332951 0.338732 0.409229 0.428407 0.450264 0.479193 0.492151 0.603985 0.624321 0.625478 0.642271 0.654722 0.726311 0.767375 0.808667 
0.0676268 0.154462 0.220366 0.239836 0.326884 0.332951 0.338732 0.403126 0.409229 0.428407 0.450264 0.479193 0.492151 0.603985 0.624321 0.625478 0.642271 0.654722 0.726311 0.767375 
0.0676268 0.154462 0.220366 0.239836 0.326884 0.332951 0.338732 0.403126 0.409229 0.428407 0.450264 0.479193 0.492151 0.603985 0.624321 0.625478 0.642271 0.654722 0.726311 0.767375 
0.0676268 0.154462 0.220366 0.239836 0.326884 0.332951 0.338732 0.403126 0.409229 0.428407 0.450264 0.479193 0.492151 0.603985 0.624321 0.625478 0.642271 0.654722 0.726311 0.767375 
0.0676268 0.154462 0.220366 0.239836 0.326884 0.332951 0.338732 0.403126 0.409229 0.428407 0.450264 0.479193 0.492151 0.603985 0.624321 0.625478 0.642271 0.654722 0.726311 0.767375 
0.0324058 0.0676268 0.154462 0.220366 0.239836 0.326884 0.332951 0.338732 0.403126 0.409229 0.428407 0.450264 0.479193 0.492151 0.603985 0.624321 0.625478 0.642271 0.654722 0.726311 
0.0324058 0.0676268 0.154462 0.220366 0.239836 0.326884 0.332951 0.338732 0.403126 0.409229 0.428407 0.450264 0.479193 0.492151 0.603985 0.624321 0.625478 0.642271 0.654722 0.726311 
0.0324058 0.0676268 0.154462 0.220366 0.239836 0.326884 0.332951 0.338732 0.403126 0.409229 0.428407 0.450264 0.479193 0.492151 0.603985 0.624321 0.625478 0.642271 0.654722 0.726311 
0.0324058 0.0676268 0.154462 0.220366 0.239836 0.326884 0.332951 0.338732 0.403126 0.409229 0.428407 0.450264 0.479193 0.492151 0.603985 0.624321 0.625478 0.642271 0.654722 0.726311 
0.0324058 0.0676268 0.154462 0.220366 0.239836 0.326884 0.332951 0.338732 0.403126 0.409229 0.428407 0.450264 0.479193 0.492151 0.603985 0.624321 0.625478 0.642271 0.654722 0.726311 
0.0324058 0.0676268 0.154462 0.220366 0.239836 0.326884 0.332951 0.338732 0.403126 0.409229 0.428407 0.450264 0.479193 0.492151 0.603985 0.624321 0.625478 0.642271 0.654722 0.726311 
0.0324058 0.0676268 0.154462 0.220366 0.239836 0.326884 0.332951 0.338732 0.403126 0.409229 0.428407 0.450264 0.479193 0.492151 0.603985 0.624321 0.625478 0.642271 0.654722 0.726311 
0.0324058 0.0676268 0.154462 0.220366 0.239836 0.326884 0.332951 0.338732 0.403126 0.409229 0.428407 0.450264 0.479193 0.492151 0.603985 0.624321 0.625478 0.642271 0.654722 0.726311 
0.0324058 0.0676268 0.154462 0.220366 0.239836 0.326884 0.332951 0.338732 0.403126 0.409229 0.428407 0.450264 0.479193 0.492151 0.603985 0.624321 0.625478 0.642271 0.654722 0.726311 
0.0324058 0.0676268 0.154462 0.220366 0.239836 0.326884 0.332951 0.338732 0.403126 0.409229 0.428407 0.450264 0.479193 0.492151 0.603985 0.624321 0.625478 0.642271 0.654722 0.726311 
0.0324058 0.0676268 0.154462 0.220366 0.239836 0.326884 0.332951 0.338732 0.403126 0.409229 0.428407 0.450264 0.479193 0.492151 0.603985 0.624321 0.625478 0.642271 0.654722 0.726311 
0.0324058 0.0676268 0.154462 0.220366 0.239836 0.326884 0.332951 0.338732 0.403126 0.409229 0.428407 0.450264 0.479193 0.492151 0.603985 0.624321 0.625478 0.642271 0.654722 0.726311 
0.0324058 0.0676268 0.154462 0.220366 0.239836 0.326884 0.332951 0.338732 0.403126 0.409229 0.428407 0.450264 0.479193 0.492151 0.603985 0.624321 0.625478 0.642271 0.654722 0.726311 
0.0324058 0.0676268 0.154462 0.220366 0.239836 0.326884 0.332951 0.338732 0.403126 0.409229 0.428407 0.450264 0.479193 0.492151 0.603985 0.624321 0.625478 0.642271 0.654722 0.726311 
0.0324058 0.0676268 0.154462 0.220366 0.239836 0.326884 0.332951 0.338732 0.403126 0.409229 0.428407 0.450264 0.479193 0.492151 0.603985 0.624321 0.625478 0.642271 0.654722 0.726311 
0.0324058 0.0676268 0.154462 0.220366 0.239836 0.326884 0.332951 0.338732 0.403126 0.409229 0.428407 0.450264 0.479193 0.492151 0.603985 0.624321 0.625478 0.642271 0.654722 0.726311 
0.0324058 0.0676268 0.154462 0.220366 0.239836 0.326884 0.332951 0.338732 0.403126 0.409229 0.428407 0.450264 0.479193 0.492151 0.603985 0.624321 0.625478 0.642271 0.654722 0.726311 
0.0324058 0.0676268 0.154462 0.220366 0.239836 0.326884 0.332951 0.338732 0.403126 0.409229 0.428407 0.450264 0.479193 0.492151 0.603985 0.624321 0.625478 0.642271 0.654722 0.726311 
0.0324058 0.0676268 0.154462 0.220366 0.239836 0.326884 0.332951 0.338732 0.403126 0.409229 0.428407 0.450264 0.479193 0.492151 0.603985 0.624321 0.625478 0.642271 0.654722 0.726311 
0.0324058 0.0676268 0.154462 0.220366 0.239836 0.326884 0.332951 0.338732 0.403126 0.409229 0.428407 0.450264 0.479193 0.492151 0.603985 0.624321 0.625478 0.642271 0.654722 0.726311 
0.0324058 0.0676268 0.154462 0.220366 0.239836 0.326884 0.332951 0.338732 0.403126 0.409229 0.428407 0.450264 0.479193 0.492151 0.603985 0.624321 0.625478 0.642271 0.654722 0.726311 
0.0324058 0.0676268 0.154462 0.220366 0.239836 0.326884 0.332951 0.338732 0.403126 0.409229 0.428407 0.450264 0.479193 0.492151 0.603985 0.624321 0.625478 0.642271 0.654722 0.726311 
0.0324058 0.0676268 0.154462 0.220366 0.239836 0.326884 0.332951 0.338732 0.403126 0.409229 0.428407 0.450264 0.479193 0.492151 0.603985 0.624321 0.625478 0.642271 0.654722 0.726311 
0.0324058 0.0676268 0.154462 0.220366 0.239836 0.326884 0.332951 0.338732 0.403126 0.409229 0.428407 0.450264 0.479193 0.492151 0.603985 0.624321 0.625478 0.642271 0.654722 0.726311 
0.0324058 0.0676268 0.154462 0.220366 0.239836 0.326884 0.332951 0.338732 0.403126 0.409229 0.428407 0.450264 0.479193 0.492151 0.603985 0.624321 0.625478 0.642271 0.654722 0.726311 
0.0324058 0.0676268 0.154462 0.220366 0.239836 0.326884 0.332951 0.338732 0.403126 0.409229 0.428407 0.450264 0.479193 0.492151 0.603985 0.624321 0.625478 0.642271 0.654722 0.726311 
0.0324058 0.0676268 0.154462 0.220366 0.239836 0.326884 0.332951 0.338732 0.403126 0.409229 0.428407 0.450264 0.479193 0.492151 0.603985 0.624321 0.625478 0.642271 0.654722 0.726311 
0.0324058 0.0676268 0.154462 0.220366 0.239836 0.326884 0.332951 0.338732 0.403126 0.409229 0.428407 0.450264 0.479193 0.492151 0.603985 0.624321 0.625478 0.642271 0.654722 0.726311 
