3.88955 6.49969 6.96764 8.37694 8.50844 8.55561 8.64966 9.03154 
3.88955 4.996 5.65495 6.28707 6.49969 6.96764 8.37694 8.50844 
3.88955 4.996 5.65495 6.00993 6.28707 6.49969 6.96764 8.37694 
3.88955 4.996 5.65495 6.00993 6.28707 6.49969 6.96764 7.70617 
3.88955 4.57581 4.996 5.65495 5.98454 6.00993 6.28707 6.49969 
3.88955 4.57581 4.996 5.65495 5.98454 6.00993 6.28707 6.49969 
3.88955 4.57581 4.996 5.65495 5.98454 6.00993 6.28707 6.49969 
3.88955 4.46757 4.57581 4.996 5.65495 5.98454 6.00993 6.28707 
3.88955 4.46757 4.57581 4.996 5.65495 5.98454 6.00993 6.2502 
3.88955 4.46757 4.57581 4.996 5.65495 5.98454 6.00993 6.2502 
3.88955 4.46757 4.57581 4.996 5.65495 5.98454 6.00993 6.2502 
3.88955 4.46757 4.57581 4.996 5.65495 5.98454 6.00993 6.2502 
3.88955 4.46757 4.57581 4.996 5.65495 5.98454 6.00993 6.2502 
3.88955 4.46757 4.57311 4.57581 4.996 5.65495 5.98454 6.00993 
3.88955 4.46757 4.57311 4.57581 4.996 5.65495 5.98454 6.00993 
3.88955 4.34048 4.46757 4.57311 4.57581 4.996 5.65495 5.98454 
3.88955 4.34048 4.46757 4.57311 4.57581 4.996 5.65495 5.98454 
3.88955 4.34048 4.46757 4.57311 4.57581 4.996 5.56724 5.65495 
3.88955 4.34048 4.46757 4.57311 4.57581 4.83808 4.996 5.56724 
3.88955 4.34048 4.42163 4.46757 4.57311 4.57581 4.83808 4.996 
3.88955 4.34048 4.42163 4.46757 4.57311 4.57581 4.83808 4.996 
3.78552 3.88955 4.13334 4.34048 4.42163 4.46757 4.57311 4.57581 
3.78552 3.88955 4.13334 4.34048 4.42163 4.46757 4.57311 4.57581 
3.78552 3.88955 4.09169 4.13334 4.20824 4.34048 4.42163 4.46757 
3.78552 3.88955 4.09169 4.13334 4.20824 4.24702 4.34048 4.42163 
3.78552 3.88955 4.09169 4.13334 4.20824 4.24702 4.34048 4.42163 
3.78552 3.88955 4.09169 4.13334 4.20824 4.24702 4.34048 4.42163 
2.74645 3.78552 3.88955 4.09169 4.13334 4.20824 4.24702 4.34048 
2.74645 3.78552 3.88955 4.09169 4.13334 4.20824 4.24702 4.34048 
2.74645 3.78552 3.88955 4.09169 4.13334 4.20824 4.24702 4.34048 
2.31509 2.74645 2.82758 3.28641 3.78552 3.88955 4.09169 4.13334 
2.31509 2.74645 2.82758 3.28641 3.78552 3.88955 4.09169 4.13334 
1.33106 2.31509 2.74645 2.82758 3.28641 3.78552 3.88955 4.09169 
1.33106 2.31509 2.74645 2.82758 3.28641 3.78552 3.88955 3.9232 
1.33106 2.31509 2.74645 2.82758 3.28641 3.78552 3.88955 3.9232 
1.33106 2.31509 2.655 2.74645 2.82758 3.28641 3.78552 3.88955 
1.33106 2.31509 2.655 2.74645 2.82758 3.28641 3.78552 3.88955 
1.33106 2.31509 2.655 2.74645 2.82758 3.28641 3.78552 3.88955 
1.33106 2.31509 2.655 2.74645 2.82758 3.28641 3.78552 3.88955 
1.33106 2.31509 2.655 2.74645 2.82758 3.28641 3.78552 3.88955 
1.33106 2.31509 2.655 2.74645 2.82758 3.28641 3.78552 3.87888 
1.33106 2.31509 2.655 2.74645 2.82758 3.28641 3.78552 3.87888 
1.33106 2.31509 2.655 2.74645 2.82758 3.28641 3.48036 3.78552 
1.33106 2.31509 2.655 2.74645 2.82758 3.28641 3.32347 3.48036 
1.33106 2.31509 2.62871 2.655 2.74645 2.82758 3.28641 3.32347 
1.33106 2.31509 2.62871 2.655 2.74645 2.82758 3.28641 3.32347 
1.33106 2.31509 2.62871 2.655 2.74645 2.82758 2.88317 2.98646 
1.33106 2.31509 2.62871 2.655 2.74645 2.82758 2.88317 2.98646 
1.33106 2.31509 2.62871 2.655 2.74645 2.82758 2.88317 2.98646 
1.33106 2.31509 2.62871 2.655 2.74645 2.82758 2.88317 2.98646 
1.33106 2.31509 2.62871 2.655 2.74645 2.82758 2.88317 2.98646 
1.33106 2.31509 2.62871 2.655 2.74645 2.82758 2.88317 2.98646 
1.33106 2.31509 2.62871 2.655 2.74645 2.82758 2.88317 2.98646 
1.33106 2.31509 2.62871 2.655 2.74645 2.82758 2.88317 2.98646 
1.33106 2.31509 2.62871 2.655 2.74645 2.82758 2.88317 2.98646 
1.33106 2.31509 2.62871 2.655 2.74645 2.82758 2.88317 2.98646 
1.33106 2.31509 2.62871 2.655 2.74645 2.82758 2.88317 2.9371 
1.33106 2.31509 2.49189 2.61515 2.62871 2.655 2.74645 2.82758 
1.33106 2.31509 2.49189 2.61515 2.62871 2.655 2.74645 2.82758 
1.33106 2.31509 2.49189 2.61515 2.62871 2.655 2.74645 2.82758 
1.33106 2.31509 2.49189 2.61515 2.62871 2.655 2.74645 2.82758 
1.33106 2.31509 2.49189 2.61515 2.62871 2.655 2.74645 2.82758 
1.33106 2.31509 2.49189 2.61515 2.62871 2.655 2.68635 2.74645 
1.33106 2.31509 2.49189 2.61515 2.62871 2.655 2.68635 2.74645 
1.33106 2.31509 2.49189 2.61515 2.62871 2.655 2.68635 2.74645 
1.33106 2.31509 2.49189 2.61515 2.62871 2.655 2.68635 2.74645 
1.33106 2.31509 2.49189 2.61515 2.62871 2.655 2.68635 2.74645 
1.33106 2.31509 2.49189 2.61515 2.62871 2.655 2.68635 2.74645 
1.33106 2.31509 2.49189 2.61515 2.62871 2.655 2.68635 2.74645 
1.33106 2.31509 2.49189 2.61515 2.62871 2.655 2.68635 2.74645 
1.33106 2.31509 2.49189 2.61515 2.62871 2.655 2.68635 2.74645 
1.33106 2.07189 2.31509 2.49189 2.59878 2.61515 2.62871 2.655 
1.33106 2.07189 2.31509 2.49189 2.59878 2.61515 2.62871 2.655 
1.33106 2.07189 2.31509 2.49189 2.59878 2.61515 2.62871 2.655 
1.33106 2.07189 2.31509 2.49189 2.59878 2.61515 2.62871 2.655 
1.33106 2.07189 2.31509 2.49189 2.59878 2.61515 2.62871 2.655 
1.33106 2.07189 2.31509 2.46538 2.49189 2.59878 2.61515 2.62871 
1.33106 2.07189 2.31509 2.46538 2.49189 2.59878 2.61515 2.62871 
1.33106 2.07189 2.31509 2.46538 2.49189 2.59878 2.61515 2.62871 
1.33106 2.07189 2.31509 2.46538 2.49189 2.59878 2.61515 2.62871 
1.33106 2.07189 2.31509 2.46538 2.49189 2.59878 2.61515 2.62871 
1.33106 1.946 2.07189 2.21231 2.31509 2.46538 2.49189 2.59878 
1.33106 1.946 2.07189 2.21231 2.31509 2.46538 2.49189 2.59878 
1.33106 1.946 2.07189 2.21231 2.31509 2.4026 2.46538 2.49189 
1.33106 1.946 2.07189 2.21231 2.31509 2.4026 2.46538 2.49189 
1.33106 1.946 2.07189 2.21231 2.2759 2.31509 2.4026 2.46538 
1.33106 1.946 2.07189 2.21231 2.2759 2.31509 2.4026 2.46538 
1.33106 1.42466 1.54514 1.946 2.07189 2.21231 2.2759 2.31509 
1.33106 1.42466 1.54514 1.946 2.07189 2.21231 2.2759 2.31509 
1.24632 1.33106 1.42466 1.54514 1.946 2.07189 2.21231 2.2759 
1.24632 1.33106 1.42466 1.54514 1.946 2.07189 2.21231 2.2759 
1.24632 1.33106 1.42466 1.54514 1.946 2.07189 2.21231 2.2759 
1.24632 1.33106 1.42466 1.54514 1.946 2.07189 2.21231 2.2759 
1.24632 1.33106 1.42466 1.54514 1.54756 1.946 2.07189 2.21231 
1.24632 1.33106 1.42466 1.54514 1.54756 1.946 2.07189 2.21231 
1.24632 1.33106 1.42466 1.54514 1.54756 1.64244 1.946 2.07189 
0.880287 1.24632 1.33106 1.42466 1.54514 1.54756 1.64244 1.946 
0.880287 1.24632 1.33106 1.42466 1.54514 1.54756 1.64244 1.946 
0.880287 1.14649 1.162 1.24632 1.33106 1.42466 1.54514 1.54756 
0.880287 1.14649 1.162 1.24632 1.33106 1.42466 1.54514 1.54756 
