1.58052 2.84848 3.20832 3.60235 4.00492 4.27475 4.67252 6.22314 
1.58052 2.22765 2.84848 3.20832 3.23186 3.60235 4.00492 4.27475 
1.58052 1.72294 2.13689 2.22765 2.84848 3.20832 3.23186 3.5764 
1.58052 1.72294 2.13689 2.22765 2.84848 3.20832 3.23186 3.5764 
1.58052 1.72294 2.13689 2.22765 2.84848 3.20832 3.23186 3.5764 
1.58052 1.72294 2.13689 2.22765 2.84848 3.12403 3.20832 3.2145 
1.58052 1.72294 2.13689 2.22765 2.84848 3.12403 3.20832 3.2145 
1.58052 1.72294 2.13689 2.22765 2.84848 3.12403 3.20832 3.2145 
1.58052 1.72294 2.13689 2.22765 2.84848 3.09619 3.12403 3.20832 
1.58052 1.72294 2.13689 2.22765 2.84848 3.07261 3.09619 3.12403 
1.58052 1.72294 2.13689 2.22765 2.84848 3.07261 3.09619 3.12403 
1.58052 1.72294 2.13689 2.22765 2.34116 2.84848 3.07261 3.09619 
1.58052 1.72294 2.13689 2.22765 2.34116 2.84848 3.07261 3.09619 
1.58052 1.72294 2.13689 2.22765 2.34116 2.84848 3.07261 3.09619 
1.58052 1.72294 2.13689 2.22765 2.34116 2.84848 3.07261 3.09619 
1.58052 1.72294 2.13689 2.22765 2.34116 2.84848 3.07261 3.09619 
1.58052 1.72294 2.13689 2.22765 2.34116 2.84848 3.07261 3.09619 
1.58052 1.72294 2.13689 2.22765 2.34116 2.76472 2.84848 2.97317 
1.58052 1.72294 2.13689 2.22765 2.34116 2.76472 2.84848 2.97317 
1.58052 1.72294 2.13689 2.22765 2.34116 2.76472 2.84848 2.97317 
1.58052 1.72294 2.13689 2.22765 2.34116 2.76472 2.84848 2.97317 
1.58052 1.62662 1.72294 2.13689 2.22765 2.34116 2.76472 2.84848 
1.58052 1.62662 1.72294 2.13689 2.22765 2.34116 2.76472 2.84848 
1.58052 1.62662 1.72294 2.13689 2.22765 2.34116 2.76472 2.84848 
1.58052 1.62662 1.72294 2.13689 2.22765 2.34116 2.52733 2.76472 
0.579563 1.58052 1.62662 1.72294 2.13689 2.22765 2.34116 2.52733 
0.579563 1.58052 1.62662 1.72294 2.13689 2.22765 2.34116 2.52733 
0.579563 1.58052 1.62662 1.72294 2.13689 2.22765 2.34116 2.52733 
0.579563 1.58052 1.62662 1.72294 2.13689 2.22765 2.34116 2.52733 
0.579563 1.58052 1.62662 1.72294 2.13689 2.22765 2.34116 2.52733 
0.579563 1.58052 1.62662 1.72294 2.13689 2.22765 2.34116 2.52733 
0.579563 1.58052 1.62662 1.72294 2.13689 2.22765 2.34116 2.52733 
0.579563 1.58052 1.62662 1.72294 2.13689 2.22765 2.34116 2.52733 
0.579563 1.58052 1.62662 1.72294 2.13689 2.22765 2.34116 2.52733 
0.579563 1.58052 1.62662 1.72294 2.13689 2.22765 2.34116 2.40618 
0.579563 1.58052 1.62662 1.72294 2.13689 2.22765 2.34116 2.40618 
0.579563 1.58052 1.62662 1.72294 2.13689 2.22765 2.34116 2.40618 
0.579563 1.58052 1.62662 1.72294 2.13689 2.22765 2.34116 2.40618 
0.579563 1.58052 1.62662 1.72294 2.13689 2.22765 2.34116 2.40618 
0.579563 1.58052 1.62662 1.72294 2.13689 2.22765 2.34116 2.40618 
0.579563 1.58052 1.62662 1.72294 2.13689 2.22765 2.34116 2.40618 
0.579563 1.58052 1.62662 1.72294 2.13689 2.22765 2.34116 2.40618 
0.579563 1.58052 1.62662 1.72294 2.13689 2.22765 2.34116 2.40618 
0.579563 1.58052 1.62662 1.72294 2.13689 2.22765 2.34116 2.40618 
0.579563 1.58052 1.62662 1.72294 2.13689 2.22765 2.34116 2.40618 
0.579563 1.58052 1.62662 1.72294 2.13689 2.22765 2.34116 2.40618 
0.579563 1.58052 1.62662 1.72294 2.13689 2.22765 2.34116 2.40618 
0.579563 1.58052 1.62662 1.72294 2.13689 2.22765 2.34116 2.40618 
0.579563 1.58052 1.62662 1.72294 2.13689 2.22765 2.34116 2.40618 
0.579563 1.58052 1.62662 1.72294 2.13689 2.22765 2.34116 2.40618 
0.579563 1.58052 1.62662 1.72294 2.13689 2.22765 2.34116 2.40618 
0.579563 1.58052 1.62662 1.72294 2.13689 2.22765 2.34116 2.40618 
0.579563 1.58052 1.62662 1.72294 2.13689 2.20036 2.22765 2.34116 
0.579563 1.58052 1.62662 1.72294 2.13689 2.20036 2.22765 2.34116 
0.579563 1.58052 1.62662 1.72294 2.13689 2.20036 2.22765 2.34116 
0.579563 1.58052 1.62662 1.72294 2.13689 2.20036 2.22765 2.34116 
0.579563 1.58052 1.62662 1.72294 2.13689 2.20036 2.22765 2.34116 
0.579563 1.58052 1.62662 1.72294 2.13689 2.20036 2.22765 2.34116 
0.579563 1.58052 1.62662 1.72294 2.13689 2.20036 2.22765 2.34116 
0.579563 1.58052 1.62662 1.72294 2.13689 2.20036 2.22765 2.34116 
0.579563 1.58052 1.62662 1.72294 2.13689 2.20036 2.22765 2.34116 
0.579563 1.58052 1.62662 1.72294 2.13689 2.20036 2.22765 2.34116 
0.579563 1.58052 1.62662 1.72294 2.13689 2.20036 2.22765 2.34116 
0.579563 1.58052 1.62662 1.72294 2.13689 2.20036 2.22765 2.34116 
0.579563 1.58052 1.62662 1.72294 2.13689 2.20036 2.22765 2.34116 
0.579563 1.58052 1.62662 1.72294 2.13689 2.20036 2.22765 2.34116 
0.579563 1.58052 1.62662 1.72294 2.13689 2.20036 2.22765 2.34116 
0.579563 1.58052 1.62662 1.72294 2.13689 2.20036 2.22765 2.34116 
0.579563 1.58052 1.62662 1.72294 2.13689 2.20036 2.22765 2.34116 
0.579563 1.58052 1.62662 1.72294 2.13689 2.20036 2.22765 2.34116 
0.579563 1.58052 1.62662 1.72294 2.13689 2.20036 2.22765 2.34116 
0.579563 1.58052 1.62662 1.72294 2.13689 2.20036 2.22765 2.34116 
0.579563 1.58052 1.62662 1.72294 2.13689 2.20036 2.22765 2.34116 
0.579563 1.58052 1.62662 1.72294 2.13689 2.20036 2.22765 2.34116 
0.579563 1.58052 1.62662 1.72294 2.13689 2.20036 2.22765 2.34116 
0.579563 1.58052 1.62662 1.72294 2.13689 2.20036 2.22765 2.34116 
0.579563 1.58052 1.62662 1.72294 2.13689 2.20036 2.22765 2.34116 
0.579563 1.58052 1.62662 1.72294 2.13689 2.20036 2.22765 2.34116 
0.579563 1.58052 1.62662 1.72294 2.13689 2.20036 2.22765 2.34116 
0.579563 1.58052 1.62662 1.72294 2.13689 2.20036 2.22765 2.34116 
0.579563 1.58052 1.62662 1.72294 2.13689 2.20036 2.22765 2.34116 
0.579563 1.58052 1.62662 1.72294 2.13689 2.20036 2.22765 2.34116 
0.579563 1.58052 1.62662 1.72294 2.13689 2.20036 2.22765 2.34116 
0.579563 1.58052 1.62662 1.72294 2.13689 2.20036 2.22765 2.34116 
0.579563 1.58052 1.62662 1.72294 2.13689 2.20036 2.22765 2.34116 
0.579563 1.58052 1.62662 1.72294 2.13689 2.20036 2.22765 2.34116 
0.579563 1.58052 1.62662 1.72294 2.13689 2.20036 2.22765 2.34116 
0.579563 1.58052 1.62662 1.72294 2.13689 2.20036 2.22765 2.34116 
0.579563 1.58052 1.62662 1.72294 2.13689 2.20036 2.22765 2.34116 
0.579563 1.58052 1.62662 1.72294 2.13689 2.20036 2.22765 2.34116 
0.579563 1.58052 1.62662 1.72294 2.13689 2.20036 2.22765 2.34116 
0.579563 1.58052 1.62662 1.72294 2.13689 2.20036 2.22765 2.34116 
0.579563 1.58052 1.62662 1.72294 2.13689 2.20036 2.22765 2.34116 
0.579563 1.58052 1.62662 1.72294 2.13689 2.20036 2.22765 2.34116 
0.579563 1.58052 1.62662 1.72294 2.13689 2.20036 2.22765 2.34116 
0.579563 1.58052 1.62662 1.72294 2.13689 2.20036 2.22765 2.34116 
0.579563 1.58052 1.62662 1.72294 2.13689 2.20036 2.22765 2.34116 
0.579563 1.58052 1.62662 1.72294 2.13689 2.20036 2.22765 2.34116 
0.579563 1.58052 1.62662 1.72294 2.13689 2.20036 2.22765 2.34116 
0.579563 1.58052 1.62662 1.72294 2.13689 2.20036 2.22765 2.34116 
