3.65304 5.90854 6.29968 6.34625 7.85777 8.98852 9.7262 9.75815 
3.65304 5.90854 6.29968 6.34625 7.85777 7.90292 8.94207 8.98852 
3.58797 3.65304 5.90854 6.29968 6.34625 7.85777 7.90292 8.94207 
3.58797 3.65304 5.1756 5.90854 6.29968 6.34625 7.85777 7.90292 
2.6706 3.58797 3.65304 5.1756 5.5847 5.90854 6.29968 6.34625 
2.6706 3.58797 3.65304 5.1756 5.5847 5.90854 6.07092 6.29968 
2.6706 3.58797 3.65304 5.1756 5.5847 5.90854 6.07092 6.19436 
2.6706 3.58797 3.65304 4.26598 5.1756 5.5847 5.90854 6.07092 
2.6706 3.58797 3.65304 4.26598 5.1756 5.5847 5.90854 6.07092 
2.6706 3.58797 3.65304 4.26598 4.39401 5.04258 5.1756 5.5847 
2.6706 3.39293 3.58797 3.65304 4.26598 4.39401 5.04258 5.1756 
2.6706 3.39293 3.58797 3.65304 3.8735 4.26598 4.39401 5.04258 
2.6706 3.39293 3.58797 3.65304 3.8735 4.26598 4.39401 4.57192 
2.6706 3.39293 3.58797 3.65304 3.68785 3.8735 4.26598 4.39401 
2.6706 3.39293 3.58797 3.65304 3.68785 3.8735 4.26598 4.39401 
2.6706 2.8247 3.13876 3.39293 3.58797 3.65304 3.68785 3.8735 
2.6706 2.8247 3.13876 3.39293 3.58797 3.65304 3.68785 3.8735 
2.6706 2.8247 3.13876 3.39293 3.58797 3.65304 3.68785 3.8735 
2.6706 2.82187 2.8247 3.13876 3.39293 3.58797 3.65304 3.68785 
2.3434 2.6706 2.82187 2.8247 3.13876 3.39293 3.58797 3.65304 
2.3434 2.6706 2.82187 2.8247 3.13876 3.39293 3.58797 3.65304 
2.22123 2.3434 2.6706 2.82187 2.8247 3.13876 3.39293 3.58797 
2.22123 2.3434 2.48412 2.6706 2.82187 2.8247 3.13876 3.24369 
2.22123 2.3434 2.48412 2.59751 2.6706 2.82187 2.8247 3.13876 
0.68337 2.22123 2.3434 2.48412 2.59751 2.6706 2.82187 2.8247 
0.68337 2.22123 2.3434 2.48412 2.59751 2.6706 2.82187 2.8247 
0.68337 2.22123 2.3434 2.48412 2.59751 2.6706 2.82187 2.8247 
0.68337 2.22123 2.3434 2.48412 2.59751 2.6706 2.82187 2.8247 
0.68337 2.22123 2.3434 2.48412 2.59751 2.6706 2.82187 2.8247 
0.68337 2.22123 2.3434 2.48412 2.59751 2.6706 2.82187 2.8247 
0.68337 2.22123 2.3434 2.48412 2.59751 2.6706 2.82187 2.8247 
0.68337 2.22123 2.3434 2.48412 2.59751 2.6706 2.7288 2.82187 
0.68337 1.84109 2.22123 2.3434 2.48412 2.59751 2.6706 2.7288 
0.68337 1.84109 2.22123 2.3434 2.48412 2.59751 2.63135 2.6706 
0.68337 1.84109 1.899 2.22123 2.31879 2.3434 2.48412 2.59751 
0.68337 1.84109 1.899 2.22123 2.31879 2.3434 2.48412 2.59751 
0.68337 1.84109 1.899 2.22123 2.31879 2.3434 2.48412 2.59751 
0.68337 0.75677 1.84109 1.899 2.22123 2.31879 2.3434 2.48412 
0.68337 0.75677 1.84109 1.899 2.22123 2.31879 2.3434 2.48412 
0.68337 0.75677 1.84109 1.899 2.22123 2.31879 2.3434 2.48412 
0.68337 0.75677 1.58353 1.84109 1.899 2.22123 2.31879 2.3434 
0.321896 0.68337 0.75677 1.58353 1.84109 1.899 2.22123 2.31879 
0.321896 0.68337 0.75677 1.58353 1.66816 1.84109 1.899 2.22123 
0.321896 0.68337 0.75677 1.58353 1.66816 1.84109 1.86337 1.899 
0.321896 0.68337 0.75677 1.58353 1.66816 1.84109 1.86337 1.899 
0.321896 0.430994 0.68337 0.75677 1.58353 1.66816 1.84109 1.86337 
0.321896 0.430994 0.68337 0.75677 1.25337 1.31671 1.58353 1.66816 
0.321896 0.430994 0.68337 0.741749 0.75677 1.13844 1.25337 1.31671 
0.321896 0.430994 0.68337 0.741749 0.75677 1.13844 1.25337 1.31671 
0.321896 0.430994 0.68337 0.741749 0.75677 0.876232 1.13844 1.25337 
0.321896 0.430994 0.68337 0.741749 0.75677 0.767036 0.876232 1.13844 
0.321896 0.430994 0.566729 0.68337 0.741749 0.75677 0.767036 0.876232 
0.321896 0.430994 0.566729 0.68337 0.741749 0.75677 0.767036 0.876232 
0.321896 0.430994 0.566729 0.68337 0.741749 0.75677 0.767036 0.788829 
0.321896 0.430994 0.566729 0.68337 0.741749 0.75677 0.767036 0.788829 
0.321896 0.430994 0.566729 0.68337 0.741749 0.75677 0.767036 0.788829 
0.321896 0.430994 0.566729 0.68337 0.741749 0.75677 0.767036 0.788829 
0.321896 0.430994 0.566729 0.68337 0.741749 0.75677 0.767036 0.788829 
0.321896 0.430994 0.566729 0.68337 0.741749 0.75677 0.767036 0.788829 
0.321896 0.430994 0.566729 0.68337 0.741749 0.75677 0.767036 0.788829 
0.321896 0.430994 0.566729 0.68337 0.741749 0.75677 0.767036 0.788829 
0.321896 0.430994 0.566729 0.68337 0.741749 0.75677 0.767036 0.788829 
0.321896 0.430994 0.566729 0.68337 0.741749 0.75677 0.767036 0.788829 
0.321896 0.430994 0.566729 0.68337 0.741749 0.75677 0.767036 0.788829 
0.321896 0.430994 0.566729 0.68337 0.741749 0.75677 0.767036 0.788829 
0.321896 0.430994 0.566729 0.68337 0.741749 0.75677 0.767036 0.788829 
0.321896 0.430994 0.566729 0.68337 0.741749 0.75677 0.767036 0.788829 
0.321896 0.430994 0.566729 0.68337 0.741749 0.75677 0.767036 0.788829 
0.321896 0.430994 0.566729 0.68337 0.741749 0.75677 0.767036 0.788829 
0.321896 0.430994 0.566729 0.68337 0.741749 0.75677 0.767036 0.788829 
0.321896 0.430994 0.566729 0.68337 0.741749 0.75677 0.767036 0.788829 
0.321896 0.430994 0.566729 0.68337 0.741749 0.75677 0.767036 0.788829 
0.321896 0.430994 0.566729 0.68337 0.741749 0.75677 0.767036 0.788829 
0.321896 0.430994 0.566729 0.68337 0.741749 0.75677 0.767036 0.788829 
0.321896 0.430994 0.566729 0.68337 0.741749 0.75677 0.767036 0.788829 
0.321896 0.430994 0.566729 0.68337 0.741749 0.75677 0.767036 0.788829 
0.321896 0.430994 0.566729 0.68337 0.741749 0.75677 0.767036 0.788829 
0.321896 0.430994 0.566729 0.68337 0.741749 0.75677 0.767036 0.788829 
0.321896 0.430994 0.566729 0.68337 0.741749 0.75677 0.767036 0.788829 
0.321896 0.430994 0.566729 0.68337 0.741749 0.75677 0.767036 0.788829 
0.321896 0.430994 0.566729 0.68337 0.741749 0.75677 0.767036 0.788829 
0.321896 0.430994 0.566729 0.68337 0.741749 0.75677 0.767036 0.788829 
0.321896 0.430994 0.566729 0.68337 0.741749 0.75677 0.767036 0.788829 
0.321896 0.430994 0.566729 0.68337 0.741749 0.75677 0.767036 0.788829 
0.321896 0.430994 0.566729 0.68337 0.741749 0.75677 0.767036 0.788829 
0.321896 0.430994 0.566729 0.68337 0.741749 0.75677 0.767036 0.788829 
0.321896 0.430994 0.566729 0.68337 0.741749 0.75677 0.767036 0.788829 
0.321896 0.430994 0.566729 0.68337 0.741749 0.75677 0.767036 0.788829 
0.321896 0.430994 0.566729 0.68337 0.741749 0.75677 0.767036 0.788829 
0.321896 0.430994 0.566729 0.68337 0.741749 0.75677 0.767036 0.788829 
0.321896 0.430994 0.566729 0.68337 0.741749 0.75677 0.767036 0.788829 
0.321896 0.430994 0.566729 0.68337 0.741749 0.75677 0.767036 0.788829 
0.321896 0.430994 0.566729 0.68337 0.741749 0.75677 0.767036 0.788829 
0.321896 0.430994 0.566729 0.68337 0.741749 0.75677 0.767036 0.788829 
0.321896 0.430994 0.566729 0.68337 0.741749 0.75677 0.767036 0.788829 
0.321896 0.430994 0.566729 0.68337 0.741749 0.75677 0.767036 0.788829 
0.321896 0.430994 0.566729 0.68337 0.741749 0.75677 0.767036 0.788829 
0.321896 0.430994 0.566729 0.68337 0.741749 0.75677 0.767036 0.788829 
0.321896 0.430994 0.566729 0.68337 0.741749 0.75677 0.767036 0.788829 
0.321896 0.430994 0.566729 0.68337 0.741749 0.75677 0.767036 0.788829 
