4.67876 5.77021 5.92256 6.10906 6.64348 6.65776 7.00553 8.07821 
4.67876 5.77021 5.92256 6.09412 6.10906 6.17927 6.64348 6.65776 
4.67876 5.77021 5.92256 6.09412 6.10906 6.17927 6.37298 6.64348 
4.67876 5.77021 5.92256 6.09412 6.10906 6.17927 6.37298 6.50561 
4.599 4.67876 5.37949 5.77021 5.92256 6.09412 6.10906 6.17927 
4.29454 4.599 4.67876 5.37949 5.77021 5.92256 6.09412 6.10906 
4.13639 4.29454 4.599 4.67876 5.37949 5.42503 5.77021 5.92256 
4.13639 4.29454 4.599 4.67876 5.37949 5.42503 5.77021 5.92256 
4.13639 4.29454 4.599 4.67876 5.37949 5.42503 5.77021 5.92256 
4.13639 4.29454 4.599 4.67876 5.37949 5.42503 5.77021 5.92256 
4.13639 4.29454 4.599 4.67876 5.37949 5.42503 5.77021 5.92256 
4.13639 4.29454 4.599 4.67876 5.37949 5.42503 5.77021 5.88686 
4.13639 4.29454 4.39987 4.55449 4.599 4.67876 5.37949 5.42503 
4.13639 4.28614 4.29454 4.39987 4.55449 4.599 4.67876 5.37949 
4.13639 4.28614 4.29454 4.39987 4.55449 4.599 4.67876 5.37949 
4.13639 4.28614 4.29454 4.39987 4.55449 4.599 4.61991 4.67876 
4.13639 4.28614 4.29454 4.39987 4.55449 4.599 4.61991 4.67876 
4.13639 4.28614 4.29454 4.39987 4.55449 4.599 4.61991 4.67876 
3.97139 4.13639 4.28614 4.29454 4.39987 4.55449 4.599 4.61991 
3.97139 4.13639 4.28614 4.29454 4.39987 4.55449 4.599 4.61991 
3.97139 4.13639 4.28614 4.29454 4.39987 4.55449 4.599 4.61991 
3.97139 4.13639 4.28614 4.29454 4.39987 4.55449 4.599 4.61991 
3.97139 4.13639 4.28614 4.29454 4.39987 4.55449 4.599 4.61991 
3.97139 4.13639 4.28614 4.29454 4.39987 4.55449 4.599 4.61991 
3.97139 4.13639 4.28614 4.29454 4.39987 4.55449 4.599 4.61991 
3.97139 4.13639 4.28614 4.29454 4.39987 4.55449 4.599 4.61991 
3.97139 4.13639 4.28614 4.29454 4.39987 4.55449 4.599 4.61991 
3.97139 4.13639 4.28614 4.29454 4.39987 4.55449 4.599 4.61991 
3.97139 4.13639 4.28614 4.29454 4.39987 4.55449 4.599 4.61991 
3.97139 4.13639 4.28614 4.29454 4.39987 4.55449 4.599 4.61991 
3.97139 4.13639 4.28614 4.29454 4.39987 4.55449 4.599 4.61991 
3.97139 4.13639 4.28614 4.29454 4.39987 4.55449 4.599 4.61991 
3.97139 4.13639 4.28614 4.29454 4.39987 4.55449 4.599 4.61991 
3.97139 4.13639 4.28614 4.29454 4.39987 4.55449 4.599 4.61991 
3.97139 4.13639 4.28614 4.29454 4.39987 4.55449 4.599 4.61991 
3.97139 4.13639 4.28614 4.29454 4.39987 4.55449 4.599 4.61991 
3.97139 4.13639 4.28614 4.29454 4.39987 4.55449 4.599 4.61991 
3.97139 4.13639 4.28614 4.29454 4.39987 4.55449 4.599 4.61991 
3.97139 4.13639 4.28614 4.29454 4.39987 4.55449 4.599 4.61991 
3.97139 4.13639 4.28614 4.29454 4.39987 4.55449 4.599 4.61991 
3.97139 4.13639 4.28614 4.29454 4.39987 4.55449 4.599 4.61991 
3.97139 4.13639 4.28614 4.29454 4.39987 4.55449 4.599 4.61991 
3.97139 4.13639 4.28614 4.29454 4.39987 4.55449 4.599 4.61991 
3.97139 4.13639 4.28614 4.29454 4.39987 4.55449 4.599 4.61991 
3.97139 4.13639 4.28614 4.29454 4.39987 4.55449 4.599 4.61991 
3.97139 4.13639 4.28614 4.29454 4.39987 4.55449 4.599 4.61991 
3.97139 4.13639 4.28614 4.29454 4.39987 4.55449 4.599 4.61991 
3.97139 4.13639 4.28614 4.29454 4.39987 4.55449 4.599 4.61991 
3.97139 4.13639 4.28614 4.29454 4.39987 4.55449 4.599 4.61991 
3.97139 4.13639 4.28614 4.29454 4.39987 4.55449 4.599 4.61991 
3.97139 4.13639 4.28614 4.29454 4.39987 4.55449 4.599 4.61991 
3.97139 4.13639 4.28614 4.29454 4.39987 4.55449 4.599 4.61991 
3.97139 4.13639 4.28614 4.29454 4.39987 4.55449 4.599 4.61991 
3.97139 4.13639 4.28614 4.29454 4.39987 4.55449 4.599 4.61991 
3.97139 4.13639 4.28614 4.29454 4.39987 4.55449 4.599 4.61991 
3.97139 4.13639 4.28614 4.29454 4.39987 4.55449 4.599 4.61991 
3.97139 4.13639 4.28614 4.29454 4.39987 4.55449 4.599 4.61991 
3.97139 4.13639 4.28614 4.29454 4.39987 4.55449 4.599 4.61991 
3.97139 4.13639 4.28614 4.29454 4.39987 4.55449 4.599 4.61991 
3.97139 4.13639 4.28614 4.29454 4.39987 4.55449 4.599 4.61991 
3.97139 4.13639 4.28614 4.29454 4.39987 4.55449 4.599 4.61991 
3.97139 4.13639 4.28614 4.29454 4.39987 4.55449 4.599 4.61991 
3.97139 4.13639 4.28614 4.29454 4.39987 4.55449 4.599 4.61991 
3.97139 4.13639 4.28614 4.29454 4.39987 4.55449 4.599 4.61991 
3.97139 4.13639 4.28614 4.29454 4.39987 4.55449 4.599 4.61991 
3.97139 4.13639 4.28614 4.29454 4.39987 4.55449 4.599 4.61991 
3.97139 4.13639 4.28614 4.29454 4.39987 4.55449 4.599 4.61991 
3.97139 4.13639 4.28614 4.29454 4.39987 4.55449 4.599 4.61991 
3.97139 4.13639 4.28614 4.29454 4.39987 4.55449 4.599 4.61991 
3.97139 4.13639 4.28614 4.29454 4.39987 4.55449 4.599 4.61991 
3.97139 4.13639 4.28614 4.29454 4.39987 4.55449 4.599 4.61991 
3.97139 4.13639 4.28614 4.29454 4.39987 4.55449 4.599 4.61991 
3.97139 4.13639 4.28614 4.29454 4.39987 4.55449 4.599 4.61991 
3.97139 4.13639 4.28614 4.29454 4.39987 4.55449 4.599 4.61991 
3.97139 4.13639 4.28614 4.29454 4.39987 4.55449 4.599 4.61991 
3.97139 4.13639 4.28614 4.29454 4.39987 4.55449 4.599 4.61991 
3.97139 4.13639 4.28614 4.29454 4.39987 4.55449 4.599 4.61991 
3.97139 4.13639 4.28614 4.29454 4.39987 4.55449 4.599 4.61991 
3.97139 4.13639 4.28614 4.29454 4.39987 4.55449 4.599 4.61991 
3.97139 4.13639 4.28614 4.29454 4.39987 4.55449 4.599 4.61991 
3.97139 4.13639 4.28614 4.29454 4.39987 4.55449 4.599 4.61991 
3.97139 4.13639 4.28614 4.29454 4.39987 4.55449 4.599 4.61991 
3.97139 4.13639 4.28614 4.29454 4.39987 4.55449 4.599 4.61991 
3.97139 4.13639 4.28614 4.29454 4.39987 4.55449 4.599 4.61991 
3.97139 4.13639 4.28614 4.29454 4.39987 4.55449 4.599 4.61991 
3.97139 4.13639 4.28614 4.29454 4.39987 4.55449 4.599 4.61991 
3.97139 4.13639 4.28614 4.29454 4.39987 4.55449 4.599 4.61991 
3.97139 4.13639 4.28614 4.29454 4.39987 4.55449 4.599 4.61991 
3.97139 4.13639 4.28614 4.29454 4.39987 4.55449 4.599 4.61991 
3.97139 4.13639 4.28614 4.29454 4.39987 4.55449 4.599 4.61991 
3.97139 4.13639 4.28614 4.29454 4.39987 4.55449 4.599 4.61991 
3.97139 4.13639 4.28614 4.29454 4.39987 4.55449 4.599 4.61991 
3.97139 4.13639 4.28614 4.29454 4.39987 4.55449 4.599 4.61991 
3.97139 4.13639 4.28614 4.29454 4.39987 4.55449 4.599 4.61991 
3.97139 4.13639 4.28614 4.29454 4.39987 4.55449 4.599 4.61991 
3.97139 4.13639 4.28614 4.29454 4.39987 4.55449 4.599 4.61991 
3.97139 4.13639 4.28614 4.29454 4.39987 4.55449 4.599 4.61991 
3.97139 4.13639 4.28614 4.29454 4.39987 4.55449 4.599 4.61991 
3.97139 4.13639 4.28614 4.29454 4.39987 4.55449 4.599 4.61991 
3.97139 4.13639 4.28614 4.29454 4.39987 4.55449 4.599 4.61991 
