5.7217 5.78765 6.21048 6.24897 6.36799 6.4999 6.50573 6.72895 
4.11313 4.42649 5.7217 5.78765 5.96623 6.21048 6.24897 6.36799 
2.90252 4.11313 4.42649 4.4993 5.34525 5.7217 5.78765 5.96623 
2.90252 4.11313 4.18072 4.42649 4.4993 4.99313 5.34525 5.7217 
2.90252 4.11313 4.18072 4.42649 4.4993 4.99313 5.34525 5.7217 
2.90252 4.11313 4.18072 4.42649 4.4993 4.99313 5.34525 5.65059 
2.90252 4.11313 4.18072 4.42649 4.4993 4.99313 5.34525 5.65059 
2.90252 3.60064 4.11313 4.18072 4.42649 4.4993 4.99313 5.34525 
2.90252 3.60064 4.11313 4.18072 4.42649 4.4993 4.99313 5.34525 
2.90252 3.60064 4.11313 4.18072 4.42649 4.4993 4.99313 5.34525 
2.90252 3.60064 4.11313 4.18072 4.42649 4.4993 4.99313 5.27387 
2.90252 3.60064 4.11313 4.18072 4.42649 4.4993 4.99313 5.27387 
2.90252 3.60064 4.11313 4.18072 4.42649 4.4993 4.99313 5.27387 
2.90252 3.60064 4.11313 4.18072 4.42649 4.4993 4.99313 5.27387 
2.90252 3.60064 4.11313 4.18072 4.42649 4.4993 4.99313 5.27387 
2.90252 3.60064 4.11313 4.18072 4.42649 4.4993 4.99313 5.27387 
2.90252 3.60064 4.11313 4.18072 4.42649 4.4993 4.99313 5.27387 
2.90252 3.60064 4.11313 4.18072 4.42649 4.4993 4.99313 5.27387 
2.90252 3.60064 4.11313 4.18072 4.42649 4.4993 4.99313 5.27387 
2.90252 3.60064 4.11313 4.18072 4.42649 4.4993 4.99313 5.27387 
2.90252 3.60064 4.11313 4.18072 4.42649 4.4993 4.99313 5.27387 
2.90252 3.60064 4.11313 4.18072 4.42649 4.4993 4.99313 5.27387 
2.90252 3.60064 4.11313 4.18072 4.42649 4.4993 4.99313 5.27387 
2.90252 3.60064 4.11313 4.18072 4.42649 4.4993 4.99313 5.27387 
2.90252 3.60064 4.11313 4.18072 4.42649 4.4993 4.99313 5.27387 
2.90252 3.60064 4.11313 4.18072 4.42649 4.4993 4.99313 5.27387 
2.90252 3.60064 4.11313 4.18072 4.42649 4.4993 4.99313 5.27387 
2.90252 3.60064 4.11313 4.18072 4.42649 4.4993 4.99313 5.27387 
2.90252 3.60064 4.11313 4.18072 4.42649 4.4993 4.99313 5.27387 
2.90252 3.60064 4.11313 4.18072 4.42649 4.4993 4.99313 5.27387 
2.90252 3.60064 4.11313 4.18072 4.42649 4.4993 4.99313 5.27387 
2.90252 3.60064 4.11313 4.18072 4.42649 4.4993 4.99313 5.27387 
2.90252 3.60064 4.11313 4.18072 4.42649 4.4993 4.99313 5.27387 
2.90252 3.60064 4.11313 4.18072 4.42649 4.4993 4.99313 5.27387 
2.90252 3.60064 4.11313 4.18072 4.42649 4.4993 4.99313 5.27387 
2.90252 3.60064 4.11313 4.18072 4.42649 4.4993 4.99313 5.27387 
2.90252 3.60064 4.11313 4.18072 4.42649 4.4993 4.99313 5.27387 
2.90252 3.60064 4.11313 4.18072 4.42649 4.4993 4.99313 5.27387 
2.90252 3.60064 4.11313 4.18072 4.42649 4.4993 4.99313 5.27387 
2.90252 3.60064 4.11313 4.18072 4.42649 4.4993 4.99313 5.27387 
2.90252 3.60064 4.11313 4.18072 4.42649 4.4993 4.99313 5.27387 
2.90252 3.60064 4.11313 4.18072 4.42649 4.4993 4.99313 5.27387 
2.90252 3.60064 4.11313 4.18072 4.42649 4.4993 4.99313 5.27387 
2.90252 3.60064 4.11313 4.18072 4.42649 4.4993 4.99313 5.27387 
2.90252 3.60064 4.11313 4.18072 4.42649 4.4993 4.99313 5.27387 
2.90252 3.60064 4.11313 4.18072 4.42649 4.4993 4.99313 5.27387 
2.90252 3.60064 4.11313 4.18072 4.42649 4.4993 4.99313 5.27387 
2.90252 3.60064 4.11313 4.18072 4.42649 4.4993 4.99313 5.27387 
2.90252 3.60064 4.11313 4.18072 4.42649 4.4993 4.99313 5.27387 
2.90252 3.60064 4.11313 4.18072 4.42649 4.4993 4.99313 5.27387 
2.90252 3.60064 4.11313 4.18072 4.42649 4.4993 4.99313 5.27387 
2.90252 3.60064 4.11313 4.18072 4.42649 4.4993 4.99313 5.27387 
2.90252 3.60064 4.11313 4.18072 4.42649 4.4993 4.99313 5.27387 
2.90252 3.60064 4.11313 4.18072 4.42649 4.4993 4.99313 5.27387 
2.90252 3.60064 4.11313 4.18072 4.42649 4.4993 4.99313 5.27387 
2.90252 3.60064 4.11313 4.18072 4.42649 4.4993 4.99313 5.27387 
2.90252 3.60064 4.11313 4.18072 4.42649 4.4993 4.99313 5.27387 
2.90252 3.60064 4.11313 4.18072 4.42649 4.4993 4.99313 5.27387 
2.90252 3.60064 4.11313 4.18072 4.42649 4.4993 4.99313 5.27387 
2.90252 3.60064 4.11313 4.18072 4.42649 4.4993 4.99313 5.27387 
2.90252 3.60064 4.11313 4.18072 4.42649 4.4993 4.99313 5.27387 
2.90252 3.60064 4.11313 4.18072 4.42649 4.4993 4.99313 5.27387 
2.90252 3.60064 4.11313 4.18072 4.42649 4.4993 4.99313 5.27387 
2.90252 3.60064 4.11313 4.18072 4.42649 4.4993 4.99313 5.27387 
2.90252 3.60064 4.11313 4.18072 4.42649 4.4993 4.99313 5.27387 
2.90252 3.60064 4.11313 4.18072 4.42649 4.4993 4.99313 5.27387 
2.90252 3.60064 4.11313 4.18072 4.42649 4.4993 4.99313 5.27387 
2.90252 3.60064 4.11313 4.18072 4.42649 4.4993 4.99313 5.27387 
2.90252 3.60064 4.11313 4.18072 4.42649 4.4993 4.99313 5.27387 
2.90252 3.60064 4.11313 4.18072 4.42649 4.4993 4.99313 5.27387 
2.90252 3.60064 4.11313 4.18072 4.42649 4.4993 4.99313 5.27387 
2.90252 3.60064 4.11313 4.18072 4.42649 4.4993 4.99313 5.27387 
2.90252 3.60064 4.11313 4.18072 4.42649 4.4993 4.99313 5.27387 
2.90252 3.60064 4.11313 4.18072 4.42649 4.4993 4.99313 5.27387 
2.90252 3.60064 4.11313 4.18072 4.42649 4.4993 4.99313 5.27387 
2.90252 3.60064 4.11313 4.18072 4.42649 4.4993 4.99313 5.27387 
2.90252 3.60064 4.11313 4.18072 4.42649 4.4993 4.99313 5.27387 
2.90252 3.60064 4.11313 4.18072 4.42649 4.4993 4.99313 5.27387 
2.90252 3.60064 4.11313 4.18072 4.42649 4.4993 4.99313 5.27387 
2.90252 3.60064 4.11313 4.18072 4.42649 4.4993 4.99313 5.27387 
2.90252 3.60064 4.11313 4.18072 4.42649 4.4993 4.99313 5.27387 
2.90252 3.60064 4.11313 4.18072 4.42649 4.4993 4.99313 5.27387 
2.90252 3.60064 4.11313 4.18072 4.42649 4.4993 4.99313 5.27387 
2.90252 3.60064 4.11313 4.18072 4.42649 4.4993 4.99313 5.27387 
2.90252 3.60064 4.11313 4.18072 4.42649 4.4993 4.99313 5.27387 
2.90252 3.60064 4.11313 4.18072 4.42649 4.4993 4.99313 5.27387 
2.90252 3.60064 4.11313 4.18072 4.42649 4.4993 4.99313 5.27387 
2.90252 3.60064 4.11313 4.18072 4.42649 4.4993 4.99313 5.27387 
2.90252 3.60064 4.11313 4.18072 4.42649 4.4993 4.99313 5.27387 
2.90252 3.60064 4.11313 4.18072 4.42649 4.4993 4.99313 5.27387 
2.90252 3.60064 4.11313 4.18072 4.42649 4.4993 4.99313 5.27387 
2.90252 3.60064 4.11313 4.18072 4.42649 4.4993 4.99313 5.27387 
2.90252 3.60064 4.11313 4.18072 4.42649 4.4993 4.99313 5.27387 
2.90252 3.60064 4.11313 4.18072 4.42649 4.4993 4.99313 5.27387 
2.90252 3.60064 4.11313 4.18072 4.42649 4.4993 4.99313 5.27387 
2.90252 3.60064 4.11313 4.18072 4.42649 4.4993 4.99313 5.27387 
2.90252 3.60064 4.11313 4.18072 4.42649 4.4993 4.99313 5.27387 
2.90252 3.60064 4.11313 4.18072 4.42649 4.4993 4.99313 5.27387 
2.90252 3.60064 4.11313 4.18072 4.42649 4.4993 4.99313 5.27387 
2.90252 3.60064 4.11313 4.18072 4.42649 4.4993 4.99313 5.27387 
