2.9278 6.37344 6.50008 6.53865 7.25933 7.59688 7.67625 8.20332 
2.9278 2.92997 5.64481 6.37344 6.50008 6.53865 7.25933 7.59688 
2.9278 2.92997 5.64481 6.37344 6.50008 6.53865 6.65637 7.25933 
2.9278 2.92997 5.64481 5.8355 6.32268 6.37344 6.50008 6.53865 
2.9278 2.92997 3.83618 5.64481 5.8355 6.32268 6.37344 6.4218 
2.9278 2.92997 3.83618 5.64481 5.8355 6.27265 6.32268 6.37344 
2.9278 2.92997 3.71415 3.83618 5.64481 5.8355 6.27265 6.32268 
2.9278 2.92997 3.71415 3.83618 5.52825 5.64481 5.73398 5.8355 
2.9278 2.92997 3.34442 3.71415 3.83618 4.9741 5.47944 5.52825 
2.9278 2.92997 3.34442 3.71415 3.83618 4.42847 4.9741 5.47944 
2.9278 2.92997 3.34442 3.71415 3.83618 4.42847 4.9741 5.20194 
2.9278 2.92997 3.34442 3.71415 3.74339 3.83618 4.42847 4.9741 
2.9278 2.92997 3.34442 3.63362 3.71415 3.74339 3.83618 4.42847 
2.9278 2.92997 3.34442 3.63362 3.71415 3.74339 3.83618 4.42847 
2.9278 2.92997 3.25704 3.34442 3.63362 3.71415 3.74339 3.83618 
2.9278 2.92997 3.25704 3.34442 3.63362 3.71415 3.74339 3.83618 
2.9278 2.92997 3.25704 3.34442 3.53964 3.63362 3.71415 3.74339 
2.9278 2.92997 3.25704 3.34442 3.53964 3.63362 3.71415 3.74339 
2.9278 2.92997 3.25704 3.34442 3.53964 3.63362 3.71415 3.74339 
2.9278 2.92997 3.25704 3.34442 3.53964 3.63362 3.71415 3.74339 
2.9278 2.92997 3.25704 3.34442 3.53964 3.63362 3.71415 3.74339 
2.78458 2.9278 2.92997 3.22464 3.24407 3.25704 3.34442 3.53964 
2.14595 2.78458 2.9278 2.92997 3.22464 3.24407 3.25704 3.34442 
2.14595 2.49846 2.74112 2.78458 2.9278 2.92997 3.22464 3.24407 
2.14595 2.49846 2.74112 2.78458 2.9278 2.92997 3.22464 3.24407 
2.14595 2.49846 2.74112 2.78458 2.9278 2.92997 3.22464 3.24407 
2.14595 2.49846 2.74112 2.78458 2.9278 2.92997 3.09815 3.22464 
2.14595 2.49846 2.74112 2.78458 2.9278 2.92997 3.09815 3.22464 
2.14595 2.34688 2.49846 2.74112 2.78458 2.9278 2.92997 3.09815 
2.14595 2.34688 2.49846 2.74112 2.78458 2.9278 2.92997 2.93026 
0.69736 2.14595 2.34688 2.49846 2.74112 2.78458 2.8512 2.9278 
0.69736 2.14595 2.34688 2.49846 2.74112 2.78458 2.8512 2.9278 
0.69736 2.14595 2.34688 2.49846 2.6337 2.74112 2.78458 2.8512 
0.69736 2.14595 2.34688 2.49846 2.6337 2.69986 2.71567 2.74112 
0.69736 2.14595 2.34688 2.49846 2.6337 2.69986 2.71567 2.74112 
0.69736 2.14595 2.34688 2.49846 2.6337 2.69986 2.71567 2.74112 
0.69736 2.04279 2.14595 2.34688 2.49846 2.6337 2.69986 2.71567 
0.69736 2.04279 2.14595 2.34688 2.49846 2.6337 2.69986 2.71567 
0.69736 2.04279 2.14595 2.34688 2.49846 2.6337 2.69986 2.71567 
0.534744 0.69736 2.04279 2.14595 2.34688 2.49846 2.6337 2.69986 
0.534744 0.69736 2.04279 2.14595 2.34688 2.49846 2.6337 2.69986 
0.534744 0.69736 2.04279 2.14595 2.34688 2.49846 2.6337 2.69986 
0.534744 0.69736 2.04279 2.14595 2.34688 2.49846 2.6337 2.69986 
0.328594 0.534744 0.69736 1.15563 2.04279 2.14595 2.34688 2.49846 
0.328594 0.534744 0.69736 1.15563 2.04279 2.14595 2.34688 2.49846 
0.328594 0.534744 0.69736 1.14054 1.15563 2.04279 2.14595 2.18478 
0.328594 0.534744 0.69736 1.14054 1.15563 1.45552 2.04279 2.14595 
0.328594 0.534744 0.69736 0.894852 1.14054 1.15563 1.45552 2.04279 
0.328594 0.534744 0.69736 0.894852 1.14054 1.15563 1.45552 2.04279 
0.328594 0.534744 0.69736 0.894852 1.14054 1.15563 1.45552 2.04279 
0.328594 0.534744 0.69736 0.894852 1.14054 1.15563 1.45552 2.04279 
0.328594 0.534744 0.69736 0.894852 1.14054 1.15563 1.45552 2.04279 
0.328594 0.534744 0.69203 0.69736 0.894852 1.14054 1.15563 1.45552 
0.328594 0.534744 0.69203 0.69736 0.894852 1.11039 1.14054 1.15563 
0.328594 0.534744 0.69203 0.69736 0.894852 1.11039 1.14054 1.15563 
0.328594 0.534744 0.69203 0.69736 0.894852 1.11039 1.14054 1.15563 
0.328594 0.534744 0.69203 0.69736 0.894852 1.11039 1.14054 1.15563 
0.328594 0.534744 0.69203 0.69736 0.894852 1.11039 1.14054 1.15563 
0.328594 0.534744 0.69203 0.69736 0.894852 1.11039 1.14054 1.15563 
0.328594 0.534744 0.69203 0.69736 0.894852 1.11039 1.14054 1.15563 
0.328594 0.534744 0.69203 0.69736 0.894852 1.11039 1.14054 1.15563 
0.328594 0.534744 0.69203 0.69736 0.894852 1.11039 1.14054 1.15563 
0.328594 0.534744 0.69203 0.69736 0.894852 1.11039 1.14054 1.15563 
0.328594 0.534744 0.69203 0.69736 0.894852 1.11039 1.14054 1.15563 
0.328594 0.534744 0.69203 0.69736 0.894852 1.11039 1.14054 1.15563 
0.328594 0.534744 0.69203 0.69736 0.894852 1.11039 1.14054 1.15563 
0.328594 0.534744 0.69203 0.69736 0.894852 1.11039 1.14054 1.15563 
0.328594 0.534744 0.69203 0.69736 0.894852 1.11039 1.14054 1.15563 
0.328594 0.534744 0.69203 0.69736 0.894852 1.11039 1.14054 1.15563 
0.328594 0.534744 0.69203 0.69736 0.894852 1.11039 1.14054 1.15563 
0.328594 0.534744 0.69203 0.69736 0.894852 1.11039 1.14054 1.15563 
0.328594 0.534744 0.69203 0.69736 0.894852 1.11039 1.14054 1.15563 
0.328594 0.534744 0.69203 0.69736 0.894852 1.11039 1.14054 1.15563 
0.328594 0.534744 0.69203 0.69736 0.894852 1.11039 1.14054 1.15563 
0.328594 0.534744 0.69203 0.69736 0.894852 1.11039 1.14054 1.15563 
0.328594 0.534744 0.69203 0.69736 0.894852 1.11039 1.14054 1.15563 
0.328594 0.534744 0.69203 0.69736 0.894852 1.11039 1.14054 1.15563 
0.328594 0.534744 0.69203 0.69736 0.894852 1.11039 1.14054 1.15563 
0.328594 0.534744 0.69203 0.69736 0.894852 1.11039 1.14054 1.15563 
0.328594 0.534744 0.69203 0.69736 0.894852 1.11039 1.14054 1.15563 
0.328594 0.534744 0.69203 0.69736 0.894852 1.11039 1.14054 1.15563 
0.328594 0.534744 0.69203 0.69736 0.894852 1.11039 1.14054 1.15563 
0.328594 0.534744 0.69203 0.69736 0.894852 1.11039 1.14054 1.15563 
0.328594 0.534744 0.69203 0.69736 0.894852 1.11039 1.14054 1.15563 
0.328594 0.534744 0.69203 0.69736 0.894852 1.11039 1.14054 1.15563 
0.328594 0.534744 0.69203 0.69736 0.894852 1.11039 1.14054 1.15563 
0.328594 0.534744 0.69203 0.69736 0.894852 1.11039 1.14054 1.15563 
0.328594 0.534744 0.69203 0.69736 0.894852 1.11039 1.14054 1.15563 
0.328594 0.534744 0.69203 0.69736 0.894852 1.11039 1.14054 1.15563 
0.328594 0.534744 0.69203 0.69736 0.894852 1.11039 1.14054 1.15563 
0.328594 0.534744 0.69203 0.69736 0.894852 1.11039 1.14054 1.15563 
0.328594 0.534744 0.69203 0.69736 0.894852 1.11039 1.14054 1.15563 
0.328594 0.534744 0.69203 0.69736 0.894852 1.11039 1.14054 1.15563 
0.328594 0.534744 0.69203 0.69736 0.894852 1.11039 1.14054 1.15563 
0.328594 0.534744 0.69203 0.69736 0.894852 1.11039 1.14054 1.15563 
0.328594 0.534744 0.69203 0.69736 0.894852 1.11039 1.14054 1.15563 
0.328594 0.534744 0.69203 0.69736 0.894852 1.11039 1.14054 1.15563 
0.328594 0.534744 0.69203 0.69736 0.894852 1.11039 1.14054 1.15563 
0.328594 0.534744 0.69203 0.69736 0.894852 1.11039 1.14054 1.15563 
0.328594 0.534744 0.69203 0.69736 0.894852 1.11039 1.14054 1.15563 
