3.43797 3.81195 5.1142 5.28454 7.59148 7.59427 7.74892 8.15588 
3.43797 3.81195 5.1142 5.28454 5.8797 7.59148 7.59427 7.74892 
3.43797 3.81195 5.1142 5.28454 5.64152 5.8797 6.06294 6.10875 
3.43797 3.81195 5.1142 5.28454 5.64152 5.8797 5.89456 6.06294 
3.43797 3.81195 3.95124 5.1142 5.28454 5.64152 5.8797 5.89456 
3.43797 3.81195 3.95124 5.1142 5.28454 5.64152 5.8797 5.89456 
3.43797 3.81195 3.95124 5.1142 5.28454 5.64152 5.8797 5.89456 
3.43797 3.81195 3.95124 4.25255 5.1142 5.28454 5.64152 5.8797 
3.43797 3.81195 3.95124 4.25255 5.1142 5.28454 5.64152 5.8797 
3.43797 3.81195 3.95124 4.25255 5.1142 5.28454 5.54453 5.64152 
3.43797 3.81195 3.95124 4.25255 5.1142 5.28454 5.54453 5.64152 
3.43797 3.81195 3.95124 4.25255 5.1142 5.28454 5.54453 5.64152 
3.43797 3.81195 3.95124 4.25255 5.1142 5.28454 5.36096 5.54453 
3.43797 3.81195 3.95124 4.25255 4.89414 5.1142 5.28454 5.36096 
3.43797 3.81195 3.95124 4.25255 4.89414 5.1142 5.28454 5.36096 
3.43797 3.81195 3.95124 4.25255 4.89414 5.1142 5.28454 5.36096 
3.43797 3.81195 3.95124 4.25255 4.89414 5.1142 5.28454 5.36096 
3.43797 3.81195 3.95124 4.25255 4.86831 4.89414 5.1142 5.28454 
3.43797 3.81195 3.95124 3.98346 4.25255 4.86831 4.89414 5.1142 
3.43797 3.81195 3.95124 3.98346 4.25255 4.86831 4.89414 5.1142 
3.43797 3.81195 3.95124 3.98346 4.25255 4.86831 4.89414 5.1142 
3.43797 3.81195 3.95124 3.98346 4.25255 4.86831 4.89414 5.1142 
3.43797 3.81195 3.95124 3.98346 4.25255 4.86831 4.89414 5.1142 
3.43797 3.81195 3.95124 3.98346 4.25255 4.86831 4.89414 5.1142 
3.43797 3.81195 3.95124 3.98346 4.10046 4.25255 4.86831 4.89414 
3.43797 3.81195 3.95124 3.98346 4.10046 4.25255 4.86831 4.89414 
3.43797 3.81195 3.95124 3.98346 4.10046 4.25255 4.86831 4.89414 
3.43797 3.761 3.81195 3.95124 3.98346 4.10046 4.25255 4.86831 
3.43797 3.761 3.81195 3.95124 3.98346 4.10046 4.25255 4.86831 
3.43797 3.761 3.81195 3.95124 3.98346 4.10046 4.25255 4.86831 
3.43797 3.761 3.81195 3.95124 3.98346 4.10046 4.25255 4.86831 
3.43797 3.761 3.81195 3.95124 3.98346 4.10046 4.25255 4.86831 
3.43797 3.761 3.81195 3.95124 3.98346 4.10046 4.25255 4.86831 
3.43797 3.761 3.81195 3.95124 3.98346 4.10046 4.25255 4.86831 
3.43797 3.761 3.81195 3.95124 3.98346 4.10046 4.25255 4.86831 
3.43797 3.59846 3.761 3.81195 3.9014 3.95124 3.98346 4.10046 
3.43797 3.59846 3.761 3.81195 3.9014 3.95124 3.98346 4.10046 
3.43797 3.59846 3.761 3.81195 3.9014 3.95124 3.98346 4.10046 
3.43797 3.59846 3.761 3.81195 3.9014 3.95124 3.98346 4.10046 
3.43797 3.59846 3.761 3.81195 3.9014 3.95124 3.98346 4.10046 
3.43797 3.59846 3.761 3.81195 3.9014 3.95124 3.98346 4.10046 
3.43797 3.59846 3.761 3.81195 3.9014 3.95124 3.98346 4.10046 
3.43797 3.59846 3.761 3.81195 3.9014 3.95124 3.98346 4.10046 
3.43797 3.59846 3.761 3.81195 3.9014 3.95124 3.98346 4.10046 
3.43797 3.59846 3.761 3.81195 3.9014 3.95124 3.98346 4.10046 
3.43797 3.59846 3.761 3.81195 3.9014 3.95124 3.98346 4.10046 
3.43797 3.59846 3.761 3.81195 3.9014 3.95124 3.98346 4.10046 
3.43797 3.59846 3.761 3.81195 3.9014 3.95124 3.98346 4.10046 
3.43797 3.59846 3.761 3.81195 3.9014 3.95124 3.98346 4.10046 
3.43797 3.59846 3.761 3.81195 3.9014 3.95124 3.98346 4.10046 
3.43797 3.59846 3.761 3.81195 3.9014 3.95124 3.98346 4.10046 
3.43797 3.59846 3.761 3.81195 3.9014 3.95124 3.98346 4.10046 
3.43797 3.59846 3.761 3.81195 3.9014 3.95124 3.98346 4.10046 
3.43797 3.59846 3.761 3.81195 3.9014 3.95124 3.98346 4.10046 
3.43797 3.59846 3.761 3.81195 3.9014 3.95124 3.98346 4.10046 
3.43797 3.59846 3.761 3.81195 3.9014 3.95124 3.98346 4.10046 
3.43797 3.59846 3.761 3.81195 3.9014 3.95124 3.98346 4.10046 
3.43797 3.59846 3.761 3.81195 3.9014 3.95124 3.98346 4.10046 
3.43797 3.59846 3.761 3.81195 3.9014 3.95124 3.98346 4.10046 
3.43797 3.59846 3.761 3.81195 3.9014 3.95124 3.98346 4.10046 
3.43797 3.59846 3.761 3.81195 3.9014 3.95124 3.98346 4.10046 
3.43797 3.59846 3.761 3.81195 3.9014 3.95124 3.98346 4.10046 
3.43797 3.59846 3.761 3.81195 3.9014 3.95124 3.98346 4.10046 
3.43797 3.59846 3.761 3.81195 3.9014 3.95124 3.98346 4.10046 
3.43797 3.59846 3.761 3.81195 3.9014 3.95124 3.98346 4.10046 
3.43797 3.59846 3.761 3.81195 3.9014 3.95124 3.98346 4.10046 
3.43797 3.59846 3.761 3.81195 3.9014 3.95124 3.98346 4.10046 
3.43797 3.59846 3.761 3.81195 3.9014 3.95124 3.98346 4.10046 
3.43797 3.59846 3.761 3.81195 3.9014 3.95124 3.98346 4.10046 
3.43797 3.59846 3.761 3.81195 3.9014 3.95124 3.98346 4.10046 
3.43797 3.59846 3.761 3.81195 3.9014 3.95124 3.98346 4.10046 
3.43797 3.59846 3.761 3.81195 3.9014 3.95124 3.98346 4.10046 
3.43797 3.59846 3.761 3.81195 3.9014 3.95124 3.98346 4.10046 
3.43797 3.59846 3.761 3.81195 3.9014 3.95124 3.98346 4.10046 
3.43797 3.59846 3.761 3.81195 3.9014 3.95124 3.98346 4.10046 
3.43797 3.59846 3.761 3.81195 3.9014 3.95124 3.98346 4.10046 
3.43797 3.59846 3.761 3.81195 3.9014 3.95124 3.98346 4.10046 
3.43797 3.59846 3.761 3.81195 3.9014 3.95124 3.98346 4.10046 
3.43797 3.59846 3.761 3.81195 3.9014 3.95124 3.98346 4.10046 
3.43797 3.59846 3.761 3.81195 3.9014 3.95124 3.98346 4.10046 
3.43797 3.59846 3.761 3.81195 3.9014 3.95124 3.98346 4.10046 
3.43797 3.59846 3.761 3.81195 3.9014 3.95124 3.98346 4.10046 
3.43797 3.59846 3.761 3.81195 3.9014 3.95124 3.98346 4.10046 
3.43797 3.59846 3.761 3.81195 3.9014 3.95124 3.98346 4.10046 
3.43797 3.59846 3.761 3.81195 3.9014 3.95124 3.98346 4.10046 
3.43797 3.59846 3.761 3.81195 3.9014 3.95124 3.98346 4.10046 
3.43797 3.59846 3.761 3.81195 3.9014 3.95124 3.98346 4.10046 
3.43797 3.59846 3.761 3.81195 3.9014 3.95124 3.98346 4.10046 
3.43797 3.59846 3.761 3.81195 3.9014 3.95124 3.98346 4.10046 
3.43797 3.59846 3.761 3.81195 3.9014 3.95124 3.98346 4.10046 
3.43797 3.59846 3.761 3.81195 3.9014 3.95124 3.98346 4.10046 
3.43797 3.59846 3.761 3.81195 3.9014 3.95124 3.98346 4.10046 
3.43797 3.59846 3.761 3.81195 3.9014 3.95124 3.98346 4.10046 
3.43797 3.59846 3.761 3.81195 3.9014 3.95124 3.98346 4.10046 
3.43797 3.59846 3.761 3.81195 3.9014 3.95124 3.98346 4.10046 
3.43797 3.59846 3.761 3.81195 3.9014 3.95124 3.98346 4.10046 
3.43797 3.59846 3.761 3.81195 3.9014 3.95124 3.98346 4.10046 
3.43797 3.59846 3.761 3.81195 3.9014 3.95124 3.98346 4.10046 
3.43797 3.59846 3.761 3.81195 3.9014 3.95124 3.98346 4.10046 
3.43797 3.59846 3.761 3.81195 3.9014 3.95124 3.98346 4.10046 
