4.25663 5.65107 6.17151 7.59223 7.96878 8.77971 9.19471 9.29222 
4.25663 5.65107 6.17151 6.32444 7.59223 7.67475 7.77486 7.96878 
4.25663 5.65107 6.17151 6.32444 7.59223 7.67475 7.77486 7.96878 
4.25663 5.65107 6.17151 6.32444 7.59223 7.67475 7.77486 7.96878 
4.25663 5.65107 5.89101 6.17151 6.32444 7.59223 7.67475 7.77486 
3.78744 4.25663 5.65107 5.89101 6.17151 6.25693 6.32444 7.59223 
3.78744 4.25663 5.65107 5.89101 6.17151 6.25693 6.32444 7.59223 
3.78744 4.25663 5.65107 5.89101 6.17151 6.25693 6.32444 7.59223 
3.78744 4.25663 5.65107 5.89101 6.17151 6.25693 6.32444 7.59223 
3.78744 4.25663 5.65107 5.89101 6.17151 6.25693 6.31268 6.32444 
3.78744 4.25663 5.65107 5.89101 6.17151 6.19099 6.25693 6.31268 
2.70797 3.78744 4.25663 5.65107 5.77462 5.89101 6.17151 6.19099 
2.70797 3.78744 4.25663 5.65107 5.77462 5.89101 6.17151 6.19099 
2.70797 3.78744 4.25663 5.65107 5.77462 5.89101 6.17151 6.19099 
2.70797 3.78744 4.25663 5.65107 5.77462 5.89101 6.11553 6.17151 
2.70797 3.78744 4.25663 4.68276 5.65107 5.77462 5.89101 6.11553 
2.70797 3.78744 4.25663 4.62626 4.68276 5.65107 5.77462 5.89101 
2.70797 3.78744 4.25663 4.52191 4.62626 4.63785 4.68276 5.65107 
1.66613 2.70797 3.78744 4.25663 4.52191 4.62626 4.63785 4.68276 
1.66613 2.70797 3.78744 4.25663 4.52191 4.62626 4.63785 4.68276 
1.66613 2.70797 3.78744 4.25663 4.44009 4.52191 4.62626 4.63785 
1.66613 2.70797 3.08366 3.78744 4.25663 4.44009 4.52191 4.62626 
1.66613 2.70797 3.08366 3.78744 4.25663 4.44009 4.52191 4.62626 
1.66613 2.70797 3.08366 3.78744 4.25663 4.44009 4.52191 4.62626 
1.66613 2.70797 3.08366 3.78744 4.25663 4.44009 4.52191 4.62626 
1.66613 2.70797 3.08366 3.78744 4.25663 4.44009 4.52191 4.62626 
1.66613 2.70797 3.08366 3.78744 4.25663 4.44009 4.52191 4.62626 
1.66613 2.70797 3.08366 3.78744 4.25663 4.44009 4.52191 4.62626 
1.66613 2.70797 3.08366 3.78744 4.25663 4.44009 4.46463 4.52191 
1.66613 2.70797 2.70804 3.08366 3.78744 4.25663 4.44009 4.46463 
1.66613 2.70797 2.70804 3.08366 3.78744 4.25663 4.31505 4.41934 
1.66613 2.70797 2.70804 3.08366 3.34286 3.78744 4.25663 4.31505 
1.66613 2.70797 2.70804 3.08366 3.34286 3.78744 4.25663 4.31505 
1.66613 2.70797 2.70804 3.08366 3.34286 3.62972 3.78744 3.89925 
1.66613 2.70797 2.70804 3.08366 3.34286 3.62972 3.78744 3.89925 
1.66613 2.70797 2.70804 3.08366 3.34286 3.62972 3.78744 3.89925 
1.66613 2.70797 2.70804 3.08366 3.10883 3.34286 3.62972 3.78744 
1.66613 2.70797 2.70804 3.08366 3.10883 3.34286 3.62972 3.71857 
0.846781 1.66613 2.66692 2.70797 2.70804 3.08366 3.10883 3.30276 
0.846781 1.66613 2.66692 2.70797 2.70804 3.08366 3.10883 3.30276 
0.846781 1.66613 2.66692 2.70797 2.70804 3.00798 3.08366 3.10883 
0.846781 1.40414 1.66613 2.66692 2.70797 2.70804 3.00798 3.08366 
0.846781 1.40414 1.66613 2.66692 2.70797 2.70804 3.00798 3.08366 
0.846781 1.40414 1.66613 2.66692 2.70797 2.70804 2.73575 2.77693 
0.846781 1.40414 1.66613 2.66692 2.70797 2.70804 2.73575 2.77693 
0.846781 1.40414 1.66613 2.66692 2.70797 2.70804 2.73575 2.77693 
0.846781 1.40414 1.66613 2.66692 2.70797 2.70804 2.71044 2.73575 
0.846781 1.40414 1.66613 2.48955 2.66692 2.70797 2.70804 2.71044 
0.846781 1.40414 1.66613 2.48955 2.66692 2.70797 2.70804 2.71044 
0.846781 1.40414 1.66613 2.48955 2.66692 2.70797 2.70804 2.71044 
0.846781 1.40414 1.66613 2.48955 2.66692 2.70797 2.70804 2.71044 
0.846781 1.40414 1.66613 2.48955 2.66692 2.70797 2.70804 2.71044 
0.846781 1.40414 1.66613 2.48955 2.66692 2.70797 2.70804 2.71044 
0.846781 1.40414 1.66613 2.48955 2.66692 2.70797 2.70804 2.71044 
0.846781 1.40414 1.66613 2.48955 2.66692 2.70797 2.70804 2.71044 
0.846781 1.40414 1.66613 2.48955 2.66692 2.70797 2.70804 2.71044 
0.846781 1.40414 1.66613 2.48955 2.66692 2.70797 2.70804 2.71044 
0.846781 1.40414 1.66613 2.48955 2.66692 2.70797 2.70804 2.71044 
0.846781 1.40414 1.66613 2.48955 2.66692 2.70797 2.70804 2.71044 
0.846781 1.40414 1.66613 2.48955 2.66692 2.70797 2.70804 2.71044 
0.846781 1.40414 1.66613 2.48955 2.66692 2.70797 2.70804 2.71044 
0.846781 1.40414 1.66613 2.48955 2.66692 2.70797 2.70804 2.71044 
0.846781 1.40414 1.66613 2.48955 2.66692 2.70797 2.70804 2.71044 
0.846781 1.40414 1.66613 2.48955 2.66692 2.70797 2.70804 2.71044 
0.846781 1.40414 1.66613 2.48955 2.66692 2.70797 2.70804 2.71044 
0.846781 1.40414 1.66613 2.48955 2.66692 2.70797 2.70804 2.71044 
0.846781 1.40414 1.66613 2.48955 2.66692 2.70797 2.70804 2.71044 
0.846781 1.40414 1.66613 2.48955 2.66692 2.70797 2.70804 2.71044 
0.846781 1.40414 1.66613 2.48955 2.66692 2.70797 2.70804 2.71044 
0.846781 1.40414 1.66613 2.48955 2.66692 2.70797 2.70804 2.71044 
0.846781 1.40414 1.66613 2.48955 2.66692 2.70797 2.70804 2.71044 
0.846781 1.40414 1.66613 2.48955 2.66692 2.70797 2.70804 2.71044 
0.846781 1.40414 1.66613 2.48955 2.66692 2.70797 2.70804 2.71044 
0.846781 1.40414 1.66613 2.48955 2.66692 2.70797 2.70804 2.71044 
0.846781 1.40414 1.66613 2.48955 2.66692 2.70797 2.70804 2.71044 
0.846781 1.40414 1.66613 2.48955 2.66692 2.70797 2.70804 2.71044 
0.846781 1.40414 1.66613 2.48955 2.66692 2.70797 2.70804 2.71044 
0.846781 1.40414 1.66613 2.48955 2.66692 2.70797 2.70804 2.71044 
0.846781 1.40414 1.66613 2.48955 2.66692 2.70797 2.70804 2.71044 
0.846781 1.40414 1.66613 2.48955 2.58615 2.66692 2.70797 2.70804 
0.846781 1.40414 1.66613 2.48955 2.58615 2.66692 2.70797 2.70804 
0.846781 1.40414 1.66613 2.48955 2.58354 2.58615 2.66692 2.70797 
0.846781 1.40414 1.66613 2.48955 2.58354 2.58615 2.64803 2.66692 
0.846781 1.40414 1.66613 2.48955 2.58354 2.58615 2.64803 2.66692 
0.846781 1.40414 1.66613 2.48955 2.58354 2.58615 2.64803 2.66692 
0.846781 1.40414 1.66613 2.48955 2.58354 2.58615 2.64803 2.66692 
0.846781 1.40414 1.66613 1.79052 2.48955 2.58354 2.58615 2.64803 
0.846781 1.40414 1.66613 1.79052 2.48955 2.58354 2.58615 2.64803 
0.846781 1.40414 1.66613 1.79052 2.48955 2.58354 2.58615 2.64803 
0.846781 1.40414 1.66613 1.79052 2.48955 2.58354 2.58615 2.64803 
0.846781 1.40414 1.66613 1.79052 2.29716 2.48955 2.58354 2.58615 
0.846781 1.40414 1.66613 1.79052 2.29716 2.48955 2.58354 2.58615 
0.846781 1.40414 1.66613 1.79052 2.12615 2.29716 2.48955 2.58354 
0.846781 1.40414 1.66613 1.79052 2.12615 2.29716 2.48955 2.58354 
0.846781 1.40414 1.66613 1.79052 2.12615 2.23122 2.29716 2.48955 
0.846781 1.40414 1.66613 1.79052 2.12615 2.23122 2.29716 2.48955 
0.846781 1.40414 1.66613 1.79052 2.12615 2.23122 2.29716 2.48955 
0.846781 1.40414 1.66613 1.79052 2.12615 2.23122 2.29716 2.48955 
0.846781 1.40414 1.66613 1.79052 1.81617 2.12615 2.23122 2.29716 
0.846781 1.40414 1.66613 1.79052 1.81617 2.12615 2.23122 2.29716 
