6.58041 6.87967 7.06711 8.98104 9.29012 9.44473 9.48485 9.79053 
6.58041 6.87967 7.06711 8.98104 9.29012 9.44473 9.48485 9.79053 
6.58041 6.87967 7.06711 8.98104 9.08962 9.1523 9.29012 9.44473 
6.58041 6.87967 7.06711 8.98104 9.08962 9.1523 9.29012 9.44473 
6.58041 6.87967 7.06711 8.08829 8.98104 9.08962 9.1523 9.29012 
6.58041 6.87967 7.06711 8.08829 8.98104 9.08962 9.1523 9.29012 
6.58041 6.87967 7.06711 8.08829 8.37776 8.98104 9.08962 9.1523 
6.58041 6.87967 7.06711 8.08829 8.37776 8.98104 9.08962 9.1523 
6.58041 6.87967 7.06711 7.37358 8.08829 8.37776 8.98104 9.08962 
6.58041 6.87967 7.06711 7.37358 8.08829 8.37776 8.98104 9.08962 
6.58041 6.87967 7.06711 7.37358 8.08829 8.37776 8.98104 9.08962 
6.58041 6.87967 7.06711 7.37358 8.08829 8.37776 8.98104 9.08962 
6.58041 6.87967 7.06711 7.37358 7.48998 8.08829 8.37776 8.91192 
6.58041 6.87967 7.06711 7.37358 7.48998 8.08829 8.37776 8.56601 
6.58041 6.76521 6.87967 7.06711 7.37358 7.48998 8.08829 8.37776 
6.48223 6.58041 6.76521 6.87967 7.06711 7.37358 7.48998 8.08829 
6.48223 6.58041 6.76521 6.87967 7.06711 7.37358 7.48998 8.08829 
6.3585 6.48223 6.58041 6.76521 6.87967 7.06711 7.12129 7.37358 
6.3585 6.48223 6.58041 6.76521 6.87967 7.06711 7.12129 7.37358 
4.97869 6.07972 6.3585 6.48223 6.58041 6.76521 6.87967 7.06711 
4.97869 5.32012 6.07972 6.3585 6.48223 6.58041 6.76521 6.87967 
4.97869 5.32012 6.07972 6.3585 6.48223 6.49637 6.58041 6.76521 
4.97869 5.32012 6.07972 6.3585 6.48223 6.49637 6.58041 6.76521 
4.97869 5.32012 6.07972 6.32665 6.3585 6.48223 6.49637 6.58041 
4.97869 5.32012 6.07972 6.28185 6.32665 6.3585 6.48223 6.49637 
4.97869 5.32012 6.07972 6.27901 6.28185 6.32665 6.3585 6.48223 
4.65329 4.97869 5.32012 6.04828 6.07972 6.27901 6.28185 6.32665 
4.65329 4.97869 5.32012 6.04828 6.07972 6.27901 6.28185 6.32665 
3.95797 4.65329 4.97869 5.32012 6.04828 6.07972 6.27901 6.28185 
3.95797 4.65329 4.81113 4.97869 5.32012 6.04828 6.07972 6.27901 
3.95797 4.65329 4.81113 4.97869 5.32012 6.04828 6.07972 6.27901 
3.95797 4.65329 4.81113 4.97869 5.32012 6.04828 6.07972 6.1886 
3.95797 4.65329 4.81113 4.97869 5.32012 6.04828 6.07972 6.1886 
3.95797 4.65329 4.73753 4.81113 4.97869 5.32012 5.95532 6.04828 
3.95797 4.65329 4.73753 4.81113 4.97869 5.32012 5.95532 6.04828 
2.98153 3.95797 4.09357 4.48632 4.65329 4.73753 4.81113 4.97869 
2.98153 3.95797 4.09357 4.48632 4.65329 4.73753 4.81113 4.97869 
2.98153 3.643 3.95797 4.09357 4.48632 4.65329 4.73753 4.81113 
2.98153 3.643 3.95797 4.09357 4.48632 4.65329 4.73753 4.81113 
2.98153 3.643 3.95797 4.09357 4.48632 4.65329 4.73753 4.81113 
2.98153 3.643 3.81978 3.95797 4.09357 4.20996 4.48632 4.65329 
2.98153 3.643 3.81978 3.95797 4.09357 4.20996 4.48632 4.65329 
2.98153 3.643 3.81978 3.95797 4.09357 4.20996 4.48632 4.65329 
2.98153 3.643 3.81978 3.95797 4.09357 4.20996 4.38409 4.48632 
2.98153 3.17993 3.643 3.81978 3.95797 4.09357 4.20996 4.38409 
2.98153 3.17993 3.18725 3.643 3.81978 3.95797 4.09357 4.20996 
2.98153 3.17993 3.18725 3.643 3.81978 3.95797 4.09357 4.20996 
2.98153 3.17993 3.18725 3.21636 3.54471 3.643 3.81978 3.93237 
2.98153 3.17993 3.18725 3.21636 3.54471 3.643 3.81978 3.93237 
2.98153 3.17993 3.18725 3.20795 3.21636 3.54471 3.643 3.81978 
2.98153 3.09158 3.17993 3.18725 3.20795 3.21636 3.54471 3.643 
2.98153 3.09158 3.17993 3.18725 3.20795 3.21636 3.54471 3.643 
2.36985 2.98153 3.09158 3.09308 3.17993 3.18725 3.20795 3.21636 
2.36985 2.98153 3.09158 3.09308 3.17993 3.18725 3.20795 3.21636 
2.36985 2.98153 3.01432 3.09158 3.09308 3.17993 3.18725 3.20795 
2.36985 2.98153 3.01218 3.01432 3.09158 3.09308 3.17993 3.18725 
2.36985 2.98153 3.01218 3.01432 3.09158 3.09308 3.17993 3.18725 
2.36985 2.96137 2.98153 3.01218 3.01432 3.09158 3.09308 3.17993 
2.36985 2.46566 2.96137 2.98153 3.01218 3.01432 3.09158 3.09308 
2.26309 2.36985 2.46566 2.96137 2.98153 3.01218 3.01432 3.09158 
2.26309 2.36985 2.46566 2.78724 2.96137 2.98153 3.01218 3.01432 
1.84838 2.26309 2.36985 2.46566 2.78724 2.96137 2.98153 3.01218 
1.84838 2.26309 2.36985 2.46566 2.78724 2.96137 2.98153 3.01218 
1.84838 2.26309 2.36985 2.46566 2.78724 2.9067 2.96137 2.98153 
1.84838 2.26309 2.36985 2.46566 2.78724 2.9067 2.96137 2.98153 
0.710325 1.84838 2.26309 2.36985 2.46566 2.78724 2.9067 2.96137 
0.710325 1.84838 2.26309 2.36985 2.46566 2.78724 2.9067 2.96137 
0.710325 1.84838 2.26309 2.36985 2.46566 2.78724 2.9067 2.96137 
0.710325 1.84838 2.26309 2.36985 2.46566 2.78724 2.9067 2.96137 
0.710325 1.84838 2.26309 2.36985 2.46566 2.78724 2.9067 2.96137 
0.710325 0.746748 1.84838 2.26309 2.36985 2.46566 2.78724 2.85755 
0.710325 0.746748 1.84838 2.26309 2.36985 2.46566 2.78724 2.85755 
0.710325 0.746748 1.84838 2.26309 2.36985 2.46566 2.78724 2.85755 
0.710325 0.746748 1.84838 2.0265 2.0458 2.26309 2.36985 2.46566 
0.357531 0.710325 0.746748 0.769796 1.84838 2.0265 2.0458 2.26309 
0.357531 0.710325 0.746748 0.769796 1.65331 1.84838 2.0265 2.0458 
0.357531 0.710325 0.746748 0.769796 1.65331 1.84838 2.0265 2.0458 
0.357531 0.710325 0.746748 0.769796 1.65331 1.84838 2.0265 2.0458 
0.357531 0.710325 0.746748 0.769796 1.22169 1.65331 1.84838 2.0265 
0.357531 0.710325 0.746748 0.769796 1.22169 1.56864 1.65331 1.84838 
0.357531 0.710325 0.731709 0.746748 0.769796 1.22169 1.56864 1.65331 
0.107502 0.357531 0.710325 0.731709 0.746748 0.769796 1.22169 1.56864 
0.107502 0.357531 0.710325 0.731709 0.746748 0.769796 1.22169 1.56864 
0.107502 0.357531 0.710325 0.731709 0.746748 0.769796 1.22169 1.55343 
0.107502 0.357531 0.710325 0.731709 0.746748 0.769796 1.22169 1.55343 
0.0456203 0.107502 0.357531 0.710325 0.731709 0.746748 0.769796 1.22169 
0.0456203 0.107502 0.357531 0.710325 0.731709 0.746748 0.769796 1.22169 
0.0410076 0.0456203 0.107502 0.357531 0.710325 0.731709 0.746748 0.769796 
0.0410076 0.0456203 0.107502 0.357531 0.710325 0.731709 0.746748 0.769796 
0.0410076 0.0456203 0.107502 0.357531 0.574488 0.710325 0.731709 0.746748 
0.0410076 0.0456203 0.107502 0.235578 0.357531 0.574488 0.710325 0.731709 
0.0410076 0.0456203 0.107502 0.235578 0.357531 0.574488 0.710325 0.731709 
0.0410076 0.0456203 0.107502 0.178299 0.235578 0.357531 0.401316 0.574488 
0.0410076 0.0456203 0.107502 0.178299 0.235578 0.357531 0.401316 0.567331 
0.0410076 0.0456203 0.107502 0.178299 0.235578 0.357531 0.401316 0.442633 
0.0410076 0.0456203 0.107502 0.178299 0.235578 0.357531 0.401316 0.442633 
0.0410076 0.0456203 0.107502 0.178299 0.235578 0.357531 0.401316 0.442633 
0.0410076 0.0456203 0.107502 0.145846 0.178299 0.235578 0.357531 0.401316 
0.0410076 0.0456203 0.107502 0.145846 0.178299 0.235578 0.357531 0.401316 
0.0410076 0.0456203 0.107502 0.145846 0.178299 0.217749 0.235578 0.357531 
