4.95448 6.03405 6.2071 6.28275 6.48241 6.83499 7.63452 8.20301 
4.60286 4.95448 6.03405 6.2071 6.28275 6.48241 6.66585 6.83499 
4.60286 4.95448 6.03405 6.12346 6.2071 6.28275 6.42846 6.48241 
4.57833 4.60286 4.95448 6.03405 6.12346 6.2071 6.28275 6.42846 
4.57833 4.60286 4.86914 4.95448 6.03405 6.08734 6.12346 6.2071 
4.57833 4.60286 4.86914 4.95448 5.45141 6.03405 6.08734 6.12346 
4.07201 4.41791 4.47455 4.57833 4.60286 4.86914 4.95448 5.45141 
4.07201 4.41791 4.47455 4.57833 4.60286 4.66419 4.86914 4.95448 
4.07201 4.41791 4.47455 4.57833 4.60286 4.66419 4.86914 4.95448 
4.07201 4.41791 4.47455 4.57833 4.60286 4.66419 4.86914 4.95448 
3.62988 4.07201 4.41791 4.47455 4.57833 4.60286 4.66419 4.86914 
3.62988 4.07201 4.41791 4.47455 4.57833 4.60286 4.66419 4.86914 
3.62988 4.07201 4.41791 4.47455 4.57833 4.60286 4.66419 4.86914 
3.62988 4.07201 4.41791 4.47455 4.57833 4.60286 4.66419 4.86914 
3.62988 4.07201 4.41791 4.47455 4.57833 4.60286 4.66419 4.86914 
3.62988 4.07201 4.41791 4.47455 4.57833 4.60286 4.66419 4.86914 
3.62988 4.07201 4.41791 4.47455 4.57833 4.60286 4.66419 4.86914 
3.62988 4.07201 4.41791 4.47455 4.57833 4.60286 4.66419 4.86914 
3.62988 4.07201 4.41791 4.47455 4.57833 4.60286 4.66419 4.86914 
3.62988 4.07201 4.41791 4.47455 4.57833 4.60286 4.66419 4.86914 
3.62988 4.07201 4.41791 4.47455 4.57833 4.60286 4.66419 4.86914 
3.62988 4.07201 4.41791 4.47455 4.57833 4.60286 4.66419 4.86914 
3.62988 4.07201 4.41791 4.47455 4.57833 4.60286 4.66419 4.86914 
3.62988 4.07201 4.41791 4.47455 4.57833 4.60286 4.66419 4.86914 
3.62988 4.07201 4.41791 4.47455 4.57833 4.60286 4.66419 4.86914 
3.62988 4.07201 4.41791 4.47455 4.57833 4.60286 4.66419 4.86914 
3.62988 4.07201 4.41791 4.47455 4.57833 4.60286 4.66419 4.86914 
3.62988 4.07201 4.41791 4.47455 4.57833 4.60286 4.66419 4.86914 
3.62988 4.07201 4.41791 4.47455 4.57833 4.60286 4.66419 4.86914 
3.62988 4.07201 4.41791 4.47455 4.57833 4.60286 4.66419 4.86914 
3.62988 4.07201 4.41791 4.47455 4.57833 4.60286 4.66419 4.86914 
3.62988 4.07201 4.41791 4.47455 4.57833 4.60286 4.66419 4.86914 
3.62988 4.07201 4.41791 4.47455 4.57833 4.60286 4.66419 4.86914 
3.62988 4.07201 4.41791 4.47455 4.57833 4.60286 4.66419 4.86914 
3.62988 4.07201 4.41791 4.47455 4.57833 4.60286 4.66419 4.86914 
3.62988 4.07201 4.41791 4.47455 4.57833 4.60286 4.66419 4.86914 
3.62988 4.07201 4.41791 4.47455 4.57833 4.60286 4.66419 4.86914 
3.62988 4.07201 4.41791 4.47455 4.57833 4.60286 4.66419 4.86914 
3.62988 4.07201 4.41791 4.47455 4.57833 4.60286 4.66419 4.86914 
3.62988 4.07201 4.41791 4.47455 4.57833 4.60286 4.66419 4.86914 
3.62988 4.07201 4.41791 4.47455 4.57833 4.60286 4.66419 4.86914 
3.62988 4.07201 4.41791 4.47455 4.57833 4.60286 4.66419 4.86914 
3.62988 4.07201 4.41791 4.47455 4.57833 4.60286 4.66419 4.86914 
3.62988 4.07201 4.41791 4.47455 4.57833 4.60286 4.66419 4.86914 
3.62988 4.07201 4.41791 4.47455 4.57833 4.60286 4.66419 4.86914 
3.62988 4.07201 4.41791 4.47455 4.57833 4.60286 4.66419 4.86914 
3.62988 4.07201 4.41791 4.47455 4.57833 4.60286 4.66419 4.86914 
3.62988 4.07201 4.41791 4.47455 4.57833 4.60286 4.66419 4.86914 
3.62988 4.07201 4.41791 4.47455 4.57833 4.60286 4.66419 4.86914 
3.62988 4.07201 4.41791 4.47455 4.57833 4.60286 4.66419 4.86914 
3.62988 4.07201 4.41791 4.47455 4.57833 4.60286 4.66419 4.86914 
3.62988 4.07201 4.41791 4.47455 4.57833 4.60286 4.66419 4.86914 
3.62988 4.07201 4.41791 4.47455 4.57833 4.60286 4.66419 4.86914 
3.62988 4.07201 4.41791 4.47455 4.57833 4.60286 4.66419 4.86914 
3.62988 4.07201 4.41791 4.47455 4.57833 4.60286 4.66419 4.86914 
3.62988 4.07201 4.41791 4.47455 4.57833 4.60286 4.66419 4.86914 
3.62988 4.07201 4.41791 4.47455 4.57833 4.60286 4.66419 4.86914 
3.62988 4.07201 4.41791 4.47455 4.57833 4.60286 4.66419 4.86914 
3.62988 4.07201 4.41791 4.47455 4.57833 4.60286 4.66419 4.86914 
3.62988 4.07201 4.41791 4.47455 4.57833 4.60286 4.66419 4.86914 
3.62988 4.07201 4.41791 4.47455 4.57833 4.60286 4.66419 4.86914 
3.62988 4.07201 4.41791 4.47455 4.57833 4.60286 4.66419 4.86914 
3.62988 4.07201 4.41791 4.47455 4.57833 4.60286 4.66419 4.86914 
3.62988 4.07201 4.41791 4.47455 4.57833 4.60286 4.66419 4.86914 
3.62988 4.07201 4.41791 4.47455 4.57833 4.60286 4.66419 4.86914 
3.62988 4.07201 4.41791 4.47455 4.57833 4.60286 4.66419 4.86914 
3.62988 4.07201 4.41791 4.47455 4.57833 4.60286 4.66419 4.86914 
3.62988 4.07201 4.41791 4.47455 4.57833 4.60286 4.66419 4.86914 
3.62988 4.07201 4.41791 4.47455 4.57833 4.60286 4.66419 4.86914 
3.62988 4.07201 4.41791 4.47455 4.57833 4.60286 4.66419 4.86914 
3.62988 4.07201 4.41791 4.47455 4.57833 4.60286 4.66419 4.86914 
3.62988 4.07201 4.41791 4.47455 4.57833 4.60286 4.66419 4.86914 
3.62988 4.07201 4.41791 4.47455 4.57833 4.60286 4.66419 4.86914 
3.62988 4.07201 4.41791 4.47455 4.57833 4.60286 4.66419 4.86914 
3.62988 4.07201 4.41791 4.47455 4.57833 4.60286 4.66419 4.86914 
3.62988 4.07201 4.41791 4.47455 4.57833 4.60286 4.66419 4.86914 
3.62988 4.07201 4.41791 4.47455 4.57833 4.60286 4.66419 4.86914 
3.62988 4.07201 4.41791 4.47455 4.57833 4.60286 4.66419 4.86914 
3.62988 4.07201 4.41791 4.47455 4.57833 4.60286 4.66419 4.86914 
3.62988 4.07201 4.41791 4.47455 4.57833 4.60286 4.66419 4.86914 
3.62988 4.07201 4.41791 4.47455 4.57833 4.60286 4.66419 4.86914 
3.62988 4.07201 4.41791 4.47455 4.57833 4.60286 4.66419 4.86914 
3.62988 4.07201 4.41791 4.47455 4.57833 4.60286 4.66419 4.86914 
3.62988 4.07201 4.41791 4.47455 4.57833 4.60286 4.66419 4.86914 
3.62988 4.07201 4.41791 4.47455 4.57833 4.60286 4.66419 4.86914 
3.62988 4.07201 4.41791 4.47455 4.57833 4.60286 4.66419 4.86914 
3.62988 4.07201 4.41791 4.47455 4.57833 4.60286 4.66419 4.86914 
3.62988 4.07201 4.41791 4.47455 4.57833 4.60286 4.66419 4.86914 
3.62988 4.07201 4.41791 4.47455 4.57833 4.60286 4.66419 4.86914 
3.62988 4.07201 4.41791 4.47455 4.57833 4.60286 4.66419 4.86914 
3.62988 4.07201 4.41791 4.47455 4.57833 4.60286 4.66419 4.86914 
3.62988 4.07201 4.41791 4.47455 4.57833 4.60286 4.66419 4.86914 
3.62988 4.07201 4.41791 4.47455 4.57833 4.60286 4.66419 4.86914 
3.62988 4.07201 4.41791 4.47455 4.57833 4.60286 4.66419 4.86914 
3.62988 4.07201 4.41791 4.47455 4.57833 4.60286 4.66419 4.86914 
3.62988 4.07201 4.41791 4.47455 4.57833 4.60286 4.66419 4.86914 
3.62988 4.07201 4.41791 4.47455 4.57833 4.60286 4.66419 4.86914 
3.62988 4.07201 4.41791 4.47455 4.57833 4.60286 4.66419 4.86914 
3.62988 4.07201 4.41791 4.47455 4.57833 4.60286 4.66419 4.86914 
3.62988 4.07201 4.41791 4.47455 4.57833 4.60286 4.66419 4.86914 
