3.55115 3.81463 4.7497 6.27872 7.9502 8.18402 8.3306 9.38683 
3.55115 3.81463 4.7497 5.92038 6.27872 7.9502 8.18402 8.27524 
3.55115 3.81463 4.7497 5.92038 6.27872 7.9502 8.18402 8.27524 
3.55115 3.81463 4.52139 4.7497 5.92038 6.27872 7.69192 7.9502 
3.55115 3.81463 4.52139 4.7497 5.92038 6.27872 7.69192 7.9502 
3.55115 3.81463 4.52139 4.7497 5.92038 6.27872 7.69192 7.9502 
3.55115 3.81463 4.52139 4.7497 5.92038 6.27872 7.69192 7.9502 
3.55115 3.64939 3.81463 4.52139 4.7497 5.92038 6.27872 7.69192 
3.55115 3.64939 3.81463 4.52139 4.52358 4.7497 5.92038 6.27872 
3.55115 3.64939 3.81463 4.52139 4.52358 4.7497 5.92038 6.27872 
3.55115 3.64939 3.81463 4.52139 4.52358 4.7497 5.92038 6.27872 
3.55115 3.64939 3.81463 4.52139 4.52358 4.7497 5.92038 6.27872 
3.55115 3.64939 3.81463 4.52139 4.52358 4.7497 5.06991 5.92038 
3.55115 3.64939 3.81463 4.52139 4.52358 4.7497 5.06991 5.92038 
3.55115 3.64939 3.81463 4.52139 4.52358 4.7497 5.06991 5.92038 
3.55115 3.64939 3.81463 4.52139 4.52358 4.7497 5.06991 5.76718 
3.55115 3.64939 3.81463 3.90282 4.52139 4.52358 4.7497 5.06991 
3.55115 3.64939 3.81463 3.90282 4.52139 4.52358 4.7497 5.06991 
3.55115 3.64939 3.81463 3.90282 4.52139 4.52358 4.7399 4.7497 
0.365688 2.57207 3.55115 3.64939 3.81463 3.90282 4.52139 4.52358 
0.365688 2.57207 3.27035 3.55115 3.64939 3.81463 3.83849 3.90282 
0.365688 2.57207 3.27035 3.55115 3.64939 3.81463 3.83849 3.90282 
0.365688 2.57207 3.27035 3.55115 3.64939 3.81463 3.83849 3.90282 
0.365688 2.57207 3.27035 3.55115 3.64939 3.81463 3.83849 3.90282 
0.365688 2.57207 3.27035 3.55115 3.64939 3.81463 3.83849 3.90282 
0.365688 2.57207 3.09563 3.27035 3.55115 3.64939 3.81463 3.83849 
0.365688 2.456 2.57207 3.09563 3.27035 3.55115 3.64939 3.81463 
0.365688 2.456 2.57207 3.09563 3.13799 3.27035 3.55115 3.64939 
0.365688 2.456 2.57207 3.09563 3.13799 3.27035 3.55115 3.64939 
0.365688 2.456 2.57207 3.09563 3.13799 3.27035 3.28456 3.55115 
0.365688 2.456 2.57207 3.09563 3.13799 3.27035 3.28456 3.55115 
0.365688 2.456 2.57207 3.09563 3.13799 3.27035 3.28456 3.52841 
0.365688 2.456 2.57207 3.09563 3.13799 3.27035 3.28456 3.2916 
0.365688 2.456 2.57207 3.09563 3.13799 3.27035 3.28456 3.2916 
0.365688 2.456 2.57207 3.09563 3.13799 3.27035 3.28456 3.2916 
0.365688 2.456 2.57207 3.09563 3.13799 3.27035 3.28456 3.2916 
0.365688 0.937279 2.456 2.57207 3.09563 3.13799 3.27035 3.28456 
0.365688 0.937279 2.456 2.57207 3.09563 3.13799 3.27035 3.28456 
0.365688 0.937279 2.456 2.57207 3.09563 3.13799 3.27035 3.28456 
0.365688 0.937279 2.456 2.57207 2.652 3.09563 3.13799 3.27035 
0.365688 0.937279 2.456 2.57207 2.652 3.09563 3.13799 3.25579 
0.365688 0.937279 2.456 2.57207 2.652 3.09563 3.13799 3.25579 
0.365688 0.937279 2.456 2.57207 2.652 3.09563 3.13799 3.21838 
0.365688 0.937279 2.456 2.57207 2.652 2.85292 3.09563 3.13799 
0.365688 0.937279 2.456 2.57207 2.652 2.85292 3.09563 3.13799 
0.365688 0.937279 2.456 2.57207 2.652 2.85292 3.09563 3.13799 
0.365688 0.937279 2.456 2.57207 2.652 2.85292 3.09563 3.13799 
0.365688 0.937279 2.456 2.57207 2.652 2.85292 3.09563 3.13799 
0.365688 0.937279 2.456 2.57207 2.652 2.85292 3.09563 3.13799 
0.365688 0.937279 2.456 2.57207 2.652 2.85292 3.09563 3.13799 
0.365688 0.937279 2.456 2.57207 2.652 2.85292 3.09563 3.13799 
0.365688 0.937279 2.456 2.57207 2.652 2.85292 3.09563 3.13799 
0.365688 0.937279 2.38542 2.456 2.57207 2.652 2.85292 3.09563 
0.365688 0.937279 2.38542 2.456 2.57207 2.652 2.85292 3.09563 
0.365688 0.937279 2.38542 2.456 2.57207 2.652 2.85292 3.09563 
0.365688 0.937279 2.38542 2.456 2.57207 2.652 2.85292 3.09563 
0.365688 0.937279 2.38542 2.456 2.57207 2.652 2.85292 3.01272 
0.365688 0.937279 2.38542 2.456 2.57207 2.652 2.85292 3.01272 
0.365688 0.937279 2.38542 2.456 2.57207 2.652 2.85292 3.01272 
0.365688 0.937279 2.38542 2.456 2.57207 2.652 2.85292 3.01272 
0.365688 0.937279 2.38542 2.456 2.57207 2.652 2.85292 3.01272 
0.365688 0.937279 1.18891 2.04929 2.38542 2.456 2.57207 2.652 
0.365688 0.937279 1.18891 2.04929 2.38542 2.456 2.57207 2.652 
0.365688 0.937279 1.18891 2.04929 2.38542 2.456 2.57207 2.652 
0.365688 0.937279 1.18891 1.61722 2.04929 2.38542 2.456 2.57207 
0.365688 0.937279 1.18891 1.61722 2.04929 2.36061 2.38542 2.456 
0.365688 0.937279 1.18891 1.61722 1.72055 2.04929 2.36061 2.38542 
0.365688 0.937279 1.07823 1.18891 1.61722 1.72055 2.04929 2.36061 
0.365688 0.937279 1.07823 1.18891 1.61722 1.72055 2.04929 2.36061 
0.365688 0.937279 1.07823 1.18891 1.61722 1.72055 2.04929 2.36061 
0.365688 0.937279 1.07823 1.18891 1.61722 1.72055 2.04929 2.36061 
0.365688 0.937279 1.07823 1.18891 1.61722 1.72055 2.04929 2.36061 
0.365688 0.937279 1.07823 1.18891 1.61722 1.72055 2.04929 2.36061 
0.365688 0.937279 1.07823 1.18891 1.61722 1.72055 2.04929 2.36061 
0.365688 0.937279 1.07823 1.18891 1.43161 1.59494 1.61722 1.72055 
0.365688 0.937279 1.07823 1.18891 1.43161 1.59494 1.61722 1.72055 
0.365688 0.937279 1.07823 1.18891 1.43161 1.59494 1.61722 1.72055 
0.365688 0.937279 1.07823 1.18891 1.43161 1.59494 1.61722 1.72055 
0.365688 0.937279 1.07823 1.18891 1.43161 1.59494 1.61722 1.72055 
0.365688 0.937279 1.07823 1.18891 1.43161 1.59494 1.61722 1.72055 
0.365688 0.937279 1.07823 1.1444 1.18891 1.43161 1.59494 1.61722 
0.365688 0.937279 1.07823 1.1444 1.18891 1.43161 1.59494 1.61722 
0.365688 0.937279 1.07823 1.1444 1.18891 1.43161 1.59494 1.61722 
0.365688 0.937279 1.07823 1.1444 1.18891 1.3255 1.43161 1.59494 
0.365688 0.937279 1.07823 1.1444 1.18891 1.3255 1.43161 1.47243 
0.365688 0.937279 1.07823 1.1444 1.18891 1.3255 1.43161 1.46191 
0.365688 0.937279 0.974134 1.07823 1.1444 1.18891 1.3255 1.43161 
0.365688 0.937279 0.974134 1.07823 1.1444 1.18891 1.3255 1.43161 
0.365688 0.937279 0.974134 1.07823 1.1444 1.18891 1.3255 1.3886 
0.365688 0.937279 0.974134 1.07823 1.1444 1.18891 1.3255 1.3886 
0.365688 0.937279 0.974134 1.07823 1.1444 1.18891 1.24728 1.3255 
0.365688 0.937279 0.974134 0.977089 1.07823 1.1444 1.18891 1.24728 
0.365688 0.937279 0.974134 0.977089 1.07823 1.1444 1.18891 1.24728 
0.365688 0.937279 0.974134 0.977089 1.07823 1.1444 1.18891 1.23111 
0.365688 0.54202 0.937279 0.974134 0.977089 1.07823 1.1444 1.18891 
0.365688 0.54202 0.937279 0.974134 0.977089 1.07823 1.1444 1.18891 
0.365688 0.54202 0.937279 0.974134 0.977089 1.07823 1.1444 1.18891 
0.365688 0.54202 0.937279 0.974134 0.977089 1.07823 1.1444 1.18891 
0.365688 0.54202 0.937279 0.974134 0.977089 1.07823 1.1444 1.18891 
0.365688 0.54202 0.937279 0.974134 0.977089 1.07823 1.1444 1.18891 
