3.21737 4.48347 4.59126 5.66582 6.45452 7.4027 7.40858 7.87393 
3.21737 4.48347 4.59126 5.66582 5.82392 6.45452 6.79365 6.99399 
3.07525 3.21737 4.48347 4.59126 5.66582 5.82392 6.25438 6.28002 
3.07525 3.21737 4.48347 4.59126 5.66582 5.82392 5.91949 6.25438 
3.07525 3.21737 4.48347 4.58651 4.59126 5.66582 5.82392 5.89665 
3.07525 3.21737 4.48347 4.58651 4.59126 5.66582 5.82392 5.89665 
3.07525 3.21737 4.48347 4.58651 4.59126 5.52936 5.66582 5.82392 
3.07525 3.21737 4.48347 4.58651 4.59126 5.52936 5.66582 5.82392 
3.07525 3.21737 4.48347 4.58651 4.59126 5.52936 5.66582 5.82392 
3.07525 3.21737 4.48347 4.58651 4.59126 5.52936 5.66582 5.82392 
3.07525 3.21737 4.09815 4.48347 4.58651 4.59126 5.29578 5.52936 
3.07525 3.21737 4.09815 4.48347 4.58651 4.59126 5.29578 5.52936 
3.07525 3.21737 4.09815 4.48347 4.58651 4.59126 5.29578 5.52936 
3.07525 3.21737 4.09815 4.48347 4.58651 4.59126 5.29578 5.52936 
3.07525 3.21737 4.09815 4.48347 4.58651 4.59126 5.29578 5.52936 
3.07525 3.21737 4.09815 4.48347 4.58651 4.59126 5.29578 5.52936 
3.07525 3.21737 4.09815 4.48347 4.58651 4.59126 5.29578 5.52936 
3.07525 3.21737 4.09815 4.48347 4.58651 4.59126 5.29578 5.52936 
3.07525 3.21737 4.09815 4.48347 4.58651 4.59126 5.29578 5.52936 
3.07525 3.21737 4.09815 4.48347 4.58651 4.59126 5.29578 5.52936 
3.07525 3.21737 4.09815 4.48347 4.58651 4.59126 5.29578 5.52936 
3.07525 3.21737 4.09815 4.48347 4.58651 4.59126 5.29578 5.52936 
3.07525 3.21737 4.09815 4.48347 4.58651 4.59126 5.29578 5.52936 
3.07525 3.21737 4.09815 4.48347 4.58651 4.59126 5.29578 5.52936 
3.07525 3.21737 4.09815 4.48347 4.58651 4.59126 5.29578 5.52936 
3.07525 3.21737 4.09815 4.48347 4.58651 4.59126 5.29578 5.52936 
3.07525 3.21737 4.09815 4.48347 4.58651 4.59126 5.29578 5.52936 
3.07525 3.21737 4.09815 4.48347 4.58651 4.59126 5.29578 5.52936 
3.07525 3.21737 4.09815 4.48347 4.58651 4.59126 5.29578 5.52936 
3.07525 3.21737 4.09815 4.48347 4.58651 4.59126 5.29578 5.52936 
3.07525 3.21737 4.09815 4.48347 4.58651 4.59126 5.29578 5.52936 
3.07525 3.21737 4.09815 4.48347 4.58651 4.59126 5.29578 5.52936 
3.07525 3.21737 4.09815 4.48347 4.58651 4.59126 5.29578 5.52936 
3.07525 3.21737 4.09815 4.48347 4.58651 4.59126 5.29578 5.52936 
3.07525 3.21737 4.09815 4.48347 4.58651 4.59126 5.29578 5.52936 
3.07525 3.21737 4.09815 4.48347 4.58651 4.59126 5.29578 5.52936 
3.07525 3.21737 4.09815 4.48347 4.58651 4.59126 5.29578 5.52936 
3.07525 3.21737 4.09815 4.48347 4.58651 4.59126 5.29578 5.52936 
3.07525 3.21737 4.09815 4.48347 4.58651 4.59126 5.29578 5.52936 
3.07525 3.21737 4.09815 4.48347 4.58651 4.59126 5.29578 5.52936 
3.07525 3.21737 4.09815 4.48347 4.58651 4.59126 5.29578 5.52936 
3.07525 3.21737 4.09815 4.48347 4.58651 4.59126 5.29578 5.52936 
3.07525 3.21737 4.09815 4.48347 4.58651 4.59126 5.29578 5.52936 
3.07525 3.21737 4.09815 4.48347 4.58651 4.59126 5.29578 5.52936 
3.07525 3.21737 4.09815 4.48347 4.58651 4.59126 5.29578 5.52936 
3.07525 3.21737 4.09815 4.48347 4.58651 4.59126 5.29578 5.52936 
3.07525 3.21737 4.09815 4.48347 4.58651 4.59126 5.29578 5.52936 
3.07525 3.21737 4.09815 4.48347 4.58651 4.59126 5.29578 5.52936 
3.07525 3.21737 4.09815 4.48347 4.58651 4.59126 5.29578 5.52936 
3.07525 3.21737 4.09815 4.48347 4.58651 4.59126 5.29578 5.52936 
3.07525 3.21737 4.09815 4.48347 4.58651 4.59126 5.29578 5.52936 
3.07525 3.21737 4.09815 4.48347 4.58651 4.59126 5.29578 5.52936 
3.07525 3.21737 4.09815 4.48347 4.58651 4.59126 5.29578 5.52936 
3.07525 3.21737 4.09815 4.48347 4.58651 4.59126 5.29578 5.52936 
3.07525 3.21737 4.09815 4.48347 4.58651 4.59126 5.29578 5.52936 
3.07525 3.21737 4.09815 4.48347 4.58651 4.59126 5.29578 5.52936 
3.07525 3.21737 4.09815 4.48347 4.58651 4.59126 5.29578 5.52936 
3.07525 3.21737 4.09815 4.48347 4.58651 4.59126 5.29578 5.52936 
3.07525 3.21737 4.09815 4.48347 4.58651 4.59126 5.29578 5.52936 
3.07525 3.21737 4.09815 4.48347 4.58651 4.59126 5.29578 5.52936 
3.07525 3.21737 4.09815 4.48347 4.58651 4.59126 5.29578 5.52936 
3.07525 3.21737 4.09815 4.48347 4.58651 4.59126 5.29578 5.52936 
3.07525 3.21737 4.09815 4.48347 4.58651 4.59126 5.29578 5.52936 
3.07525 3.21737 4.09815 4.48347 4.58651 4.59126 5.29578 5.52936 
3.07525 3.21737 4.09815 4.48347 4.58651 4.59126 5.29578 5.52936 
3.07525 3.21737 4.09815 4.48347 4.58651 4.59126 5.29578 5.52936 
3.07525 3.21737 4.09815 4.48347 4.58651 4.59126 5.29578 5.52936 
3.07525 3.21737 4.09815 4.48347 4.58651 4.59126 5.29578 5.52936 
3.07525 3.21737 4.09815 4.48347 4.58651 4.59126 5.29578 5.52936 
3.07525 3.21737 4.09815 4.48347 4.58651 4.59126 5.29578 5.52936 
3.07525 3.21737 4.09815 4.48347 4.58651 4.59126 5.29578 5.52936 
3.07525 3.21737 4.09815 4.48347 4.58651 4.59126 5.29578 5.52936 
3.07525 3.21737 4.09815 4.48347 4.58651 4.59126 5.29578 5.52936 
3.07525 3.21737 4.09815 4.48347 4.58651 4.59126 5.29578 5.52936 
3.07525 3.21737 4.09815 4.48347 4.58651 4.59126 5.29578 5.52936 
3.07525 3.21737 4.09815 4.48347 4.58651 4.59126 5.29578 5.52936 
3.07525 3.21737 4.09815 4.48347 4.58651 4.59126 5.29578 5.52936 
3.07525 3.21737 4.09815 4.48347 4.58651 4.59126 5.29578 5.52936 
3.07525 3.21737 4.09815 4.48347 4.58651 4.59126 5.29578 5.52936 
3.07525 3.21737 4.09815 4.48347 4.58651 4.59126 5.29578 5.52936 
3.07525 3.21737 4.09815 4.48347 4.58651 4.59126 5.29578 5.52936 
3.07525 3.21737 4.09815 4.48347 4.58651 4.59126 5.29578 5.52936 
3.07525 3.21737 4.09815 4.48347 4.58651 4.59126 5.29578 5.52936 
3.07525 3.21737 4.09815 4.48347 4.58651 4.59126 5.29578 5.52936 
3.07525 3.21737 4.09815 4.48347 4.58651 4.59126 5.29578 5.52936 
3.07525 3.21737 4.09815 4.48347 4.58651 4.59126 5.29578 5.52936 
3.07525 3.21737 4.09815 4.48347 4.58651 4.59126 5.29578 5.52936 
3.07525 3.21737 4.09815 4.48347 4.58651 4.59126 5.29578 5.52936 
3.07525 3.21737 4.09815 4.48347 4.58651 4.59126 5.29578 5.52936 
3.07525 3.21737 4.09815 4.48347 4.58651 4.59126 5.29578 5.52936 
3.07525 3.21737 4.09815 4.48347 4.58651 4.59126 5.29578 5.52936 
3.07525 3.21737 4.09815 4.48347 4.58651 4.59126 5.29578 5.52936 
3.07525 3.21737 4.09815 4.48347 4.58651 4.59126 5.29578 5.52936 
3.07525 3.21737 4.09815 4.48347 4.58651 4.59126 5.29578 5.52936 
3.07525 3.21737 4.09815 4.48347 4.58651 4.59126 5.29578 5.52936 
3.07525 3.21737 4.09815 4.48347 4.58651 4.59126 5.29578 5.52936 
3.07525 3.21737 4.09815 4.48347 4.58651 4.59126 5.29578 5.52936 
3.07525 3.21737 4.09815 4.48347 4.58651 4.59126 5.29578 5.52936 
3.07525 3.21737 4.09815 4.48347 4.58651 4.59126 5.29578 5.52936 
3.07525 3.21737 4.09815 4.48347 4.58651 4.59126 5.29578 5.52936 
