2.86839 3.85309 5.85834 6.97708 8.14674 9.16345 10.2597 11.6876 
2.86839 3.85309 4.5221 5.13786 5.44033 5.80575 5.85834 6.97708 
2.86839 3.85309 4.3691 4.5221 5.13786 5.44033 5.80575 5.85834 
2.86839 3.85309 4.3691 4.5221 4.98768 5.13786 5.44033 5.80575 
2.86839 3.85309 4.3691 4.5221 4.98768 5.13786 5.44033 5.80575 
2.86839 3.85309 4.3691 4.5221 4.53588 4.98768 5.13786 5.29325 
2.86839 3.85309 4.3691 4.5221 4.53588 4.98768 5.13786 5.29325 
2.86839 3.76328 3.85309 4.3691 4.5221 4.53588 4.98768 5.13786 
2.86839 3.48326 3.76328 3.85309 4.3691 4.5221 4.53588 4.98768 
2.86839 3.48326 3.76328 3.85309 4.08584 4.3691 4.5221 4.53588 
2.86839 3.48326 3.76328 3.85309 4.08584 4.3691 4.5221 4.53588 
2.86839 3.48326 3.76328 3.85309 4.08584 4.3691 4.5221 4.53588 
2.86839 3.48326 3.76328 3.85309 4.08584 4.3691 4.5221 4.53588 
2.86839 3.48326 3.61273 3.76328 3.84077 3.85309 4.08584 4.0917 
2.86839 3.48326 3.61273 3.76328 3.84077 3.85309 4.08584 4.0917 
2.86839 3.48326 3.61273 3.76328 3.84077 3.85309 4.08584 4.0917 
2.86839 3.48326 3.61273 3.76328 3.84077 3.85309 4.08584 4.0917 
2.86839 3.48326 3.61273 3.76328 3.84077 3.85309 4.08584 4.0917 
2.86839 3.48326 3.61273 3.76328 3.84077 3.85309 4.08584 4.0917 
2.86839 3.48326 3.61273 3.76328 3.84077 3.85309 4.08584 4.0917 
2.86839 3.48326 3.61273 3.76328 3.84077 3.85309 4.08584 4.0917 
2.86839 3.48326 3.61273 3.76328 3.84077 3.85309 4.08584 4.0917 
0.136412 2.86839 3.48326 3.61273 3.76328 3.84077 3.85309 4.08584 
0.136412 2.86839 3.48326 3.61273 3.76328 3.84077 3.85309 4.08584 
0.136412 2.70969 2.86839 3.48326 3.61273 3.76328 3.84077 3.85309 
0.136412 2.70969 2.86839 3.48326 3.61273 3.76328 3.84077 3.85309 
0.136412 2.70969 2.86839 3.48326 3.61273 3.76328 3.84077 3.85309 
0.136412 2.70969 2.86839 3.48326 3.61273 3.76328 3.84077 3.85309 
0.136412 2.70969 2.86839 3.48326 3.61273 3.76328 3.84077 3.85309 
0.136412 2.70969 2.86839 3.48326 3.61273 3.76328 3.84077 3.85309 
0.136412 2.70969 2.86839 3.48326 3.61273 3.76328 3.84077 3.85309 
0.136412 2.70969 2.86839 3.48326 3.61273 3.76328 3.84077 3.85309 
0.136412 2.70969 2.86839 3.48326 3.61273 3.76328 3.84077 3.85309 
0.136412 2.70969 2.86839 3.48326 3.61273 3.76328 3.84077 3.85309 
0.136412 2.70969 2.86839 3.48326 3.61273 3.76328 3.84077 3.85309 
0.136412 2.70969 2.86839 3.48326 3.61273 3.76328 3.84077 3.85309 
0.136412 2.70969 2.86839 3.48326 3.61273 3.76328 3.84077 3.85309 
0.136412 2.70969 2.86839 3.48326 3.61273 3.76328 3.84077 3.85309 
0.136412 2.70969 2.86839 3.48326 3.61273 3.76328 3.84077 3.85309 
0.136412 2.70969 2.86839 3.48326 3.61273 3.76328 3.84077 3.85309 
0.136412 2.70969 2.86839 3.48326 3.61273 3.76328 3.84077 3.85309 
0.136412 2.70969 2.86839 3.48326 3.61273 3.76328 3.84077 3.85309 
0.136412 2.70969 2.86839 3.48326 3.61273 3.76328 3.84077 3.85309 
0.136412 2.70969 2.86839 3.48326 3.61273 3.76328 3.84077 3.85309 
0.136412 2.70969 2.86839 3.48326 3.61273 3.76328 3.84077 3.85309 
0.136412 2.40678 2.70969 2.86839 3.48326 3.61273 3.76328 3.84077 
0.136412 2.40678 2.70969 2.86839 3.48326 3.61273 3.76328 3.84077 
0.136412 2.40678 2.70969 2.86839 3.38951 3.48326 3.61273 3.76328 
0.136412 2.40678 2.70969 2.86839 3.38951 3.48326 3.61273 3.76328 
0.136412 2.40678 2.70969 2.86839 3.38951 3.48326 3.61273 3.76328 
0.136412 2.40678 2.70969 2.86839 3.38951 3.48326 3.61273 3.76328 
0.136412 2.40678 2.70969 2.86839 3.38951 3.48326 3.61273 3.76328 
0.136412 2.40678 2.70969 2.86839 3.38951 3.48326 3.61273 3.76328 
0.136412 2.40678 2.70969 2.86839 3.38951 3.48326 3.61273 3.76328 
0.136412 2.40678 2.70969 2.83975 2.86839 3.38951 3.48326 3.61273 
0.136412 2.40678 2.70969 2.83975 2.86839 3.38951 3.48326 3.61273 
0.136412 2.40678 2.70969 2.83975 2.86839 3.38951 3.48326 3.61273 
0.136412 2.40678 2.70969 2.83975 2.86839 3.38951 3.48326 3.61273 
0.136412 2.40678 2.70969 2.83975 2.86839 3.38951 3.48326 3.61273 
0.136412 2.40678 2.70969 2.83975 2.86839 3.38951 3.48326 3.61273 
0.136412 2.40678 2.70969 2.83975 2.86839 3.38951 3.48326 3.61273 
0.136412 2.40678 2.70969 2.83975 2.86839 3.38951 3.48326 3.61273 
0.136412 2.40678 2.70969 2.83975 2.86839 3.38951 3.48326 3.61273 
0.136412 2.40678 2.70969 2.83975 2.86839 3.38951 3.48326 3.61273 
0.136412 2.40678 2.70969 2.83975 2.86839 3.38951 3.48326 3.61273 
0.136412 2.40678 2.70969 2.83975 2.86839 3.38951 3.48326 3.61273 
0.136412 2.40678 2.70969 2.83975 2.86839 3.38951 3.48326 3.61273 
0.136412 2.40678 2.70969 2.83975 2.86839 3.38951 3.48326 3.61273 
0.136412 2.40678 2.70969 2.83975 2.86839 3.38951 3.48326 3.61273 
0.136412 2.40678 2.70969 2.83975 2.86839 3.38951 3.48326 3.61273 
0.136412 2.40678 2.70969 2.83975 2.86839 3.38951 3.48326 3.61273 
0.136412 2.40678 2.70969 2.83975 2.86839 3.38951 3.48326 3.61273 
0.136412 2.40678 2.70969 2.83975 2.86839 3.38951 3.48326 3.61273 
0.136412 2.40678 2.70969 2.83975 2.86839 3.38951 3.48326 3.61273 
0.136412 2.40678 2.70969 2.83975 2.86839 3.38951 3.48326 3.61273 
0.136412 2.40678 2.70969 2.83975 2.86839 3.38951 3.48326 3.61273 
0.136412 2.40678 2.70969 2.83975 2.86839 3.38951 3.48326 3.61273 
0.136412 2.40678 2.70969 2.83975 2.86839 3.38951 3.48326 3.61273 
0.136412 2.40678 2.70969 2.83975 2.86839 3.38951 3.48326 3.61273 
0.136412 2.40678 2.70969 2.83975 2.86839 3.38951 3.48326 3.61273 
0.136412 2.40678 2.70969 2.83975 2.86839 3.38951 3.48326 3.61273 
0.136412 2.40678 2.70969 2.83975 2.86839 3.38951 3.48326 3.61273 
0.136412 2.40678 2.70969 2.83975 2.86839 3.38951 3.48326 3.61273 
0.136412 2.40678 2.70969 2.83975 2.86839 3.38951 3.48326 3.61273 
0.136412 2.40678 2.70969 2.83975 2.86839 3.38951 3.48326 3.61273 
0.136412 2.40678 2.70969 2.83975 2.86839 3.38951 3.48326 3.61273 
0.136412 2.40678 2.70969 2.83975 2.86839 3.38951 3.48326 3.61273 
0.136412 2.40678 2.70969 2.83975 2.86839 3.38951 3.48326 3.61273 
0.136412 2.40678 2.70969 2.83975 2.86839 3.38951 3.48326 3.61273 
0.136412 2.40678 2.70969 2.83975 2.86839 3.38951 3.48326 3.61273 
0.136412 2.40678 2.70969 2.83975 2.86839 3.38951 3.48326 3.61273 
0.136412 2.40678 2.70969 2.83975 2.86839 3.38951 3.48326 3.61273 
0.136412 2.40678 2.70969 2.83975 2.86839 3.38951 3.48326 3.61273 
0.136412 2.40678 2.70969 2.83975 2.86839 3.38951 3.48326 3.61273 
0.136412 2.40678 2.70969 2.83975 2.86839 3.38951 3.48326 3.61273 
0.136412 2.40678 2.70969 2.83975 2.86839 3.38951 3.48326 3.61273 
0.136412 2.40678 2.70969 2.83975 2.86839 3.38951 3.48326 3.61273 
0.136412 2.40678 2.70969 2.83975 2.86839 3.38951 3.48326 3.61273 
0.136412 2.40678 2.70969 2.83975 2.86839 3.38951 3.48326 3.61273 
0.136412 2.40678 2.70969 2.83975 2.86839 3.38951 3.48326 3.61273 
