4.36179 4.81275 5.85269 6.30556 6.99953 7.20523 7.76191 9.092 
4.36179 4.81275 5.85269 6.30556 6.64197 6.99953 7.20523 7.21968 
4.36179 4.77819 4.81275 5.85269 6.22188 6.30556 6.64197 6.99953 
4.36179 4.77819 4.81275 5.85269 6.22188 6.30556 6.64197 6.99953 
4.36179 4.77819 4.81275 5.85269 6.22188 6.30556 6.64197 6.99953 
4.36179 4.77819 4.81275 5.85269 6.22188 6.30556 6.64197 6.99953 
4.36179 4.77819 4.81275 5.85269 6.22188 6.30556 6.64197 6.99953 
4.36179 4.77819 4.81275 5.66292 5.85269 6.22188 6.30556 6.64197 
4.36179 4.77819 4.81275 5.66292 5.85269 6.22188 6.30556 6.64197 
4.36179 4.57357 4.77819 4.81275 5.66292 5.85269 6.22188 6.30556 
4.36179 4.57357 4.77819 4.81275 5.66292 5.85269 6.22188 6.30556 
4.36179 4.57357 4.77819 4.81275 5.66292 5.85269 6.22188 6.30556 
4.36179 4.57357 4.77819 4.81275 5.66292 5.85269 6.22188 6.30556 
2.9827 4.36179 4.57357 4.77819 4.81275 5.66292 5.85269 6.22188 
2.9827 4.36179 4.57357 4.77819 4.81275 5.66292 5.85269 6.22188 
2.9827 4.36179 4.57357 4.77819 4.81275 5.66292 5.85269 6.22188 
2.9827 4.36179 4.57357 4.77819 4.81275 5.66292 5.85269 6.22188 
2.9827 4.36179 4.57357 4.77819 4.81275 5.66292 5.85269 6.22188 
2.9827 4.36179 4.57357 4.77819 4.81275 5.66292 5.85269 6.22188 
2.9827 4.36179 4.57357 4.77819 4.81275 5.66292 5.85269 6.22188 
2.9827 4.36179 4.57357 4.77819 4.81275 5.66292 5.85269 6.22188 
2.9827 4.36179 4.57357 4.77819 4.81275 5.66292 5.85269 6.22188 
2.9827 4.36179 4.57357 4.77819 4.81275 5.66292 5.85269 6.05886 
2.9827 4.36179 4.57357 4.77819 4.81275 5.66292 5.85269 6.05886 
2.9827 4.36179 4.57357 4.77819 4.81275 5.66292 5.85269 6.05886 
2.9827 4.36179 4.57357 4.77819 4.81275 5.66292 5.85269 6.05886 
2.9827 4.36179 4.57357 4.77819 4.81275 5.66292 5.85269 6.05886 
2.9827 4.36179 4.57357 4.77819 4.81275 5.66292 5.85269 6.05886 
2.9827 4.36179 4.57357 4.77819 4.81275 5.66292 5.85269 6.05886 
2.9827 4.36179 4.57357 4.77819 4.81275 5.66292 5.85269 6.05886 
2.9827 4.36179 4.57357 4.77819 4.81275 5.66292 5.85269 6.05886 
2.9827 4.36179 4.57357 4.77819 4.81275 5.66292 5.85269 6.05886 
2.9827 4.36179 4.57357 4.77819 4.81275 5.66292 5.85269 6.05886 
2.75201 2.9827 4.36179 4.57357 4.77819 4.81275 5.66292 5.85269 
2.75201 2.9827 4.36179 4.57357 4.77819 4.81275 5.66292 5.85269 
2.51857 2.75201 2.9827 4.36179 4.57357 4.77819 4.81275 5.66292 
2.51857 2.75201 2.9827 4.36179 4.57357 4.77819 4.81275 5.66292 
2.51857 2.75201 2.9827 4.36179 4.57357 4.77819 4.81275 5.66292 
2.51857 2.75201 2.9827 4.36179 4.57357 4.77819 4.81275 5.66292 
2.51857 2.75201 2.9827 4.36179 4.57357 4.77819 4.81275 5.66292 
2.51857 2.75201 2.9827 4.36179 4.57357 4.77819 4.81275 5.66292 
2.51857 2.75201 2.9827 4.36179 4.57357 4.77819 4.81275 5.66292 
2.51857 2.75201 2.9827 4.36179 4.57357 4.77819 4.81275 5.66292 
2.51857 2.75201 2.9827 4.36179 4.57357 4.77819 4.81275 5.66292 
2.51857 2.75201 2.9827 4.36179 4.57357 4.77819 4.81275 5.66292 
2.51857 2.75201 2.9827 4.36179 4.57357 4.77819 4.81275 5.66292 
2.51857 2.75201 2.9827 4.36179 4.57357 4.77819 4.81275 5.66292 
2.51857 2.75201 2.9827 4.36179 4.57357 4.77819 4.81275 5.66292 
2.51857 2.75201 2.9827 4.36179 4.57357 4.77819 4.81275 5.66292 
2.51857 2.75201 2.9827 4.36179 4.57357 4.77819 4.81275 5.66292 
2.51857 2.75201 2.9827 4.36179 4.57357 4.77819 4.81275 5.66292 
2.51857 2.75201 2.9827 4.36179 4.57357 4.77819 4.81275 5.66292 
2.51857 2.75201 2.9827 4.36179 4.57357 4.77819 4.81275 5.66292 
2.51857 2.75201 2.9827 4.36179 4.57357 4.77819 4.81275 5.66292 
2.51857 2.75201 2.9827 4.36179 4.57357 4.77819 4.81275 5.66292 
2.51857 2.75201 2.9827 4.36179 4.57357 4.77819 4.81275 5.66292 
2.51857 2.75201 2.9827 4.36179 4.57357 4.77819 4.81275 5.66292 
2.51857 2.75201 2.9827 4.36179 4.57357 4.77819 4.81275 5.66292 
2.51857 2.75201 2.9827 4.36179 4.57357 4.77819 4.81275 5.66292 
2.51857 2.75201 2.9827 4.36179 4.57357 4.77819 4.81275 5.66292 
2.51857 2.75201 2.9827 4.36179 4.57357 4.77819 4.81275 5.66292 
2.51857 2.75201 2.9827 4.36179 4.57357 4.77819 4.81275 5.66292 
2.51857 2.75201 2.9827 4.36179 4.57357 4.77819 4.81275 5.66292 
2.51857 2.75201 2.9827 4.36179 4.57357 4.77819 4.81275 5.66292 
2.51857 2.75201 2.9827 4.36179 4.57357 4.77819 4.81275 5.66292 
2.51857 2.75201 2.9827 4.36179 4.57357 4.77819 4.81275 5.66292 
2.51857 2.75201 2.9827 4.36179 4.57357 4.77819 4.81275 5.66292 
2.51857 2.75201 2.9827 4.36179 4.57357 4.77819 4.81275 5.66292 
2.51857 2.75201 2.9827 4.36179 4.57357 4.77819 4.81275 5.66292 
2.51857 2.75201 2.9827 4.36179 4.57357 4.77819 4.81275 5.66292 
2.51857 2.75201 2.9827 4.36179 4.57357 4.77819 4.81275 5.66292 
2.51857 2.75201 2.9827 4.36179 4.57357 4.77819 4.81275 5.66292 
2.51857 2.75201 2.9827 4.36179 4.57357 4.77819 4.81275 5.66292 
2.51857 2.75201 2.9827 4.36179 4.57357 4.77819 4.81275 5.66292 
2.51857 2.75201 2.9827 4.36179 4.57357 4.77819 4.81275 5.66292 
2.51857 2.75201 2.9827 4.36179 4.57357 4.77819 4.81275 5.66292 
2.51857 2.75201 2.9827 4.36179 4.57357 4.77819 4.81275 5.66292 
2.51857 2.75201 2.9827 4.36179 4.57357 4.77819 4.81275 5.66292 
2.51857 2.75201 2.9827 4.36179 4.57357 4.77819 4.81275 5.66292 
2.51857 2.75201 2.9827 4.36179 4.57357 4.77819 4.81275 5.66292 
2.51857 2.75201 2.9827 4.36179 4.57357 4.77819 4.81275 5.66292 
2.51857 2.75201 2.9827 4.36179 4.57357 4.77819 4.81275 5.66292 
2.51857 2.75201 2.9827 4.36179 4.57357 4.77819 4.81275 5.66292 
2.51857 2.75201 2.9827 4.36179 4.57357 4.77819 4.81275 5.66292 
2.51857 2.75201 2.9827 4.36179 4.57357 4.77819 4.81275 5.66292 
2.51857 2.75201 2.9827 4.36179 4.57357 4.77819 4.81275 5.66292 
2.51857 2.75201 2.9827 4.36179 4.57357 4.77819 4.81275 5.66292 
2.51857 2.75201 2.9827 4.36179 4.57357 4.77819 4.81275 5.66292 
2.51857 2.75201 2.9827 4.36179 4.57357 4.77819 4.81275 5.66292 
2.51857 2.75201 2.9827 4.36179 4.57357 4.77819 4.81275 5.66292 
2.51857 2.75201 2.9827 4.36179 4.57357 4.77819 4.81275 5.66292 
2.51857 2.75201 2.9827 4.36179 4.57357 4.77819 4.81275 5.66292 
2.51857 2.75201 2.9827 4.36179 4.57357 4.77819 4.81275 5.66292 
2.51857 2.75201 2.9827 4.36179 4.57357 4.77819 4.81275 5.66292 
2.51857 2.75201 2.9827 4.36179 4.57357 4.77819 4.81275 5.66292 
2.51857 2.75201 2.9827 4.36179 4.57357 4.77819 4.81275 5.66292 
2.51857 2.75201 2.9827 4.36179 4.57357 4.77819 4.81275 5.66292 
2.51857 2.75201 2.9827 4.36179 4.57357 4.77819 4.81275 5.66292 
2.51857 2.75201 2.9827 4.36179 4.57357 4.77819 4.81275 5.66292 
2.51857 2.75201 2.9827 4.36179 4.57357 4.77819 4.81275 5.66292 
