5.71699 5.77626 6.04975 7.21022 7.22791 7.99058 10.5079 11.1357 
5.06976 5.71699 5.77626 6.04975 7.21022 7.22791 7.26104 7.99058 
4.47821 5.06976 5.71699 5.77626 6.04975 7.08722 7.21022 7.22791 
3.7508 4.47821 5.06976 5.71699 5.77626 6.04975 7.08722 7.21022 
3.7508 4.4226 4.47821 5.06976 5.71699 5.77626 6.04975 7.08722 
3.7508 4.4226 4.47821 5.06976 5.71699 5.77626 6.04975 7.08722 
3.7508 4.4226 4.47821 5.06976 5.71699 5.77626 6.04975 7.08722 
3.7508 4.4226 4.47821 5.06976 5.71699 5.77626 6.04975 7.08722 
3.7508 3.87692 4.4226 4.47821 5.06976 5.71699 5.77626 6.04975 
3.7508 3.87692 4.15968 4.4226 4.47821 5.06976 5.71699 5.77626 
3.7508 3.87692 4.15968 4.4226 4.47821 5.06976 5.71699 5.77626 
3.7508 3.87692 4.15968 4.4226 4.47821 5.06976 5.71699 5.77626 
3.7508 3.87692 4.15968 4.4226 4.47821 5.06976 5.71699 5.77626 
3.46111 3.7508 3.87692 4.15968 4.4226 4.47821 5.06976 5.71699 
3.46111 3.7508 3.87692 4.15968 4.4226 4.47821 5.06976 5.71699 
3.46111 3.7508 3.87692 4.15968 4.4226 4.47821 5.06976 5.71699 
3.46111 3.7508 3.87692 4.15968 4.4226 4.47821 5.06976 5.71699 
3.46111 3.7508 3.78308 3.87692 4.15968 4.4226 4.47821 5.06976 
3.46111 3.7508 3.78308 3.87692 4.15968 4.4226 4.47821 5.06976 
3.46111 3.7508 3.78308 3.87692 4.15968 4.4226 4.47821 5.06976 
3.46111 3.7508 3.78308 3.87692 4.15968 4.4226 4.47821 4.61347 
3.46111 3.7508 3.78308 3.87692 4.15968 4.4226 4.47821 4.61347 
3.46111 3.7508 3.78308 3.87692 4.15968 4.4226 4.47821 4.61347 
3.46111 3.7508 3.78308 3.87692 4.15968 4.4226 4.47821 4.61347 
3.46111 3.7508 3.78308 3.87692 4.15968 4.4226 4.47821 4.61347 
3.46111 3.7508 3.78308 3.87692 4.15968 4.4226 4.47821 4.61347 
3.46111 3.7508 3.78308 3.87692 4.15968 4.4226 4.47821 4.61347 
3.46111 3.7508 3.78308 3.87692 4.15968 4.4226 4.47821 4.61347 
3.46111 3.7508 3.78308 3.87692 4.15968 4.4226 4.47821 4.61347 
3.46111 3.7508 3.78308 3.87692 4.15968 4.4226 4.47821 4.61347 
3.46111 3.7508 3.78308 3.87692 4.15968 4.4226 4.47821 4.61347 
3.46111 3.7508 3.78308 3.87692 4.15968 4.4226 4.47821 4.61347 
3.46111 3.7508 3.78308 3.87692 4.15968 4.4226 4.47821 4.61347 
3.46111 3.7508 3.78308 3.87692 4.15968 4.4226 4.47821 4.61347 
3.46111 3.7508 3.78308 3.87692 4.15968 4.4226 4.47821 4.61347 
3.46111 3.7508 3.78308 3.87692 4.15968 4.4226 4.47821 4.61347 
3.46111 3.7508 3.78308 3.87692 4.15968 4.4226 4.47821 4.61347 
3.46111 3.7508 3.78308 3.87692 4.15968 4.4226 4.47821 4.61347 
3.46111 3.7508 3.78308 3.87692 4.15968 4.4226 4.47821 4.61347 
3.46111 3.7508 3.78308 3.87692 4.15968 4.4226 4.47821 4.61347 
3.46111 3.7508 3.78308 3.87692 4.15968 4.4226 4.47821 4.61347 
3.46111 3.7508 3.78308 3.87692 4.15968 4.4226 4.47821 4.61347 
3.46111 3.7508 3.78308 3.87692 4.15968 4.4226 4.47821 4.61347 
3.46111 3.7508 3.78308 3.87692 4.15968 4.4226 4.47821 4.61347 
3.46111 3.7508 3.78308 3.87692 4.15968 4.4226 4.47821 4.61347 
3.46111 3.7508 3.78308 3.87692 4.15968 4.4226 4.47821 4.61347 
3.46111 3.7508 3.78308 3.87692 4.15968 4.4226 4.47821 4.61347 
3.46111 3.7508 3.78308 3.87692 4.15968 4.4226 4.47821 4.61347 
3.46111 3.7508 3.78308 3.87692 4.15968 4.4226 4.47821 4.61347 
3.46111 3.7508 3.78308 3.87692 4.15968 4.4226 4.47821 4.61347 
3.46111 3.7508 3.78308 3.87692 4.15968 4.4226 4.47821 4.61347 
3.46111 3.7508 3.78308 3.87692 4.15968 4.4226 4.47821 4.61347 
3.46111 3.7508 3.78308 3.87692 4.15968 4.4226 4.47821 4.61347 
3.46111 3.7508 3.78308 3.87692 4.15968 4.4226 4.47821 4.61347 
3.46111 3.7508 3.78308 3.87692 4.15968 4.4226 4.47821 4.61347 
3.46111 3.7508 3.78308 3.87692 4.15968 4.4226 4.47821 4.61347 
3.46111 3.7508 3.78308 3.87692 4.15968 4.4226 4.47821 4.61347 
3.46111 3.7508 3.78308 3.87692 4.15968 4.4226 4.47821 4.61347 
3.46111 3.7508 3.78308 3.87692 4.15968 4.4226 4.47821 4.61347 
3.46111 3.7508 3.78308 3.87692 4.15968 4.4226 4.47821 4.61347 
3.46111 3.7508 3.78308 3.87692 4.15968 4.4226 4.47821 4.61347 
3.46111 3.7508 3.78308 3.87692 4.15968 4.4226 4.47821 4.61347 
3.46111 3.7508 3.78308 3.87692 4.15968 4.4226 4.47821 4.61347 
3.46111 3.7508 3.78308 3.87692 4.15968 4.4226 4.47821 4.61347 
3.46111 3.7508 3.78308 3.87692 4.15968 4.4226 4.47821 4.61347 
3.46111 3.7508 3.78308 3.87692 4.15968 4.4226 4.47821 4.61347 
3.46111 3.7508 3.78308 3.87692 4.15968 4.4226 4.47821 4.61347 
3.46111 3.7508 3.78308 3.87692 4.15968 4.4226 4.47821 4.61347 
3.46111 3.7508 3.78308 3.87692 4.15968 4.4226 4.47821 4.61347 
3.46111 3.7508 3.78308 3.87692 4.15968 4.4226 4.47821 4.61347 
3.46111 3.7508 3.78308 3.87692 4.15968 4.4226 4.47821 4.61347 
3.46111 3.7508 3.78308 3.87692 4.15968 4.4226 4.47821 4.61347 
3.46111 3.7508 3.78308 3.87692 4.15968 4.4226 4.47821 4.61347 
3.46111 3.7508 3.78308 3.87692 4.15968 4.4226 4.47821 4.61347 
3.46111 3.7508 3.78308 3.87692 4.15968 4.4226 4.47821 4.61347 
3.46111 3.7508 3.78308 3.87692 4.15968 4.4226 4.47821 4.61347 
3.46111 3.7508 3.78308 3.87692 4.15968 4.4226 4.47821 4.61347 
3.46111 3.7508 3.78308 3.87692 4.15968 4.4226 4.47821 4.61347 
3.46111 3.7508 3.78308 3.87692 4.15968 4.4226 4.47821 4.61347 
3.46111 3.7508 3.78308 3.87692 4.15968 4.4226 4.47821 4.61347 
3.46111 3.7508 3.78308 3.87692 4.15968 4.4226 4.47821 4.61347 
3.46111 3.7508 3.78308 3.87692 4.15968 4.4226 4.47821 4.61347 
3.46111 3.7508 3.78308 3.87692 4.15968 4.4226 4.47821 4.61347 
3.46111 3.7508 3.78308 3.87692 4.15968 4.4226 4.47821 4.61347 
3.46111 3.7508 3.78308 3.87692 4.15968 4.4226 4.47821 4.61347 
3.46111 3.7508 3.78308 3.87692 4.15968 4.4226 4.47821 4.61347 
3.46111 3.7508 3.78308 3.87692 4.15968 4.4226 4.47821 4.61347 
3.46111 3.7508 3.78308 3.87692 4.15968 4.4226 4.47821 4.61347 
3.46111 3.7508 3.78308 3.87692 4.15968 4.4226 4.47821 4.61347 
3.46111 3.7508 3.78308 3.87692 4.15968 4.4226 4.47821 4.61347 
3.46111 3.7508 3.78308 3.87692 4.15968 4.4226 4.47821 4.61347 
3.46111 3.7508 3.78308 3.87692 4.15968 4.4226 4.47821 4.61347 
3.46111 3.7508 3.78308 3.87692 4.15968 4.4226 4.47821 4.61347 
3.46111 3.7508 3.78308 3.87692 4.15968 4.4226 4.47821 4.61347 
3.46111 3.7508 3.78308 3.87692 4.15968 4.4226 4.47821 4.61347 
3.46111 3.7508 3.78308 3.87692 4.15968 4.4226 4.47821 4.61347 
3.46111 3.7508 3.78308 3.87692 4.15968 4.4226 4.47821 4.61347 
3.46111 3.7508 3.78308 3.87692 4.15968 4.4226 4.47821 4.61347 
3.46111 3.7508 3.78308 3.87692 4.15968 4.4226 4.47821 4.61347 
3.46111 3.7508 3.78308 3.87692 4.15968 4.4226 4.47821 4.61347 
