5.96095 6.23867 6.41263 6.94331 7.97013 8.71459 10.2764 12.0493 
4.47774 4.5002 5.84325 5.96095 6.23867 6.41263 6.94331 7.97013 
4.47774 4.5002 5.84325 5.96095 6.23867 6.41263 6.94331 7.97013 
4.06151 4.47774 4.5002 5.84325 5.96095 5.96542 6.23867 6.41263 
3.51703 4.06151 4.47774 4.5002 5.84325 5.91366 5.96095 5.96542 
3.51703 4.06151 4.47774 4.5002 5.84325 5.91366 5.96095 5.96542 
3.51703 4.06151 4.41876 4.47774 4.5002 5.61495 5.84325 5.91366 
3.51703 4.06151 4.41876 4.47774 4.5002 4.69147 5.61495 5.84325 
3.51703 4.06151 4.41876 4.47774 4.5002 4.69147 5.61495 5.84325 
3.51703 4.06151 4.32738 4.41876 4.47774 4.5002 4.69147 5.61495 
3.51703 4.06151 4.32738 4.41876 4.47774 4.5002 4.69147 5.61495 
3.51703 4.06151 4.32738 4.41876 4.47774 4.5002 4.69147 5.61495 
3.51703 4.06151 4.32738 4.41876 4.47774 4.5002 4.69147 5.61495 
3.51703 4.06151 4.32738 4.41876 4.47774 4.5002 4.69147 5.61495 
3.51703 4.06151 4.32738 4.41876 4.47774 4.5002 4.69147 5.61495 
3.51703 4.06151 4.32287 4.32738 4.41876 4.47774 4.5002 4.69147 
3.51703 4.06151 4.32287 4.32738 4.41876 4.47774 4.5002 4.69147 
2.44784 3.51703 4.06151 4.32287 4.32738 4.41876 4.47774 4.5002 
2.44784 3.51703 4.06151 4.32287 4.32738 4.41876 4.47774 4.5002 
2.44784 3.51703 4.06151 4.29141 4.32287 4.32738 4.41876 4.47774 
2.44784 3.51703 4.06151 4.29141 4.32287 4.32738 4.41876 4.47774 
2.44784 3.51703 4.06151 4.29141 4.32287 4.32738 4.41876 4.47774 
2.44784 3.51703 4.06151 4.29141 4.32287 4.32738 4.41876 4.47774 
2.44784 3.51703 4.06151 4.29141 4.32287 4.32738 4.41876 4.47774 
2.44784 3.51703 4.06151 4.29141 4.32287 4.32738 4.41876 4.47774 
2.44784 3.51703 4.06151 4.29141 4.32287 4.32738 4.41876 4.47774 
2.44784 3.51703 4.06151 4.29141 4.32287 4.32738 4.41876 4.47774 
2.44784 3.51703 4.06151 4.29141 4.32287 4.32738 4.41876 4.47774 
2.44784 3.51703 4.06151 4.29141 4.32287 4.32738 4.41876 4.47774 
2.44784 3.51703 4.06151 4.29141 4.32287 4.32738 4.41876 4.47774 
2.44784 3.51703 4.06151 4.29141 4.32287 4.32738 4.41876 4.47774 
2.44784 3.51703 4.06151 4.29141 4.32287 4.32738 4.41876 4.47774 
2.44784 3.51703 4.06151 4.29141 4.32287 4.32738 4.41876 4.47774 
2.44784 3.51703 4.06151 4.29141 4.32287 4.32738 4.41876 4.47774 
2.44784 3.51703 4.06151 4.29141 4.32287 4.32738 4.41876 4.47774 
2.44784 3.51703 4.06151 4.29141 4.32287 4.32738 4.41876 4.47774 
2.44784 3.51703 4.06151 4.29141 4.32287 4.32738 4.41876 4.47774 
2.44784 3.51703 4.06151 4.29141 4.32287 4.32738 4.41876 4.47774 
2.44784 3.51703 4.06151 4.29141 4.32287 4.32738 4.41876 4.47774 
2.44784 3.51703 3.8721 4.06151 4.29141 4.32287 4.32738 4.41876 
2.44784 3.51703 3.8721 4.06151 4.29141 4.32287 4.32738 4.41876 
2.44784 2.63946 3.51703 3.8721 4.06151 4.29141 4.32287 4.32738 
2.44784 2.63946 3.51703 3.8721 4.06151 4.29141 4.32287 4.32738 
2.44784 2.63946 3.51703 3.8721 4.06151 4.29141 4.32287 4.32738 
2.44784 2.63946 3.51703 3.8721 4.06151 4.29141 4.32287 4.32738 
2.44784 2.63946 3.51703 3.8721 4.06151 4.29141 4.32287 4.32738 
2.44784 2.63946 3.51703 3.8721 4.06151 4.29141 4.32287 4.32738 
2.44784 2.63946 3.51703 3.8721 4.06151 4.29141 4.32287 4.32738 
2.44784 2.63946 3.51703 3.8721 4.06151 4.29141 4.32287 4.32738 
2.44784 2.63946 3.51703 3.8721 4.06151 4.29141 4.32287 4.32738 
2.44784 2.63946 3.51703 3.8721 4.06151 4.29141 4.32287 4.32738 
2.44784 2.63946 3.51703 3.8721 4.06151 4.29141 4.32287 4.32738 
2.44784 2.63946 3.51703 3.8721 4.06151 4.29141 4.32287 4.32738 
2.44784 2.63946 3.51703 3.8721 4.06151 4.29141 4.32287 4.32738 
2.44784 2.63946 3.51703 3.8721 4.06151 4.29141 4.32287 4.32738 
2.44784 2.63946 3.51703 3.8721 4.06151 4.29141 4.32287 4.32738 
2.44784 2.63946 3.51703 3.8721 4.06151 4.29141 4.32287 4.32738 
2.44784 2.63946 3.51703 3.8721 4.06151 4.29141 4.32287 4.32738 
2.44784 2.63946 3.51703 3.8721 4.06151 4.29141 4.32287 4.32738 
2.44784 2.63946 3.51703 3.8721 4.06151 4.29141 4.32287 4.32738 
2.44784 2.63946 3.51703 3.8721 4.06151 4.29141 4.32287 4.32738 
2.44784 2.63946 3.51703 3.8721 4.06151 4.29141 4.32287 4.32738 
2.44784 2.63946 3.51703 3.8721 4.06151 4.29141 4.32287 4.32738 
2.44784 2.63946 3.51703 3.8721 4.06151 4.29141 4.32287 4.32738 
2.44784 2.63946 3.51703 3.8721 4.06151 4.29141 4.32287 4.32738 
2.44784 2.63946 3.51703 3.8721 4.06151 4.29141 4.32287 4.32738 
2.44784 2.63946 3.51703 3.8721 4.06151 4.29141 4.32287 4.32738 
2.44784 2.63946 3.51703 3.8721 4.06151 4.29141 4.32287 4.32738 
2.44784 2.63946 3.51703 3.8721 4.06151 4.29141 4.32287 4.32738 
2.44784 2.63946 3.51703 3.8721 4.06151 4.29141 4.32287 4.32738 
2.44784 2.63946 3.51703 3.8721 4.06151 4.29141 4.32287 4.32738 
2.44784 2.63946 3.51703 3.8721 4.06151 4.29141 4.32287 4.32738 
2.44784 2.63946 3.51703 3.8721 4.06151 4.29141 4.32287 4.32738 
2.44784 2.63946 3.51703 3.8721 4.06151 4.29141 4.32287 4.32738 
2.44784 2.63946 3.51703 3.8721 4.06151 4.29141 4.32287 4.32738 
2.44784 2.63946 3.51703 3.8721 4.06151 4.29141 4.32287 4.32738 
2.44784 2.63946 3.51703 3.8721 4.06151 4.29141 4.32287 4.32738 
2.44784 2.63946 3.51703 3.8721 4.06151 4.29141 4.32287 4.32738 
2.44784 2.63946 3.51703 3.8721 4.06151 4.29141 4.32287 4.32738 
2.44784 2.63946 3.51703 3.8721 4.06151 4.29141 4.32287 4.32738 
2.44784 2.63946 3.51703 3.8721 4.06151 4.29141 4.32287 4.32738 
2.44784 2.63946 3.51703 3.8721 4.06151 4.29141 4.32287 4.32738 
2.44784 2.63946 3.51703 3.8721 4.06151 4.29141 4.32287 4.32738 
2.44784 2.63946 3.51703 3.8721 4.06151 4.29141 4.32287 4.32738 
2.44784 2.63946 3.51703 3.8721 4.06151 4.29141 4.32287 4.32738 
2.44784 2.63946 3.51703 3.8721 4.06151 4.29141 4.32287 4.32738 
2.44784 2.63946 3.51703 3.8721 4.06151 4.29141 4.32287 4.32738 
2.44784 2.63946 3.51703 3.8721 4.06151 4.29141 4.32287 4.32738 
2.44784 2.63946 3.51703 3.8721 4.06151 4.29141 4.32287 4.32738 
2.44784 2.63946 3.51703 3.8721 4.06151 4.29141 4.32287 4.32738 
2.44784 2.63946 3.51703 3.8721 4.06151 4.29141 4.32287 4.32738 
2.44784 2.63946 3.51703 3.8721 4.06151 4.29141 4.32287 4.32738 
2.44784 2.63946 3.51703 3.8721 4.06151 4.29141 4.32287 4.32738 
2.44784 2.63946 3.51703 3.8721 4.06151 4.29141 4.32287 4.32738 
2.44784 2.63946 3.51703 3.8721 4.06151 4.29141 4.32287 4.32738 
2.44784 2.63946 3.51703 3.8721 4.06151 4.29141 4.32287 4.32738 
2.44784 2.63946 3.51703 3.8721 4.06151 4.29141 4.32287 4.32738 
2.44784 2.63946 3.51703 3.8721 4.06151 4.29141 4.32287 4.32738 
2.44784 2.63946 3.51703 3.8721 4.06151 4.29141 4.32287 4.32738 
2.44784 2.63946 3.51703 3.8721 4.06151 4.29141 4.32287 4.32738 
