2.9707 6.37001 6.66018 7.66868 8.73682 9.05949 9.93197 11.5782 
2.9707 4.30664 6.37001 6.40135 6.66018 7.66868 8.73682 9.05949 
2.9707 3.80246 4.08083 4.30664 6.17616 6.37001 6.40135 6.66018 
2.9707 3.80246 4.08083 4.14027 4.30664 4.62304 6.17616 6.37001 
0.182323 2.92423 2.9707 3.80246 3.88164 4.08083 4.14027 4.30664 
0.182323 2.92423 2.9707 3.80246 3.88164 4.08083 4.14027 4.30664 
0.182323 2.92423 2.9707 3.80246 3.88164 4.08083 4.14027 4.30664 
0.182323 2.92423 2.9707 3.80246 3.88164 4.08083 4.14027 4.30664 
0.182323 2.25209 2.92423 2.9707 3.80246 3.88164 4.08083 4.14027 
0.182323 2.25209 2.92423 2.9707 3.80246 3.88164 4.08083 4.14027 
0.182323 2.25209 2.92423 2.9707 3.80246 3.88164 4.08083 4.14027 
0.182323 2.25209 2.92423 2.9707 3.80246 3.88164 4.08083 4.14027 
0.182323 2.25209 2.92423 2.9707 3.80246 3.88164 4.08083 4.14027 
0.182323 2.25209 2.92423 2.9707 3.80246 3.88164 4.08083 4.14027 
0.182323 2.25209 2.92423 2.9707 3.80246 3.88164 4.08083 4.13269 
0.182323 2.25209 2.92423 2.9707 3.80246 3.88164 4.08083 4.13269 
0.182323 2.24807 2.25209 2.92423 2.9707 3.80246 3.88164 4.08083 
0.182323 2.24807 2.25209 2.92423 2.9707 3.80246 3.88164 4.08083 
0.182323 2.24807 2.25209 2.92423 2.9707 3.17332 3.80246 3.88164 
0.182323 2.24807 2.25209 2.92423 2.9707 3.17332 3.80246 3.88164 
0.182323 2.24807 2.25209 2.92423 2.9707 3.17332 3.80246 3.88164 
0.182323 2.24807 2.25209 2.92423 2.9707 3.17332 3.80246 3.88164 
0.182323 2.24807 2.25209 2.92423 2.9707 3.17332 3.80246 3.88164 
0.182323 2.24807 2.25209 2.92423 2.9707 3.17332 3.80246 3.88164 
0.182323 2.24807 2.25209 2.92423 2.9707 3.17332 3.76682 3.80246 
0.182323 2.24807 2.25209 2.92423 2.9707 3.17332 3.76682 3.80246 
0.182323 2.24807 2.25209 2.92423 2.9707 3.17332 3.76682 3.80246 
0.182323 2.24807 2.25209 2.92423 2.9707 3.17332 3.76682 3.80246 
0.182323 2.24807 2.25209 2.92423 2.9707 3.17332 3.76682 3.80246 
0.182323 2.24807 2.25209 2.92423 2.9707 3.17332 3.76682 3.80246 
0.182323 2.24807 2.25209 2.89738 2.92423 2.9707 3.17332 3.76682 
0.182323 2.24807 2.25209 2.89738 2.92423 2.9707 3.17332 3.76682 
0.182323 0.226835 2.24807 2.25209 2.89738 2.92423 2.9707 3.17332 
0.182323 0.226835 2.24807 2.25209 2.89738 2.92423 2.9707 3.17332 
0.182323 0.226835 2.24807 2.25209 2.89738 2.92423 2.9707 3.17332 
0.182323 0.226835 2.24807 2.25209 2.89738 2.92423 2.9707 3.17332 
0.182323 0.226835 0.910679 2.24807 2.25209 2.89738 2.92423 2.9707 
0.182323 0.226835 0.910679 2.24807 2.25209 2.89738 2.92423 2.9707 
0.182323 0.226835 0.910679 2.24807 2.25209 2.89738 2.92423 2.9707 
0.182323 0.226835 0.910679 2.24807 2.25209 2.89738 2.92423 2.9707 
0.182323 0.226835 0.910679 2.24807 2.25209 2.89738 2.92423 2.9707 
0.182323 0.226835 0.910679 2.24807 2.25209 2.89738 2.92423 2.9707 
0.182323 0.226835 0.910679 2.24807 2.25209 2.89738 2.92423 2.9707 
0.182323 0.226835 0.910679 2.24807 2.25209 2.89738 2.92423 2.9707 
0.182323 0.226835 0.910679 2.24807 2.25209 2.89738 2.92423 2.9707 
0.182323 0.226835 0.910679 2.24807 2.25209 2.89738 2.92423 2.9707 
0.182323 0.226835 0.910679 2.24807 2.25209 2.74863 2.89738 2.92423 
0.182323 0.226835 0.910679 2.24807 2.25209 2.74863 2.89738 2.92423 
0.182323 0.226835 0.910679 2.24807 2.25209 2.74863 2.89738 2.92423 
0.182323 0.226835 0.910679 2.24807 2.25209 2.74863 2.89738 2.92423 
0.182323 0.226835 0.910679 2.24807 2.25209 2.74863 2.89738 2.92423 
0.182323 0.226835 0.910679 2.24807 2.25209 2.74863 2.89738 2.92423 
0.182323 0.226835 0.910679 2.24807 2.25209 2.74863 2.89738 2.92423 
0.182323 0.226835 0.910679 2.24807 2.25209 2.74863 2.89738 2.92423 
0.182323 0.226835 0.910679 2.24807 2.25209 2.74863 2.89738 2.92423 
0.182323 0.226835 0.910679 2.24807 2.25209 2.74863 2.89738 2.92423 
0.182323 0.226835 0.910679 2.24807 2.25209 2.74863 2.89738 2.92423 
0.182323 0.226835 0.910679 2.24807 2.25209 2.74863 2.89738 2.92423 
0.182323 0.226835 0.910679 2.24807 2.25209 2.74863 2.89738 2.92423 
0.182323 0.226835 0.910679 2.24807 2.25209 2.74863 2.89738 2.92423 
0.182323 0.226835 0.910679 2.12943 2.24807 2.25209 2.74863 2.89738 
0.182323 0.226835 0.910679 2.12943 2.24807 2.25209 2.74863 2.89738 
0.182323 0.226835 0.910679 2.12943 2.24807 2.25209 2.74863 2.89738 
0.182323 0.226835 0.910679 2.12943 2.24807 2.25209 2.74863 2.89738 
0.182323 0.226835 0.910679 2.12943 2.24807 2.25209 2.74863 2.89738 
0.182323 0.226835 0.910679 2.12943 2.24807 2.25209 2.74863 2.89738 
0.182323 0.226835 0.910679 2.12943 2.24807 2.25209 2.74863 2.89738 
0.182323 0.226835 0.910679 2.12943 2.24807 2.25209 2.74863 2.89738 
0.182323 0.226835 0.910679 2.12943 2.24807 2.25209 2.74863 2.89738 
0.182323 0.226835 0.910679 2.12943 2.24807 2.25209 2.74863 2.89738 
0.182323 0.226835 0.910679 2.12943 2.24807 2.25209 2.74863 2.89738 
0.182323 0.226835 0.910679 2.12943 2.24807 2.25209 2.74863 2.89738 
0.182323 0.226835 0.910679 2.12943 2.24807 2.25209 2.74863 2.89738 
0.182323 0.226835 0.910679 2.12943 2.24807 2.25209 2.74863 2.89738 
0.182323 0.226835 0.910679 2.12943 2.24807 2.25209 2.74863 2.89738 
0.182323 0.226835 0.910679 2.12943 2.24807 2.25209 2.74863 2.89738 
0.182323 0.226835 0.910679 2.12943 2.24807 2.25209 2.74863 2.89738 
0.182323 0.226835 0.910679 2.12943 2.24807 2.25209 2.74863 2.89738 
0.182323 0.226835 0.910679 2.12943 2.24807 2.25209 2.74863 2.89738 
0.182323 0.226835 0.910679 2.12943 2.24807 2.25209 2.74863 2.89738 
0.182323 0.226835 0.910679 2.12943 2.24807 2.25209 2.74863 2.89738 
0.182323 0.226835 0.910679 2.12943 2.24807 2.25209 2.74863 2.89738 
0.182323 0.226835 0.910679 2.12943 2.24807 2.25209 2.74863 2.89738 
0.182323 0.226835 0.910679 2.12943 2.24807 2.25209 2.74863 2.89738 
0.182323 0.226835 0.910679 2.12943 2.24807 2.25209 2.74863 2.89738 
0.182323 0.226835 0.910679 2.12943 2.24807 2.25209 2.74863 2.89738 
0.182323 0.226835 0.910679 2.12943 2.24807 2.25209 2.74863 2.89738 
0.182323 0.226835 0.910679 2.12943 2.24807 2.25209 2.74863 2.89738 
0.182323 0.226835 0.910679 2.12943 2.24807 2.25209 2.74863 2.89738 
0.182323 0.226835 0.910679 2.12943 2.24807 2.25209 2.74863 2.89738 
0.182323 0.226835 0.910679 2.12943 2.24807 2.25209 2.74863 2.89738 
0.182323 0.226835 0.910679 2.12943 2.24807 2.25209 2.74863 2.89738 
0.182323 0.226835 0.910679 2.12943 2.24807 2.25209 2.74863 2.89738 
0.182323 0.226835 0.910679 2.12943 2.24807 2.25209 2.74863 2.89738 
0.182323 0.226835 0.910679 2.12943 2.24807 2.25209 2.74863 2.89738 
0.182323 0.226835 0.910679 2.12943 2.24807 2.25209 2.74863 2.89738 
0.182323 0.226835 0.910679 2.12943 2.24807 2.25209 2.74863 2.89738 
0.182323 0.226835 0.910679 2.12943 2.24807 2.25209 2.74863 2.89738 
0.182323 0.226835 0.910679 2.12943 2.24807 2.25209 2.74863 2.89738 
0.182323 0.226835 0.910679 2.12943 2.24807 2.25209 2.74863 2.89738 
