3.98351 4.11694 6.22526 6.8931 8.16299 8.78397 10.3781 11.396 
3.21112 3.98351 4.11694 5.65998 6.22526 6.8931 8.16299 8.78397 
2.56761 3.21112 3.98351 4.11694 4.29517 5.65998 6.22526 6.8931 
2.56761 3.21112 3.98351 4.11694 4.29517 5.65998 6.12886 6.22526 
2.56761 3.21112 3.47946 3.98351 4.11694 4.29517 5.65998 6.12886 
2.56761 3.21112 3.47946 3.98351 4.11694 4.29517 5.65998 6.12886 
2.56761 3.21112 3.47946 3.98351 4.11694 4.29517 5.65998 6.12886 
2.56761 3.21112 3.47946 3.98351 4.11694 4.29517 5.65998 6.12886 
2.56761 3.21112 3.47946 3.98351 4.11694 4.29517 5.65998 6.12886 
2.56761 3.21112 3.47946 3.98351 4.11694 4.29517 5.65998 6.11148 
2.56761 3.21112 3.47946 3.98351 4.11694 4.29517 5.65998 6.11148 
2.56761 3.21112 3.47946 3.98351 4.11694 4.29517 5.65998 6.11148 
2.56761 3.21112 3.47946 3.98351 4.11694 4.29517 5.65998 6.07204 
2.56761 3.21112 3.47946 3.76358 3.98351 4.11694 4.29517 5.65998 
2.56761 3.21112 3.47946 3.67075 3.76358 3.98351 4.11694 4.29517 
2.56761 3.21112 3.47946 3.67075 3.76358 3.98351 4.11694 4.29517 
2.56761 3.21112 3.47946 3.67075 3.76358 3.98351 4.11694 4.29517 
2.56761 3.21112 3.47946 3.67075 3.76358 3.98351 4.11694 4.29517 
2.56761 3.21112 3.47946 3.67075 3.76358 3.98351 4.11694 4.29517 
2.56761 3.21112 3.47946 3.67075 3.76358 3.98351 4.11694 4.29517 
2.56761 3.21112 3.47946 3.67075 3.76358 3.98351 4.11694 4.29517 
2.56761 3.21112 3.47946 3.67075 3.76358 3.98351 4.11694 4.29517 
2.56761 3.21112 3.47946 3.67075 3.76358 3.98351 4.11694 4.29517 
2.56761 3.21112 3.47946 3.67075 3.76358 3.98351 4.11694 4.29517 
2.56761 3.21112 3.47946 3.67075 3.76358 3.98351 4.11694 4.29517 
2.56761 3.21112 3.47946 3.67075 3.76358 3.98351 4.11694 4.29517 
2.56761 3.21112 3.47946 3.67075 3.76358 3.98351 4.11694 4.29517 
2.56761 3.21112 3.47946 3.67075 3.76358 3.98351 4.11694 4.29517 
2.56761 3.21112 3.47946 3.67075 3.76358 3.98351 4.11694 4.29517 
2.56761 3.21112 3.47946 3.67075 3.76358 3.98351 4.11694 4.29517 
2.56761 3.21112 3.47946 3.67075 3.76358 3.98351 4.11694 4.29517 
2.56761 3.21112 3.47946 3.67075 3.76358 3.98351 4.11694 4.29517 
2.56761 3.21112 3.47946 3.67075 3.76358 3.98351 4.11694 4.29517 
2.56761 3.21112 3.47946 3.67075 3.76358 3.98351 4.11694 4.29517 
2.56761 3.21112 3.47946 3.67075 3.76358 3.98351 4.11694 4.29517 
2.56761 3.21112 3.47946 3.67075 3.76358 3.98351 4.11694 4.29517 
2.56761 3.21112 3.47946 3.67075 3.76358 3.98351 4.11694 4.29517 
2.56761 3.21112 3.47946 3.67075 3.76358 3.98351 4.11694 4.29517 
2.56761 3.21112 3.47946 3.67075 3.76358 3.98351 4.11694 4.29517 
2.56761 3.21112 3.47946 3.67075 3.76358 3.98351 4.11694 4.29517 
2.56761 3.21112 3.47946 3.67075 3.76358 3.98351 4.11694 4.29517 
2.56761 3.21112 3.47946 3.67075 3.76358 3.98351 4.11694 4.29517 
2.56761 3.21112 3.47946 3.67075 3.76358 3.98351 4.11694 4.29517 
2.56761 3.21112 3.47946 3.67075 3.76358 3.98351 4.11694 4.29517 
2.56761 3.21112 3.47946 3.67075 3.76358 3.98351 4.11694 4.29517 
2.56761 3.21112 3.47946 3.67075 3.76358 3.98351 4.11694 4.29517 
2.56761 3.21112 3.47946 3.67075 3.76358 3.98351 4.11694 4.29517 
2.56761 3.21112 3.47946 3.67075 3.76358 3.98351 4.11694 4.29517 
2.56761 3.21112 3.47946 3.67075 3.76358 3.98351 4.11694 4.29517 
2.56761 3.21112 3.47946 3.67075 3.76358 3.98351 4.11694 4.29517 
2.56761 3.21112 3.47946 3.67075 3.76358 3.98351 4.11694 4.29517 
2.56761 3.21112 3.47946 3.67075 3.76358 3.98351 4.11694 4.29517 
2.56761 3.21112 3.47946 3.67075 3.76358 3.98351 4.11694 4.29517 
2.56761 3.21112 3.47946 3.67075 3.76358 3.98351 4.11694 4.29517 
2.56761 3.21112 3.47946 3.67075 3.76358 3.98351 4.11694 4.29517 
2.56761 3.21112 3.47946 3.67075 3.76358 3.98351 4.11694 4.29517 
2.56761 3.21112 3.47946 3.67075 3.76358 3.98351 4.11694 4.29517 
2.56761 3.21112 3.47946 3.67075 3.76358 3.98351 4.11694 4.29517 
2.56761 3.21112 3.47946 3.67075 3.76358 3.98351 4.11694 4.29517 
2.56761 3.21112 3.47946 3.67075 3.76358 3.98351 4.11694 4.29517 
2.56761 3.21112 3.47946 3.67075 3.76358 3.98351 4.11694 4.29517 
2.56761 3.21112 3.47946 3.67075 3.76358 3.98351 4.11694 4.29517 
2.56761 3.21112 3.47946 3.67075 3.76358 3.98351 4.11694 4.29517 
2.56761 3.21112 3.47946 3.67075 3.76358 3.98351 4.11694 4.29517 
2.56761 3.21112 3.47946 3.67075 3.76358 3.98351 4.11694 4.29517 
2.56761 3.21112 3.47946 3.67075 3.76358 3.98351 4.11694 4.29517 
2.56761 3.21112 3.47946 3.67075 3.76358 3.98351 4.11694 4.29517 
2.56761 3.21112 3.47946 3.67075 3.76358 3.98351 4.11694 4.29517 
2.56761 3.21112 3.47946 3.67075 3.76358 3.98351 4.11694 4.29517 
2.56761 3.21112 3.47946 3.67075 3.76358 3.98351 4.11694 4.29517 
2.56761 3.21112 3.47946 3.67075 3.76358 3.98351 4.11694 4.29517 
2.56761 3.21112 3.47946 3.67075 3.76358 3.98351 4.11694 4.29517 
2.56761 3.21112 3.47946 3.67075 3.76358 3.98351 4.11694 4.29517 
2.56761 3.21112 3.47946 3.67075 3.76358 3.98351 4.11694 4.29517 
2.56761 3.21112 3.47946 3.67075 3.76358 3.98351 4.11694 4.29517 
2.56761 3.21112 3.47946 3.67075 3.76358 3.98351 4.11694 4.29517 
2.56761 3.21112 3.47946 3.67075 3.76358 3.98351 4.11694 4.29517 
2.56761 3.21112 3.47946 3.67075 3.76358 3.98351 4.11694 4.29517 
2.56761 3.21112 3.47946 3.67075 3.76358 3.98351 4.11694 4.29517 
2.56761 3.21112 3.47946 3.67075 3.76358 3.98351 4.11694 4.29517 
2.56761 3.21112 3.47946 3.67075 3.76358 3.98351 4.11694 4.29517 
2.56761 3.21112 3.47946 3.67075 3.76358 3.98351 4.11694 4.29517 
2.56761 3.21112 3.47946 3.67075 3.76358 3.98351 4.11694 4.29517 
2.56761 3.21112 3.47946 3.67075 3.76358 3.98351 4.11694 4.29517 
2.56761 3.21112 3.47946 3.67075 3.76358 3.98351 4.11694 4.29517 
2.56761 3.21112 3.47946 3.67075 3.76358 3.98351 4.11694 4.29517 
2.56761 3.21112 3.47946 3.67075 3.76358 3.98351 4.11694 4.29517 
2.56761 3.21112 3.47946 3.67075 3.76358 3.98351 4.11694 4.29517 
2.56761 3.21112 3.47946 3.67075 3.76358 3.98351 4.11694 4.29517 
2.56761 3.21112 3.47946 3.67075 3.76358 3.98351 4.11694 4.29517 
2.56761 3.21112 3.47946 3.67075 3.76358 3.98351 4.11694 4.29517 
2.56761 3.21112 3.47946 3.67075 3.76358 3.98351 4.11694 4.29517 
2.56761 3.21112 3.47946 3.67075 3.76358 3.98351 4.11694 4.29517 
2.56761 3.21112 3.47946 3.67075 3.76358 3.98351 4.11694 4.29517 
2.56761 3.21112 3.47946 3.67075 3.76358 3.98351 4.11694 4.29517 
2.56761 3.21112 3.47946 3.67075 3.76358 3.98351 4.11694 4.29517 
2.56761 3.21112 3.47946 3.67075 3.76358 3.98351 4.11694 4.29517 
2.56761 3.21112 3.47946 3.67075 3.76358 3.98351 4.11694 4.29517 
2.56761 3.21112 3.47946 3.67075 3.76358 3.98351 4.11694 4.29517 
2.56761 3.21112 3.47946 3.67075 3.76358 3.98351 4.11694 4.29517 
