3.33138 3.96721 4.99736 5.15861 6.58595 8.07269 10.1989 10.2436 
3.33138 3.96721 4.58386 4.99736 5.15861 6.0544 6.58595 8.07269 
3.33138 3.95578 3.96721 4.58386 4.99736 5.15861 6.0544 6.58595 
3.33138 3.58902 3.95578 3.96721 4.53182 4.58386 4.99736 5.15861 
3.33138 3.58902 3.89273 3.95578 3.96721 4.53182 4.58386 4.99736 
3.33138 3.58902 3.89273 3.95578 3.96721 4.53182 4.58386 4.99736 
3.33138 3.58902 3.89273 3.95578 3.96721 4.53182 4.58386 4.99736 
3.33138 3.58902 3.89273 3.95578 3.96721 4.53182 4.58386 4.99736 
3.33138 3.58902 3.89273 3.95578 3.96721 4.53182 4.58386 4.99736 
3.33138 3.58902 3.89273 3.95578 3.96721 4.53182 4.58386 4.99736 
3.33138 3.58902 3.89273 3.95578 3.96721 4.53182 4.58386 4.99736 
3.33138 3.58902 3.89273 3.95578 3.96721 4.53182 4.58386 4.99736 
3.33138 3.58902 3.89273 3.95578 3.96721 4.53182 4.58386 4.99736 
3.26799 3.33138 3.41809 3.58902 3.89273 3.95578 3.96721 4.53182 
3.26799 3.33138 3.41809 3.58902 3.89273 3.95578 3.96721 4.53182 
3.26799 3.33138 3.41809 3.58902 3.89273 3.95578 3.96721 4.53182 
3.26799 3.33138 3.41809 3.58902 3.89273 3.95578 3.96721 4.53182 
3.26799 3.33138 3.41809 3.58902 3.89273 3.95578 3.96721 4.53182 
3.26799 3.33138 3.41809 3.58902 3.89273 3.95578 3.96721 4.53182 
3.26799 3.33138 3.41809 3.58902 3.89273 3.95578 3.96721 4.53182 
3.26799 3.33138 3.41809 3.58902 3.89273 3.95578 3.96721 4.53182 
3.26799 3.33138 3.41809 3.58902 3.89273 3.95578 3.96721 4.53182 
3.26799 3.33138 3.41809 3.58902 3.89273 3.95578 3.96721 4.53182 
3.26799 3.33138 3.41809 3.58902 3.89273 3.95578 3.96721 4.53182 
3.26799 3.33138 3.41809 3.58902 3.89273 3.95578 3.96721 4.53182 
3.26799 3.33138 3.41809 3.58902 3.89273 3.95578 3.96721 4.53182 
3.26799 3.33138 3.41809 3.58902 3.89273 3.95578 3.96721 4.53182 
3.26799 3.33138 3.41809 3.58902 3.89273 3.95578 3.96721 4.53182 
3.26799 3.33138 3.41809 3.58902 3.89273 3.95578 3.96721 4.53182 
3.26799 3.33138 3.41809 3.58902 3.89273 3.95578 3.96721 4.53182 
3.26799 3.33138 3.41809 3.58902 3.89273 3.95578 3.96721 4.53182 
3.26799 3.33138 3.41809 3.58902 3.89273 3.95578 3.96721 4.53182 
3.26799 3.33138 3.41809 3.58902 3.89273 3.95578 3.96721 4.53182 
3.26799 3.33138 3.41809 3.58902 3.89273 3.95578 3.96721 4.53182 
3.26799 3.33138 3.41809 3.58902 3.89273 3.95578 3.96721 4.53182 
3.26799 3.33138 3.41809 3.58902 3.89273 3.95578 3.96721 4.53182 
3.26799 3.33138 3.41809 3.58902 3.89273 3.95578 3.96721 4.53182 
3.26799 3.33138 3.41809 3.58902 3.89273 3.95578 3.96721 4.53182 
3.26799 3.33138 3.41809 3.58902 3.89273 3.95578 3.96721 4.53182 
3.26799 3.33138 3.41809 3.58902 3.89273 3.95578 3.96721 4.53182 
3.26799 3.33138 3.41809 3.58902 3.89273 3.95578 3.96721 4.53182 
3.26799 3.33138 3.41809 3.58902 3.89273 3.95578 3.96721 4.53182 
3.26799 3.33138 3.41809 3.58902 3.89273 3.95578 3.96721 4.53182 
3.26799 3.33138 3.41809 3.58902 3.89273 3.95578 3.96721 4.53182 
3.26799 3.33138 3.41809 3.58902 3.89273 3.95578 3.96721 4.53182 
3.26799 3.33138 3.41809 3.58902 3.89273 3.95578 3.96721 4.53182 
3.26799 3.33138 3.41809 3.58902 3.89273 3.95578 3.96721 4.53182 
3.26799 3.33138 3.41809 3.58902 3.89273 3.95578 3.96721 4.53182 
3.26799 3.33138 3.41809 3.58902 3.89273 3.95578 3.96721 4.53182 
3.26799 3.33138 3.41809 3.58902 3.89273 3.95578 3.96721 4.53182 
3.26799 3.33138 3.41809 3.58902 3.89273 3.95578 3.96721 4.53182 
3.26799 3.33138 3.41809 3.58902 3.89273 3.95578 3.96721 4.53182 
3.26799 3.33138 3.41809 3.58902 3.89273 3.95578 3.96721 4.53182 
3.26799 3.33138 3.41809 3.58902 3.89273 3.95578 3.96721 4.53182 
3.26799 3.33138 3.41809 3.58902 3.89273 3.95578 3.96721 4.53182 
3.26799 3.33138 3.41809 3.58902 3.89273 3.95578 3.96721 4.53182 
3.26799 3.33138 3.41809 3.58902 3.89273 3.95578 3.96721 4.53182 
3.26799 3.33138 3.41809 3.58902 3.89273 3.95578 3.96721 4.53182 
3.26799 3.33138 3.41809 3.58902 3.89273 3.95578 3.96721 4.53182 
3.26799 3.33138 3.41809 3.58902 3.89273 3.95578 3.96721 4.53182 
3.26799 3.33138 3.41809 3.58902 3.89273 3.95578 3.96721 4.53182 
3.26799 3.33138 3.41809 3.58902 3.89273 3.95578 3.96721 4.53182 
3.26799 3.33138 3.41809 3.58902 3.89273 3.95578 3.96721 4.53182 
3.26799 3.33138 3.41809 3.58902 3.89273 3.95578 3.96721 4.53182 
3.26799 3.33138 3.41809 3.58902 3.89273 3.95578 3.96721 4.53182 
3.26799 3.33138 3.41809 3.58902 3.89273 3.95578 3.96721 4.53182 
3.26799 3.33138 3.41809 3.58902 3.89273 3.95578 3.96721 4.53182 
3.26799 3.33138 3.41809 3.58902 3.89273 3.95578 3.96721 4.53182 
3.26799 3.33138 3.41809 3.58902 3.89273 3.95578 3.96721 4.53182 
3.26799 3.33138 3.41809 3.58902 3.89273 3.95578 3.96721 4.53182 
3.26799 3.33138 3.41809 3.58902 3.89273 3.95578 3.96721 4.53182 
3.26799 3.33138 3.41809 3.58902 3.89273 3.95578 3.96721 4.53182 
3.26799 3.33138 3.41809 3.58902 3.89273 3.95578 3.96721 4.53182 
3.26799 3.33138 3.41809 3.58902 3.89273 3.95578 3.96721 4.53182 
3.26799 3.33138 3.41809 3.58902 3.89273 3.95578 3.96721 4.53182 
3.26799 3.33138 3.41809 3.58902 3.89273 3.95578 3.96721 4.53182 
3.26799 3.33138 3.41809 3.58902 3.89273 3.95578 3.96721 4.53182 
3.26799 3.33138 3.41809 3.58902 3.89273 3.95578 3.96721 4.53182 
3.26799 3.33138 3.41809 3.58902 3.89273 3.95578 3.96721 4.53182 
3.26799 3.33138 3.41809 3.58902 3.89273 3.95578 3.96721 4.53182 
3.26799 3.33138 3.41809 3.58902 3.89273 3.95578 3.96721 4.53182 
3.26799 3.33138 3.41809 3.58902 3.89273 3.95578 3.96721 4.53182 
3.26799 3.33138 3.41809 3.58902 3.89273 3.95578 3.96721 4.53182 
3.26799 3.33138 3.41809 3.58902 3.89273 3.95578 3.96721 4.53182 
3.26799 3.33138 3.41809 3.58902 3.89273 3.95578 3.96721 4.53182 
3.26799 3.33138 3.41809 3.58902 3.89273 3.95578 3.96721 4.53182 
3.26799 3.33138 3.41809 3.58902 3.89273 3.95578 3.96721 4.53182 
3.26799 3.33138 3.41809 3.58902 3.89273 3.95578 3.96721 4.53182 
3.26799 3.33138 3.41809 3.58902 3.89273 3.95578 3.96721 4.53182 
3.26799 3.33138 3.41809 3.58902 3.89273 3.95578 3.96721 4.53182 
3.26799 3.33138 3.41809 3.58902 3.89273 3.95578 3.96721 4.53182 
3.26799 3.33138 3.41809 3.58902 3.89273 3.95578 3.96721 4.53182 
3.26799 3.33138 3.41809 3.58902 3.89273 3.95578 3.96721 4.53182 
3.26799 3.33138 3.41809 3.58902 3.89273 3.95578 3.96721 4.53182 
3.26799 3.33138 3.41809 3.58902 3.89273 3.95578 3.96721 4.53182 
3.26799 3.33138 3.41809 3.58902 3.89273 3.95578 3.96721 4.53182 
3.26799 3.33138 3.41809 3.58902 3.89273 3.95578 3.96721 4.53182 
3.26799 3.33138 3.41809 3.58902 3.89273 3.95578 3.96721 4.53182 
3.26799 3.33138 3.41809 3.58902 3.89273 3.95578 3.96721 4.53182 
3.26799 3.33138 3.41809 3.58902 3.89273 3.95578 3.96721 4.53182 
