4.22795 5.9095 8.39914 9.646 9.81243 10.4364 10.6213 11.0762 
4.22795 5.10841 5.9095 7.94175 8.39914 9.10594 9.646 9.81243 
4.22795 5.10841 5.9095 7.94175 8.39914 8.60448 9.03426 9.10594 
4.05131 4.22795 4.82486 5.10841 5.9095 7.94175 8.16107 8.39914 
3.96791 4.05131 4.22795 4.82486 5.10841 5.9095 7.94175 8.16107 
3.96791 4.05131 4.22795 4.82486 5.10841 5.9095 7.94175 8.16107 
3.96791 4.05131 4.22795 4.82486 5.10841 5.9095 7.94175 8.16107 
3.24538 3.96791 4.05131 4.22795 4.82486 5.10841 5.9095 7.94175 
3.24538 3.96791 4.05131 4.22795 4.82486 5.10841 5.9095 7.94175 
3.24538 3.96791 4.05131 4.22795 4.82486 5.10841 5.9095 7.94175 
3.24538 3.96791 4.05131 4.22795 4.82486 5.10841 5.9095 7.94175 
2.74844 3.24538 3.96791 4.05131 4.22795 4.82486 5.10841 5.9095 
2.74844 3.24538 3.96791 4.05131 4.22795 4.82486 5.10841 5.9095 
2.74844 3.24538 3.96791 4.05131 4.22795 4.82486 5.10841 5.9095 
2.74844 3.24538 3.96791 4.05131 4.22795 4.82486 5.10841 5.9095 
2.74844 3.24538 3.96791 4.05131 4.22795 4.82486 5.10841 5.9095 
2.74844 3.24538 3.96791 4.05131 4.22795 4.82486 5.10841 5.9095 
2.74844 3.24538 3.96791 4.05131 4.22795 4.82486 5.10841 5.9095 
2.74844 3.24538 3.96791 4.05131 4.22795 4.82486 5.10841 5.9095 
2.74844 3.24538 3.96791 4.05131 4.22795 4.82486 5.10841 5.9095 
2.74844 3.24538 3.96791 4.05131 4.22795 4.82486 5.10841 5.9095 
2.74844 3.24538 3.96791 4.05131 4.22795 4.82486 5.10841 5.9095 
2.74844 3.24538 3.96791 4.05131 4.22795 4.82486 5.10841 5.9095 
2.74844 3.24538 3.96791 4.05131 4.22795 4.82486 5.10841 5.9095 
2.74844 3.24538 3.96791 4.05131 4.22795 4.82486 5.10841 5.9095 
2.74844 3.24538 3.96791 4.05131 4.22795 4.82486 5.10841 5.9095 
2.74844 3.24538 3.96791 4.05131 4.22795 4.82486 5.10841 5.9095 
2.74844 3.24538 3.96791 4.05131 4.22795 4.82486 5.10841 5.9095 
2.74844 3.24538 3.96791 4.05131 4.22795 4.82486 5.10841 5.9095 
2.74844 3.02567 3.24538 3.96791 4.05131 4.22795 4.82486 5.10841 
2.74844 3.02567 3.24538 3.96791 4.05131 4.22795 4.82486 5.10841 
2.74844 3.02567 3.04253 3.24538 3.96791 4.05131 4.22795 4.82486 
2.74844 2.96483 3.02567 3.04253 3.24538 3.96791 4.05131 4.22795 
2.74844 2.96483 3.02567 3.04253 3.24538 3.96791 4.05131 4.22795 
2.74844 2.96483 3.02567 3.04253 3.24538 3.96791 4.05131 4.22795 
2.74844 2.96483 3.02567 3.04253 3.24538 3.96791 4.05131 4.22795 
2.74844 2.96483 3.02567 3.04253 3.24538 3.96791 4.05131 4.22795 
2.74844 2.96483 3.02567 3.04253 3.24538 3.96791 4.05131 4.22795 
2.74844 2.96483 3.02567 3.04253 3.24538 3.96791 4.05131 4.22795 
2.74844 2.96483 3.02567 3.04253 3.24538 3.96791 4.05131 4.22795 
2.74844 2.96483 3.02567 3.04253 3.24538 3.96791 4.05131 4.22795 
2.74844 2.96483 3.02567 3.04253 3.24538 3.96791 4.05131 4.22795 
2.74844 2.96483 3.02567 3.04253 3.24538 3.96791 4.05131 4.22795 
2.31781 2.74844 2.96483 3.02567 3.04253 3.24538 3.96791 4.05131 
2.31781 2.74844 2.96483 3.02567 3.04253 3.24538 3.96791 4.05131 
2.31781 2.74844 2.96483 3.02567 3.04253 3.24538 3.96791 4.05131 
2.31781 2.74844 2.96483 3.02567 3.04253 3.24538 3.96791 4.05131 
2.31781 2.74844 2.96483 3.02567 3.04253 3.24538 3.96791 4.05131 
2.31781 2.74844 2.96483 3.02567 3.04253 3.24538 3.96791 4.05131 
2.31781 2.74844 2.96483 3.02567 3.04253 3.24538 3.96791 4.05131 
2.31781 2.74844 2.96483 3.02567 3.04253 3.24538 3.96791 4.05131 
2.31781 2.74844 2.96483 3.02567 3.04253 3.24538 3.96791 4.05131 
0.870871 2.31781 2.74844 2.96483 3.02567 3.04253 3.24538 3.96791 
0.870871 2.31781 2.74844 2.96483 3.02567 3.04253 3.24538 3.96791 
0.870871 2.31781 2.74844 2.96483 3.02567 3.04253 3.24538 3.96791 
0.870871 2.31781 2.74844 2.96483 3.02567 3.04253 3.24538 3.96791 
0.870871 2.31781 2.74844 2.96483 3.02567 3.04253 3.24538 3.96791 
0.870871 2.31781 2.74844 2.96483 3.02567 3.04253 3.24538 3.96791 
0.870871 2.31781 2.74844 2.96483 3.02567 3.04253 3.24538 3.96791 
0.870871 2.31781 2.74844 2.96483 3.02567 3.04253 3.24538 3.96791 
0.870871 2.31781 2.74844 2.96483 3.02567 3.04253 3.24538 3.96791 
0.870871 2.31781 2.74844 2.96483 3.02567 3.04253 3.24538 3.96791 
0.870871 2.31781 2.74844 2.96483 3.02567 3.04253 3.24538 3.96791 
0.870871 2.31781 2.74844 2.96483 3.02567 3.04253 3.24538 3.96791 
0.870871 2.31781 2.74844 2.96483 3.02567 3.04253 3.24538 3.96791 
0.870871 2.31781 2.74844 2.96483 3.02567 3.04253 3.24538 3.96791 
0.870871 2.31781 2.74844 2.96483 3.02567 3.04253 3.24538 3.96791 
0.870871 2.31781 2.74844 2.96483 3.02567 3.04253 3.24538 3.96791 
0.870871 2.31781 2.74844 2.96483 3.02567 3.04253 3.24538 3.96791 
0.870871 2.31781 2.74844 2.96483 3.02567 3.04253 3.24538 3.96791 
0.870871 2.31781 2.74844 2.96483 3.02567 3.04253 3.24538 3.96791 
0.870871 2.31781 2.74844 2.96483 3.02567 3.04253 3.24538 3.96791 
0.870871 2.31781 2.74844 2.96483 3.02567 3.04253 3.24538 3.96791 
0.870871 2.31781 2.74844 2.96483 3.02567 3.04253 3.24538 3.96791 
0.870871 2.31781 2.74844 2.96483 3.02567 3.04253 3.24538 3.96791 
0.870871 2.31781 2.74844 2.96483 3.02567 3.04253 3.24538 3.96791 
0.870871 2.31781 2.74844 2.96483 3.02567 3.04253 3.24538 3.96791 
0.870871 2.31781 2.74844 2.96483 3.02567 3.04253 3.24538 3.96791 
0.870871 2.31781 2.74844 2.96483 3.02567 3.04253 3.24538 3.96791 
0.870871 2.31781 2.74844 2.96483 3.02567 3.04253 3.24538 3.96791 
0.870871 2.31781 2.74844 2.96483 3.02567 3.04253 3.24538 3.96791 
0.870871 2.31781 2.74844 2.96483 3.02567 3.04253 3.24538 3.96791 
0.870871 2.31781 2.74844 2.96483 3.02567 3.04253 3.24538 3.96791 
0.870871 2.31781 2.74844 2.96483 3.02567 3.04253 3.24538 3.96791 
0.870871 2.31781 2.74844 2.96483 3.02567 3.04253 3.24538 3.96791 
0.870871 2.31781 2.74844 2.96483 3.02567 3.04253 3.24538 3.96791 
0.870871 2.31781 2.74844 2.96483 3.02567 3.04253 3.24538 3.96791 
0.870871 2.31781 2.74844 2.96483 3.02567 3.04253 3.24538 3.96791 
0.870871 2.31781 2.74844 2.96483 3.02567 3.04253 3.24538 3.96791 
0.870871 2.31781 2.74844 2.96483 3.02567 3.04253 3.24538 3.96791 
0.870871 2.31781 2.74844 2.96483 3.02567 3.04253 3.24538 3.96791 
0.870871 2.31781 2.74844 2.96483 3.02567 3.04253 3.24538 3.96791 
0.870871 2.31781 2.74844 2.96483 3.02567 3.04253 3.24538 3.96791 
0.870871 2.31781 2.74844 2.96483 3.02567 3.04253 3.24538 3.96791 
0.870871 2.31781 2.74844 2.96483 3.02567 3.04253 3.24538 3.96791 
0.870871 2.31781 2.74844 2.96483 3.02567 3.04253 3.24538 3.96791 
0.870871 2.31781 2.74844 2.96483 3.02567 3.04253 3.24538 3.96791 
0.870871 2.31781 2.74844 2.96483 3.02567 3.04253 3.24538 3.96791 
0.870871 2.31781 2.74844 2.96483 3.02567 3.04253 3.24538 3.96791 
0.870871 2.31781 2.74844 2.96483 3.02567 3.04253 3.24538 3.96791 
