0.582553 4.17682 4.82344 7.41386 9.7007 10.0541 11.3909 11.3922 
0.582553 4.17682 4.82344 7.21629 7.30213 7.41386 7.60454 8.92565 
0.582553 4.17682 4.82344 6.31459 7.10479 7.21629 7.30213 7.41386 
0.582553 4.17682 4.4568 4.82344 6.25829 6.31459 7.10479 7.21629 
0.582553 4.17682 4.4568 4.82344 6.25829 6.31459 7.10479 7.21629 
0.582553 4.17682 4.4568 4.82344 5.59375 6.25829 6.31459 7.10479 
0.582553 3.8339 4.17682 4.4568 4.82344 5.59375 6.25829 6.31459 
0.582553 3.8339 4.17682 4.4568 4.82344 5.59375 6.25829 6.31459 
0.582553 3.8339 4.17682 4.4568 4.82344 5.59375 6.25829 6.31459 
0.582553 3.8339 4.17682 4.4568 4.82344 5.59375 6.25829 6.31459 
0.582553 3.29143 3.8339 4.17682 4.4568 4.5018 4.82344 5.59375 
0.582553 3.29143 3.8339 4.17682 4.4568 4.5018 4.82344 5.59375 
0.582553 3.29143 3.8339 4.17682 4.4568 4.5018 4.67318 4.82344 
0.582553 3.29143 3.8339 4.17682 4.4568 4.5018 4.67318 4.82344 
0.582553 3.29143 3.8339 4.17682 4.4568 4.5018 4.67318 4.82344 
0.582553 3.29143 3.8339 4.16594 4.17682 4.4568 4.5018 4.67318 
0.582553 3.29143 3.8339 4.16594 4.17682 4.4568 4.5018 4.67318 
0.582553 3.29143 3.8339 4.16594 4.17682 4.4568 4.5018 4.67318 
0.582553 3.29143 3.8339 4.16594 4.17682 4.4568 4.5018 4.67318 
0.582553 3.29143 3.8339 4.16594 4.17682 4.4568 4.5018 4.67318 
0.582553 3.29143 3.8339 4.16594 4.17682 4.4568 4.5018 4.67318 
0.582553 3.29143 3.8339 4.16594 4.17682 4.4568 4.5018 4.67318 
0.582553 3.29143 3.44838 3.8339 4.16594 4.17682 4.4568 4.5018 
0.582553 3.29143 3.44838 3.8339 4.16594 4.17682 4.4568 4.5018 
0.582553 3.29143 3.44838 3.8339 4.16594 4.17682 4.4568 4.5018 
0.582553 3.29143 3.44838 3.8339 4.16594 4.17682 4.4568 4.5018 
0.582553 3.29143 3.44838 3.8339 4.16594 4.17682 4.4568 4.5018 
0.582553 3.29143 3.44838 3.8339 4.16594 4.17682 4.4568 4.5018 
0.582553 3.29143 3.44838 3.8339 4.16594 4.17682 4.4568 4.5018 
0.582553 3.29143 3.44838 3.8339 4.16594 4.17682 4.38991 4.4568 
0.582553 3.29143 3.44838 3.8339 4.16594 4.17682 4.38991 4.4568 
0.582553 3.29143 3.44838 3.8339 4.16594 4.17682 4.38991 4.4568 
0.582553 3.29143 3.44838 3.8339 4.16594 4.17682 4.38991 4.4568 
0.582553 3.29143 3.44838 3.8339 4.16594 4.17682 4.38991 4.4568 
0.582553 3.29143 3.44838 3.7798 3.8339 4.16594 4.17682 4.38991 
0.582553 3.29143 3.44838 3.7798 3.8339 4.16594 4.17682 4.38991 
0.582553 3.29143 3.44838 3.7798 3.8339 4.16594 4.17682 4.38991 
0.582553 3.29143 3.31074 3.44838 3.7798 3.8339 4.16594 4.17682 
0.582553 3.29143 3.31074 3.44838 3.7798 3.8339 4.16594 4.17682 
0.582553 3.29143 3.31074 3.44838 3.63404 3.7798 3.8339 4.16594 
0.582553 3.29143 3.31074 3.44838 3.63404 3.7798 3.8339 4.16594 
0.582553 3.29143 3.31074 3.44838 3.63404 3.7798 3.8339 4.16594 
0.582553 3.29143 3.31074 3.44838 3.63404 3.7798 3.8339 4.16594 
0.582553 3.29143 3.31074 3.44838 3.63404 3.7798 3.8339 4.16594 
0.582553 3.29143 3.31074 3.44838 3.63404 3.7798 3.8339 4.16594 
0.582553 3.29143 3.31074 3.44838 3.63404 3.7798 3.8339 4.16594 
0.582553 2.27948 3.29143 3.31074 3.44838 3.63404 3.7798 3.8339 
0.582553 2.27948 3.19274 3.29143 3.31074 3.44838 3.63404 3.7798 
0.582553 2.27948 3.19274 3.29143 3.31074 3.44838 3.63404 3.7798 
0.582553 2.27948 3.19274 3.29143 3.31074 3.44838 3.63404 3.7798 
0.582553 2.27948 2.4185 3.19274 3.29143 3.31074 3.44838 3.63404 
0.582553 2.27948 2.4185 3.19274 3.29143 3.31074 3.44838 3.63404 
0.582553 2.27948 2.4185 3.19274 3.29143 3.31074 3.44838 3.63404 
0.582553 2.27948 2.4185 3.19274 3.29143 3.31074 3.44838 3.63404 
0.582553 2.27948 2.4185 3.19274 3.29143 3.31074 3.44838 3.63404 
0.582553 2.27948 2.4185 3.19274 3.29143 3.31074 3.44838 3.63404 
0.582553 2.27948 2.4185 3.19274 3.29143 3.31074 3.44838 3.63404 
0.582553 2.27948 2.4185 3.19274 3.29143 3.31074 3.44838 3.63404 
0.582553 2.27948 2.4185 3.19274 3.29143 3.31074 3.44838 3.63404 
0.582553 2.27948 2.4185 3.19274 3.29143 3.31074 3.44838 3.63404 
0.582553 2.27948 2.41778 2.4185 3.19274 3.29143 3.31074 3.44838 
0.582553 2.27948 2.41778 2.4185 3.19274 3.29143 3.31074 3.44838 
0.582553 2.27948 2.41778 2.4185 3.19274 3.29143 3.31074 3.44838 
0.582553 2.27948 2.41778 2.4185 3.19274 3.29143 3.31074 3.44838 
0.582553 2.27948 2.41778 2.4185 3.19274 3.29143 3.31074 3.44838 
0.582553 2.27948 2.41778 2.4185 3.19274 3.29143 3.31074 3.44838 
0.582553 2.27948 2.41778 2.4185 3.19274 3.29143 3.31074 3.44838 
0.582553 2.27948 2.41778 2.4185 3.19274 3.29143 3.31074 3.44838 
0.582553 2.27948 2.41778 2.4185 3.19274 3.29143 3.31074 3.44838 
0.582553 2.27948 2.41778 2.4185 3.19274 3.29143 3.31074 3.44838 
0.582553 2.27948 2.41778 2.4185 3.19274 3.29143 3.31074 3.44838 
0.582553 2.27948 2.41778 2.4185 3.19274 3.29143 3.31074 3.44838 
0.582553 2.27948 2.41778 2.4185 3.19274 3.29143 3.31074 3.44838 
0.582553 2.27948 2.41778 2.4185 3.19274 3.29143 3.31074 3.44838 
0.582553 2.27948 2.41778 2.4185 3.19274 3.29143 3.31074 3.44838 
0.582553 2.27948 2.41778 2.4185 3.19274 3.29143 3.31074 3.44838 
0.582553 2.27948 2.41778 2.4185 3.19274 3.29143 3.31074 3.44838 
0.582553 2.27948 2.41778 2.4185 3.19274 3.29143 3.31074 3.44838 
0.582553 2.27948 2.41778 2.4185 3.19274 3.29143 3.31074 3.44838 
0.582553 2.27948 2.41778 2.4185 3.19274 3.29143 3.31074 3.44838 
0.582553 2.27948 2.41778 2.4185 3.19274 3.29143 3.31074 3.44838 
0.582553 2.27948 2.41778 2.4185 3.19274 3.29143 3.31074 3.44838 
0.582553 2.27948 2.41778 2.4185 3.19274 3.29143 3.31074 3.44838 
0.582553 2.27948 2.41778 2.4185 3.19274 3.29143 3.31074 3.44838 
0.582553 2.27948 2.41778 2.4185 3.19274 3.29143 3.31074 3.44838 
0.582553 2.27948 2.41778 2.4185 3.19274 3.29143 3.31074 3.44838 
0.582553 2.27948 2.41778 2.4185 3.19274 3.29143 3.31074 3.44838 
0.582553 2.27948 2.41778 2.4185 3.19274 3.29143 3.31074 3.44838 
0.582553 2.27948 2.41778 2.4185 3.19274 3.29143 3.31074 3.44838 
0.582553 2.27948 2.41778 2.4185 3.19274 3.29143 3.31074 3.44838 
0.582553 2.27948 2.41778 2.4185 3.19274 3.29143 3.31074 3.44838 
0.582553 2.27948 2.41778 2.4185 3.19274 3.29143 3.31074 3.44838 
0.582553 2.27948 2.41778 2.4185 3.19274 3.29143 3.31074 3.44838 
0.582553 2.27948 2.41778 2.4185 3.19274 3.29143 3.31074 3.44838 
0.582553 2.27948 2.41778 2.4185 3.19274 3.29143 3.31074 3.44838 
0.582553 2.27948 2.41778 2.4185 3.19274 3.29143 3.31074 3.44838 
0.582553 2.27948 2.41778 2.4185 3.19274 3.29143 3.31074 3.44838 
0.582553 2.27948 2.41778 2.4185 3.19274 3.29143 3.31074 3.44838 
0.582553 2.27948 2.41778 2.4185 3.19274 3.29143 3.31074 3.44838 
0.582553 2.27948 2.41778 2.4185 3.19274 3.29143 3.31074 3.44838 
