4.05685 4.31413 6.91882 6.92251 7.23681 8.94042 11.1861 11.1915 
4.05685 4.31413 4.36413 5.90853 6.27516 6.91882 6.92251 7.23681 
4.05685 4.16486 4.31413 4.36413 4.45811 5.8219 5.90853 6.27516 
4.05685 4.16486 4.31413 4.36413 4.45811 5.8219 5.90853 6.27516 
4.05685 4.16486 4.31413 4.36413 4.45811 5.8219 5.90853 6.27516 
4.05685 4.16486 4.31413 4.36413 4.45811 4.71137 5.8219 5.90853 
3.86784 4.05685 4.16486 4.31413 4.36413 4.45811 4.71137 5.8219 
3.86784 4.05685 4.16486 4.31413 4.36413 4.45811 4.50228 4.71137 
3.86784 4.05685 4.16486 4.31413 4.36413 4.45811 4.50228 4.71137 
3.86784 4.05685 4.16486 4.31413 4.36413 4.45811 4.50228 4.71137 
3.86784 4.05685 4.16486 4.31413 4.36413 4.45811 4.50228 4.71137 
3.86784 4.05685 4.13833 4.16486 4.31413 4.36413 4.45811 4.50228 
3.86784 4.05685 4.13833 4.16486 4.31413 4.36413 4.45124 4.45811 
3.86784 4.05685 4.13833 4.16486 4.31413 4.36413 4.45124 4.45811 
3.86784 4.05685 4.13833 4.16486 4.31413 4.36413 4.45124 4.45811 
3.86784 4.05685 4.06727 4.13833 4.16486 4.31413 4.36413 4.45124 
3.86784 4.05685 4.06727 4.13833 4.16486 4.31413 4.36413 4.45124 
2.80364 3.86784 4.05685 4.06727 4.13833 4.16486 4.31413 4.36413 
2.80364 3.86784 4.05685 4.06727 4.13833 4.16486 4.31413 4.36413 
2.80364 3.86784 4.05685 4.06727 4.13833 4.16486 4.31413 4.36413 
2.80364 3.86784 4.05685 4.06727 4.13833 4.16486 4.31413 4.36413 
2.80364 3.86784 4.05685 4.06727 4.13833 4.16486 4.31413 4.36413 
2.80364 3.80958 3.86784 4.05685 4.06727 4.13833 4.16486 4.31413 
2.80364 3.80958 3.86784 4.05685 4.06727 4.13833 4.16486 4.31413 
2.80364 3.80958 3.86784 4.05685 4.06727 4.13833 4.16486 4.31413 
2.80364 3.80958 3.86784 4.05685 4.06727 4.13833 4.16486 4.31413 
2.80364 3.80958 3.86784 4.05685 4.06727 4.13833 4.16486 4.31413 
2.80364 3.80958 3.86784 4.05685 4.06727 4.13833 4.16486 4.31413 
2.80364 3.80958 3.86784 4.05685 4.06727 4.13833 4.16486 4.31413 
2.80364 3.80958 3.86784 4.05685 4.06727 4.13833 4.16486 4.31413 
2.80364 3.80958 3.86784 4.05685 4.06727 4.13833 4.16486 4.31413 
2.80364 3.80958 3.86784 4.05685 4.06727 4.13833 4.16486 4.31413 
2.80364 3.80958 3.86784 4.05685 4.06727 4.13833 4.16486 4.31413 
2.80364 3.63544 3.80958 3.86784 4.05685 4.06727 4.13833 4.16486 
2.80364 3.63544 3.80958 3.86784 4.05685 4.06727 4.13833 4.16486 
2.80364 3.63544 3.80958 3.86784 4.05685 4.06727 4.13833 4.16486 
2.80364 3.63544 3.80958 3.86784 4.05685 4.06727 4.13833 4.16486 
2.80364 3.63544 3.80958 3.86784 4.05685 4.06727 4.13833 4.16486 
2.80364 3.63544 3.80958 3.86784 4.05685 4.06727 4.13833 4.16486 
2.80364 3.63544 3.80958 3.86784 4.05685 4.06727 4.13833 4.16486 
2.80364 3.63544 3.80958 3.86784 4.05685 4.06727 4.13833 4.16486 
2.80364 3.63544 3.80958 3.86784 4.05685 4.06727 4.13833 4.16486 
2.80364 3.63544 3.80958 3.86784 4.05685 4.06727 4.13833 4.16486 
2.80364 3.63544 3.80958 3.86784 4.05685 4.06727 4.13833 4.16486 
2.80364 3.63544 3.80958 3.86784 4.05685 4.06727 4.13833 4.16486 
2.80364 3.63544 3.80958 3.86784 4.05685 4.06727 4.13833 4.16486 
2.80364 3.63544 3.80958 3.86784 4.05685 4.06727 4.13833 4.16486 
2.80364 3.63544 3.80958 3.86784 4.05685 4.06727 4.13833 4.16486 
2.80364 3.63544 3.80958 3.86784 4.05685 4.06727 4.13833 4.16486 
2.80364 3.63544 3.80958 3.86784 4.05685 4.06727 4.13833 4.16486 
2.80364 3.63544 3.80958 3.86784 4.05685 4.06727 4.13833 4.16486 
2.80364 3.63544 3.80958 3.86784 4.05685 4.06727 4.13833 4.16486 
2.80364 3.63544 3.80958 3.86784 4.05685 4.06727 4.13833 4.16486 
2.80364 3.63544 3.80958 3.86784 4.05685 4.06727 4.13833 4.16486 
2.80364 3.63544 3.80958 3.86784 4.05685 4.06727 4.13833 4.16486 
2.80364 3.63544 3.80958 3.86784 4.05685 4.06727 4.13833 4.16486 
2.80364 3.63544 3.80958 3.86784 4.05685 4.06727 4.13833 4.16486 
2.80364 3.63544 3.80958 3.86784 4.05685 4.06727 4.13833 4.16486 
2.80364 3.63544 3.80958 3.86784 4.05685 4.06727 4.13833 4.16486 
2.80364 3.63544 3.80958 3.86784 4.05685 4.06727 4.13833 4.16486 
2.80364 3.63544 3.80958 3.86784 4.05685 4.06727 4.13833 4.16486 
2.80364 3.63544 3.80958 3.86784 4.05685 4.06727 4.13833 4.16486 
2.80364 3.63544 3.80958 3.86784 4.05685 4.06727 4.13833 4.16486 
2.80364 3.63544 3.80958 3.86784 4.05685 4.06727 4.13833 4.16486 
2.80364 3.63544 3.80958 3.86784 4.05685 4.06727 4.13833 4.16486 
2.80364 3.63544 3.80958 3.86784 4.05685 4.06727 4.13833 4.16486 
2.80364 3.63544 3.80958 3.86784 4.05685 4.06727 4.13833 4.16486 
2.80364 3.63544 3.80958 3.86784 4.05685 4.06727 4.13833 4.16486 
2.80364 3.63544 3.80958 3.86784 4.05685 4.06727 4.13833 4.16486 
2.80364 3.63544 3.80958 3.86784 4.05685 4.06727 4.13833 4.16486 
2.80364 3.63544 3.80958 3.86784 4.05685 4.06727 4.13833 4.16486 
2.80364 3.63544 3.80958 3.86784 4.05685 4.06727 4.13833 4.16486 
2.80364 3.63544 3.80958 3.86784 4.05685 4.06727 4.13833 4.16486 
2.80364 3.63544 3.80958 3.86784 4.05685 4.06727 4.13833 4.16486 
2.80364 3.63544 3.80958 3.86784 4.05685 4.06727 4.13833 4.16486 
2.80364 3.63544 3.80958 3.86784 4.05685 4.06727 4.13833 4.16486 
2.80364 3.63544 3.80958 3.86784 4.05685 4.06727 4.13833 4.16486 
2.80364 3.63544 3.80958 3.86784 4.05685 4.06727 4.13833 4.16486 
2.80364 3.63544 3.80958 3.86784 4.05685 4.06727 4.13833 4.16486 
2.80364 3.63544 3.80958 3.86784 4.05685 4.06727 4.13833 4.16486 
2.80364 3.63544 3.80958 3.86784 4.05685 4.06727 4.13833 4.16486 
2.80364 3.63544 3.80958 3.86784 4.05685 4.06727 4.13833 4.16486 
2.80364 3.63544 3.80958 3.86784 4.05685 4.06727 4.13833 4.16486 
2.80364 3.63544 3.80958 3.86784 4.05685 4.06727 4.13833 4.16486 
2.80364 3.63544 3.80958 3.86784 4.05685 4.06727 4.13833 4.16486 
2.80364 3.63544 3.80958 3.86784 4.05685 4.06727 4.13833 4.16486 
2.80364 3.63544 3.80958 3.86784 4.05685 4.06727 4.13833 4.16486 
2.80364 3.63544 3.80958 3.86784 4.05685 4.06727 4.13833 4.16486 
2.80364 3.63544 3.80958 3.86784 4.05685 4.06727 4.13833 4.16486 
2.80364 3.63544 3.80958 3.86784 4.05685 4.06727 4.13833 4.16486 
2.80364 3.63544 3.80958 3.86784 4.05685 4.06727 4.13833 4.16486 
2.80364 3.63544 3.80958 3.86784 4.05685 4.06727 4.13833 4.16486 
2.80364 3.63544 3.80958 3.86784 4.05685 4.06727 4.13833 4.16486 
2.80364 3.63544 3.80958 3.86784 4.05685 4.06727 4.13833 4.16486 
2.80364 3.63544 3.80958 3.86784 4.05685 4.06727 4.13833 4.16486 
2.80364 3.63544 3.80958 3.86784 4.05685 4.06727 4.13833 4.16486 
2.80364 3.63544 3.80958 3.86784 4.05685 4.06727 4.13833 4.16486 
2.80364 3.63544 3.80958 3.86784 4.05685 4.06727 4.13833 4.16486 
2.80364 3.63544 3.80958 3.86784 4.05685 4.06727 4.13833 4.16486 
2.80364 3.63544 3.80958 3.86784 4.05685 4.06727 4.13833 4.16486 
