2.60036 3.81505 5.46023 5.48234 6.56599 8.67966 10.2271 11.2956 
2.60036 3.81505 4.52904 4.86163 5.46023 5.48234 5.87053 6.56599 
2.60036 3.81505 4.52904 4.86163 5.46023 5.48234 5.67848 5.87053 
2.60036 3.26314 3.36749 3.81505 4.52904 4.86163 5.46023 5.48234 
2.60036 3.26314 3.36749 3.81505 4.49036 4.52904 4.86163 4.91092 
2.60036 3.24558 3.26314 3.36749 3.81505 4.49036 4.52904 4.86163 
2.60036 3.24558 3.26314 3.36749 3.81505 4.49036 4.52904 4.86163 
2.60036 3.24558 3.26314 3.36749 3.81505 4.16772 4.49036 4.52904 
2.60036 3.24558 3.26314 3.36749 3.81505 4.16772 4.49036 4.52904 
2.60036 3.24558 3.26314 3.36749 3.81505 4.16772 4.49036 4.52904 
2.60036 3.24558 3.26314 3.36749 3.81505 4.16772 4.49036 4.52904 
2.60036 3.24558 3.26314 3.36749 3.81505 4.16772 4.49036 4.52904 
2.60036 3.24558 3.26314 3.36749 3.81505 4.16772 4.49036 4.52904 
2.60036 3.24558 3.26314 3.36749 3.81505 4.16772 4.49036 4.52904 
2.60036 3.24558 3.26314 3.36749 3.81505 4.16772 4.49036 4.52904 
2.60036 3.24558 3.26314 3.36749 3.81505 4.16772 4.49036 4.52904 
2.60036 3.24558 3.26314 3.36749 3.81505 4.16772 4.49036 4.52904 
2.60036 3.24558 3.26314 3.36749 3.81505 4.16772 4.49036 4.52904 
2.60036 3.24558 3.26314 3.36749 3.81505 4.16772 4.49036 4.52904 
2.60036 3.24558 3.26314 3.36749 3.81505 4.16772 4.49036 4.52904 
2.60036 3.24558 3.26314 3.36749 3.81505 4.16772 4.49036 4.52904 
2.60036 3.24558 3.26314 3.36749 3.81505 4.16772 4.49036 4.52904 
2.60036 3.24558 3.26314 3.36749 3.81505 4.16772 4.49036 4.52904 
2.60036 3.24558 3.26314 3.36749 3.81505 4.16772 4.49036 4.52904 
2.60036 3.24558 3.26314 3.36749 3.81505 4.16772 4.49036 4.52904 
2.60036 3.24558 3.26314 3.36749 3.81505 4.16772 4.49036 4.52904 
2.60036 3.24558 3.26314 3.36749 3.81505 4.16772 4.49036 4.52904 
2.60036 3.24558 3.26314 3.36749 3.81505 4.16772 4.49036 4.52904 
2.60036 3.24558 3.26314 3.36749 3.81505 4.09011 4.16772 4.49036 
2.60036 3.24558 3.26314 3.36749 3.81505 4.09011 4.16772 4.49036 
2.60036 3.24558 3.26314 3.36749 3.81505 4.09011 4.16772 4.49036 
2.60036 3.24558 3.26314 3.36749 3.81505 4.09011 4.16772 4.49036 
2.60036 3.24558 3.26314 3.36749 3.81505 4.09011 4.16772 4.49036 
2.60036 3.24558 3.26314 3.36749 3.81505 4.09011 4.16772 4.49036 
2.60036 3.24558 3.26314 3.36749 3.81505 4.09011 4.16772 4.49036 
2.60036 3.24558 3.26314 3.36749 3.81505 4.09011 4.16772 4.49036 
2.60036 3.24558 3.26314 3.36749 3.81505 4.09011 4.16772 4.49036 
2.60036 3.24558 3.26314 3.36749 3.81505 4.09011 4.16772 4.49036 
2.60036 3.24558 3.26314 3.36749 3.81505 4.09011 4.16772 4.49036 
2.60036 3.24558 3.26314 3.36749 3.81505 4.09011 4.16772 4.49036 
2.60036 3.24558 3.26314 3.36749 3.81505 4.09011 4.16772 4.49036 
2.60036 3.24558 3.26314 3.36749 3.81505 4.09011 4.16772 4.49036 
2.60036 3.24558 3.26314 3.36749 3.81505 4.09011 4.16772 4.49036 
2.60036 3.24558 3.26314 3.36749 3.81505 4.09011 4.16772 4.49036 
2.60036 3.24558 3.26314 3.36749 3.81505 4.09011 4.16772 4.49036 
2.60036 3.24558 3.26314 3.36749 3.81505 4.09011 4.16772 4.49036 
2.60036 3.24558 3.26314 3.36749 3.81505 4.09011 4.16772 4.49036 
2.60036 3.24558 3.26314 3.36749 3.81505 4.09011 4.16772 4.49036 
2.60036 3.24558 3.26314 3.36749 3.81505 4.09011 4.16772 4.49036 
2.60036 3.24558 3.26314 3.36749 3.81505 4.09011 4.16772 4.49036 
2.60036 3.24558 3.26314 3.36749 3.81505 4.09011 4.16772 4.49036 
2.60036 3.24558 3.26314 3.36749 3.81505 4.09011 4.16772 4.49036 
2.60036 3.24558 3.26314 3.36749 3.81505 4.09011 4.16772 4.49036 
2.60036 3.24558 3.26314 3.36749 3.81505 4.09011 4.16772 4.49036 
2.60036 3.24558 3.26314 3.36749 3.81505 4.09011 4.16772 4.49036 
2.60036 3.24558 3.26314 3.36749 3.81505 4.09011 4.16772 4.49036 
2.60036 3.20202 3.24558 3.26314 3.36749 3.81505 4.09011 4.16772 
2.60036 3.20202 3.24558 3.26314 3.36749 3.81505 4.09011 4.16772 
2.60036 3.20202 3.24558 3.26314 3.36749 3.81505 4.09011 4.16772 
2.60036 3.20202 3.24558 3.26314 3.36749 3.81505 4.09011 4.16772 
2.60036 3.20202 3.24558 3.26314 3.36749 3.81505 4.09011 4.16772 
2.60036 3.20202 3.24558 3.26314 3.36749 3.81505 4.09011 4.16772 
2.60036 3.20202 3.24558 3.26314 3.36749 3.81505 4.09011 4.16772 
2.60036 3.20202 3.24558 3.26314 3.36749 3.81505 4.09011 4.16772 
2.60036 3.20202 3.24558 3.26314 3.36749 3.81505 4.09011 4.16772 
2.60036 3.20202 3.24558 3.26314 3.36749 3.81505 4.09011 4.16772 
2.60036 3.20202 3.24558 3.26314 3.36749 3.81505 4.09011 4.16772 
2.60036 3.20202 3.24558 3.26314 3.36749 3.81505 4.09011 4.16772 
2.60036 3.20202 3.24558 3.26314 3.36749 3.81505 4.09011 4.16772 
2.60036 3.20202 3.24558 3.26314 3.36749 3.81505 4.09011 4.16772 
2.60036 3.20202 3.24558 3.26314 3.36749 3.81505 4.09011 4.16772 
2.60036 3.20202 3.24558 3.26314 3.36749 3.81505 4.09011 4.16772 
2.60036 3.20202 3.24558 3.26314 3.36749 3.81505 4.09011 4.16772 
2.60036 3.20202 3.24558 3.26314 3.36749 3.81505 4.09011 4.16772 
2.60036 3.20202 3.24558 3.26314 3.36749 3.81505 4.09011 4.16772 
2.60036 3.20202 3.24558 3.26314 3.36749 3.81505 4.09011 4.16772 
2.60036 3.20202 3.24558 3.26314 3.36749 3.81505 4.09011 4.16772 
2.60036 3.20202 3.24558 3.26314 3.36749 3.81505 4.09011 4.16772 
2.60036 3.20202 3.24558 3.26314 3.36749 3.81505 4.09011 4.16772 
1.64749 2.60036 3.20202 3.24558 3.26314 3.36749 3.81505 4.09011 
1.64749 2.60036 3.20202 3.24558 3.26314 3.36749 3.81505 4.09011 
1.64749 2.60036 3.20202 3.24558 3.26314 3.36749 3.81505 4.09011 
1.64749 2.60036 3.20202 3.24558 3.26314 3.36749 3.81505 4.09011 
1.64749 2.60036 3.20202 3.24558 3.26314 3.36749 3.81505 4.09011 
1.64749 2.60036 3.20202 3.24558 3.26314 3.36749 3.81505 4.09011 
1.64749 2.60036 3.20202 3.24558 3.26314 3.36749 3.81505 4.09011 
1.64749 2.60036 3.20202 3.24558 3.26314 3.36749 3.81505 4.09011 
1.64749 2.60036 3.20202 3.24558 3.26314 3.36749 3.81505 4.09011 
1.64749 2.60036 3.20202 3.24558 3.26314 3.36749 3.81505 4.09011 
1.64749 2.60036 3.20202 3.24558 3.26314 3.36749 3.81505 4.09011 
1.64749 2.60036 3.20202 3.24558 3.26314 3.36749 3.81505 4.09011 
1.64749 2.60036 3.20202 3.24558 3.26314 3.36749 3.81505 4.09011 
1.64749 2.60036 3.20202 3.24558 3.26314 3.36749 3.81505 4.09011 
1.64749 2.60036 3.20202 3.24558 3.26314 3.36749 3.81505 4.09011 
1.64749 2.60036 3.20202 3.24558 3.26314 3.36749 3.81505 4.09011 
1.64749 2.60036 3.20202 3.24558 3.26314 3.36749 3.81505 4.09011 
1.64749 2.60036 3.20202 3.24558 3.26314 3.36749 3.81505 4.09011 
1.64749 2.60036 3.20202 3.24558 3.26314 3.36749 3.81505 4.09011 
1.64749 2.60036 3.20202 3.24558 3.26314 3.36749 3.81505 4.09011 
1.64749 2.60036 3.20202 3.24558 3.26314 3.36749 3.81505 4.09011 
