7.82398 8.45498 9.10567 9.78635 11.2699 11.3584 11.5623 11.5803 
4.58208 6.00594 7.52041 7.75395 7.82398 8.10006 8.30109 8.45498 
4.58208 6.00594 6.40567 7.52041 7.75395 7.82398 8.10006 8.16039 
4.58208 6.00594 6.31056 6.36151 6.40567 6.69864 7.477 7.52041 
4.58208 6.00594 6.31056 6.36151 6.40567 6.69864 7.477 7.52041 
3.83696 4.58208 5.60645 6.00594 6.31056 6.36151 6.40567 6.69566 
3.83696 4.58208 5.60645 5.80556 6.00594 6.31056 6.36151 6.40567 
3.83696 4.58208 5.60645 5.80556 6.00594 6.31056 6.36151 6.40567 
3.83696 3.93536 4.4612 4.58208 5.60645 5.80556 6.00594 6.31056 
3.83696 3.93536 4.4612 4.58208 5.60645 5.80556 6.00594 6.31056 
3.83696 3.93536 4.4612 4.58208 5.51025 5.60645 5.80556 5.85901 
3.83696 3.93536 4.4612 4.58208 5.51025 5.60645 5.80556 5.85901 
3.83696 3.93536 4.4612 4.58208 5.51025 5.60645 5.80556 5.85901 
3.59525 3.83696 3.93536 4.4612 4.58208 5.51025 5.60645 5.80556 
3.59525 3.72031 3.83696 3.93536 4.4612 4.58208 5.51025 5.60645 
3.59525 3.72031 3.83696 3.93536 4.25783 4.4612 4.58208 5.51025 
3.59525 3.72031 3.83696 3.93536 4.25783 4.4612 4.58208 5.51025 
3.59525 3.72031 3.83696 3.93536 4.25765 4.25783 4.4612 4.58208 
2.94319 3.59525 3.72031 3.83696 3.93536 4.25765 4.25783 4.4612 
2.94319 3.59525 3.72031 3.83696 3.93536 4.25765 4.25783 4.4612 
2.94319 3.59525 3.72031 3.83696 3.93536 4.25765 4.25783 4.4612 
2.94319 3.59525 3.72031 3.83696 3.93536 4.25765 4.25783 4.4612 
1.6308 2.94319 3.59525 3.72031 3.83696 3.93536 4.25765 4.25783 
1.6308 2.94319 3.59525 3.72031 3.83696 3.93536 4.25765 4.25783 
1.6308 2.94319 3.59525 3.72031 3.83696 3.93536 4.25765 4.25783 
1.6308 2.94319 3.59525 3.72031 3.83696 3.93536 4.25765 4.25783 
1.6308 2.94319 3.59525 3.63494 3.72031 3.83696 3.93536 4.25765 
1.6308 2.94319 3.59525 3.63494 3.72031 3.83696 3.93536 4.25765 
1.6308 2.94319 3.59525 3.63494 3.72031 3.83696 3.93536 4.25765 
1.6308 2.94319 3.59525 3.63494 3.72031 3.83696 3.93536 4.25765 
1.6308 2.94319 3.59525 3.63494 3.72031 3.83696 3.93536 4.25765 
1.6308 2.94319 3.59525 3.63494 3.72031 3.83696 3.93536 4.25765 
1.6308 2.94319 3.59525 3.63494 3.72031 3.83696 3.93536 4.25765 
1.6308 2.94319 3.41657 3.59525 3.63494 3.72031 3.83696 3.93536 
1.6308 2.94319 3.41657 3.59525 3.63494 3.72031 3.83696 3.93536 
1.6308 2.94319 3.41657 3.59525 3.63494 3.72031 3.83696 3.93536 
1.6308 2.94319 3.41657 3.59525 3.63494 3.72031 3.83696 3.93536 
1.6308 2.94319 3.41657 3.59525 3.63494 3.72031 3.83696 3.93536 
1.6308 2.94319 3.41657 3.59525 3.63494 3.72031 3.83696 3.93536 
1.6308 2.94319 3.41657 3.59525 3.63494 3.72031 3.83696 3.93536 
1.6308 2.94319 3.41657 3.59525 3.63494 3.72031 3.83696 3.93536 
1.6308 2.94319 3.41657 3.59525 3.63494 3.72031 3.83696 3.93536 
1.6308 2.94319 3.41657 3.59525 3.63494 3.72031 3.83696 3.93536 
1.6308 2.94319 3.41657 3.59525 3.63494 3.72031 3.83696 3.93536 
1.6308 2.94319 3.41657 3.59525 3.63494 3.72031 3.83696 3.93536 
1.6308 2.94319 3.41657 3.59525 3.63494 3.72031 3.83696 3.93536 
1.6308 2.94319 3.41657 3.59525 3.63494 3.72031 3.83696 3.93536 
1.6308 2.94319 3.41657 3.59525 3.63494 3.72031 3.83696 3.93536 
1.6308 2.94319 3.41657 3.59525 3.63494 3.72031 3.83696 3.93536 
1.6308 2.94319 3.41657 3.59525 3.63494 3.72031 3.83696 3.93536 
1.6308 2.94319 3.41657 3.59525 3.63494 3.72031 3.83696 3.93536 
1.6308 2.94319 3.41657 3.59525 3.63494 3.72031 3.83696 3.93536 
1.6308 2.94319 3.41657 3.59525 3.63494 3.72031 3.83696 3.93536 
1.6308 2.94319 3.41657 3.59525 3.63494 3.72031 3.83696 3.93536 
1.6308 2.94319 3.41657 3.59525 3.63494 3.72031 3.83696 3.93536 
1.6308 2.94319 3.41657 3.59525 3.63494 3.72031 3.83696 3.93536 
1.6308 2.94319 3.41657 3.59525 3.63494 3.72031 3.83696 3.93536 
1.6308 2.94319 3.41657 3.59525 3.63494 3.72031 3.83696 3.93536 
1.6308 2.94319 3.41657 3.59525 3.63494 3.72031 3.83696 3.93536 
1.6308 2.94319 3.41657 3.59525 3.63494 3.72031 3.83696 3.93536 
1.6308 2.94319 3.41657 3.59525 3.63494 3.72031 3.83696 3.93536 
1.6308 2.94319 3.41657 3.59525 3.63494 3.72031 3.83696 3.93536 
1.6308 2.94319 3.41657 3.59525 3.63494 3.72031 3.83696 3.93536 
1.6308 2.94319 3.41657 3.59525 3.63494 3.72031 3.83696 3.93536 
1.6308 2.94319 3.41657 3.59525 3.63494 3.72031 3.83696 3.93536 
1.6308 2.94319 3.41657 3.59525 3.63494 3.72031 3.83696 3.93536 
1.6308 2.94319 3.41657 3.59525 3.63494 3.72031 3.83696 3.93536 
1.6308 2.94319 3.41657 3.59525 3.63494 3.72031 3.83696 3.93536 
1.6308 2.94319 3.41657 3.59525 3.63494 3.72031 3.83696 3.93536 
1.6308 2.94319 3.41657 3.59525 3.63494 3.72031 3.83696 3.93536 
1.6308 2.94319 3.41657 3.59525 3.63494 3.72031 3.83696 3.93536 
1.6308 2.94319 3.41657 3.59525 3.63494 3.72031 3.83696 3.93536 
1.6308 2.94319 3.41657 3.59525 3.63494 3.72031 3.83696 3.93536 
1.6308 2.94319 3.41657 3.59525 3.63494 3.72031 3.83696 3.93536 
1.6308 2.94319 3.41657 3.59525 3.63494 3.72031 3.83696 3.93536 
1.6308 2.94319 3.41657 3.59525 3.63494 3.72031 3.83696 3.93536 
1.6308 2.94319 3.41657 3.59525 3.63494 3.72031 3.83696 3.93536 
1.6308 2.94319 3.41657 3.59525 3.63494 3.72031 3.83696 3.93536 
1.6308 2.94319 3.41657 3.59525 3.63494 3.72031 3.83696 3.93536 
1.6308 2.94319 3.41657 3.59525 3.63494 3.72031 3.83696 3.93536 
1.6308 2.94319 3.41657 3.59525 3.63494 3.72031 3.83696 3.93536 
1.6308 2.94319 3.41657 3.59525 3.63494 3.72031 3.83696 3.93536 
1.6308 2.94319 3.41657 3.59525 3.63494 3.72031 3.83696 3.93536 
1.6308 2.94319 3.41657 3.59525 3.63494 3.72031 3.83696 3.93536 
1.6308 2.94319 3.41657 3.59525 3.63494 3.72031 3.83696 3.93536 
1.6308 2.94319 3.41657 3.59525 3.63494 3.72031 3.83696 3.93536 
1.6308 2.94319 3.41657 3.59525 3.63494 3.72031 3.83696 3.93536 
1.6308 2.94319 3.41657 3.59525 3.63494 3.72031 3.83696 3.93536 
1.6308 2.94319 3.41657 3.59525 3.63494 3.72031 3.83696 3.93536 
1.6308 2.94319 3.41657 3.59525 3.63494 3.72031 3.83696 3.93536 
1.6308 2.94319 3.41657 3.59525 3.63494 3.72031 3.83696 3.93536 
1.6308 2.94319 3.41657 3.59525 3.63494 3.72031 3.83696 3.93536 
1.6308 2.94319 3.41657 3.59525 3.63494 3.72031 3.83696 3.93536 
1.6308 2.94319 3.41657 3.59525 3.63494 3.72031 3.83696 3.93536 
1.6308 2.94319 3.41657 3.59525 3.63494 3.72031 3.83696 3.93536 
1.6308 2.94319 3.41657 3.59525 3.63494 3.72031 3.83696 3.93536 
1.6308 2.94319 3.41657 3.59525 3.63494 3.72031 3.83696 3.93536 
1.6308 2.94319 3.41657 3.59525 3.63494 3.72031 3.83696 3.93536 
1.6308 2.94319 3.41657 3.59525 3.63494 3.72031 3.83696 3.93536 
1.6308 2.94319 3.41657 3.59525 3.63494 3.72031 3.83696 3.93536 
