6.1403 7.62927 7.73487 7.80444 8.07775 8.52341 8.86045 9.44728 
6.1403 7.62927 7.73487 7.80444 8.07775 8.17136 8.52341 8.86045 
3.69313 4.33914 6.1403 7.62927 7.73487 7.80444 8.07775 8.17136 
3.42633 3.69313 4.33914 5.17591 5.52308 6.1403 7.62927 7.63914 
3.42633 3.69313 4.33914 5.17591 5.37021 5.52308 6.1403 7.62927 
3.42633 3.69313 4.33914 5.17591 5.37021 5.52308 6.1403 7.62927 
3.19495 3.42633 3.69313 4.33914 5.17591 5.37021 5.52308 6.1403 
3.19495 3.42633 3.69313 4.33914 4.355 5.17591 5.37021 5.52308 
3.19495 3.42633 3.69313 4.33914 4.355 5.17591 5.37021 5.52308 
3.19495 3.42633 3.69313 4.33914 4.355 5.17591 5.37021 5.52308 
3.19495 3.42633 3.69313 4.33914 4.355 5.15964 5.17591 5.37021 
3.19495 3.42633 3.69313 4.33914 4.355 4.40874 5.15964 5.17591 
2.94299 3.19495 3.42633 3.69313 4.33914 4.355 4.40874 5.15964 
2.94299 3.19495 3.42633 3.69313 4.33914 4.355 4.40874 5.15964 
2.94299 3.19495 3.42633 3.69313 4.33914 4.355 4.40874 5.15964 
2.94299 3.19495 3.42633 3.69313 4.33914 4.355 4.40874 4.98504 
2.94299 3.19495 3.42633 3.69313 3.79771 4.33914 4.355 4.40874 
1.7805 2.17685 2.94299 3.19495 3.42633 3.69313 3.79771 4.33914 
1.7805 2.17685 2.94299 3.19495 3.42633 3.69313 3.79771 4.33914 
1.7805 2.17685 2.94299 3.19495 3.42633 3.69313 3.79771 4.33914 
1.7805 2.17685 2.94299 3.19495 3.3114 3.42633 3.69313 3.79771 
1.7805 2.17685 2.94299 3.19495 3.3114 3.42633 3.69313 3.79771 
1.7805 2.04752 2.17685 2.94299 3.19495 3.3114 3.42633 3.69313 
1.7805 2.04752 2.17685 2.94299 3.19495 3.3114 3.42633 3.69313 
1.7805 2.04752 2.17685 2.94299 3.19495 3.3114 3.42633 3.68939 
1.7805 2.04752 2.17685 2.94299 3.06301 3.19495 3.3114 3.42633 
1.7805 2.04752 2.17685 2.94299 3.06301 3.19495 3.3114 3.42633 
1.7805 2.04752 2.17685 2.94299 3.06301 3.19495 3.3114 3.42633 
1.7805 2.04752 2.17685 2.94299 3.06301 3.19495 3.3114 3.42633 
1.7805 2.04752 2.17685 2.94299 3.06301 3.19495 3.3114 3.42633 
1.7805 2.04752 2.17685 2.94299 3.06301 3.19495 3.3114 3.42633 
1.7805 2.04752 2.17685 2.94299 3.06301 3.19495 3.3114 3.42633 
1.7805 2.04752 2.17685 2.94299 3.06301 3.19495 3.3114 3.42633 
1.7805 2.04752 2.17685 2.94299 3.06301 3.19495 3.3114 3.42633 
1.7805 2.04752 2.17685 2.94299 3.06301 3.19495 3.3114 3.42633 
1.7805 2.04752 2.17685 2.94299 3.06301 3.19495 3.3114 3.42633 
1.7805 2.04752 2.17685 2.94299 3.06301 3.19495 3.22563 3.3114 
1.7805 2.04752 2.17685 2.94299 3.06301 3.19495 3.22563 3.3114 
1.7805 2.04752 2.17685 2.94299 3.06301 3.19495 3.22563 3.3114 
1.7805 2.04752 2.17685 2.94299 3.06301 3.19495 3.22563 3.26605 
1.7805 2.04752 2.17685 2.94299 3.06301 3.19495 3.22563 3.26605 
1.7805 2.04752 2.17685 2.94299 3.06301 3.19495 3.22563 3.26605 
0.2964 1.7805 2.04752 2.17685 2.94299 3.06301 3.19495 3.22563 
0.2964 1.7805 2.04752 2.17685 2.94299 3.06301 3.19495 3.22563 
0.2964 1.7805 2.04752 2.17685 2.94299 3.06301 3.19495 3.22563 
0.2964 1.7805 2.04752 2.17685 2.94299 3.06301 3.19495 3.22563 
0.2964 1.7805 2.04752 2.17685 2.94299 3.06301 3.19495 3.22563 
0.2964 1.7805 2.04752 2.17685 2.94299 3.06301 3.19495 3.22563 
0.2964 1.7805 2.04752 2.17685 2.94299 3.06301 3.19495 3.22563 
0.2964 1.7805 2.04752 2.17685 2.94299 3.06301 3.19495 3.22563 
0.2964 1.7805 2.04752 2.17685 2.94299 3.06301 3.19495 3.22563 
0.2964 1.27599 1.7805 2.04752 2.17685 2.94299 3.06301 3.19495 
0.2964 1.27599 1.7805 2.04752 2.17685 2.94299 3.06301 3.19495 
0.2964 0.702322 1.27599 1.7805 2.04752 2.17685 2.94299 3.06301 
0.2964 0.702322 1.27599 1.7805 2.04752 2.17685 2.94299 3.06301 
0.2964 0.702322 1.27599 1.7805 2.04752 2.17685 2.94299 3.06301 
0.2964 0.702322 1.27599 1.7805 2.04752 2.17685 2.94299 3.06301 
0.2964 0.702322 1.27599 1.7805 2.04752 2.17685 2.94299 3.06301 
0.2964 0.702322 1.27599 1.7805 2.04752 2.17685 2.94299 3.06301 
0.2964 0.702322 1.27599 1.7805 2.04752 2.17685 2.94299 3.06301 
0.2964 0.702322 1.27599 1.7805 2.04752 2.17685 2.9298 2.94299 
0.2964 0.702322 1.27599 1.7805 2.04752 2.17685 2.9298 2.94299 
0.2964 0.702322 1.27599 1.7805 2.04752 2.17685 2.9298 2.94299 
0.2964 0.702322 1.27599 1.7805 2.04752 2.17685 2.9298 2.94299 
0.2964 0.702322 1.27599 1.7805 2.04752 2.17685 2.9298 2.94299 
0.2964 0.702322 1.27599 1.7805 2.04752 2.17685 2.9298 2.94299 
0.2964 0.702322 1.27599 1.7805 2.04752 2.17685 2.9298 2.94299 
0.2964 0.702322 1.27599 1.7805 2.04752 2.17685 2.9298 2.94299 
0.2964 0.702322 1.27599 1.7805 2.04752 2.17685 2.9298 2.94299 
0.2964 0.702322 1.27599 1.7805 2.04752 2.17685 2.9298 2.94299 
0.2964 0.702322 1.27599 1.7805 2.04752 2.17685 2.9298 2.94299 
0.2964 0.702322 1.27599 1.7805 2.04752 2.17685 2.9298 2.94299 
0.2964 0.702322 1.27599 1.7805 2.04752 2.17685 2.9298 2.94299 
0.2964 0.702322 1.27599 1.7805 2.04752 2.17685 2.9298 2.94299 
0.2964 0.702322 1.27599 1.7805 2.04752 2.17685 2.9298 2.94299 
0.2964 0.702322 1.27599 1.7805 2.04752 2.17685 2.9298 2.94299 
0.2964 0.702322 1.27599 1.7805 2.04752 2.17685 2.9298 2.94299 
0.2964 0.702322 1.27599 1.7805 2.04752 2.17685 2.9298 2.94299 
0.2964 0.702322 1.27599 1.7805 2.04752 2.17685 2.9298 2.94299 
0.2964 0.702322 1.27599 1.7805 2.04752 2.17685 2.9298 2.94299 
0.2964 0.702322 1.27599 1.7805 2.04752 2.17685 2.9298 2.94299 
0.2964 0.702322 1.27599 1.7805 2.04752 2.17685 2.9298 2.94299 
0.2964 0.702322 1.27599 1.7805 2.04752 2.17685 2.9298 2.94299 
0.2964 0.702322 1.27599 1.7805 2.04752 2.17685 2.9298 2.94299 
0.2964 0.702322 1.27599 1.7805 2.04752 2.17685 2.9298 2.94299 
0.2964 0.702322 1.27599 1.7805 2.04752 2.17685 2.9298 2.94299 
0.2964 0.702322 1.27599 1.7805 2.04752 2.17685 2.9298 2.94299 
0.2964 0.702322 1.27599 1.7805 2.04752 2.17685 2.9298 2.94299 
0.2964 0.702322 1.27599 1.7805 2.04752 2.17685 2.9298 2.94299 
0.2964 0.702322 1.27599 1.7805 2.04752 2.17685 2.9298 2.94299 
0.2964 0.702322 1.27599 1.7805 2.04752 2.17685 2.9298 2.94299 
0.2964 0.702322 1.27599 1.7805 2.04752 2.17685 2.9298 2.94299 
0.2964 0.702322 1.27599 1.7805 2.04752 2.17685 2.9298 2.94299 
0.2964 0.702322 1.27599 1.7805 2.04752 2.17685 2.9298 2.94299 
0.2964 0.702322 1.27599 1.7805 2.04752 2.17685 2.9298 2.94299 
0.2964 0.702322 1.27599 1.7805 2.04752 2.17685 2.9298 2.94299 
0.2964 0.702322 1.27599 1.7805 2.04752 2.17685 2.9298 2.94299 
0.2964 0.702322 1.27599 1.7805 2.04752 2.17685 2.9298 2.94299 
0.2964 0.702322 1.27599 1.7805 2.04752 2.17685 2.9298 2.94299 
0.2964 0.702322 1.27599 1.7805 2.04752 2.17685 2.9298 2.94299 
