6.43943 7.14751 9.61449 9.68208 10.2852 10.7899 11.3076 11.3109 
6.43943 6.77305 7.14751 8.03975 9.61449 9.68208 10.1969 10.2852 
4.76857 6.00446 6.13711 6.43943 6.77305 6.92756 7.14751 8.03975 
4.76857 6.00446 6.13711 6.43943 6.77305 6.92756 7.14751 7.76525 
4.76857 6.00446 6.13711 6.43943 6.77305 6.92756 7.14751 7.76525 
4.76857 6.00446 6.13711 6.43943 6.77305 6.92756 7.14751 7.76525 
4.76857 6.00446 6.13711 6.43943 6.77305 6.92756 7.14751 7.76525 
4.76857 6.00446 6.13711 6.43943 6.77305 6.92756 7.14751 7.76525 
4.76857 6.00446 6.13711 6.43943 6.77305 6.92756 7.14751 7.76525 
4.76857 6.00446 6.13711 6.43943 6.77305 6.92756 7.14751 7.76525 
4.76857 6.00446 6.13711 6.43943 6.77305 6.92756 7.14751 7.76525 
4.76857 6.00446 6.13711 6.43943 6.77305 6.92756 7.14751 7.41182 
4.76857 6.00446 6.13711 6.43943 6.77305 6.92756 7.14751 7.41182 
4.76857 6.00446 6.13711 6.43943 6.77305 6.92756 7.14751 7.41182 
4.76857 5.51091 6.00446 6.13711 6.43943 6.77305 6.92756 7.14751 
4.76857 5.51091 6.00446 6.13711 6.43943 6.77305 6.92756 7.14751 
4.76857 5.51091 6.00446 6.13711 6.43943 6.77305 6.92756 7.14751 
4.76857 5.51091 6.00446 6.13711 6.43943 6.77305 6.92756 7.14751 
4.76857 5.51091 6.00446 6.13711 6.43943 6.77305 6.92756 7.14751 
4.76857 5.51091 6.00446 6.13711 6.43943 6.60395 6.77305 6.92756 
4.76857 5.51091 6.00446 6.13711 6.43943 6.60395 6.77305 6.92756 
4.76857 5.51091 6.00446 6.13711 6.43943 6.60395 6.77305 6.92756 
4.76857 5.51091 5.97764 6.00446 6.13711 6.43943 6.60395 6.77305 
4.76857 5.51091 5.97764 6.00446 6.13711 6.43943 6.60395 6.77305 
4.76857 5.51091 5.97764 6.00446 6.13711 6.43943 6.60395 6.77305 
4.76857 5.51091 5.97764 6.00446 6.13711 6.43943 6.60395 6.77305 
4.76857 5.51091 5.97764 6.00446 6.13711 6.43943 6.60395 6.77305 
4.76857 5.51091 5.97764 6.00446 6.13711 6.43943 6.60395 6.77305 
3.53426 4.76857 5.51091 5.97764 6.00446 6.13711 6.43943 6.60395 
3.53426 4.76857 5.51091 5.97764 6.00446 6.13711 6.43943 6.60395 
3.53426 4.76857 5.51091 5.97764 6.00446 6.13711 6.43943 6.60395 
3.53426 4.07509 4.76857 5.51091 5.97764 6.00446 6.13711 6.43943 
3.53426 4.07509 4.76857 5.51091 5.97764 6.00446 6.13711 6.43943 
3.53426 4.07509 4.76857 5.51091 5.97764 6.00446 6.13711 6.43943 
3.53426 3.67936 4.07509 4.76857 5.51091 5.97764 6.00446 6.13711 
3.53426 3.67936 4.07509 4.76857 5.51091 5.97764 6.00446 6.13711 
3.53426 3.67936 4.07509 4.76857 5.51091 5.97764 6.00446 6.13711 
3.53426 3.67936 4.07509 4.76857 5.51091 5.97764 6.00446 6.13711 
3.00839 3.53426 3.67936 4.07509 4.76857 5.51091 5.97764 6.00446 
3.00839 3.53426 3.67936 4.07509 4.76857 5.51091 5.97764 6.00446 
3.00839 3.53426 3.67936 4.07509 4.76857 5.51091 5.97764 6.00446 
3.00839 3.53426 3.67936 4.07509 4.76857 5.51091 5.97764 6.00446 
3.00839 3.53426 3.67936 4.07509 4.76857 5.51091 5.97764 6.00446 
3.00839 3.53426 3.67936 4.07509 4.76857 5.51091 5.97764 6.00446 
3.00839 3.53426 3.67936 4.07509 4.76857 5.51091 5.97764 6.00446 
3.00839 3.53426 3.67936 4.07509 4.76857 5.51091 5.97764 6.00446 
3.00839 3.53426 3.67936 4.07509 4.76857 5.51091 5.97764 6.00446 
3.00839 3.53426 3.67936 4.07509 4.76857 5.51091 5.97764 6.00446 
3.00839 3.53426 3.67936 4.07509 4.76857 5.51091 5.97764 6.00446 
2.56603 3.00839 3.53426 3.67936 4.07509 4.76857 5.51091 5.97764 
2.56603 3.00839 3.53426 3.67936 4.07509 4.76857 5.51091 5.97764 
2.56603 3.00839 3.53426 3.67936 4.07509 4.76857 5.51091 5.97764 
2.56603 3.00839 3.53426 3.67936 4.07509 4.76857 5.51091 5.97764 
2.56603 3.00839 3.53426 3.67936 4.07509 4.76857 5.51091 5.97764 
2.56603 3.00839 3.53426 3.67936 4.07509 4.76857 5.51091 5.97764 
2.56603 3.00839 3.53426 3.67936 4.07509 4.76857 5.51091 5.97764 
2.56603 3.00839 3.53426 3.67936 4.07509 4.76857 5.51091 5.97764 
2.56603 3.00839 3.53426 3.67936 4.07509 4.76857 5.51091 5.97764 
2.56603 3.00839 3.53426 3.67936 4.07509 4.76857 5.51091 5.97764 
2.56603 3.00839 3.53426 3.67936 4.07509 4.76857 5.51091 5.97764 
2.56603 3.00839 3.53426 3.67936 4.07509 4.76857 5.51091 5.97764 
2.56603 3.00839 3.53426 3.67936 4.07509 4.76857 5.51091 5.97764 
2.56603 3.00839 3.53426 3.67936 4.07509 4.76857 5.51091 5.97764 
2.56603 3.00839 3.53426 3.67936 4.07509 4.76857 5.51091 5.97764 
2.56603 3.00839 3.53426 3.67936 4.07509 4.76857 5.51091 5.97764 
2.56603 3.00839 3.53426 3.67936 4.07509 4.76857 5.51091 5.97764 
2.56603 3.00839 3.53426 3.67936 4.07509 4.76857 5.51091 5.97764 
2.56603 3.00839 3.53426 3.67936 4.07509 4.76857 5.51091 5.97764 
2.56603 3.00839 3.1216 3.53426 3.67936 4.07509 4.52847 4.76857 
2.56603 3.00839 3.1216 3.53426 3.67936 4.07509 4.25419 4.52847 
2.56603 3.00839 3.1216 3.53426 3.67936 4.07509 4.25419 4.52847 
2.56603 3.00839 3.1216 3.53426 3.67936 3.76096 4.07509 4.25419 
2.56603 3.00839 3.1216 3.53426 3.67936 3.76096 4.07509 4.25419 
2.56603 3.00839 3.1216 3.53426 3.67936 3.76096 4.07509 4.25419 
2.56603 3.00839 3.1216 3.53426 3.67936 3.76096 4.07509 4.25419 
2.56603 3.00839 3.1216 3.53426 3.67936 3.76096 4.07509 4.25419 
2.56603 3.00839 3.1216 3.53426 3.67936 3.76096 4.07509 4.25419 
2.56603 3.00839 3.1216 3.53426 3.67936 3.76096 4.07509 4.25419 
2.56603 3.00839 3.1216 3.53426 3.67936 3.76096 4.07509 4.25419 
2.56603 3.00839 3.1216 3.53426 3.67936 3.76096 4.07509 4.25419 
2.56603 3.00839 3.1216 3.53426 3.67936 3.76096 4.07509 4.25419 
2.56603 3.00839 3.1216 3.53426 3.67936 3.76096 4.07509 4.25419 
2.56603 3.00839 3.1216 3.53426 3.67936 3.76096 3.77999 4.07509 
2.56603 3.00839 3.1216 3.53426 3.67936 3.76096 3.77999 4.07509 
2.56603 3.00839 3.1216 3.53426 3.67936 3.76096 3.77999 4.07509 
2.56603 3.00839 3.1216 3.53426 3.67936 3.76096 3.77999 4.07509 
2.56603 3.00839 3.1216 3.53426 3.67936 3.76096 3.77999 4.07509 
2.56603 3.00839 3.1216 3.53426 3.67936 3.76096 3.77999 4.07509 
2.56603 3.00839 3.1216 3.53426 3.67936 3.76096 3.77999 4.07509 
2.56603 3.00839 3.1216 3.53426 3.67936 3.76096 3.77999 4.07509 
2.56603 3.00839 3.1216 3.53426 3.67936 3.76096 3.77999 4.07509 
2.56603 3.00839 3.1216 3.53426 3.67936 3.76096 3.77999 4.07509 
2.56603 3.00839 3.1216 3.53426 3.67936 3.76096 3.77999 4.07509 
2.56603 3.00839 3.1216 3.53426 3.67936 3.76096 3.77999 3.97234 
2.56603 3.00839 3.1216 3.53426 3.67936 3.76096 3.77999 3.97234 
2.56603 3.00839 3.1216 3.53426 3.67936 3.76096 3.77999 3.97234 
2.56603 3.00839 3.1216 3.53426 3.67936 3.76096 3.77999 3.97234 
2.56603 3.00839 3.1216 3.53426 3.67936 3.76096 3.77999 3.97234 
2.56603 3.00839 3.1216 3.53426 3.67936 3.76096 3.77999 3.97234 
2.56603 3.00839 3.1216 3.53426 3.67936 3.76096 3.77999 3.79518 
