3.17518 5.70307 6.13864 7.71865 8.01032 8.16563 12.0989 12.1896 
3.17518 3.28181 4.35581 5.70307 6.13864 7.71865 8.01032 8.16563 
3.17518 3.28181 4.35581 4.46812 4.57039 4.85172 5.70307 6.13864 
3.17518 3.28181 4.35581 4.46812 4.57039 4.85172 5.70307 6.13864 
3.17518 3.28181 4.35581 4.46812 4.57039 4.85172 5.70307 6.13864 
3.17518 3.28181 4.35581 4.46812 4.57039 4.85172 5.70307 6.13864 
3.17518 3.28181 4.28218 4.35581 4.46812 4.57039 4.85172 5.70307 
3.17518 3.28181 4.28218 4.35581 4.46812 4.57039 4.85172 5.70307 
2.21682 3.17518 3.28181 4.28218 4.35581 4.46812 4.57039 4.85172 
2.21682 2.43007 3.17518 3.28181 4.28218 4.35581 4.46812 4.57039 
2.21682 2.43007 3.17518 3.28181 4.28218 4.35581 4.46812 4.57039 
2.21682 2.43007 3.17518 3.28181 4.28218 4.35581 4.46812 4.57039 
2.21682 2.43007 3.17518 3.28181 4.28218 4.35581 4.46812 4.57039 
2.21682 2.43007 3.17518 3.28181 4.28218 4.35581 4.46812 4.57039 
2.21682 2.43007 3.17518 3.28181 4.28218 4.35581 4.46812 4.57039 
2.21682 2.43007 3.17518 3.28181 4.28218 4.35581 4.46812 4.57039 
2.21682 2.43007 3.17518 3.28181 4.28218 4.35581 4.46812 4.57039 
2.21682 2.43007 3.17518 3.28181 4.28218 4.35581 4.46812 4.57039 
2.21682 2.43007 3.17518 3.28181 4.28218 4.35581 4.46812 4.57039 
2.21682 2.43007 3.17518 3.28181 4.28218 4.35581 4.46812 4.57039 
2.21682 2.43007 3.17518 3.28181 4.28218 4.35581 4.46812 4.57039 
2.21682 2.43007 3.17518 3.28181 4.28218 4.35581 4.46812 4.57039 
2.21682 2.43007 3.17518 3.28181 4.28218 4.35581 4.46812 4.57039 
2.21682 2.43007 3.17518 3.23043 3.28181 4.28218 4.35581 4.46812 
2.21682 2.43007 3.17518 3.23043 3.28181 4.28218 4.35581 4.46812 
2.21682 2.43007 3.17518 3.23043 3.28181 4.28218 4.35581 4.46812 
2.21682 2.2348 2.43007 3.17518 3.23043 3.28181 4.28218 4.35581 
2.21682 2.2348 2.43007 3.17518 3.23043 3.28181 3.29674 4.28218 
2.21682 2.2348 2.43007 3.17518 3.23043 3.28181 3.29674 4.28218 
2.21682 2.2348 2.43007 3.17518 3.23043 3.28181 3.29674 4.28218 
2.21682 2.2348 2.43007 3.17518 3.23043 3.28181 3.29674 4.28218 
2.21682 2.2348 2.43007 3.17518 3.23043 3.28181 3.29674 4.28218 
2.21682 2.2348 2.43007 3.17518 3.23043 3.28181 3.29674 4.28218 
2.21682 2.2348 2.43007 3.17518 3.23043 3.28181 3.29674 4.28218 
2.21682 2.2348 2.43007 3.17518 3.23043 3.28181 3.29674 4.28218 
2.21682 2.2348 2.43007 3.17518 3.23043 3.28181 3.29674 4.28218 
2.21682 2.2348 2.43007 3.17518 3.23043 3.28181 3.29674 4.28218 
2.21682 2.2348 2.43007 3.17518 3.23043 3.28181 3.29674 4.28218 
2.21682 2.2348 2.43007 3.17518 3.23043 3.28181 3.29674 4.28218 
2.21682 2.2348 2.43007 3.17518 3.23043 3.28181 3.29674 4.28218 
2.21682 2.2348 2.43007 3.17518 3.23043 3.28181 3.29674 4.28218 
2.21682 2.2348 2.43007 3.17518 3.23043 3.28181 3.29674 4.28218 
2.21682 2.2348 2.43007 3.17518 3.23043 3.28181 3.29674 4.28218 
2.21682 2.2348 2.43007 3.17518 3.23043 3.28181 3.29674 4.28218 
2.21682 2.2348 2.43007 3.17518 3.23043 3.28181 3.29674 4.28218 
2.21682 2.2348 2.43007 3.17518 3.23043 3.28181 3.29674 4.28218 
2.21682 2.2348 2.43007 3.17518 3.23043 3.28181 3.29674 4.28218 
2.21682 2.2348 2.43007 3.17518 3.23043 3.28181 3.29674 4.28218 
2.21682 2.2348 2.43007 3.17518 3.23043 3.28181 3.29674 4.28218 
2.21682 2.2348 2.43007 3.17518 3.23043 3.28181 3.29674 4.28218 
2.21682 2.2348 2.43007 3.17518 3.23043 3.28181 3.29674 4.28218 
2.21682 2.2348 2.43007 3.17518 3.23043 3.28181 3.29674 4.28218 
2.21682 2.2348 2.43007 3.17518 3.23043 3.28181 3.29674 4.28218 
2.21682 2.2348 2.43007 3.17518 3.23043 3.28181 3.29674 4.28218 
2.21682 2.2348 2.43007 3.17518 3.23043 3.28181 3.29674 4.28218 
2.21682 2.2348 2.43007 3.17518 3.23043 3.28181 3.29674 4.28218 
2.21682 2.2348 2.43007 3.17518 3.23043 3.28181 3.29674 4.28218 
2.21682 2.2348 2.43007 3.17518 3.23043 3.28181 3.29674 4.28218 
2.21682 2.2348 2.43007 3.17518 3.23043 3.28181 3.29674 4.28218 
2.21682 2.2348 2.43007 3.17518 3.23043 3.28181 3.29674 4.28218 
2.21682 2.2348 2.43007 3.17518 3.23043 3.28181 3.29674 4.28218 
2.21682 2.2348 2.43007 3.17518 3.23043 3.28181 3.29674 4.28218 
2.21682 2.2348 2.43007 3.17518 3.23043 3.28181 3.29674 4.28218 
2.21682 2.2348 2.43007 3.17518 3.23043 3.28181 3.29674 4.28218 
2.21682 2.2348 2.43007 3.17518 3.23043 3.28181 3.29674 4.28218 
2.21682 2.2348 2.43007 3.17518 3.23043 3.28181 3.29674 4.28218 
2.21682 2.2348 2.43007 3.17518 3.23043 3.28181 3.29674 4.28218 
2.21682 2.2348 2.43007 3.17518 3.23043 3.28181 3.29674 4.28218 
2.21682 2.2348 2.43007 3.17518 3.23043 3.28181 3.29674 4.28218 
2.21682 2.2348 2.43007 3.17518 3.23043 3.28181 3.29674 4.28218 
2.21682 2.2348 2.43007 3.17518 3.23043 3.28181 3.29674 4.28218 
2.21682 2.2348 2.43007 3.17518 3.23043 3.28181 3.29674 4.28218 
2.21682 2.2348 2.43007 3.17518 3.23043 3.28181 3.29674 4.28218 
2.21682 2.2348 2.43007 3.17518 3.23043 3.28181 3.29674 4.28218 
2.21682 2.2348 2.43007 3.17518 3.23043 3.28181 3.29674 4.28218 
2.21682 2.2348 2.43007 3.17518 3.23043 3.28181 3.29674 4.28218 
2.21682 2.2348 2.43007 3.17518 3.23043 3.28181 3.29674 4.28218 
2.21682 2.2348 2.43007 3.17518 3.23043 3.28181 3.29674 4.28218 
2.21682 2.2348 2.43007 3.17518 3.23043 3.28181 3.29674 4.28218 
2.21682 2.2348 2.43007 3.17518 3.23043 3.28181 3.29674 4.28218 
2.21682 2.2348 2.43007 3.17518 3.23043 3.28181 3.29674 4.28218 
2.21682 2.2348 2.43007 3.17518 3.23043 3.28181 3.29674 4.28218 
2.21682 2.2348 2.43007 3.17518 3.23043 3.28181 3.29674 4.28218 
2.21682 2.2348 2.43007 3.17518 3.23043 3.28181 3.29674 4.28218 
2.21682 2.2348 2.43007 3.17518 3.23043 3.28181 3.29674 4.28218 
2.21682 2.2348 2.43007 3.17518 3.23043 3.28181 3.29674 4.28218 
2.21682 2.2348 2.43007 3.17518 3.23043 3.28181 3.29674 4.28218 
2.21682 2.2348 2.43007 3.17518 3.23043 3.28181 3.29674 4.28218 
2.21682 2.2348 2.43007 3.17518 3.23043 3.28181 3.29674 4.28218 
2.21682 2.2348 2.43007 3.17518 3.23043 3.28181 3.29674 4.28218 
2.21682 2.2348 2.43007 3.17518 3.23043 3.28181 3.29674 4.28218 
2.21682 2.2348 2.43007 3.17518 3.23043 3.28181 3.29674 4.28218 
2.21682 2.2348 2.43007 3.17518 3.23043 3.28181 3.29674 4.28218 
2.21682 2.2348 2.43007 3.17518 3.23043 3.28181 3.29674 4.28218 
2.21682 2.2348 2.43007 3.17518 3.23043 3.28181 3.29674 4.28218 
2.21682 2.2348 2.43007 3.17518 3.23043 3.28181 3.29674 4.28218 
2.21682 2.2348 2.43007 3.17518 3.23043 3.28181 3.29674 4.28218 
2.21682 2.2348 2.43007 3.17518 3.23043 3.28181 3.29674 4.28218 
2.21682 2.2348 2.43007 3.17518 3.23043 3.28181 3.29674 4.28218 
2.21682 2.2348 2.43007 3.17518 3.23043 3.28181 3.29674 4.28218 
