3.23405 4.36413 5.53186 6.36574 6.56115 6.73504 9.27433 10.2833 
3.23405 4.36413 5.53186 6.36574 6.56115 6.73504 9.27433 10.2833 
2.70336 3.15016 3.23405 4.36413 5.53186 6.36574 6.56115 6.73504 
1.28323 2.70336 3.15016 3.23405 4.14738 4.36413 5.53186 6.36574 
1.28323 2.70336 3.15016 3.23405 4.14738 4.36413 5.53186 6.26479 
1.28323 2.70336 3.15016 3.23405 4.14738 4.36413 5.53186 6.26479 
1.28323 2.70336 3.15016 3.23405 4.14738 4.36413 5.53186 6.26479 
1.28323 2.70336 3.15016 3.23405 4.14738 4.36413 5.21877 5.53186 
1.28323 2.70336 3.15016 3.23405 4.14738 4.36413 5.21877 5.53186 
1.28323 2.70336 3.15016 3.23405 4.14738 4.36413 5.21877 5.53186 
1.28323 2.70336 3.15016 3.23405 4.14738 4.36413 5.21877 5.53186 
1.28323 2.70336 3.15016 3.23405 4.14738 4.36413 5.21877 5.53186 
1.28323 2.70336 3.15016 3.23405 4.14738 4.36413 5.21877 5.53186 
1.28323 2.70336 3.15016 3.23405 4.14738 4.36413 5.21877 5.53186 
1.28323 2.70336 3.15016 3.23405 4.14738 4.36413 5.21877 5.53186 
1.28323 2.70336 3.15016 3.23405 4.14738 4.36413 5.21877 5.53186 
1.20653 1.28323 2.70336 3.15016 3.23405 4.14738 4.36413 5.21877 
1.20653 1.28323 2.70336 3.15016 3.23405 4.14738 4.36413 5.21877 
1.20653 1.28323 2.70336 3.15016 3.23405 4.14738 4.36413 5.21877 
1.20653 1.28323 2.70336 3.06386 3.15016 3.23405 4.14738 4.36413 
1.20653 1.28323 2.70336 3.06386 3.15016 3.23405 4.14738 4.36413 
1.20653 1.28323 2.70336 3.06386 3.15016 3.23405 4.14738 4.36413 
1.20653 1.28323 2.1701 2.70336 3.06386 3.15016 3.23405 4.14738 
1.20653 1.28323 2.1701 2.70336 3.06386 3.15016 3.23405 4.14738 
1.20653 1.28323 2.1701 2.70336 3.06386 3.15016 3.23405 4.14738 
1.20653 1.28323 2.1701 2.70336 3.06386 3.15016 3.23405 4.14738 
1.20653 1.28323 2.1701 2.70336 3.06386 3.15016 3.23405 4.14738 
1.20653 1.28323 2.1701 2.70336 3.06386 3.15016 3.23405 4.14738 
1.20653 1.28323 2.1701 2.70336 3.06386 3.15016 3.23405 4.14738 
1.20653 1.28323 2.1701 2.70336 3.06386 3.15016 3.23405 4.14738 
1.20653 1.28323 2.1701 2.70336 3.06386 3.15016 3.23405 4.14738 
1.20653 1.28323 2.1701 2.70336 3.06386 3.15016 3.23405 4.14738 
1.20653 1.28323 2.1701 2.70336 3.06386 3.15016 3.23405 4.14738 
1.20653 1.28323 2.1701 2.70336 3.06386 3.15016 3.23405 4.14738 
1.20653 1.28323 2.1701 2.70336 3.06386 3.15016 3.23405 4.14738 
1.20653 1.28323 2.1701 2.70336 3.06386 3.15016 3.23405 4.14738 
1.20653 1.28323 2.1701 2.70336 3.06386 3.15016 3.23405 4.14738 
1.20653 1.28323 2.1701 2.70336 3.06386 3.15016 3.23405 4.14738 
1.20653 1.28323 2.1701 2.70336 3.06386 3.15016 3.23405 4.14738 
1.20653 1.28323 2.1701 2.70336 3.06386 3.15016 3.23405 4.14738 
1.20653 1.28323 2.1701 2.70336 3.06386 3.15016 3.23405 4.14738 
1.20653 1.28323 2.1701 2.70336 3.06386 3.15016 3.23405 4.14738 
1.20653 1.28323 2.1701 2.70336 3.06386 3.15016 3.23405 4.14738 
1.20653 1.28323 2.1701 2.70336 3.06386 3.15016 3.23405 4.14738 
1.20653 1.28323 2.1701 2.70336 3.06386 3.15016 3.23405 4.14738 
1.20653 1.28323 2.1701 2.70336 3.06386 3.15016 3.23405 4.14738 
1.20653 1.28323 2.1701 2.70336 3.06386 3.15016 3.23405 4.14738 
1.20653 1.28323 2.1701 2.70336 3.06386 3.15016 3.23405 4.14738 
1.20653 1.28323 2.1701 2.70336 3.06386 3.15016 3.23405 4.14738 
1.20653 1.28323 2.1701 2.70336 3.06386 3.15016 3.23405 3.8153 
1.20653 1.28323 2.1701 2.70336 3.06386 3.15016 3.23405 3.8153 
1.20653 1.28323 2.1701 2.70336 3.06386 3.15016 3.23405 3.8153 
1.20653 1.28323 2.1701 2.70336 3.06386 3.15016 3.23405 3.8153 
1.20653 1.28323 2.1701 2.70336 3.06386 3.15016 3.23405 3.8153 
1.20653 1.28323 2.1701 2.70336 3.06386 3.15016 3.23405 3.8153 
1.20653 1.28323 2.1701 2.70336 3.06386 3.15016 3.23405 3.8153 
1.20653 1.28323 2.1701 2.70336 3.06386 3.15016 3.23405 3.8153 
1.20653 1.28323 2.1701 2.70336 3.06386 3.15016 3.23405 3.8153 
1.20653 1.28323 2.1701 2.70336 3.06386 3.15016 3.23405 3.8153 
1.20653 1.28323 2.1701 2.70336 3.06386 3.15016 3.23405 3.8153 
1.20653 1.28323 2.1701 2.70336 3.06386 3.15016 3.23405 3.8153 
1.20653 1.28323 2.1701 2.70336 3.06386 3.15016 3.23405 3.8153 
1.20653 1.28323 2.1701 2.70336 3.06386 3.15016 3.23405 3.8153 
1.20653 1.28323 2.1701 2.70336 3.06386 3.15016 3.23405 3.8153 
1.20653 1.28323 2.1701 2.70336 3.06386 3.15016 3.23405 3.8153 
1.20653 1.28323 2.1701 2.70336 3.06386 3.15016 3.23405 3.71911 
1.20653 1.28323 2.1701 2.70336 3.06386 3.15016 3.23405 3.71911 
1.20653 1.28323 2.1701 2.70336 3.06386 3.15016 3.23405 3.71911 
1.20653 1.28323 2.1701 2.70336 3.06386 3.15016 3.23405 3.71911 
1.20653 1.28323 2.1701 2.70336 3.06386 3.15016 3.23405 3.43742 
1.20653 1.28323 2.1701 2.70336 3.06386 3.15016 3.23405 3.2363 
1.20653 1.28323 2.1701 2.70336 3.06386 3.15016 3.23405 3.2363 
1.20653 1.28323 2.1701 2.70336 3.06386 3.15016 3.23405 3.2363 
1.20653 1.28323 2.1701 2.70336 3.06386 3.15016 3.23405 3.2363 
1.20653 1.28323 2.1701 2.70336 3.06386 3.15016 3.23405 3.2363 
1.20653 1.28323 2.1701 2.4829 2.70336 3.06386 3.15016 3.23405 
1.20653 1.28323 2.1701 2.4829 2.70336 3.06386 3.15016 3.23405 
1.20653 1.28323 2.1701 2.4829 2.70336 3.06386 3.15016 3.23405 
1.20653 1.28323 2.1701 2.4829 2.70336 3.06386 3.15016 3.23405 
1.20653 1.28323 2.1701 2.4829 2.70336 3.06386 3.15016 3.23405 
1.20653 1.28323 2.1701 2.4829 2.70336 3.06386 3.15016 3.23405 
1.20653 1.28323 2.1701 2.4829 2.70336 3.06386 3.15016 3.23405 
1.20653 1.28323 2.1701 2.4829 2.70336 3.06386 3.15016 3.23405 
1.20653 1.28323 2.1701 2.4829 2.70336 3.06386 3.15016 3.23405 
1.20653 1.28323 2.1701 2.4829 2.70336 3.06386 3.15016 3.23405 
1.20653 1.28323 2.1701 2.4829 2.70336 3.06386 3.15016 3.23405 
1.20653 1.28323 2.1701 2.4829 2.70336 3.06386 3.15016 3.23405 
1.20653 1.28323 2.1701 2.4829 2.70336 3.06386 3.15016 3.23405 
1.20653 1.28323 2.1701 2.4829 2.70336 3.06386 3.15016 3.23405 
1.20653 1.28323 2.1701 2.4829 2.70336 3.06386 3.15016 3.23405 
1.20653 1.28323 2.1701 2.4829 2.70336 3.06386 3.15016 3.23405 
1.20653 1.28323 2.1701 2.4829 2.70336 3.06386 3.15016 3.23405 
1.20653 1.28323 2.1701 2.4829 2.70336 3.06386 3.15016 3.23405 
1.20653 1.28323 2.1701 2.4829 2.70336 3.06386 3.15016 3.23405 
1.20653 1.28323 2.1701 2.4829 2.70336 3.06386 3.15016 3.23405 
1.20653 1.28323 2.1701 2.4829 2.70336 3.06386 3.15016 3.23405 
1.20653 1.28323 2.1701 2.4829 2.70336 3.06386 3.15016 3.23405 
1.20653 1.28323 2.1701 2.4829 2.70336 3.06386 3.15016 3.23405 
1.20653 1.28323 2.1701 2.4829 2.70336 3.06386 3.15016 3.23405 
1.20653 1.28323 2.1701 2.4829 2.70336 3.06386 3.15016 3.23405 
