4.09242 6.3123 6.32691 7.07869 7.77053 8.03818 9.21574 11.0718 
4.03073 4.09242 4.19265 6.09311 6.3123 6.32691 7.07869 7.77053 
4.03073 4.09242 4.19265 4.44621 6.09311 6.26002 6.3123 6.32691 
4.03073 4.09242 4.19265 4.44621 6.09311 6.26002 6.3123 6.32691 
2.88856 4.03073 4.09242 4.19265 4.44621 6.09311 6.26002 6.3123 
2.88856 4.03073 4.09242 4.19265 4.44621 6.09311 6.26002 6.3123 
2.88856 4.03073 4.09242 4.19265 4.44621 6.09311 6.26002 6.3123 
2.88856 4.03073 4.09242 4.19265 4.44621 6.09311 6.26002 6.3123 
2.88856 3.66867 4.03073 4.09242 4.19265 4.44621 6.09311 6.26002 
2.88856 3.66867 4.03073 4.09242 4.19265 4.44621 6.09311 6.26002 
2.88856 3.66867 4.03073 4.09242 4.19265 4.44621 6.09311 6.26002 
2.88856 3.66867 4.03073 4.09242 4.19265 4.44621 6.09311 6.26002 
2.88856 3.66867 3.76111 4.03073 4.09242 4.19265 4.44621 6.09311 
2.88856 3.66867 3.76111 4.03073 4.09242 4.19265 4.44621 6.09311 
2.88856 3.66867 3.76111 4.03073 4.09242 4.19265 4.44621 6.09311 
2.88856 3.66867 3.76111 3.86243 4.03073 4.09242 4.19265 4.44621 
2.88856 3.66867 3.76111 3.86243 4.03073 4.09242 4.19265 4.44621 
2.88856 3.66867 3.76111 3.86243 4.03073 4.09242 4.19265 4.44621 
0.334742 2.88856 3.66867 3.76111 3.86243 4.03073 4.09242 4.19265 
0.334742 2.88856 3.66867 3.76111 3.86243 4.03073 4.07612 4.09242 
0.334742 2.88856 3.66867 3.76111 3.86243 4.03073 4.07612 4.09242 
0.334742 2.88856 3.66867 3.76111 3.86243 4.03073 4.07612 4.09242 
0.334742 2.88856 3.66867 3.76111 3.86243 4.03073 4.07612 4.09242 
0.334742 2.88856 3.66867 3.76111 3.86243 4.03073 4.07612 4.09242 
0.334742 2.88856 3.66867 3.76111 3.86243 4.03073 4.07612 4.09242 
0.334742 2.88856 3.66867 3.76111 3.86243 4.03073 4.07612 4.09242 
0.334742 2.88856 3.66867 3.76111 3.86243 4.03073 4.07612 4.09242 
0.334742 2.88856 3.66867 3.76111 3.86243 4.03073 4.07612 4.09242 
0.334742 2.88856 3.66867 3.76111 3.86243 4.03073 4.07612 4.09242 
0.334742 2.88856 3.66867 3.76111 3.86243 4.03073 4.07612 4.09242 
0.334742 2.88856 3.66867 3.76111 3.86243 4.03073 4.07612 4.09242 
0.334742 2.88856 3.66867 3.76111 3.86243 4.03073 4.07612 4.09242 
0.334742 2.88856 3.66867 3.76111 3.79592 3.86243 4.03073 4.07612 
0.334742 2.88856 3.66867 3.76111 3.79592 3.86243 4.03073 4.07612 
0.334742 2.88856 3.66867 3.76111 3.79592 3.86243 4.03073 4.07612 
0.334742 2.88856 3.66867 3.76111 3.79592 3.86243 4.03073 4.07612 
0.334742 2.88856 3.66867 3.76111 3.79592 3.86243 4.03073 4.07612 
0.334742 2.88856 3.66867 3.76111 3.79592 3.86243 4.03073 4.07612 
0.334742 2.88856 3.66867 3.76111 3.79592 3.86243 4.03073 4.07612 
0.334742 2.88856 3.66867 3.76111 3.79592 3.86243 4.03073 4.07612 
0.334742 2.88856 3.66867 3.76111 3.79592 3.86243 4.03073 4.07612 
0.334742 2.88856 3.66867 3.76111 3.79592 3.86243 4.03073 4.07612 
0.334742 2.88856 3.66867 3.76111 3.79592 3.86243 4.03073 4.07612 
0.334742 2.88856 3.66867 3.76111 3.79592 3.86243 4.03073 4.07612 
0.334742 2.88856 3.66867 3.76111 3.79592 3.86243 4.03073 4.07612 
0.334742 2.88856 3.66867 3.76111 3.79592 3.86243 4.03073 4.07612 
0.334742 2.88856 3.66867 3.76111 3.79592 3.86243 4.03073 4.07612 
0.334742 2.88856 3.66867 3.76111 3.79592 3.86243 4.03073 4.07612 
0.334742 2.88856 3.66867 3.76111 3.79592 3.86243 4.03073 4.07612 
0.334742 2.88856 3.66867 3.76111 3.79592 3.86243 4.03073 4.07612 
0.334742 2.88856 3.66867 3.76111 3.79592 3.86243 4.03073 4.07612 
0.334742 2.88856 3.66867 3.76111 3.79592 3.86243 4.03073 4.07612 
0.334742 2.88856 3.66867 3.76111 3.79592 3.86243 4.03073 4.07612 
0.334742 2.88856 3.66867 3.76111 3.76716 3.79592 3.86243 4.03073 
0.334742 2.88856 3.66867 3.76111 3.76716 3.79592 3.86243 4.03073 
0.334742 2.88856 3.66867 3.76111 3.76716 3.79592 3.86243 4.03073 
0.334742 2.88856 3.66867 3.76111 3.76716 3.79592 3.86243 4.03073 
0.334742 2.88856 3.66867 3.76111 3.76716 3.79592 3.86243 4.03073 
0.334742 2.88856 3.66867 3.76111 3.76716 3.79592 3.86243 4.03073 
0.334742 2.88856 3.66867 3.76111 3.76716 3.79592 3.86243 4.03073 
0.334742 2.88856 3.66867 3.76111 3.76716 3.79592 3.86243 4.03073 
0.334742 2.88856 3.66867 3.76111 3.76716 3.79592 3.86243 4.03073 
0.334742 2.88856 3.66867 3.76111 3.76716 3.79592 3.86243 4.03073 
0.334742 2.88856 3.66867 3.76111 3.76716 3.79592 3.86243 4.03073 
0.334742 2.88856 3.66867 3.76111 3.76716 3.79592 3.86243 4.03073 
0.334742 2.88856 3.66867 3.76111 3.76716 3.79592 3.86243 4.03073 
0.334742 2.88856 3.66867 3.76111 3.76716 3.79592 3.86243 4.03073 
0.334742 2.88856 3.66867 3.76111 3.76716 3.79592 3.86243 4.03073 
0.334742 2.88856 3.66867 3.76111 3.76716 3.79592 3.86243 4.03073 
0.334742 2.88856 3.66867 3.76111 3.76716 3.79592 3.86243 4.03073 
0.334742 2.88856 3.66867 3.76111 3.76716 3.79592 3.86243 4.03073 
0.334742 2.88856 3.66867 3.76111 3.76716 3.79592 3.86243 4.03073 
0.334742 2.88856 3.66867 3.76111 3.76716 3.79592 3.86243 4.03073 
0.334742 2.88856 3.66867 3.76111 3.76716 3.79592 3.86243 4.03073 
0.334742 2.88856 3.66867 3.76111 3.76716 3.79592 3.86243 4.03073 
0.334742 2.88856 3.66867 3.76111 3.76716 3.79592 3.86243 4.03073 
0.334742 2.88856 3.66867 3.76111 3.76716 3.79592 3.86243 4.03073 
0.334742 2.88856 3.66867 3.76111 3.76716 3.79592 3.86243 4.03073 
0.334742 2.88856 3.66867 3.76111 3.76716 3.79592 3.86243 4.03073 
0.334742 2.88856 3.66867 3.76111 3.76716 3.79592 3.86243 4.03073 
0.334742 2.88856 3.66867 3.76111 3.76716 3.79592 3.86243 4.03073 
0.334742 2.88856 3.66867 3.76111 3.76716 3.79592 3.86243 4.03073 
0.334742 2.88856 3.66867 3.76111 3.76716 3.79592 3.86243 4.03073 
0.334742 2.88856 3.66867 3.76111 3.76716 3.79592 3.86243 4.03073 
0.334742 2.88856 3.66867 3.76111 3.76716 3.79592 3.86243 4.03073 
0.334742 2.88856 3.66867 3.76111 3.76716 3.79592 3.86243 4.03073 
0.334742 2.88856 3.66867 3.76111 3.76716 3.79592 3.86243 4.03073 
0.334742 2.88856 3.66867 3.76111 3.76716 3.79592 3.86243 4.03073 
0.334742 2.88856 3.66867 3.76111 3.76716 3.79592 3.86243 4.03073 
0.334742 2.88856 3.66867 3.76111 3.76716 3.79592 3.86243 4.03073 
0.334742 2.88856 3.66867 3.76111 3.76716 3.79592 3.86243 4.03073 
0.334742 2.88856 3.66867 3.76111 3.76716 3.79592 3.86243 4.03073 
0.334742 2.88856 3.66867 3.76111 3.76716 3.79592 3.86243 4.03073 
0.334742 2.88856 3.66867 3.76111 3.76716 3.79592 3.86243 4.03073 
0.334742 2.88856 3.66867 3.76111 3.76716 3.79592 3.86243 4.03073 
0.334742 2.88856 3.66867 3.76111 3.76716 3.79592 3.86243 4.03073 
0.334742 2.88856 3.66867 3.76111 3.76716 3.79592 3.86243 4.03073 
0.334742 2.88856 3.66867 3.76111 3.76716 3.79592 3.86243 4.03073 
0.334742 2.88856 3.66867 3.76111 3.76716 3.79592 3.86243 4.03073 
0.334742 2.88856 3.66867 3.76111 3.76716 3.79592 3.86243 4.03073 
