4.59006 6.64443 7.5507 8.97261 9.64947 10.4465 10.8116 11.0697 
3.70495 4.59006 6.64443 6.66426 7.5507 7.57162 8.97261 9.03328 
3.70495 4.59006 6.40674 6.64443 6.66426 7.5507 7.57162 8.16694 
3.70495 4.59006 6.40674 6.64443 6.66426 7.29556 7.5507 7.57162 
3.10279 3.70495 4.59006 6.40674 6.64443 6.66426 7.29556 7.5507 
3.10279 3.70495 4.59006 6.40674 6.64443 6.66426 7.09413 7.29556 
3.10279 3.70495 4.59006 6.40674 6.58289 6.64443 6.66426 7.09413 
3.10279 3.70495 4.59006 6.40674 6.58289 6.64443 6.66426 7.09413 
3.10279 3.70495 4.59006 6.40674 6.58289 6.64443 6.66426 7.09413 
3.10279 3.70495 4.59006 6.40674 6.58289 6.64443 6.66426 7.09413 
3.10279 3.70495 4.59006 5.13151 6.40674 6.58289 6.64443 6.66426 
3.10279 3.70495 4.59006 5.13151 6.40674 6.58289 6.64443 6.66426 
3.10279 3.70495 4.59006 5.13151 6.40674 6.58289 6.64443 6.66426 
3.10279 3.70495 4.59006 5.13151 6.40674 6.58289 6.64443 6.66426 
3.10279 3.70495 4.59006 5.13151 5.54861 6.40674 6.58289 6.64443 
3.10279 3.70495 4.59006 5.13151 5.54861 6.40674 6.58289 6.64443 
3.10279 3.70495 4.59006 5.13151 5.54861 6.40674 6.58289 6.64443 
3.10279 3.70495 4.59006 5.13151 5.54861 6.40674 6.58289 6.64443 
3.10279 3.70495 4.59006 5.13151 5.54861 6.40674 6.58289 6.64443 
3.10279 3.70495 4.59006 5.13151 5.54861 6.40674 6.58289 6.64443 
3.10279 3.70495 4.59006 5.13151 5.54861 6.40674 6.58289 6.64443 
3.10279 3.70495 4.59006 5.13151 5.54861 6.40674 6.58289 6.64443 
3.10279 3.70495 4.59006 5.13151 5.54861 6.40674 6.58289 6.64443 
3.10279 3.70495 4.36528 4.59006 5.13151 5.54861 6.40674 6.58289 
3.10279 3.70495 4.36528 4.59006 5.13151 5.54861 6.40674 6.58289 
3.10279 3.70495 4.36528 4.59006 5.13151 5.54861 6.40674 6.58289 
3.10279 3.70495 4.36528 4.59006 5.13151 5.54861 6.40674 6.58289 
3.10279 3.70495 4.36528 4.59006 5.13151 5.54861 6.40674 6.58289 
3.10279 3.30205 3.70495 4.36528 4.59006 5.13151 5.54861 6.40674 
3.10279 3.30205 3.70495 4.22903 4.36528 4.59006 5.13151 5.54861 
3.10279 3.30205 3.70495 4.22903 4.36528 4.59006 5.13151 5.54861 
3.10279 3.30205 3.70495 4.22903 4.36528 4.59006 5.13151 5.54861 
3.10279 3.30205 3.70495 4.22903 4.36528 4.59006 5.13151 5.54861 
3.10279 3.30205 3.70495 4.22903 4.36528 4.59006 5.13151 5.54861 
3.10279 3.30205 3.70495 4.22903 4.36528 4.59006 5.13151 5.54861 
3.10279 3.30205 3.70495 4.22903 4.36528 4.59006 5.13151 5.54861 
3.10279 3.30205 3.70495 4.22903 4.36528 4.59006 5.13151 5.54861 
3.10279 3.30205 3.70495 4.22903 4.36528 4.59006 5.13151 5.54861 
3.10279 3.30205 3.70495 4.22903 4.36528 4.59006 5.13151 5.54861 
3.10279 3.30205 3.70495 4.22903 4.36528 4.59006 5.13151 5.54861 
3.10279 3.30205 3.70495 4.22903 4.36528 4.59006 5.13151 5.54861 
3.10279 3.30205 3.70495 4.22903 4.36528 4.59006 5.13151 5.54861 
3.10279 3.30205 3.70495 4.22903 4.36528 4.59006 5.13151 5.54861 
3.10279 3.30205 3.70495 4.08996 4.22903 4.36528 4.59006 5.13151 
3.10279 3.30205 3.70495 4.08996 4.22903 4.36528 4.59006 5.13151 
3.10279 3.30205 3.70495 4.08996 4.22903 4.36528 4.59006 5.13151 
3.10279 3.30205 3.64154 3.70495 4.08996 4.22903 4.36528 4.59006 
3.10279 3.30205 3.64154 3.70495 4.08996 4.22903 4.36528 4.59006 
3.10279 3.30205 3.64154 3.70495 4.08996 4.22903 4.36528 4.59006 
3.10279 3.30205 3.64154 3.70495 4.08996 4.22903 4.36528 4.59006 
3.10279 3.30205 3.64154 3.70495 4.08996 4.22903 4.36528 4.59006 
3.10279 3.30205 3.64154 3.70495 4.08996 4.22903 4.36528 4.59006 
3.10279 3.30205 3.64154 3.70495 4.08996 4.22903 4.36528 4.59006 
3.10279 3.30205 3.64154 3.70495 4.08996 4.22903 4.36528 4.59006 
3.10279 3.30205 3.64154 3.70495 4.08996 4.22903 4.36528 4.59006 
3.10279 3.30205 3.64154 3.70495 4.08996 4.22903 4.36528 4.59006 
3.10279 3.30205 3.64154 3.70495 4.08996 4.22903 4.36528 4.59006 
3.10279 3.30205 3.64154 3.70495 4.08996 4.22903 4.36528 4.59006 
2.70956 3.10279 3.30205 3.64154 3.70495 4.08996 4.22903 4.36528 
2.70956 3.10279 3.30205 3.64154 3.70495 4.08996 4.22903 4.36528 
2.70956 3.10279 3.30205 3.64154 3.70495 4.08996 4.22903 4.36528 
2.70956 3.10279 3.20755 3.30205 3.64154 3.70495 4.08996 4.22903 
2.70956 3.10279 3.20755 3.30205 3.64154 3.70495 4.08996 4.22903 
2.70956 3.10279 3.20755 3.30205 3.64154 3.70495 4.08996 4.22903 
2.70956 3.10279 3.20755 3.30205 3.64154 3.70495 4.08996 4.22903 
2.70956 3.10279 3.20755 3.30205 3.64154 3.70495 4.08996 4.22903 
2.70956 3.10279 3.20755 3.30205 3.64154 3.70495 4.08996 4.22903 
2.70956 3.10279 3.20755 3.30205 3.64154 3.70495 4.08996 4.22903 
2.70956 3.10279 3.20755 3.30205 3.64154 3.70495 4.08996 4.22903 
2.70956 3.10279 3.20755 3.30205 3.64154 3.70495 4.08996 4.22903 
2.70956 3.10279 3.20755 3.30205 3.64154 3.70495 4.08996 4.22903 
2.70956 3.10279 3.20755 3.30205 3.64154 3.70495 4.08996 4.22903 
2.70956 3.10279 3.20755 3.30205 3.64154 3.70495 4.08996 4.22903 
2.70956 3.10279 3.20755 3.30205 3.64154 3.70495 4.08996 4.22903 
2.70956 3.10279 3.20755 3.30205 3.64154 3.70495 4.08996 4.22903 
2.70956 3.10279 3.20755 3.30205 3.64154 3.70495 4.08996 4.22903 
2.70956 3.10279 3.20755 3.30205 3.64154 3.70495 4.08996 4.22903 
2.70956 3.10279 3.20755 3.30205 3.64154 3.70495 4.08996 4.22903 
2.70956 3.10279 3.20755 3.30205 3.64154 3.70495 4.08996 4.22903 
2.70956 3.10279 3.20755 3.30205 3.64154 3.70495 4.08996 4.22903 
2.70956 3.10279 3.20755 3.30205 3.64154 3.70495 4.08996 4.22903 
2.70956 3.10279 3.20755 3.30205 3.64154 3.70495 4.08996 4.22903 
2.70956 3.10279 3.20755 3.30205 3.64154 3.70495 4.08996 4.22903 
2.70956 3.10279 3.20755 3.30205 3.64154 3.70495 4.08996 4.22903 
2.70956 3.10279 3.20755 3.30205 3.64154 3.70495 4.08996 4.22903 
2.70956 3.10279 3.20755 3.30205 3.64154 3.70495 4.08996 4.22903 
2.70956 3.10279 3.20755 3.30205 3.64154 3.70495 4.08996 4.22903 
2.70956 3.10279 3.20755 3.30205 3.64154 3.70495 4.08996 4.22903 
2.70956 3.10279 3.20755 3.30205 3.64154 3.70495 4.08996 4.22903 
2.70956 3.10279 3.20755 3.30205 3.64154 3.70495 4.08996 4.22903 
2.70956 3.10279 3.20755 3.30205 3.64154 3.70495 4.08996 4.22903 
2.70956 3.10279 3.20755 3.30205 3.64154 3.70495 4.08996 4.22903 
2.70956 3.10279 3.20755 3.30205 3.64154 3.70495 4.08996 4.22903 
2.70956 3.10279 3.20755 3.30205 3.64154 3.70495 4.08996 4.22903 
2.70956 3.10279 3.20755 3.30205 3.64154 3.70495 4.08996 4.22903 
2.70956 3.10279 3.20755 3.30205 3.64154 3.70495 4.08996 4.22903 
2.70956 3.10279 3.20755 3.30205 3.64154 3.70495 4.08996 4.22903 
2.70956 3.10279 3.20755 3.30205 3.64154 3.70495 4.08996 4.22903 
2.70956 3.10279 3.20755 3.30205 3.64154 3.70495 4.08996 4.22903 
2.70956 3.10279 3.20755 3.30205 3.64154 3.70495 4.08996 4.22903 
