5.84248 5.89151 7.44776 7.46087 7.61121 8.04826 10.3567 11.3238 
4.36274 4.44723 5.84248 5.89151 7.34839 7.44776 7.46087 7.61121 
2.79595 4.36274 4.44723 5.84248 5.89151 7.01503 7.34839 7.44776 
2.79595 4.36274 4.44723 5.06391 5.84248 5.87383 5.89151 7.01503 
2.79595 3.64628 4.36274 4.44723 4.98069 5.06391 5.84248 5.87383 
2.79595 3.44033 3.64628 4.36274 4.44723 4.98069 5.06391 5.84248 
2.79595 3.44033 3.64628 4.36274 4.44723 4.98069 5.06391 5.84248 
2.79595 3.44033 3.64628 4.36274 4.44723 4.98069 5.06391 5.84248 
2.79595 3.44033 3.64628 4.36274 4.44723 4.82004 4.98069 5.06391 
2.79595 3.44033 3.64628 4.36274 4.44723 4.82004 4.98069 5.06391 
2.79595 3.44033 3.64628 4.36274 4.44723 4.82004 4.98069 5.06391 
2.79595 3.44033 3.64628 4.36274 4.44723 4.82004 4.98069 5.06391 
2.79595 3.44033 3.64628 4.36274 4.44723 4.82004 4.98069 5.06391 
2.79595 3.44033 3.64628 4.36274 4.44723 4.82004 4.98069 5.06391 
2.79595 3.44033 3.64628 4.04772 4.36274 4.44723 4.82004 4.98069 
2.79595 3.44033 3.64628 4.04772 4.36274 4.44723 4.82004 4.98069 
2.79595 3.44033 3.64628 4.04772 4.36274 4.44723 4.82004 4.98069 
2.79595 3.44033 3.64628 4.04772 4.36274 4.44723 4.82004 4.98069 
2.79595 3.44033 3.64628 4.04772 4.36274 4.44723 4.82004 4.98069 
2.79595 3.44033 3.64628 4.04772 4.36274 4.44723 4.82004 4.98069 
2.79595 3.44033 3.64628 4.04772 4.36274 4.44723 4.82004 4.98069 
2.79595 3.44033 3.64628 4.04772 4.36274 4.44723 4.82004 4.98069 
2.79595 3.44033 3.64628 4.04772 4.36274 4.43624 4.44723 4.82004 
2.79595 3.44033 3.64628 4.04772 4.36274 4.43624 4.44723 4.82004 
2.79595 3.44033 3.64628 4.04772 4.36274 4.43624 4.44723 4.82004 
2.79595 3.44033 3.64628 3.84507 4.04772 4.36274 4.43624 4.44723 
2.79595 3.44033 3.64628 3.84507 4.04772 4.36274 4.43624 4.44723 
2.79595 3.44033 3.477 3.64628 3.84507 4.04772 4.36274 4.43624 
2.79595 3.44033 3.477 3.64628 3.84507 4.04772 4.36274 4.43624 
2.79595 3.44033 3.477 3.64628 3.84507 4.04772 4.36274 4.43624 
2.79595 3.44033 3.477 3.64628 3.84507 4.04772 4.36274 4.43624 
2.79595 3.44033 3.477 3.64628 3.84507 4.04772 4.36274 4.43624 
2.79595 3.44033 3.477 3.64628 3.84507 4.04772 4.36274 4.43624 
2.79595 3.44033 3.477 3.64628 3.84507 4.04772 4.36274 4.43624 
2.79595 3.44033 3.477 3.64628 3.84507 4.04772 4.36274 4.43624 
2.79595 3.44033 3.477 3.64628 3.84507 4.04772 4.36274 4.43624 
2.79595 3.44033 3.477 3.64628 3.84507 4.04772 4.36274 4.43624 
2.79595 3.44033 3.477 3.64628 3.84507 4.04772 4.36274 4.43624 
2.79595 3.44033 3.477 3.64628 3.84507 4.04772 4.36274 4.43624 
2.79595 3.44033 3.477 3.64628 3.84507 4.04772 4.36274 4.43624 
2.79595 3.44033 3.477 3.64628 3.84507 4.04772 4.36274 4.43624 
2.79595 3.44033 3.477 3.64628 3.84507 4.04772 4.36274 4.43624 
2.79595 3.44033 3.477 3.64628 3.84507 4.04772 4.36274 4.43624 
2.79595 3.44033 3.477 3.64628 3.84507 4.04772 4.36274 4.43624 
2.79595 3.44033 3.477 3.64628 3.84507 4.04772 4.36274 4.43624 
2.79595 3.44033 3.477 3.64628 3.84507 4.04772 4.36274 4.43624 
2.79595 3.44033 3.477 3.64628 3.84507 4.04772 4.36274 4.43624 
2.79595 3.44033 3.477 3.64628 3.84507 4.04772 4.36274 4.43624 
2.79595 3.44033 3.477 3.64628 3.84507 4.04772 4.36274 4.43624 
2.79595 3.44033 3.477 3.64628 3.84507 4.04772 4.36274 4.43624 
2.79595 3.44033 3.477 3.64628 3.84507 4.04772 4.36274 4.43624 
2.79595 3.44033 3.477 3.64628 3.84507 4.04772 4.36274 4.43624 
2.79595 3.44033 3.477 3.64628 3.84507 4.04772 4.36274 4.43624 
2.79595 3.44033 3.477 3.64628 3.84507 4.04772 4.36274 4.43624 
2.79595 3.44033 3.477 3.64628 3.84507 4.04772 4.36274 4.43624 
2.79595 3.44033 3.477 3.64628 3.84507 4.04772 4.36274 4.43624 
2.79595 3.44033 3.477 3.64628 3.84507 4.04772 4.36274 4.43624 
2.79595 3.44033 3.477 3.64628 3.84507 4.04772 4.36274 4.43624 
2.79595 3.44033 3.477 3.64628 3.84507 4.04772 4.36274 4.43624 
2.79595 3.44033 3.477 3.64628 3.84507 4.04772 4.36274 4.43624 
2.79595 3.44033 3.477 3.64628 3.84507 4.04772 4.36274 4.43624 
2.79595 3.44033 3.477 3.64628 3.84507 4.04772 4.36274 4.43624 
2.79595 3.44033 3.477 3.64628 3.84507 4.04772 4.36274 4.43624 
2.79595 3.44033 3.477 3.64628 3.84507 4.04772 4.36274 4.43624 
2.79595 3.44033 3.477 3.64628 3.84507 4.04772 4.36274 4.43624 
2.79595 3.44033 3.477 3.64628 3.84507 4.04772 4.36274 4.43624 
2.79595 3.44033 3.477 3.64628 3.84507 4.04772 4.36274 4.43624 
2.79595 3.44033 3.477 3.64628 3.84507 4.04772 4.36274 4.43624 
2.79595 3.44033 3.477 3.64628 3.84507 4.04772 4.36274 4.43624 
2.79595 3.44033 3.477 3.64628 3.84507 4.04772 4.36274 4.43624 
2.79595 3.44033 3.477 3.64628 3.84507 4.04772 4.36274 4.43624 
2.79595 3.44033 3.477 3.64628 3.84507 4.04772 4.36274 4.43624 
2.79595 3.44033 3.477 3.64628 3.84507 4.04772 4.36274 4.43624 
2.79595 3.44033 3.477 3.64628 3.84507 4.04772 4.36274 4.43624 
2.79595 3.44033 3.477 3.64628 3.84507 4.04772 4.36274 4.43624 
2.79595 3.44033 3.477 3.64628 3.84507 4.04772 4.36274 4.43624 
2.79595 3.44033 3.477 3.64628 3.84507 4.04772 4.36274 4.43624 
2.79595 3.44033 3.477 3.64628 3.84507 4.04772 4.36274 4.43624 
2.79595 3.44033 3.477 3.64628 3.84507 4.04772 4.36274 4.43624 
2.79595 3.44033 3.477 3.64628 3.84507 4.04772 4.36274 4.43624 
2.79595 3.44033 3.477 3.64628 3.84507 4.04772 4.36274 4.43624 
2.79595 3.44033 3.477 3.64628 3.84507 4.04772 4.36274 4.43624 
2.79595 3.44033 3.477 3.64628 3.84507 4.04772 4.36274 4.43624 
2.79595 3.44033 3.477 3.64628 3.84507 4.04772 4.36274 4.43624 
2.79595 3.44033 3.477 3.64628 3.84507 4.04772 4.36274 4.43624 
2.79595 3.44033 3.477 3.64628 3.84507 4.04772 4.36274 4.43624 
2.79595 3.44033 3.477 3.64628 3.84507 4.04772 4.36274 4.43624 
2.79595 3.44033 3.477 3.64628 3.84507 4.04772 4.36274 4.43624 
2.79595 3.44033 3.477 3.64628 3.84507 4.04772 4.36274 4.43624 
2.79595 3.44033 3.477 3.64628 3.84507 4.04772 4.36274 4.43624 
2.79595 3.44033 3.477 3.64628 3.84507 4.04772 4.36274 4.43624 
2.79595 3.44033 3.477 3.64628 3.84507 4.04772 4.36274 4.43624 
2.79595 3.44033 3.477 3.64628 3.84507 4.04772 4.36274 4.43624 
2.79595 3.44033 3.477 3.64628 3.84507 4.04772 4.36274 4.43624 
2.79595 3.44033 3.477 3.64628 3.84507 4.04772 4.36274 4.43624 
2.79595 3.44033 3.477 3.64628 3.84507 4.04772 4.36274 4.43624 
2.79595 3.44033 3.477 3.64628 3.84507 4.04772 4.36274 4.43624 
2.79595 3.44033 3.477 3.64628 3.84507 4.04772 4.36274 4.43624 
2.79595 3.44033 3.477 3.64628 3.84507 4.04772 4.36274 4.43624 
2.79595 3.44033 3.477 3.64628 3.84507 4.04772 4.36274 4.43624 
