8.17166 8.66283 8.76528 9.82282 10.1602 10.2079 10.5712 11.1001 
8.17166 8.66283 8.76528 9.05712 9.82282 10.0701 10.1602 10.2079 
3.12419 4.46548 5.81998 6.26386 6.43847 7.96804 8.17166 8.20131 
2.52029 3.12419 4.46548 5.81998 6.26386 6.40308 6.43847 7.96804 
2.52029 2.72834 3.12419 4.46548 5.81998 6.26386 6.40308 6.43847 
1.06662 2.52029 2.72834 3.12419 4.46548 5.81998 6.26386 6.40308 
1.06662 2.52029 2.72834 3.12419 4.46548 5.81998 6.26386 6.40308 
1.06662 2.52029 2.72834 3.12419 4.46548 5.81998 6.26386 6.40308 
1.06662 2.52029 2.72834 3.12419 4.46548 5.81998 6.26386 6.40308 
1.06662 2.52029 2.72834 3.12419 4.46548 5.81998 6.26386 6.40308 
1.06662 2.52029 2.72834 3.12419 4.46548 5.81998 6.26386 6.40308 
1.06662 2.52029 2.72834 3.12419 3.94058 4.46548 5.81998 6.26386 
1.06662 2.52029 2.72834 3.12419 3.94058 4.46548 5.81998 6.26386 
1.06662 2.52029 2.72834 3.12419 3.94058 4.46548 5.81998 6.26386 
1.06662 2.52029 2.72834 3.12419 3.94058 4.46548 5.81998 6.26386 
1.06662 2.52029 2.72834 3.12419 3.94058 4.46548 5.81998 6.26386 
1.06662 2.52029 2.72834 3.12419 3.94058 4.46548 5.72653 5.81998 
1.06662 2.52029 2.72834 3.12419 3.94058 4.46548 4.52373 5.71052 
1.06662 2.52029 2.72834 3.12419 3.94058 3.9478 4.46548 4.52373 
1.06662 2.52029 2.72834 3.12419 3.94058 3.9478 4.46548 4.52373 
1.06662 2.52029 2.72834 3.12419 3.94058 3.9478 4.46548 4.52373 
1.06662 2.52029 2.72834 3.12419 3.23241 3.94058 3.9478 4.46548 
1.06662 2.50735 2.52029 2.72834 3.12419 3.23241 3.94058 3.9478 
1.06662 2.50735 2.52029 2.72834 3.12419 3.23241 3.94058 3.9478 
0.303675 1.06662 2.50735 2.52029 2.72834 3.12419 3.23241 3.94058 
0.303675 1.06662 2.50735 2.52029 2.72834 3.12419 3.23241 3.94058 
0.303675 1.06662 2.50735 2.52029 2.72834 3.12419 3.23241 3.94058 
0.303675 1.06662 2.50735 2.52029 2.72834 3.12419 3.23241 3.94058 
0.303675 1.06662 2.50735 2.52029 2.72834 3.12419 3.23241 3.94058 
0.303675 1.06662 2.50735 2.52029 2.72834 3.12419 3.23241 3.94058 
0.303675 1.06662 2.50735 2.52029 2.72834 3.12419 3.23241 3.94058 
0.303675 1.06662 2.50735 2.52029 2.72834 3.12419 3.23241 3.94058 
0.303675 1.06662 2.50735 2.52029 2.72834 3.12419 3.23241 3.94058 
0.303675 1.06662 2.50735 2.52029 2.72834 3.12419 3.23241 3.94058 
0.303675 1.06662 2.50735 2.52029 2.72834 3.12419 3.23241 3.94058 
0.303675 1.06662 2.50735 2.52029 2.72834 3.12419 3.23241 3.94058 
0.303675 1.06662 2.50735 2.52029 2.72834 3.12419 3.23241 3.94058 
0.303675 1.06662 2.25502 2.50735 2.52029 2.72834 3.12419 3.23241 
0.303675 1.06662 2.25502 2.50735 2.52029 2.72834 3.12419 3.23241 
0.303675 1.06662 2.25502 2.50735 2.52029 2.72834 3.12419 3.23241 
0.303675 1.06662 2.25502 2.50735 2.52029 2.72834 3.12419 3.23241 
0.303675 1.06662 2.25502 2.50735 2.52029 2.72834 3.12419 3.23241 
0.303675 1.06662 2.25502 2.50735 2.52029 2.72834 3.12419 3.23241 
0.303675 1.06662 2.25502 2.50735 2.52029 2.72834 3.12419 3.23241 
0.303675 1.06662 2.25502 2.50735 2.52029 2.72834 3.12419 3.23241 
0.303675 1.06662 2.21261 2.25502 2.50735 2.52029 2.72834 3.12419 
0.303675 1.06662 2.21261 2.25502 2.50735 2.52029 2.72834 3.12419 
0.303675 1.06662 2.21261 2.25502 2.50735 2.52029 2.72834 3.12419 
0.303675 1.06662 2.21261 2.25502 2.50735 2.52029 2.72834 3.12419 
0.303675 1.06662 2.21261 2.25502 2.50735 2.52029 2.72834 3.12419 
0.303675 1.06662 2.21261 2.25502 2.50735 2.52029 2.72834 3.12419 
0.303675 1.06662 2.21261 2.25502 2.50735 2.52029 2.72834 3.12419 
0.303675 1.06662 1.17012 2.21261 2.25502 2.50735 2.52029 2.72834 
0.303675 1.06662 1.17012 2.21261 2.25502 2.50735 2.52029 2.72834 
0.303675 1.06662 1.17012 2.21261 2.25502 2.50735 2.52029 2.72834 
0.303675 1.06662 1.17012 2.21261 2.25502 2.50735 2.52029 2.72834 
0.303675 1.06662 1.17012 2.21261 2.25502 2.50735 2.52029 2.72834 
0.303675 1.06662 1.17012 2.21261 2.25502 2.50735 2.52029 2.72834 
0.303675 1.06662 1.17012 2.21261 2.25502 2.50735 2.52029 2.72834 
0.303675 1.06662 1.17012 2.21261 2.25502 2.50735 2.52029 2.72834 
0.303675 1.06662 1.17012 2.21261 2.25502 2.50735 2.52029 2.72834 
0.303675 1.06662 1.17012 2.21261 2.25502 2.50735 2.52029 2.72834 
0.303675 1.06662 1.17012 2.21261 2.25502 2.50735 2.52029 2.72834 
0.303675 1.06662 1.17012 2.21261 2.25502 2.50735 2.52029 2.72834 
0.303675 1.06662 1.17012 2.21261 2.25502 2.50735 2.52029 2.72834 
0.303675 1.06662 1.17012 2.21261 2.25502 2.50735 2.52029 2.72834 
0.303675 1.06662 1.17012 2.21261 2.25502 2.50735 2.52029 2.72834 
0.303675 1.06662 1.17012 2.21261 2.25502 2.50735 2.52029 2.72834 
0.303675 1.06662 1.17012 2.21261 2.25502 2.50735 2.52029 2.72834 
0.303675 1.06662 1.17012 2.21261 2.25502 2.50735 2.52029 2.72834 
0.303675 1.06662 1.17012 2.21261 2.25502 2.50735 2.52029 2.72834 
0.303675 1.06662 1.17012 2.21261 2.25502 2.50735 2.52029 2.72834 
0.303675 1.06662 1.17012 2.21261 2.25502 2.50735 2.52029 2.72834 
0.303675 1.06662 1.17012 2.21261 2.25502 2.50735 2.52029 2.72834 
0.303675 1.06662 1.17012 2.21261 2.25502 2.50735 2.52029 2.72834 
0.303675 1.06662 1.17012 2.21261 2.25502 2.50735 2.52029 2.72834 
0.303675 1.06662 1.17012 2.21261 2.25502 2.50735 2.52029 2.72834 
0.303675 1.06662 1.17012 2.21261 2.25502 2.50735 2.52029 2.72834 
0.303675 1.06662 1.17012 2.21261 2.25502 2.50735 2.52029 2.72834 
0.303675 1.06662 1.17012 2.21261 2.25502 2.50735 2.52029 2.72834 
0.303675 1.06662 1.17012 2.21261 2.25502 2.50735 2.52029 2.72834 
0.303675 1.06662 1.17012 2.21261 2.25502 2.50735 2.52029 2.72834 
0.303675 1.06662 1.17012 2.21261 2.25502 2.50735 2.52029 2.72834 
0.303675 1.06662 1.17012 2.21261 2.25502 2.50735 2.52029 2.72834 
0.303675 1.06662 1.17012 2.21261 2.25502 2.50735 2.52029 2.72834 
0.303675 1.06662 1.17012 2.21261 2.25502 2.50735 2.52029 2.72834 
0.303675 1.06662 1.17012 2.21261 2.25502 2.50735 2.52029 2.72834 
0.303675 1.06662 1.17012 2.21261 2.25502 2.50735 2.52029 2.72834 
0.303675 1.06662 1.17012 2.21261 2.25502 2.50735 2.52029 2.72834 
0.303675 1.06662 1.17012 2.21261 2.25502 2.50735 2.52029 2.72834 
0.303675 1.06662 1.17012 2.21261 2.25502 2.50735 2.52029 2.72834 
0.303675 1.06662 1.17012 2.21261 2.25502 2.50735 2.52029 2.72834 
0.303675 1.06662 1.17012 2.21261 2.25502 2.50735 2.52029 2.72834 
0.303675 1.06662 1.17012 2.21261 2.25502 2.50735 2.52029 2.72834 
0.303675 1.06662 1.17012 2.21261 2.25502 2.50735 2.52029 2.72834 
0.303675 1.06662 1.17012 2.21261 2.25502 2.50735 2.52029 2.72834 
0.303675 1.06662 1.17012 2.21261 2.25502 2.50735 2.52029 2.72834 
0.303675 1.06662 1.17012 2.21261 2.25502 2.50735 2.52029 2.72834 
0.303675 1.06662 1.17012 2.21261 2.25502 2.50735 2.52029 2.72834 
0.303675 1.06662 1.17012 2.21261 2.25502 2.50735 2.52029 2.72834 
