0.587385 5.58002 5.81836 5.86702 7.49921 7.99391 9.97536 11.0686 
0.587385 5.58002 5.81836 5.86702 6.03585 6.64603 7.49921 7.99391 
0.587385 3.65921 5.3416 5.58002 5.81836 5.86702 6.03585 6.64603 
0.587385 2.7816 3.65921 3.66691 5.3416 5.58002 5.81836 5.86702 
0.587385 0.63279 2.7816 3.42806 3.65921 3.66691 5.3416 5.58002 
0.587385 0.63279 2.67806 2.7816 3.42806 3.65921 3.66691 5.3416 
0.587385 0.63279 2.67806 2.7816 3.42806 3.65921 3.66691 5.3416 
0.587385 0.63279 2.67806 2.7816 3.42806 3.65921 3.66691 5.3416 
0.587385 0.63279 2.67806 2.7816 3.42806 3.65921 3.66691 5.3416 
0.587385 0.63279 2.67806 2.7816 3.42806 3.65921 3.66691 5.3416 
0.587385 0.63279 2.67806 2.7816 3.42806 3.65921 3.66691 3.80081 
0.587385 0.63279 2.67806 2.7816 3.42806 3.65921 3.66691 3.80081 
0.587385 0.63279 2.67806 2.7816 3.42806 3.65921 3.66691 3.80081 
0.587385 0.63279 2.67806 2.7816 3.42806 3.65921 3.66691 3.80081 
0.587385 0.63279 2.67806 2.7816 3.42806 3.65921 3.66691 3.80081 
0.587385 0.63279 2.67806 2.7816 3.42806 3.65921 3.66691 3.80081 
0.587385 0.63279 2.67806 2.7816 3.42806 3.65921 3.66691 3.80081 
0.587385 0.63279 2.67806 2.7816 3.42806 3.65921 3.66691 3.80081 
0.587385 0.63279 2.67806 2.7816 3.42806 3.65921 3.66691 3.80081 
0.587385 0.63279 2.67806 2.7816 3.42806 3.65921 3.66691 3.80081 
0.587385 0.63279 2.67806 2.7816 3.42806 3.65921 3.66691 3.80081 
0.587385 0.63279 2.67806 2.7816 3.42806 3.65921 3.66691 3.80081 
0.587385 0.63279 2.67806 2.7816 3.42806 3.65921 3.66691 3.80081 
0.587385 0.63279 2.67806 2.7816 2.78616 3.42806 3.65921 3.66691 
0.587385 0.63279 2.67806 2.7816 2.78616 3.42806 3.65921 3.66691 
0.587385 0.63279 2.67806 2.7816 2.78616 3.42806 3.65921 3.66691 
0.587385 0.63279 2.67806 2.7816 2.78616 3.42806 3.65921 3.66691 
0.587385 0.63279 2.67806 2.7816 2.78616 3.42806 3.65921 3.66691 
0.587385 0.63279 2.67806 2.7816 2.78616 3.42806 3.65921 3.66691 
0.587385 0.63279 2.67806 2.7816 2.78616 3.42806 3.65921 3.66691 
0.587385 0.63279 2.67806 2.7816 2.78616 3.42806 3.65921 3.66691 
0.587385 0.63279 2.67806 2.7816 2.78616 3.42806 3.65921 3.66691 
0.587385 0.63279 2.67806 2.7816 2.78616 3.42806 3.65921 3.66691 
0.587385 0.63279 2.67806 2.7816 2.78616 3.42806 3.65921 3.66691 
0.587385 0.63279 2.67806 2.7816 2.78616 3.42806 3.65921 3.66691 
0.587385 0.63279 2.67806 2.7816 2.78616 3.42806 3.65921 3.66691 
0.587385 0.63279 2.67806 2.7816 2.78616 3.42806 3.65921 3.66691 
0.587385 0.63279 2.67806 2.7816 2.78616 3.42806 3.65921 3.66691 
0.587385 0.63279 2.67806 2.7816 2.78616 3.42806 3.65921 3.66691 
0.587385 0.63279 2.67806 2.7816 2.78616 3.42806 3.65921 3.66691 
0.587385 0.63279 2.67806 2.7816 2.78616 3.42806 3.65921 3.66691 
0.587385 0.63279 2.67806 2.7816 2.78616 3.42806 3.65921 3.66691 
0.587385 0.63279 2.67806 2.7816 2.78616 3.42806 3.65921 3.66691 
0.587385 0.63279 2.67806 2.7816 2.78616 3.42806 3.49375 3.65921 
0.587385 0.63279 2.67806 2.7816 2.78616 3.42806 3.49375 3.65921 
0.587385 0.63279 2.67806 2.7816 2.78616 3.42806 3.49375 3.65921 
0.587385 0.63279 2.67806 2.7816 2.78616 3.42806 3.49375 3.65921 
0.587385 0.63279 2.67806 2.7816 2.78616 3.42806 3.49375 3.65921 
0.587385 0.63279 2.67806 2.7816 2.78616 3.42806 3.49375 3.65921 
0.587385 0.63279 2.67806 2.7816 2.78616 3.42806 3.49375 3.65921 
0.587385 0.63279 2.67806 2.7816 2.78616 3.42806 3.49375 3.65921 
0.587385 0.63279 2.67806 2.7816 2.78616 3.42806 3.49375 3.65921 
0.587385 0.63279 2.67806 2.7816 2.78616 3.42806 3.49375 3.65921 
0.587385 0.63279 2.67806 2.7816 2.78616 3.42806 3.49375 3.65921 
0.587385 0.63279 2.67806 2.7816 2.78616 3.42806 3.49375 3.65921 
0.587385 0.63279 2.67806 2.7816 2.78616 3.42806 3.49375 3.65921 
0.587385 0.63279 2.67806 2.7816 2.78616 3.42806 3.49375 3.65921 
0.587385 0.63279 2.67806 2.7816 2.78616 3.42806 3.49375 3.59526 
0.587385 0.63279 2.67806 2.7816 2.78616 3.42806 3.49375 3.59526 
0.587385 0.63279 2.67806 2.7816 2.78616 3.42806 3.49375 3.59526 
0.587385 0.63279 2.67806 2.7816 2.78616 3.42806 3.49375 3.59526 
0.587385 0.63279 2.67806 2.7816 2.78616 3.42806 3.49375 3.59526 
0.587385 0.63279 2.67806 2.7816 2.78616 3.42806 3.49375 3.59526 
0.587385 0.63279 2.67806 2.7816 2.78616 3.42806 3.49375 3.59526 
0.587385 0.63279 2.67806 2.7816 2.78616 3.42806 3.49375 3.59526 
0.587385 0.63279 2.67806 2.7816 2.78616 3.42806 3.49375 3.59526 
0.587385 0.63279 2.67806 2.7816 2.78616 3.42806 3.49375 3.59526 
0.587385 0.63279 2.67806 2.7816 2.78616 3.42806 3.49375 3.59526 
0.587385 0.63279 2.67806 2.7816 2.78616 3.42806 3.49375 3.59526 
0.587385 0.63279 2.67806 2.7816 2.78616 3.42806 3.49375 3.59526 
0.587385 0.63279 2.67806 2.7816 2.78616 3.42806 3.49375 3.59526 
0.587385 0.63279 2.67806 2.7816 2.78616 3.42806 3.49375 3.59526 
0.587385 0.63279 2.67806 2.7816 2.78616 3.42806 3.49375 3.59526 
0.587385 0.63279 2.67806 2.7816 2.78616 3.42806 3.49375 3.59526 
0.587385 0.63279 2.67806 2.7816 2.78616 3.42806 3.49375 3.59526 
0.587385 0.63279 2.67806 2.7816 2.78616 3.42806 3.49375 3.59526 
0.587385 0.63279 2.67806 2.7816 2.78616 3.42806 3.49375 3.59526 
0.587385 0.63279 2.67806 2.7816 2.78616 3.42806 3.49375 3.59526 
0.587385 0.63279 2.67806 2.7816 2.78616 3.32364 3.42806 3.49375 
0.587385 0.63279 2.67806 2.7816 2.78616 3.32364 3.42806 3.49375 
0.587385 0.63279 2.67806 2.7816 2.78616 3.32364 3.42806 3.49375 
0.587385 0.63279 2.67806 2.7816 2.78616 3.32364 3.42806 3.49375 
0.587385 0.63279 2.67806 2.7816 2.78616 3.32364 3.42806 3.49375 
0.587385 0.63279 2.67806 2.7816 2.78616 3.32364 3.42806 3.49375 
0.587385 0.63279 2.67806 2.7816 2.78616 3.32364 3.42806 3.49375 
0.587385 0.63279 2.67806 2.7816 2.78616 3.32364 3.42806 3.49375 
0.587385 0.63279 2.67806 2.7816 2.78616 3.32364 3.42806 3.49375 
0.587385 0.63279 2.67806 2.7816 2.78616 3.15534 3.32364 3.42806 
0.587385 0.63279 2.67806 2.7816 2.78616 3.15534 3.32364 3.42806 
0.587385 0.63279 2.67806 2.7816 2.78616 3.15534 3.32364 3.42806 
0.587385 0.63279 2.67806 2.7816 2.78616 3.15534 3.32364 3.42806 
0.587385 0.63279 2.67806 2.7816 2.78616 3.15534 3.32364 3.42806 
0.587385 0.63279 2.67806 2.7816 2.78616 3.15534 3.32364 3.42806 
0.587385 0.63279 2.67806 2.7816 2.78616 3.15534 3.32364 3.42806 
0.587385 0.63279 2.67806 2.7816 2.78616 3.15534 3.32364 3.42806 
0.587385 0.63279 2.67806 2.7816 2.78616 3.15534 3.32364 3.42806 
0.587385 0.63279 2.67806 2.7816 2.78616 3.15534 3.32364 3.42806 
0.587385 0.63279 2.67806 2.7816 2.78616 3.15534 3.32364 3.42806 
0.587385 0.63279 2.67806 2.7816 2.78616 3.15534 3.32364 3.42806 
0.587385 0.63279 2.67806 2.7816 2.78616 3.15534 3.32364 3.42806 
