6.69415 8.10808 8.47601 8.72533 10.2169 10.56 11.1343 11.3284 
6.69415 6.89114 7.38364 7.54821 8.10808 8.47601 8.72533 9.84583 
5.53004 6.69415 6.89114 7.38364 7.54821 8.10808 8.47601 8.53249 
5.53004 5.61808 5.81191 6.69415 6.89114 7.38364 7.54821 8.10808 
3.84821 5.53004 5.61808 5.81191 6.69415 6.89114 7.38364 7.54821 
3.84821 5.53004 5.61808 5.81191 6.38176 6.69415 6.89114 7.38364 
3.84821 5.53004 5.61808 5.69142 5.70096 5.81191 6.38176 6.69415 
3.84821 5.53004 5.61808 5.69142 5.70096 5.81191 6.27466 6.38176 
3.84821 5.00117 5.51923 5.53004 5.61808 5.69142 5.70096 5.81191 
3.84821 5.00117 5.51923 5.53004 5.61808 5.69142 5.70096 5.81191 
3.84821 5.00117 5.51923 5.53004 5.61808 5.69142 5.70096 5.81191 
3.84821 5.00117 5.51923 5.53004 5.61808 5.69142 5.70096 5.81191 
3.84821 5.00117 5.51923 5.53004 5.61808 5.69142 5.70096 5.81191 
3.84821 5.00117 5.51923 5.53004 5.61808 5.69142 5.70096 5.81191 
3.84821 4.07357 5.00117 5.51923 5.53004 5.61808 5.69142 5.70096 
3.84821 4.07357 5.00117 5.51923 5.53004 5.61808 5.69142 5.70096 
3.84821 4.07357 4.44905 5.00117 5.51923 5.53004 5.61808 5.69142 
3.84821 4.07357 4.44905 5.00117 5.51923 5.53004 5.61808 5.69142 
3.84821 4.07357 4.44905 4.54161 5.00117 5.51923 5.53004 5.61808 
3.84821 4.07357 4.44905 4.54161 5.00117 5.13102 5.51923 5.53004 
3.57266 3.84821 4.07357 4.44905 4.54161 5.00117 5.13102 5.51923 
3.57266 3.84821 4.07357 4.44905 4.54161 5.00117 5.04127 5.13102 
3.57266 3.84821 4.07357 4.44905 4.54161 5.00117 5.04127 5.13102 
3.48874 3.57266 3.84821 4.07357 4.44905 4.54161 5.00117 5.04127 
3.29642 3.48874 3.57266 3.84821 4.07357 4.44905 4.54161 5.00117 
3.29642 3.48874 3.57266 3.84821 4.07357 4.44905 4.54161 5.00117 
3.29642 3.48874 3.57266 3.84821 4.07357 4.44905 4.54161 5.00117 
3.12534 3.29642 3.48874 3.57266 3.84821 4.07357 4.44905 4.54161 
3.12534 3.29642 3.48874 3.57266 3.84821 4.07357 4.44905 4.54161 
3.12534 3.29642 3.48874 3.57266 3.84821 4.07357 4.44905 4.54161 
2.69735 3.12534 3.29642 3.33782 3.48874 3.57266 3.84821 4.07357 
2.69735 3.12534 3.29642 3.33782 3.48874 3.57266 3.84821 4.07357 
2.6112 2.69735 3.12534 3.29642 3.33782 3.48874 3.57266 3.84821 
2.6112 2.69735 3.12534 3.29642 3.33782 3.48874 3.57266 3.84821 
2.6112 2.69735 3.12534 3.27034 3.29642 3.33782 3.48874 3.57266 
2.6112 2.69735 3.12534 3.27034 3.29642 3.33782 3.48874 3.57266 
2.6112 2.69735 3.12534 3.27034 3.29642 3.33782 3.48874 3.57266 
2.6112 2.69735 3.12534 3.27034 3.29642 3.33782 3.48874 3.57266 
2.6112 2.69735 3.12534 3.27034 3.29642 3.33782 3.48874 3.57266 
2.6112 2.69735 3.12534 3.27034 3.29642 3.33782 3.48874 3.57266 
2.6112 2.69735 3.12534 3.27034 3.29642 3.33782 3.48874 3.57266 
2.6112 2.69735 3.12534 3.27034 3.29642 3.33782 3.48874 3.57266 
2.15258 2.6112 2.69735 3.12534 3.27034 3.29642 3.33782 3.48874 
2.15258 2.6112 2.69735 3.12534 3.27034 3.29642 3.33782 3.48874 
2.15258 2.6112 2.69735 3.12534 3.27034 3.29642 3.33782 3.48874 
2.15258 2.6112 2.69735 3.12534 3.27034 3.29642 3.33782 3.48874 
2.15258 2.6112 2.69735 3.12534 3.27034 3.29642 3.33782 3.48874 
2.15258 2.6112 2.69735 3.12534 3.20394 3.27034 3.29642 3.33782 
2.15258 2.6112 2.69735 3.12534 3.20394 3.27034 3.29642 3.33782 
2.15258 2.6112 2.69735 3.12534 3.20394 3.27034 3.29642 3.33782 
2.15258 2.6112 2.69735 3.12534 3.20394 3.25634 3.27034 3.29642 
2.15258 2.58865 2.6112 2.69735 3.12534 3.20394 3.25634 3.27034 
2.15258 2.58865 2.6112 2.69735 3.12534 3.20394 3.25634 3.27034 
2.15258 2.58865 2.6112 2.69735 3.05102 3.12534 3.20394 3.25634 
1.14949 2.15258 2.58865 2.6112 2.69735 3.05102 3.12534 3.20394 
1.14949 2.15258 2.58865 2.6112 2.69735 3.05102 3.12534 3.20394 
1.14949 2.15258 2.58865 2.6112 2.69735 3.05102 3.12534 3.20394 
1.14949 2.15258 2.58865 2.6112 2.69735 3.05102 3.12534 3.20394 
1.14949 2.15258 2.58865 2.6112 2.69735 3.05102 3.12534 3.20394 
1.14949 2.15258 2.58865 2.6112 2.69735 3.05102 3.06351 3.12534 
1.14949 2.15258 2.58865 2.6112 2.69735 3.05102 3.06351 3.12534 
1.14949 2.15258 2.58865 2.6112 2.69735 3.05102 3.06351 3.12534 
1.14949 2.15258 2.58865 2.6112 2.69735 3.05102 3.06351 3.12534 
1.14949 2.15258 2.58865 2.6112 2.69735 3.05102 3.06351 3.12534 
1.14949 2.15258 2.58865 2.6112 2.69735 3.05102 3.06351 3.12534 
1.14949 2.15258 2.58865 2.6112 2.69735 3.05102 3.06351 3.12534 
1.14949 2.15258 2.58865 2.6112 2.69735 3.05102 3.06351 3.12534 
1.14949 1.75419 2.15258 2.58865 2.6112 2.69735 3.05102 3.06351 
1.14949 1.75419 2.15258 2.58865 2.6112 2.69735 3.05102 3.06351 
1.14949 1.75419 2.15258 2.58865 2.6112 2.69735 3.05102 3.06351 
1.14949 1.75419 2.15258 2.58865 2.6112 2.69735 3.05102 3.06351 
1.14949 1.75419 2.15258 2.58865 2.6112 2.69735 3.05102 3.06351 
1.14949 1.75419 2.15258 2.58865 2.6112 2.69735 3.05102 3.06351 
1.14949 1.75419 2.15258 2.58865 2.6112 2.69735 3.05102 3.06351 
1.14949 1.75419 2.15258 2.58865 2.6112 2.69735 3.05102 3.06351 
1.14949 1.75419 2.15258 2.58865 2.6112 2.69735 3.05102 3.06351 
1.14949 1.75419 2.15258 2.58865 2.6112 2.69735 3.05102 3.06351 
1.14949 1.75419 2.15258 2.58865 2.6112 2.69735 3.05102 3.06351 
1.14949 1.75419 2.15258 2.58865 2.6112 2.69735 3.05102 3.06351 
1.14949 1.75419 2.15258 2.58865 2.6112 2.69735 3.05102 3.06351 
1.14949 1.75419 2.15258 2.58865 2.6112 2.69735 3.05102 3.06351 
1.14949 1.75419 2.15258 2.58865 2.6112 2.69735 3.05102 3.06351 
1.14949 1.75419 2.15258 2.58865 2.6112 2.69735 3.05102 3.06351 
1.14949 1.75419 2.15258 2.58865 2.6112 2.69735 3.05102 3.06351 
1.14949 1.75419 2.15258 2.58865 2.6112 2.69735 3.05102 3.06351 
1.14949 1.75419 2.15258 2.58865 2.6112 2.69735 3.05102 3.06351 
1.14949 1.75419 2.15258 2.58865 2.6112 2.69735 3.05102 3.06351 
1.14949 1.75419 2.15258 2.58865 2.6112 2.69735 3.05102 3.06351 
1.14949 1.75419 2.15258 2.58865 2.6112 2.69735 3.05102 3.06351 
1.14949 1.75419 2.15258 2.58865 2.6112 2.69735 3.05102 3.06351 
1.14949 1.75419 2.15258 2.58865 2.6112 2.69735 3.05102 3.06351 
1.14949 1.75419 2.15258 2.58865 2.6112 2.69735 3.05102 3.06351 
1.14949 1.75419 2.15258 2.58865 2.6112 2.69735 3.05102 3.06351 
1.14949 1.75419 2.15258 2.58865 2.6112 2.69735 3.05102 3.06351 
1.14949 1.75419 2.15258 2.58865 2.6112 2.69735 3.05102 3.06351 
1.14949 1.75419 2.15258 2.58865 2.6112 2.69735 3.05102 3.06351 
1.14949 1.75419 2.15258 2.58865 2.6112 2.69735 3.05102 3.06351 
1.14949 1.75419 2.15258 2.58865 2.6112 2.69735 3.05102 3.06351 
1.14949 1.75419 2.15258 2.58865 2.6112 2.69735 3.05102 3.06351 
1.14949 1.75419 2.15258 2.58865 2.6112 2.69735 3.05102 3.06351 
