2.88646 6.1022 6.6605 6.78202 7.12302 7.83864 11.4597 12.2996 
2.88646 3.09956 6.1022 6.6605 6.78202 7.12302 7.83864 11.4597 
2.88646 3.09956 4.53594 5.56976 6.1022 6.6605 6.73552 6.78202 
2.88646 3.09956 4.30934 4.53594 5.56976 6.1022 6.6605 6.73552 
2.88646 3.09956 4.30934 4.53594 5.28168 5.56976 6.1022 6.6605 
2.88646 3.09956 4.30934 4.41619 4.53594 5.28168 5.56976 6.1022 
2.88646 3.09956 4.30934 4.41619 4.53594 5.28168 5.56976 6.1022 
2.88646 3.09956 4.30934 4.41619 4.53594 5.28168 5.56976 6.1022 
2.88646 3.09956 4.30934 4.41619 4.53594 5.28168 5.56976 6.1022 
2.88646 3.09956 4.21016 4.30934 4.41619 4.53594 5.28168 5.56976 
2.88646 3.09956 4.21016 4.30934 4.41619 4.53594 5.28168 5.56976 
2.88646 3.09956 4.21016 4.30934 4.41619 4.53594 5.28168 5.56976 
2.88646 3.09956 3.94946 4.21016 4.30934 4.41619 4.53594 5.28168 
2.88646 3.09956 3.94946 4.21016 4.30934 4.41619 4.53594 5.28168 
2.88646 3.09956 3.94946 4.21016 4.30934 4.41619 4.53594 5.28168 
2.88646 3.09956 3.94946 4.16626 4.21016 4.30934 4.41619 4.53594 
2.88646 3.09956 3.94946 4.16626 4.21016 4.30934 4.41619 4.53594 
2.88646 3.09956 3.94946 4.16626 4.21016 4.30934 4.41619 4.53594 
2.88646 3.09956 3.94946 4.16626 4.21016 4.30934 4.41619 4.53594 
2.88646 3.09956 3.94946 4.16626 4.21016 4.30934 4.41619 4.53594 
2.88646 3.09956 3.94946 4.16626 4.21016 4.30934 4.41619 4.53594 
2.88646 3.09956 3.94946 4.16626 4.21016 4.30934 4.41619 4.53594 
2.88646 3.09956 3.94946 4.16626 4.21016 4.30934 4.41619 4.53594 
2.88646 3.09956 3.94946 4.16626 4.21016 4.30934 4.41619 4.53594 
2.88646 3.09956 3.94946 4.16626 4.21016 4.30934 4.41619 4.53594 
2.88646 3.09956 3.94946 4.16626 4.21016 4.30934 4.41619 4.53594 
2.88646 3.09956 3.94946 4.16626 4.21016 4.30934 4.41619 4.53594 
2.88646 3.09956 3.94946 4.16626 4.21016 4.30934 4.41619 4.53594 
2.88646 3.09956 3.94946 4.16626 4.21016 4.30934 4.41619 4.53594 
2.88646 3.09956 3.94946 4.16626 4.21016 4.30934 4.41619 4.53594 
2.88646 3.09956 3.94946 4.16626 4.21016 4.30934 4.41619 4.53594 
2.88646 3.09956 3.94946 4.16626 4.21016 4.30934 4.41619 4.53594 
2.88646 3.09956 3.94946 4.16626 4.21016 4.30934 4.41619 4.53594 
2.88646 3.09956 3.94946 4.16626 4.21016 4.30934 4.41619 4.53594 
2.88646 3.09956 3.94946 4.16626 4.21016 4.30934 4.41619 4.53594 
2.88646 3.09956 3.94946 4.16626 4.21016 4.30934 4.41619 4.53594 
2.88646 3.09956 3.71323 3.94946 4.16626 4.21016 4.30934 4.41619 
2.88646 3.09956 3.71323 3.94946 4.16626 4.21016 4.30934 4.41619 
2.88646 3.09956 3.71323 3.86803 3.94946 4.16626 4.21016 4.30934 
2.88646 3.09956 3.71323 3.86803 3.94946 4.16626 4.21016 4.30934 
2.88646 3.09956 3.71323 3.86803 3.94946 4.16626 4.21016 4.30934 
2.88646 3.09956 3.71323 3.86803 3.94946 4.16626 4.21016 4.30934 
2.88646 3.09956 3.21925 3.71323 3.86803 3.94946 4.16626 4.21016 
2.88646 3.09956 3.21925 3.71323 3.86803 3.94946 4.16626 4.21016 
2.88646 3.09956 3.21925 3.71323 3.86803 3.94946 4.16626 4.21016 
2.88646 3.09956 3.21925 3.71323 3.86803 3.94946 4.16626 4.21016 
2.88646 3.09956 3.21925 3.71323 3.7882 3.86803 3.94946 4.16626 
2.88646 3.09956 3.21925 3.71323 3.7882 3.86803 3.94946 4.16626 
2.88646 3.09956 3.21925 3.71323 3.7882 3.86803 3.94946 4.16626 
2.88646 3.09956 3.21925 3.71323 3.7882 3.86803 3.94946 4.16626 
2.88646 3.09956 3.21925 3.71323 3.7882 3.86803 3.94946 4.16626 
2.88646 3.09956 3.21925 3.71323 3.7882 3.86803 3.94946 4.16626 
2.88646 3.09956 3.21925 3.71323 3.7882 3.86803 3.94946 4.16626 
2.88646 3.09956 3.21925 3.71323 3.7882 3.86803 3.94946 4.16626 
2.88646 3.09956 3.21925 3.71323 3.7882 3.86803 3.94946 4.16626 
2.88646 3.09956 3.21925 3.71323 3.7882 3.86803 3.94946 4.16626 
2.88646 3.09956 3.21925 3.71323 3.7882 3.86803 3.94946 4.16626 
2.88646 3.09956 3.21925 3.71323 3.7882 3.86803 3.94946 4.16626 
2.88646 3.09956 3.21925 3.71323 3.7882 3.83258 3.86803 3.94946 
2.88646 3.09956 3.21925 3.71323 3.7882 3.83258 3.86803 3.94946 
2.88646 3.09956 3.21925 3.71323 3.7882 3.83258 3.86803 3.94946 
2.88646 3.09956 3.21925 3.71323 3.7882 3.83258 3.86803 3.94946 
2.88646 3.09956 3.21925 3.71323 3.7882 3.83258 3.86803 3.94946 
2.88646 3.09956 3.21925 3.71323 3.7882 3.83258 3.86803 3.94946 
2.88646 3.09956 3.21925 3.71323 3.7882 3.83258 3.86803 3.94946 
2.88646 3.09956 3.21925 3.71323 3.7882 3.83258 3.86803 3.94946 
2.88646 3.09956 3.21925 3.71323 3.7882 3.83258 3.86803 3.94946 
2.88646 3.09956 3.21925 3.71323 3.7882 3.83258 3.86803 3.94946 
2.88646 3.09956 3.21925 3.71323 3.7882 3.83258 3.86803 3.94946 
2.88646 3.09956 3.21925 3.71323 3.7882 3.83258 3.86803 3.94946 
2.88646 3.09956 3.21925 3.71323 3.7882 3.83258 3.86803 3.94946 
2.88646 3.09956 3.21925 3.71323 3.7882 3.83258 3.86803 3.94946 
2.88646 3.09956 3.21925 3.71323 3.7882 3.83258 3.86803 3.94946 
2.88646 3.09956 3.21925 3.71323 3.7882 3.83258 3.86803 3.94946 
2.88646 3.09956 3.21925 3.43102 3.71323 3.7882 3.83258 3.86803 
2.88646 3.09956 3.21925 3.43102 3.71323 3.7882 3.83258 3.86803 
2.88646 3.09956 3.21925 3.43102 3.71323 3.7882 3.83258 3.86803 
2.88646 3.09956 3.21925 3.43102 3.71323 3.7882 3.83258 3.86803 
2.88646 3.09956 3.21925 3.43102 3.71323 3.7882 3.83258 3.86803 
2.88646 3.09956 3.21925 3.43102 3.71323 3.7882 3.83258 3.86803 
2.88646 3.09956 3.21925 3.43102 3.71323 3.7882 3.83258 3.86803 
2.88646 3.09956 3.21925 3.43102 3.71323 3.7882 3.83258 3.86803 
2.88646 3.09956 3.21925 3.43102 3.71323 3.7882 3.83258 3.86803 
2.88646 3.09956 3.21925 3.43102 3.71323 3.7882 3.83258 3.86803 
2.88646 3.09956 3.21925 3.43102 3.71323 3.7882 3.83258 3.86803 
2.88646 3.09956 3.21925 3.43102 3.71323 3.7882 3.83258 3.86803 
2.88646 3.09956 3.21925 3.43102 3.71323 3.7882 3.83258 3.86803 
2.88646 3.09956 3.21925 3.43102 3.71323 3.7882 3.83258 3.86803 
2.88646 3.09956 3.21925 3.43102 3.71323 3.7882 3.83258 3.86803 
2.88646 3.09956 3.21925 3.43102 3.71323 3.7882 3.83258 3.86803 
2.88646 3.09956 3.21925 3.43102 3.71323 3.7882 3.83258 3.86803 
2.88646 3.09956 3.21925 3.43102 3.71323 3.7882 3.83258 3.86803 
2.88646 3.09956 3.21925 3.43102 3.71323 3.7882 3.83258 3.86803 
2.88646 3.09956 3.21925 3.43102 3.71323 3.7882 3.83258 3.86803 
2.88646 3.09956 3.21925 3.43102 3.71323 3.7882 3.83258 3.86803 
2.88646 3.09956 3.21925 3.43102 3.71323 3.7882 3.83258 3.86803 
2.88646 3.09956 3.21925 3.43102 3.71323 3.7882 3.83258 3.86803 
2.88646 3.09956 3.21925 3.43102 3.71323 3.7882 3.83258 3.86803 
2.88646 3.09956 3.21925 3.43102 3.71323 3.7882 3.83258 3.86803 
2.88646 3.09956 3.21925 3.43102 3.71323 3.7882 3.83258 3.86803 
