3.18833 4.58769 4.60737 6.02743 6.54656 8.16504 8.98108 9.62575 
3.18833 4.58769 4.60737 5.6819 6.02743 6.54656 7.65867 8.16504 
3.18833 4.58769 4.60737 5.6819 6.02743 6.04828 6.54656 7.65867 
3.18833 4.58769 4.60737 5.6819 6.02743 6.04828 6.43004 6.54656 
3.18833 4.58769 4.60737 5.6819 6.02743 6.04828 6.43004 6.54656 
3.18833 3.55599 4.58769 4.60737 5.6819 6.02743 6.04828 6.43004 
3.18833 3.55599 4.58769 4.60737 5.6819 6.02743 6.04828 6.43004 
2.90782 3.18833 3.55599 4.58769 4.60737 5.6819 6.02743 6.04828 
2.90782 3.18833 3.55599 4.58769 4.60737 5.6819 6.02743 6.04828 
2.90782 3.18833 3.55599 4.58769 4.60737 5.6819 6.02743 6.04828 
2.90782 3.18833 3.55599 4.58769 4.60737 5.6819 6.02743 6.04828 
2.90782 3.18833 3.55599 4.55746 4.58769 4.60737 5.6819 6.02743 
2.90782 3.18833 3.55599 4.55746 4.58769 4.60737 5.6819 6.02743 
2.90782 3.18833 3.55599 4.55746 4.58769 4.60737 5.6819 6.02743 
2.90782 3.18833 3.55599 4.55746 4.58769 4.60737 5.6819 6.02743 
2.90782 3.14034 3.18833 3.55599 4.55746 4.58769 4.60737 5.6819 
2.90782 3.14034 3.18833 3.55599 4.55746 4.58769 4.60737 5.6819 
2.90782 3.14034 3.18833 3.55599 4.55746 4.58769 4.60737 5.6819 
2.90782 3.14034 3.18833 3.55599 4.55746 4.58769 4.60737 5.6819 
2.90782 3.14034 3.18833 3.55599 4.55746 4.58769 4.60737 5.6819 
2.90782 3.14034 3.18833 3.55599 4.55746 4.58769 4.60737 5.6819 
2.90782 3.14034 3.18833 3.55599 4.55746 4.58769 4.60737 5.6819 
2.90782 3.14034 3.18833 3.55599 4.55746 4.58769 4.60737 5.6819 
2.90782 3.14034 3.18833 3.55599 4.55746 4.58769 4.60737 5.6819 
2.90782 3.14034 3.18833 3.55599 4.55746 4.58769 4.60737 5.6819 
2.90782 3.14034 3.18833 3.55599 4.55746 4.58769 4.60737 5.6819 
2.90782 3.14034 3.18833 3.55599 4.55746 4.58769 4.60737 5.6819 
2.90782 3.14034 3.18833 3.55599 4.55746 4.58769 4.60737 5.6819 
2.90782 3.14034 3.18833 3.55599 4.55746 4.58769 4.60737 5.6819 
2.90782 3.14034 3.18833 3.55599 4.55746 4.58769 4.60737 5.6819 
2.90782 3.14034 3.18833 3.55599 4.55746 4.58769 4.60737 5.6819 
2.90782 3.04114 3.14034 3.18833 3.55599 4.55746 4.58769 4.60737 
2.90782 3.04114 3.14034 3.18833 3.55599 4.55746 4.58769 4.60737 
2.90782 3.04114 3.14034 3.18833 3.55599 4.55746 4.58769 4.60737 
2.90782 3.04114 3.14034 3.18833 3.55599 4.55746 4.58769 4.60737 
2.90782 3.04114 3.14034 3.18833 3.55599 4.55746 4.58769 4.60737 
2.90782 3.04114 3.14034 3.18833 3.55599 4.55746 4.58769 4.60737 
2.90782 3.04114 3.14034 3.18833 3.55599 4.55746 4.58769 4.60737 
2.90782 3.04114 3.14034 3.18833 3.55599 4.55746 4.58769 4.60737 
2.90782 3.04114 3.14034 3.18833 3.55599 4.55746 4.58769 4.60737 
2.90782 3.04114 3.14034 3.18833 3.55599 4.55746 4.58769 4.60737 
2.90782 3.04114 3.14034 3.18833 3.55599 4.55746 4.58769 4.60737 
2.90782 3.04114 3.14034 3.18833 3.55599 4.55746 4.58769 4.60737 
2.90782 3.04114 3.14034 3.18833 3.55599 4.55746 4.58769 4.60737 
2.90782 3.04114 3.14034 3.18833 3.55599 4.55746 4.58769 4.60737 
2.90782 3.04114 3.14034 3.18833 3.55599 4.48559 4.55746 4.58769 
2.90782 3.04114 3.14034 3.18833 3.55599 4.48559 4.55746 4.58769 
2.90782 3.04114 3.14034 3.18833 3.55599 4.48559 4.55746 4.58769 
2.90782 3.04114 3.14034 3.18833 3.55599 4.48559 4.55746 4.58769 
2.89403 2.90782 3.04114 3.14034 3.18833 3.55599 4.48559 4.55746 
2.89403 2.90782 3.04114 3.14034 3.18833 3.55599 4.48559 4.55746 
2.89403 2.90782 3.04114 3.14034 3.18833 3.55599 4.48559 4.55746 
2.89403 2.90782 3.04114 3.14034 3.18833 3.55599 4.48559 4.55746 
2.89403 2.90782 3.04114 3.14034 3.18833 3.55599 4.48559 4.55746 
2.89403 2.90782 3.04114 3.14034 3.18833 3.55599 4.48559 4.55746 
2.89403 2.90782 3.04114 3.14034 3.18833 3.55599 4.48559 4.55746 
0.437887 2.89403 2.90782 3.04114 3.14034 3.18833 3.55599 4.48559 
0.437887 2.89403 2.90782 3.04114 3.14034 3.18833 3.55599 4.48559 
0.437887 2.89403 2.90782 3.04114 3.14034 3.18833 3.55599 4.39259 
0.437887 2.89403 2.90782 3.04114 3.14034 3.18833 3.55599 4.39259 
0.437887 2.89403 2.90782 3.04114 3.14034 3.18833 3.55599 4.39259 
0.437887 2.89403 2.90782 3.04114 3.14034 3.18833 3.55599 4.39259 
0.437887 2.89403 2.90782 3.04114 3.14034 3.18833 3.55599 4.39259 
0.437887 2.89403 2.90782 3.04114 3.14034 3.18833 3.55599 4.39259 
0.437887 2.89403 2.90782 3.04114 3.14034 3.18833 3.55599 4.39259 
0.437887 2.89403 2.90782 3.04114 3.14034 3.18833 3.55599 4.39259 
0.437887 2.89403 2.90782 3.04114 3.14034 3.18833 3.55599 4.39259 
0.437887 2.89403 2.90782 3.04114 3.14034 3.18833 3.55599 4.39259 
0.437887 2.89403 2.90782 3.04114 3.14034 3.18833 3.55599 4.39259 
0.437887 2.89403 2.90782 3.04114 3.14034 3.18833 3.55599 4.39259 
0.437887 2.89403 2.90782 3.04114 3.14034 3.18833 3.55599 4.39259 
0.437887 2.89403 2.90782 3.04114 3.14034 3.18833 3.55599 4.39259 
0.437887 2.89403 2.90782 3.04114 3.14034 3.18833 3.55599 4.39259 
0.437887 2.89403 2.90782 3.04114 3.14034 3.18833 3.55599 4.39259 
0.437887 2.89403 2.90782 3.04114 3.14034 3.18833 3.55599 4.39259 
0.437887 2.89403 2.90782 3.04114 3.14034 3.18833 3.55599 4.39259 
0.437887 2.89403 2.90782 3.04114 3.14034 3.18833 3.55599 4.39259 
0.437887 2.89403 2.90782 3.04114 3.14034 3.18833 3.55599 4.39259 
0.437887 2.89403 2.90782 3.04114 3.14034 3.18833 3.55599 4.39259 
0.437887 2.89403 2.90782 3.04114 3.14034 3.18833 3.55599 4.39259 
0.437887 2.89403 2.90782 3.04114 3.14034 3.18833 3.55599 4.39259 
0.437887 2.80181 2.89403 2.90782 3.04114 3.14034 3.18833 3.55599 
0.437887 2.80181 2.89403 2.90782 3.04114 3.14034 3.18833 3.55599 
0.437887 2.80181 2.89403 2.90782 3.04114 3.14034 3.18833 3.55599 
0.437887 2.80181 2.89403 2.90782 3.04114 3.14034 3.18833 3.55599 
0.437887 2.80181 2.89403 2.90782 3.04114 3.14034 3.18833 3.55599 
0.437887 2.80181 2.89403 2.90782 3.04114 3.14034 3.18833 3.55599 
0.437887 2.80181 2.89403 2.90782 3.04114 3.14034 3.18833 3.55599 
0.437887 2.80181 2.89403 2.90782 3.04114 3.14034 3.18833 3.55599 
0.437887 2.80181 2.89403 2.90782 3.04114 3.14034 3.18833 3.55599 
0.437887 2.80181 2.89403 2.90782 3.04114 3.14034 3.18833 3.55599 
0.437887 2.80181 2.89403 2.90782 3.04114 3.14034 3.18833 3.55599 
0.437887 2.80181 2.89403 2.90782 3.04114 3.14034 3.18833 3.55599 
0.437887 2.80181 2.89403 2.90782 3.04114 3.14034 3.18833 3.55599 
0.437887 2.80181 2.89403 2.90782 3.04114 3.14034 3.18833 3.55599 
0.437887 2.80181 2.89403 2.90782 3.04114 3.14034 3.18833 3.55599 
0.437887 2.80181 2.89403 2.90782 3.04114 3.14034 3.18833 3.55599 
0.437887 2.80181 2.89403 2.90782 3.04114 3.14034 3.18833 3.55599 
0.437887 2.80181 2.89403 2.90782 3.04114 3.14034 3.18833 3.55599 
0.437887 2.80181 2.89403 2.90782 3.04114 3.14034 3.18833 3.55599 
