7.61554 9.27415 9.88342 10.7474 11.2038 11.2821 11.3273 12.6041 
7.45745 7.61554 9.27415 9.86323 9.88342 9.94695 9.96691 10.3326 
5.85328 6.38981 7.32345 7.45745 7.61554 8.00693 8.35004 9.27415 
4.45955 5.13133 5.67017 5.85328 6.38981 7.32345 7.45745 7.61554 
4.45955 4.86293 5.13133 5.5708 5.67017 5.85328 6.38981 7.32345 
4.45955 4.50436 4.86293 5.13133 5.5708 5.67017 5.83461 5.85328 
4.45955 4.50436 4.86293 5.13133 5.5708 5.67017 5.83461 5.85328 
2.7527 4.45955 4.50436 4.86293 5.13133 5.5708 5.67017 5.83461 
2.7527 3.98538 4.45955 4.50436 4.86293 5.13133 5.5708 5.67017 
2.7527 3.98538 4.45955 4.50436 4.86293 5.13133 5.5708 5.67017 
2.7527 3.98538 4.45955 4.50436 4.86293 4.88718 5.13133 5.5708 
2.7527 3.98538 4.45955 4.50436 4.86293 4.88718 5.13133 5.5708 
2.7527 3.98538 4.45955 4.50436 4.58578 4.86293 4.88718 5.13133 
2.7527 3.98538 4.45955 4.50436 4.58578 4.86293 4.88718 5.13133 
2.7527 3.09653 3.98538 4.45955 4.50436 4.58578 4.86293 4.88718 
2.7527 3.09653 3.98538 4.45955 4.50436 4.58578 4.86293 4.88718 
2.7527 3.09653 3.98538 4.45955 4.50436 4.58578 4.86293 4.88718 
2.7527 3.09653 3.98538 4.03285 4.45955 4.50436 4.58578 4.86293 
2.7527 3.09653 3.71276 3.884 3.98538 4.03285 4.45955 4.50436 
2.7527 3.09653 3.71276 3.884 3.98538 4.03285 4.45955 4.50436 
2.7527 3.09653 3.71276 3.884 3.98538 4.03285 4.45955 4.50436 
2.43455 2.7527 3.09653 3.71276 3.884 3.98538 4.03285 4.45955 
2.43455 2.7527 3.09653 3.71276 3.7879 3.884 3.98538 4.03285 
2.43455 2.7527 3.09653 3.71276 3.7879 3.884 3.98538 4.03285 
2.43455 2.7527 3.09653 3.71276 3.7879 3.884 3.98538 4.03285 
2.43455 2.7527 3.09653 3.71276 3.7879 3.884 3.98538 4.03285 
2.43455 2.7527 3.09653 3.71276 3.7879 3.884 3.98538 4.03285 
2.43455 2.7527 3.09653 3.71276 3.7879 3.884 3.98538 4.03285 
2.43455 2.7527 3.09653 3.35294 3.49535 3.71276 3.7879 3.884 
2.43455 2.7527 3.09653 3.35294 3.49535 3.71276 3.7879 3.884 
2.43455 2.7527 3.09653 3.35294 3.44836 3.49535 3.71276 3.7879 
2.43455 2.7527 3.09653 3.35294 3.44836 3.49535 3.71276 3.7879 
2.0143 2.43455 2.7527 3.09653 3.35294 3.44836 3.49535 3.71276 
2.0143 2.43455 2.7527 3.09653 3.35294 3.44836 3.49535 3.71276 
2.0143 2.43455 2.7527 3.09653 3.35294 3.44836 3.49535 3.71276 
2.0143 2.43455 2.7527 3.09653 3.35294 3.44836 3.49535 3.71276 
2.0143 2.43455 2.7527 2.81313 3.09653 3.35294 3.44836 3.49535 
2.0143 2.43455 2.7527 2.81313 3.09653 3.35294 3.44836 3.49535 
2.0143 2.43455 2.69447 2.7527 2.81313 3.09653 3.35294 3.44836 
2.0143 2.43455 2.69447 2.7527 2.81313 3.09653 3.35294 3.44836 
2.0143 2.43455 2.69447 2.7527 2.81313 3.09653 3.35294 3.44836 
2.0143 2.43455 2.69447 2.7527 2.81313 3.09653 3.35294 3.44836 
2.0143 2.43455 2.69447 2.7527 2.81313 3.09653 3.35294 3.44836 
2.0143 2.43455 2.69447 2.7527 2.81313 3.09653 3.35294 3.44836 
2.0143 2.43455 2.69447 2.7527 2.81313 3.09653 3.35294 3.44836 
2.0143 2.43455 2.69447 2.7527 2.81313 3.09653 3.35294 3.44836 
2.0143 2.43455 2.69447 2.7527 2.81313 3.09653 3.35294 3.44836 
2.0143 2.43455 2.69447 2.7527 2.81313 3.09653 3.35294 3.44836 
2.0143 2.43455 2.69447 2.7527 2.81313 3.09653 3.35294 3.44836 
2.0143 2.43455 2.69447 2.7527 2.81313 3.09653 3.35294 3.44836 
2.0143 2.43455 2.69447 2.7527 2.81313 3.09653 3.35294 3.44836 
2.0143 2.43455 2.69447 2.7527 2.81313 3.09653 3.35294 3.44836 
2.0143 2.43455 2.69447 2.7527 2.81313 3.09653 3.35294 3.44836 
2.0143 2.43455 2.69447 2.7527 2.81313 3.09653 3.35294 3.44836 
2.0143 2.43455 2.69447 2.7527 2.81313 3.09653 3.35294 3.44836 
2.0143 2.43455 2.69447 2.7527 2.81313 3.09653 3.35294 3.44836 
2.0143 2.43455 2.69447 2.7527 2.81313 3.09653 3.35294 3.44836 
2.0143 2.43455 2.69447 2.7527 2.81313 3.09653 3.35294 3.44836 
2.0143 2.43455 2.69447 2.7527 2.81313 3.09653 3.35294 3.44836 
2.0143 2.43455 2.69447 2.7527 2.81313 3.09653 3.35294 3.44836 
2.0143 2.43455 2.69447 2.7527 2.81313 3.09653 3.35294 3.44836 
2.0143 2.43455 2.69447 2.7527 2.81313 3.09653 3.35294 3.44836 
2.0143 2.43455 2.69447 2.7527 2.81313 3.09653 3.35294 3.44836 
2.0143 2.43455 2.69447 2.7527 2.81313 3.09653 3.35294 3.44836 
2.0143 2.43455 2.69447 2.7527 2.81313 3.09653 3.35294 3.44836 
2.0143 2.43455 2.69447 2.7527 2.81313 3.09653 3.35294 3.44836 
2.0143 2.43455 2.69447 2.7527 2.81313 3.09653 3.35294 3.44836 
2.0143 2.43455 2.69447 2.7527 2.81313 3.09653 3.35294 3.44836 
2.0143 2.43455 2.69447 2.7527 2.81313 3.09653 3.35294 3.44836 
2.0143 2.43455 2.69447 2.7527 2.81313 3.09653 3.35294 3.44836 
2.0143 2.43455 2.69447 2.7527 2.81313 3.09653 3.35294 3.44836 
2.0143 2.43455 2.69447 2.7527 2.81313 3.09653 3.35294 3.44836 
2.0143 2.43455 2.69447 2.7527 2.81313 3.09653 3.35294 3.44836 
2.0143 2.43455 2.69447 2.7527 2.81313 3.09653 3.35294 3.44836 
2.0143 2.43455 2.69447 2.7527 2.81313 3.09653 3.35294 3.44836 
2.0143 2.43455 2.69447 2.7527 2.81313 3.09653 3.35294 3.44836 
2.0143 2.43455 2.69447 2.7527 2.81313 3.09653 3.35294 3.44836 
2.0143 2.43455 2.69447 2.7527 2.81313 3.09653 3.35294 3.44836 
2.0143 2.43455 2.69447 2.7527 2.81313 3.09653 3.35294 3.44836 
2.0143 2.43455 2.69447 2.7527 2.81313 3.09653 3.35294 3.44836 
2.0143 2.43455 2.69447 2.7527 2.81313 3.09653 3.35294 3.44836 
2.0143 2.43455 2.69447 2.7527 2.81313 3.09653 3.35294 3.44836 
2.0143 2.43455 2.69447 2.7527 2.81313 3.09653 3.35294 3.44836 
2.0143 2.43455 2.69447 2.7527 2.81313 3.09653 3.35294 3.44836 
2.0143 2.43455 2.69447 2.7527 2.81313 3.09653 3.35294 3.44836 
2.0143 2.43455 2.69447 2.7527 2.81313 3.09653 3.35294 3.44836 
2.0143 2.43455 2.69447 2.7527 2.81313 3.09653 3.35294 3.44836 
2.0143 2.43455 2.69447 2.7527 2.81313 3.09653 3.35294 3.44836 
2.0143 2.43455 2.69447 2.7527 2.81313 3.09653 3.35294 3.44836 
2.0143 2.43455 2.69447 2.7527 2.81313 3.09653 3.35294 3.44836 
2.0143 2.43455 2.69447 2.7527 2.81313 3.09653 3.35294 3.44836 
2.0143 2.43455 2.69447 2.7527 2.81313 3.09653 3.35294 3.44836 
2.0143 2.43455 2.69447 2.7527 2.81313 3.09653 3.35294 3.44836 
2.0143 2.43455 2.69447 2.7527 2.81313 3.09653 3.35294 3.44836 
2.0143 2.43455 2.69447 2.7527 2.81313 3.09653 3.35294 3.44836 
2.0143 2.43455 2.69447 2.7527 2.81313 3.09653 3.35294 3.44836 
2.0143 2.43455 2.69447 2.7527 2.81313 3.09653 3.35294 3.44836 
2.0143 2.43455 2.69447 2.7527 2.81313 3.09653 3.35294 3.44836 
2.0143 2.43455 2.69447 2.7527 2.81313 3.09653 3.35294 3.44836 
2.0143 2.43455 2.69447 2.7527 2.81313 3.09653 3.35294 3.44836 
