4.39281 6.51879 7.26955 7.78799 7.82988 8.39681 9.17357 9.40495 
3.41978 4.39281 5.69034 6.51879 6.99195 7.25759 7.26955 7.78799 
3.41978 4.39281 5.69034 6.30402 6.51879 6.99195 7.25759 7.26955 
3.41978 4.39281 5.69034 6.30402 6.51879 6.99195 7.25759 7.26955 
3.41978 4.39281 4.44687 5.69034 6.30402 6.51879 6.99195 7.25759 
3.41978 4.39281 4.44687 5.69034 6.29541 6.30402 6.51879 6.99195 
3.41978 4.39281 4.44687 5.69034 6.29541 6.30402 6.51879 6.99195 
3.41978 4.11519 4.39281 4.44687 5.69034 6.29541 6.30402 6.51879 
3.41978 4.11519 4.39281 4.44687 5.69034 6.29541 6.30402 6.51879 
3.41978 3.73632 4.11519 4.39281 4.44687 5.69034 6.29541 6.30402 
3.41978 3.73632 4.11519 4.39281 4.44687 5.69034 6.29541 6.30402 
3.41978 3.73632 4.11519 4.39281 4.44687 5.69034 6.29541 6.30402 
3.41978 3.73632 4.11519 4.39281 4.44687 5.69034 6.29541 6.30402 
3.41978 3.73632 4.11519 4.39281 4.44687 5.69034 6.29541 6.30402 
3.41978 3.73632 4.11519 4.39281 4.44687 5.69034 6.29541 6.30402 
3.41978 3.73632 4.11519 4.39281 4.44687 5.69034 6.29541 6.30402 
3.41978 3.73632 4.11519 4.39281 4.44687 5.69034 6.29541 6.30402 
3.41978 3.73632 4.11519 4.39281 4.44687 5.69034 6.29541 6.30402 
3.41978 3.73632 4.11519 4.39281 4.44687 5.69034 6.29541 6.30402 
3.41978 3.73632 4.11519 4.39281 4.44687 5.69034 6.29541 6.30402 
3.41978 3.73632 4.11519 4.39281 4.44687 5.69034 6.29541 6.30402 
3.41978 3.73632 4.11519 4.39281 4.44687 5.69034 6.29541 6.30402 
3.41978 3.73632 4.11519 4.39281 4.44687 5.69034 6.29541 6.30402 
3.41978 3.73632 4.11519 4.39281 4.44687 5.69034 6.29541 6.30402 
3.41978 3.73632 4.11519 4.39281 4.44687 5.69034 6.29541 6.30402 
3.41978 3.73632 4.11519 4.39281 4.44687 5.69034 6.29541 6.30402 
3.41978 3.73632 4.11519 4.39281 4.44687 5.69034 6.29541 6.30402 
3.41978 3.73632 4.11519 4.39281 4.44687 5.69034 6.29541 6.30402 
3.41978 3.73632 4.11519 4.39281 4.44687 5.69034 6.29541 6.30402 
3.41978 3.73632 4.11519 4.39281 4.44687 5.69034 6.29541 6.30402 
3.41978 3.73632 4.11519 4.39281 4.44687 5.69034 6.29541 6.30402 
3.41978 3.73632 4.11519 4.39281 4.44687 5.69034 6.29541 6.30402 
3.41978 3.73632 4.11519 4.39281 4.44687 5.69034 6.29541 6.30402 
3.41978 3.73632 4.11519 4.28713 4.39281 4.44687 5.69034 6.29541 
3.41978 3.73632 4.11519 4.28713 4.39281 4.44687 5.69034 6.29541 
3.41978 3.73632 4.11519 4.28713 4.39281 4.44687 5.69034 6.29541 
3.41978 3.73632 4.11519 4.28713 4.39281 4.44687 5.69034 6.29541 
3.41978 3.73632 4.11519 4.28713 4.39281 4.44687 5.69034 6.29541 
3.41978 3.73632 4.11519 4.28713 4.39281 4.44687 5.69034 6.29541 
3.41978 3.73632 4.11519 4.28713 4.39281 4.44687 5.69034 6.29541 
3.41978 3.73632 4.11519 4.28713 4.39281 4.44687 5.69034 6.29541 
3.41978 3.73632 4.11519 4.28713 4.39281 4.44687 5.69034 6.29541 
3.41978 3.73632 4.11519 4.28713 4.39281 4.44687 5.69034 6.29541 
3.41978 3.73632 4.11519 4.28713 4.39281 4.44687 5.69034 6.29541 
3.41978 3.73632 4.11519 4.28713 4.39281 4.44687 5.69034 6.29541 
3.41978 3.73632 4.11519 4.28713 4.39281 4.44687 5.69034 6.29541 
3.41978 3.73632 4.11519 4.28713 4.39281 4.44687 5.69034 6.29541 
3.41978 3.73632 4.11519 4.28713 4.39281 4.44687 5.69034 6.29541 
3.41978 3.73632 4.11519 4.28713 4.39281 4.44687 5.69034 6.29541 
3.41978 3.73632 4.11519 4.28713 4.39281 4.44687 5.69034 6.29541 
3.41978 3.73632 4.11519 4.28713 4.39281 4.44687 5.69034 6.29541 
3.41978 3.73632 4.11519 4.28713 4.39281 4.44687 5.69034 6.29541 
3.41978 3.73632 4.11519 4.28713 4.39281 4.44687 5.69034 6.29541 
3.41978 3.73632 4.11519 4.28713 4.39281 4.44687 5.69034 6.29541 
3.41978 3.73632 4.11519 4.28713 4.39281 4.44687 5.69034 6.29541 
3.41978 3.73632 4.11519 4.28713 4.39281 4.44687 5.69034 6.29541 
3.41978 3.73632 4.11519 4.28713 4.39281 4.44687 5.69034 6.29541 
3.41978 3.73632 4.11519 4.28713 4.39281 4.44687 5.69034 6.29541 
3.41978 3.73632 4.11519 4.28713 4.39281 4.44687 5.69034 6.29541 
3.41978 3.73632 4.11519 4.28713 4.39281 4.44687 5.69034 6.29541 
3.41978 3.73632 4.11519 4.28713 4.39281 4.44687 5.69034 6.29541 
3.41978 3.73632 4.11519 4.28713 4.39281 4.44687 5.69034 6.29541 
3.41978 3.73632 4.11519 4.28713 4.39281 4.44687 5.69034 6.29541 
3.41978 3.73632 4.11519 4.28713 4.39281 4.44687 5.69034 6.29541 
3.41978 3.73632 4.11519 4.28713 4.39281 4.44687 5.69034 6.29541 
3.41978 3.73632 4.11519 4.28713 4.39281 4.44687 5.69034 6.29541 
3.41978 3.73632 4.11519 4.28713 4.39281 4.44687 5.69034 6.29541 
3.41978 3.73632 4.11519 4.28713 4.39281 4.44687 5.69034 6.29541 
3.41978 3.73632 4.11519 4.28713 4.39281 4.44687 5.69034 6.29541 
3.41978 3.73632 4.11519 4.28713 4.39281 4.44687 5.69034 6.29541 
3.41978 3.73632 4.11519 4.28713 4.39281 4.44687 5.69034 6.29541 
3.41978 3.73632 4.11519 4.28713 4.39281 4.44687 5.69034 6.29541 
3.41978 3.73632 4.11519 4.28713 4.39281 4.44687 5.69034 6.29541 
3.41978 3.73632 4.11519 4.28713 4.39281 4.44687 5.69034 6.29541 
3.41978 3.73632 4.11519 4.28713 4.39281 4.44687 5.69034 6.29541 
3.41978 3.73632 4.11519 4.28713 4.39281 4.44687 5.69034 6.29541 
3.41978 3.73632 4.11519 4.28713 4.39281 4.44687 5.69034 6.29541 
3.41978 3.73632 4.11519 4.28713 4.39281 4.44687 5.69034 6.29541 
3.41978 3.73632 4.11519 4.28713 4.39281 4.44687 5.69034 6.29541 
3.41978 3.73632 4.11519 4.28713 4.39281 4.44687 5.69034 6.29541 
3.41978 3.73632 4.11519 4.28713 4.39281 4.44687 5.69034 6.29541 
3.41978 3.73632 4.11519 4.28713 4.39281 4.44687 5.69034 6.29541 
3.41978 3.73632 4.11519 4.28713 4.39281 4.44687 5.69034 6.29541 
3.41978 3.73632 4.11519 4.28713 4.39281 4.44687 5.69034 6.29541 
3.41978 3.73632 4.11519 4.28713 4.39281 4.44687 5.69034 6.29541 
3.41978 3.73632 4.11519 4.28713 4.39281 4.44687 5.69034 6.29541 
3.41978 3.73632 4.11519 4.28713 4.39281 4.44687 5.69034 6.29541 
3.41978 3.73632 4.11519 4.28713 4.39281 4.44687 5.69034 6.29541 
3.41978 3.73632 4.11519 4.28713 4.39281 4.44687 5.69034 6.29541 
3.41978 3.73632 4.11519 4.28713 4.39281 4.44687 5.69034 6.29541 
3.41978 3.73632 4.11519 4.28713 4.39281 4.44687 5.69034 6.29541 
3.41978 3.73632 4.11519 4.28713 4.39281 4.44687 5.69034 6.29541 
3.41978 3.73632 4.11519 4.28713 4.39281 4.44687 5.69034 6.29541 
3.41978 3.73632 4.11519 4.28713 4.39281 4.44687 5.69034 6.29541 
3.41978 3.73632 4.11519 4.28713 4.39281 4.44687 5.69034 6.29541 
3.41978 3.73632 4.11519 4.28713 4.39281 4.44687 5.69034 6.29541 
3.41978 3.73632 4.11519 4.28713 4.39281 4.44687 5.69034 6.29541 
3.41978 3.73632 4.11519 4.28713 4.39281 4.44687 5.69034 6.29541 
3.41978 3.73632 4.11519 4.28713 4.39281 4.44687 5.69034 6.29541 
3.41978 3.73632 4.11519 4.28713 4.39281 4.44687 5.69034 6.29541 
