2.28658 2.82433 4.39371 4.43358 4.49424 5.46628 5.50738 5.53656 
2.28658 2.82433 4.0981 4.39371 4.43358 4.49424 5.46628 5.50738 
2.28658 2.82433 4.0981 4.39371 4.43358 4.49424 5.46628 5.50738 
1.27098 1.37524 2.28658 2.82433 4.0981 4.39371 4.43358 4.49424 
1.27098 1.37524 2.28658 2.82433 4.0981 4.39371 4.43358 4.49424 
1.27098 1.37524 2.28658 2.82433 3.92121 4.0981 4.39371 4.43358 
1.27098 1.37524 2.28658 2.82433 3.72961 3.92121 4.0981 4.39371 
1.27098 1.37524 2.28658 2.82433 3.72961 3.92121 4.0981 4.39371 
1.27098 1.37524 2.28658 2.82433 3.33824 3.72961 3.92121 4.0981 
1.27098 1.37524 2.28658 2.82433 3.33824 3.72961 3.92121 4.0981 
1.27098 1.37524 2.28658 2.82433 3.33824 3.72961 3.92121 4.0981 
1.27098 1.37524 2.28658 2.82433 3.33824 3.39838 3.55938 3.72961 
1.27098 1.37524 2.28658 2.82433 3.33824 3.39838 3.55938 3.72961 
1.27098 1.37524 2.28658 2.82433 3.06535 3.33824 3.39838 3.55938 
1.27098 1.37524 2.28658 2.82433 3.06535 3.33824 3.39838 3.55938 
1.27098 1.37524 2.28658 2.82433 3.06535 3.33824 3.39838 3.55938 
1.27098 1.37524 2.28658 2.82433 3.06535 3.33824 3.38152 3.39838 
1.27098 1.37524 2.28658 2.82433 3.06535 3.33824 3.38152 3.39838 
1.27098 1.37524 2.28658 2.82433 3.06535 3.33824 3.38152 3.39838 
1.27098 1.37524 2.28658 2.82433 3.06535 3.33824 3.38152 3.39838 
1.27098 1.37524 2.28658 2.82433 3.06535 3.33824 3.38152 3.39838 
1.27098 1.37524 2.28658 2.82433 3.06535 3.33824 3.38152 3.39838 
1.27098 1.37524 2.28658 2.82433 3.06535 3.33824 3.38152 3.39838 
1.27098 1.37524 2.28658 2.82433 3.06535 3.33824 3.38152 3.39838 
1.27098 1.37524 2.28658 2.82433 3.06535 3.33824 3.38152 3.39838 
1.27098 1.37524 2.28658 2.82433 3.06535 3.33824 3.38152 3.39838 
1.27098 1.37524 2.28658 2.82433 3.06535 3.33824 3.38152 3.39838 
1.27098 1.37524 2.28658 2.82433 3.06535 3.33824 3.38152 3.39838 
1.27098 1.37524 2.28658 2.82433 3.06535 3.29176 3.33824 3.38152 
1.27098 1.37524 2.28658 2.82433 3.06535 3.29176 3.33824 3.38152 
1.27098 1.37524 2.28658 2.82433 3.06535 3.29176 3.33824 3.38152 
1.27098 1.37524 2.28658 2.82433 2.93186 3.06535 3.29176 3.33824 
1.27098 1.37524 2.28658 2.82433 2.93186 3.06535 3.2133 3.29176 
1.27098 1.37524 2.28658 2.82433 2.93186 3.06535 3.2133 3.29176 
1.27098 1.37524 2.28658 2.82433 2.93186 3.06535 3.2133 3.29176 
1.27098 1.37524 2.28658 2.82433 2.93186 3.06535 3.2133 3.29176 
1.27098 1.37524 2.28658 2.82433 2.93186 3.06535 3.2133 3.29176 
1.27098 1.37524 2.28658 2.82433 2.93186 3.06535 3.2133 3.29176 
1.27098 1.37524 2.28658 2.82433 2.93186 3.06535 3.2133 3.29176 
1.27098 1.37524 2.28658 2.82433 2.93186 3.06535 3.2133 3.29176 
1.27098 1.37524 2.28658 2.82433 2.93186 3.06535 3.2133 3.29176 
1.27098 1.37524 2.28658 2.82433 2.93186 3.06535 3.2133 3.29176 
1.27098 1.37524 2.28658 2.82433 2.93186 3.06535 3.2133 3.29176 
1.27098 1.37524 2.28658 2.82433 2.93186 3.06535 3.2133 3.29176 
1.27098 1.37524 2.28658 2.82433 2.93186 3.06535 3.2133 3.29176 
1.27098 1.37524 2.28658 2.82433 2.93186 3.06535 3.2133 3.29176 
1.27098 1.37524 2.28658 2.82433 2.93186 3.06535 3.2133 3.29176 
1.27098 1.37524 2.28658 2.52849 2.82433 2.93186 3.06535 3.2133 
1.27098 1.37524 2.28658 2.52849 2.82433 2.93186 3.06535 3.2133 
1.27098 1.37524 2.28658 2.52849 2.82433 2.93186 3.06535 3.2133 
1.27098 1.37524 2.28658 2.52849 2.82433 2.93186 3.06535 3.2133 
1.27098 1.37524 2.28658 2.52849 2.82433 2.93186 3.06535 3.2133 
1.27098 1.37524 2.28658 2.52849 2.82433 2.93186 3.06535 3.2133 
1.27098 1.37524 2.28658 2.52849 2.82433 2.93186 3.06535 3.2133 
1.27098 1.37524 2.28658 2.52849 2.82433 2.93186 3.06535 3.2133 
1.27098 1.37524 2.28658 2.52849 2.82433 2.93186 3.06535 3.2133 
1.27098 1.37524 2.28658 2.52849 2.82433 2.93186 3.06535 3.2133 
1.27098 1.37524 2.28658 2.52849 2.82433 2.93186 3.06535 3.2133 
1.27098 1.37524 2.28658 2.52849 2.82433 2.93186 3.06535 3.2133 
1.27098 1.37524 2.28658 2.52849 2.82433 2.93186 3.06535 3.2133 
1.27098 1.37524 2.28658 2.52849 2.82433 2.93186 3.06535 3.2133 
1.27098 1.37524 2.28658 2.52849 2.82433 2.93186 3.06535 3.2133 
1.27098 1.37524 2.28658 2.52849 2.82433 2.93186 3.06535 3.2133 
1.27098 1.37524 2.28658 2.52849 2.82433 2.93186 3.06535 3.2133 
1.27098 1.37524 2.28658 2.52849 2.82433 2.93186 3.06535 3.2133 
1.27098 1.37524 2.28658 2.52849 2.82433 2.93186 3.06535 3.2133 
1.27098 1.37524 2.28658 2.52849 2.82433 2.93186 3.06535 3.2133 
1.27098 1.37524 2.28658 2.52849 2.82433 2.93186 3.06535 3.2133 
1.27098 1.37524 2.28658 2.52849 2.82433 2.93186 3.06535 3.2133 
1.27098 1.37524 2.28658 2.52849 2.82433 2.93186 3.06535 3.2133 
1.27098 1.37524 2.28658 2.52849 2.82433 2.93186 3.06535 3.2133 
1.27098 1.37524 2.28658 2.52849 2.82433 2.93186 3.06535 3.2133 
1.27098 1.37524 2.28658 2.52849 2.82433 2.93186 3.06535 3.2133 
1.27098 1.37524 2.28658 2.52849 2.82433 2.93186 3.06535 3.2133 
1.27098 1.37524 2.28658 2.52849 2.82433 2.93186 3.06535 3.2133 
1.27098 1.37524 2.28658 2.52849 2.82433 2.93186 3.06535 3.2133 
1.27098 1.37524 2.28658 2.52849 2.82433 2.93186 3.06535 3.2133 
1.27098 1.37524 2.28658 2.52849 2.82433 2.93186 3.06535 3.2133 
1.27098 1.37524 2.28658 2.52849 2.82433 2.93186 3.06535 3.2133 
1.27098 1.37524 2.28658 2.52849 2.82433 2.93186 3.06535 3.2133 
1.27098 1.37524 2.28658 2.52849 2.82433 2.93186 3.06535 3.2133 
1.27098 1.37524 2.28658 2.52849 2.82433 2.93186 3.06535 3.2133 
1.27098 1.37524 2.28658 2.52849 2.82433 2.93186 3.06535 3.2133 
1.27098 1.37524 2.28658 2.52849 2.82433 2.93186 3.06535 3.2133 
1.27098 1.37524 2.28658 2.52849 2.82433 2.93186 3.06535 3.2133 
1.27098 1.37524 2.28658 2.52849 2.82433 2.93186 3.06535 3.2133 
1.27098 1.37524 2.28658 2.52849 2.82433 2.93186 3.06535 3.2133 
1.27098 1.37524 2.28658 2.52849 2.82433 2.93186 3.06535 3.2133 
1.27098 1.37524 2.28658 2.52849 2.82433 2.93186 3.06535 3.2133 
1.27098 1.37524 2.28658 2.52849 2.82433 2.93186 3.06535 3.2133 
1.27098 1.37524 2.28658 2.52849 2.82433 2.93186 3.06535 3.2133 
1.27098 1.37524 2.28658 2.52849 2.82433 2.93186 3.06535 3.2133 
1.27098 1.37524 2.28658 2.52849 2.82433 2.93186 3.06535 3.2133 
1.27098 1.37524 2.28658 2.52849 2.82433 2.93186 3.06535 3.2133 
1.27098 1.37524 2.28658 2.52849 2.82433 2.93186 3.06535 3.2133 
1.27098 1.37524 2.28658 2.52849 2.82433 2.93186 3.06535 3.2133 
1.27098 1.37524 2.28658 2.52849 2.82433 2.93186 3.06535 3.2133 
1.27098 1.37524 2.28658 2.52849 2.82433 2.93186 3.06535 3.2133 
1.27098 1.37524 2.28658 2.52849 2.82433 2.93186 3.06535 3.2133 
1.27098 1.37524 2.28658 2.52849 2.82433 2.93186 3.06535 3.2133 
