3.48626 4.02667 4.48206 4.55954 4.59327 5.15817 5.40407 6.40455 
3.48626 4.02667 4.48206 4.55954 4.59327 5.15817 5.40407 5.94635 
3.48626 4.02667 4.36618 4.48206 4.55954 4.58296 4.59327 5.15817 
3.48626 4.02667 4.36618 4.48206 4.55954 4.58296 4.59327 4.83273 
3.48626 4.02667 4.15258 4.36618 4.48206 4.55954 4.58296 4.59327 
3.48626 4.02667 4.15258 4.36618 4.48206 4.55954 4.58296 4.59327 
3.48626 4.02667 4.15258 4.36618 4.48206 4.55954 4.58296 4.59327 
3.48626 3.62749 4.02667 4.15258 4.32258 4.36618 4.48206 4.55954 
3.48626 3.62749 4.02667 4.15258 4.32258 4.36618 4.48206 4.55954 
3.48626 3.62749 4.02667 4.15258 4.32258 4.36618 4.48206 4.55954 
3.48626 3.62749 4.02667 4.15258 4.32258 4.36618 4.48206 4.55954 
3.48626 3.62749 4.02667 4.15258 4.32258 4.36618 4.48206 4.55954 
3.48626 3.62749 4.02667 4.15258 4.32258 4.36618 4.48206 4.55954 
3.48626 3.62749 4.02667 4.15258 4.32258 4.36618 4.48206 4.55954 
3.48626 3.62749 4.02667 4.15258 4.32258 4.36618 4.48206 4.55954 
3.48626 3.62749 4.02667 4.15258 4.32258 4.36618 4.48206 4.55954 
3.48626 3.62749 4.02667 4.15258 4.32258 4.36618 4.48206 4.55954 
3.48626 3.62749 4.02667 4.15258 4.32258 4.36618 4.48206 4.55954 
3.48626 3.62749 4.02667 4.15258 4.32258 4.36618 4.48206 4.55954 
3.48626 3.62749 4.02667 4.15258 4.32258 4.36618 4.48206 4.55954 
3.48626 3.62749 4.02667 4.15258 4.32258 4.36618 4.48206 4.55954 
3.48626 3.62749 4.02667 4.15258 4.32258 4.36618 4.48206 4.55954 
3.48626 3.62749 4.02667 4.15258 4.32258 4.36618 4.48206 4.55954 
3.48626 3.62749 4.02667 4.15258 4.32258 4.36618 4.48206 4.55954 
3.48626 3.62749 4.02667 4.15258 4.32258 4.36618 4.48206 4.55954 
3.48626 3.62749 4.02667 4.15258 4.32258 4.36618 4.48206 4.55954 
3.48626 3.62749 4.02667 4.15258 4.32258 4.36618 4.48206 4.55954 
3.48626 3.62749 4.02667 4.15258 4.32258 4.36618 4.48206 4.55954 
3.48626 3.62749 4.02667 4.15258 4.32258 4.36618 4.48206 4.55954 
3.48626 3.62749 4.02667 4.15258 4.32258 4.36618 4.48206 4.55954 
3.48626 3.62749 4.02667 4.15258 4.32258 4.36618 4.48206 4.55954 
3.48626 3.62749 4.02667 4.15258 4.32258 4.36618 4.48206 4.55954 
3.48626 3.62749 4.02667 4.15258 4.32258 4.36618 4.48206 4.55954 
3.48626 3.62749 4.02667 4.15258 4.32258 4.36618 4.48206 4.55954 
3.48626 3.62749 4.02667 4.15258 4.32258 4.36618 4.48206 4.55954 
3.48626 3.62749 4.02667 4.15258 4.32258 4.36618 4.48206 4.55954 
3.48626 3.62749 4.02667 4.15258 4.32258 4.36618 4.48206 4.55954 
3.48626 3.62749 4.02667 4.15258 4.32258 4.36618 4.48206 4.55954 
3.48626 3.62749 4.02667 4.15258 4.32258 4.36618 4.48206 4.55954 
3.48626 3.62749 4.02667 4.15258 4.32258 4.36618 4.48206 4.55954 
3.48626 3.62749 4.02667 4.15258 4.32258 4.36618 4.48206 4.55954 
3.48626 3.62749 4.02667 4.15258 4.32258 4.36618 4.48206 4.55954 
3.48626 3.62749 4.02667 4.15258 4.32258 4.36618 4.48206 4.55954 
3.48626 3.62749 4.02667 4.15258 4.32258 4.36618 4.48206 4.55954 
3.48626 3.62749 4.02667 4.15258 4.32258 4.36618 4.48206 4.55954 
3.48626 3.62749 4.02667 4.15258 4.32258 4.36618 4.48206 4.55954 
3.48626 3.62749 4.02667 4.15258 4.32258 4.36618 4.48206 4.55954 
3.48626 3.62749 4.02667 4.15258 4.32258 4.36618 4.48206 4.55954 
3.48626 3.62749 4.02667 4.15258 4.32258 4.36618 4.48206 4.55954 
3.48626 3.62749 4.02667 4.15258 4.32258 4.36618 4.48206 4.55954 
3.48626 3.62749 4.02667 4.15258 4.32258 4.36618 4.48206 4.55954 
3.48626 3.62749 4.02667 4.15258 4.32258 4.36618 4.48206 4.55954 
3.48626 3.62749 4.02667 4.15258 4.32258 4.36618 4.48206 4.55954 
3.48626 3.62749 4.02667 4.15258 4.32258 4.36618 4.48206 4.55954 
3.48626 3.62749 4.02667 4.15258 4.32258 4.36618 4.48206 4.55954 
3.48626 3.62749 4.02667 4.15258 4.32258 4.36618 4.48206 4.55954 
3.48626 3.62749 4.02667 4.15258 4.32258 4.36618 4.48206 4.55954 
3.48626 3.62749 4.02667 4.15258 4.32258 4.36618 4.48206 4.55954 
3.48626 3.62749 4.02667 4.15258 4.32258 4.36618 4.48206 4.55954 
3.48626 3.62749 4.02667 4.15258 4.32258 4.36618 4.48206 4.55954 
3.48626 3.62749 4.02667 4.15258 4.32258 4.36618 4.48206 4.55954 
3.48626 3.62749 4.02667 4.15258 4.32258 4.36618 4.48206 4.55954 
3.48626 3.62749 4.02667 4.15258 4.32258 4.36618 4.48206 4.55954 
3.48626 3.62749 4.02667 4.15258 4.32258 4.36618 4.48206 4.55954 
3.48626 3.62749 4.02667 4.15258 4.32258 4.36618 4.48206 4.55954 
3.48626 3.62749 4.02667 4.15258 4.32258 4.36618 4.48206 4.55954 
3.48626 3.62749 4.02667 4.15258 4.32258 4.36618 4.48206 4.55954 
3.48626 3.62749 4.02667 4.15258 4.32258 4.36618 4.48206 4.55954 
3.48626 3.62749 4.02667 4.15258 4.32258 4.36618 4.48206 4.55954 
3.48626 3.62749 4.02667 4.15258 4.32258 4.36618 4.48206 4.55954 
3.48626 3.62749 4.02667 4.15258 4.32258 4.36618 4.48206 4.55954 
3.48626 3.62749 4.02667 4.15258 4.32258 4.36618 4.48206 4.55954 
3.48626 3.62749 4.02667 4.15258 4.32258 4.36618 4.48206 4.55954 
3.48626 3.62749 4.02667 4.15258 4.32258 4.36618 4.48206 4.55954 
3.48626 3.62749 4.02667 4.15258 4.32258 4.36618 4.48206 4.55954 
3.48626 3.62749 4.02667 4.15258 4.32258 4.36618 4.48206 4.55954 
3.48626 3.62749 4.02667 4.15258 4.32258 4.36618 4.48206 4.55954 
3.48626 3.62749 4.02667 4.15258 4.32258 4.36618 4.48206 4.55954 
3.48626 3.62749 4.02667 4.15258 4.32258 4.36618 4.48206 4.55954 
3.48626 3.62749 4.02667 4.15258 4.32258 4.36618 4.48206 4.55954 
3.48626 3.62749 4.02667 4.15258 4.32258 4.36618 4.48206 4.55954 
3.48626 3.62749 4.02667 4.15258 4.32258 4.36618 4.48206 4.55954 
3.48626 3.62749 4.02667 4.15258 4.32258 4.36618 4.48206 4.55954 
3.48626 3.62749 4.02667 4.15258 4.32258 4.36618 4.48206 4.55954 
3.48626 3.62749 4.02667 4.15258 4.32258 4.36618 4.48206 4.55954 
3.48626 3.62749 4.02667 4.15258 4.32258 4.36618 4.48206 4.55954 
3.48626 3.62749 4.02667 4.15258 4.32258 4.36618 4.48206 4.55954 
3.48626 3.62749 4.02667 4.15258 4.32258 4.36618 4.48206 4.55954 
3.48626 3.62749 4.02667 4.15258 4.32258 4.36618 4.48206 4.55954 
3.48626 3.62749 4.02667 4.15258 4.32258 4.36618 4.48206 4.55954 
3.48626 3.62749 4.02667 4.15258 4.32258 4.36618 4.48206 4.55954 
3.48626 3.62749 4.02667 4.15258 4.32258 4.36618 4.48206 4.55954 
3.48626 3.62749 4.02667 4.15258 4.32258 4.36618 4.48206 4.55954 
3.48626 3.62749 4.02667 4.15258 4.32258 4.36618 4.48206 4.55954 
3.48626 3.62749 4.02667 4.15258 4.32258 4.36618 4.48206 4.55954 
3.48626 3.62749 4.02667 4.15258 4.32258 4.36618 4.48206 4.55954 
3.48626 3.62749 4.02667 4.15258 4.32258 4.36618 4.48206 4.55954 
3.48626 3.62749 4.02667 4.15258 4.32258 4.36618 4.48206 4.55954 
3.48626 3.62749 4.02667 4.15258 4.32258 4.36618 4.48206 4.55954 
3.48626 3.62749 4.02667 4.15258 4.32258 4.36618 4.48206 4.55954 
