1.56973 1.9178 4.58009 5.19699 5.56483 6.02216 6.54013 7.00918 
1.56973 1.9178 4.53826 4.58009 5.19699 5.56483 6.02216 6.54013 
1.56973 1.9178 3.44665 4.53826 4.58009 4.90061 5.19699 5.56483 
1.56973 1.9178 3.44665 4.53826 4.58009 4.90061 5.19699 5.56483 
1.56973 1.9178 3.44665 4.53826 4.58009 4.90061 5.19699 5.30847 
1.56973 1.9178 3.44665 4.53826 4.58009 4.90061 5.19699 5.30847 
1.56973 1.9178 2.72768 3.44665 3.9421 4.53826 4.58009 4.90061 
1.56973 1.9178 2.72768 3.44665 3.9421 4.11317 4.53826 4.56818 
1.56973 1.9178 2.60224 2.72768 3.44665 3.85357 3.9421 4.11317 
1.56973 1.9178 2.60224 2.72768 3.44665 3.59746 3.85357 3.9421 
1.56973 1.9178 2.60224 2.72768 3.44665 3.59746 3.85357 3.9421 
1.56973 1.9178 2.60224 2.72768 3.44665 3.59746 3.85357 3.9421 
1.56973 1.9178 2.60224 2.72768 3.44665 3.59746 3.85357 3.9421 
1.56973 1.9178 2.60224 2.72768 3.44665 3.59746 3.85357 3.9421 
1.56973 1.9178 2.60224 2.72768 3.44665 3.59746 3.85247 3.85357 
1.56973 1.9178 2.60224 2.72768 3.22697 3.44665 3.59746 3.85247 
1.56973 1.9178 2.60224 2.72768 3.22222 3.22697 3.44665 3.59746 
1.03179 1.56973 1.9178 2.60224 2.72768 2.82192 3.22222 3.2228 
1.03179 1.56973 1.9178 2.60224 2.72768 2.82192 3.22222 3.2228 
1.03179 1.56973 1.9178 2.60224 2.72768 2.82192 3.22222 3.2228 
1.03179 1.56973 1.9178 2.60224 2.72768 2.82192 3.22222 3.2228 
1.03179 1.56973 1.9178 2.60224 2.72768 2.82192 3.22222 3.2228 
1.03179 1.56973 1.9178 2.60224 2.72768 2.82192 3.22222 3.2228 
1.03179 1.56973 1.9178 2.60224 2.72768 2.82192 3.22222 3.2228 
1.03179 1.56973 1.9178 2.60224 2.72768 2.82192 3.22222 3.2228 
1.03179 1.56973 1.9178 2.60224 2.72768 2.82192 3.22222 3.2228 
1.03179 1.56973 1.9178 2.08829 2.60224 2.72768 2.74303 2.75386 
0.190974 1.03179 1.56973 1.9178 2.08829 2.60224 2.72768 2.74303 
0.190974 1.03179 1.56973 1.9178 2.08829 2.60224 2.72768 2.74303 
0.190974 1.03179 1.13996 1.56973 1.9178 2.08829 2.60224 2.72768 
0.190974 0.813293 1.03179 1.13996 1.56973 1.9178 2.08829 2.60224 
0.190974 0.813293 1.03179 1.13996 1.56973 1.9178 2.08829 2.60224 
0.190974 0.813293 1.03179 1.13996 1.56973 1.69477 1.9178 2.08829 
0.190974 0.813293 1.03179 1.13996 1.56973 1.69477 1.84793 1.9178 
0.190974 0.813293 1.03179 1.13996 1.56973 1.69477 1.84793 1.9178 
0.190974 0.813293 1.03179 1.13996 1.56973 1.69477 1.84793 1.9178 
0.190974 0.813293 1.03179 1.13996 1.14211 1.56973 1.69477 1.84793 
0.190974 0.813293 1.03179 1.13996 1.14211 1.56973 1.69477 1.84793 
0.190974 0.813293 1.03179 1.13996 1.14211 1.56973 1.69477 1.8054 
0.190974 0.813293 1.03179 1.13996 1.14211 1.45566 1.45972 1.56973 
0.190974 0.587912 0.813293 1.03179 1.13996 1.14211 1.45566 1.45972 
0.190974 0.587912 0.813293 1.03179 1.13996 1.14211 1.45566 1.45972 
0.190974 0.587912 0.813293 1.03179 1.13996 1.14211 1.45566 1.45972 
0.190974 0.587912 0.813293 0.899567 1.03179 1.13996 1.14211 1.45566 
0.190974 0.587912 0.813293 0.899567 1.03179 1.13996 1.14211 1.45566 
0.190974 0.587912 0.813293 0.899567 1.03179 1.13996 1.14211 1.42785 
0.190974 0.587912 0.80489 0.809872 0.813293 0.899567 1.03179 1.13996 
0.190974 0.57305 0.587912 0.80489 0.809872 0.813293 0.827022 0.899567 
0.190974 0.57305 0.587912 0.80489 0.809872 0.813293 0.827022 0.899567 
0.190974 0.57305 0.587912 0.80489 0.809872 0.813293 0.827022 0.899567 
0.190974 0.57305 0.587912 0.80489 0.809872 0.813293 0.827022 0.893724 
0.190974 0.57305 0.587912 0.80489 0.809872 0.813293 0.827022 0.893724 
0.190974 0.306968 0.57305 0.587912 0.80489 0.809872 0.813293 0.827022 
0.190974 0.306968 0.57305 0.587912 0.80489 0.809872 0.813293 0.827022 
0.190974 0.306968 0.57305 0.587912 0.80489 0.809872 0.813293 0.827022 
0.190974 0.306968 0.57305 0.587912 0.80489 0.809872 0.813293 0.827022 
0.190974 0.306968 0.57305 0.587912 0.80489 0.809872 0.813293 0.827022 
0.190974 0.306968 0.57305 0.587912 0.623276 0.80489 0.809872 0.813293 
0.190974 0.306968 0.57305 0.587912 0.623276 0.80489 0.809872 0.813293 
0.190974 0.306968 0.57305 0.587912 0.623276 0.80489 0.809872 0.813293 
0.190974 0.306968 0.57305 0.587912 0.623276 0.80489 0.809872 0.813293 
0.190974 0.306968 0.57305 0.587912 0.623276 0.80489 0.809872 0.813293 
0.190974 0.306968 0.57305 0.587912 0.623276 0.80489 0.809872 0.813293 
0.190974 0.306968 0.57305 0.587912 0.623276 0.80489 0.809872 0.813293 
0.190974 0.306968 0.57305 0.587912 0.623276 0.80489 0.809872 0.813293 
0.190974 0.306968 0.57305 0.587912 0.623276 0.80489 0.809872 0.813293 
0.190974 0.306968 0.57305 0.587912 0.623276 0.80489 0.809872 0.813293 
0.190974 0.306968 0.57305 0.587912 0.623276 0.80489 0.809872 0.813293 
0.190974 0.306968 0.57305 0.587912 0.623276 0.80489 0.809872 0.813293 
0.190974 0.306968 0.57305 0.587912 0.623276 0.80489 0.809872 0.813293 
0.190974 0.306968 0.57305 0.587912 0.623276 0.80489 0.809872 0.813293 
0.190974 0.306968 0.57305 0.587912 0.623276 0.80489 0.809872 0.813293 
0.190974 0.306968 0.57305 0.587912 0.623276 0.80489 0.809872 0.813293 
0.190974 0.306968 0.57305 0.587912 0.623276 0.80489 0.809872 0.813293 
0.190974 0.306968 0.57305 0.587912 0.623276 0.80489 0.809872 0.813293 
0.190974 0.306968 0.57305 0.587912 0.623276 0.80489 0.809872 0.813293 
0.190974 0.306968 0.57305 0.587912 0.623276 0.80489 0.809872 0.813293 
0.190974 0.306968 0.57305 0.587912 0.623276 0.80489 0.809872 0.813293 
0.190974 0.306968 0.57305 0.587912 0.623276 0.80489 0.809872 0.813293 
0.190974 0.306968 0.57305 0.587912 0.623276 0.80489 0.809872 0.813293 
0.190974 0.306968 0.57305 0.587912 0.623276 0.80489 0.809872 0.813293 
0.190974 0.306968 0.57305 0.587912 0.623276 0.80489 0.809872 0.813293 
0.190974 0.306968 0.57305 0.587912 0.623276 0.80489 0.809872 0.813293 
0.190974 0.306968 0.57305 0.587912 0.623276 0.80489 0.809872 0.813293 
0.190974 0.306968 0.57305 0.587912 0.623276 0.80489 0.809872 0.813293 
0.190974 0.306968 0.57305 0.587912 0.623276 0.80489 0.809872 0.813293 
0.190974 0.306968 0.57305 0.587912 0.623276 0.80489 0.809872 0.813293 
0.190974 0.306968 0.57305 0.587912 0.623276 0.80489 0.809872 0.813293 
0.190974 0.306968 0.57305 0.587912 0.623276 0.80489 0.809872 0.813293 
0.190974 0.306968 0.57305 0.587912 0.623276 0.80489 0.809872 0.813293 
0.190974 0.306968 0.57305 0.587912 0.623276 0.80489 0.809872 0.813293 
0.190974 0.306968 0.57305 0.587912 0.623276 0.80489 0.809872 0.813293 
0.190974 0.306968 0.57305 0.587912 0.623276 0.80489 0.809872 0.813293 
0.190974 0.306968 0.57305 0.587912 0.623276 0.80489 0.809872 0.813293 
0.190974 0.306968 0.57305 0.587912 0.623276 0.80489 0.809872 0.813293 
0.190974 0.306968 0.57305 0.587912 0.623276 0.80489 0.809872 0.813293 
0.190974 0.306968 0.57305 0.587912 0.623276 0.80489 0.809872 0.813293 
0.190974 0.306968 0.57305 0.587912 0.623276 0.80489 0.809872 0.813293 
0.190974 0.306968 0.57305 0.587912 0.623276 0.80489 0.809872 0.813293 
0.190974 0.306968 0.57305 0.587912 0.623276 0.80489 0.809872 0.813293 
