3.84845 4.15551 5.94781 6.42123 6.59468 6.78431 7.04347 7.17304 
3.84845 4.15551 4.22866 5.94781 6.42123 6.59468 6.78431 7.04347 
3.39559 3.84845 4.15551 4.22866 4.33167 5.94781 6.42123 6.59468 
3.39559 3.84845 4.15551 4.22866 4.33167 5.52032 5.94781 6.42123 
3.39559 3.84845 4.15551 4.22866 4.26043 4.33167 4.59229 5.52032 
3.39559 3.84845 4.15551 4.22866 4.26043 4.33167 4.44663 4.59229 
3.39559 3.84845 4.15551 4.22866 4.26043 4.33167 4.44663 4.59229 
3.13844 3.39559 3.84845 4.15551 4.22866 4.26043 4.33167 4.44663 
3.13844 3.39559 3.84845 4.15551 4.22866 4.26043 4.33167 4.44663 
1.81653 3.13844 3.39559 3.74366 3.84845 3.88563 3.95413 4.15551 
1.81653 3.13844 3.39559 3.74366 3.84845 3.88563 3.95413 4.15551 
1.81653 2.6251 3.13844 3.39559 3.55545 3.74366 3.81772 3.84845 
1.81653 2.6251 3.13844 3.25447 3.39559 3.55545 3.74366 3.81772 
1.81653 2.6251 2.84772 3.13844 3.23409 3.25447 3.39559 3.51363 
1.81653 2.6251 2.84772 3.13844 3.23409 3.25447 3.27045 3.39559 
1.81653 2.6251 2.84772 3.13844 3.23409 3.25447 3.27045 3.39559 
1.81653 2.6251 2.84772 3.13844 3.23409 3.25447 3.27045 3.39559 
1.81653 1.93697 2.6251 2.84772 3.13844 3.23409 3.25447 3.27045 
0.508192 1.81653 1.93697 2.6251 2.84772 3.13844 3.23409 3.25447 
0.508192 1.81653 1.93697 2.6251 2.84772 3.07309 3.13844 3.23409 
0.508192 1.81653 1.93697 2.6251 2.84772 2.93185 3.07309 3.13844 
0.508192 1.81653 1.93697 2.6251 2.84772 2.93185 2.93985 3.07309 
0.508192 1.81653 1.93697 2.6251 2.77733 2.84772 2.90228 2.93185 
0.508192 1.81653 1.93697 2.6251 2.76622 2.77733 2.84772 2.90228 
0.508192 1.81653 1.93697 2.6251 2.70092 2.76622 2.77733 2.84772 
0.508192 1.81653 1.93697 2.6251 2.65767 2.70092 2.76622 2.77733 
0.508192 1.66726 1.73632 1.81653 1.93697 2.6251 2.64661 2.65767 
0.508192 1.66726 1.73632 1.81653 1.93697 2.6251 2.64661 2.65767 
0.508192 1.66726 1.73632 1.81653 1.93697 2.6251 2.64661 2.65767 
0.508192 1.66726 1.73632 1.81653 1.93697 2.6251 2.64661 2.65767 
0.508192 1.05092 1.66726 1.73632 1.81653 1.93697 2.6251 2.64661 
0.508192 1.05092 1.66726 1.73632 1.81653 1.93697 2.62158 2.6251 
0.508192 1.05092 1.66726 1.73632 1.81653 1.93697 2.31829 2.62158 
0.508192 1.05092 1.66726 1.73632 1.81653 1.93697 2.31829 2.62158 
0.508192 1.05092 1.66726 1.73632 1.81653 1.93697 2.31829 2.62158 
0.508192 1.05092 1.66726 1.73632 1.81653 1.8428 1.93697 2.31829 
0.508192 0.577506 1.05092 1.55276 1.66726 1.73632 1.81653 1.8428 
0.508192 0.577506 1.05092 1.55276 1.66726 1.73632 1.81653 1.8428 
0.508192 0.577506 1.05092 1.55276 1.66726 1.73632 1.81653 1.8428 
0.508192 0.577506 0.681989 1.05092 1.55276 1.66726 1.73632 1.81653 
0.508192 0.577506 0.681989 0.794471 1.05092 1.55276 1.66726 1.73632 
0.508192 0.577506 0.681989 0.794471 1.05092 1.51315 1.55276 1.66726 
0.508192 0.577506 0.681989 0.794471 1.05092 1.51315 1.55276 1.66726 
0.508192 0.577506 0.681989 0.794471 1.05092 1.51315 1.55276 1.66726 
0.508192 0.577506 0.681989 0.794471 1.05092 1.51315 1.55276 1.66726 
0.508192 0.577506 0.681989 0.794471 1.05092 1.51315 1.55276 1.61865 
0.508192 0.577506 0.681989 0.794471 1.05092 1.51315 1.55276 1.61865 
0.508192 0.577506 0.681989 0.794471 1.05092 1.51315 1.55276 1.61865 
0.508192 0.577506 0.681989 0.794471 1.05092 1.51315 1.51783 1.55276 
0.508192 0.577506 0.681989 0.794471 1.05092 1.51315 1.51783 1.55276 
0.508192 0.577506 0.681989 0.794471 1.05092 1.51315 1.51783 1.55276 
0.508192 0.527424 0.577506 0.681989 0.794471 1.05092 1.51315 1.51783 
0.508192 0.527424 0.577506 0.681989 0.794471 1.05092 1.51315 1.51783 
0.508192 0.527424 0.577506 0.681989 0.794471 1.05092 1.51315 1.51783 
0.508192 0.527424 0.577506 0.681989 0.794471 1.05092 1.51315 1.51783 
0.508192 0.527424 0.577506 0.681989 0.794471 1.05092 1.51315 1.51783 
0.508192 0.527424 0.577506 0.681989 0.794471 1.05092 1.51315 1.51783 
0.508192 0.527424 0.577506 0.681989 0.794471 1.05092 1.51315 1.51783 
0.508192 0.527424 0.577506 0.681989 0.794471 1.05092 1.51315 1.51783 
0.508192 0.527424 0.577506 0.681989 0.794471 1.05092 1.51315 1.51783 
0.508192 0.527424 0.577506 0.681989 0.794471 1.05092 1.51315 1.51783 
0.508192 0.527424 0.577506 0.681989 0.794471 1.05092 1.51315 1.51783 
0.508192 0.527424 0.577506 0.681989 0.794471 1.05092 1.51315 1.51783 
0.508192 0.527424 0.577506 0.681989 0.794471 1.05092 1.51315 1.51783 
0.508192 0.527424 0.577506 0.681989 0.794471 1.05092 1.51315 1.51783 
0.508192 0.527424 0.577506 0.681989 0.794471 1.05092 1.51315 1.51783 
0.508192 0.527424 0.577506 0.681989 0.794471 1.05092 1.51315 1.51783 
0.508192 0.527424 0.577506 0.681989 0.794471 1.05092 1.51315 1.51783 
0.508192 0.527424 0.577506 0.681989 0.794471 1.05092 1.51315 1.51783 
0.508192 0.527424 0.577506 0.681989 0.794471 1.05092 1.51315 1.51783 
0.508192 0.527424 0.577506 0.681989 0.794471 1.05092 1.51315 1.51783 
0.508192 0.527424 0.577506 0.681989 0.794471 1.05092 1.51315 1.51783 
0.508192 0.527424 0.577506 0.681989 0.794471 1.05092 1.51315 1.51783 
0.508192 0.527424 0.577506 0.681989 0.794471 1.05092 1.51315 1.51783 
0.508192 0.527424 0.577506 0.681989 0.794471 1.05092 1.51315 1.51783 
0.508192 0.527424 0.577506 0.681989 0.794471 1.05092 1.51315 1.51783 
0.508192 0.527424 0.577506 0.681989 0.794471 1.05092 1.51315 1.51783 
0.508192 0.527424 0.577506 0.681989 0.794471 1.05092 1.51315 1.51783 
0.508192 0.527424 0.577506 0.681989 0.794471 1.05092 1.51315 1.51783 
0.508192 0.527424 0.577506 0.681989 0.794471 1.05092 1.51315 1.51783 
0.508192 0.527424 0.577506 0.681989 0.794471 1.05092 1.51315 1.51783 
0.508192 0.527424 0.577506 0.681989 0.794471 1.05092 1.51315 1.51783 
0.508192 0.527424 0.577506 0.681989 0.794471 1.05092 1.51315 1.51783 
0.508192 0.527424 0.577506 0.681989 0.794471 1.05092 1.51315 1.51783 
0.508192 0.527424 0.577506 0.681989 0.794471 1.05092 1.51315 1.51783 
0.508192 0.527424 0.577506 0.681989 0.794471 1.05092 1.51315 1.51783 
0.508192 0.527424 0.577506 0.681989 0.794471 1.05092 1.51315 1.51783 
0.508192 0.527424 0.577506 0.681989 0.794471 1.05092 1.51315 1.51783 
0.508192 0.527424 0.577506 0.681989 0.794471 1.05092 1.51315 1.51783 
0.508192 0.527424 0.577506 0.681989 0.794471 1.05092 1.51315 1.51783 
0.508192 0.527424 0.577506 0.681989 0.794471 1.05092 1.51315 1.51783 
0.508192 0.527424 0.577506 0.681989 0.794471 1.05092 1.51315 1.51783 
0.508192 0.527424 0.577506 0.681989 0.794471 1.05092 1.51315 1.51783 
0.508192 0.527424 0.577506 0.681989 0.794471 1.05092 1.51315 1.51783 
0.508192 0.527424 0.577506 0.681989 0.794471 1.05092 1.51315 1.51783 
0.508192 0.527424 0.577506 0.681989 0.794471 1.05092 1.51315 1.51783 
0.508192 0.527424 0.577506 0.681989 0.794471 1.05092 1.51315 1.51783 
0.508192 0.527424 0.577506 0.681989 0.794471 1.05092 1.51315 1.51783 
0.508192 0.527424 0.577506 0.681989 0.794471 1.05092 1.51315 1.51783 
0.508192 0.527424 0.577506 0.681989 0.794471 1.05092 1.51315 1.51783 
