4.10591 4.1233 4.74191 4.96241 5.31356 5.52173 6.11398 6.30813 
4.07533 4.10591 4.1233 4.34407 4.49627 4.74191 4.96241 5.31356 
4.07533 4.10591 4.1233 4.34407 4.49627 4.74191 4.96241 5.31356 
4.07533 4.10591 4.1233 4.34407 4.49627 4.74191 4.96241 5.31356 
4.07533 4.10591 4.1233 4.34407 4.49627 4.74191 4.96241 4.97323 
4.07533 4.10591 4.1233 4.34407 4.49627 4.74191 4.96241 4.97323 
4.07533 4.10591 4.1233 4.34407 4.49627 4.74191 4.96241 4.97323 
4.07533 4.10591 4.1233 4.34407 4.49627 4.74191 4.96241 4.97323 
3.76457 4.07533 4.10591 4.1233 4.34407 4.49627 4.74191 4.96241 
3.76457 4.07533 4.10591 4.1233 4.34407 4.49627 4.65819 4.74191 
3.76457 4.07533 4.10591 4.1233 4.34407 4.49627 4.5375 4.65819 
3.76457 4.07533 4.10591 4.1233 4.34407 4.40199 4.49627 4.5375 
3.76457 4.07533 4.10591 4.1233 4.34407 4.40199 4.49627 4.5375 
3.76457 4.07533 4.10591 4.1233 4.34407 4.40199 4.49627 4.5375 
3.76457 4.07533 4.10591 4.1233 4.34407 4.40199 4.49627 4.5375 
3.76457 4.07533 4.10591 4.1233 4.34407 4.40199 4.49627 4.5375 
3.76457 4.07533 4.10591 4.1233 4.34407 4.40199 4.49627 4.5375 
3.76457 4.07533 4.10591 4.1233 4.34407 4.40199 4.49627 4.5375 
3.76457 4.07533 4.10591 4.1233 4.34407 4.40199 4.49627 4.5375 
3.76457 4.07533 4.10591 4.1233 4.34407 4.40199 4.49627 4.5375 
3.76457 4.07533 4.10591 4.1233 4.34407 4.40199 4.49627 4.5375 
3.76457 4.07533 4.10591 4.1233 4.34407 4.40199 4.49627 4.5375 
3.76457 4.07533 4.10591 4.1233 4.34407 4.40199 4.49627 4.5375 
3.76457 4.07533 4.10591 4.1233 4.34407 4.40199 4.49627 4.5375 
3.76457 4.07533 4.10591 4.1233 4.34407 4.40199 4.49627 4.5375 
3.76457 4.07533 4.10591 4.1233 4.34407 4.40199 4.49627 4.5375 
3.76457 4.07533 4.10591 4.1233 4.34407 4.40199 4.49627 4.5375 
3.76457 4.07533 4.10591 4.1233 4.34407 4.40199 4.49627 4.5375 
3.76457 4.07533 4.10591 4.1233 4.34407 4.40199 4.49627 4.5375 
3.76457 4.07533 4.10591 4.1233 4.34407 4.40199 4.49627 4.5375 
3.76457 4.07533 4.10591 4.1233 4.34407 4.40199 4.49627 4.5375 
3.76457 4.07533 4.10591 4.1233 4.34407 4.40199 4.49627 4.5375 
3.76457 4.07533 4.10591 4.1233 4.34407 4.40199 4.49627 4.5375 
3.76457 4.07533 4.10591 4.1233 4.34407 4.40199 4.49627 4.5375 
3.76457 4.07533 4.10591 4.1233 4.34407 4.40199 4.49627 4.5375 
3.76457 4.07533 4.10591 4.1233 4.34407 4.40199 4.49627 4.5375 
3.76457 4.07533 4.10591 4.1233 4.34407 4.40199 4.49627 4.5375 
3.76457 4.07533 4.10591 4.1233 4.34407 4.40199 4.49627 4.5375 
3.76457 4.07533 4.10591 4.1233 4.34407 4.40199 4.49627 4.5375 
3.76457 4.07533 4.10591 4.1233 4.34407 4.40199 4.49627 4.5375 
3.76457 4.07533 4.10591 4.1233 4.34407 4.40199 4.49627 4.5375 
3.76457 4.07533 4.10591 4.1233 4.34407 4.40199 4.49627 4.5375 
3.76457 4.07533 4.10591 4.1233 4.34407 4.40199 4.49627 4.5375 
3.76457 4.07533 4.10591 4.1233 4.34407 4.40199 4.49627 4.5375 
3.76457 4.07533 4.10591 4.1233 4.34407 4.40199 4.49627 4.5375 
3.76457 4.07533 4.10591 4.1233 4.34407 4.40199 4.49627 4.5375 
3.76457 4.07533 4.10591 4.1233 4.34407 4.40199 4.49627 4.5375 
3.76457 4.07533 4.10591 4.1233 4.34407 4.40199 4.49627 4.5375 
3.76457 4.07533 4.10591 4.1233 4.34407 4.40199 4.49627 4.5375 
3.76457 4.07533 4.10591 4.1233 4.34407 4.40199 4.49627 4.5375 
3.76457 4.07533 4.10591 4.1233 4.34407 4.40199 4.49627 4.5375 
3.76457 4.07533 4.10591 4.1233 4.34407 4.40199 4.49627 4.5375 
3.76457 4.07533 4.10591 4.1233 4.34407 4.40199 4.49627 4.5375 
3.76457 4.07533 4.10591 4.1233 4.34407 4.40199 4.49627 4.5375 
3.76457 4.07533 4.10591 4.1233 4.34407 4.40199 4.49627 4.5375 
3.76457 4.07533 4.10591 4.1233 4.34407 4.40199 4.49627 4.5375 
3.76457 4.07533 4.10591 4.1233 4.34407 4.40199 4.49627 4.5375 
3.76457 4.07533 4.10591 4.1233 4.34407 4.40199 4.49627 4.5375 
3.76457 4.07533 4.10591 4.1233 4.34407 4.40199 4.49627 4.5375 
3.76457 4.07533 4.10591 4.1233 4.34407 4.40199 4.49627 4.5375 
3.76457 4.07533 4.10591 4.1233 4.34407 4.40199 4.49627 4.5375 
3.76457 4.07533 4.10591 4.1233 4.34407 4.40199 4.49627 4.5375 
3.76457 4.07533 4.10591 4.1233 4.34407 4.40199 4.49627 4.5375 
3.76457 4.07533 4.10591 4.1233 4.34407 4.40199 4.49627 4.5375 
3.76457 4.07533 4.10591 4.1233 4.34407 4.40199 4.49627 4.5375 
3.76457 4.07533 4.10591 4.1233 4.34407 4.40199 4.49627 4.5375 
3.76457 4.07533 4.10591 4.1233 4.34407 4.40199 4.49627 4.5375 
3.76457 4.07533 4.10591 4.1233 4.34407 4.40199 4.49627 4.5375 
3.76457 4.07533 4.10591 4.1233 4.34407 4.40199 4.49627 4.5375 
3.76457 4.07533 4.10591 4.1233 4.34407 4.40199 4.49627 4.5375 
3.76457 4.07533 4.10591 4.1233 4.34407 4.40199 4.49627 4.5375 
3.76457 4.07533 4.10591 4.1233 4.34407 4.40199 4.49627 4.5375 
3.76457 4.07533 4.10591 4.1233 4.34407 4.40199 4.49627 4.5375 
3.76457 4.07533 4.10591 4.1233 4.34407 4.40199 4.49627 4.5375 
3.76457 4.07533 4.10591 4.1233 4.34407 4.40199 4.49627 4.5375 
3.76457 4.07533 4.10591 4.1233 4.34407 4.40199 4.49627 4.5375 
3.76457 4.07533 4.10591 4.1233 4.34407 4.40199 4.49627 4.5375 
3.76457 4.07533 4.10591 4.1233 4.34407 4.40199 4.49627 4.5375 
3.76457 4.07533 4.10591 4.1233 4.34407 4.40199 4.49627 4.5375 
3.76457 4.07533 4.10591 4.1233 4.34407 4.40199 4.49627 4.5375 
3.76457 4.07533 4.10591 4.1233 4.34407 4.40199 4.49627 4.5375 
3.76457 4.07533 4.10591 4.1233 4.34407 4.40199 4.49627 4.5375 
3.76457 4.07533 4.10591 4.1233 4.34407 4.40199 4.49627 4.5375 
3.76457 4.07533 4.10591 4.1233 4.34407 4.40199 4.49627 4.5375 
3.76457 4.07533 4.10591 4.1233 4.34407 4.40199 4.49627 4.5375 
3.76457 4.07533 4.10591 4.1233 4.34407 4.40199 4.49627 4.5375 
3.76457 4.07533 4.10591 4.1233 4.34407 4.40199 4.49627 4.5375 
3.76457 4.07533 4.10591 4.1233 4.34407 4.40199 4.49627 4.5375 
3.76457 4.07533 4.10591 4.1233 4.34407 4.40199 4.49627 4.5375 
3.76457 4.07533 4.10591 4.1233 4.34407 4.40199 4.49627 4.5375 
3.76457 4.07533 4.10591 4.1233 4.34407 4.40199 4.49627 4.5375 
3.76457 4.07533 4.10591 4.1233 4.34407 4.40199 4.49627 4.5375 
3.76457 4.07533 4.10591 4.1233 4.34407 4.40199 4.49627 4.5375 
3.76457 4.07533 4.10591 4.1233 4.34407 4.40199 4.49627 4.5375 
3.76457 4.07533 4.10591 4.1233 4.34407 4.40199 4.49627 4.5375 
3.76457 4.07533 4.10591 4.1233 4.34407 4.40199 4.49627 4.5375 
3.76457 4.07533 4.10591 4.1233 4.34407 4.40199 4.49627 4.5375 
3.76457 4.07533 4.10591 4.1233 4.34407 4.40199 4.49627 4.5375 
3.76457 4.07533 4.10591 4.1233 4.34407 4.40199 4.49627 4.5375 
3.76457 4.07533 4.10591 4.1233 4.34407 4.40199 4.49627 4.5375 
