1.71671 3.88905 3.90576 4.03209 5.15738 5.636 6.10145 6.15148 
1.71671 3.88905 3.90576 4.03209 4.3455 5.15738 5.636 6.10145 
1.71671 3.88905 3.90576 4.03209 4.3455 5.15738 5.23301 5.5898 
1.71671 2.96298 3.82785 3.88905 3.90576 3.96789 4.03209 4.3455 
1.71671 2.96298 3.13557 3.14121 3.79312 3.82785 3.88905 3.90576 
1.71671 2.89375 2.96298 3.13557 3.14121 3.79312 3.82785 3.88905 
1.71671 2.89375 2.96298 2.97414 3.13557 3.14121 3.79312 3.82785 
1.71671 2.89375 2.96298 2.97414 3.13557 3.14121 3.79312 3.82785 
1.71671 2.45986 2.89375 2.96298 2.97414 3.13557 3.14121 3.79312 
1.71671 2.45986 2.89375 2.96298 2.97414 3.13557 3.14121 3.79312 
1.71671 2.45986 2.89375 2.96298 2.97414 3.13557 3.14066 3.14121 
1.71671 1.94563 2.45986 2.89375 2.96298 2.97414 3.08651 3.13557 
1.71671 1.94563 2.45986 2.89375 2.96298 2.97414 3.08651 3.13557 
1.71671 1.94563 2.45986 2.89375 2.96298 2.97414 3.08651 3.13557 
1.71671 1.94563 2.45986 2.89375 2.96298 2.97414 3.08651 3.13557 
1.71671 1.94563 2.45986 2.89375 2.96298 2.97414 2.98173 3.08651 
1.71671 1.94563 2.45986 2.89375 2.96298 2.97414 2.98173 3.08651 
1.71671 1.94563 2.45986 2.89375 2.96298 2.97414 2.98173 3.08651 
1.71671 1.94563 2.45986 2.89375 2.96298 2.97414 2.98173 3.08651 
1.71671 1.94563 2.45986 2.89375 2.96298 2.97414 2.98173 3.08651 
1.71671 1.94563 2.45986 2.89375 2.96298 2.97414 2.98173 3.08651 
1.71671 1.94563 2.45986 2.89375 2.96298 2.97414 2.98173 3.08651 
0.356058 1.71671 1.94563 2.45986 2.89375 2.96298 2.97414 2.98173 
0.356058 1.71671 1.94563 2.45986 2.89375 2.96298 2.97414 2.98173 
0.356058 1.71671 1.94563 2.45986 2.89375 2.95116 2.96298 2.97414 
0.356058 1.71671 1.94563 2.45986 2.89375 2.95116 2.96298 2.97414 
0.356058 1.71671 1.94563 2.45986 2.89375 2.95116 2.96298 2.97414 
0.356058 1.71671 1.94563 2.45986 2.72616 2.89375 2.95116 2.96298 
0.356058 1.71671 1.94563 2.45986 2.59504 2.72616 2.89375 2.95116 
0.356058 1.71671 1.94563 2.45986 2.59504 2.72616 2.74916 2.89375 
0.356058 1.71671 1.94563 2.45986 2.59504 2.72616 2.74916 2.89375 
0.356058 1.71671 1.94563 2.45986 2.59504 2.72616 2.74916 2.89375 
0.356058 1.71671 1.94563 2.45986 2.59504 2.72616 2.74916 2.89375 
0.356058 1.71671 1.94563 2.45986 2.59504 2.72616 2.74916 2.89375 
0.356058 0.384956 1.71671 1.82808 1.94563 2.45986 2.59504 2.72616 
0.356058 0.384956 1.71671 1.82808 1.94563 2.45986 2.59504 2.72616 
0.356058 0.384956 1.71671 1.82808 1.94563 2.45986 2.59504 2.72616 
0.356058 0.384956 1.71671 1.82808 1.94563 2.45986 2.59504 2.72616 
0.356058 0.384956 1.71671 1.82808 1.94563 2.45986 2.59504 2.72616 
0.356058 0.384956 1.71671 1.82808 1.94563 2.45986 2.59504 2.72616 
0.356058 0.384956 1.71671 1.82808 1.94563 2.45986 2.59504 2.72616 
0.356058 0.384956 1.71671 1.82808 1.94563 2.45986 2.59504 2.72616 
0.356058 0.384956 1.71671 1.82808 1.94563 2.45986 2.59504 2.72616 
0.356058 0.384956 0.728806 1.71671 1.82808 1.94563 2.45986 2.55814 
0.356058 0.384956 0.728806 1.71671 1.82808 1.94563 2.45986 2.55814 
0.143393 0.356058 0.384956 0.728806 1.71671 1.82808 1.94563 2.45986 
0.143393 0.356058 0.384956 0.728806 1.71671 1.82808 1.94563 2.45986 
0.143393 0.356058 0.384956 0.728806 1.71671 1.82808 1.94563 2.45986 
0.143393 0.356058 0.384956 0.728806 1.71671 1.82808 1.94563 2.45986 
0.143393 0.356058 0.384956 0.728806 1.71671 1.82808 1.94563 2.45986 
0.143393 0.356058 0.384956 0.728806 1.71671 1.82808 1.94563 2.45986 
0.143393 0.356058 0.384956 0.728806 1.71671 1.82808 1.94563 2.36242 
0.143393 0.356058 0.384956 0.728806 1.71671 1.82808 1.94563 2.36242 
0.143393 0.356058 0.384956 0.728806 1.71671 1.82808 1.94563 2.36242 
0.143393 0.356058 0.384956 0.728806 1.71671 1.82808 1.94563 2.36242 
0.143393 0.356058 0.384956 0.728806 1.71671 1.82808 1.94563 2.36242 
0.143393 0.356058 0.384956 0.728806 1.71671 1.82808 1.94563 2.36242 
0.143393 0.356058 0.384956 0.728806 1.71671 1.82808 1.94563 2.36242 
0.143393 0.356058 0.384956 0.728806 1.71671 1.82808 1.94563 2.36242 
0.143393 0.356058 0.384956 0.728806 1.71671 1.82808 1.94563 2.36242 
0.143393 0.356058 0.384956 0.728806 1.71671 1.82808 1.94563 2.36242 
0.143393 0.356058 0.384956 0.728806 1.71671 1.82808 1.94563 2.36242 
0.143393 0.356058 0.384956 0.728806 1.71671 1.82808 1.94563 2.36242 
0.143393 0.356058 0.384956 0.728806 1.71671 1.82808 1.94563 2.36242 
0.143393 0.356058 0.384956 0.728806 1.71671 1.82808 1.94563 2.36242 
0.143393 0.356058 0.384956 0.728806 1.71671 1.82808 1.94563 2.36242 
0.143393 0.356058 0.384956 0.728806 1.71671 1.82808 1.94563 2.36242 
0.143393 0.356058 0.384956 0.728806 1.71671 1.82808 1.94563 2.36242 
0.143393 0.356058 0.384956 0.728806 1.71671 1.82808 1.94563 2.36242 
0.143393 0.356058 0.384956 0.728806 1.71671 1.82808 1.94563 2.36242 
0.143393 0.356058 0.384956 0.728806 1.71671 1.82808 1.94563 2.36242 
0.143393 0.356058 0.384956 0.728806 1.71671 1.82808 1.94563 2.36242 
0.143393 0.356058 0.384956 0.728806 1.71671 1.82808 1.94563 2.36242 
0.143393 0.356058 0.384956 0.728806 1.71671 1.82808 1.94563 2.36242 
0.143393 0.356058 0.384956 0.728806 1.71671 1.82808 1.94563 2.36242 
0.143393 0.356058 0.384956 0.728806 1.71671 1.82808 1.94563 2.36242 
0.143393 0.356058 0.384956 0.728806 1.71671 1.82808 1.94563 2.36242 
0.143393 0.356058 0.384956 0.728806 1.71671 1.82808 1.94563 2.36242 
0.143393 0.356058 0.384956 0.728806 1.71671 1.82808 1.94563 2.36242 
0.143393 0.356058 0.384956 0.728806 1.71671 1.82808 1.94563 2.36242 
0.143393 0.356058 0.384956 0.728806 1.71671 1.82808 1.94563 2.36242 
0.143393 0.356058 0.384956 0.728806 1.71671 1.82808 1.94563 2.36242 
0.143393 0.356058 0.384956 0.728806 1.71671 1.82808 1.94563 2.36242 
0.143393 0.356058 0.384956 0.728806 1.71671 1.82808 1.94563 2.36242 
0.143393 0.356058 0.384956 0.728806 1.71671 1.82808 1.94563 2.36242 
0.143393 0.356058 0.384956 0.728806 1.71671 1.82808 1.94563 2.36242 
0.143393 0.356058 0.384956 0.728806 1.71671 1.82808 1.94563 2.36242 
0.143393 0.356058 0.384956 0.728806 1.71671 1.82808 1.94563 2.36242 
0.143393 0.356058 0.384956 0.728806 1.71671 1.82808 1.94563 2.36242 
0.143393 0.356058 0.384956 0.728806 1.71671 1.82808 1.94563 2.36242 
0.143393 0.356058 0.384956 0.728806 1.71671 1.82808 1.94563 2.36242 
0.143393 0.356058 0.384956 0.728806 1.71671 1.82808 1.94563 2.36242 
0.143393 0.356058 0.384956 0.728806 1.71671 1.82808 1.94563 2.36242 
0.143393 0.356058 0.384956 0.728806 1.71671 1.82808 1.94563 2.36242 
0.143393 0.356058 0.384956 0.728806 1.71671 1.82808 1.94563 2.36242 
0.143393 0.356058 0.384956 0.728806 1.71671 1.82808 1.94563 2.36242 
0.143393 0.356058 0.384956 0.728806 1.71671 1.82808 1.94563 2.36242 
0.143393 0.356058 0.384956 0.728806 1.71671 1.82808 1.94563 2.36242 
0.143393 0.356058 0.384956 0.728806 1.71671 1.82808 1.94563 2.36242 
0.143393 0.356058 0.384956 0.728806 1.71671 1.82808 1.94563 2.36242 
