3.77742 4.37222 4.9557 5.15277 5.63843 6.20305 6.3585 6.4992 
3.08155 3.77742 4.37222 4.9557 5.15277 5.63843 6.14287 6.20305 
3.08155 3.77742 4.37222 4.9557 5.15277 5.63843 6.14287 6.20305 
3.08155 3.77742 4.37222 4.9557 5.15277 5.63843 6.14287 6.20305 
3.08155 3.77742 4.37222 4.9557 5.15277 5.63843 6.14287 6.20305 
3.08155 3.77742 4.30955 4.37222 4.9557 5.15277 5.63843 6.14287 
3.08155 3.77742 4.30955 4.37222 4.9557 5.15277 5.63843 6.14287 
3.08155 3.77742 4.30955 4.37222 4.9557 5.15277 5.63843 6.14287 
3.08155 3.77742 4.30955 4.37222 4.9557 5.15277 5.63843 6.14287 
3.08155 3.77742 4.30955 4.37222 4.9557 5.15277 5.63843 6.14287 
3.08155 3.77742 4.30955 4.37222 4.9557 5.15277 5.63843 6.14287 
3.08155 3.77742 4.30955 4.37222 4.5325 4.9557 5.15277 5.63843 
3.08155 3.77742 4.21246 4.30955 4.37222 4.5325 4.9557 5.15277 
3.08155 3.77742 4.21246 4.30955 4.37222 4.52415 4.5325 4.9557 
3.08155 3.25553 3.77742 4.21246 4.30955 4.37222 4.52415 4.5325 
3.08155 3.25553 3.59985 3.77742 4.21246 4.30955 4.37222 4.52415 
3.08155 3.25553 3.59985 3.77742 4.21246 4.30955 4.37222 4.52415 
3.08155 3.25553 3.59985 3.77742 4.21246 4.30955 4.37222 4.52415 
3.08155 3.25553 3.59985 3.77742 4.21246 4.22312 4.30955 4.37222 
3.08155 3.25553 3.59985 3.77742 4.21246 4.22312 4.30955 4.37222 
3.08155 3.25553 3.59985 3.77742 4.21246 4.22312 4.30955 4.37222 
3.08155 3.25553 3.59985 3.77742 4.21246 4.22312 4.30955 4.37222 
3.08155 3.25553 3.59985 3.77742 4.21246 4.22312 4.30955 4.37222 
3.08155 3.25553 3.59985 3.77742 4.21246 4.22312 4.30955 4.37222 
3.08155 3.25553 3.59985 3.77742 4.21246 4.22312 4.30955 4.37222 
3.08155 3.25553 3.59985 3.77742 4.21246 4.22312 4.30955 4.37222 
3.08155 3.25553 3.59985 3.77742 4.21246 4.22312 4.30955 4.37222 
3.08155 3.25553 3.59985 3.77742 4.21246 4.22312 4.30955 4.37222 
3.08155 3.25553 3.59985 3.77742 4.21246 4.22312 4.30955 4.37222 
3.08155 3.25553 3.59985 3.77742 4.21246 4.22312 4.30955 4.37222 
3.08155 3.25553 3.59985 3.77742 4.21246 4.22312 4.30955 4.35894 
3.08155 3.25553 3.59985 3.77742 4.21002 4.21246 4.22312 4.30955 
3.08155 3.25553 3.59985 3.77742 4.21002 4.21246 4.22312 4.30955 
3.08155 3.25553 3.59985 3.77742 4.21002 4.21246 4.22312 4.30955 
3.08155 3.25553 3.59985 3.77742 4.21002 4.21246 4.22312 4.30955 
3.08155 3.25553 3.59985 3.77742 4.03839 4.21002 4.21246 4.22312 
3.08155 3.25553 3.59985 3.77742 4.03839 4.21002 4.21246 4.22312 
3.08155 3.25553 3.59985 3.77742 4.03839 4.21002 4.21246 4.22312 
3.08155 3.25553 3.59985 3.77742 4.03839 4.21002 4.21246 4.22312 
3.08155 3.15213 3.25553 3.59985 3.77742 4.03839 4.21002 4.21246 
3.08155 3.15213 3.25553 3.47868 3.59985 3.77742 4.03839 4.21002 
3.08155 3.15213 3.25553 3.47868 3.59985 3.77742 4.03839 4.21002 
2.08344 3.08155 3.15213 3.25553 3.47868 3.59985 3.77742 4.03839 
2.08344 3.08155 3.15213 3.25553 3.47868 3.59985 3.77742 4.03839 
2.08344 3.08155 3.15213 3.25553 3.47868 3.59985 3.77742 3.8383 
2.08344 3.08155 3.15213 3.25553 3.47868 3.59985 3.77742 3.8383 
2.08344 3.08155 3.15213 3.25553 3.47868 3.59985 3.77742 3.8383 
2.08344 3.08155 3.15213 3.25553 3.47868 3.59985 3.77742 3.8383 
2.08344 3.08155 3.15213 3.25553 3.47868 3.59985 3.77742 3.8383 
2.08344 3.08155 3.15213 3.25553 3.47868 3.59985 3.65156 3.77742 
2.08344 3.08155 3.15213 3.25553 3.25649 3.47868 3.59985 3.65156 
2.08344 3.08155 3.15213 3.25553 3.25649 3.47868 3.59985 3.65156 
2.08344 3.08155 3.15213 3.25553 3.25649 3.2762 3.47868 3.59985 
2.08344 3.08155 3.15213 3.25553 3.25649 3.2762 3.47868 3.59985 
2.08344 3.08155 3.15213 3.25553 3.25649 3.2762 3.47868 3.59985 
2.08344 3.08155 3.15213 3.25553 3.25649 3.2762 3.47868 3.59985 
2.08344 3.08155 3.15213 3.25553 3.25649 3.2762 3.47868 3.59985 
2.08344 3.08155 3.15213 3.25553 3.25649 3.2762 3.47868 3.59985 
2.08344 2.90504 3.08155 3.15213 3.25553 3.25649 3.2762 3.47868 
2.08344 2.90504 3.08155 3.15213 3.25553 3.25649 3.2762 3.47868 
2.08344 2.90504 3.08155 3.15213 3.25553 3.25649 3.2762 3.47868 
2.08344 2.90504 3.08155 3.15213 3.25553 3.25649 3.2762 3.47868 
2.08344 2.90504 3.08155 3.15213 3.25553 3.25649 3.2762 3.47868 
2.08344 2.90504 3.08155 3.15213 3.25553 3.25649 3.2762 3.47868 
2.08344 2.90504 3.08155 3.15213 3.25553 3.25649 3.2762 3.47868 
2.08344 2.90504 3.08155 3.15213 3.25553 3.25649 3.2762 3.47868 
2.08344 2.90504 3.08155 3.15213 3.25553 3.25649 3.2762 3.47868 
2.08344 2.90504 3.08155 3.15213 3.25553 3.25649 3.2762 3.47868 
2.08344 2.90504 3.08155 3.15213 3.25553 3.25649 3.2762 3.47868 
2.08344 2.90504 3.08155 3.15213 3.25553 3.25649 3.2762 3.47868 
2.08344 2.90504 3.08155 3.15213 3.25553 3.25649 3.2762 3.47868 
2.08344 2.90504 3.08155 3.15213 3.25553 3.25649 3.2762 3.47868 
2.08344 2.90504 3.08155 3.15213 3.25553 3.25649 3.2762 3.47868 
2.08344 2.90504 3.08155 3.15213 3.25553 3.25649 3.2762 3.47868 
2.08344 2.90504 3.08155 3.15213 3.25553 3.25649 3.2762 3.47868 
2.08344 2.90504 3.08155 3.15213 3.25553 3.25649 3.2762 3.47868 
2.08344 2.90504 3.08155 3.15213 3.25553 3.25649 3.2762 3.47868 
2.08344 2.90504 3.08155 3.15213 3.25553 3.25649 3.2762 3.47868 
2.08344 2.90504 3.08155 3.15213 3.25553 3.25649 3.2762 3.47868 
2.08344 2.90504 3.08155 3.15213 3.25553 3.25649 3.2762 3.47868 
2.08344 2.90504 3.08155 3.15213 3.25553 3.25649 3.2762 3.47868 
2.08344 2.90504 3.08155 3.15213 3.25553 3.25649 3.2762 3.47868 
2.08344 2.90504 3.08155 3.15213 3.25553 3.25649 3.2762 3.47868 
2.08344 2.90504 3.08155 3.15213 3.25553 3.25649 3.2762 3.47868 
2.08344 2.90504 3.08155 3.15213 3.25553 3.25649 3.2762 3.47868 
2.08344 2.90504 3.08155 3.15213 3.25553 3.25649 3.2762 3.47868 
2.08344 2.90504 3.08155 3.15213 3.25553 3.25649 3.2762 3.47868 
2.08344 2.90504 3.08155 3.15213 3.25553 3.25649 3.2762 3.47868 
2.08344 2.90504 3.08155 3.15213 3.25553 3.25649 3.2762 3.47868 
2.08344 2.90504 3.08155 3.15213 3.25553 3.25649 3.2762 3.47868 
2.08344 2.90504 3.08155 3.15213 3.25553 3.25649 3.2762 3.47868 
2.08344 2.90504 3.08155 3.15213 3.25553 3.25649 3.2762 3.47868 
2.08344 2.90504 3.08155 3.15213 3.25553 3.25649 3.2762 3.47868 
2.08344 2.90504 3.08155 3.15213 3.25553 3.25649 3.2762 3.47868 
2.08344 2.90504 3.08155 3.15213 3.25553 3.25649 3.2762 3.47868 
2.08344 2.90504 3.08155 3.15213 3.25553 3.25649 3.2762 3.47868 
2.08344 2.90504 3.08155 3.15213 3.25553 3.25649 3.2762 3.47868 
2.08344 2.90504 3.08155 3.15213 3.25553 3.25649 3.2762 3.47868 
2.08344 2.90504 3.08155 3.15213 3.25553 3.25649 3.2762 3.47868 
2.08344 2.90504 3.08155 3.15213 3.25553 3.25649 3.2762 3.47868 
