3.71608 4.66316 4.84856 5.3679 5.39511 6.29258 6.39731 6.45262 
3.71608 4.66316 4.84856 5.3679 5.39511 5.8196 5.97091 6.08033 
3.71608 4.66316 4.84856 5.3679 5.39511 5.54396 5.8196 5.97091 
1.81082 3.71608 4.03327 4.57169 4.66316 4.84856 5.3679 5.39511 
1.7528 1.81082 3.71608 3.99645 4.03327 4.57169 4.66316 4.84856 
1.7528 1.81082 2.03839 3.71608 3.99645 4.03327 4.57169 4.66316 
1.7528 1.81082 2.03839 3.71608 3.99645 4.03327 4.57169 4.66316 
1.7528 1.81082 2.03839 3.71608 3.99645 4.03327 4.57169 4.66316 
1.7528 1.81082 2.03839 3.71608 3.99645 4.03327 4.57169 4.66316 
1.7528 1.81082 2.03839 3.6132 3.71608 3.99645 4.03327 4.57169 
1.13922 1.7528 1.81082 2.03839 3.6132 3.71608 3.78053 3.99645 
1.13922 1.7528 1.81082 2.03839 2.89366 3.6132 3.71608 3.78053 
1.13922 1.7528 1.81082 2.03839 2.89366 3.6132 3.71608 3.78053 
1.13922 1.7528 1.81082 2.03839 2.89366 3.6132 3.71608 3.78053 
0.650267 1.13922 1.7528 1.81082 2.03839 2.89366 3.6132 3.71608 
0.650267 1.13922 1.7528 1.81082 2.03839 2.89366 3.6132 3.71608 
0.650267 1.13922 1.7528 1.81082 2.03839 2.89366 3.6132 3.71608 
0.650267 1.13922 1.7528 1.81082 2.03839 2.89366 3.6132 3.71608 
0.650267 1.13922 1.7528 1.81082 2.03839 2.89366 3.6132 3.71608 
0.650267 1.13922 1.7528 1.81082 2.03839 2.89366 3.6132 3.71608 
0.650267 1.13922 1.7528 1.81082 2.03839 2.89366 3.55134 3.6132 
0.650267 1.13922 1.7528 1.81082 2.03839 2.89366 3.55134 3.6132 
0.650267 1.13922 1.7528 1.81082 1.93526 2.03839 2.89366 3.14044 
0.650267 1.13922 1.7528 1.81082 1.93526 2.03839 2.82372 2.89366 
0.650267 1.13922 1.7528 1.81082 1.93526 2.03839 2.82372 2.89366 
0.650267 1.13922 1.7528 1.81082 1.93526 2.03839 2.82372 2.89366 
0.650267 1.13922 1.7528 1.81082 1.93526 2.03839 2.82372 2.89366 
0.650267 1.13922 1.7528 1.81082 1.93526 2.03839 2.2282 2.82372 
0.650267 1.13922 1.7528 1.81082 1.93526 2.03839 2.2282 2.82372 
0.650267 1.13922 1.7528 1.81082 1.93526 2.03839 2.2282 2.82372 
0.650267 1.13922 1.7528 1.81082 1.93526 2.03839 2.2282 2.82372 
0.650267 1.13922 1.7528 1.81082 1.93526 2.03839 2.2282 2.82372 
0.650267 1.13922 1.7528 1.81082 1.93526 2.03839 2.2282 2.82372 
0.650267 1.13922 1.7528 1.81082 1.93526 2.03839 2.2282 2.82372 
0.650267 1.13922 1.7528 1.81082 1.93526 2.03839 2.2282 2.82372 
0.650267 1.13922 1.7528 1.81082 1.93526 2.03839 2.2282 2.72391 
0.650267 1.13922 1.7528 1.81082 1.93526 2.03839 2.2282 2.72391 
0.650267 1.13922 1.7528 1.81082 1.93526 2.03839 2.2282 2.72391 
0.650267 1.13922 1.7528 1.81082 1.93526 2.03839 2.2282 2.72391 
0.650267 1.13922 1.7528 1.81082 1.93526 2.03839 2.2282 2.72391 
0.650267 1.13922 1.7528 1.81082 1.93526 2.03839 2.2282 2.72391 
0.650267 1.13922 1.7528 1.81082 1.93526 2.03839 2.2282 2.72391 
0.650267 1.13922 1.7528 1.81082 1.93526 2.03839 2.2282 2.72391 
0.431915 0.650267 1.13922 1.7528 1.81082 1.93526 2.03839 2.2282 
0.431915 0.650267 1.13922 1.7528 1.81082 1.93526 2.03839 2.2282 
0.431915 0.650267 1.13922 1.7528 1.81082 1.93526 2.03839 2.2282 
0.431915 0.650267 1.13922 1.7528 1.81082 1.93526 2.03839 2.2282 
0.431915 0.650267 1.13922 1.7528 1.81082 1.93526 2.03839 2.2282 
0.431915 0.650267 1.13922 1.7528 1.81082 1.93526 2.03839 2.2282 
0.431915 0.650267 1.13922 1.7528 1.81082 1.93526 2.03839 2.2282 
0.431915 0.650267 1.13922 1.7528 1.81082 1.93526 2.03839 2.2282 
0.431915 0.650267 1.13922 1.7528 1.81082 1.93526 2.03839 2.2282 
0.431915 0.650267 1.13922 1.7528 1.81082 1.93526 2.03839 2.2282 
0.431915 0.650267 1.13922 1.7528 1.81082 1.93526 2.03839 2.2282 
0.431915 0.650267 1.13922 1.7528 1.81082 1.93526 2.03839 2.2282 
0.431915 0.650267 1.13922 1.7528 1.81082 1.93526 2.03839 2.2282 
0.431915 0.650267 1.13922 1.7528 1.81082 1.93526 2.03839 2.2282 
0.431915 0.650267 1.13922 1.7528 1.81082 1.93526 2.03839 2.2282 
0.431915 0.650267 1.13922 1.7528 1.81082 1.93526 2.03839 2.2282 
0.431915 0.650267 1.13922 1.7528 1.81082 1.93526 2.03839 2.2282 
0.431915 0.650267 1.13922 1.7528 1.81082 1.93526 2.03839 2.2282 
0.431915 0.650267 1.13922 1.7528 1.81082 1.93526 2.03839 2.2282 
0.431915 0.650267 1.13922 1.7528 1.81082 1.93526 2.03839 2.2282 
0.431915 0.650267 1.13922 1.7528 1.81082 1.93526 2.03839 2.2282 
0.431915 0.650267 1.13922 1.7528 1.81082 1.93526 2.03839 2.2282 
0.431915 0.650267 1.13922 1.7528 1.81082 1.93526 2.03839 2.2282 
0.431915 0.650267 1.13922 1.7528 1.81082 1.93526 2.03839 2.2282 
0.431915 0.650267 1.13922 1.7528 1.81082 1.93526 2.03839 2.2282 
0.431915 0.650267 1.13922 1.7528 1.81082 1.93526 2.03839 2.2282 
0.431915 0.650267 1.13922 1.7528 1.81082 1.93526 2.03839 2.2282 
0.431915 0.650267 1.13922 1.7528 1.81082 1.93526 2.03839 2.2282 
0.431915 0.650267 1.13922 1.7528 1.81082 1.93526 2.03839 2.2282 
0.431915 0.650267 1.13922 1.7528 1.81082 1.93526 2.03839 2.2282 
0.431915 0.650267 1.13922 1.7528 1.81082 1.93526 2.03839 2.2282 
0.431915 0.650267 1.13922 1.7528 1.81082 1.93526 2.03839 2.2282 
0.431915 0.650267 1.13922 1.7528 1.81082 1.93526 2.03839 2.2282 
0.431915 0.650267 1.13922 1.7528 1.81082 1.93526 2.03839 2.2282 
0.431915 0.650267 1.13922 1.7528 1.81082 1.93526 2.03839 2.2282 
0.431915 0.650267 1.13922 1.7528 1.81082 1.93526 2.03839 2.2282 
0.431915 0.650267 1.13922 1.7528 1.81082 1.93526 2.03839 2.2282 
0.431915 0.650267 1.13922 1.7528 1.81082 1.93526 2.03839 2.2282 
0.431915 0.650267 1.13922 1.7528 1.81082 1.93526 2.03839 2.2282 
0.431915 0.650267 1.13922 1.7528 1.81082 1.93526 2.03839 2.2282 
0.431915 0.650267 1.13922 1.7528 1.81082 1.93526 2.03839 2.2282 
0.431915 0.650267 1.13922 1.7528 1.81082 1.93526 2.03839 2.2282 
0.431915 0.650267 1.13922 1.7528 1.81082 1.93526 2.03839 2.2282 
0.431915 0.650267 1.13922 1.7528 1.81082 1.93526 2.03839 2.2282 
0.431915 0.650267 1.13922 1.7528 1.81082 1.93526 2.03839 2.2282 
0.431915 0.650267 1.13922 1.7528 1.81082 1.93526 2.03839 2.2282 
0.431915 0.650267 1.13922 1.7528 1.81082 1.93526 2.03839 2.2282 
0.431915 0.650267 1.13922 1.7528 1.81082 1.93526 2.03839 2.2282 
0.431915 0.650267 1.13922 1.7528 1.81082 1.93526 2.03839 2.2282 
0.431915 0.650267 1.13922 1.7528 1.81082 1.93526 2.03839 2.2282 
0.431915 0.650267 1.13922 1.7528 1.81082 1.93526 2.03839 2.2282 
0.431915 0.650267 1.13922 1.7528 1.81082 1.93526 2.03839 2.2282 
0.431915 0.650267 1.13922 1.7528 1.81082 1.93526 2.03839 2.2282 
0.431915 0.650267 1.13922 1.7528 1.81082 1.93526 2.03839 2.2282 
0.431915 0.650267 1.13922 1.7528 1.81082 1.93526 2.03839 2.2282 
0.431915 0.650267 1.13922 1.7528 1.81082 1.93526 2.03839 2.2282 
0.431915 0.650267 1.13922 1.7528 1.81082 1.93526 2.03839 2.2282 
