4.28668 4.30976 4.43414 4.5912 5.20238 5.32325 5.82998 5.8424 
4.28668 4.30976 4.43414 4.5494 4.5912 5.00751 5.03317 5.20238 
4.25388 4.28668 4.30976 4.43414 4.5494 4.5912 4.64047 5.00751 
4.25388 4.28668 4.30976 4.43414 4.5494 4.5912 4.64047 5.00751 
4.25388 4.28668 4.30976 4.43414 4.5494 4.5912 4.64047 5.00751 
4.25388 4.28668 4.30976 4.43414 4.5494 4.5912 4.64047 4.94312 
4.25388 4.28668 4.30976 4.43414 4.50809 4.5153 4.5494 4.5912 
4.25388 4.28668 4.30976 4.43414 4.50809 4.5153 4.5494 4.5912 
4.25388 4.28668 4.30976 4.43414 4.50809 4.5153 4.5494 4.5912 
4.25388 4.28668 4.30976 4.43414 4.50809 4.5153 4.5494 4.5912 
4.25388 4.28668 4.30976 4.43414 4.50809 4.5153 4.5494 4.5912 
4.25388 4.28668 4.30976 4.43414 4.50809 4.5153 4.5494 4.5912 
4.25388 4.28668 4.30976 4.43414 4.50809 4.5153 4.5494 4.5912 
4.25388 4.28668 4.30976 4.43414 4.50809 4.5153 4.5494 4.5912 
4.25388 4.28668 4.30976 4.43414 4.50809 4.5153 4.5494 4.5912 
4.25388 4.28668 4.30976 4.43414 4.50809 4.5153 4.5494 4.5912 
4.25388 4.28668 4.30976 4.43414 4.50809 4.5153 4.5494 4.5912 
4.25388 4.28668 4.30976 4.43414 4.50809 4.5153 4.5494 4.5912 
4.25388 4.28668 4.30976 4.43414 4.50809 4.5153 4.5494 4.5912 
4.25388 4.28668 4.30976 4.43414 4.50809 4.5153 4.5494 4.5912 
4.25388 4.28668 4.30976 4.43414 4.50809 4.5153 4.5494 4.5912 
4.25388 4.28668 4.30976 4.43414 4.50809 4.5153 4.5494 4.5912 
4.25388 4.28668 4.30976 4.43414 4.50809 4.5153 4.5494 4.5912 
4.25388 4.28668 4.30976 4.43414 4.50809 4.5153 4.5494 4.5912 
4.25388 4.28668 4.30976 4.43414 4.50809 4.5153 4.5494 4.5912 
4.25388 4.28668 4.30976 4.43414 4.50809 4.5153 4.5494 4.5912 
4.25388 4.28668 4.30976 4.43414 4.50809 4.5153 4.5494 4.5912 
4.25388 4.28668 4.30976 4.43414 4.50809 4.5153 4.5494 4.5912 
4.25388 4.28668 4.30976 4.43414 4.50809 4.5153 4.5494 4.5912 
4.25388 4.28668 4.30976 4.43414 4.50809 4.5153 4.5494 4.5912 
4.25388 4.28668 4.30976 4.43414 4.50809 4.5153 4.5494 4.5912 
4.25388 4.28668 4.30976 4.43414 4.50809 4.5153 4.5494 4.5912 
4.25388 4.28668 4.30976 4.43414 4.50809 4.5153 4.5494 4.5912 
4.25388 4.28668 4.30976 4.43414 4.50809 4.5153 4.5494 4.5912 
4.25388 4.28668 4.30976 4.43414 4.50809 4.5153 4.5494 4.5912 
4.25388 4.28668 4.30976 4.43414 4.50809 4.5153 4.5494 4.5912 
4.25388 4.28668 4.30976 4.43414 4.50809 4.5153 4.5494 4.5912 
4.25388 4.28668 4.30976 4.43414 4.50809 4.5153 4.5494 4.5912 
4.25388 4.28668 4.30976 4.43414 4.50809 4.5153 4.5494 4.5912 
4.25388 4.28668 4.30976 4.43414 4.50809 4.5153 4.5494 4.5912 
4.25388 4.28668 4.30976 4.43414 4.50809 4.5153 4.5494 4.5912 
4.25388 4.28668 4.30976 4.43414 4.50809 4.5153 4.5494 4.5912 
4.25388 4.28668 4.30976 4.43414 4.50809 4.5153 4.5494 4.5912 
4.25388 4.28668 4.30976 4.43414 4.50809 4.5153 4.5494 4.5912 
4.25388 4.28668 4.30976 4.43414 4.50809 4.5153 4.5494 4.5912 
4.25388 4.28668 4.30976 4.43414 4.50809 4.5153 4.5494 4.5912 
4.25388 4.28668 4.30976 4.43414 4.50809 4.5153 4.5494 4.5912 
4.25388 4.28668 4.30976 4.43414 4.50809 4.5153 4.5494 4.5912 
4.25388 4.28668 4.30976 4.43414 4.50809 4.5153 4.5494 4.5912 
4.25388 4.28668 4.30976 4.43414 4.50809 4.5153 4.5494 4.5912 
4.25388 4.28668 4.30976 4.43414 4.50809 4.5153 4.5494 4.5912 
4.25388 4.28668 4.30976 4.43414 4.50809 4.5153 4.5494 4.5912 
4.25388 4.28668 4.30976 4.43414 4.50809 4.5153 4.5494 4.5912 
4.25388 4.28668 4.30976 4.43414 4.50809 4.5153 4.5494 4.5912 
4.25388 4.28668 4.30976 4.43414 4.50809 4.5153 4.5494 4.5912 
4.25388 4.28668 4.30976 4.43414 4.50809 4.5153 4.5494 4.5912 
4.25388 4.28668 4.30976 4.43414 4.50809 4.5153 4.5494 4.5912 
4.25388 4.28668 4.30976 4.43414 4.50809 4.5153 4.5494 4.5912 
4.25388 4.28668 4.30976 4.43414 4.50809 4.5153 4.5494 4.5912 
4.25388 4.28668 4.30976 4.43414 4.50809 4.5153 4.5494 4.5912 
4.25388 4.28668 4.30976 4.43414 4.50809 4.5153 4.5494 4.5912 
4.25388 4.28668 4.30976 4.43414 4.50809 4.5153 4.5494 4.5912 
4.25388 4.28668 4.30976 4.43414 4.50809 4.5153 4.5494 4.5912 
4.25388 4.28668 4.30976 4.43414 4.50809 4.5153 4.5494 4.5912 
4.25388 4.28668 4.30976 4.43414 4.50809 4.5153 4.5494 4.5912 
4.25388 4.28668 4.30976 4.43414 4.50809 4.5153 4.5494 4.5912 
4.25388 4.28668 4.30976 4.43414 4.50809 4.5153 4.5494 4.5912 
4.25388 4.28668 4.30976 4.43414 4.50809 4.5153 4.5494 4.5912 
4.25388 4.28668 4.30976 4.43414 4.50809 4.5153 4.5494 4.5912 
4.25388 4.28668 4.30976 4.43414 4.50809 4.5153 4.5494 4.5912 
4.25388 4.28668 4.30976 4.43414 4.50809 4.5153 4.5494 4.5912 
4.25388 4.28668 4.30976 4.43414 4.50809 4.5153 4.5494 4.5912 
4.25388 4.28668 4.30976 4.43414 4.50809 4.5153 4.5494 4.5912 
4.25388 4.28668 4.30976 4.43414 4.50809 4.5153 4.5494 4.5912 
4.25388 4.28668 4.30976 4.43414 4.50809 4.5153 4.5494 4.5912 
4.25388 4.28668 4.30976 4.43414 4.50809 4.5153 4.5494 4.5912 
4.25388 4.28668 4.30976 4.43414 4.50809 4.5153 4.5494 4.5912 
4.25388 4.28668 4.30976 4.43414 4.50809 4.5153 4.5494 4.5912 
4.25388 4.28668 4.30976 4.43414 4.50809 4.5153 4.5494 4.5912 
4.25388 4.28668 4.30976 4.43414 4.50809 4.5153 4.5494 4.5912 
4.25388 4.28668 4.30976 4.43414 4.50809 4.5153 4.5494 4.5912 
4.25388 4.28668 4.30976 4.43414 4.50809 4.5153 4.5494 4.5912 
4.25388 4.28668 4.30976 4.43414 4.50809 4.5153 4.5494 4.5912 
4.25388 4.28668 4.30976 4.43414 4.50809 4.5153 4.5494 4.5912 
4.25388 4.28668 4.30976 4.43414 4.50809 4.5153 4.5494 4.5912 
4.25388 4.28668 4.30976 4.43414 4.50809 4.5153 4.5494 4.5912 
4.25388 4.28668 4.30976 4.43414 4.50809 4.5153 4.5494 4.5912 
4.25388 4.28668 4.30976 4.43414 4.50809 4.5153 4.5494 4.5912 
4.25388 4.28668 4.30976 4.43414 4.50809 4.5153 4.5494 4.5912 
4.25388 4.28668 4.30976 4.43414 4.50809 4.5153 4.5494 4.5912 
4.25388 4.28668 4.30976 4.43414 4.50809 4.5153 4.5494 4.5912 
4.25388 4.28668 4.30976 4.43414 4.50809 4.5153 4.5494 4.5912 
4.25388 4.28668 4.30976 4.43414 4.50809 4.5153 4.5494 4.5912 
4.25388 4.28668 4.30976 4.43414 4.50809 4.5153 4.5494 4.5912 
4.25388 4.28668 4.30976 4.43414 4.50809 4.5153 4.5494 4.5912 
4.25388 4.28668 4.30976 4.43414 4.50809 4.5153 4.5494 4.5912 
4.25388 4.28668 4.30976 4.43414 4.50809 4.5153 4.5494 4.5912 
4.25388 4.28668 4.30976 4.43414 4.50809 4.5153 4.5494 4.5912 
4.25388 4.28668 4.30976 4.43414 4.50809 4.5153 4.5494 4.5912 
4.25388 4.28668 4.30976 4.43414 4.50809 4.5153 4.5494 4.5912 
