3.2099 4.10949 4.87737 5.50828 5.69938 6.0294 6.86042 7.60575 
3.20914 3.2099 4.10949 4.87737 5.50828 5.5524 5.69938 6.0294 
3.20914 3.2099 4.10949 4.87737 5.50828 5.5524 5.69938 5.99685 
3.20914 3.2099 4.10949 4.87737 5.50828 5.5524 5.69938 5.99685 
3.20914 3.2099 4.10949 4.87737 5.42497 5.50828 5.5524 5.68327 
3.20914 3.2099 4.10949 4.26074 4.87737 5.42497 5.50828 5.5524 
3.20914 3.2099 4.10949 4.26074 4.87737 4.96706 5.42497 5.50828 
1.19128 3.20914 3.2099 4.10949 4.26074 4.49157 4.87737 4.96706 
1.19128 3.20914 3.2099 3.25377 4.10949 4.26074 4.49157 4.60534 
1.19128 3.20914 3.2099 3.25377 3.56518 4.10949 4.26074 4.49157 
1.19128 3.20914 3.2099 3.25377 3.56518 3.80148 4.10949 4.19142 
1.19128 2.88685 3.20914 3.2099 3.25377 3.56518 3.80148 4.10949 
1.19128 2.88685 3.20914 3.2099 3.25377 3.56518 3.80148 4.10949 
1.19128 2.88685 3.20914 3.2099 3.21925 3.25116 3.25377 3.32606 
1.19128 2.81111 2.88685 3.14042 3.20914 3.2099 3.21925 3.25116 
1.19128 2.81111 2.88685 3.14042 3.20914 3.2099 3.21925 3.25116 
1.19128 2.81111 2.88685 3.14042 3.20914 3.2099 3.21925 3.25116 
1.19128 2.81111 2.88685 3.14042 3.20914 3.2099 3.21925 3.25116 
1.19128 2.81111 2.88685 3.14042 3.16986 3.20914 3.2099 3.21925 
1.19128 2.81111 2.88685 2.93828 3.14042 3.16986 3.20914 3.2099 
1.19128 2.81111 2.88685 2.93828 3.14042 3.16986 3.20914 3.2099 
1.19128 2.81111 2.88685 2.93828 3.14042 3.16986 3.20914 3.2099 
1.19128 2.81111 2.88685 2.93828 3.14042 3.16986 3.20914 3.2099 
1.19128 2.81111 2.88685 2.93828 3.14042 3.16986 3.20914 3.2099 
1.19128 2.81111 2.88685 2.93828 3.09955 3.14042 3.16986 3.20914 
1.19128 2.81111 2.88685 2.93828 3.09955 3.14042 3.16986 3.20914 
1.19128 1.95305 2.27325 2.73889 2.81111 2.88685 2.93828 3.09955 
1.19128 1.95305 2.27325 2.73889 2.77763 2.81111 2.88685 2.93828 
1.19128 1.95305 2.27325 2.4412 2.73889 2.77763 2.81111 2.88685 
1.19128 1.95305 2.27325 2.4412 2.73889 2.74239 2.77472 2.77763 
1.19128 1.95305 2.27325 2.4412 2.73889 2.74239 2.77472 2.77763 
1.19128 1.95305 2.27325 2.4412 2.73889 2.74239 2.77472 2.77763 
1.19128 1.95305 2.27325 2.4412 2.73889 2.74239 2.77472 2.77763 
1.19128 1.79621 1.95305 2.27325 2.4412 2.73889 2.74239 2.77472 
0.269365 1.19128 1.79621 1.95305 2.01439 2.27325 2.4412 2.73889 
0.269365 1.19128 1.79621 1.95305 2.01439 2.15588 2.27325 2.4412 
0.269365 0.95521 1.19128 1.79621 1.95305 2.01439 2.13449 2.15588 
0.269365 0.95521 1.19128 1.45001 1.79621 1.95305 2.01439 2.13449 
0.269365 0.95521 1.19128 1.45001 1.79621 1.95305 2.01439 2.13449 
0.269365 0.95521 1.19128 1.45001 1.79621 1.95305 2.01439 2.13449 
0.269365 0.272624 0.95521 1.19128 1.45001 1.79621 1.95305 2.01439 
0.269365 0.272624 0.95521 1.19128 1.45001 1.79621 1.95305 2.01439 
0.269365 0.272624 0.95521 1.19128 1.45001 1.79621 1.95305 2.01439 
0.269365 0.272624 0.95521 1.19128 1.45001 1.75241 1.79621 1.95305 
0.269365 0.272624 0.95521 1.19128 1.45001 1.47474 1.75241 1.79621 
0.269365 0.272624 0.516799 0.95521 1.19128 1.25546 1.45001 1.47474 
0.0521119 0.269365 0.272624 0.516799 0.8431 0.95521 1.07641 1.19128 
0.0521119 0.269365 0.272624 0.516799 0.8431 0.95521 0.983935 1.07641 
0.0521119 0.269365 0.272624 0.516799 0.8431 0.95521 0.983935 1.07641 
0.0521119 0.269365 0.272624 0.516799 0.620711 0.8431 0.95521 0.983935 
0.0521119 0.269365 0.272624 0.516799 0.620711 0.8431 0.95521 0.983935 
0.0521119 0.269365 0.272624 0.516799 0.620711 0.8431 0.95521 0.983935 
0.0521119 0.269365 0.272624 0.516799 0.620711 0.8431 0.888859 0.95521 
0.0521119 0.269365 0.272624 0.516799 0.620711 0.774548 0.8431 0.888859 
0.0521119 0.269365 0.272624 0.516799 0.620711 0.774548 0.8431 0.888859 
0.0521119 0.269365 0.272624 0.516799 0.620711 0.774548 0.8431 0.888859 
0.0521119 0.236304 0.269365 0.272624 0.516799 0.620711 0.774548 0.8431 
0.0521119 0.236304 0.269365 0.272624 0.516799 0.620711 0.774548 0.8431 
0.0521119 0.236304 0.269365 0.272624 0.516799 0.592374 0.620711 0.774548 
0.0521119 0.236304 0.269365 0.272624 0.516799 0.592374 0.620711 0.774548 
0.0521119 0.127438 0.236304 0.269365 0.272624 0.305334 0.516799 0.592374 
0.0521119 0.127438 0.236304 0.269365 0.272624 0.305334 0.516799 0.592374 
0.0521119 0.127438 0.236304 0.269365 0.272624 0.305334 0.516799 0.592374 
0.0521119 0.127438 0.236304 0.255029 0.269365 0.272624 0.305334 0.516799 
0.0521119 0.127438 0.236304 0.255029 0.269365 0.272624 0.305334 0.516799 
0.0521119 0.127438 0.236304 0.255029 0.269365 0.272624 0.305334 0.516799 
0.0521119 0.127438 0.236304 0.255029 0.269365 0.272624 0.305334 0.516799 
0.0521119 0.127438 0.236304 0.255029 0.269365 0.272624 0.305334 0.516799 
0.0521119 0.127438 0.236304 0.255029 0.269365 0.272624 0.305334 0.516799 
0.0521119 0.127438 0.236304 0.255029 0.269365 0.272624 0.305334 0.516799 
0.0521119 0.127438 0.236304 0.255029 0.269365 0.272624 0.305334 0.516799 
0.0521119 0.127438 0.236304 0.255029 0.269365 0.272624 0.305334 0.516799 
0.0521119 0.127438 0.236304 0.255029 0.269365 0.272624 0.305334 0.516799 
0.0521119 0.127438 0.236304 0.255029 0.269365 0.272624 0.305334 0.516799 
0.0521119 0.127438 0.236304 0.255029 0.269365 0.272624 0.305334 0.516799 
0.0521119 0.127438 0.236304 0.255029 0.269365 0.272624 0.305334 0.516799 
0.0521119 0.127438 0.236304 0.255029 0.269365 0.272624 0.305334 0.516799 
0.0521119 0.127438 0.236304 0.255029 0.269365 0.272624 0.305334 0.516799 
0.0521119 0.127438 0.236304 0.255029 0.269365 0.272624 0.305334 0.516799 
0.0521119 0.127438 0.236304 0.255029 0.269365 0.272624 0.305334 0.516799 
0.0521119 0.127438 0.236304 0.255029 0.269365 0.272624 0.305334 0.516799 
0.0521119 0.127438 0.236304 0.255029 0.269365 0.272624 0.305334 0.516799 
0.0521119 0.127438 0.236304 0.255029 0.269365 0.272624 0.305334 0.516799 
0.0521119 0.127438 0.236304 0.255029 0.269365 0.272624 0.305334 0.516799 
0.0521119 0.127438 0.236304 0.255029 0.269365 0.272624 0.305334 0.516799 
0.0521119 0.127438 0.236304 0.255029 0.269365 0.272624 0.305334 0.516799 
0.0521119 0.127438 0.236304 0.255029 0.269365 0.272624 0.305334 0.516799 
0.0521119 0.127438 0.236304 0.255029 0.269365 0.272624 0.305334 0.516799 
0.0521119 0.127438 0.236304 0.255029 0.269365 0.272624 0.305334 0.516799 
0.0521119 0.127438 0.236304 0.255029 0.269365 0.272624 0.305334 0.516799 
0.0521119 0.127438 0.236304 0.255029 0.269365 0.272624 0.305334 0.516799 
0.0521119 0.127438 0.236304 0.255029 0.269365 0.272624 0.305334 0.516799 
0.0521119 0.127438 0.236304 0.255029 0.269365 0.272624 0.305334 0.516799 
0.0521119 0.127438 0.236304 0.255029 0.269365 0.272624 0.305334 0.516799 
0.0521119 0.127438 0.236304 0.255029 0.269365 0.272624 0.305334 0.516799 
0.0521119 0.127438 0.236304 0.255029 0.269365 0.272624 0.305334 0.516799 
0.0521119 0.127438 0.236304 0.255029 0.269365 0.272624 0.305334 0.516799 
0.0521119 0.127438 0.236304 0.255029 0.269365 0.272624 0.305334 0.516799 
0.0521119 0.127438 0.236304 0.255029 0.269365 0.272624 0.305334 0.516799 
0.0521119 0.127438 0.236304 0.255029 0.269365 0.272624 0.305334 0.516799 
