2.67359 2.83398 5.24794 6.05434 6.96957 7.22435 7.34641 7.64156 
2.67359 2.83398 3.43673 5.24794 6.05434 6.28297 6.96957 7.01263 
2.67359 2.83398 2.96021 3.43673 3.52234 4.64888 5.24794 6.05434 
2.67359 2.83398 2.96021 3.43673 3.52234 4.64888 5.24794 6.05434 
2.61959 2.67359 2.83398 2.96021 3.43673 3.52234 4.64888 5.24794 
2.61959 2.67359 2.83398 2.96021 3.43673 3.52234 4.55267 4.64888 
1.78221 2.61959 2.67359 2.83398 2.96021 3.43673 3.52234 4.55267 
1.78221 2.61959 2.67359 2.83398 2.96021 3.07922 3.43673 3.52234 
1.78221 2.61959 2.67359 2.83398 2.96021 3.07922 3.43673 3.52234 
1.78221 2.61959 2.67359 2.83398 2.96021 3.07922 3.43673 3.52234 
1.78221 2.61959 2.67359 2.83398 2.96021 3.07922 3.43673 3.52234 
1.78221 2.61915 2.61959 2.67359 2.75652 2.83398 2.96021 3.07922 
1.78221 2.61915 2.61959 2.67359 2.75652 2.83398 2.94149 2.96021 
1.78221 2.61915 2.61959 2.67359 2.75652 2.83398 2.94149 2.96021 
1.78221 2.61915 2.61959 2.67359 2.75652 2.83398 2.83565 2.94149 
1.78221 2.61915 2.61959 2.67359 2.75652 2.83398 2.83565 2.94149 
1.78221 2.61915 2.61959 2.67359 2.75652 2.83398 2.83565 2.94149 
0.576752 1.78221 2.61915 2.61959 2.67359 2.75652 2.77607 2.83398 
0.576752 1.78221 2.61915 2.61959 2.67359 2.75652 2.77607 2.83398 
0.576752 1.78221 2.61915 2.61959 2.67359 2.75652 2.77607 2.83398 
0.576752 1.78221 2.61915 2.61959 2.67359 2.75652 2.77607 2.83398 
0.576752 1.78221 2.61915 2.61959 2.67359 2.75652 2.77607 2.83398 
0.576752 1.78221 1.86815 2.61915 2.61959 2.67359 2.75652 2.77607 
0.576752 1.78221 1.86815 2.2709 2.61915 2.61959 2.67359 2.75652 
0.576752 1.78221 1.86815 2.2709 2.61915 2.61959 2.67359 2.75652 
0.576752 1.78221 1.86815 2.2709 2.28598 2.61915 2.61959 2.62588 
0.576752 1.78221 1.86815 2.2709 2.28598 2.61915 2.61959 2.62588 
0.576752 1.78221 1.86815 2.2709 2.28598 2.61915 2.61959 2.62588 
0.576752 1.78221 1.86815 2.2709 2.28598 2.61915 2.61959 2.62588 
0.576752 1.38606 1.78221 1.86815 2.2709 2.28598 2.61915 2.61959 
0.576752 0.607216 1.38606 1.78221 1.86815 2.2709 2.28598 2.61915 
0.576752 0.607216 1.38606 1.78221 1.86815 2.2709 2.28598 2.31069 
0.459269 0.576752 0.607216 1.38606 1.78221 1.86815 2.2709 2.28598 
0.459269 0.576752 0.607216 1.38606 1.78221 1.86815 2.2709 2.28598 
0.459269 0.576752 0.607216 1.38606 1.78221 1.86815 2.13117 2.2709 
0.459269 0.576752 0.607216 1.38606 1.78221 1.86815 2.13117 2.2709 
0.459269 0.576752 0.607216 1.38606 1.51997 1.57222 1.78221 1.86815 
0.459269 0.576752 0.607216 1.38606 1.51997 1.57222 1.78221 1.86815 
0.459269 0.576752 0.607216 1.38606 1.51997 1.57222 1.78221 1.86815 
0.459269 0.576752 0.607216 0.938668 1.38606 1.51997 1.57222 1.78221 
0.354871 0.459269 0.576752 0.607216 0.938668 1.38606 1.51997 1.57222 
0.354871 0.459269 0.576752 0.607216 0.938668 1.38606 1.51997 1.57222 
0.354871 0.398652 0.459269 0.576752 0.607216 0.938668 1.38606 1.42111 
0.354871 0.398652 0.459269 0.576752 0.607216 0.938668 1.19545 1.38606 
0.354871 0.398652 0.459269 0.576752 0.607216 0.911731 0.938668 1.19545 
0.354871 0.398652 0.459269 0.560237 0.576752 0.607216 0.911731 0.938668 
0.324352 0.354871 0.398652 0.459269 0.501067 0.560237 0.576752 0.607216 
0.154059 0.242392 0.324352 0.354871 0.398652 0.459269 0.501067 0.560237 
0.154059 0.242392 0.324352 0.354871 0.398652 0.459269 0.501067 0.560237 
0.154059 0.242392 0.324352 0.354871 0.398652 0.459269 0.501067 0.560237 
0.154059 0.242392 0.324352 0.354871 0.398652 0.459269 0.501067 0.560237 
0.154059 0.242392 0.324352 0.354871 0.398652 0.459269 0.501067 0.560237 
0.154059 0.242392 0.324352 0.354871 0.398652 0.459269 0.501067 0.560237 
0.154059 0.242392 0.324352 0.354871 0.398652 0.459269 0.501067 0.560237 
0.154059 0.242392 0.324352 0.354871 0.398652 0.459269 0.501067 0.560237 
0.154059 0.242392 0.324352 0.354871 0.398652 0.459269 0.501067 0.520811 
0.154059 0.242392 0.324352 0.354871 0.398652 0.459269 0.501067 0.520811 
0.154059 0.242392 0.324352 0.354871 0.398652 0.459269 0.501067 0.520811 
0.154059 0.242392 0.324352 0.354871 0.398652 0.446111 0.459269 0.501067 
0.154059 0.242392 0.324352 0.354871 0.398652 0.446111 0.459269 0.501067 
0.154059 0.242392 0.324352 0.354871 0.398652 0.446111 0.459269 0.501067 
0.154059 0.242392 0.324352 0.354871 0.398652 0.446111 0.459269 0.501067 
0.154059 0.242392 0.324352 0.354871 0.398652 0.446111 0.459269 0.501067 
0.154059 0.219777 0.242392 0.324352 0.354871 0.398652 0.446111 0.459269 
0.154059 0.197104 0.219777 0.242392 0.324352 0.354871 0.398652 0.446111 
0.154059 0.197104 0.219777 0.242392 0.324352 0.354871 0.398652 0.446111 
0.154059 0.197104 0.219777 0.242392 0.324352 0.354871 0.398652 0.446111 
0.154059 0.197104 0.219777 0.242392 0.319996 0.324352 0.354871 0.398652 
0.154059 0.197104 0.219777 0.242392 0.319996 0.324352 0.354871 0.398652 
0.154059 0.197104 0.219777 0.242392 0.319996 0.324352 0.354871 0.398652 
0.154059 0.197104 0.219777 0.242392 0.319996 0.324352 0.354871 0.398652 
0.154059 0.197104 0.219777 0.242392 0.319996 0.324352 0.354871 0.398652 
0.154059 0.197104 0.219777 0.242392 0.319996 0.324352 0.354871 0.398652 
0.154059 0.197104 0.219777 0.242392 0.319996 0.324352 0.354871 0.398652 
0.154059 0.197104 0.219777 0.242392 0.319996 0.324352 0.354871 0.398652 
0.154059 0.197104 0.219777 0.242392 0.319996 0.324352 0.354871 0.398652 
0.154059 0.197104 0.219777 0.242392 0.319996 0.324352 0.354871 0.398652 
0.154059 0.197104 0.219777 0.242392 0.319996 0.324352 0.354871 0.398652 
0.154059 0.197104 0.219777 0.242392 0.319996 0.324352 0.354871 0.398652 
0.154059 0.197104 0.219777 0.242392 0.319996 0.324352 0.354871 0.398652 
0.154059 0.197104 0.219777 0.242392 0.319996 0.324352 0.354871 0.398652 
0.154059 0.197104 0.219777 0.242392 0.319996 0.324352 0.354871 0.398652 
0.154059 0.197104 0.219777 0.242392 0.319996 0.324352 0.354871 0.398652 
0.154059 0.197104 0.219777 0.242392 0.319996 0.324352 0.354871 0.398652 
0.154059 0.197104 0.219777 0.242392 0.319996 0.324352 0.354871 0.398652 
0.154059 0.197104 0.219777 0.242392 0.319996 0.324352 0.354871 0.398652 
0.154059 0.197104 0.219777 0.242392 0.319996 0.324352 0.354871 0.398652 
0.154059 0.197104 0.219777 0.242392 0.319996 0.324352 0.354871 0.398652 
0.154059 0.197104 0.219777 0.242392 0.319996 0.324352 0.354871 0.398652 
0.154059 0.197104 0.219777 0.242392 0.319996 0.324352 0.354871 0.398652 
0.154059 0.197104 0.219777 0.242392 0.319996 0.324352 0.354871 0.398652 
0.154059 0.197104 0.219777 0.242392 0.319996 0.324352 0.354871 0.398652 
0.154059 0.197104 0.219777 0.242392 0.319996 0.324352 0.354871 0.398652 
0.154059 0.197104 0.219777 0.242392 0.319996 0.324352 0.354871 0.398652 
0.154059 0.197104 0.219777 0.242392 0.319996 0.324352 0.354871 0.398652 
0.154059 0.197104 0.219777 0.242392 0.319996 0.324352 0.354871 0.398652 
0.154059 0.197104 0.219777 0.242392 0.319996 0.324352 0.354871 0.398652 
0.154059 0.197104 0.219777 0.242392 0.319996 0.324352 0.354871 0.398652 
0.154059 0.197104 0.219777 0.242392 0.319996 0.324352 0.354871 0.398652 
0.154059 0.197104 0.219777 0.242392 0.319996 0.324352 0.354871 0.398652 
