2.03622 2.16521 3.75555 3.75665 4.67361 5.22304 5.28749 5.35822 
2.03622 2.16521 3.75555 3.75665 4.67361 5.22304 5.28749 5.35822 
2.03622 2.16521 3.75555 3.75665 4.0467 4.67361 5.22304 5.28749 
2.03622 2.16521 3.75555 3.75665 4.0467 4.67361 4.86626 5.22304 
2.03622 2.16521 3.75555 3.75665 4.0467 4.46625 4.67361 4.86626 
2.03622 2.16521 3.75555 3.75665 4.0467 4.46625 4.55057 4.67361 
2.03622 2.16521 3.75555 3.75665 4.0467 4.46625 4.55057 4.67361 
2.03622 2.16521 3.75555 3.75665 4.0467 4.46625 4.55057 4.67361 
2.03622 2.16521 3.75555 3.75665 4.0467 4.46625 4.55057 4.56337 
2.03622 2.16521 3.75555 3.75665 4.0467 4.46625 4.55057 4.56337 
2.03622 2.16521 3.75555 3.75665 4.0467 4.46625 4.55057 4.56337 
2.03622 2.16521 3.75555 3.75665 4.0467 4.46625 4.55057 4.56337 
2.03622 2.16521 3.75555 3.75665 4.0467 4.46625 4.55057 4.56337 
2.03622 2.16521 3.75555 3.75665 4.0467 4.46625 4.55057 4.56337 
2.03622 2.16521 3.75555 3.75665 4.0467 4.46625 4.55057 4.56337 
2.03622 2.16521 3.75555 3.75665 4.0467 4.46625 4.55057 4.56337 
2.03622 2.16521 3.75555 3.75665 4.0467 4.46625 4.55057 4.56337 
2.03622 2.16521 3.75555 3.75665 4.0467 4.46625 4.55057 4.56337 
2.03622 2.16521 3.75555 3.75665 4.0467 4.46625 4.55057 4.56337 
2.03622 2.16521 3.75555 3.75665 4.0467 4.46625 4.55057 4.56337 
2.03622 2.16521 3.75555 3.75665 4.0467 4.46625 4.55057 4.56337 
2.03622 2.16521 3.75555 3.75665 4.0467 4.46625 4.55057 4.56337 
2.03622 2.16521 3.75555 3.75665 4.0467 4.46625 4.55057 4.56337 
2.03622 2.16521 3.75555 3.75665 4.0467 4.46625 4.55057 4.56337 
2.03622 2.16521 3.75555 3.75665 4.0467 4.46625 4.55057 4.56337 
2.03622 2.16521 3.75555 3.75665 4.0467 4.46625 4.55057 4.56337 
2.03622 2.16521 3.75555 3.75665 4.0467 4.46625 4.55057 4.56337 
2.03622 2.16521 3.75555 3.75665 4.0467 4.46625 4.55057 4.56337 
2.03622 2.16521 3.75555 3.75665 4.0467 4.46625 4.55057 4.56337 
2.03622 2.16521 3.75555 3.75665 4.0467 4.46625 4.55057 4.56337 
2.03622 2.16521 3.75555 3.75665 4.0467 4.46625 4.55057 4.56337 
2.03622 2.16521 3.75555 3.75665 4.0467 4.46625 4.55057 4.56337 
2.03622 2.16521 3.75555 3.75665 4.0467 4.46625 4.55057 4.56337 
2.03622 2.16521 3.75555 3.75665 4.0467 4.46625 4.55057 4.56337 
2.03622 2.16521 3.75555 3.75665 4.0467 4.46625 4.55057 4.56337 
2.03622 2.16521 3.75555 3.75665 4.0467 4.46625 4.55057 4.56337 
2.03622 2.16521 3.75555 3.75665 4.0467 4.46625 4.55057 4.56337 
2.03622 2.16521 3.75555 3.75665 4.0467 4.46625 4.55057 4.56337 
2.03622 2.16521 3.75555 3.75665 4.0467 4.46625 4.55057 4.56337 
2.03622 2.16521 3.75555 3.75665 4.0467 4.46625 4.55057 4.56337 
2.03622 2.16521 3.75555 3.75665 4.0467 4.46625 4.55057 4.56337 
2.03622 2.16521 3.75555 3.75665 4.0467 4.46625 4.55057 4.56337 
2.03622 2.16521 3.75555 3.75665 4.0467 4.46625 4.55057 4.56337 
2.03622 2.16521 3.75555 3.75665 4.0467 4.46625 4.55057 4.56337 
2.03622 2.16521 3.75555 3.75665 4.0467 4.46625 4.55057 4.56337 
2.03622 2.16521 3.75555 3.75665 4.0467 4.46625 4.55057 4.56337 
2.03622 2.16521 3.75555 3.75665 4.0467 4.46625 4.55057 4.56337 
2.03622 2.16521 3.75555 3.75665 4.0467 4.46625 4.55057 4.56337 
2.03622 2.16521 3.75555 3.75665 4.0467 4.46625 4.55057 4.56337 
2.03622 2.16521 3.75555 3.75665 4.0467 4.46625 4.55057 4.56337 
2.03622 2.16521 3.75555 3.75665 4.0467 4.46625 4.55057 4.56337 
2.03622 2.16521 3.75555 3.75665 4.0467 4.46625 4.55057 4.56337 
2.03622 2.16521 3.75555 3.75665 4.0467 4.46625 4.55057 4.56337 
2.03622 2.16521 3.75555 3.75665 4.0467 4.46625 4.55057 4.56337 
2.03622 2.16521 3.75555 3.75665 4.0467 4.46625 4.55057 4.56337 
2.03622 2.16521 3.75555 3.75665 4.0467 4.46625 4.55057 4.56337 
2.03622 2.16521 3.75555 3.75665 4.0467 4.46625 4.55057 4.56337 
2.03622 2.16521 3.75555 3.75665 4.0467 4.46625 4.55057 4.56337 
2.03622 2.16521 3.75555 3.75665 4.0467 4.46625 4.55057 4.56337 
2.03622 2.16521 3.75555 3.75665 4.0467 4.46625 4.55057 4.56337 
2.03622 2.16521 3.75555 3.75665 4.0467 4.46625 4.55057 4.56337 
2.03622 2.16521 3.75555 3.75665 4.0467 4.46625 4.55057 4.56337 
2.03622 2.16521 3.75555 3.75665 4.0467 4.46625 4.55057 4.56337 
2.03622 2.16521 3.75555 3.75665 4.0467 4.46625 4.55057 4.56337 
2.03622 2.16521 3.75555 3.75665 4.0467 4.46625 4.55057 4.56337 
2.03622 2.16521 3.75555 3.75665 4.0467 4.46625 4.55057 4.56337 
2.03622 2.16521 3.75555 3.75665 4.0467 4.46625 4.55057 4.56337 
2.03622 2.16521 3.75555 3.75665 4.0467 4.46625 4.55057 4.56337 
2.03622 2.16521 3.75555 3.75665 4.0467 4.46625 4.55057 4.56337 
2.03622 2.16521 3.75555 3.75665 4.0467 4.46625 4.55057 4.56337 
2.03622 2.16521 3.75555 3.75665 4.0467 4.46625 4.55057 4.56337 
2.03622 2.16521 3.75555 3.75665 4.0467 4.46625 4.55057 4.56337 
2.03622 2.16521 3.75555 3.75665 4.0467 4.46625 4.55057 4.56337 
2.03622 2.16521 3.75555 3.75665 4.0467 4.46625 4.55057 4.56337 
2.03622 2.16521 3.75555 3.75665 4.0467 4.46625 4.55057 4.56337 
2.03622 2.16521 3.75555 3.75665 4.0467 4.46625 4.55057 4.56337 
2.03622 2.16521 3.75555 3.75665 4.0467 4.46625 4.55057 4.56337 
2.03622 2.16521 3.75555 3.75665 4.0467 4.46625 4.55057 4.56337 
2.03622 2.16521 3.75555 3.75665 4.0467 4.46625 4.55057 4.56337 
2.03622 2.16521 3.75555 3.75665 4.0467 4.46625 4.55057 4.56337 
2.03622 2.16521 3.75555 3.75665 4.0467 4.46625 4.55057 4.56337 
2.03622 2.16521 3.75555 3.75665 4.0467 4.46625 4.55057 4.56337 
2.03622 2.16521 3.75555 3.75665 4.0467 4.46625 4.55057 4.56337 
2.03622 2.16521 3.75555 3.75665 4.0467 4.46625 4.55057 4.56337 
2.03622 2.16521 3.75555 3.75665 4.0467 4.46625 4.55057 4.56337 
2.03622 2.16521 3.75555 3.75665 4.0467 4.46625 4.55057 4.56337 
2.03622 2.16521 3.75555 3.75665 4.0467 4.46625 4.55057 4.56337 
2.03622 2.16521 3.75555 3.75665 4.0467 4.46625 4.55057 4.56337 
2.03622 2.16521 3.75555 3.75665 4.0467 4.46625 4.55057 4.56337 
2.03622 2.16521 3.75555 3.75665 4.0467 4.46625 4.55057 4.56337 
2.03622 2.16521 3.75555 3.75665 4.0467 4.46625 4.55057 4.56337 
2.03622 2.16521 3.75555 3.75665 4.0467 4.46625 4.55057 4.56337 
2.03622 2.16521 3.75555 3.75665 4.0467 4.46625 4.55057 4.56337 
2.03622 2.16521 3.75555 3.75665 4.0467 4.46625 4.55057 4.56337 
2.03622 2.16521 3.75555 3.75665 4.0467 4.46625 4.55057 4.56337 
2.03622 2.16521 3.75555 3.75665 4.0467 4.46625 4.55057 4.56337 
2.03622 2.16521 3.75555 3.75665 4.0467 4.46625 4.55057 4.56337 
2.03622 2.16521 3.75555 3.75665 4.0467 4.46625 4.55057 4.56337 
2.03622 2.16521 3.75555 3.75665 4.0467 4.46625 4.55057 4.56337 
2.03622 2.16521 3.75555 3.75665 4.0467 4.46625 4.55057 4.56337 
