4.24243 4.50913 5.94181 6.2736 6.34799 7.59035 7.71228 8.44511 
3.44144 4.24243 4.50913 4.56114 5.92789 5.94181 6.2736 6.34799 
3.44144 3.91186 4.24243 4.50913 4.56114 5.92789 5.94181 6.2736 
2.394 3.15732 3.44144 3.91186 4.24243 4.50913 4.56114 5.5962 
2.394 3.15732 3.44144 3.91186 4.24243 4.50913 4.56114 5.50108 
2.394 3.15732 3.44144 3.91186 4.24243 4.50913 4.5184 4.56114 
2.394 3.15732 3.38536 3.44144 3.52536 3.91186 4.02147 4.24243 
2.394 3.15732 3.38536 3.44144 3.52536 3.78919 3.91186 4.02147 
2.394 3.15732 3.38536 3.44144 3.52536 3.78919 3.91186 3.97344 
2.394 3.15732 3.38536 3.44144 3.52536 3.57757 3.78919 3.91186 
2.394 3.15732 3.38536 3.44144 3.49509 3.52536 3.57757 3.78919 
0.692095 2.394 3.15732 3.38536 3.44144 3.49509 3.52536 3.57757 
0.692095 2.394 3.15732 3.38536 3.44144 3.49509 3.52536 3.57757 
0.692095 2.394 3.15732 3.38536 3.44144 3.49509 3.52536 3.57757 
0.692095 2.394 3.15732 3.38536 3.44144 3.49509 3.52536 3.57757 
0.692095 2.394 2.85408 3.15732 3.38536 3.44144 3.49509 3.52536 
0.692095 2.394 2.85408 3.01301 3.15732 3.27052 3.38536 3.44144 
0.692095 2.394 2.85408 3.01301 3.03386 3.15732 3.27052 3.38536 
0.692095 2.394 2.85408 3.01301 3.03386 3.15732 3.27052 3.38536 
0.692095 2.394 2.85408 3.01301 3.02641 3.03386 3.15732 3.27052 
0.692095 2.394 2.85408 3.01301 3.02641 3.03386 3.15732 3.27052 
0.692095 2.394 2.85408 3.01301 3.02641 3.03386 3.15732 3.27052 
0.692095 2.19742 2.394 2.85408 3.01301 3.02641 3.03386 3.15732 
0.692095 2.19742 2.394 2.85408 3.01301 3.02641 3.03386 3.15732 
0.692095 2.19742 2.394 2.85408 3.01301 3.02641 3.03386 3.15732 
0.692095 2.14304 2.19742 2.28037 2.394 2.85408 3.01301 3.02641 
0.692095 2.14304 2.19742 2.25462 2.28037 2.394 2.85408 3.01301 
0.692095 2.14304 2.19742 2.22119 2.25462 2.28037 2.394 2.81558 
0.692095 2.14304 2.19742 2.22119 2.25462 2.28037 2.394 2.81558 
0.692095 2.14304 2.19742 2.22119 2.25462 2.28037 2.394 2.81558 
0.692095 2.14304 2.19742 2.22119 2.25462 2.28037 2.394 2.66615 
0.692095 2.14304 2.19742 2.22119 2.25462 2.28037 2.394 2.55232 
0.692095 2.14304 2.19742 2.22119 2.25462 2.28037 2.394 2.55232 
0.692095 2.13444 2.14304 2.19742 2.22119 2.25462 2.28037 2.394 
0.692095 2.13444 2.14304 2.19742 2.22119 2.25462 2.28037 2.394 
0.692095 2.13444 2.14304 2.19742 2.22119 2.25462 2.28037 2.394 
0.339211 0.692095 1.91449 2.13444 2.14304 2.19742 2.22119 2.25462 
0.0415331 0.339211 0.692095 0.900163 1.91449 2.13444 2.14304 2.19742 
0.0415331 0.339211 0.353077 0.692095 0.900163 1.2509 1.69418 1.91449 
0.0415331 0.339211 0.353077 0.692095 0.900163 1.2509 1.49385 1.69418 
0.0415331 0.339211 0.353077 0.588151 0.670172 0.692095 0.900163 1.2509 
0.0415331 0.339211 0.353077 0.588151 0.670172 0.692095 0.900163 1.2509 
0.0415331 0.339211 0.353077 0.508341 0.588151 0.670172 0.692095 0.900163 
0.0415331 0.339211 0.353077 0.508341 0.588151 0.670172 0.692095 0.900163 
0.0415331 0.339211 0.353077 0.508341 0.588151 0.670172 0.692095 0.900163 
0.0415331 0.339211 0.353077 0.508341 0.588151 0.670172 0.692095 0.900163 
0.0415331 0.124721 0.339211 0.353077 0.508341 0.588151 0.670172 0.692095 
0.0415331 0.124721 0.339211 0.353077 0.508341 0.588151 0.670172 0.692095 
0.0415331 0.124721 0.339211 0.353077 0.508341 0.588151 0.644119 0.670172 
0.0415331 0.124721 0.339211 0.353077 0.508341 0.588151 0.644119 0.670172 
0.0415331 0.124721 0.339211 0.353077 0.508341 0.588151 0.644119 0.670172 
0.0415331 0.124721 0.339211 0.353077 0.508341 0.588151 0.644119 0.670172 
0.0415331 0.124721 0.339211 0.353077 0.508341 0.588151 0.644119 0.670172 
0.0415331 0.124721 0.339211 0.353077 0.508341 0.588151 0.644119 0.670172 
0.0415331 0.124721 0.339211 0.353077 0.508341 0.588151 0.644119 0.670172 
0.0415331 0.124721 0.339211 0.353077 0.508341 0.588151 0.644119 0.670172 
0.0415331 0.124721 0.339211 0.353077 0.508341 0.588151 0.644119 0.670172 
0.0415331 0.124721 0.339211 0.353077 0.508341 0.588151 0.644119 0.670172 
0.0415331 0.124721 0.339211 0.353077 0.508341 0.588151 0.644119 0.670172 
0.0415331 0.124721 0.339211 0.353077 0.508341 0.588151 0.644119 0.670172 
0.0415331 0.124721 0.339211 0.353077 0.508341 0.588151 0.644119 0.670172 
0.0415331 0.124721 0.339211 0.353077 0.508341 0.588151 0.644119 0.670172 
0.0415331 0.124721 0.339211 0.353077 0.508341 0.588151 0.644119 0.670172 
0.0415331 0.124721 0.339211 0.353077 0.508341 0.588151 0.644119 0.670172 
0.0415331 0.124721 0.339211 0.353077 0.508341 0.588151 0.644119 0.670172 
0.0415331 0.124721 0.339211 0.353077 0.508341 0.588151 0.644119 0.670172 
0.0415331 0.124721 0.339211 0.353077 0.508341 0.588151 0.644119 0.670172 
0.0415331 0.124721 0.339211 0.353077 0.508341 0.588151 0.644119 0.670172 
0.0415331 0.124721 0.339211 0.353077 0.508341 0.588151 0.644119 0.670172 
0.0415331 0.124721 0.339211 0.353077 0.508341 0.588151 0.644119 0.670172 
0.0415331 0.124721 0.339211 0.353077 0.508341 0.588151 0.644119 0.670172 
0.0415331 0.124721 0.339211 0.353077 0.508341 0.588151 0.644119 0.670172 
0.0415331 0.124721 0.339211 0.353077 0.508341 0.588151 0.644119 0.670172 
0.0415331 0.124721 0.339211 0.353077 0.508341 0.588151 0.644119 0.670172 
0.0415331 0.124721 0.339211 0.353077 0.508341 0.588151 0.644119 0.670172 
0.0415331 0.124721 0.339211 0.353077 0.508341 0.588151 0.644119 0.670172 
0.0415331 0.124721 0.339211 0.353077 0.508341 0.588151 0.644119 0.670172 
0.0415331 0.124721 0.339211 0.353077 0.508341 0.588151 0.644119 0.670172 
0.0415331 0.124721 0.339211 0.353077 0.508341 0.588151 0.644119 0.670172 
0.0415331 0.124721 0.339211 0.353077 0.508341 0.588151 0.644119 0.670172 
0.0415331 0.124721 0.339211 0.353077 0.508341 0.588151 0.644119 0.670172 
0.0415331 0.124721 0.339211 0.353077 0.508341 0.588151 0.644119 0.670172 
0.0415331 0.124721 0.339211 0.353077 0.508341 0.588151 0.644119 0.670172 
0.0415331 0.124721 0.339211 0.353077 0.508341 0.588151 0.644119 0.670172 
0.0415331 0.124721 0.339211 0.353077 0.508341 0.588151 0.644119 0.670172 
0.0415331 0.124721 0.339211 0.353077 0.508341 0.588151 0.644119 0.670172 
0.0415331 0.124721 0.339211 0.353077 0.508341 0.588151 0.644119 0.670172 
0.0415331 0.124721 0.339211 0.353077 0.508341 0.588151 0.644119 0.670172 
0.0415331 0.124721 0.339211 0.353077 0.508341 0.588151 0.644119 0.670172 
0.0415331 0.124721 0.339211 0.353077 0.508341 0.588151 0.644119 0.670172 
0.0415331 0.124721 0.339211 0.353077 0.508341 0.588151 0.644119 0.670172 
0.0415331 0.124721 0.339211 0.353077 0.508341 0.588151 0.644119 0.670172 
0.0415331 0.124721 0.339211 0.353077 0.508341 0.588151 0.644119 0.670172 
0.0415331 0.124721 0.339211 0.353077 0.508341 0.588151 0.644119 0.670172 
0.0415331 0.124721 0.339211 0.353077 0.508341 0.588151 0.644119 0.670172 
0.0415331 0.124721 0.339211 0.353077 0.508341 0.588151 0.644119 0.670172 
0.0415331 0.124721 0.339211 0.353077 0.508341 0.588151 0.644119 0.670172 
0.0415331 0.124721 0.339211 0.353077 0.508341 0.588151 0.644119 0.670172 
0.0415331 0.124721 0.339211 0.353077 0.508341 0.588151 0.644119 0.670172 
0.0415331 0.124721 0.339211 0.353077 0.508341 0.588151 0.644119 0.670172 
