2.75873 3.26251 4.34495 5.48013 5.98751 7.468 7.71429 8.17731 
2.75873 3.26251 4.34495 4.48947 5.48013 5.98751 7.36968 7.468 
2.75873 3.26251 4.34495 4.48947 5.48013 5.901 5.98751 7.36968 
2.75873 3.26251 4.34495 4.48947 5.48013 5.901 5.98751 6.52749 
2.75873 3.26251 4.34495 4.48947 5.48013 5.901 5.98751 6.52749 
2.75873 3.26251 4.34495 4.48947 5.48013 5.901 5.98751 6.52749 
2.75873 2.88912 3.26251 4.34495 4.48947 5.48013 5.901 5.98751 
2.75873 2.88912 3.26251 4.34495 4.48947 5.48013 5.901 5.98751 
0.525333 2.75873 2.88912 3.26251 3.5446 4.34495 4.43053 4.48947 
0.525333 2.75873 2.88912 3.26251 3.5446 4.34495 4.43053 4.48947 
0.525333 2.75873 2.88912 3.26251 3.267 3.5446 4.34495 4.43053 
0.525333 2.75873 2.88912 3.10153 3.26251 3.267 3.5446 4.34495 
0.525333 2.75873 2.88912 3.10153 3.26251 3.267 3.5446 4.34495 
0.525333 2.75873 2.88912 3.10153 3.26251 3.267 3.27624 3.5446 
0.525333 2.75873 2.88912 3.10153 3.26251 3.267 3.27624 3.5446 
0.525333 2.75873 2.88912 3.10153 3.26251 3.267 3.27624 3.38116 
0.525333 2.75873 2.88912 3.10153 3.26251 3.267 3.27624 3.38116 
0.525333 2.75873 2.88912 3.06531 3.10153 3.17669 3.26251 3.267 
0.525333 2.75873 2.88912 3.06531 3.10153 3.17669 3.26251 3.267 
0.525333 2.75873 2.88912 3.06531 3.10153 3.17669 3.26251 3.267 
0.525333 2.75873 2.88912 3.06531 3.10153 3.17669 3.26251 3.267 
0.525333 2.75873 2.88912 3.06531 3.10153 3.17669 3.26251 3.267 
0.525333 2.75873 2.88912 3.06531 3.10153 3.17669 3.26251 3.267 
0.525333 2.75873 2.88912 3.06531 3.10153 3.17669 3.26251 3.267 
0.525333 2.75873 2.88912 3.04939 3.06531 3.10153 3.17669 3.26251 
0.525333 2.75873 2.88912 3.04939 3.06531 3.10153 3.17669 3.26251 
0.525333 2.75873 2.88912 3.04939 3.06531 3.10153 3.17669 3.26251 
0.525333 1.82743 2.75873 2.88912 3.04939 3.06531 3.10153 3.17669 
0.525333 1.82743 2.75873 2.88912 3.04939 3.06531 3.10153 3.17669 
0.525333 1.82743 2.75873 2.88912 3.04939 3.06531 3.10153 3.17669 
0.525333 1.82743 2.75873 2.88912 3.04939 3.06531 3.10153 3.17669 
0.525333 0.635228 1.82743 2.75873 2.88912 3.04939 3.06531 3.10153 
0.525333 0.635228 1.82743 2.75873 2.88912 3.04939 3.06531 3.10153 
0.525333 0.635228 1.82743 2.75873 2.88912 3.04939 3.06531 3.10153 
0.525333 0.635228 1.82743 2.75873 2.88912 3.04939 3.06531 3.10153 
0.525333 0.635228 1.82743 2.75873 2.88912 3.04939 3.06531 3.10153 
0.525333 0.635228 1.82743 2.75873 2.88912 3.04939 3.06531 3.10153 
0.525333 0.635228 1.82743 2.75873 2.88912 3.04939 3.06531 3.10153 
0.525333 0.635228 1.82743 2.75873 2.88912 3.04939 3.06531 3.10153 
0.525333 0.635228 1.82743 2.75873 2.79428 2.88912 3.04939 3.06531 
0.525333 0.635228 1.82743 2.75873 2.79428 2.88912 3.04939 3.06531 
0.525333 0.635228 1.82743 2.75873 2.79428 2.88912 2.96143 3.04939 
0.525333 0.635228 0.880989 1.82743 2.02469 2.75873 2.79428 2.88912 
0.525333 0.635228 0.880989 1.82743 2.02469 2.75873 2.79428 2.88912 
0.525333 0.635228 0.880989 1.82743 2.02469 2.75873 2.79428 2.88912 
0.525333 0.635228 0.880989 1.82743 2.02469 2.63077 2.75873 2.79428 
0.525333 0.635228 0.880989 1.82743 2.02469 2.63077 2.75873 2.79428 
0.525333 0.635228 0.880989 1.82743 2.02469 2.63077 2.75873 2.79428 
0.525333 0.635228 0.880989 1.82743 2.02469 2.63077 2.75873 2.79428 
0.525333 0.635228 0.880989 1.82743 2.02469 2.63077 2.75873 2.79428 
0.525333 0.635228 0.880989 1.82743 2.02469 2.63077 2.74474 2.75873 
0.525333 0.635228 0.880989 1.82743 2.02469 2.63077 2.74474 2.75873 
0.525333 0.635228 0.880989 1.82743 2.02469 2.63077 2.74474 2.75873 
0.525333 0.635228 0.880989 1.82743 2.02469 2.63077 2.74474 2.75873 
0.525333 0.635228 0.880989 1.82743 2.02469 2.63077 2.69759 2.74474 
0.525333 0.635228 0.880989 1.82743 2.02469 2.63077 2.69759 2.74474 
0.525333 0.635228 0.880989 1.82743 2.02469 2.63077 2.69759 2.74474 
0.525333 0.635228 0.880989 1.82743 2.02469 2.63077 2.69759 2.74474 
0.525333 0.635228 0.880989 1.82743 2.02469 2.63077 2.69759 2.74474 
0.525333 0.635228 0.880989 1.82743 2.02469 2.5997 2.63077 2.69759 
0.525333 0.635228 0.880989 1.82743 2.02469 2.5997 2.63077 2.69759 
0.525333 0.635228 0.880989 1.82743 2.02469 2.5997 2.63077 2.69759 
0.525333 0.635228 0.880989 1.82743 2.02469 2.5997 2.63077 2.69759 
0.525333 0.635228 0.880989 1.82743 2.02469 2.30247 2.54047 2.5997 
0.525333 0.635228 0.880989 1.82743 2.02469 2.30247 2.5352 2.54047 
0.525333 0.635228 0.880989 1.82743 2.02469 2.30247 2.53321 2.5352 
0.525333 0.635228 0.880989 1.82743 2.02469 2.30247 2.52421 2.53321 
0.525333 0.635228 0.880989 1.82743 2.02469 2.30247 2.52421 2.53321 
0.525333 0.635228 0.880989 1.82743 2.02469 2.30247 2.46112 2.52421 
0.525333 0.635228 0.880989 1.82743 2.02469 2.30247 2.39264 2.46112 
0.525333 0.635228 0.880989 1.82743 2.02469 2.30247 2.39264 2.3977 
0.525333 0.635228 0.880989 1.82743 2.02469 2.30247 2.39264 2.3977 
0.525333 0.635228 0.880989 1.82743 2.02469 2.30247 2.39264 2.3977 
0.525333 0.635228 0.880989 1.82743 2.02469 2.30247 2.39264 2.3977 
0.525333 0.635228 0.880989 1.82743 2.02469 2.21699 2.30247 2.39264 
0.525333 0.635228 0.880989 1.82743 2.02469 2.21699 2.30247 2.39264 
0.525333 0.635228 0.880989 1.6188 1.82743 2.02469 2.21699 2.30247 
0.525333 0.635228 0.880989 1.6188 1.82743 2.02469 2.21699 2.30247 
0.525333 0.635228 0.880989 1.11828 1.26506 1.32538 1.6188 1.82743 
0.525333 0.635228 0.880989 1.11828 1.26506 1.32538 1.57905 1.6188 
0.525333 0.635228 0.880989 1.11828 1.26506 1.32538 1.57905 1.6188 
0.525333 0.635228 0.880989 1.11828 1.26506 1.32538 1.57905 1.6188 
0.525333 0.635228 0.880989 1.11757 1.11828 1.26506 1.32368 1.32538 
0.525333 0.635228 0.880989 1.11757 1.11828 1.26506 1.32368 1.32538 
0.525333 0.635228 0.880989 1.11757 1.11828 1.26506 1.32368 1.32538 
0.525333 0.635228 0.880989 1.11757 1.11828 1.26506 1.32368 1.32538 
0.525333 0.635228 0.880989 1.11757 1.11828 1.26506 1.32368 1.32538 
0.525333 0.635228 0.880989 1.11757 1.11828 1.26506 1.32368 1.32538 
0.525333 0.635228 0.880989 1.11757 1.11828 1.26506 1.31326 1.32368 
0.525333 0.635228 0.880989 1.07621 1.11757 1.11828 1.12462 1.25582 
0.525333 0.635228 0.880989 1.07621 1.11757 1.11828 1.12462 1.25582 
0.525333 0.635228 0.880989 1.07621 1.11757 1.11828 1.12462 1.1446 
0.525333 0.635228 0.880989 1.07621 1.11757 1.11828 1.12462 1.1446 
0.525333 0.635228 0.880989 1.07621 1.11757 1.11828 1.12462 1.1446 
0.525333 0.635228 0.741608 0.880989 1.07621 1.11757 1.11828 1.12462 
0.525333 0.635228 0.741608 0.880989 1.07621 1.11757 1.11828 1.12462 
0.525333 0.635228 0.741608 0.880989 1.07621 1.11757 1.11828 1.12462 
0.525333 0.635228 0.709199 0.741608 0.880989 1.07621 1.11757 1.11828 
0.343471 0.525333 0.635228 0.703875 0.709199 0.741608 0.880989 1.07621 
0.343471 0.525333 0.635228 0.703875 0.709199 0.741608 0.835642 0.880545 
