2.84512 4.09142 5.1391 5.34711 5.78064 5.95744 6.03488 6.51472 
2.84512 4.09142 5.1391 5.34711 5.44196 5.69185 5.78064 5.95744 
1.90869 2.84512 3.78959 4.09142 5.1391 5.34711 5.44196 5.69185 
1.90869 2.84512 3.75407 3.78959 4.09142 5.1391 5.34711 5.44196 
1.90869 2.84512 3.75407 3.78959 4.09142 5.1391 5.34711 5.44196 
1.90869 2.84512 3.75407 3.78959 4.09142 5.1391 5.31149 5.34711 
1.90869 2.84512 3.75407 3.78959 3.91433 4.09142 4.33512 5.1391 
1.90869 2.84512 3.14831 3.75407 3.78959 3.91433 4.09142 4.2922 
1.90869 2.84512 3.14831 3.44014 3.75407 3.78959 3.91433 4.09142 
1.90869 2.84512 3.14831 3.44014 3.75407 3.78959 3.91433 4.09142 
0.926339 1.90869 2.84512 3.14831 3.44014 3.75407 3.78959 3.91433 
0.926339 1.90869 2.84512 3.14831 3.44014 3.75407 3.78959 3.91433 
0.926339 1.90869 2.84512 3.14831 3.44014 3.75407 3.78959 3.91433 
0.926339 1.90869 2.84512 3.14831 3.44014 3.75407 3.78959 3.91433 
0.926339 1.90869 2.84512 3.14831 3.44014 3.75407 3.78959 3.91433 
0.926339 1.90869 2.84512 3.14831 3.44014 3.75407 3.78959 3.91433 
0.926339 1.90869 2.84512 3.14831 3.20856 3.44014 3.57687 3.75407 
0.926339 1.90869 2.84512 3.14831 3.20856 3.44014 3.57687 3.75407 
0.926339 1.90869 2.84512 3.14831 3.20856 3.38102 3.44014 3.57687 
0.926339 1.90869 2.84512 3.14831 3.20856 3.38102 3.44014 3.57687 
0.926339 1.90869 2.84512 3.14831 3.20856 3.38102 3.44014 3.57687 
0.926339 1.90869 2.84512 3.14831 3.20856 3.38102 3.44014 3.57687 
0.926339 1.90869 2.84512 3.14831 3.20856 3.38102 3.44014 3.57687 
0.926339 1.90869 2.84512 3.14831 3.20856 3.38102 3.44014 3.57687 
0.926339 1.90869 2.84512 3.14831 3.20856 3.38102 3.44014 3.57687 
0.926339 1.90869 2.84512 3.14831 3.20856 3.38102 3.44014 3.57687 
0.926339 1.90869 2.78631 2.84512 3.14831 3.20856 3.38102 3.44014 
0.926339 1.90869 2.78631 2.84512 3.14831 3.20856 3.38102 3.44014 
0.926339 1.90869 2.78631 2.84512 3.14831 3.20856 3.38102 3.44014 
0.926339 1.90869 2.78631 2.84512 3.14831 3.20856 3.38102 3.44014 
0.926339 1.90869 2.78631 2.84512 3.14831 3.20856 3.38102 3.44014 
0.926339 1.90869 2.6481 2.78631 2.84512 3.14831 3.20856 3.38102 
0.926339 1.90869 2.6481 2.78631 2.84512 3.14831 3.20856 3.38102 
0.926339 1.90869 2.6481 2.78631 2.84512 3.14831 3.20856 3.38102 
0.926339 1.90869 2.6481 2.78631 2.84512 3.14831 3.20856 3.28638 
0.926339 1.90869 2.6481 2.78631 2.84512 3.14831 3.20856 3.28638 
0.926339 1.90869 2.6481 2.78631 2.84512 3.14831 3.20856 3.28638 
0.926339 1.90869 2.6481 2.78631 2.84512 3.14831 3.15324 3.20856 
0.926339 1.90869 2.6481 2.78631 2.84512 3.14831 3.15324 3.20856 
0.926339 1.90869 2.6481 2.78631 2.84512 3.14831 3.15324 3.20856 
0.926339 1.90869 2.6481 2.78631 2.84512 3.14831 3.15324 3.20856 
0.926339 1.90869 2.6481 2.78631 2.84512 2.85946 3.14831 3.15324 
0.926339 1.90869 2.6481 2.78631 2.84512 2.85946 3.14831 3.15324 
0.926339 1.90869 2.6481 2.78631 2.84512 2.85946 3.14831 3.15324 
0.926339 1.90869 2.59559 2.6481 2.78631 2.84512 2.85946 3.14831 
0.926339 1.90869 2.59559 2.6481 2.78631 2.84512 2.85946 3.14831 
0.926339 1.90869 2.59559 2.6481 2.78631 2.84512 2.85946 3.14831 
0.926339 1.90869 2.59559 2.6481 2.78631 2.84512 2.85946 3.14831 
0.926339 1.90869 2.59559 2.6481 2.78631 2.84512 2.85946 3.14831 
0.926339 1.90869 2.59559 2.6481 2.78631 2.84512 2.85946 3.14831 
0.926339 1.90869 2.59559 2.6481 2.78631 2.84512 2.85946 3.14831 
0.926339 1.90869 2.59559 2.6481 2.78631 2.84512 2.85946 3.14831 
0.926339 1.90869 2.59559 2.6481 2.78631 2.84512 2.85946 3.14831 
0.926339 1.90869 2.59559 2.6481 2.78631 2.84512 2.85946 3.14831 
0.926339 1.90869 2.59559 2.6481 2.78631 2.84512 2.85946 3.14831 
0.926339 1.90869 2.59559 2.6481 2.78631 2.84512 2.85946 3.14831 
0.926339 1.90869 2.59559 2.6481 2.78631 2.84512 2.85946 3.14831 
0.926339 1.90869 2.59559 2.6481 2.78631 2.84512 2.85946 3.14831 
0.926339 1.90869 2.59559 2.6481 2.78631 2.84512 2.85946 3.14831 
0.926339 1.90869 2.59559 2.6481 2.78631 2.84512 2.85946 3.14831 
0.926339 1.90869 2.59559 2.6481 2.78631 2.84512 2.85946 3.14831 
0.926339 1.90869 2.59559 2.6481 2.78631 2.84512 2.85946 3.14831 
0.926339 1.90869 2.59559 2.6481 2.78631 2.84512 2.85946 3.14831 
0.926339 1.90869 2.59559 2.6481 2.78631 2.84512 2.85946 3.14831 
0.926339 1.90869 2.59559 2.6481 2.78631 2.84512 2.85946 3.14831 
0.926339 1.90869 2.59559 2.6481 2.78631 2.84512 2.85946 3.14831 
0.926339 1.90869 2.59559 2.6481 2.78631 2.84512 2.85946 3.14831 
0.926339 1.90869 2.59559 2.6481 2.78631 2.84512 2.85946 3.14831 
0.926339 1.90869 2.59559 2.6481 2.78631 2.84512 2.85946 3.14831 
0.926339 1.90869 2.59559 2.6481 2.78631 2.84512 2.85946 3.14831 
0.926339 1.90869 2.59559 2.6481 2.78631 2.84512 2.85946 3.14831 
0.926339 1.90869 2.59559 2.6481 2.78631 2.84512 2.85946 3.14831 
0.926339 1.90869 2.59559 2.6481 2.78631 2.84512 2.85946 3.14831 
0.926339 1.90869 2.59559 2.6481 2.78631 2.84512 2.85946 3.14831 
0.926339 1.90869 2.59559 2.6481 2.78631 2.84512 2.85946 3.14831 
0.926339 1.90869 2.59559 2.6481 2.78631 2.84512 2.85946 3.14831 
0.926339 1.90869 2.59559 2.6481 2.78631 2.84512 2.85946 3.14831 
0.926339 1.90869 2.59559 2.6481 2.78631 2.84512 2.85946 3.14831 
0.926339 1.90869 2.59559 2.6481 2.78631 2.84512 2.85946 3.14831 
0.926339 1.90869 2.59559 2.6481 2.78631 2.84512 2.85946 3.14831 
0.926339 1.90869 2.59559 2.6481 2.78631 2.84512 2.85946 3.14831 
0.926339 1.90869 2.59559 2.6481 2.78631 2.84512 2.85946 3.14831 
0.926339 1.90869 2.59559 2.6481 2.78631 2.84512 2.85946 3.14831 
0.926339 1.90869 2.59559 2.6481 2.78631 2.84512 2.85946 3.14831 
0.926339 1.90869 2.59559 2.6481 2.78631 2.84512 2.85946 3.14831 
0.926339 1.90869 2.59559 2.6481 2.78631 2.84512 2.85946 3.14831 
0.926339 1.90869 2.59559 2.6481 2.78631 2.84512 2.85946 3.14831 
0.926339 1.90869 2.59559 2.6481 2.78631 2.84512 2.85946 3.14831 
0.926339 1.90869 2.59559 2.6481 2.78631 2.84512 2.85946 3.14831 
0.926339 1.90869 2.59559 2.6481 2.78631 2.84512 2.85946 3.14831 
0.926339 1.90869 2.59559 2.6481 2.78631 2.84512 2.85946 3.14831 
0.926339 1.90869 2.59559 2.6481 2.78631 2.84512 2.85946 3.14831 
0.926339 1.90869 2.59559 2.6481 2.78631 2.84512 2.85946 3.14831 
0.926339 1.90869 2.59559 2.6481 2.78631 2.84512 2.85946 3.14831 
0.926339 1.90869 2.59559 2.6481 2.78631 2.84512 2.85946 3.14831 
0.926339 1.90869 2.59559 2.6481 2.78631 2.84512 2.85946 3.14831 
0.926339 1.90869 2.59559 2.6481 2.78631 2.84512 2.85946 3.14831 
0.926339 1.90869 2.59559 2.6481 2.78631 2.84512 2.85946 3.14831 
0.926339 1.90869 2.59559 2.6481 2.78631 2.84512 2.85946 3.14831 
0.926339 1.90869 2.59559 2.6481 2.78631 2.84512 2.85946 3.14831 
