2.43382 3.68296 5.27483 5.34166 5.90393 6.11117 6.2256 6.4321 
0.770155 2.43382 2.83026 3.68296 4.58099 5.27483 5.34166 5.47834 
0.770155 2.43382 2.83026 3.68296 4.3338 4.58099 5.1464 5.27483 
0.698011 0.770155 2.43382 2.82755 2.83026 3.68296 3.81369 4.3338 
0.698011 0.770155 1.21949 2.43382 2.82755 2.83026 3.59336 3.68296 
0.698011 0.770155 1.16979 1.21949 2.43382 2.82755 2.83026 2.89075 
0.698011 0.770155 1.16979 1.21949 2.43382 2.82755 2.83026 2.89075 
0.698011 0.770155 1.16979 1.21949 2.43382 2.82755 2.83026 2.89075 
0.698011 0.770155 1.16979 1.21949 1.28282 2.43382 2.82755 2.83026 
0.623614 0.698011 0.770155 1.16979 1.21949 1.28282 2.43382 2.82755 
0.623614 0.698011 0.770155 1.16979 1.21949 1.28282 2.43382 2.82755 
0.623614 0.698011 0.770155 1.16979 1.21949 1.28282 2.43382 2.82755 
0.623614 0.698011 0.770155 1.16979 1.21949 1.28282 2.43382 2.82755 
0.623614 0.698011 0.770155 1.16979 1.21949 1.28282 2.43382 2.60878 
0.623614 0.698011 0.770155 1.16979 1.21949 1.28282 2.43382 2.60878 
0.623614 0.698011 0.770155 1.16979 1.21949 1.28282 2.43382 2.60878 
0.623614 0.698011 0.770155 1.16979 1.21949 1.28282 2.43382 2.60878 
0.623614 0.698011 0.770155 1.16979 1.21949 1.28282 2.43382 2.60878 
0.623614 0.698011 0.770155 1.16979 1.21949 1.28282 2.43382 2.60878 
0.623614 0.698011 0.770155 1.16979 1.21949 1.28282 2.43382 2.60878 
0.623614 0.698011 0.770155 1.16979 1.21949 1.28282 2.43382 2.60878 
0.623614 0.698011 0.770155 1.16979 1.21949 1.28282 2.43382 2.60878 
0.623614 0.698011 0.770155 1.16979 1.21949 1.28282 2.43382 2.60878 
0.623614 0.698011 0.770155 1.16979 1.21949 1.28282 2.43382 2.60878 
0.623614 0.698011 0.770155 1.16979 1.21949 1.28282 2.43382 2.60878 
0.623614 0.698011 0.770155 1.16979 1.21949 1.28282 2.43382 2.60878 
0.623614 0.698011 0.770155 1.16979 1.21949 1.28282 2.43382 2.60878 
0.623614 0.698011 0.770155 1.16979 1.21949 1.28282 2.43382 2.60878 
0.623614 0.698011 0.770155 1.16979 1.21949 1.28282 2.43382 2.60878 
0.623614 0.698011 0.770155 1.16979 1.21949 1.28282 2.43382 2.60878 
0.623614 0.698011 0.770155 1.16979 1.21949 1.28282 2.43382 2.60878 
0.623614 0.698011 0.770155 1.16979 1.21949 1.28282 2.43382 2.60878 
0.623614 0.698011 0.770155 1.16979 1.21949 1.28282 2.43382 2.60878 
0.446223 0.623614 0.698011 0.770155 1.16979 1.21949 1.28282 2.43382 
0.446223 0.623614 0.698011 0.770155 1.16979 1.21949 1.28282 2.43382 
0.446223 0.623614 0.698011 0.770155 1.16979 1.21949 1.28282 2.21737 
0.446223 0.623614 0.698011 0.770155 1.16979 1.21949 1.28282 2.21737 
0.446223 0.623614 0.698011 0.770155 1.16979 1.21949 1.28282 2.21737 
0.446223 0.623614 0.698011 0.770155 1.16979 1.21949 1.28282 2.21737 
0.446223 0.623614 0.698011 0.770155 1.16979 1.21949 1.28282 2.21737 
0.446223 0.623614 0.698011 0.770155 1.16979 1.21949 1.28282 2.21737 
0.446223 0.623614 0.698011 0.770155 1.02987 1.16979 1.21949 1.28282 
0.446223 0.623614 0.698011 0.770155 1.02987 1.16979 1.21949 1.28282 
0.446223 0.623614 0.698011 0.770155 1.02987 1.16979 1.21949 1.28282 
0.446223 0.623614 0.698011 0.770155 1.02987 1.16979 1.21949 1.28282 
0.446223 0.623614 0.698011 0.770155 1.02987 1.16979 1.21949 1.28282 
0.446223 0.623614 0.698011 0.770155 1.02987 1.16979 1.21949 1.28282 
0.446223 0.623614 0.698011 0.770155 1.02987 1.16979 1.21949 1.28282 
0.446223 0.623614 0.698011 0.770155 1.02987 1.16979 1.21949 1.28282 
0.446223 0.623614 0.698011 0.770155 1.02987 1.16979 1.21949 1.28282 
0.446223 0.623614 0.698011 0.770155 1.02987 1.16979 1.21949 1.28282 
0.446223 0.623614 0.698011 0.770155 1.02987 1.16979 1.21949 1.28282 
0.446223 0.623614 0.698011 0.770155 1.02987 1.16979 1.21949 1.28282 
0.446223 0.623614 0.698011 0.770155 1.02987 1.16979 1.21949 1.28282 
0.446223 0.623614 0.698011 0.770155 1.02987 1.16979 1.21949 1.28282 
0.446223 0.623614 0.698011 0.770155 1.02987 1.16979 1.21949 1.28282 
0.446223 0.623614 0.698011 0.770155 1.02987 1.16979 1.21949 1.28282 
0.446223 0.623614 0.698011 0.770155 1.02987 1.16979 1.21949 1.28282 
0.446223 0.623614 0.698011 0.770155 1.02987 1.16979 1.21949 1.28282 
0.446223 0.623614 0.698011 0.770155 1.02987 1.16979 1.21949 1.28282 
0.446223 0.623614 0.698011 0.770155 1.02987 1.16979 1.21949 1.28282 
0.446223 0.623614 0.698011 0.770155 1.02987 1.16979 1.21949 1.28282 
0.446223 0.623614 0.698011 0.770155 1.02987 1.16979 1.21949 1.28282 
0.446223 0.623614 0.698011 0.770155 1.02987 1.16979 1.21949 1.28282 
0.446223 0.623614 0.698011 0.770155 1.02987 1.16979 1.21949 1.28282 
0.446223 0.623614 0.698011 0.770155 1.02987 1.16979 1.21949 1.28282 
0.446223 0.623614 0.698011 0.770155 1.02987 1.16979 1.21949 1.28282 
0.446223 0.623614 0.698011 0.770155 1.02987 1.16979 1.21949 1.28282 
0.446223 0.623614 0.698011 0.770155 1.02987 1.16979 1.21949 1.28282 
0.446223 0.623614 0.698011 0.770155 1.02987 1.16979 1.21949 1.28282 
0.446223 0.623614 0.698011 0.770155 1.02987 1.16979 1.21949 1.28282 
0.446223 0.623614 0.698011 0.770155 1.02987 1.16979 1.21949 1.28282 
0.446223 0.623614 0.698011 0.770155 1.02987 1.16979 1.21949 1.28282 
0.446223 0.623614 0.698011 0.770155 1.02987 1.16979 1.21949 1.28282 
0.446223 0.623614 0.698011 0.770155 1.02987 1.16979 1.21949 1.28282 
0.446223 0.623614 0.698011 0.770155 1.02987 1.16979 1.21949 1.28282 
0.446223 0.623614 0.698011 0.770155 1.02987 1.16979 1.21949 1.28282 
0.446223 0.623614 0.698011 0.770155 1.02987 1.16979 1.21949 1.28282 
0.446223 0.623614 0.698011 0.770155 1.02987 1.16979 1.21949 1.28282 
0.446223 0.623614 0.698011 0.770155 1.02987 1.16979 1.21949 1.28282 
0.446223 0.623614 0.698011 0.770155 1.02987 1.16979 1.21949 1.28282 
0.446223 0.623614 0.698011 0.770155 1.02987 1.16979 1.21949 1.28282 
0.446223 0.623614 0.698011 0.770155 1.02987 1.16979 1.21949 1.28282 
0.446223 0.623614 0.698011 0.770155 1.02987 1.16979 1.21949 1.28282 
0.446223 0.623614 0.698011 0.770155 1.02987 1.16979 1.21949 1.28282 
0.446223 0.623614 0.698011 0.770155 1.02987 1.16979 1.21949 1.28282 
0.446223 0.623614 0.698011 0.770155 1.02987 1.16979 1.21949 1.28282 
0.446223 0.623614 0.698011 0.770155 1.02987 1.16979 1.21949 1.28282 
0.446223 0.623614 0.698011 0.770155 1.02987 1.16979 1.21949 1.28282 
0.446223 0.623614 0.698011 0.770155 1.02987 1.16979 1.21949 1.28282 
0.446223 0.623614 0.698011 0.770155 1.02987 1.16979 1.21949 1.28282 
0.446223 0.623614 0.698011 0.770155 1.02987 1.16979 1.21949 1.28282 
0.446223 0.623614 0.698011 0.770155 1.02987 1.16979 1.21949 1.28282 
0.446223 0.623614 0.698011 0.770155 1.02987 1.16979 1.21949 1.28282 
0.446223 0.623614 0.698011 0.770155 1.02987 1.16979 1.21949 1.28282 
0.446223 0.623614 0.698011 0.770155 1.02987 1.16979 1.21949 1.28282 
0.446223 0.623614 0.698011 0.770155 1.02987 1.16979 1.21949 1.28282 
0.446223 0.623614 0.698011 0.770155 1.02987 1.16979 1.21949 1.28282 
0.446223 0.623614 0.698011 0.770155 1.02987 1.16979 1.21949 1.28282 
0.446223 0.623614 0.698011 0.770155 1.02987 1.16979 1.21949 1.28282 
