4.08416 6.12689 6.13414 6.43497 6.58916 6.7929 7.04462 7.25615 
4.08416 4.35216 6.12374 6.12689 6.13414 6.43497 6.49252 6.58916 
4.08416 4.10905 4.34761 4.35216 5.43971 5.97819 6.12374 6.12689 
2.42214 4.04304 4.08416 4.10905 4.34761 4.35216 4.56991 5.43971 
2.42214 4.04304 4.08416 4.10905 4.34761 4.35216 4.56991 4.68258 
2.42214 4.04304 4.08416 4.10905 4.34761 4.35216 4.56991 4.68258 
2.42214 4.04304 4.08416 4.10905 4.34761 4.35216 4.56991 4.58627 
2.42214 2.7827 4.04304 4.08416 4.10905 4.34761 4.35216 4.56991 
2.42214 2.7827 4.04304 4.08416 4.10905 4.20962 4.34761 4.35216 
2.42214 2.7827 4.01506 4.04304 4.08416 4.10905 4.20962 4.34761 
2.42214 2.7827 4.01506 4.04304 4.08416 4.10905 4.20962 4.34761 
2.42214 2.7827 4.01506 4.04304 4.08416 4.10905 4.20962 4.34761 
2.42214 2.7827 3.38745 3.55156 4.01506 4.04304 4.08416 4.10905 
0.362445 2.42214 2.7827 3.20823 3.38745 3.55156 4.01506 4.04304 
0.362445 2.42214 2.7827 2.90066 3.20823 3.38745 3.55156 4.01506 
0.362445 2.42214 2.7827 2.90066 3.20823 3.38745 3.55156 4.01506 
0.362445 1.99788 2.42214 2.7827 2.90066 3.11626 3.20823 3.38745 
0.362445 1.99788 2.42214 2.7827 2.90066 3.11626 3.20823 3.38563 
0.362445 1.99788 2.42214 2.7827 2.90066 3.11626 3.20823 3.36783 
0.362445 1.99788 2.42214 2.7827 2.90066 3.11626 3.13595 3.20823 
0.362445 1.30826 1.99788 2.42214 2.7827 2.90066 3.11626 3.13595 
0.362445 1.30826 1.53067 1.99788 2.42214 2.7827 2.90066 3.04173 
0.362445 1.30826 1.53067 1.99788 2.42214 2.7827 2.90066 3.03179 
0.362445 1.30826 1.53067 1.99788 2.42214 2.61069 2.7827 2.90066 
0.362445 1.30826 1.53067 1.99788 2.42214 2.61069 2.7827 2.90066 
0.362445 1.30826 1.53067 1.99788 2.42214 2.61069 2.7827 2.90066 
0.362445 1.30826 1.53067 1.99788 2.42214 2.61069 2.7827 2.90066 
0.362445 1.30826 1.53067 1.99788 2.42214 2.61069 2.7827 2.90066 
0.362445 1.30826 1.53067 1.99788 2.42214 2.61069 2.7827 2.82144 
0.362445 1.30826 1.53067 1.99788 2.42214 2.61069 2.7827 2.82144 
0.362445 1.30826 1.53067 1.99788 2.42214 2.61069 2.63636 2.7827 
0.362445 1.30826 1.53067 1.99788 2.42214 2.61069 2.63636 2.7827 
0.362445 1.30826 1.53067 1.64216 1.93329 1.99788 2.42214 2.59265 
0.362445 1.30826 1.53067 1.64216 1.85008 1.93329 1.99788 2.42214 
0.362445 1.30826 1.35073 1.53067 1.64216 1.85008 1.86203 1.93329 
0.362445 0.836591 1.30826 1.35073 1.53067 1.64216 1.85008 1.86203 
0.362445 0.836591 1.30826 1.35073 1.53067 1.64216 1.85008 1.86203 
0.362445 0.836591 1.02813 1.30826 1.35073 1.53067 1.64216 1.85008 
0.362445 0.524014 0.836591 1.02813 1.30826 1.35073 1.53067 1.64216 
0.362445 0.524014 0.836591 1.02813 1.30826 1.35073 1.53067 1.64216 
0.362445 0.524014 0.836591 1.02813 1.30826 1.35073 1.53067 1.64216 
0.362445 0.524014 0.836591 1.02813 1.30826 1.35073 1.53067 1.64216 
0.362445 0.524014 0.836591 0.967606 1.02813 1.30826 1.35073 1.53067 
0.362445 0.524014 0.836591 0.967606 1.02813 1.30826 1.35073 1.53067 
0.362445 0.524014 0.836591 0.967606 1.02813 1.30826 1.35073 1.53067 
0.362445 0.524014 0.836591 0.967606 0.990072 1.02813 1.30826 1.35073 
0.362445 0.524014 0.836591 0.967606 0.990072 1.02813 1.30826 1.35073 
0.362445 0.524014 0.836591 0.967606 0.990072 1.02813 1.30826 1.35073 
0.354427 0.362445 0.524014 0.836591 0.967606 0.990072 1.02813 1.30826 
0.354427 0.362445 0.524014 0.836591 0.967606 0.990072 1.02813 1.26939 
0.354427 0.362445 0.524014 0.836591 0.931246 0.967606 0.990072 1.02813 
0.354427 0.362445 0.524014 0.836591 0.931246 0.967606 0.990072 1.00172 
0.354031 0.354427 0.362445 0.524014 0.836591 0.931246 0.967606 0.990072 
0.354031 0.354427 0.362445 0.524014 0.836591 0.931246 0.967606 0.990072 
0.354031 0.354427 0.362445 0.524014 0.836591 0.931246 0.967606 0.990072 
0.354031 0.354427 0.362445 0.461707 0.524014 0.836591 0.931246 0.967606 
0.354031 0.354427 0.362445 0.461707 0.524014 0.598892 0.836591 0.931246 
0.354031 0.354427 0.362445 0.461707 0.524014 0.598892 0.836591 0.856221 
0.354031 0.354427 0.362445 0.461707 0.524014 0.530144 0.598892 0.836591 
0.354031 0.354427 0.362445 0.461707 0.524014 0.530144 0.598892 0.836591 
0.354031 0.354427 0.362445 0.461707 0.524014 0.530144 0.598892 0.836591 
0.354031 0.354427 0.362445 0.461707 0.524014 0.530144 0.598892 0.836591 
0.354031 0.354427 0.362445 0.461707 0.524014 0.530144 0.598892 0.836591 
0.354031 0.354427 0.362445 0.461707 0.524014 0.530144 0.598892 0.658677 
0.354031 0.354427 0.362445 0.461707 0.524014 0.530144 0.598892 0.658677 
0.354031 0.354427 0.362445 0.461707 0.524014 0.530144 0.598892 0.658677 
0.354031 0.354427 0.362445 0.461707 0.524014 0.530144 0.598892 0.658677 
0.354031 0.354427 0.362445 0.461707 0.524014 0.530144 0.598892 0.658677 
0.354031 0.354427 0.362445 0.461707 0.524014 0.530144 0.598892 0.658677 
0.354031 0.354427 0.362445 0.461707 0.524014 0.530144 0.598892 0.658677 
0.354031 0.354427 0.362445 0.461707 0.524014 0.530144 0.598892 0.658677 
0.354031 0.354427 0.362445 0.461707 0.524014 0.530144 0.598892 0.658677 
0.354031 0.354427 0.362445 0.461707 0.524014 0.530144 0.598892 0.658677 
0.354031 0.354427 0.362445 0.461707 0.524014 0.530144 0.598892 0.658677 
0.354031 0.354427 0.362445 0.461707 0.524014 0.530144 0.598892 0.658677 
0.354031 0.354427 0.362445 0.461707 0.524014 0.530144 0.598892 0.658677 
0.354031 0.354427 0.362445 0.461707 0.524014 0.530144 0.598892 0.658677 
0.354031 0.354427 0.362445 0.461707 0.524014 0.530144 0.598892 0.658677 
0.354031 0.354427 0.362445 0.461707 0.524014 0.530144 0.598892 0.658677 
0.354031 0.354427 0.362445 0.461707 0.524014 0.530144 0.598892 0.658677 
0.354031 0.354427 0.362445 0.461707 0.524014 0.530144 0.598892 0.658677 
0.354031 0.354427 0.362445 0.461707 0.524014 0.530144 0.598892 0.658677 
0.354031 0.354427 0.362445 0.461707 0.524014 0.530144 0.598892 0.658677 
0.354031 0.354427 0.362445 0.461707 0.524014 0.530144 0.598892 0.658677 
0.354031 0.354427 0.362445 0.461707 0.524014 0.530144 0.598892 0.658677 
0.354031 0.354427 0.362445 0.461707 0.524014 0.530144 0.598892 0.658677 
0.354031 0.354427 0.362445 0.461707 0.524014 0.530144 0.598892 0.658677 
0.354031 0.354427 0.362445 0.461707 0.524014 0.530144 0.598892 0.658677 
0.354031 0.354427 0.362445 0.461707 0.524014 0.530144 0.598892 0.658677 
0.354031 0.354427 0.362445 0.461707 0.524014 0.530144 0.598892 0.658677 
0.354031 0.354427 0.362445 0.461707 0.524014 0.530144 0.598892 0.658677 
0.354031 0.354427 0.362445 0.461707 0.524014 0.530144 0.598892 0.658677 
0.354031 0.354427 0.362445 0.461707 0.524014 0.530144 0.598892 0.658677 
0.354031 0.354427 0.362445 0.461707 0.524014 0.530144 0.598892 0.658677 
0.354031 0.354427 0.362445 0.461707 0.524014 0.530144 0.598892 0.658677 
0.354031 0.354427 0.362445 0.461707 0.524014 0.530144 0.598892 0.658677 
0.354031 0.354427 0.362445 0.461707 0.524014 0.530144 0.598892 0.658677 
0.354031 0.354427 0.362445 0.461707 0.524014 0.530144 0.598892 0.658677 
0.354031 0.354427 0.362445 0.461707 0.524014 0.530144 0.598892 0.658677 
0.354031 0.354427 0.362445 0.461707 0.524014 0.530144 0.598892 0.658677 
