4.34748 4.36725 5.29266 5.40609 6.44983 6.6142 6.86526 7.38165 
4.34748 4.36725 5.29266 5.40609 6.44983 6.6142 6.86526 7.19528 
4.34748 4.36725 5.29266 5.40609 5.71905 6.02517 6.12555 6.44983 
4.34748 4.36725 4.55671 4.89223 5.29266 5.30974 5.40609 5.70655 
4.34748 4.36725 4.55671 4.89223 5.29266 5.30974 5.40609 5.5097 
4.34748 4.36725 4.55671 4.89223 5.29266 5.30974 5.32665 5.40609 
4.34748 4.36725 4.55671 4.89223 4.91862 5.29266 5.3013 5.30974 
4.06626 4.34748 4.36725 4.46017 4.55671 4.89223 4.91862 5.29266 
4.06626 4.34748 4.36725 4.46017 4.54084 4.55671 4.89223 4.91862 
4.06626 4.34748 4.36725 4.46017 4.54084 4.55671 4.70562 4.89223 
4.06626 4.34748 4.36725 4.46017 4.54084 4.55671 4.61951 4.70562 
4.06626 4.34748 4.36725 4.46017 4.54084 4.55671 4.61951 4.70562 
4.06626 4.34748 4.36725 4.36727 4.37238 4.46017 4.54084 4.55671 
3.13469 3.30243 4.06626 4.34748 4.36725 4.36727 4.37238 4.46017 
3.13469 3.21546 3.30243 3.37411 4.06626 4.21277 4.34748 4.36725 
2.74536 3.0605 3.13469 3.21546 3.30243 3.37411 4.06626 4.21277 
2.74536 3.0605 3.13469 3.21546 3.30243 3.37411 4.05279 4.06626 
2.74536 3.0605 3.13469 3.21546 3.30243 3.37411 3.69368 4.05279 
1.85942 2.71686 2.74536 3.0605 3.13469 3.21546 3.30243 3.37411 
1.85942 2.55776 2.71686 2.74536 3.06006 3.0605 3.13469 3.21546 
1.85942 2.55776 2.71686 2.74536 3.06006 3.0605 3.13469 3.13863 
1.85942 2.55776 2.71686 2.74536 3.06006 3.0605 3.13469 3.13863 
1.85942 2.55776 2.71686 2.74536 3.06006 3.0605 3.13469 3.13863 
1.85942 2.55776 2.71686 2.74536 3.06006 3.0605 3.13469 3.13863 
1.85942 2.55776 2.71686 2.74536 2.78873 3.06006 3.0605 3.13469 
1.85942 2.30369 2.55776 2.71686 2.74536 2.78873 3.06006 3.0605 
1.268 1.85942 2.30369 2.55776 2.71686 2.74325 2.74536 2.78873 
1.268 1.85942 2.30369 2.55776 2.71686 2.74325 2.74536 2.78873 
1.268 1.85942 2.30369 2.55776 2.71686 2.74325 2.74536 2.78873 
1.268 1.85942 2.30369 2.55776 2.58942 2.71686 2.74325 2.74536 
1.268 1.85942 2.30369 2.48297 2.55776 2.58942 2.71686 2.74325 
1.268 1.85942 2.18925 2.21614 2.30369 2.48297 2.55776 2.58942 
1.268 1.85942 2.18925 2.21614 2.30369 2.48297 2.55776 2.56243 
1.268 1.85942 2.18925 2.21614 2.22658 2.30369 2.48297 2.55776 
1.268 1.59284 1.85942 2.18925 2.21614 2.22658 2.30369 2.48297 
1.268 1.5587 1.59284 1.85942 2.18925 2.21614 2.22658 2.30369 
1.268 1.5587 1.59284 1.85942 2.18925 2.21614 2.22658 2.30369 
1.268 1.5587 1.59284 1.85942 2.18925 2.21614 2.22658 2.30369 
1.268 1.5587 1.59284 1.85942 2.18925 2.21614 2.22658 2.30369 
1.268 1.5587 1.59284 1.85942 2.18925 2.21614 2.22658 2.30369 
0.931585 1.268 1.5587 1.59284 1.85942 1.89672 2.18925 2.21614 
0.931585 1.268 1.5587 1.59284 1.85942 1.88519 1.89672 2.18925 
0.931585 1.268 1.5587 1.59284 1.85942 1.88519 1.89672 2.18925 
0.931585 1.268 1.5587 1.59284 1.85942 1.88519 1.89672 2.17692 
0.432309 0.931585 1.268 1.5587 1.59284 1.85942 1.88519 1.89672 
0.432309 0.931585 1.268 1.5587 1.59284 1.85942 1.88519 1.89672 
0.432309 0.931585 1.268 1.5587 1.59284 1.85942 1.88519 1.89672 
0.432309 0.931585 1.268 1.5587 1.59284 1.85942 1.88519 1.89672 
0.432309 0.931585 1.268 1.5587 1.59284 1.85942 1.88519 1.89672 
0.432309 0.931585 1.268 1.5587 1.59284 1.85942 1.88519 1.89672 
0.432309 0.931585 1.268 1.5587 1.59284 1.85942 1.88519 1.89672 
0.137096 0.432309 0.931585 1.08859 1.268 1.5587 1.59284 1.85942 
0.137096 0.432309 0.464471 0.931585 1.08859 1.268 1.5587 1.59284 
0.137096 0.432309 0.464471 0.931585 1.08859 1.268 1.5587 1.59284 
0.137096 0.432309 0.464471 0.925663 0.931585 1.08859 1.268 1.5587 
0.137096 0.432309 0.464471 0.925663 0.931585 1.08859 1.268 1.44265 
0.137096 0.432309 0.464471 0.925663 0.931585 1.08859 1.268 1.44265 
0.102293 0.137096 0.432309 0.464471 0.925663 0.931585 0.997648 1.08859 
0.102293 0.137096 0.432309 0.464471 0.925663 0.931585 0.997648 1.08859 
0.102293 0.137096 0.432309 0.464471 0.925663 0.931585 0.997648 1.08859 
0.102293 0.137096 0.432309 0.464471 0.925663 0.931585 0.997648 1.08859 
0.102293 0.137096 0.432309 0.464471 0.796902 0.925663 0.931585 0.997648 
0.102293 0.137096 0.432309 0.464471 0.796902 0.925663 0.931585 0.997648 
0.102293 0.137096 0.432309 0.464471 0.796902 0.925663 0.931585 0.997648 
0.102293 0.137096 0.432309 0.464471 0.796902 0.925663 0.931585 0.997648 
0.102293 0.137096 0.432309 0.464471 0.796902 0.925663 0.931585 0.997648 
0.102293 0.137096 0.432309 0.464471 0.796902 0.925663 0.931585 0.997648 
0.102293 0.137096 0.432309 0.464471 0.796902 0.925663 0.931585 0.997648 
0.102293 0.137096 0.432309 0.464471 0.796902 0.925663 0.931585 0.997648 
0.102293 0.137096 0.432309 0.464471 0.796902 0.925663 0.931585 0.997648 
0.102293 0.137096 0.432309 0.464471 0.796902 0.925663 0.931585 0.997648 
0.102293 0.137096 0.432309 0.464471 0.796902 0.925663 0.931585 0.997648 
0.102293 0.137096 0.432309 0.464471 0.796902 0.925663 0.931585 0.997648 
0.102293 0.137096 0.432309 0.464471 0.796902 0.925663 0.931585 0.997648 
0.102293 0.137096 0.432309 0.464471 0.796902 0.925663 0.931585 0.997648 
0.102293 0.137096 0.432309 0.464471 0.796902 0.925663 0.931585 0.997648 
0.102293 0.137096 0.432309 0.464471 0.796902 0.925663 0.931585 0.997648 
0.102293 0.137096 0.432309 0.464471 0.796902 0.925663 0.931585 0.997648 
0.102293 0.137096 0.432309 0.464471 0.796902 0.925663 0.931585 0.997648 
0.102293 0.137096 0.432309 0.464471 0.796902 0.925663 0.931585 0.997648 
0.102293 0.137096 0.432309 0.464471 0.796902 0.925663 0.931585 0.997648 
0.102293 0.137096 0.432309 0.464471 0.796902 0.925663 0.931585 0.997648 
0.102293 0.137096 0.432309 0.464471 0.796902 0.925663 0.931585 0.997648 
0.102293 0.137096 0.432309 0.464471 0.796902 0.925663 0.931585 0.997648 
0.102293 0.137096 0.432309 0.464471 0.796902 0.925663 0.931585 0.997648 
0.102293 0.137096 0.432309 0.464471 0.796902 0.925663 0.931585 0.997648 
0.102293 0.137096 0.432309 0.464471 0.796902 0.925663 0.931585 0.997648 
0.102293 0.137096 0.432309 0.464471 0.796902 0.925663 0.931585 0.997648 
0.102293 0.137096 0.432309 0.464471 0.796902 0.925663 0.931585 0.997648 
0.102293 0.137096 0.432309 0.464471 0.796902 0.925663 0.931585 0.997648 
0.102293 0.137096 0.432309 0.464471 0.796902 0.925663 0.931585 0.997648 
0.102293 0.137096 0.432309 0.464471 0.796902 0.925663 0.931585 0.997648 
0.102293 0.137096 0.432309 0.464471 0.796902 0.925663 0.931585 0.997648 
0.102293 0.137096 0.432309 0.464471 0.796902 0.925663 0.931585 0.997648 
0.102293 0.137096 0.432309 0.464471 0.796902 0.925663 0.931585 0.997648 
0.102293 0.137096 0.432309 0.464471 0.796902 0.925663 0.931585 0.997648 
0.102293 0.137096 0.432309 0.464471 0.796902 0.925663 0.931585 0.997648 
0.102293 0.137096 0.432309 0.464471 0.796902 0.925663 0.931585 0.997648 
0.102293 0.137096 0.432309 0.464471 0.796902 0.925663 0.931585 0.997648 
0.102293 0.137096 0.432309 0.464471 0.796902 0.925663 0.931585 0.997648 
