3.46678 3.48327 3.72043 4.06741 5.35086 5.53055 5.92156 6.05568 
3.46678 3.48327 3.72043 4.06741 4.3893 5.35086 5.53055 5.92156 
3.46678 3.48327 3.72043 4.06741 4.3893 4.52707 5.30671 5.35086 
3.46678 3.48327 3.72043 3.77433 4.06741 4.3893 4.52707 5.30671 
3.46678 3.48327 3.72043 3.77433 4.06741 4.3893 4.52707 5.23917 
3.46678 3.48327 3.72043 3.77433 4.06741 4.3893 4.52707 5.23917 
3.46678 3.48327 3.72043 3.77433 4.06741 4.18029 4.3893 4.52707 
3.46678 3.48327 3.72043 3.77433 3.91039 4.06741 4.18029 4.3893 
3.46678 3.48327 3.72043 3.77433 3.91039 4.06741 4.18029 4.3893 
3.46678 3.48327 3.72043 3.77433 3.91039 4.06741 4.18029 4.3893 
3.46678 3.48327 3.72043 3.77433 3.91039 4.06741 4.18029 4.3893 
3.46678 3.48327 3.72043 3.77433 3.91039 4.06741 4.18029 4.3893 
3.46678 3.48327 3.72043 3.77433 3.91039 4.06741 4.18029 4.3893 
3.46678 3.48327 3.72043 3.77433 3.91039 4.06741 4.18029 4.3893 
3.46678 3.48327 3.72043 3.77433 3.91039 4.06741 4.18029 4.3893 
3.46678 3.48327 3.72043 3.77433 3.91039 4.06741 4.18029 4.3893 
3.46678 3.48327 3.72043 3.77433 3.91039 4.06741 4.18029 4.3893 
3.46678 3.48327 3.72043 3.77433 3.91039 4.06741 4.18029 4.3893 
3.46678 3.48327 3.72043 3.77433 3.91039 4.06741 4.18029 4.3893 
3.46678 3.48327 3.72043 3.77433 3.91039 4.06741 4.18029 4.3893 
3.46678 3.48327 3.72043 3.77433 3.91039 4.06741 4.18029 4.3893 
3.46678 3.48327 3.72043 3.77433 3.91039 4.06741 4.18029 4.3893 
3.46678 3.48327 3.72043 3.77433 3.91039 4.06741 4.18029 4.3893 
3.46678 3.48327 3.72043 3.77433 3.91039 4.06741 4.18029 4.3893 
3.46678 3.48327 3.72043 3.77433 3.91039 4.06741 4.18029 4.3893 
3.46678 3.48327 3.72043 3.77433 3.91039 4.06741 4.18029 4.3893 
3.46678 3.48327 3.72043 3.77433 3.91039 4.06741 4.18029 4.3893 
3.46678 3.48327 3.72043 3.77433 3.91039 4.06741 4.18029 4.3893 
3.46678 3.48327 3.72043 3.77433 3.91039 4.06741 4.18029 4.3893 
3.46678 3.48327 3.72043 3.77433 3.91039 4.06741 4.18029 4.3893 
3.46678 3.48327 3.72043 3.77433 3.91039 4.06741 4.18029 4.3893 
3.46678 3.48327 3.72043 3.77433 3.91039 4.06741 4.18029 4.3893 
3.46678 3.48327 3.72043 3.77433 3.91039 4.06741 4.18029 4.3893 
3.46678 3.48327 3.72043 3.77433 3.91039 4.06741 4.18029 4.3893 
3.46678 3.48327 3.72043 3.77433 3.91039 4.06741 4.18029 4.3893 
3.46678 3.48327 3.72043 3.77433 3.91039 4.06741 4.18029 4.3893 
3.46678 3.48327 3.72043 3.77433 3.91039 4.06741 4.18029 4.3893 
3.46678 3.48327 3.72043 3.77433 3.91039 4.06741 4.18029 4.3893 
3.46678 3.48327 3.72043 3.77433 3.91039 4.06741 4.18029 4.3893 
3.46678 3.48327 3.72043 3.77433 3.91039 4.06741 4.18029 4.3893 
3.46678 3.48327 3.72043 3.77433 3.91039 4.06741 4.18029 4.3893 
3.46678 3.48327 3.72043 3.77433 3.91039 4.06741 4.18029 4.3893 
3.46678 3.48327 3.72043 3.77433 3.91039 4.06741 4.18029 4.3893 
3.46678 3.48327 3.72043 3.77433 3.91039 4.06741 4.18029 4.3893 
3.46678 3.48327 3.72043 3.77433 3.91039 4.06741 4.18029 4.3893 
3.46678 3.48327 3.72043 3.77433 3.91039 4.06741 4.18029 4.3893 
3.46678 3.48327 3.72043 3.77433 3.91039 4.06741 4.18029 4.3893 
3.46678 3.48327 3.72043 3.77433 3.91039 4.06741 4.18029 4.3893 
3.46678 3.48327 3.72043 3.77433 3.91039 4.06741 4.18029 4.3893 
3.46678 3.48327 3.72043 3.77433 3.91039 4.06741 4.18029 4.3893 
3.46678 3.48327 3.72043 3.77433 3.91039 4.06741 4.18029 4.3893 
3.46678 3.48327 3.72043 3.77433 3.91039 4.06741 4.18029 4.3893 
3.46678 3.48327 3.72043 3.77433 3.91039 4.06741 4.18029 4.3893 
3.46678 3.48327 3.72043 3.77433 3.91039 4.06741 4.18029 4.3893 
3.46678 3.48327 3.72043 3.77433 3.91039 4.06741 4.18029 4.3893 
3.46678 3.48327 3.72043 3.77433 3.91039 4.06741 4.18029 4.3893 
3.46678 3.48327 3.72043 3.77433 3.91039 4.06741 4.18029 4.3893 
3.46678 3.48327 3.72043 3.77433 3.91039 4.06741 4.18029 4.3893 
3.46678 3.48327 3.72043 3.77433 3.91039 4.06741 4.18029 4.3893 
3.46678 3.48327 3.72043 3.77433 3.91039 4.06741 4.18029 4.3893 
3.46678 3.48327 3.72043 3.77433 3.91039 4.06741 4.18029 4.3893 
3.46678 3.48327 3.72043 3.77433 3.91039 4.06741 4.18029 4.3893 
3.46678 3.48327 3.72043 3.77433 3.91039 4.06741 4.18029 4.3893 
3.46678 3.48327 3.72043 3.77433 3.91039 4.06741 4.18029 4.3893 
3.46678 3.48327 3.72043 3.77433 3.91039 4.06741 4.18029 4.3893 
3.46678 3.48327 3.72043 3.77433 3.91039 4.06741 4.18029 4.3893 
3.46678 3.48327 3.72043 3.77433 3.91039 4.06741 4.18029 4.3893 
3.46678 3.48327 3.72043 3.77433 3.91039 4.06741 4.18029 4.3893 
3.46678 3.48327 3.72043 3.77433 3.91039 4.06741 4.18029 4.3893 
3.46678 3.48327 3.72043 3.77433 3.91039 4.06741 4.18029 4.3893 
3.46678 3.48327 3.72043 3.77433 3.91039 4.06741 4.18029 4.3893 
3.46678 3.48327 3.72043 3.77433 3.91039 4.06741 4.18029 4.3893 
3.46678 3.48327 3.72043 3.77433 3.91039 4.06741 4.18029 4.3893 
3.46678 3.48327 3.72043 3.77433 3.91039 4.06741 4.18029 4.3893 
3.46678 3.48327 3.72043 3.77433 3.91039 4.06741 4.18029 4.3893 
3.46678 3.48327 3.72043 3.77433 3.91039 4.06741 4.18029 4.3893 
3.46678 3.48327 3.72043 3.77433 3.91039 4.06741 4.18029 4.3893 
3.46678 3.48327 3.72043 3.77433 3.91039 4.06741 4.18029 4.3893 
3.46678 3.48327 3.72043 3.77433 3.91039 4.06741 4.18029 4.3893 
3.46678 3.48327 3.72043 3.77433 3.91039 4.06741 4.18029 4.3893 
3.46678 3.48327 3.72043 3.77433 3.91039 4.06741 4.18029 4.3893 
3.46678 3.48327 3.72043 3.77433 3.91039 4.06741 4.18029 4.3893 
3.46678 3.48327 3.72043 3.77433 3.91039 4.06741 4.18029 4.3893 
3.46678 3.48327 3.72043 3.77433 3.91039 4.06741 4.18029 4.3893 
3.46678 3.48327 3.72043 3.77433 3.91039 4.06741 4.18029 4.3893 
3.46678 3.48327 3.72043 3.77433 3.91039 4.06741 4.18029 4.3893 
3.46678 3.48327 3.72043 3.77433 3.91039 4.06741 4.18029 4.3893 
3.46678 3.48327 3.72043 3.77433 3.91039 4.06741 4.18029 4.3893 
3.46678 3.48327 3.72043 3.77433 3.91039 4.06741 4.18029 4.3893 
3.46678 3.48327 3.72043 3.77433 3.91039 4.06741 4.18029 4.3893 
3.46678 3.48327 3.72043 3.77433 3.91039 4.06741 4.18029 4.3893 
3.46678 3.48327 3.72043 3.77433 3.91039 4.06741 4.18029 4.3893 
3.46678 3.48327 3.72043 3.77433 3.91039 4.06741 4.18029 4.3893 
3.46678 3.48327 3.72043 3.77433 3.91039 4.06741 4.18029 4.3893 
3.46678 3.48327 3.72043 3.77433 3.91039 4.06741 4.18029 4.3893 
3.46678 3.48327 3.72043 3.77433 3.91039 4.06741 4.18029 4.3893 
3.46678 3.48327 3.72043 3.77433 3.91039 4.06741 4.18029 4.3893 
3.46678 3.48327 3.72043 3.77433 3.91039 4.06741 4.18029 4.3893 
3.46678 3.48327 3.72043 3.77433 3.91039 4.06741 4.18029 4.3893 
3.46678 3.48327 3.72043 3.77433 3.91039 4.06741 4.18029 4.3893 
