3.34801 3.636 4.53909 4.59191 5.5146 5.66832 5.72827 5.962 
3.31889 3.34801 3.636 4.53909 4.59191 5.16138 5.5146 5.66832 
3.31889 3.34801 3.636 3.8785 4.53909 4.59191 5.16138 5.5146 
3.31889 3.34801 3.636 3.8785 4.53909 4.59191 4.89152 5.16138 
3.31889 3.34801 3.636 3.74476 3.8785 4.53909 4.59191 4.6448 
3.31889 3.34801 3.636 3.6636 3.74476 3.8785 4.53909 4.59191 
3.31889 3.34801 3.636 3.6636 3.74476 3.8785 4.53909 4.59191 
3.31889 3.34801 3.5853 3.636 3.6636 3.74476 3.8785 4.53909 
3.31889 3.34801 3.5853 3.636 3.6636 3.74476 3.8785 4.53909 
3.31889 3.34801 3.5853 3.636 3.6636 3.74476 3.8785 4.53909 
3.31889 3.34801 3.5853 3.636 3.6636 3.74476 3.8785 4.53909 
3.31889 3.34801 3.5853 3.636 3.6636 3.74476 3.8785 4.53909 
3.31889 3.34801 3.5853 3.636 3.6636 3.74476 3.8785 4.53909 
3.31889 3.34801 3.5853 3.636 3.6636 3.74476 3.8785 4.53909 
3.31889 3.34801 3.5853 3.636 3.6636 3.74476 3.8785 3.95312 
3.31889 3.34801 3.5853 3.636 3.6636 3.74476 3.8785 3.95312 
3.31889 3.34801 3.5853 3.636 3.6636 3.74476 3.8785 3.95312 
3.31889 3.34801 3.5853 3.636 3.6636 3.74476 3.8785 3.95312 
3.31889 3.34801 3.5853 3.636 3.6636 3.74476 3.8785 3.95312 
3.31889 3.34801 3.5853 3.636 3.6636 3.74476 3.8785 3.95312 
3.31889 3.34801 3.5853 3.636 3.6636 3.74476 3.8785 3.95312 
3.31889 3.34801 3.5853 3.636 3.6636 3.74476 3.8785 3.95312 
3.31889 3.34801 3.5853 3.636 3.6636 3.74476 3.8785 3.95312 
3.31889 3.34801 3.5853 3.636 3.6636 3.74476 3.8785 3.95312 
3.31889 3.34801 3.5853 3.636 3.6636 3.74476 3.8785 3.95312 
3.31889 3.34801 3.5853 3.636 3.6636 3.74476 3.8785 3.95312 
3.31889 3.34801 3.5853 3.636 3.6636 3.74476 3.8785 3.95312 
3.31889 3.34801 3.5853 3.636 3.6636 3.74476 3.8785 3.95312 
3.31889 3.34801 3.5853 3.636 3.6636 3.74476 3.8785 3.95312 
3.31889 3.34801 3.5853 3.636 3.6636 3.74476 3.8785 3.95312 
3.31889 3.34801 3.5853 3.636 3.6636 3.74476 3.8785 3.95312 
3.31889 3.34801 3.5853 3.636 3.6636 3.74476 3.8785 3.95312 
3.31889 3.34801 3.5853 3.636 3.6636 3.74476 3.8785 3.95312 
3.31889 3.34801 3.5853 3.636 3.6636 3.74476 3.8785 3.95312 
3.31889 3.34801 3.5853 3.636 3.6636 3.74476 3.8785 3.95312 
3.31889 3.34801 3.5853 3.636 3.6636 3.74476 3.8785 3.95312 
3.31889 3.34801 3.5853 3.636 3.6636 3.74476 3.8785 3.95312 
3.31889 3.34801 3.5853 3.636 3.6636 3.74476 3.8785 3.95312 
3.31889 3.34801 3.5853 3.636 3.6636 3.74476 3.8785 3.95312 
3.31889 3.34801 3.5853 3.636 3.6636 3.74476 3.8785 3.95312 
3.31889 3.34801 3.5853 3.636 3.6636 3.74476 3.8785 3.95312 
3.31889 3.34801 3.5853 3.636 3.6636 3.74476 3.8785 3.95312 
3.31889 3.34801 3.5853 3.636 3.6636 3.74476 3.8785 3.95312 
3.31889 3.34801 3.5853 3.636 3.6636 3.74476 3.8785 3.95312 
3.31889 3.34801 3.5853 3.636 3.6636 3.74476 3.8785 3.95312 
3.31889 3.34801 3.5853 3.636 3.6636 3.74476 3.8785 3.95312 
3.31889 3.34801 3.5853 3.636 3.6636 3.74476 3.8785 3.95312 
3.31889 3.34801 3.5853 3.636 3.6636 3.74476 3.8785 3.95312 
3.31889 3.34801 3.5853 3.636 3.6636 3.74476 3.8785 3.95312 
3.31889 3.34801 3.5853 3.636 3.6636 3.74476 3.8785 3.95312 
3.31889 3.34801 3.5853 3.636 3.6636 3.74476 3.8785 3.95312 
3.31889 3.34801 3.5853 3.636 3.6636 3.74476 3.8785 3.95312 
3.31889 3.34801 3.5853 3.636 3.6636 3.74476 3.8785 3.95312 
3.31889 3.34801 3.5853 3.636 3.6636 3.74476 3.8785 3.95312 
3.31889 3.34801 3.5853 3.636 3.6636 3.74476 3.8785 3.95312 
3.31889 3.34801 3.5853 3.636 3.6636 3.74476 3.8785 3.95312 
3.31889 3.34801 3.5853 3.636 3.6636 3.74476 3.8785 3.95312 
3.31889 3.34801 3.5853 3.636 3.6636 3.74476 3.8785 3.95312 
3.31889 3.34801 3.5853 3.636 3.6636 3.74476 3.8785 3.95312 
3.31889 3.34801 3.5853 3.636 3.6636 3.74476 3.8785 3.95312 
3.31889 3.34801 3.5853 3.636 3.6636 3.74476 3.8785 3.95312 
3.31889 3.34801 3.5853 3.636 3.6636 3.74476 3.8785 3.95312 
3.31889 3.34801 3.5853 3.636 3.6636 3.74476 3.8785 3.95312 
3.31889 3.34801 3.5853 3.636 3.6636 3.74476 3.8785 3.95312 
3.31889 3.34801 3.5853 3.636 3.6636 3.74476 3.8785 3.95312 
3.31889 3.34801 3.5853 3.636 3.6636 3.74476 3.8785 3.95312 
3.31889 3.34801 3.5853 3.636 3.6636 3.74476 3.8785 3.95312 
3.31889 3.34801 3.5853 3.636 3.6636 3.74476 3.8785 3.95312 
3.31889 3.34801 3.5853 3.636 3.6636 3.74476 3.8785 3.95312 
3.31889 3.34801 3.5853 3.636 3.6636 3.74476 3.8785 3.95312 
3.31889 3.34801 3.5853 3.636 3.6636 3.74476 3.8785 3.95312 
3.31889 3.34801 3.5853 3.636 3.6636 3.74476 3.8785 3.95312 
3.31889 3.34801 3.5853 3.636 3.6636 3.74476 3.8785 3.95312 
3.31889 3.34801 3.5853 3.636 3.6636 3.74476 3.8785 3.95312 
3.31889 3.34801 3.5853 3.636 3.6636 3.74476 3.8785 3.95312 
3.31889 3.34801 3.5853 3.636 3.6636 3.74476 3.8785 3.95312 
3.31889 3.34801 3.5853 3.636 3.6636 3.74476 3.8785 3.95312 
3.31889 3.34801 3.5853 3.636 3.6636 3.74476 3.8785 3.95312 
3.31889 3.34801 3.5853 3.636 3.6636 3.74476 3.8785 3.95312 
3.31889 3.34801 3.5853 3.636 3.6636 3.74476 3.8785 3.95312 
3.31889 3.34801 3.5853 3.636 3.6636 3.74476 3.8785 3.95312 
3.31889 3.34801 3.5853 3.636 3.6636 3.74476 3.8785 3.95312 
3.31889 3.34801 3.5853 3.636 3.6636 3.74476 3.8785 3.95312 
3.31889 3.34801 3.5853 3.636 3.6636 3.74476 3.8785 3.95312 
3.31889 3.34801 3.5853 3.636 3.6636 3.74476 3.8785 3.95312 
3.31889 3.34801 3.5853 3.636 3.6636 3.74476 3.8785 3.95312 
3.31889 3.34801 3.5853 3.636 3.6636 3.74476 3.8785 3.95312 
3.31889 3.34801 3.5853 3.636 3.6636 3.74476 3.8785 3.95312 
3.31889 3.34801 3.5853 3.636 3.6636 3.74476 3.8785 3.95312 
3.31889 3.34801 3.5853 3.636 3.6636 3.74476 3.8785 3.95312 
3.31889 3.34801 3.5853 3.636 3.6636 3.74476 3.8785 3.95312 
3.31889 3.34801 3.5853 3.636 3.6636 3.74476 3.8785 3.95312 
3.31889 3.34801 3.5853 3.636 3.6636 3.74476 3.8785 3.95312 
3.31889 3.34801 3.5853 3.636 3.6636 3.74476 3.8785 3.95312 
3.31889 3.34801 3.5853 3.636 3.6636 3.74476 3.8785 3.95312 
3.31889 3.34801 3.5853 3.636 3.6636 3.74476 3.8785 3.95312 
3.31889 3.34801 3.5853 3.636 3.6636 3.74476 3.8785 3.95312 
3.31889 3.34801 3.5853 3.636 3.6636 3.74476 3.8785 3.95312 
3.31889 3.34801 3.5853 3.636 3.6636 3.74476 3.8785 3.95312 
3.31889 3.34801 3.5853 3.636 3.6636 3.74476 3.8785 3.95312 
