4.46922 6.42531 8.3634 9.03347 9.59486 10.0149 10.1557 10.1851 
4.46922 5.43061 6.42531 8.3634 8.55918 8.57159 8.63528 9.03347 
4.46922 5.43061 6.35276 6.42531 8.3634 8.55918 8.57159 8.60749 
3.64977 4.46922 5.43061 6.35276 6.42531 8.3634 8.503 8.55918 
3.64977 4.46922 5.43061 6.35276 6.42531 7.41061 8.03849 8.3634 
3.1638 3.38729 3.64977 4.46922 5.43061 6.35276 6.42531 7.41061 
3.1638 3.38729 3.64977 3.85337 4.46922 5.43061 6.35276 6.42531 
3.1638 3.38729 3.64977 3.85337 4.46922 5.43061 6.35276 6.42531 
3.1638 3.38729 3.64977 3.85337 4.12394 4.46922 5.43061 6.35276 
3.1638 3.38729 3.64977 3.85337 4.12394 4.46922 5.43061 6.35276 
3.1638 3.38729 3.64977 3.85337 4.12394 4.46922 5.43061 6.35276 
3.1638 3.38729 3.64977 3.85337 4.12394 4.46922 5.43061 6.35276 
3.1638 3.38729 3.64977 3.85337 4.12394 4.46922 5.43061 6.35276 
3.1638 3.38729 3.64977 3.85337 4.12394 4.46922 5.43061 6.35276 
2.67434 3.1638 3.38729 3.64977 3.85337 4.12394 4.46922 5.43061 
2.67434 3.1638 3.38729 3.64977 3.85337 4.12394 4.46922 5.43061 
2.67434 3.1638 3.38729 3.64977 3.85337 4.12394 4.46922 5.43061 
2.67434 3.1638 3.38729 3.64977 3.85337 4.12394 4.46922 5.43061 
2.67434 3.1638 3.38729 3.64977 3.85337 4.12394 4.46922 5.43061 
2.67434 3.1638 3.38729 3.64977 3.85337 4.12394 4.46922 5.43061 
2.67434 3.1638 3.38729 3.64977 3.85337 4.12394 4.46922 5.43061 
2.67434 3.1638 3.38729 3.64977 3.85337 4.12394 4.46922 5.43061 
2.67434 3.1638 3.38729 3.64977 3.85337 4.12394 4.46922 5.43061 
2.67434 2.94736 3.1638 3.38729 3.64977 3.85337 4.12394 4.46922 
2.67434 2.94736 3.1638 3.38729 3.64977 3.85337 4.12394 4.46922 
2.67434 2.94736 3.1638 3.38729 3.64977 3.85337 4.12394 4.46922 
2.67434 2.94736 3.1638 3.38729 3.64977 3.85337 4.12394 4.46922 
2.67434 2.94736 3.1638 3.38729 3.64977 3.71614 3.85337 4.12394 
2.67434 2.94736 3.1638 3.38729 3.48817 3.64977 3.71614 3.85337 
2.67434 2.94736 3.1638 3.38729 3.48817 3.64977 3.71614 3.85337 
2.67434 2.94736 3.1638 3.27807 3.38729 3.48817 3.64977 3.71614 
2.67434 2.94736 3.1638 3.27807 3.38729 3.48817 3.64977 3.71614 
1.65476 2.67434 2.94736 3.1638 3.27807 3.38729 3.48817 3.64977 
1.65476 2.67434 2.94736 3.01841 3.15651 3.1638 3.27807 3.38729 
1.65476 2.67434 2.94736 3.01841 3.15651 3.1638 3.27807 3.38729 
1.65476 2.67434 2.94736 2.9676 3.01841 3.15651 3.1638 3.27807 
1.65476 1.95321 2.50982 2.67434 2.94736 2.9676 3.01841 3.15651 
1.65476 1.95321 2.50982 2.67434 2.94736 2.9676 3.01841 3.15651 
1.65476 1.95321 2.50982 2.67434 2.94736 2.9676 3.01841 3.15651 
1.65476 1.95321 2.50982 2.67434 2.94736 2.9676 3.01841 3.15651 
1.65476 1.95321 2.50982 2.67434 2.94736 2.9676 3.01841 3.15651 
1.65476 1.95321 2.50982 2.67434 2.94736 2.9676 3.01841 3.15651 
1.65476 1.95321 2.50982 2.67434 2.94736 2.9676 3.01841 3.15651 
0.67711 1.65476 1.95321 2.50982 2.67434 2.94736 2.9676 3.01841 
0.67711 1.65476 1.95321 2.50982 2.67434 2.94736 2.9676 3.01841 
0.67711 1.65476 1.95321 2.50982 2.67434 2.94736 2.9676 3.01841 
0.67711 1.65476 1.95321 2.50982 2.67434 2.94736 2.9676 3.01841 
0.67711 1.65476 1.95321 2.50982 2.67434 2.94736 2.9676 3.01841 
0.67711 1.65476 1.95321 2.20623 2.50982 2.67434 2.94736 2.9676 
0.67711 1.65476 1.95321 2.20623 2.50982 2.67434 2.94736 2.9676 
0.67711 1.65476 1.95321 2.20623 2.50982 2.67434 2.94736 2.9676 
0.67711 1.65476 1.95321 2.20623 2.50982 2.67434 2.94736 2.9676 
0.67711 1.65476 1.95321 2.20623 2.50982 2.67434 2.94736 2.9676 
0.67711 1.65476 1.95321 2.20623 2.50982 2.67434 2.94736 2.9676 
0.67711 1.65476 1.95321 2.20623 2.50982 2.67434 2.94736 2.9676 
0.67711 1.65476 1.95321 2.20623 2.50982 2.67434 2.94736 2.9676 
0.67711 1.65476 1.95321 2.20623 2.50982 2.67434 2.94736 2.9676 
0.67711 1.65476 1.95321 2.20623 2.50982 2.67434 2.94736 2.9676 
0.67711 1.65476 1.95321 2.20623 2.50982 2.67434 2.94736 2.9676 
0.67711 1.65476 1.95321 2.20623 2.50982 2.67434 2.94736 2.9676 
0.67711 1.65476 1.95321 2.20623 2.50982 2.67434 2.94736 2.9676 
0.67711 1.65476 1.95321 2.20623 2.50982 2.67434 2.94736 2.9676 
0.67711 1.65476 1.95321 2.20623 2.50982 2.67434 2.94736 2.9676 
0.67711 1.65476 1.95321 2.20623 2.50982 2.67434 2.94736 2.9676 
0.67711 1.65476 1.95321 2.20623 2.50982 2.67434 2.94736 2.9676 
0.67711 1.65476 1.95321 2.20623 2.50982 2.67434 2.94736 2.9676 
0.67711 1.65476 1.95321 2.20623 2.50982 2.67434 2.94736 2.9676 
0.67711 1.65476 1.95321 2.20623 2.50982 2.67434 2.94736 2.9676 
0.67711 1.65476 1.95321 2.20623 2.50982 2.67434 2.94736 2.9676 
0.67711 1.65476 1.95321 2.20623 2.50982 2.67434 2.94736 2.9676 
0.67711 1.65476 1.95321 2.20623 2.50982 2.67434 2.94736 2.9676 
0.67711 1.65476 1.95321 2.20623 2.50982 2.67434 2.94736 2.9676 
0.67711 1.65476 1.95321 2.20623 2.50982 2.67434 2.94736 2.9676 
0.67711 1.65476 1.95321 2.20623 2.50982 2.67434 2.94736 2.9676 
0.67711 1.65476 1.95321 2.20623 2.50982 2.67434 2.94736 2.9676 
0.67711 1.65476 1.95321 2.20623 2.50982 2.67434 2.94736 2.9676 
0.67711 1.65476 1.95321 2.20623 2.50982 2.67434 2.94736 2.9676 
0.67711 1.65476 1.95321 2.20623 2.50982 2.67434 2.94736 2.9676 
0.67711 1.65476 1.95321 2.20623 2.50982 2.67434 2.94736 2.9676 
0.67711 1.65476 1.95321 2.20623 2.50982 2.67434 2.94736 2.9676 
0.67711 1.65476 1.95321 2.20623 2.50982 2.67434 2.94736 2.9676 
0.67711 1.65476 1.95321 2.20623 2.50982 2.67434 2.94736 2.9676 
0.67711 1.65476 1.95321 2.20623 2.50982 2.67434 2.94736 2.9676 
0.67711 1.65476 1.95321 2.20623 2.50982 2.67434 2.94736 2.9676 
0.67711 1.65476 1.95321 2.20623 2.50982 2.67434 2.94736 2.9676 
0.67711 1.65476 1.95321 2.20623 2.50982 2.67434 2.94736 2.9676 
0.67711 1.65476 1.95321 2.20623 2.50982 2.67434 2.94736 2.9676 
0.67711 1.65476 1.95321 2.20623 2.50982 2.67434 2.94736 2.9676 
0.67711 1.65476 1.95321 2.20623 2.50982 2.67434 2.94736 2.9676 
0.67711 1.65476 1.95321 2.20623 2.50982 2.67434 2.94736 2.9676 
0.67711 1.65476 1.95321 2.20623 2.50982 2.67434 2.94736 2.9676 
0.67711 1.65476 1.95321 2.20623 2.50982 2.67434 2.94736 2.9676 
0.67711 1.65476 1.95321 2.20623 2.50982 2.67434 2.94736 2.9676 
0.67711 1.65476 1.95321 2.20623 2.50982 2.67434 2.94736 2.9676 
0.67711 1.65476 1.95321 2.20623 2.50982 2.67434 2.94736 2.9676 
0.67711 1.65476 1.95321 2.20623 2.50982 2.67434 2.94736 2.9676 
0.67711 1.65476 1.95321 2.20623 2.50982 2.67434 2.81533 2.94736 
0.67711 1.65476 1.95321 2.20623 2.50982 2.67434 2.81533 2.94736 
0.67711 1.65476 1.95321 2.20623 2.49252 2.50982 2.67434 2.81533 
0.67711 1.65476 1.95321 2.20623 2.49252 2.50982 2.67434 2.81533 
