3.71832 5.16004 5.34905 5.40444 5.88956 6.01629 6.71591 6.95993 
3.28178 3.71832 4.55616 5.04968 5.16004 5.34905 5.40444 5.7212 
3.28178 3.71832 4.02752 4.54352 4.55616 4.58679 5.04968 5.16004 
3.28178 3.5602 3.71832 4.02752 4.50147 4.54352 4.55616 4.58679 
3.28178 3.5602 3.71832 3.75186 4.02752 4.40992 4.50147 4.54352 
3.28178 3.5602 3.71832 3.75186 4.02752 4.40992 4.50147 4.54352 
3.28178 3.5602 3.71832 3.75186 3.80761 4.02752 4.40992 4.50147 
3.28178 3.5602 3.71832 3.75186 3.80761 4.02752 4.40992 4.50147 
3.28178 3.5602 3.71832 3.75186 3.80761 4.02752 4.40992 4.50147 
3.28178 3.5602 3.71832 3.75186 3.80761 4.02752 4.40992 4.50147 
3.28178 3.5602 3.71832 3.75186 3.80761 4.02752 4.40992 4.50147 
3.28178 3.5602 3.71832 3.75186 3.80761 4.02752 4.40992 4.50147 
3.28178 3.5602 3.71832 3.75186 3.80761 4.02752 4.40992 4.50147 
3.28178 3.5602 3.71832 3.75186 3.80761 4.02752 4.36953 4.40992 
3.28178 3.5602 3.71832 3.75186 3.80761 4.02752 4.36953 4.40992 
3.28178 3.5602 3.71832 3.75186 3.80761 4.02752 4.36953 4.40992 
3.28178 3.5602 3.71832 3.75186 3.80761 4.02752 4.36953 4.40992 
3.28178 3.5602 3.71832 3.75186 3.80761 4.02752 4.36953 4.40992 
3.28178 3.5602 3.71832 3.75186 3.80761 4.02752 4.36953 4.40992 
3.28178 3.5602 3.71832 3.75186 3.80761 4.02752 4.36953 4.40992 
3.28178 3.5602 3.71832 3.75186 3.80761 4.02752 4.36953 4.40992 
3.28178 3.5602 3.71832 3.75186 3.80761 4.02752 4.36953 4.40992 
3.28178 3.5602 3.71832 3.75186 3.80761 4.02752 4.36953 4.40992 
3.28178 3.5602 3.71832 3.75186 3.80761 4.02752 4.36953 4.40992 
3.28178 3.5602 3.71832 3.75186 3.80761 4.02752 4.36953 4.40992 
3.28178 3.5602 3.71832 3.75186 3.80761 4.02752 4.36953 4.40992 
3.28178 3.5602 3.71832 3.75186 3.80761 4.02752 4.36953 4.40992 
3.28178 3.5602 3.71832 3.75186 3.80761 4.02752 4.36953 4.40992 
3.28178 3.5602 3.71832 3.75186 3.80761 4.02752 4.36953 4.40992 
3.28178 3.5602 3.71832 3.75186 3.80761 4.02752 4.36953 4.40992 
3.28178 3.5602 3.71832 3.75186 3.80761 4.02752 4.36953 4.40992 
3.28178 3.5602 3.71832 3.75186 3.80761 4.02752 4.36953 4.40992 
3.28178 3.5602 3.71832 3.75186 3.80761 4.02752 4.36953 4.40992 
3.28178 3.5602 3.71832 3.75186 3.80761 4.02752 4.36953 4.40992 
3.28178 3.5602 3.71832 3.75186 3.80761 4.02752 4.36953 4.40992 
3.28178 3.5602 3.71832 3.75186 3.80761 4.02752 4.36953 4.40992 
3.28178 3.5602 3.71832 3.75186 3.80761 4.02752 4.36953 4.40992 
3.28178 3.5602 3.71832 3.75186 3.80761 4.02752 4.36953 4.40992 
3.28178 3.5602 3.71832 3.75186 3.80761 4.02752 4.36953 4.40992 
3.28178 3.5602 3.71832 3.75186 3.80761 4.02752 4.36953 4.40992 
3.28178 3.5602 3.71832 3.75186 3.80761 4.02752 4.36953 4.40992 
3.28178 3.5602 3.71832 3.75186 3.80761 4.02752 4.36953 4.40992 
3.28178 3.5602 3.71832 3.75186 3.80761 4.02752 4.36953 4.40992 
3.28178 3.5602 3.71832 3.75186 3.80761 4.02752 4.36953 4.40992 
3.28178 3.5602 3.71832 3.75186 3.80761 4.02752 4.36953 4.40992 
3.28178 3.5602 3.71832 3.75186 3.80761 4.02752 4.36953 4.40992 
3.28178 3.5602 3.71832 3.75186 3.80761 4.02752 4.36953 4.40992 
3.28178 3.5602 3.71832 3.75186 3.80761 4.02752 4.36953 4.40992 
3.28178 3.5602 3.71832 3.75186 3.80761 4.02752 4.36953 4.40992 
3.28178 3.5602 3.71832 3.75186 3.80761 4.02752 4.36953 4.40992 
3.28178 3.5602 3.71832 3.75186 3.80761 4.02752 4.36953 4.40992 
3.28178 3.5602 3.71832 3.75186 3.80761 4.02752 4.36953 4.40992 
3.28178 3.5602 3.71832 3.75186 3.80761 4.02752 4.36953 4.40992 
3.28178 3.5602 3.71832 3.75186 3.80761 4.02752 4.36953 4.40992 
3.28178 3.5602 3.71832 3.75186 3.80761 4.02752 4.36953 4.40992 
3.28178 3.5602 3.71832 3.75186 3.80761 4.02752 4.36953 4.40992 
3.28178 3.5602 3.71832 3.75186 3.80761 4.02752 4.36953 4.40992 
3.28178 3.5602 3.71832 3.75186 3.80761 4.02752 4.36953 4.40992 
3.28178 3.5602 3.71832 3.75186 3.80761 4.02752 4.36953 4.40992 
3.28178 3.5602 3.71832 3.75186 3.80761 4.02752 4.36953 4.40992 
3.28178 3.5602 3.71832 3.75186 3.80761 4.02752 4.36953 4.40992 
3.28178 3.5602 3.71832 3.75186 3.80761 4.02752 4.36953 4.40992 
3.28178 3.5602 3.71832 3.75186 3.80761 4.02752 4.36953 4.40992 
3.28178 3.5602 3.71832 3.75186 3.80761 4.02752 4.36953 4.40992 
3.28178 3.5602 3.71832 3.75186 3.80761 4.02752 4.36953 4.40992 
3.28178 3.5602 3.71832 3.75186 3.80761 4.02752 4.36953 4.40992 
3.28178 3.5602 3.71832 3.75186 3.80761 4.02752 4.36953 4.40992 
3.28178 3.5602 3.71832 3.75186 3.80761 4.02752 4.36953 4.40992 
3.28178 3.5602 3.71832 3.75186 3.80761 4.02752 4.36953 4.40992 
3.28178 3.5602 3.71832 3.75186 3.80761 4.02752 4.36953 4.40992 
3.28178 3.5602 3.71832 3.75186 3.80761 4.02752 4.36953 4.40992 
3.28178 3.5602 3.71832 3.75186 3.80761 4.02752 4.36953 4.40992 
3.28178 3.5602 3.71832 3.75186 3.80761 4.02752 4.36953 4.40992 
3.28178 3.5602 3.71832 3.75186 3.80761 4.02752 4.36953 4.40992 
3.28178 3.5602 3.71832 3.75186 3.80761 4.02752 4.36953 4.40992 
3.28178 3.5602 3.71832 3.75186 3.80761 4.02752 4.36953 4.40992 
3.28178 3.5602 3.71832 3.75186 3.80761 4.02752 4.36953 4.40992 
3.28178 3.5602 3.71832 3.75186 3.80761 4.02752 4.36953 4.40992 
3.28178 3.5602 3.71832 3.75186 3.80761 4.02752 4.36953 4.40992 
3.28178 3.5602 3.71832 3.75186 3.80761 4.02752 4.36953 4.40992 
3.28178 3.5602 3.71832 3.75186 3.80761 4.02752 4.36953 4.40992 
3.28178 3.5602 3.71832 3.75186 3.80761 4.02752 4.36953 4.40992 
3.28178 3.5602 3.71832 3.75186 3.80761 4.02752 4.36953 4.40992 
3.28178 3.5602 3.71832 3.75186 3.80761 4.02752 4.36953 4.40992 
3.28178 3.5602 3.71832 3.75186 3.80761 4.02752 4.36953 4.40992 
3.28178 3.5602 3.71832 3.75186 3.80761 4.02752 4.36953 4.40992 
3.28178 3.5602 3.71832 3.75186 3.80761 4.02752 4.36953 4.40992 
3.28178 3.5602 3.71832 3.75186 3.80761 4.02752 4.36953 4.40992 
3.28178 3.5602 3.71832 3.75186 3.80761 4.02752 4.36953 4.40992 
3.28178 3.5602 3.71832 3.75186 3.80761 4.02752 4.36953 4.40992 
3.28178 3.5602 3.71832 3.75186 3.80761 4.02752 4.36953 4.40992 
3.28178 3.5602 3.71832 3.75186 3.80761 4.02752 4.36953 4.40992 
3.28178 3.5602 3.71832 3.75186 3.80761 4.02752 4.36953 4.40992 
3.28178 3.5602 3.71832 3.75186 3.80761 4.02752 4.36953 4.40992 
3.28178 3.5602 3.71832 3.75186 3.80761 4.02752 4.36953 4.40992 
3.28178 3.5602 3.71832 3.75186 3.80761 4.02752 4.36953 4.40992 
3.28178 3.5602 3.71832 3.75186 3.80761 4.02752 4.36953 4.40992 
3.28178 3.5602 3.71832 3.75186 3.80761 4.02752 4.36953 4.40992 
3.28178 3.5602 3.71832 3.75186 3.80761 4.02752 4.36953 4.40992 
3.28178 3.5602 3.71832 3.75186 3.80761 4.02752 4.36953 4.40992 
