3.24214 3.94171 4.56762 6.18602 6.74147 7.78252 8.15891 8.7563 
3.24214 3.94171 4.56762 6.10228 6.18602 6.46891 6.55461 6.69829 
3.24214 3.94171 4.56762 6.10228 6.18602 6.46891 6.55461 6.69829 
3.24214 3.73222 3.78093 3.94171 4.56762 5.79529 6.10228 6.18602 
3.24214 3.55886 3.73222 3.78093 3.94171 4.56762 5.79529 5.87278 
3.24214 3.55886 3.73222 3.78093 3.94171 3.94381 4.56762 5.50667 
3.24214 3.55886 3.73222 3.78093 3.94171 3.94381 4.34236 4.56762 
2.84962 3.24214 3.55886 3.73222 3.78093 3.94171 3.94381 4.14018 
2.84962 3.24214 3.55886 3.73222 3.78093 3.94171 3.94381 4.14018 
2.84962 3.24214 3.30843 3.55886 3.73222 3.78093 3.94171 3.94381 
2.84962 3.24214 3.30843 3.55886 3.73222 3.78093 3.94171 3.94381 
2.84962 3.24214 3.30843 3.55886 3.73222 3.78093 3.94171 3.94381 
2.84962 3.16022 3.24214 3.30843 3.55886 3.73222 3.78093 3.94171 
2.84962 3.16022 3.24214 3.30843 3.55886 3.73222 3.78093 3.94171 
2.84962 3.16022 3.17954 3.24214 3.30843 3.43592 3.49995 3.55886 
2.83673 2.84962 3.16022 3.17954 3.24214 3.30843 3.43592 3.49995 
2.73715 2.75054 2.83673 2.84962 3.16022 3.17954 3.24214 3.30843 
2.73715 2.75054 2.83673 2.84962 3.04014 3.16022 3.17954 3.24214 
2.73715 2.75054 2.83673 2.84962 3.04014 3.16022 3.17954 3.24214 
2.70429 2.73715 2.75054 2.83673 2.84962 3.04014 3.16022 3.17954 
2.16761 2.70429 2.73715 2.75054 2.83673 2.84962 3.04014 3.16022 
2.16761 2.70429 2.73715 2.75054 2.83673 2.84962 3.04014 3.16022 
2.16761 2.70429 2.73715 2.75054 2.83673 2.84962 3.04014 3.16022 
2.16761 2.70429 2.73715 2.75054 2.83673 2.84962 3.04014 3.16022 
2.16761 2.70429 2.73715 2.75054 2.77788 2.83673 2.84962 3.04014 
1.85091 2.16761 2.45556 2.70429 2.73715 2.75054 2.77788 2.83673 
1.85091 2.16761 2.45556 2.70429 2.73715 2.75054 2.77788 2.83673 
1.85091 2.16761 2.45556 2.70429 2.73715 2.75054 2.77788 2.83673 
1.85091 2.16761 2.45556 2.70429 2.73715 2.75054 2.77788 2.83673 
1.85091 2.08463 2.16761 2.45556 2.70429 2.73715 2.75054 2.77788 
0.919451 1.85091 2.08463 2.16761 2.45556 2.60247 2.70429 2.73715 
0.919451 1.85091 2.08463 2.16761 2.17756 2.45556 2.60247 2.70429 
0.919451 1.85091 2.08463 2.16761 2.17756 2.29345 2.45556 2.60247 
0.919451 1.85091 2.08463 2.16761 2.17756 2.29345 2.45556 2.49941 
0.919451 1.85091 2.08463 2.16761 2.17756 2.29345 2.45556 2.49941 
0.919451 1.47034 1.85091 2.08463 2.16761 2.17756 2.29345 2.45556 
0.398016 0.919451 1.47034 1.85091 2.08463 2.16761 2.17756 2.29345 
0.398016 0.919451 1.30191 1.47034 1.85091 1.89429 2.08463 2.16761 
0.398016 0.919451 1.23222 1.30191 1.47034 1.85091 1.89429 2.08463 
0.398016 0.919451 1.23222 1.30191 1.47034 1.85091 1.89429 1.99742 
0.398016 0.919451 1.23222 1.30191 1.47034 1.85091 1.89429 1.99742 
0.398016 0.919451 0.967891 1.23222 1.30191 1.47034 1.85091 1.89429 
0.398016 0.919451 0.967891 1.23222 1.30191 1.47034 1.53069 1.85091 
0.398016 0.919451 0.967891 1.23222 1.26088 1.30191 1.47034 1.53069 
0.398016 0.919451 0.967891 1.23222 1.26088 1.30191 1.47034 1.53069 
0.398016 0.919451 0.967891 1.23222 1.26088 1.30191 1.47034 1.53069 
0.398016 0.919451 0.967891 1.19396 1.23222 1.26088 1.30191 1.47034 
0.152741 0.398016 0.919451 0.967891 1.19396 1.23222 1.26088 1.30191 
0.152741 0.398016 0.919451 0.967891 1.19396 1.23222 1.26088 1.30191 
0.152741 0.398016 0.919451 0.967891 1.19396 1.23222 1.26088 1.30191 
0.152741 0.398016 0.919451 0.967891 1.19396 1.23222 1.26088 1.30191 
0.152741 0.398016 0.919451 0.967891 1.19396 1.23222 1.26088 1.30191 
0.152741 0.398016 0.81547 0.919451 0.967891 1.19396 1.23222 1.26088 
0.152741 0.398016 0.81547 0.919451 0.967891 1.19396 1.23222 1.26088 
0.152741 0.398016 0.81547 0.919451 0.967891 1.19396 1.23222 1.26088 
0.152741 0.398016 0.81547 0.919451 0.967891 1.19396 1.23222 1.26088 
0.152741 0.398016 0.81547 0.919451 0.967891 1.19396 1.23222 1.26088 
0.152741 0.398016 0.81547 0.919451 0.967891 1.19396 1.23222 1.26088 
0.152741 0.398016 0.81547 0.919451 0.967891 1.19396 1.23222 1.26088 
0.152741 0.398016 0.81547 0.919451 0.967891 1.19396 1.23222 1.26088 
0.152741 0.398016 0.81547 0.919451 0.967891 1.19396 1.23222 1.26088 
0.152741 0.398016 0.81547 0.919451 0.967891 1.19396 1.23222 1.26088 
0.152741 0.398016 0.398083 0.81547 0.919451 0.967891 1.19396 1.23222 
0.152741 0.398016 0.398083 0.684382 0.81547 0.919451 0.967891 1.19396 
0.152741 0.398016 0.398083 0.684382 0.71111 0.81547 0.919451 0.967891 
0.152741 0.398016 0.398083 0.684382 0.71111 0.81547 0.919451 0.967891 
0.152741 0.398016 0.398083 0.684382 0.71111 0.799211 0.81547 0.919451 
0.152741 0.398016 0.398083 0.684382 0.71111 0.799211 0.81547 0.919451 
0.152741 0.331349 0.398016 0.398083 0.684382 0.71111 0.716095 0.799211 
0.149649 0.152741 0.331349 0.395678 0.398016 0.398083 0.684382 0.71111 
0.149649 0.152741 0.331349 0.395678 0.398016 0.398083 0.684382 0.71111 
0.149649 0.152741 0.296114 0.331349 0.395678 0.398016 0.398083 0.684382 
0.149649 0.152741 0.296114 0.331349 0.395678 0.398016 0.398083 0.684382 
0.149649 0.152741 0.296114 0.331349 0.395678 0.398016 0.398083 0.684382 
0.149649 0.152741 0.296114 0.331349 0.395678 0.398016 0.398083 0.684382 
0.149649 0.152741 0.296114 0.331349 0.395678 0.398016 0.398083 0.684382 
0.149649 0.152741 0.296114 0.331349 0.395678 0.398016 0.398083 0.684382 
0.149649 0.152741 0.296114 0.331349 0.351007 0.395678 0.398016 0.398083 
0.149649 0.152741 0.296114 0.331349 0.351007 0.395678 0.398016 0.398083 
0.149649 0.152741 0.189746 0.296114 0.331349 0.351007 0.395678 0.398016 
0.149649 0.152741 0.189746 0.296114 0.331349 0.351007 0.395678 0.398016 
0.149649 0.152741 0.189746 0.254575 0.296114 0.331349 0.351007 0.395678 
0.149649 0.152741 0.189746 0.254575 0.283409 0.296114 0.331349 0.351007 
0.149649 0.152741 0.189746 0.254575 0.283409 0.296114 0.331349 0.351007 
0.149649 0.152741 0.189746 0.254575 0.283409 0.296114 0.331349 0.351007 
0.149649 0.152741 0.189746 0.254575 0.283409 0.296114 0.331349 0.351007 
0.149649 0.152741 0.189746 0.254575 0.283409 0.296114 0.331349 0.351007 
0.149649 0.152741 0.189746 0.254575 0.283409 0.296114 0.331349 0.351007 
0.149649 0.152741 0.189746 0.254575 0.283409 0.296114 0.331349 0.351007 
0.149649 0.152741 0.189746 0.254575 0.283409 0.296114 0.331349 0.351007 
0.149649 0.152741 0.189746 0.254575 0.283409 0.296114 0.331349 0.351007 
0.149649 0.152741 0.189746 0.254575 0.283409 0.296114 0.331349 0.351007 
0.149649 0.152741 0.189746 0.254575 0.283409 0.296114 0.331349 0.351007 
0.149649 0.152741 0.189746 0.254575 0.283409 0.296114 0.331349 0.351007 
0.149649 0.152741 0.189746 0.254575 0.283409 0.296114 0.331349 0.351007 
0.149649 0.152741 0.189746 0.254575 0.283409 0.296114 0.331349 0.351007 
0.149649 0.152741 0.189746 0.254575 0.283409 0.296114 0.331349 0.351007 
0.149649 0.152741 0.189746 0.254575 0.283409 0.296114 0.331349 0.351007 
0.149649 0.152741 0.189746 0.254575 0.283409 0.296114 0.331349 0.351007 
0.149649 0.152741 0.189746 0.254575 0.283409 0.296114 0.331349 0.351007 
