4.50244 5.38889 5.53925 6.15677 6.30203 6.43678 6.67586 6.8482 
4.41604 4.50244 5.02054 5.08407 5.38889 5.53925 6.01046 6.02526 
4.41604 4.50244 5.02054 5.08407 5.38889 5.53925 5.57284 5.66796 
3.74683 4.41604 4.50244 5.02054 5.08407 5.38889 5.53925 5.57284 
3.74683 4.01932 4.41604 4.50244 5.02054 5.08407 5.38889 5.53925 
3.74683 4.01932 4.38295 4.41604 4.50244 5.02054 5.08407 5.38889 
3.74683 4.01932 4.38295 4.41604 4.50244 5.02054 5.08407 5.38889 
3.74683 4.01932 4.38295 4.41604 4.42973 4.50244 5.02054 5.08407 
3.74683 4.01932 4.38295 4.41604 4.42973 4.50244 4.60454 5.02054 
3.74683 4.01932 4.38295 4.41604 4.42973 4.50244 4.56319 4.60454 
3.74683 4.01932 4.31478 4.38295 4.40631 4.41604 4.42973 4.50244 
3.74683 4.01932 4.31478 4.38295 4.40631 4.41604 4.42973 4.50244 
3.74683 4.01932 4.31478 4.38295 4.40631 4.41604 4.42973 4.50244 
3.74683 4.01932 4.31478 4.38295 4.40631 4.41604 4.42973 4.50244 
3.74683 4.01932 4.31478 4.38295 4.40631 4.41604 4.42973 4.50244 
3.74683 4.01932 4.31478 4.38295 4.40631 4.41604 4.42973 4.50244 
3.74683 4.01932 4.31478 4.38295 4.40631 4.41604 4.42973 4.50244 
3.74683 4.01932 4.31478 4.38295 4.40631 4.41604 4.42973 4.50244 
3.74683 4.01932 4.31478 4.38295 4.40631 4.41604 4.42973 4.50244 
3.74683 4.01932 4.31478 4.38295 4.40631 4.41604 4.42973 4.50244 
3.74683 4.01932 4.31478 4.38295 4.40631 4.41604 4.42973 4.50244 
3.74683 4.01932 4.31478 4.38295 4.40631 4.41604 4.42973 4.50244 
3.74683 4.01932 4.31478 4.38295 4.40631 4.41604 4.42973 4.50244 
3.74683 4.01932 4.31478 4.38295 4.40631 4.41604 4.42973 4.50244 
3.74683 4.01932 4.31478 4.38295 4.40631 4.41604 4.42973 4.50244 
3.74683 4.01932 4.31478 4.38295 4.40631 4.41604 4.42973 4.50244 
3.74683 4.01932 4.31478 4.38295 4.40631 4.41604 4.42973 4.50244 
3.74683 4.01932 4.31478 4.38295 4.40631 4.41604 4.42973 4.50244 
3.74683 4.01932 4.31478 4.38295 4.40631 4.41604 4.42973 4.50244 
3.74683 4.01932 4.31478 4.38295 4.40631 4.41604 4.42973 4.50244 
3.74683 4.01932 4.31478 4.38295 4.40631 4.41604 4.42973 4.50244 
3.74683 4.01932 4.31478 4.38295 4.40631 4.41604 4.42973 4.50244 
3.74683 4.01932 4.31478 4.38295 4.40631 4.41604 4.42973 4.50244 
3.74683 4.01932 4.31478 4.38295 4.40631 4.41604 4.42973 4.50244 
3.74683 4.01932 4.31478 4.38295 4.40631 4.41604 4.42973 4.50244 
3.74683 4.01932 4.31478 4.38295 4.40631 4.41604 4.42973 4.50244 
3.74683 4.01932 4.31478 4.38295 4.40631 4.41604 4.42973 4.50244 
3.74683 4.01932 4.31478 4.38295 4.40631 4.41604 4.42973 4.50244 
3.74683 4.01932 4.31478 4.38295 4.40631 4.41604 4.42973 4.50244 
3.74683 4.01932 4.31478 4.38295 4.40631 4.41604 4.42973 4.50244 
3.74683 4.01932 4.31478 4.38295 4.40631 4.41604 4.42973 4.50244 
3.74683 4.01932 4.31478 4.38295 4.40631 4.41604 4.42973 4.50244 
3.74683 4.01932 4.31478 4.38295 4.40631 4.41604 4.42973 4.50244 
3.74683 4.01932 4.31478 4.38295 4.40631 4.41604 4.42973 4.50244 
3.74683 4.01932 4.31478 4.38295 4.40631 4.41604 4.42973 4.50244 
3.74683 4.01932 4.31478 4.38295 4.40631 4.41604 4.42973 4.50244 
3.74683 4.01932 4.31478 4.38295 4.40631 4.41604 4.42973 4.50244 
3.74683 4.01932 4.31478 4.38295 4.40631 4.41604 4.42973 4.50244 
3.74683 4.01932 4.31478 4.38295 4.40631 4.41604 4.42973 4.50244 
3.74683 4.01932 4.31478 4.38295 4.40631 4.41604 4.42973 4.50244 
3.74683 4.01932 4.31478 4.38295 4.40631 4.41604 4.42973 4.50244 
3.74683 4.01932 4.31478 4.38295 4.40631 4.41604 4.42973 4.50244 
3.74683 4.01932 4.31478 4.38295 4.40631 4.41604 4.42973 4.50244 
3.74683 4.01932 4.31478 4.38295 4.40631 4.41604 4.42973 4.50244 
3.74683 4.01932 4.31478 4.38295 4.40631 4.41604 4.42973 4.50244 
3.74683 4.01932 4.31478 4.38295 4.40631 4.41604 4.42973 4.50244 
3.74683 4.01932 4.31478 4.38295 4.40631 4.41604 4.42973 4.50244 
3.74683 4.01932 4.31478 4.38295 4.40631 4.41604 4.42973 4.50244 
3.74683 4.01932 4.31478 4.38295 4.40631 4.41604 4.42973 4.50244 
3.74683 4.01932 4.31478 4.38295 4.40631 4.41604 4.42973 4.50244 
3.74683 4.01932 4.31478 4.38295 4.40631 4.41604 4.42973 4.50244 
3.74683 4.01932 4.31478 4.38295 4.40631 4.41604 4.42973 4.50244 
3.74683 4.01932 4.31478 4.38295 4.40631 4.41604 4.42973 4.50244 
3.74683 4.01932 4.31478 4.38295 4.40631 4.41604 4.42973 4.50244 
3.74683 4.01932 4.31478 4.38295 4.40631 4.41604 4.42973 4.50244 
3.74683 4.01932 4.31478 4.38295 4.40631 4.41604 4.42973 4.50244 
3.74683 4.01932 4.31478 4.38295 4.40631 4.41604 4.42973 4.50244 
3.74683 4.01932 4.31478 4.38295 4.40631 4.41604 4.42973 4.50244 
3.74683 4.01932 4.31478 4.38295 4.40631 4.41604 4.42973 4.50244 
3.74683 4.01932 4.31478 4.38295 4.40631 4.41604 4.42973 4.50244 
3.74683 4.01932 4.31478 4.38295 4.40631 4.41604 4.42973 4.50244 
3.74683 4.01932 4.31478 4.38295 4.40631 4.41604 4.42973 4.50244 
3.74683 4.01932 4.31478 4.38295 4.40631 4.41604 4.42973 4.50244 
3.74683 4.01932 4.31478 4.38295 4.40631 4.41604 4.42973 4.50244 
3.74683 4.01932 4.31478 4.38295 4.40631 4.41604 4.42973 4.50244 
3.74683 4.01932 4.31478 4.38295 4.40631 4.41604 4.42973 4.50244 
3.74683 4.01932 4.31478 4.38295 4.40631 4.41604 4.42973 4.50244 
3.74683 4.01932 4.31478 4.38295 4.40631 4.41604 4.42973 4.50244 
3.74683 4.01932 4.31478 4.38295 4.40631 4.41604 4.42973 4.50244 
3.74683 4.01932 4.31478 4.38295 4.40631 4.41604 4.42973 4.50244 
3.74683 4.01932 4.31478 4.38295 4.40631 4.41604 4.42973 4.50244 
3.74683 4.01932 4.31478 4.38295 4.40631 4.41604 4.42973 4.50244 
3.74683 4.01932 4.31478 4.38295 4.40631 4.41604 4.42973 4.50244 
3.74683 4.01932 4.31478 4.38295 4.40631 4.41604 4.42973 4.50244 
3.74683 4.01932 4.31478 4.38295 4.40631 4.41604 4.42973 4.50244 
3.74683 4.01932 4.31478 4.38295 4.40631 4.41604 4.42973 4.50244 
3.74683 4.01932 4.31478 4.38295 4.40631 4.41604 4.42973 4.50244 
3.74683 4.01932 4.31478 4.38295 4.40631 4.41604 4.42973 4.50244 
3.74683 4.01932 4.31478 4.38295 4.40631 4.41604 4.42973 4.50244 
3.74683 4.01932 4.31478 4.38295 4.40631 4.41604 4.42973 4.50244 
3.74683 4.01932 4.31478 4.38295 4.40631 4.41604 4.42973 4.50244 
3.74683 4.01932 4.31478 4.38295 4.40631 4.41604 4.42973 4.50244 
3.74683 4.01932 4.31478 4.38295 4.40631 4.41604 4.42973 4.50244 
3.74683 4.01932 4.31478 4.38295 4.40631 4.41604 4.42973 4.50244 
3.74683 4.01932 4.31478 4.38295 4.40631 4.41604 4.42973 4.50244 
3.74683 4.01932 4.31478 4.38295 4.40631 4.41604 4.42973 4.50244 
3.74683 4.01932 4.31478 4.38295 4.40631 4.41604 4.42973 4.50244 
3.74683 4.01932 4.31478 4.38295 4.40631 4.41604 4.42973 4.50244 
3.74683 4.01932 4.31478 4.38295 4.40631 4.41604 4.42973 4.50244 
3.74683 4.01932 4.31478 4.38295 4.40631 4.41604 4.42973 4.50244 
