4.48185 6.00071 6.44132 7.60017 8.26264 9.19057 9.41535 9.55103 
4.48185 6.00071 6.44132 7.60017 8.26264 8.59205 8.91937 9.19057 
4.48185 5.32187 6.00071 6.44132 6.6538 6.92776 7.21109 7.60017 
4.48185 5.32187 6.00071 6.23255 6.44132 6.6538 6.92776 7.21109 
4.48185 5.25611 5.32187 5.35422 6.00071 6.23255 6.44132 6.6538 
4.48185 5.25611 5.32187 5.35422 6.00071 6.23255 6.44132 6.6538 
4.27062 4.48185 5.25611 5.32187 5.35422 6.00071 6.23255 6.44132 
4.27062 4.48185 4.70784 4.93854 5.25611 5.32187 5.35422 6.00071 
2.97609 4.14718 4.27062 4.48185 4.70784 4.93854 5.25611 5.32187 
1.87713 2.97609 3.27235 4.14718 4.27062 4.48185 4.70784 4.93854 
1.87713 2.97609 3.27235 3.68528 4.14718 4.27062 4.48185 4.70784 
1.87713 2.97609 3.27235 3.3324 3.68528 4.14718 4.27062 4.48185 
1.87713 2.30554 2.97609 3.27235 3.3324 3.68528 3.74214 4.13515 
1.87713 2.30554 2.97609 3.27235 3.3324 3.68528 3.74214 4.13515 
1.87713 2.30554 2.97609 3.27235 3.3324 3.38454 3.68528 3.74214 
1.87713 2.30554 2.97609 3.18139 3.27235 3.3324 3.38454 3.64458 
1.87713 2.30554 2.97609 3.06417 3.18139 3.27235 3.3324 3.38454 
1.87713 2.30554 2.79943 2.97609 3.06417 3.18139 3.27235 3.3324 
1.87713 2.30554 2.79943 2.97609 3.06417 3.18139 3.27235 3.3324 
1.87713 2.30554 2.39628 2.79943 2.97609 3.06417 3.18139 3.2628 
1.87713 2.30554 2.39628 2.79943 2.97609 3.06417 3.18139 3.2628 
1.87713 2.30554 2.39628 2.79943 2.97609 3.06417 3.18139 3.2628 
1.87713 2.28061 2.30554 2.39628 2.79943 2.97609 3.06417 3.18139 
1.72482 1.87713 2.28061 2.30554 2.39628 2.79943 2.97609 3.06417 
1.72482 1.87713 2.28061 2.30554 2.39628 2.79943 2.97609 3.06417 
1.72482 1.87713 2.28061 2.30554 2.39628 2.79943 2.97609 3.03498 
1.72482 1.87713 2.28061 2.30554 2.39628 2.62431 2.79943 2.97609 
1.72482 1.87713 2.28061 2.30554 2.39628 2.62431 2.79943 2.93851 
1.72482 1.87713 2.28061 2.30554 2.39628 2.62431 2.79943 2.93851 
1.72482 1.87713 2.28061 2.30554 2.36551 2.39628 2.62431 2.79943 
1.72482 1.76311 1.87713 2.28061 2.30554 2.36551 2.39628 2.62431 
1.72482 1.76311 1.87713 2.24789 2.28061 2.30554 2.36551 2.39628 
0.817295 1.72482 1.76311 1.87713 2.24789 2.28061 2.30554 2.36551 
0.817295 1.67898 1.72482 1.76311 1.87713 2.24789 2.28061 2.30554 
0.817295 1.67898 1.72482 1.76311 1.87713 2.24789 2.28061 2.30554 
0.817295 1.67898 1.72482 1.76311 1.87713 2.24789 2.28061 2.30554 
0.817295 1.67898 1.72482 1.76311 1.81397 1.87713 2.24789 2.28061 
0.817295 1.67898 1.72482 1.76311 1.81397 1.87713 2.24789 2.28061 
0.817295 1.67898 1.72482 1.76311 1.81397 1.87713 2.22199 2.24789 
0.817295 1.67898 1.72482 1.76311 1.81397 1.87713 2.22199 2.24789 
0.817295 1.67898 1.72482 1.76311 1.81397 1.87713 2.22199 2.24789 
0.817295 1.67898 1.72482 1.76311 1.81397 1.87713 2.22199 2.24789 
0.817295 1.67898 1.72482 1.76311 1.81397 1.87713 2.22199 2.24789 
0.817295 1.67898 1.72482 1.76311 1.81397 1.87713 2.22199 2.24789 
0.817295 1.67898 1.72482 1.76311 1.81397 1.87713 2.22199 2.24789 
0.817295 1.67898 1.72482 1.76311 1.81397 1.87713 2.22199 2.24789 
0.817295 1.67898 1.72482 1.76311 1.81397 1.87713 2.22199 2.24789 
0.817295 1.67898 1.72482 1.76311 1.81397 1.87713 2.22199 2.24789 
0.817295 1.67898 1.72482 1.76311 1.81397 1.87713 2.22199 2.24789 
0.817295 1.67898 1.72482 1.76311 1.81397 1.87713 2.22199 2.24789 
0.817295 1.67898 1.72482 1.76311 1.81397 1.87713 2.22199 2.24789 
0.817295 1.67898 1.72482 1.76311 1.81397 1.87713 2.22199 2.24789 
0.817295 1.67898 1.72482 1.76311 1.81397 1.87713 2.22199 2.24789 
0.817295 1.67898 1.72482 1.76311 1.81397 1.87713 2.22199 2.24789 
0.817295 1.67898 1.72482 1.76311 1.81397 1.87713 2.22199 2.24789 
0.817295 1.67898 1.72482 1.76311 1.81397 1.87713 2.22199 2.24789 
0.817295 1.67898 1.72482 1.76311 1.81397 1.87713 2.22199 2.24789 
0.817295 1.67898 1.72482 1.76311 1.81397 1.87713 2.22199 2.24789 
0.817295 1.67898 1.72482 1.76311 1.81397 1.87713 2.22199 2.24789 
0.817295 1.67898 1.72482 1.76311 1.81397 1.87713 2.22199 2.24789 
0.817295 1.67898 1.72482 1.76311 1.81397 1.87713 2.22199 2.24789 
0.817295 1.67898 1.72482 1.76311 1.81397 1.87713 2.22199 2.24789 
0.817295 1.67898 1.72482 1.76311 1.81397 1.87713 2.22199 2.24789 
0.817295 1.67898 1.72482 1.76311 1.81397 1.87713 2.22199 2.24789 
0.817295 1.67898 1.72482 1.76311 1.81397 1.87713 2.22199 2.24789 
0.817295 1.67898 1.72482 1.76311 1.81397 1.87713 2.22199 2.24789 
0.817295 1.67898 1.72482 1.76311 1.81397 1.87713 2.22199 2.24789 
0.817295 1.67898 1.72482 1.76311 1.81397 1.87713 2.22199 2.24789 
0.817295 1.67898 1.72482 1.76311 1.81397 1.87713 2.22199 2.24789 
0.817295 1.67898 1.72482 1.76311 1.81397 1.87713 2.22199 2.24789 
0.817295 1.67898 1.72482 1.76311 1.81397 1.87713 2.22199 2.24789 
0.817295 1.67898 1.72482 1.76311 1.81397 1.87713 2.22199 2.24789 
0.817295 1.67898 1.72482 1.76311 1.81397 1.87713 2.22199 2.24789 
0.817295 1.67898 1.72482 1.76311 1.81397 1.87713 2.22199 2.24789 
0.817295 1.67898 1.72482 1.76311 1.81397 1.87713 2.22199 2.24789 
0.817295 1.67898 1.72482 1.76311 1.81397 1.87713 2.22199 2.24789 
0.817295 1.67898 1.72482 1.76311 1.81397 1.87713 2.22199 2.24789 
0.817295 1.67898 1.72482 1.76311 1.81397 1.87713 2.22199 2.24789 
0.817295 1.67898 1.72482 1.76311 1.81397 1.87713 2.22199 2.24789 
0.817295 1.67898 1.72482 1.76311 1.81397 1.87713 2.22199 2.24789 
0.817295 1.67898 1.72482 1.76311 1.81397 1.87713 2.22199 2.24789 
0.817295 1.67898 1.72482 1.76311 1.81397 1.87713 2.22199 2.24789 
0.817295 1.67898 1.72482 1.76311 1.81397 1.87713 2.22199 2.24789 
0.817295 1.67898 1.72482 1.76311 1.81397 1.87713 2.22199 2.24789 
0.817295 1.67898 1.72482 1.76311 1.81397 1.87713 2.22199 2.24789 
0.817295 1.67898 1.72482 1.76311 1.81397 1.87713 2.22199 2.24789 
0.817295 1.67898 1.72482 1.76311 1.81397 1.87713 2.22199 2.24789 
0.817295 1.67898 1.72482 1.76311 1.81397 1.87713 2.22199 2.24789 
0.817295 1.67898 1.72482 1.76311 1.81397 1.87713 2.22199 2.24789 
0.817295 1.67898 1.72482 1.76311 1.81397 1.87713 2.22199 2.24789 
0.817295 1.67898 1.72482 1.76311 1.81397 1.87713 2.22199 2.24789 
0.817295 1.67898 1.72482 1.76311 1.81397 1.87713 2.22199 2.24789 
0.817295 1.67898 1.72482 1.76311 1.81397 1.87713 2.22199 2.24789 
0.817295 1.67898 1.72482 1.76311 1.81397 1.87713 2.22199 2.24789 
0.817295 1.67898 1.72482 1.76311 1.81397 1.87713 2.22199 2.24789 
0.817295 1.67898 1.72482 1.76311 1.81397 1.87713 2.22199 2.24789 
0.817295 1.67898 1.72482 1.76311 1.81397 1.87713 2.22199 2.24789 
0.817295 1.67898 1.72482 1.76311 1.81397 1.87713 2.22199 2.24789 
0.817295 1.67898 1.72482 1.76311 1.81397 1.87713 2.22199 2.24789 
0.817295 1.67898 1.72482 1.76311 1.81397 1.87713 2.22199 2.24789 
