4.80863 7.09819 8.57733 8.58772 8.8438 8.85343 9.23351 9.65472 
4.58107 4.80863 5.81415 6.61735 6.66637 7.09819 8.26118 8.57733 
4.58107 4.80863 5.81415 6.31752 6.61735 6.66637 7.09819 7.90509 
3.75047 4.58107 4.80863 5.33756 5.81415 6.31752 6.47238 6.61735 
3.75047 4.58107 4.80863 5.33756 5.72676 5.81415 6.27688 6.31752 
3.22273 3.40797 3.75047 4.58107 4.80863 4.80882 4.99768 5.33756 
3.22273 3.40797 3.75047 4.58107 4.58346 4.80863 4.80882 4.99768 
3.22273 3.40797 3.75047 4.08997 4.58107 4.58346 4.80863 4.80882 
3.22273 3.40797 3.75047 4.08997 4.58107 4.58346 4.77819 4.80863 
3.22273 3.40797 3.75047 4.08997 4.58107 4.58346 4.77819 4.80863 
1.43484 3.22273 3.40797 3.75047 4.08997 4.58107 4.58346 4.77819 
1.43484 2.20682 2.76377 3.22273 3.40797 3.62092 3.75047 4.08997 
1.43484 2.20682 2.76377 3.22273 3.40797 3.62092 3.75047 3.99245 
1.43484 2.20682 2.76377 3.22273 3.22834 3.40797 3.62092 3.75047 
1.43484 2.20682 2.76377 3.22002 3.22273 3.22834 3.40797 3.62092 
1.43484 2.20682 2.76377 2.98065 3.22002 3.22273 3.22834 3.40797 
1.43484 2.20682 2.76377 2.98065 3.22002 3.22273 3.22834 3.27563 
1.43484 2.20682 2.76377 2.98065 3.22002 3.22273 3.22834 3.27563 
1.43484 2.20682 2.76377 2.98065 3.22002 3.22273 3.22834 3.27563 
1.43484 2.20682 2.76377 2.98065 3.22002 3.22273 3.22834 3.27563 
1.43484 2.20682 2.76377 2.98065 3.22002 3.22273 3.22834 3.27563 
1.43484 2.20682 2.76377 2.98065 3.19056 3.22002 3.22273 3.22834 
1.43484 2.20682 2.68167 2.76377 2.98065 3.19056 3.22002 3.22273 
1.43484 2.20682 2.46516 2.68167 2.76377 2.98065 3.19056 3.22002 
1.43484 2.20682 2.46516 2.63148 2.68167 2.76377 2.98065 3.19056 
1.43484 2.20682 2.46516 2.63148 2.68167 2.76377 2.98065 3.19056 
1.43484 2.20682 2.3494 2.46516 2.63148 2.68167 2.76377 2.98065 
1.43484 2.20682 2.3494 2.46516 2.63148 2.68167 2.76377 2.98065 
1.43484 2.20682 2.3494 2.46516 2.63148 2.68167 2.76377 2.98065 
1.43484 2.20682 2.3494 2.40574 2.46516 2.63148 2.68167 2.76377 
1.43484 2.20682 2.3494 2.40574 2.46516 2.63148 2.68167 2.76377 
1.43484 2.20682 2.3494 2.40574 2.46516 2.63148 2.68167 2.76377 
1.43484 2.20682 2.3494 2.40574 2.46516 2.63148 2.68167 2.76377 
1.43484 2.20682 2.3494 2.40574 2.46516 2.63148 2.6811 2.68167 
1.43484 2.20682 2.3494 2.40574 2.46516 2.63148 2.6811 2.68167 
1.43484 2.20682 2.3494 2.40574 2.46516 2.63148 2.6811 2.68167 
1.43484 2.20682 2.3494 2.40574 2.46516 2.63148 2.6811 2.68167 
1.43484 2.20682 2.3494 2.40574 2.46516 2.63148 2.6811 2.68167 
1.43484 2.20682 2.23957 2.3494 2.40574 2.46516 2.63148 2.6811 
1.43484 2.20682 2.23957 2.3494 2.40574 2.46516 2.63148 2.6811 
1.43484 2.20682 2.23957 2.3494 2.40574 2.46516 2.63148 2.6811 
1.43484 2.20682 2.23957 2.3494 2.40574 2.46516 2.63148 2.6811 
1.43484 2.20682 2.23957 2.3494 2.40574 2.46516 2.56004 2.63148 
1.43484 2.20682 2.23957 2.3494 2.40574 2.46516 2.56004 2.63148 
1.43484 2.20682 2.23957 2.3494 2.40574 2.46516 2.56004 2.63148 
1.43484 2.20682 2.23957 2.3494 2.40574 2.46516 2.56004 2.63148 
1.43484 2.20682 2.23957 2.3494 2.40574 2.46516 2.56004 2.59155 
1.43484 2.20682 2.23957 2.3494 2.40574 2.46516 2.56004 2.59155 
1.43484 2.20682 2.23957 2.3494 2.40574 2.46516 2.56004 2.59155 
1.43484 2.20682 2.23957 2.3494 2.40574 2.46516 2.56004 2.59155 
1.43484 1.6252 2.20682 2.23957 2.3494 2.40574 2.46516 2.56004 
1.43484 1.6252 2.12895 2.20682 2.23957 2.3494 2.40574 2.46516 
1.43484 1.6252 2.12895 2.20682 2.23957 2.3494 2.40574 2.46516 
1.43484 1.6252 2.12895 2.20682 2.23957 2.24772 2.3494 2.40574 
0.900035 1.43484 1.6252 2.12895 2.20682 2.23957 2.24772 2.3494 
0.496666 0.900035 1.43484 1.6252 2.12895 2.20682 2.23957 2.24772 
0.496666 0.900035 1.16122 1.43484 1.6252 2.12895 2.20682 2.23957 
0.496666 0.601096 0.900035 1.16122 1.43484 1.6252 2.12895 2.20682 
0.496666 0.601096 0.900035 1.0676 1.16122 1.43484 1.6252 2.12895 
0.496666 0.601096 0.900035 1.0676 1.16122 1.43484 1.6252 2.12895 
0.449764 0.496666 0.601096 0.900035 1.0676 1.16122 1.43484 1.6252 
0.449764 0.496666 0.601096 0.900035 0.984633 1.0676 1.16122 1.43484 
0.449764 0.496666 0.601096 0.900035 0.984633 1.0676 1.16122 1.43484 
0.449764 0.496666 0.601096 0.900035 0.984633 1.0676 1.16122 1.43484 
0.449764 0.496666 0.601096 0.900035 0.984633 1.0676 1.16122 1.43484 
0.449764 0.496666 0.601096 0.900035 0.984633 1.0676 1.16122 1.43484 
0.449764 0.496666 0.601096 0.900035 0.984633 1.0676 1.16122 1.43484 
0.449764 0.496666 0.601096 0.900035 0.984633 1.0676 1.16122 1.43484 
0.449764 0.496666 0.601096 0.900035 0.984633 1.0676 1.16122 1.43484 
0.449764 0.496666 0.601096 0.900035 0.984633 1.0676 1.16122 1.43484 
0.449764 0.496666 0.532565 0.601096 0.900035 0.984633 1.0676 1.16122 
0.449764 0.496666 0.532565 0.601096 0.900035 0.984633 1.0676 1.16122 
0.449764 0.496666 0.532565 0.601096 0.900035 0.984633 1.0676 1.16122 
0.449764 0.496666 0.532565 0.601096 0.900035 0.984633 1.0676 1.16122 
0.449764 0.496666 0.532565 0.601096 0.900035 0.984633 1.0676 1.16122 
0.449764 0.496666 0.532565 0.601096 0.900035 0.984633 1.0676 1.16122 
0.449764 0.496666 0.532565 0.601096 0.900035 0.984633 1.0676 1.16122 
0.449764 0.496666 0.532565 0.601096 0.900035 0.984633 1.0676 1.16122 
0.449764 0.496666 0.532565 0.601096 0.900035 0.984633 1.0676 1.16122 
0.449764 0.496666 0.532565 0.601096 0.900035 0.984633 1.0676 1.16122 
0.449764 0.496666 0.532565 0.601096 0.900035 0.984633 1.0676 1.16122 
0.449764 0.496666 0.532565 0.601096 0.900035 0.984633 1.0676 1.16122 
0.449764 0.496666 0.532565 0.601096 0.900035 0.984633 1.0676 1.16122 
0.449764 0.496666 0.532565 0.601096 0.900035 0.984633 1.0676 1.16122 
0.449764 0.496666 0.532565 0.601096 0.900035 0.984633 1.0676 1.16122 
0.449764 0.496666 0.532565 0.601096 0.900035 0.984633 1.0676 1.16122 
0.449764 0.496666 0.532565 0.601096 0.900035 0.984633 1.0676 1.16122 
0.449764 0.496666 0.532565 0.601096 0.900035 0.984633 1.0676 1.16122 
0.449764 0.496666 0.532565 0.601096 0.900035 0.984633 1.0676 1.16122 
0.449764 0.496666 0.532565 0.601096 0.900035 0.984633 1.0676 1.16122 
0.449764 0.496666 0.532565 0.601096 0.900035 0.984633 1.0676 1.16122 
0.449764 0.496666 0.532565 0.601096 0.900035 0.984633 1.0676 1.16122 
0.449764 0.496666 0.532565 0.601096 0.900035 0.984633 1.0676 1.16122 
0.449764 0.496666 0.532565 0.601096 0.900035 0.984633 1.0676 1.16122 
0.449764 0.496666 0.532565 0.601096 0.900035 0.984633 1.0676 1.16122 
0.449764 0.496666 0.532565 0.601096 0.900035 0.984633 1.0676 1.16122 
0.449764 0.496666 0.532565 0.601096 0.900035 0.984633 1.0676 1.16122 
0.449764 0.496666 0.532565 0.601096 0.900035 0.984633 1.0676 1.16122 
0.449764 0.496666 0.532565 0.601096 0.900035 0.984633 1.0676 1.16122 
0.449764 0.496666 0.532565 0.601096 0.900035 0.984633 1.0676 1.16122 
