3.67602 5.07012 5.34224 6.8423 7.11973 7.27639 7.63466 8.22568 
3.67602 5.07012 5.34224 5.4282 5.65637 5.8565 5.88139 6.36817 
3.67602 4.50696 5.07012 5.34224 5.4282 5.65637 5.8565 5.88139 
3.67602 4.50696 5.07012 5.34224 5.4282 5.65637 5.8565 5.88139 
3.67602 4.50696 5.07012 5.34224 5.4282 5.65637 5.73806 5.8565 
3.67602 4.50696 5.07012 5.34224 5.4282 5.65637 5.73806 5.8565 
3.67602 4.50696 5.07012 5.34224 5.4282 5.65637 5.73806 5.8565 
3.67602 4.50696 4.58777 5.07012 5.34224 5.4282 5.65637 5.73806 
3.67602 4.50696 4.58777 5.07012 5.34224 5.4282 5.65637 5.73806 
3.67602 4.50696 4.58777 5.07012 5.34224 5.4282 5.65637 5.73806 
3.67602 4.50696 4.58777 5.07012 5.34224 5.4282 5.65637 5.73806 
3.67602 4.50696 4.58777 5.07012 5.34224 5.4282 5.65637 5.73806 
3.67602 4.50696 4.58777 5.07012 5.34224 5.4282 5.65637 5.73806 
3.67602 4.13922 4.50696 4.58777 5.07012 5.34224 5.4282 5.65637 
3.67602 4.13922 4.50696 4.58777 4.87182 5.07012 5.34224 5.4282 
3.67602 4.13922 4.50696 4.58777 4.87182 5.07012 5.34224 5.4282 
3.67602 4.13922 4.50696 4.58777 4.87182 5.07012 5.34224 5.4282 
3.67602 4.13922 4.50696 4.58777 4.87182 5.07012 5.34224 5.4282 
3.34359 3.67602 4.13922 4.50696 4.57683 4.58777 4.87182 5.07012 
3.2171 3.34359 3.67602 4.13922 4.50696 4.57683 4.58777 4.87182 
3.2171 3.34359 3.67602 4.13922 4.40449 4.50696 4.57683 4.58777 
3.2171 3.34359 3.67602 4.13922 4.40449 4.50696 4.57683 4.58777 
3.17563 3.2171 3.34359 3.55433 3.67602 4.13922 4.40449 4.50696 
3.17563 3.2171 3.34359 3.55433 3.67602 4.13922 4.40449 4.50696 
3.17563 3.2171 3.34359 3.55433 3.67602 4.13922 4.40449 4.50696 
3.17563 3.2171 3.34359 3.55433 3.67602 4.13922 4.40449 4.50696 
3.17563 3.2171 3.34359 3.37678 3.55433 3.67602 4.13922 4.40449 
3.17563 3.2171 3.34359 3.37678 3.55433 3.67602 4.13922 4.40449 
3.17563 3.2171 3.34359 3.37678 3.55433 3.67602 4.13922 4.40449 
3.17563 3.2171 3.34359 3.37678 3.55433 3.67602 4.13922 4.40449 
3.09889 3.17563 3.2171 3.34359 3.37678 3.55433 3.67602 4.13922 
3.09889 3.17563 3.2171 3.31454 3.34359 3.37678 3.55433 3.67602 
3.09889 3.17563 3.2171 3.31454 3.34359 3.37678 3.55433 3.67602 
3.09619 3.09889 3.17563 3.2171 3.31454 3.34359 3.37678 3.55433 
3.09619 3.09889 3.17563 3.2171 3.31454 3.34359 3.37678 3.55433 
2.11234 3.09619 3.09889 3.17563 3.2171 3.31454 3.34359 3.37678 
1.78156 2.11234 3.09619 3.09889 3.17563 3.2171 3.31454 3.34359 
1.69948 1.78156 2.11234 3.09619 3.09889 3.17563 3.2171 3.31454 
1.69948 1.78156 2.11234 3.09619 3.09889 3.17563 3.2171 3.31454 
1.69948 1.78156 2.11234 2.99008 3.09619 3.09889 3.17563 3.2171 
1.3171 1.69948 1.78156 1.83122 2.11234 2.99008 3.09619 3.09889 
1.3171 1.64714 1.69948 1.78156 1.83122 2.11234 2.99008 3.09619 
1.3171 1.64714 1.69948 1.78156 1.83122 2.11234 2.99008 3.09619 
1.3171 1.64714 1.69948 1.78156 1.83122 2.11234 2.99008 3.09619 
0.676823 1.3171 1.64714 1.69948 1.78156 1.83122 2.11234 2.99008 
0.676823 1.3171 1.47817 1.64714 1.69948 1.78156 1.83122 2.11234 
0.676823 1.3171 1.47817 1.64714 1.69948 1.78156 1.83122 2.11234 
0.676823 1.3171 1.47817 1.64714 1.69948 1.78156 1.83122 2.11234 
0.676823 1.3171 1.47817 1.64714 1.69948 1.78156 1.83122 2.11234 
0.676823 1.3171 1.47817 1.64714 1.69948 1.78156 1.83122 2.11234 
0.676823 0.720201 1.3171 1.47817 1.64714 1.69948 1.78156 1.83122 
0.676823 0.720201 1.3171 1.47817 1.64714 1.69948 1.78156 1.83122 
0.676823 0.720201 1.3171 1.47817 1.64714 1.69948 1.78156 1.83122 
0.676823 0.720201 1.3171 1.47817 1.64714 1.69948 1.78156 1.83122 
0.676823 0.720201 1.3171 1.47817 1.64714 1.69948 1.78156 1.83122 
0.676823 0.720201 1.3171 1.47817 1.64714 1.69948 1.78156 1.83122 
0.676823 0.720201 1.3171 1.47817 1.64714 1.69948 1.78156 1.83122 
0.676823 0.720201 1.3171 1.47817 1.64714 1.69948 1.78156 1.83122 
0.676823 0.720201 1.3171 1.47817 1.64714 1.69948 1.78156 1.83122 
0.676823 0.720201 1.3171 1.47817 1.64714 1.69948 1.78156 1.83122 
0.676823 0.720201 1.3171 1.47817 1.64714 1.69948 1.78156 1.83122 
0.676823 0.720201 1.3171 1.47817 1.64714 1.69948 1.78156 1.83122 
0.676823 0.720201 1.3171 1.47817 1.64714 1.69948 1.78156 1.83122 
0.676823 0.720201 1.3171 1.47817 1.64714 1.69948 1.78156 1.83122 
0.676823 0.720201 1.3171 1.47817 1.64714 1.69948 1.78156 1.83122 
0.676823 0.720201 1.3171 1.47817 1.64714 1.69948 1.78156 1.83122 
0.676823 0.720201 1.3171 1.47817 1.64714 1.69948 1.78156 1.83122 
0.676823 0.720201 1.3171 1.47817 1.64714 1.69948 1.78156 1.83122 
0.676823 0.720201 1.3171 1.47817 1.64714 1.69948 1.78156 1.83122 
0.676823 0.720201 1.3171 1.47817 1.64714 1.69948 1.78156 1.83122 
0.676823 0.720201 1.3171 1.47817 1.64714 1.69948 1.78156 1.83122 
0.676823 0.720201 1.3171 1.47817 1.64714 1.69948 1.78156 1.83122 
0.676823 0.720201 1.3171 1.47817 1.64714 1.69948 1.78156 1.83122 
0.676823 0.720201 1.3171 1.47817 1.64714 1.69948 1.78156 1.83122 
0.676823 0.720201 1.3171 1.47817 1.64714 1.69948 1.78156 1.83122 
0.676823 0.720201 1.3171 1.47817 1.64714 1.69948 1.78156 1.83122 
0.676823 0.720201 1.3171 1.47817 1.64714 1.69948 1.78156 1.83122 
0.676823 0.720201 1.3171 1.47817 1.64714 1.69948 1.78156 1.83122 
0.676823 0.720201 1.3171 1.47817 1.64714 1.69948 1.78156 1.83122 
0.676823 0.720201 1.3171 1.47817 1.64714 1.69948 1.78156 1.83122 
0.676823 0.720201 1.3171 1.47817 1.64714 1.69948 1.78156 1.83122 
0.676823 0.720201 1.3171 1.47817 1.64714 1.69948 1.78156 1.83122 
0.676823 0.720201 1.3171 1.47817 1.64714 1.69948 1.78156 1.83122 
0.676823 0.720201 1.3171 1.47817 1.64714 1.69948 1.78156 1.83122 
0.676823 0.720201 1.3171 1.47817 1.64714 1.69948 1.78156 1.83122 
0.676823 0.720201 1.3171 1.47817 1.64714 1.69948 1.78156 1.83122 
0.676823 0.720201 1.3171 1.47817 1.64714 1.68871 1.69948 1.78156 
0.676823 0.720201 1.3171 1.47817 1.64714 1.68871 1.69948 1.78156 
0.676823 0.720201 1.3171 1.47817 1.64714 1.68871 1.69948 1.78156 
0.676823 0.720201 1.3171 1.47817 1.64714 1.68871 1.69948 1.78156 
0.676823 0.720201 1.3171 1.47817 1.64714 1.68871 1.69948 1.78156 
0.676823 0.720201 1.3171 1.47817 1.64714 1.68871 1.69948 1.78156 
0.676823 0.720201 1.3171 1.47817 1.64714 1.68871 1.69948 1.78156 
0.676823 0.720201 1.3171 1.47817 1.64714 1.68871 1.69948 1.78156 
0.676823 0.720201 1.3171 1.47817 1.64714 1.68871 1.69948 1.78156 
0.676823 0.720201 1.3171 1.47817 1.64714 1.68871 1.69948 1.78156 
0.676823 0.720201 1.3171 1.47817 1.64714 1.68871 1.69948 1.78156 
0.676823 0.720201 1.3171 1.47817 1.64714 1.68871 1.69948 1.78156 
0.676823 0.720201 1.3171 1.47817 1.64714 1.68871 1.69948 1.78156 
0.676823 0.720201 1.3171 1.47817 1.64714 1.68871 1.69948 1.78156 
