3.72489 4.0293 5.10272 5.41204 6.11358 6.46723 6.66938 7.04682 
3.72489 4.0293 5.10272 5.41204 6.11358 6.21435 6.46723 6.47882 
3.72489 4.0293 4.47415 4.48368 5.10272 5.30518 5.41204 6.11358 
3.72489 4.0293 4.47415 4.48368 5.10272 5.30518 5.41204 6.11358 
3.72489 4.0293 4.47415 4.48368 5.10272 5.30518 5.41204 5.88459 
3.72489 4.0293 4.47415 4.48368 5.10272 5.30518 5.41204 5.6772 
3.72489 4.0293 4.47415 4.48368 5.10272 5.30518 5.41204 5.6772 
3.72489 4.0293 4.40497 4.47415 4.48368 5.10247 5.10272 5.30518 
3.72489 4.0293 4.40497 4.47415 4.48368 5.10247 5.10272 5.30518 
3.72489 3.88156 4.0293 4.40497 4.47415 4.48368 5.10247 5.10272 
3.72489 3.85637 3.88156 4.0293 4.40497 4.47415 4.48368 4.78615 
3.72489 3.85637 3.88156 4.0293 4.15197 4.40497 4.47415 4.48368 
3.72489 3.85637 3.88156 4.0293 4.12379 4.15197 4.40497 4.47415 
3.72489 3.85637 3.88156 4.0293 4.12379 4.15197 4.40497 4.47415 
3.72489 3.85637 3.88156 4.0293 4.12379 4.14112 4.15197 4.40497 
3.72489 3.85637 3.88156 4.0293 4.12379 4.14112 4.15197 4.40497 
3.72489 3.85637 3.88156 4.0293 4.12379 4.14112 4.15197 4.40497 
3.72489 3.85637 3.88156 4.0293 4.12379 4.14112 4.15197 4.40497 
3.72489 3.85637 3.88156 4.0293 4.12379 4.14112 4.15197 4.40497 
3.72489 3.85637 3.88156 4.0293 4.12379 4.14112 4.15197 4.40497 
3.72489 3.85637 3.88156 4.0293 4.12379 4.14112 4.15197 4.40497 
3.72489 3.85637 3.88156 4.0293 4.12379 4.14112 4.15197 4.40497 
3.72489 3.85637 3.88156 4.0293 4.12379 4.14112 4.15197 4.40497 
3.72489 3.85637 3.88156 4.0293 4.12379 4.14112 4.15197 4.40497 
3.72489 3.85637 3.88156 4.0293 4.12379 4.14112 4.15197 4.40497 
3.72489 3.85637 3.88156 4.0293 4.12379 4.14112 4.15197 4.40497 
3.72489 3.85637 3.88156 4.0293 4.12379 4.14112 4.15197 4.40497 
3.72489 3.85637 3.88156 4.0293 4.12379 4.14112 4.15197 4.40497 
3.72489 3.85637 3.88156 4.0293 4.12379 4.14112 4.15197 4.40497 
3.72489 3.85637 3.88156 4.0293 4.12379 4.14112 4.15197 4.40497 
3.72489 3.85637 3.88156 4.0293 4.12379 4.14112 4.15197 4.40497 
3.72489 3.85637 3.88156 4.0293 4.12379 4.14112 4.15197 4.40497 
3.72489 3.85637 3.88156 4.0293 4.12379 4.14112 4.15197 4.40497 
3.72489 3.85637 3.88156 4.0293 4.12379 4.14112 4.15197 4.40497 
3.72489 3.85637 3.88156 4.0293 4.12379 4.14112 4.15197 4.40497 
3.72489 3.85637 3.88156 4.0293 4.12379 4.14112 4.15197 4.40497 
3.72489 3.85637 3.88156 4.0293 4.12379 4.14112 4.15197 4.40497 
3.72489 3.85637 3.88156 4.0293 4.12379 4.14112 4.15197 4.40497 
3.72489 3.85637 3.88156 4.0293 4.12379 4.14112 4.15197 4.40497 
3.72489 3.85637 3.88156 4.0293 4.12379 4.14112 4.15197 4.40497 
3.72489 3.85637 3.88156 4.0293 4.12379 4.14112 4.15197 4.40497 
3.72489 3.85637 3.88156 4.0293 4.12379 4.14112 4.15197 4.40497 
3.72489 3.85637 3.88156 4.0293 4.12379 4.14112 4.15197 4.40497 
3.72489 3.85637 3.88156 4.0293 4.12379 4.14112 4.15197 4.40497 
3.72489 3.85637 3.88156 4.0293 4.12379 4.14112 4.15197 4.40497 
3.72489 3.85637 3.88156 4.0293 4.12379 4.14112 4.15197 4.40497 
3.72489 3.85637 3.88156 4.0293 4.12379 4.14112 4.15197 4.40497 
3.72489 3.85637 3.88156 4.0293 4.12379 4.14112 4.15197 4.40497 
3.72489 3.85637 3.88156 4.0293 4.12379 4.14112 4.15197 4.40497 
3.72489 3.85637 3.88156 4.0293 4.12379 4.14112 4.15197 4.40497 
3.72489 3.85637 3.88156 4.0293 4.12379 4.14112 4.15197 4.40497 
3.72489 3.85637 3.88156 4.0293 4.12379 4.14112 4.15197 4.40497 
3.72489 3.85637 3.88156 4.0293 4.12379 4.14112 4.15197 4.40497 
3.72489 3.85637 3.88156 4.0293 4.12379 4.14112 4.15197 4.40497 
3.72489 3.85637 3.88156 4.0293 4.12379 4.14112 4.15197 4.40497 
3.72489 3.85637 3.88156 4.0293 4.12379 4.14112 4.15197 4.40497 
3.72489 3.85637 3.88156 4.0293 4.12379 4.14112 4.15197 4.40497 
3.72489 3.85637 3.88156 4.0293 4.12379 4.14112 4.15197 4.40497 
3.72489 3.85637 3.88156 4.0293 4.12379 4.14112 4.15197 4.40497 
3.72489 3.85637 3.88156 4.0293 4.12379 4.14112 4.15197 4.40497 
3.72489 3.85637 3.88156 4.0293 4.12379 4.14112 4.15197 4.40497 
3.72489 3.85637 3.88156 4.0293 4.12379 4.14112 4.15197 4.40497 
3.72489 3.85637 3.88156 4.0293 4.12379 4.14112 4.15197 4.40497 
3.72489 3.85637 3.88156 4.0293 4.12379 4.14112 4.15197 4.40497 
3.72489 3.85637 3.88156 4.0293 4.12379 4.14112 4.15197 4.40497 
3.72489 3.85637 3.88156 4.0293 4.12379 4.14112 4.15197 4.40497 
3.72489 3.85637 3.88156 4.0293 4.12379 4.14112 4.15197 4.40497 
3.72489 3.85637 3.88156 4.0293 4.12379 4.14112 4.15197 4.40497 
3.72489 3.85637 3.88156 4.0293 4.12379 4.14112 4.15197 4.40497 
3.72489 3.85637 3.88156 4.0293 4.12379 4.14112 4.15197 4.40497 
3.72489 3.85637 3.88156 4.0293 4.12379 4.14112 4.15197 4.40497 
3.72489 3.85637 3.88156 4.0293 4.12379 4.14112 4.15197 4.40497 
3.72489 3.85637 3.88156 4.0293 4.12379 4.14112 4.15197 4.40497 
3.72489 3.85637 3.88156 4.0293 4.12379 4.14112 4.15197 4.40497 
3.72489 3.85637 3.88156 4.0293 4.12379 4.14112 4.15197 4.40497 
3.72489 3.85637 3.88156 4.0293 4.12379 4.14112 4.15197 4.40497 
3.72489 3.85637 3.88156 4.0293 4.12379 4.14112 4.15197 4.40497 
3.72489 3.85637 3.88156 4.0293 4.12379 4.14112 4.15197 4.40497 
3.72489 3.85637 3.88156 4.0293 4.12379 4.14112 4.15197 4.40497 
3.72489 3.85637 3.88156 4.0293 4.12379 4.14112 4.15197 4.40497 
3.72489 3.85637 3.88156 4.0293 4.12379 4.14112 4.15197 4.40497 
3.72489 3.85637 3.88156 4.0293 4.12379 4.14112 4.15197 4.40497 
3.72489 3.85637 3.88156 4.0293 4.12379 4.14112 4.15197 4.40497 
3.72489 3.85637 3.88156 4.0293 4.12379 4.14112 4.15197 4.40497 
3.72489 3.85637 3.88156 4.0293 4.12379 4.14112 4.15197 4.40497 
3.72489 3.85637 3.88156 4.0293 4.12379 4.14112 4.15197 4.40497 
3.72489 3.85637 3.88156 4.0293 4.12379 4.14112 4.15197 4.40497 
3.72489 3.85637 3.88156 4.0293 4.12379 4.14112 4.15197 4.40497 
3.72489 3.85637 3.88156 4.0293 4.12379 4.14112 4.15197 4.40497 
3.72489 3.85637 3.88156 4.0293 4.12379 4.14112 4.15197 4.40497 
3.72489 3.85637 3.88156 4.0293 4.12379 4.14112 4.15197 4.40497 
3.72489 3.85637 3.88156 4.0293 4.12379 4.14112 4.15197 4.40497 
3.72489 3.85637 3.88156 4.0293 4.12379 4.14112 4.15197 4.40497 
3.72489 3.85637 3.88156 4.0293 4.12379 4.14112 4.15197 4.40497 
3.72489 3.85637 3.88156 4.0293 4.12379 4.14112 4.15197 4.40497 
3.72489 3.85637 3.88156 4.0293 4.12379 4.14112 4.15197 4.40497 
3.72489 3.85637 3.88156 4.0293 4.12379 4.14112 4.15197 4.40497 
3.72489 3.85637 3.88156 4.0293 4.12379 4.14112 4.15197 4.40497 
3.72489 3.85637 3.88156 4.0293 4.12379 4.14112 4.15197 4.40497 
3.72489 3.85637 3.88156 4.0293 4.12379 4.14112 4.15197 4.40497 
