1.35448 4.33167 4.58214 4.84661 6.46815 7.35962 7.36241 8.33485 
1.35448 4.28504 4.31451 4.33167 4.46765 4.58214 4.84661 6.46815 
1.35448 3.21562 3.78448 4.07128 4.28504 4.31451 4.33167 4.46273 
0.792003 1.35448 3.20496 3.21562 3.69089 3.78448 4.07128 4.26711 
0.792003 1.35448 3.13116 3.20496 3.21562 3.69089 3.78448 4.07128 
0.792003 1.35448 3.13116 3.20496 3.21562 3.69089 3.78448 4.07128 
0.792003 1.35448 3.13116 3.20496 3.21562 3.69089 3.78448 4.07128 
0.792003 1.35448 3.13116 3.20496 3.21562 3.69089 3.78448 4.07128 
0.792003 1.35448 3.13116 3.20496 3.21562 3.32213 3.69089 3.78448 
0.792003 1.35448 3.13116 3.20496 3.21562 3.32213 3.69089 3.78448 
0.792003 1.35448 3.13116 3.20496 3.21562 3.32213 3.69089 3.78448 
0.792003 1.35448 3.13116 3.20496 3.21562 3.21946 3.32213 3.69089 
0.792003 1.35448 3.13116 3.20496 3.21562 3.21946 3.32213 3.69089 
0.792003 1.35448 3.13116 3.20496 3.21562 3.21946 3.32213 3.69089 
0.792003 1.35448 3.13116 3.20496 3.21562 3.21946 3.32213 3.69089 
0.792003 1.35448 3.13116 3.20496 3.21562 3.21946 3.32213 3.66031 
0.792003 1.35448 3.13116 3.20496 3.21562 3.21946 3.32213 3.66031 
0.792003 1.35448 3.13116 3.20496 3.21562 3.21946 3.32213 3.66031 
0.792003 1.35448 3.13116 3.20496 3.21562 3.21946 3.32213 3.66031 
0.792003 1.35448 3.13116 3.20496 3.21562 3.21946 3.24861 3.32213 
0.792003 1.35448 3.13116 3.20496 3.21562 3.21946 3.24861 3.32213 
0.792003 1.35448 3.13116 3.20496 3.21562 3.21946 3.24861 3.32213 
0.792003 1.35448 3.13116 3.20496 3.21562 3.21946 3.24861 3.32213 
0.792003 1.35448 3.13116 3.20496 3.21562 3.21946 3.24861 3.32213 
0.792003 1.35448 3.13116 3.20496 3.21562 3.21946 3.24861 3.32213 
0.792003 1.35448 3.13116 3.20496 3.21562 3.21946 3.24861 3.32213 
0.792003 1.35448 3.13116 3.20496 3.21562 3.21946 3.24861 3.32213 
0.792003 1.35448 3.13116 3.20496 3.21562 3.21946 3.24861 3.25669 
0.792003 1.35448 3.13116 3.20496 3.21562 3.21946 3.24861 3.25669 
0.792003 1.35448 3.08138 3.13116 3.20496 3.21562 3.21946 3.24861 
0.792003 1.35448 3.08138 3.13116 3.20496 3.21562 3.21946 3.24861 
0.792003 1.35448 2.79363 3.08138 3.13116 3.20496 3.21562 3.21946 
0.792003 1.35448 2.79363 3.08138 3.13116 3.20496 3.21562 3.21946 
0.792003 1.35448 2.79363 3.08138 3.13116 3.20496 3.21562 3.21946 
0.792003 1.35448 2.79363 2.86779 3.08138 3.13116 3.20496 3.21562 
0.792003 1.35448 2.79363 2.86779 3.08138 3.13116 3.20496 3.21562 
0.792003 1.35448 2.79363 2.86779 3.08138 3.13116 3.20496 3.21562 
0.792003 1.35448 2.79363 2.86779 3.08138 3.13116 3.20496 3.21562 
0.792003 1.35448 2.79363 2.86779 3.08138 3.13116 3.20496 3.21562 
0.792003 1.35448 1.60807 2.79363 2.86779 3.08138 3.13116 3.20496 
0.792003 1.35448 1.60807 2.79363 2.86779 2.89491 3.08138 3.13116 
0.792003 1.35448 1.60807 2.79363 2.86779 2.89491 3.08138 3.13116 
0.792003 1.35448 1.60807 2.79363 2.86779 2.89491 3.08138 3.13116 
0.792003 1.35448 1.60807 2.79363 2.86779 2.89491 3.08138 3.13116 
0.792003 1.35448 1.60807 2.79363 2.86779 2.89491 3.08138 3.13116 
0.792003 1.35448 1.60807 2.67608 2.79363 2.86779 2.89491 3.08138 
0.792003 1.35448 1.60807 2.67608 2.79363 2.86779 2.89491 3.08138 
0.792003 1.35448 1.60807 2.67608 2.79363 2.86779 2.88101 2.89491 
0.0384231 0.792003 1.35448 1.60807 2.67608 2.79363 2.86779 2.88101 
0.0384231 0.792003 1.35448 1.60807 2.67608 2.79363 2.86779 2.88101 
0.0384231 0.644517 0.792003 1.35448 1.60807 2.67608 2.79363 2.86779 
0.0384231 0.644517 0.792003 1.35448 1.60807 2.67608 2.79363 2.86779 
0.0384231 0.644517 0.792003 1.35448 1.60807 2.67608 2.79363 2.86779 
0.0384231 0.644517 0.792003 1.35448 1.60807 2.67608 2.79363 2.86779 
0.0384231 0.644517 0.792003 1.35448 1.60807 2.67608 2.79363 2.86779 
0.0384231 0.644517 0.792003 1.35448 1.60807 2.67608 2.79363 2.86779 
0.0384231 0.644517 0.792003 1.35448 1.60807 2.67608 2.79363 2.86779 
0.0384231 0.644517 0.792003 1.35448 1.60807 2.67608 2.79363 2.86779 
0.0384231 0.644517 0.792003 1.35448 1.60807 2.67608 2.79363 2.86779 
0.0384231 0.644517 0.792003 1.35448 1.60807 2.67608 2.79363 2.86779 
0.0384231 0.644517 0.792003 1.35448 1.60807 2.67608 2.79363 2.86779 
0.0384231 0.644517 0.792003 1.35448 1.60807 2.67608 2.79363 2.86779 
0.0384231 0.644517 0.792003 1.35448 1.60807 2.67608 2.79363 2.86779 
0.0384231 0.644517 0.792003 1.35448 1.60807 2.67608 2.79363 2.86779 
0.0384231 0.644517 0.792003 1.35448 1.60807 2.67608 2.79363 2.86779 
0.0384231 0.644517 0.792003 1.35448 1.60807 2.67608 2.79363 2.86779 
0.0384231 0.644517 0.792003 1.35448 1.60807 2.67608 2.79363 2.86779 
0.0384231 0.644517 0.792003 1.35448 1.60807 2.67608 2.79363 2.86779 
0.0384231 0.644517 0.792003 1.35448 1.60807 2.67608 2.79363 2.86779 
0.0384231 0.644517 0.792003 1.35448 1.60807 2.67608 2.79363 2.86779 
0.0384231 0.644517 0.792003 1.35448 1.60807 2.67608 2.79363 2.86779 
0.0384231 0.644517 0.792003 1.35448 1.60807 2.67608 2.79363 2.86779 
0.0384231 0.644517 0.792003 1.35448 1.60807 2.67608 2.79363 2.86779 
0.0384231 0.644517 0.792003 1.35448 1.60807 2.67608 2.79363 2.86779 
0.0384231 0.644517 0.792003 1.35448 1.60807 2.67608 2.79363 2.86779 
0.0384231 0.644517 0.792003 1.35448 1.60807 2.67608 2.79363 2.86779 
0.0384231 0.644517 0.792003 1.35448 1.60807 2.67608 2.79363 2.86779 
0.0384231 0.644517 0.792003 1.35448 1.60807 2.67608 2.79363 2.86779 
0.0384231 0.644517 0.792003 1.35448 1.60807 2.67608 2.79363 2.86779 
0.0384231 0.644517 0.792003 1.35448 1.60807 2.67608 2.79363 2.86779 
0.0384231 0.644517 0.792003 1.35448 1.60807 2.67608 2.79363 2.86779 
0.0384231 0.644517 0.792003 1.35448 1.60807 2.67608 2.79363 2.86779 
0.0384231 0.644517 0.792003 1.35448 1.60807 2.67608 2.79363 2.86779 
0.0384231 0.644517 0.792003 1.35448 1.60807 2.67608 2.79363 2.86779 
0.0384231 0.644517 0.792003 1.35448 1.60807 2.67608 2.79363 2.86779 
0.0384231 0.644517 0.792003 1.35448 1.60807 2.67608 2.79363 2.86779 
0.0384231 0.644517 0.792003 1.35448 1.60807 2.67608 2.79363 2.86779 
0.0384231 0.644517 0.792003 1.35448 1.60807 2.67608 2.79363 2.86779 
0.0384231 0.644517 0.792003 1.35448 1.60807 2.67608 2.79363 2.86779 
0.0384231 0.644517 0.792003 1.35448 1.60807 2.67608 2.79363 2.86779 
0.0384231 0.644517 0.792003 1.35448 1.60807 2.67608 2.79363 2.86779 
0.0384231 0.644517 0.792003 1.35448 1.60807 2.67608 2.79363 2.86779 
0.0384231 0.644517 0.792003 1.35448 1.60807 2.67608 2.79363 2.86779 
0.0384231 0.644517 0.792003 1.35448 1.60807 2.67608 2.79363 2.86779 
0.0384231 0.644517 0.792003 1.35448 1.60807 2.67608 2.79363 2.86779 
0.0384231 0.644517 0.792003 1.35448 1.60807 2.67608 2.79363 2.86779 
0.0384231 0.644517 0.792003 1.35448 1.60807 2.67608 2.79363 2.86779 
0.0384231 0.644517 0.792003 1.35448 1.60807 2.67608 2.79363 2.86779 
0.0384231 0.644517 0.792003 1.35448 1.60807 2.67608 2.79363 2.86779 
0.0384231 0.644517 0.792003 1.35448 1.60807 2.67608 2.79363 2.86779 
