4.55914 6.31945 7.34786 8.18107 8.28281 8.49539 9.245 9.25689 
4.55914 6.31945 6.46913 7.00287 7.34786 8.18107 8.28281 8.49539 
4.04815 4.15588 4.55914 5.57029 6.31945 6.46913 6.75114 7.00287 
4.04815 4.15588 4.55914 5.57029 6.31945 6.46913 6.75114 7.00287 
4.04815 4.15588 4.43881 4.55914 5.57029 5.9906 6.31945 6.46913 
4.04815 4.15588 4.43881 4.55914 5.57029 5.9906 6.31945 6.46913 
3.89057 4.04815 4.15588 4.43881 4.55914 5.57029 5.9906 6.31945 
2.9275 3.89057 4.04815 4.15588 4.43881 4.55914 5.57029 5.9906 
2.9275 3.89057 4.04815 4.15588 4.43881 4.55914 5.57029 5.9906 
0.652361 2.9275 3.89057 4.04815 4.15588 4.43881 4.55914 5.57029 
0.652361 2.9275 3.89057 4.04815 4.15588 4.19425 4.43881 4.55914 
0.652361 2.9275 3.89057 4.04815 4.15588 4.19425 4.43881 4.55914 
0.652361 2.9275 3.89057 4.04815 4.15588 4.19425 4.43881 4.55914 
0.652361 2.9275 3.89057 4.04815 4.15588 4.19425 4.43881 4.55914 
0.652361 2.9275 3.89057 4.04815 4.15588 4.19425 4.43881 4.55914 
0.652361 2.9275 3.89057 4.04815 4.15588 4.19425 4.43881 4.55914 
0.652361 2.9275 3.66045 3.89057 4.04815 4.15588 4.19425 4.43881 
0.652361 2.9275 3.66045 3.71261 3.84203 3.89057 4.04815 4.15588 
0.652361 2.9275 3.66045 3.71261 3.84203 3.89057 4.04815 4.15588 
0.652361 2.9275 3.66045 3.71261 3.84203 3.89057 4.04815 4.15588 
0.652361 2.9275 3.66045 3.71261 3.84203 3.89057 4.04815 4.15588 
0.652361 2.9275 3.66045 3.71261 3.84203 3.89057 4.04815 4.15588 
0.652361 1.94477 2.9275 3.66045 3.71261 3.84203 3.89057 4.04815 
0.652361 1.94477 2.9275 3.66045 3.71261 3.84203 3.89057 4.04815 
0.652361 1.94477 2.9275 3.08274 3.25608 3.66045 3.71261 3.84203 
0.418962 0.652361 1.94477 2.9275 3.08274 3.25608 3.66045 3.71261 
0.418962 0.652361 1.94477 2.65835 2.9275 3.08274 3.25608 3.66045 
0.418962 0.652361 1.94477 2.65835 2.9275 3.08274 3.25608 3.66045 
0.418962 0.652361 1.94477 2.65835 2.9275 3.08274 3.25608 3.66045 
0.418962 0.652361 1.94477 2.65835 2.9275 3.08274 3.25608 3.66045 
0.418962 0.652361 1.94477 2.65835 2.9275 3.08274 3.25608 3.66045 
0.418962 0.652361 1.76248 1.94477 2.65835 2.9275 3.08274 3.25608 
0.418962 0.652361 1.76248 1.94477 2.65835 2.9275 3.08274 3.25608 
0.418962 0.652361 1.76248 1.94477 2.65835 2.9275 3.08274 3.25608 
0.418962 0.652361 1.76248 1.94477 2.65835 2.9275 3.08274 3.25608 
0.418962 0.652361 1.30205 1.76248 1.94477 2.65835 2.9275 3.08274 
0.279025 0.418962 0.652361 1.24614 1.30205 1.76248 1.94477 2.65835 
0.279025 0.418962 0.652361 1.24614 1.30205 1.76248 1.94477 2.65835 
0.279025 0.418962 0.652361 1.24614 1.30205 1.76248 1.94477 2.65835 
0.279025 0.418962 0.652361 1.24614 1.30205 1.76248 1.94477 2.65835 
0.279025 0.418962 0.652361 1.24614 1.30205 1.76248 1.94477 2.65835 
0.279025 0.418962 0.629589 0.652361 1.24614 1.30205 1.76248 1.94477 
0.279025 0.418962 0.629589 0.652361 1.24614 1.30205 1.76248 1.94477 
0.279025 0.418962 0.629589 0.652361 1.24614 1.30205 1.76248 1.94477 
0.279025 0.418962 0.629589 0.652361 1.24614 1.30205 1.76248 1.94477 
0.279025 0.418962 0.629589 0.652361 0.723763 1.24614 1.30205 1.76248 
0.279025 0.418962 0.629589 0.652361 0.723763 1.24614 1.30205 1.76248 
0.279025 0.418962 0.629589 0.652361 0.723763 1.24614 1.30205 1.76248 
0.279025 0.418962 0.629589 0.652361 0.723763 1.24614 1.30205 1.76248 
0.279025 0.418962 0.629589 0.652361 0.723763 1.24614 1.30205 1.76248 
0.279025 0.418962 0.629589 0.652361 0.723763 1.24614 1.30205 1.76248 
0.140989 0.279025 0.418962 0.629589 0.652361 0.723763 1.24614 1.30205 
0.140989 0.279025 0.418962 0.629589 0.652361 0.723763 1.24614 1.30205 
0.140989 0.279025 0.418962 0.629589 0.652361 0.723763 1.24614 1.30205 
0.140989 0.279025 0.418962 0.629589 0.652361 0.723763 1.24614 1.30205 
0.140989 0.279025 0.418962 0.629589 0.652361 0.723763 1.24614 1.30205 
0.140989 0.279025 0.418962 0.629589 0.652361 0.723763 1.24614 1.30205 
0.140989 0.279025 0.418962 0.629589 0.652361 0.723763 1.24614 1.30205 
0.140989 0.279025 0.418962 0.629589 0.652361 0.723763 1.24614 1.30205 
0.140989 0.279025 0.418962 0.629589 0.652361 0.723763 1.24614 1.30205 
0.140989 0.279025 0.418962 0.629589 0.652361 0.723763 1.24614 1.30205 
0.140989 0.279025 0.418962 0.629589 0.652361 0.723763 1.24614 1.30205 
0.140989 0.279025 0.418962 0.629589 0.652361 0.723763 1.24614 1.30205 
0.140989 0.279025 0.418962 0.629589 0.652361 0.723763 1.24614 1.30205 
0.134405 0.140989 0.279025 0.418962 0.629589 0.652361 0.723763 1.24614 
0.134405 0.140989 0.279025 0.418962 0.629589 0.652361 0.723763 1.24614 
0.134405 0.140989 0.279025 0.294535 0.418962 0.629589 0.652361 0.723763 
0.134405 0.140989 0.257472 0.279025 0.294535 0.418962 0.629589 0.652361 
0.134405 0.140989 0.257472 0.279025 0.294535 0.418962 0.629589 0.652361 
0.0230217 0.134405 0.140989 0.257472 0.279025 0.294535 0.418962 0.629589 
0.0230217 0.134405 0.140989 0.257472 0.279025 0.294535 0.418962 0.629589 
0.0230217 0.134405 0.140989 0.257472 0.279025 0.294535 0.418962 0.629589 
0.0230217 0.134405 0.140989 0.257472 0.279025 0.294535 0.418962 0.629589 
0.0230217 0.134405 0.140989 0.257472 0.279025 0.294535 0.418962 0.629589 
0.0230217 0.134405 0.140989 0.257472 0.279025 0.294535 0.418962 0.629589 
0.0230217 0.134405 0.140989 0.257472 0.279025 0.294535 0.418962 0.629589 
0.0230217 0.134405 0.140989 0.257472 0.279025 0.294535 0.418962 0.629589 
0.0230217 0.134405 0.140989 0.251388 0.257472 0.279025 0.294535 0.418962 
0.0230217 0.134405 0.140989 0.251388 0.257472 0.279025 0.294535 0.418962 
0.0230217 0.134405 0.140989 0.251388 0.257472 0.279025 0.294535 0.418962 
0.0230217 0.134405 0.140989 0.251388 0.257472 0.279025 0.294535 0.418962 
0.0230217 0.134405 0.140989 0.251275 0.251388 0.257472 0.279025 0.294535 
0.0230217 0.134405 0.140989 0.251275 0.251388 0.257472 0.279025 0.294535 
0.0230217 0.134405 0.140989 0.203678 0.213702 0.251275 0.251388 0.257472 
0.0230217 0.134405 0.140989 0.203678 0.213702 0.251275 0.251388 0.257472 
0.0230217 0.134405 0.140989 0.16044 0.203678 0.213702 0.251275 0.251388 
0.0230217 0.134405 0.140989 0.16044 0.203678 0.213702 0.251275 0.251388 
0.0230217 0.134405 0.140989 0.16044 0.203678 0.213702 0.251275 0.251388 
0.0230217 0.134405 0.140989 0.16044 0.203678 0.213702 0.251275 0.251388 
0.0230217 0.134405 0.140989 0.16044 0.203678 0.213702 0.251275 0.251388 
0.0230217 0.134405 0.140989 0.16044 0.203678 0.213702 0.251275 0.251388 
0.0230217 0.134405 0.140989 0.16044 0.203678 0.213702 0.251275 0.251388 
0.0230217 0.134405 0.140989 0.16044 0.167344 0.203678 0.213702 0.251275 
0.0230217 0.134405 0.140989 0.16044 0.167344 0.203678 0.213702 0.251275 
0.0230217 0.134405 0.140989 0.16044 0.167344 0.203678 0.213702 0.251275 
0.0230217 0.134405 0.140989 0.16044 0.167344 0.203678 0.213702 0.251275 
0.0230217 0.134405 0.140989 0.16044 0.167344 0.203678 0.213702 0.251275 
0.0230217 0.134405 0.140989 0.16044 0.167344 0.203678 0.213702 0.251275 
0.0230217 0.134405 0.140989 0.16044 0.167344 0.203678 0.213702 0.251275 
0.0230217 0.134405 0.140989 0.16044 0.167344 0.203678 0.213702 0.251275 
