2.76116 3.43371 4.9592 5.08128 5.26117 5.67943 5.73131 5.9986 
2.76116 3.43371 4.9592 5.08128 5.26117 5.67943 5.73131 5.80279 
2.76116 3.43371 4.9592 5.08128 5.26117 5.67943 5.73131 5.80279 
2.76116 3.17929 3.43371 3.70378 4.9592 5.08128 5.26117 5.67943 
2.76116 3.17929 3.43371 3.70378 3.92872 4.65622 4.9592 5.08128 
2.76116 3.17929 3.43371 3.70378 3.92872 4.10489 4.59554 4.65622 
2.76116 3.17929 3.43371 3.70378 3.92872 4.10489 4.59554 4.65622 
2.76116 3.17929 3.43371 3.70378 3.92872 4.10489 4.58272 4.59554 
2.76116 3.17929 3.43371 3.70378 3.71265 3.92872 4.10489 4.58272 
2.76116 3.17929 3.43371 3.70378 3.71265 3.92872 4.10489 4.58272 
2.76116 3.17929 3.43371 3.70378 3.71265 3.92872 4.10489 4.58272 
2.76116 3.17929 3.43371 3.70378 3.71265 3.92872 4.10489 4.58272 
2.76116 3.17929 3.43371 3.70378 3.71265 3.92872 4.10489 4.58272 
2.76116 3.17929 3.43371 3.70378 3.71265 3.92872 4.10489 4.58272 
2.76116 3.17929 3.43371 3.70378 3.71265 3.92872 4.10489 4.58272 
2.76116 3.17929 3.43371 3.70378 3.71265 3.92872 4.10489 4.58272 
2.76116 3.17929 3.43371 3.70378 3.71265 3.92872 4.10489 4.58272 
2.76116 3.17929 3.43371 3.70378 3.71265 3.92872 4.10489 4.58272 
2.76116 3.17929 3.43371 3.70378 3.71265 3.92872 4.10489 4.58272 
2.76116 3.17929 3.43371 3.70378 3.71265 3.92872 4.10489 4.58272 
2.76116 3.17929 3.43371 3.70378 3.71265 3.92872 4.10489 4.58272 
2.76116 3.17929 3.43371 3.70378 3.71265 3.92872 4.10489 4.58272 
2.76116 3.17929 3.43371 3.70378 3.71265 3.92872 4.10489 4.58272 
2.76116 3.17929 3.43371 3.70378 3.71265 3.92872 4.10489 4.58272 
2.76116 3.17929 3.43371 3.70378 3.71265 3.92872 4.10489 4.58272 
2.76116 3.17929 3.43371 3.70378 3.71265 3.92872 4.10489 4.58272 
2.76116 3.17929 3.43371 3.70378 3.71265 3.92872 4.10489 4.58272 
2.76116 3.17929 3.43371 3.70378 3.71265 3.92872 4.10489 4.58272 
2.76116 3.17929 3.43371 3.70378 3.71265 3.92872 4.10489 4.58272 
2.76116 3.17929 3.43371 3.70378 3.71265 3.92872 4.10489 4.58272 
2.76116 3.17929 3.43371 3.70378 3.71265 3.92872 4.10489 4.58272 
2.76116 3.17929 3.43371 3.70378 3.71265 3.92872 4.10489 4.58272 
2.76116 3.17929 3.43371 3.70378 3.71265 3.92872 4.10489 4.58272 
2.76116 3.17929 3.43371 3.70378 3.71265 3.92872 4.10489 4.58272 
2.76116 3.17929 3.43371 3.70378 3.71265 3.92872 4.10489 4.58272 
2.76116 3.17929 3.43371 3.70378 3.71265 3.92872 4.10489 4.58272 
2.76116 3.17929 3.43371 3.70378 3.71265 3.92872 4.10489 4.58272 
2.76116 3.17929 3.43371 3.70378 3.71265 3.92872 4.10489 4.58272 
2.76116 3.17929 3.43371 3.70378 3.71265 3.92872 4.10489 4.58272 
2.76116 3.17929 3.43371 3.70378 3.71265 3.92872 4.10489 4.58272 
2.76116 3.17929 3.43371 3.70378 3.71265 3.92872 4.10489 4.58272 
2.76116 3.17929 3.43371 3.70378 3.71265 3.92872 4.10489 4.58272 
2.76116 3.17929 3.43371 3.70378 3.71265 3.92872 4.10489 4.58272 
2.76116 3.17929 3.43371 3.70378 3.71265 3.92872 4.10489 4.58272 
2.76116 3.17929 3.43371 3.70378 3.71265 3.92872 4.10489 4.58272 
2.76116 3.17929 3.43371 3.70378 3.71265 3.92872 4.10489 4.58272 
2.76116 3.17929 3.43371 3.70378 3.71265 3.92872 4.10489 4.58272 
2.76116 3.17929 3.43371 3.70378 3.71265 3.92872 4.10489 4.58272 
2.76116 3.17929 3.43371 3.70378 3.71265 3.92872 4.10489 4.58272 
2.76116 3.17929 3.43371 3.70378 3.71265 3.92872 4.10489 4.58272 
2.76116 3.17929 3.43371 3.70378 3.71265 3.92872 4.10489 4.58272 
2.76116 3.17929 3.43371 3.70378 3.71265 3.92872 4.10489 4.58272 
2.76116 3.17929 3.43371 3.70378 3.71265 3.92872 4.10489 4.58272 
2.76116 3.17929 3.43371 3.70378 3.71265 3.92872 4.10489 4.58272 
2.76116 3.17929 3.43371 3.70378 3.71265 3.92872 4.10489 4.58272 
2.76116 3.17929 3.43371 3.70378 3.71265 3.92872 4.10489 4.58272 
2.76116 3.17929 3.43371 3.70378 3.71265 3.92872 4.10489 4.58272 
2.76116 3.17929 3.43371 3.70378 3.71265 3.92872 4.10489 4.58272 
2.76116 3.17929 3.43371 3.70378 3.71265 3.92872 4.10489 4.58272 
2.76116 3.17929 3.43371 3.70378 3.71265 3.92872 4.10489 4.58272 
2.76116 3.17929 3.43371 3.70378 3.71265 3.92872 4.10489 4.58272 
2.76116 3.17929 3.43371 3.70378 3.71265 3.92872 4.10489 4.58272 
2.76116 3.17929 3.43371 3.70378 3.71265 3.92872 4.10489 4.58272 
2.76116 3.17929 3.43371 3.70378 3.71265 3.92872 4.10489 4.58272 
2.76116 3.17929 3.43371 3.70378 3.71265 3.92872 4.10489 4.58272 
2.76116 3.17929 3.43371 3.70378 3.71265 3.92872 4.10489 4.58272 
2.76116 3.17929 3.43371 3.70378 3.71265 3.92872 4.10489 4.58272 
2.76116 3.17929 3.43371 3.70378 3.71265 3.92872 4.10489 4.58272 
2.76116 3.17929 3.43371 3.70378 3.71265 3.92872 4.10489 4.58272 
2.76116 3.17929 3.43371 3.70378 3.71265 3.92872 4.10489 4.58272 
2.76116 3.17929 3.43371 3.70378 3.71265 3.92872 4.10489 4.58272 
2.76116 3.17929 3.43371 3.70378 3.71265 3.92872 4.10489 4.58272 
2.76116 3.17929 3.43371 3.70378 3.71265 3.92872 4.10489 4.58272 
2.76116 3.17929 3.43371 3.70378 3.71265 3.92872 4.10489 4.58272 
2.76116 3.17929 3.43371 3.70378 3.71265 3.92872 4.10489 4.58272 
2.76116 3.17929 3.43371 3.70378 3.71265 3.92872 4.10489 4.58272 
2.76116 3.17929 3.43371 3.70378 3.71265 3.92872 4.10489 4.58272 
2.76116 3.17929 3.43371 3.70378 3.71265 3.92872 4.10489 4.58272 
2.76116 3.17929 3.43371 3.70378 3.71265 3.92872 4.10489 4.58272 
2.76116 3.17929 3.43371 3.70378 3.71265 3.92872 4.10489 4.58272 
2.76116 3.17929 3.43371 3.70378 3.71265 3.92872 4.10489 4.58272 
2.76116 3.17929 3.43371 3.70378 3.71265 3.92872 4.10489 4.58272 
2.76116 3.17929 3.43371 3.70378 3.71265 3.92872 4.10489 4.58272 
2.76116 3.17929 3.43371 3.70378 3.71265 3.92872 4.10489 4.58272 
2.76116 3.17929 3.43371 3.70378 3.71265 3.92872 4.10489 4.58272 
2.76116 3.17929 3.43371 3.70378 3.71265 3.92872 4.10489 4.58272 
2.76116 3.17929 3.43371 3.70378 3.71265 3.92872 4.10489 4.58272 
2.76116 3.17929 3.43371 3.70378 3.71265 3.92872 4.10489 4.58272 
2.76116 3.17929 3.43371 3.70378 3.71265 3.92872 4.10489 4.58272 
2.76116 3.17929 3.43371 3.70378 3.71265 3.92872 4.10489 4.58272 
2.76116 3.17929 3.43371 3.70378 3.71265 3.92872 4.10489 4.58272 
2.76116 3.17929 3.43371 3.70378 3.71265 3.92872 4.10489 4.58272 
2.76116 3.17929 3.43371 3.70378 3.71265 3.92872 4.10489 4.58272 
2.76116 3.17929 3.43371 3.70378 3.71265 3.92872 4.10489 4.58272 
2.76116 3.17929 3.43371 3.70378 3.71265 3.92872 4.10489 4.58272 
2.76116 3.17929 3.43371 3.70378 3.71265 3.92872 4.10489 4.58272 
2.76116 3.17929 3.43371 3.70378 3.71265 3.92872 4.10489 4.58272 
2.76116 3.17929 3.43371 3.70378 3.71265 3.92872 4.10489 4.58272 
2.76116 3.17929 3.43371 3.70378 3.71265 3.92872 4.10489 4.58272 
2.76116 3.17929 3.43371 3.70378 3.71265 3.92872 4.10489 4.58272 
