3.27712 3.65433 4.37851 4.69963 6.40414 6.93451 6.97047 7.75936 
2.66281 3.27712 3.65433 4.37851 4.54766 4.69963 5.84705 5.98627 
2.66281 3.27712 3.47314 3.65433 4.21919 4.37851 4.42638 4.48957 
2.66281 2.8731 3.27712 3.47314 3.65433 3.72552 4.21919 4.37851 
2.66281 2.8731 3.27712 3.47314 3.65433 3.72552 4.21919 4.37851 
2.66281 2.8731 3.27712 3.47314 3.65433 3.72552 4.21919 4.30048 
2.66281 2.8731 3.27712 3.47314 3.65433 3.72552 4.21387 4.21919 
1.3063 1.65869 2.66081 2.66281 2.8731 3.10244 3.27712 3.47314 
1.3063 1.65869 2.66081 2.66281 2.8731 3.10244 3.27712 3.47314 
0.883897 1.00995 1.3063 1.65869 2.66081 2.66281 2.8731 3.10244 
0.326084 0.883897 1.00995 1.3063 1.65869 2.66081 2.66281 2.8731 
0.326084 0.883897 1.00995 1.3063 1.65869 2.66081 2.66281 2.8731 
0.326084 0.883897 1.00995 1.3063 1.65869 2.66081 2.66281 2.83761 
0.326084 0.883897 1.00995 1.3063 1.65869 2.66081 2.66281 2.83761 
0.326084 0.883897 1.00995 1.3063 1.65869 2.66081 2.66281 2.83761 
0.326084 0.883897 1.00995 1.3063 1.65869 2.66081 2.66281 2.83761 
0.326084 0.883897 1.00995 1.3063 1.65869 2.66081 2.66281 2.83761 
0.326084 0.883897 1.00995 1.3063 1.65869 2.66081 2.66281 2.83761 
0.326084 0.883897 1.00995 1.3063 1.65869 2.66081 2.66281 2.83761 
0.326084 0.587231 0.883897 1.00995 1.3063 1.65869 2.66081 2.66281 
0.326084 0.587231 0.883897 1.00995 1.3063 1.65869 2.66081 2.66281 
0.326084 0.587231 0.883897 1.00995 1.3063 1.65869 2.27613 2.66081 
0.326084 0.587231 0.883897 1.00995 1.3063 1.65869 2.27613 2.66081 
0.326084 0.587231 0.883897 1.00995 1.3063 1.65869 2.27613 2.66081 
0.326084 0.587231 0.883897 1.00995 1.3063 1.65869 2.27613 2.66081 
0.326084 0.587231 0.883897 1.00995 1.3063 1.65869 2.27613 2.66081 
0.326084 0.587231 0.883897 1.00995 1.3063 1.65869 2.27613 2.66081 
0.326084 0.587231 0.883897 1.00995 1.3063 1.65869 2.27613 2.66081 
0.326084 0.587231 0.883897 1.00995 1.3063 1.65869 2.27613 2.66081 
0.326084 0.587231 0.883897 1.00995 1.3063 1.65869 2.27613 2.66081 
0.326084 0.587231 0.883897 1.00995 1.3063 1.65869 2.27613 2.66081 
0.326084 0.587231 0.883897 1.00995 1.3063 1.65869 2.27613 2.66081 
0.326084 0.587231 0.883897 1.00995 1.3063 1.65869 2.27613 2.66081 
0.326084 0.587231 0.883897 1.00995 1.3063 1.65869 2.27613 2.66081 
0.326084 0.587231 0.883897 1.00995 1.3063 1.30974 1.65869 2.27613 
0.326084 0.587231 0.883897 1.00995 1.3063 1.30974 1.65869 2.27613 
0.326084 0.587231 0.883897 1.00995 1.3063 1.30974 1.65869 2.27613 
0.326084 0.587231 0.883897 1.00995 1.3063 1.30974 1.65869 2.27613 
0.326084 0.587231 0.883897 1.00995 1.3063 1.30974 1.65869 2.27613 
0.326084 0.587231 0.883897 1.00995 1.3063 1.30974 1.65869 2.27613 
0.326084 0.587231 0.883897 1.00995 1.3063 1.30974 1.65869 2.27613 
0.326084 0.587231 0.883897 1.00995 1.3063 1.30974 1.65869 2.12853 
0.326084 0.587231 0.883897 1.00995 1.3063 1.30974 1.65869 2.12853 
0.326084 0.587231 0.883897 1.00995 1.3063 1.30974 1.65869 2.12853 
0.326084 0.587231 0.883897 1.00995 1.3063 1.30974 1.65869 2.12853 
0.326084 0.587231 0.883897 1.00995 1.3063 1.30974 1.65869 2.12853 
0.326084 0.587231 0.883897 1.00995 1.3063 1.30974 1.65869 2.12853 
0.326084 0.587231 0.883897 1.00995 1.3063 1.30974 1.65869 2.12853 
0.326084 0.587231 0.883897 1.00995 1.3063 1.30974 1.65869 2.10333 
0.326084 0.587231 0.883897 1.00995 1.10593 1.3063 1.30974 1.65869 
0.326084 0.587231 0.883897 1.00995 1.10593 1.3063 1.30974 1.65869 
0.326084 0.587231 0.883897 1.00995 1.10593 1.3063 1.30974 1.65869 
0.326084 0.587231 0.883897 1.00995 1.10593 1.3063 1.30974 1.65869 
0.326084 0.587231 0.883897 1.00995 1.10593 1.3063 1.30974 1.65869 
0.326084 0.587231 0.883897 1.00995 1.10593 1.3063 1.30974 1.65869 
0.326084 0.587231 0.883897 1.00995 1.10593 1.3063 1.30974 1.65869 
0.326084 0.587231 0.883897 1.00995 1.10593 1.3063 1.30974 1.65869 
0.326084 0.587231 0.883897 1.00995 1.10593 1.3063 1.30974 1.65869 
0.326084 0.587231 0.883897 1.00995 1.10593 1.3063 1.30974 1.65869 
0.326084 0.587231 0.883897 1.00995 1.10593 1.3063 1.30974 1.65869 
0.326084 0.587231 0.883897 1.00995 1.10593 1.3063 1.30974 1.65869 
0.326084 0.587231 0.883897 1.00995 1.10593 1.3063 1.30974 1.65869 
0.326084 0.587231 0.883897 1.00995 1.10593 1.3063 1.30974 1.65869 
0.326084 0.587231 0.883897 1.00995 1.10593 1.3063 1.30974 1.65869 
0.326084 0.587231 0.883897 1.00995 1.10593 1.3063 1.30974 1.65869 
0.326084 0.587231 0.883897 1.00995 1.10593 1.3063 1.30974 1.65869 
0.326084 0.587231 0.883897 1.00995 1.10593 1.3063 1.30974 1.65869 
0.326084 0.587231 0.883897 1.00995 1.10593 1.3063 1.30974 1.65869 
0.326084 0.587231 0.883897 1.00995 1.10593 1.3063 1.30974 1.65869 
0.326084 0.587231 0.883897 1.00995 1.10593 1.3063 1.30974 1.65869 
0.326084 0.587231 0.883897 1.00995 1.10593 1.3063 1.30974 1.65869 
0.326084 0.587231 0.883897 1.00995 1.10593 1.3063 1.30974 1.65869 
0.326084 0.587231 0.883897 1.00995 1.10593 1.3063 1.30974 1.65869 
0.326084 0.587231 0.883897 1.00995 1.10593 1.3063 1.30974 1.65869 
0.326084 0.587231 0.883897 1.00995 1.10593 1.3063 1.30974 1.65869 
0.326084 0.587231 0.883897 1.00995 1.10593 1.3063 1.30974 1.65869 
0.326084 0.587231 0.883897 1.00995 1.10593 1.3063 1.30974 1.65869 
0.326084 0.587231 0.883897 1.00995 1.10593 1.3063 1.30974 1.65869 
0.326084 0.587231 0.883897 1.00995 1.10593 1.3063 1.30974 1.65869 
0.326084 0.587231 0.883897 1.00995 1.10593 1.3063 1.30974 1.65869 
0.326084 0.587231 0.883897 1.00995 1.10593 1.3063 1.30974 1.65869 
0.326084 0.587231 0.883897 1.00995 1.10593 1.3063 1.30974 1.65869 
0.326084 0.587231 0.883897 1.00995 1.10593 1.3063 1.30974 1.65869 
0.326084 0.587231 0.883897 1.00995 1.10593 1.3063 1.30974 1.65869 
0.326084 0.587231 0.883897 1.00995 1.10593 1.3063 1.30974 1.65869 
0.326084 0.587231 0.883897 1.00995 1.10593 1.3063 1.30974 1.65869 
0.326084 0.587231 0.883897 1.00995 1.10593 1.3063 1.30974 1.65869 
0.326084 0.587231 0.883897 1.00995 1.10593 1.3063 1.30974 1.65869 
0.326084 0.587231 0.883897 1.00995 1.10593 1.3063 1.30974 1.65869 
0.326084 0.587231 0.883897 1.00995 1.10593 1.3063 1.30974 1.65869 
0.326084 0.587231 0.883897 1.00995 1.10593 1.3063 1.30974 1.65869 
0.326084 0.587231 0.883897 1.00995 1.10593 1.3063 1.30974 1.65869 
0.326084 0.587231 0.883897 1.00995 1.10593 1.3063 1.30974 1.65869 
0.326084 0.587231 0.883897 1.00995 1.10593 1.3063 1.30974 1.65869 
0.326084 0.587231 0.883897 1.00995 1.10593 1.3063 1.30974 1.65869 
0.326084 0.587231 0.883897 1.00995 1.10593 1.3063 1.30974 1.65869 
0.326084 0.587231 0.883897 1.00995 1.10593 1.3063 1.30974 1.65869 
0.326084 0.587231 0.883897 1.00995 1.10593 1.3063 1.30974 1.65869 
0.326084 0.587231 0.883897 1.00995 1.10593 1.3063 1.30974 1.65869 
0.326084 0.587231 0.883897 1.00995 1.10593 1.3063 1.30974 1.65869 
