3.95808 4.08689 5.28065 5.86486 5.98486 6.38696 6.84826 7.73324 
3.95808 4.08689 4.73977 5.15053 5.28065 5.42965 5.50944 5.86486 
2.23847 3.95808 4.08689 4.73977 5.15053 5.28065 5.42965 5.50944 
2.23847 3.95808 4.08689 4.73977 5.15053 5.28065 5.35287 5.41774 
2.23847 3.95808 4.08689 4.53582 4.58599 4.73977 5.15053 5.28065 
2.23847 3.95808 4.08689 4.53582 4.58599 4.73977 4.84963 5.15053 
2.23847 3.89427 3.95808 4.08689 4.53582 4.58599 4.73977 4.84963 
2.23847 3.89427 3.95808 4.08689 4.25615 4.4795 4.53582 4.58599 
2.23847 3.71475 3.89427 3.95808 4.08689 4.25615 4.4795 4.53582 
2.23847 3.6977 3.71475 3.89427 3.95808 4.08689 4.25615 4.4795 
2.23847 3.6977 3.71475 3.89427 3.95808 4.08689 4.25615 4.4795 
2.23847 3.6977 3.71475 3.89427 3.95808 4.08689 4.25615 4.4795 
2.23847 3.6977 3.71475 3.89427 3.95808 4.08689 4.25615 4.4795 
2.23847 3.6977 3.71475 3.89427 3.95808 4.08689 4.25615 4.4795 
2.23847 3.6977 3.71475 3.82384 3.89427 3.95808 4.08689 4.25615 
2.23847 3.6977 3.71475 3.82384 3.89427 3.95808 4.08689 4.25615 
2.23847 3.6977 3.71475 3.82384 3.89427 3.95808 4.08689 4.25615 
2.23847 3.6977 3.71475 3.82384 3.89427 3.95808 4.08689 4.25615 
2.23847 3.6977 3.71475 3.82384 3.89427 3.95808 4.08689 4.25615 
2.23847 3.6977 3.71475 3.82384 3.89427 3.95808 4.08689 4.25615 
2.23847 3.6977 3.71475 3.82384 3.89427 3.95808 4.08689 4.25615 
2.23847 3.6977 3.71475 3.82384 3.89427 3.95808 4.08689 4.25615 
2.23847 3.6977 3.71475 3.82384 3.89427 3.95808 4.08689 4.25615 
2.23847 3.6977 3.71475 3.82384 3.89427 3.95808 4.08689 4.25615 
2.23847 3.6977 3.71475 3.82384 3.89427 3.95808 4.08689 4.25615 
2.23847 3.6977 3.71475 3.82384 3.89427 3.95808 4.08689 4.25615 
2.23847 3.6977 3.71475 3.82384 3.89427 3.95808 4.08689 4.25615 
2.23847 3.6977 3.71475 3.82384 3.89427 3.95808 4.08689 4.25615 
2.23847 3.6977 3.71475 3.82384 3.89427 3.95808 4.08689 4.25615 
2.23847 3.6977 3.71475 3.82384 3.89427 3.95808 4.08689 4.25615 
2.23847 3.6977 3.71475 3.82384 3.89427 3.95808 4.08689 4.25615 
2.23847 3.6977 3.71475 3.82384 3.89427 3.95808 4.08689 4.25615 
2.23847 3.6977 3.71475 3.82384 3.89427 3.95808 4.08689 4.25615 
2.23847 3.6977 3.71475 3.82384 3.89427 3.95808 4.08689 4.25615 
2.23847 3.6977 3.71475 3.82384 3.89427 3.95808 4.08689 4.25615 
2.23847 3.6977 3.71475 3.82384 3.89427 3.95808 4.08689 4.25615 
2.23847 3.6977 3.71475 3.82384 3.89427 3.95808 4.08689 4.25615 
2.23847 3.6977 3.71475 3.82384 3.89427 3.95808 4.08689 4.25615 
2.23847 3.6977 3.71475 3.82384 3.89427 3.95808 4.08689 4.25615 
2.23847 3.6977 3.71475 3.82384 3.89427 3.95808 4.08689 4.25615 
2.23847 3.6977 3.71475 3.82384 3.89427 3.95808 4.08689 4.25615 
2.23847 3.6977 3.71475 3.82384 3.89427 3.95808 4.08689 4.25615 
2.23847 3.6977 3.71475 3.82384 3.89427 3.95808 4.08689 4.25615 
2.23847 3.6977 3.71475 3.82384 3.89427 3.95808 4.08689 4.25615 
2.23847 3.6977 3.71475 3.82384 3.89427 3.95808 4.08689 4.25615 
2.23847 3.6977 3.71475 3.82384 3.89427 3.95808 4.08689 4.25615 
2.23847 3.6977 3.71475 3.82384 3.89427 3.95808 4.08689 4.25615 
2.23847 3.6977 3.71475 3.82384 3.89427 3.95808 4.08689 4.25615 
2.23847 3.6977 3.71475 3.82384 3.89427 3.95808 4.08689 4.25615 
2.23847 3.6977 3.71475 3.82384 3.89427 3.95808 4.08689 4.25615 
2.23847 3.6977 3.71475 3.82384 3.89427 3.95808 4.08689 4.25615 
2.23847 3.6977 3.71475 3.82384 3.89427 3.95808 4.08689 4.25615 
2.23847 3.6977 3.71475 3.82384 3.89427 3.95808 4.08689 4.25615 
2.23847 3.6977 3.71475 3.82384 3.89427 3.95808 4.08689 4.25615 
2.23847 3.6977 3.71475 3.82384 3.89427 3.95808 4.08689 4.25615 
2.23847 3.6977 3.71475 3.82384 3.89427 3.95808 4.08689 4.25615 
2.23847 3.6977 3.71475 3.82384 3.89427 3.95808 4.08689 4.25615 
2.23847 3.6977 3.71475 3.82384 3.89427 3.95808 4.08689 4.25615 
2.23847 3.6977 3.71475 3.82384 3.89427 3.95808 4.08689 4.25615 
2.23847 3.6977 3.71475 3.82384 3.89427 3.95808 4.08689 4.25615 
2.23847 3.6977 3.71475 3.82384 3.89427 3.95808 4.08689 4.25615 
2.23847 3.6977 3.71475 3.82384 3.89427 3.95808 4.08689 4.25615 
2.23847 3.6977 3.71475 3.82384 3.89427 3.95808 4.08689 4.25615 
2.23847 3.6977 3.71475 3.82384 3.89427 3.95808 4.08689 4.25615 
2.23847 3.6977 3.71475 3.82384 3.89427 3.95808 4.08689 4.25615 
2.23847 3.6977 3.71475 3.82384 3.89427 3.95808 4.08689 4.25615 
2.23847 3.6977 3.71475 3.82384 3.89427 3.95808 4.08689 4.25615 
2.23847 3.11807 3.6977 3.71475 3.82384 3.89427 3.95808 4.08689 
2.23847 3.11807 3.6977 3.71475 3.82384 3.89427 3.95808 4.08689 
2.23847 3.11807 3.6977 3.71475 3.82384 3.89427 3.95808 4.08689 
2.23847 3.11807 3.6977 3.71475 3.82384 3.89427 3.95808 4.08689 
2.23847 3.11807 3.6977 3.71475 3.82384 3.89427 3.95808 4.08689 
2.23847 3.11807 3.6977 3.71475 3.82384 3.89427 3.95808 4.08689 
2.23847 3.11807 3.6977 3.71475 3.82384 3.89427 3.95808 4.08689 
2.23847 3.11807 3.6977 3.71475 3.82384 3.89427 3.95808 4.08689 
2.23847 3.11807 3.6977 3.71475 3.82384 3.89427 3.95808 4.08689 
2.23847 3.11807 3.6977 3.71475 3.82384 3.89427 3.95808 4.08689 
2.23847 3.11807 3.6977 3.71475 3.82384 3.89427 3.95808 4.08689 
2.23847 3.11807 3.6977 3.71475 3.82384 3.89427 3.95808 4.08689 
2.23847 3.11807 3.6977 3.71475 3.82384 3.89427 3.95808 4.08689 
2.23847 3.11807 3.6977 3.71475 3.82384 3.89427 3.95808 4.08689 
2.23847 3.11807 3.6977 3.71475 3.82384 3.89427 3.95808 4.08689 
2.23847 3.11807 3.6977 3.71475 3.82384 3.89427 3.95808 4.08689 
2.23847 3.11807 3.6977 3.71475 3.82384 3.89427 3.95808 4.08689 
2.23847 3.11807 3.6977 3.71475 3.82384 3.89427 3.95808 4.08689 
2.23847 3.11807 3.6977 3.71475 3.82384 3.89427 3.95808 4.08689 
2.23847 3.11807 3.6977 3.71475 3.82384 3.89427 3.95808 4.08689 
2.23847 3.11807 3.6977 3.71475 3.82384 3.89427 3.95808 4.08689 
2.23847 3.11807 3.6977 3.71475 3.82384 3.89427 3.95808 4.08689 
2.23847 3.11807 3.6977 3.71475 3.82384 3.89427 3.95808 4.08689 
2.23847 3.11807 3.6977 3.71475 3.82384 3.89427 3.95808 4.08689 
2.23847 3.11807 3.6977 3.71475 3.82384 3.89427 3.95808 4.08689 
2.23847 3.11807 3.6977 3.71475 3.82384 3.89427 3.95808 4.08689 
2.23847 3.11807 3.6977 3.71475 3.82384 3.89427 3.95808 4.08689 
2.23847 3.11807 3.6977 3.71475 3.82384 3.89427 3.95808 4.08689 
2.23847 3.11807 3.6977 3.71475 3.82384 3.89427 3.95808 4.08689 
2.23847 3.11807 3.6977 3.71475 3.82384 3.89427 3.95808 4.08689 
2.23847 3.11807 3.6977 3.71475 3.82384 3.89427 3.95808 4.08689 
2.23847 3.11807 3.6977 3.71475 3.82384 3.89427 3.95808 4.08689 
2.23847 3.11807 3.6977 3.71475 3.82384 3.89427 3.95808 4.08689 
