2.94546 4.52689 5.92992 7.66255 9.30065 10.0368 10.2506 10.5161 
2.94546 4.51462 4.52689 5.92992 7.66255 8.58283 8.91554 8.9588 
2.94546 4.51462 4.52689 4.59722 5.90552 5.92992 6.41529 7.0626 
2.94546 4.51462 4.52689 4.59722 5.21755 5.90552 5.92992 6.41529 
2.94546 4.51462 4.52689 4.59722 5.21755 5.90552 5.92992 6.41529 
2.94546 4.51462 4.52689 4.55565 4.59722 5.21755 5.90552 5.92992 
2.94546 3.85848 4.51462 4.52689 4.55565 4.59722 5.21755 5.64519 
2.94546 3.85848 4.51462 4.52689 4.55565 4.59722 5.21755 5.64519 
2.94546 3.85848 4.51462 4.52689 4.55565 4.59722 5.21755 5.64519 
2.94546 3.66986 3.73339 3.85848 4.51462 4.52689 4.55565 4.59722 
2.94546 3.66986 3.73339 3.85848 4.51462 4.52689 4.55565 4.59722 
2.94546 3.66986 3.73339 3.85848 3.85942 4.51462 4.52689 4.55565 
2.79971 2.94546 3.66986 3.70763 3.73339 3.85848 3.85942 4.51462 
2.79971 2.94546 3.04239 3.32711 3.66986 3.70763 3.73339 3.85848 
2.79971 2.94546 2.96844 3.04239 3.32711 3.66986 3.70763 3.73339 
2.79971 2.94546 2.96844 3.04239 3.32711 3.66986 3.70763 3.73339 
0.17553 2.79971 2.94546 2.96844 3.04239 3.32711 3.54383 3.66986 
0.17553 2.79971 2.93049 2.94546 2.96844 3.04239 3.32711 3.54383 
0.17553 2.79971 2.93049 2.94546 2.96844 3.04239 3.32711 3.54383 
0.17553 2.79971 2.93049 2.94546 2.96844 3.04239 3.32711 3.4469 
0.17553 2.79971 2.86945 2.93049 2.94546 2.96844 3.04239 3.32711 
0.17553 0.348036 2.79971 2.82007 2.86945 2.93049 2.94546 2.96844 
0.17553 0.348036 2.79971 2.82007 2.86945 2.93049 2.94546 2.96844 
0.17553 0.348036 2.79971 2.82007 2.86945 2.93049 2.94546 2.96844 
0.17553 0.348036 2.79971 2.82007 2.86945 2.93049 2.94546 2.96844 
0.17553 0.348036 2.79971 2.82007 2.86945 2.93049 2.94546 2.96844 
0.17553 0.348036 2.79971 2.82007 2.86945 2.93049 2.94546 2.96844 
0.17553 0.348036 2.79971 2.82007 2.86945 2.93049 2.94546 2.96844 
0.17553 0.348036 2.79971 2.82007 2.86945 2.93049 2.94546 2.96844 
0.17553 0.348036 2.79971 2.82007 2.86945 2.93049 2.94546 2.96844 
0.17553 0.348036 2.79971 2.82007 2.86945 2.93049 2.94546 2.96844 
0.17553 0.348036 2.79971 2.82007 2.86945 2.93049 2.94546 2.96844 
0.17553 0.348036 1.6791 2.79971 2.82007 2.86945 2.93049 2.94546 
0.17553 0.348036 1.6791 2.56266 2.79971 2.82007 2.86945 2.93049 
0.17553 0.348036 1.6791 2.56266 2.79971 2.82007 2.86945 2.93049 
0.17553 0.348036 1.6791 2.56266 2.79971 2.82007 2.86945 2.93049 
0.17553 0.348036 1.6791 2.56266 2.79971 2.82007 2.86945 2.93049 
0.17553 0.348036 1.6791 2.56266 2.79971 2.82007 2.86945 2.93049 
0.17553 0.348036 1.6791 2.56266 2.79971 2.82007 2.86945 2.93049 
0.17553 0.348036 1.6791 2.56266 2.79971 2.82007 2.86945 2.93049 
0.17553 0.348036 1.6791 2.56266 2.79971 2.82007 2.86945 2.93049 
0.17553 0.348036 1.6791 2.56266 2.79971 2.82007 2.86945 2.90985 
0.17553 0.348036 1.6791 2.56266 2.79971 2.82007 2.86945 2.90985 
0.17553 0.348036 1.6791 2.56266 2.79971 2.82007 2.86945 2.90985 
0.17553 0.348036 1.6791 2.56266 2.79971 2.82007 2.86945 2.90985 
0.17553 0.348036 1.6791 2.56266 2.79971 2.82007 2.86945 2.90985 
0.17553 0.348036 1.6791 2.56266 2.79971 2.82007 2.86945 2.90985 
0.17553 0.348036 1.6791 2.56266 2.79971 2.82007 2.86945 2.90985 
0.17553 0.348036 1.6791 2.56266 2.79971 2.82007 2.86945 2.90985 
0.17553 0.348036 1.6791 2.56266 2.79971 2.82007 2.86945 2.90985 
0.17553 0.348036 1.6791 2.56266 2.79971 2.82007 2.86945 2.90985 
0.17553 0.348036 1.6791 2.56266 2.79971 2.82007 2.86945 2.90985 
0.17553 0.348036 1.6791 2.56266 2.79971 2.82007 2.86945 2.90985 
0.112276 0.17553 0.348036 1.6791 2.56266 2.79971 2.82007 2.86945 
0.112276 0.17553 0.348036 1.6791 2.56266 2.79971 2.82007 2.86945 
0.112276 0.17553 0.348036 1.6791 2.56266 2.79971 2.82007 2.86945 
0.112276 0.17553 0.348036 1.6791 2.56266 2.79971 2.82007 2.86945 
0.112276 0.17553 0.348036 1.6791 2.56266 2.79971 2.82007 2.86945 
0.112276 0.17553 0.348036 1.6791 2.56266 2.79971 2.82007 2.86945 
0.112276 0.17553 0.348036 1.6791 2.56266 2.79971 2.82007 2.86945 
0.112276 0.17553 0.348036 1.6791 2.56266 2.79971 2.82007 2.86945 
0.112276 0.17553 0.348036 1.6791 2.56266 2.79971 2.82007 2.86945 
0.112276 0.17553 0.348036 1.6791 2.56266 2.60087 2.79971 2.82007 
0.112276 0.17553 0.348036 1.6791 2.56266 2.60087 2.79971 2.82007 
0.112276 0.17553 0.348036 1.6791 2.24662 2.56266 2.60087 2.79971 
0.112276 0.17553 0.348036 1.6791 2.24662 2.56266 2.60087 2.79971 
0.112276 0.17553 0.348036 1.6791 2.24662 2.56266 2.60087 2.79971 
0.112276 0.17553 0.348036 1.6791 2.24662 2.56266 2.60087 2.79971 
0.112276 0.17553 0.348036 1.6791 2.24662 2.56266 2.60087 2.79971 
0.112276 0.17553 0.348036 1.6791 2.24662 2.56266 2.60087 2.79971 
0.112276 0.17553 0.348036 1.6791 2.24662 2.56266 2.60087 2.79971 
0.112276 0.17553 0.348036 1.6791 2.24662 2.56266 2.60087 2.79971 
0.112276 0.17553 0.348036 1.6791 2.24662 2.56266 2.60087 2.79971 
0.112276 0.17553 0.348036 1.6791 2.24662 2.56266 2.60087 2.79971 
0.112276 0.17553 0.348036 1.6791 2.24662 2.56266 2.60087 2.79971 
0.112276 0.17553 0.348036 1.6791 2.24662 2.56266 2.60087 2.79971 
0.112276 0.17553 0.348036 1.6791 2.24662 2.56266 2.60087 2.79971 
0.112276 0.17553 0.348036 1.6791 2.24662 2.56266 2.60087 2.79971 
0.112276 0.17553 0.348036 1.6791 2.24662 2.56266 2.60087 2.79971 
0.112276 0.17553 0.348036 1.6791 2.24662 2.56266 2.60087 2.79971 
0.112276 0.17553 0.348036 1.6791 2.24662 2.56266 2.60087 2.79971 
0.112276 0.17553 0.348036 1.6791 2.24662 2.56266 2.60087 2.79971 
0.112276 0.17553 0.348036 1.6791 2.24662 2.56266 2.60087 2.79971 
0.112276 0.17553 0.348036 1.6791 2.24662 2.56266 2.60087 2.79971 
0.112276 0.17553 0.348036 1.6791 2.24662 2.56266 2.60087 2.79971 
0.112276 0.17553 0.348036 1.6791 2.24662 2.56266 2.60087 2.79971 
0.112276 0.17553 0.348036 1.6791 2.24662 2.56266 2.60087 2.79971 
0.112276 0.17553 0.348036 1.6791 2.24662 2.56266 2.60087 2.79971 
0.112276 0.17553 0.348036 1.6791 2.24662 2.56266 2.60087 2.79971 
0.112276 0.17553 0.348036 1.6791 2.24662 2.56266 2.60087 2.79971 
0.112276 0.17553 0.348036 1.6791 2.24662 2.56266 2.60087 2.79971 
0.112276 0.17553 0.348036 1.6791 2.24662 2.56266 2.60087 2.79971 
0.112276 0.17553 0.348036 1.6791 2.24662 2.56266 2.60087 2.79971 
0.112276 0.17553 0.348036 1.6791 2.24662 2.56266 2.60087 2.79971 
0.112276 0.17553 0.348036 1.6791 2.24662 2.56266 2.60087 2.79971 
0.112276 0.17553 0.348036 1.6791 2.24662 2.56266 2.60087 2.79971 
0.112276 0.17553 0.348036 1.6791 2.24662 2.56266 2.60087 2.79971 
0.112276 0.17553 0.348036 1.6791 2.24662 2.56266 2.60087 2.79971 
0.112276 0.17553 0.348036 1.6791 2.24662 2.56266 2.60087 2.79971 
0.112276 0.17553 0.348036 1.6791 2.24662 2.56266 2.60087 2.79971 
