0.786413 4.03727 6.43019 8.18683 8.85817 9.0056 9.01872 9.72481 
0.786413 4.03727 4.55955 5.98644 6.33014 6.43019 8.18683 8.50708 
0.786413 4.03727 4.55955 5.85795 5.98644 6.33014 6.3813 6.43019 
0.786413 4.03727 4.55955 5.85795 5.98644 6.27978 6.33014 6.3813 
0.786413 4.03727 4.55955 5.85795 5.98644 6.27978 6.33014 6.3813 
0.786413 4.03727 4.55955 5.85795 5.98644 6.27978 6.33014 6.3813 
0.786413 4.03727 4.55955 5.85795 5.98644 6.27978 6.33014 6.3813 
0.786413 3.72934 4.03727 4.55955 5.85795 5.98644 6.27978 6.33014 
0.786413 3.72934 4.03727 4.55955 5.85795 5.98644 6.2672 6.27978 
0.786413 3.72934 4.03727 4.41033 4.55955 5.85795 5.98644 6.2672 
0.786413 3.72934 4.03727 4.41033 4.55955 5.85795 5.98644 6.2672 
0.786413 3.72934 4.03727 4.41033 4.55955 5.85795 5.98644 6.09595 
0.786413 3.26815 3.72934 3.76399 4.03727 4.41033 4.55955 5.85795 
0.786413 3.26815 3.72934 3.76399 4.03727 4.41033 4.55955 5.85795 
0.786413 3.26815 3.72934 3.76399 4.03727 4.41033 4.55955 5.85795 
0.786413 3.26815 3.72934 3.76399 4.03727 4.41033 4.55955 5.85795 
0.786413 3.26815 3.72934 3.76399 4.03727 4.41033 4.55955 5.85795 
0.786413 3.26815 3.72934 3.76399 4.03727 4.41033 4.55955 5.85795 
0.786413 3.26815 3.72934 3.76399 4.03727 4.41033 4.55955 5.85795 
0.786413 3.26815 3.72934 3.76399 4.03727 4.41033 4.55955 5.85795 
0.786413 3.26815 3.72934 3.76399 4.03727 4.38913 4.41033 4.55955 
0.786413 3.26815 3.72934 3.76399 4.03727 4.38913 4.41033 4.55955 
0.786413 3.05018 3.26815 3.72934 3.76399 4.03727 4.38913 4.41033 
0.786413 2.85344 3.05018 3.26815 3.72934 3.76399 4.03727 4.38913 
0.786413 2.85344 3.05018 3.26815 3.72934 3.76399 4.03727 4.38913 
0.786413 2.85344 3.05018 3.26815 3.72934 3.76399 4.03727 4.38913 
0.786413 2.85344 3.05018 3.26815 3.72934 3.76399 4.03727 4.38913 
0.786413 2.70579 2.75667 2.85344 3.05018 3.26815 3.72934 3.76399 
0.786413 2.70579 2.75667 2.85344 3.05018 3.26815 3.72934 3.76399 
0.786413 2.45265 2.70579 2.75667 2.85344 3.05018 3.26815 3.72934 
0.786413 2.45265 2.70579 2.75667 2.85344 3.05018 3.26815 3.72934 
0.786413 2.45265 2.70579 2.75667 2.85344 3.05018 3.26815 3.72934 
0.786413 2.45265 2.70579 2.75667 2.85344 3.05018 3.26815 3.72934 
0.786413 0.923511 2.45265 2.70579 2.75667 2.85344 3.05018 3.26815 
0.786413 0.923511 2.45265 2.70579 2.75667 2.85344 3.05018 3.26815 
0.786413 0.923511 1.86086 2.45265 2.70579 2.75667 2.85344 3.05018 
0.786413 0.923511 1.86086 2.45265 2.70579 2.75667 2.85344 3.05018 
0.786413 0.923511 1.86086 2.45265 2.70579 2.75667 2.85344 3.05018 
0.786413 0.923511 1.66556 1.86086 2.45265 2.70579 2.75667 2.85344 
0.786413 0.923511 1.66556 1.86086 2.45265 2.70579 2.75667 2.85344 
0.786413 0.923511 1.66556 1.86086 2.45265 2.70579 2.75667 2.85344 
0.786413 0.923511 1.66556 1.86086 2.45265 2.70579 2.75667 2.85344 
0.786413 0.923511 1.66556 1.86086 2.13682 2.45265 2.70579 2.75667 
0.786413 0.923511 1.66556 1.86086 2.13682 2.45265 2.70579 2.75667 
0.786413 0.923511 1.66556 1.86086 2.13682 2.45265 2.70579 2.75667 
0.786413 0.923511 1.66556 1.86086 2.13682 2.45265 2.70579 2.75667 
0.786413 0.923511 1.66556 1.86086 2.13682 2.45265 2.70579 2.75667 
0.786413 0.923511 1.66556 1.86086 2.13682 2.45265 2.70579 2.75667 
0.786413 0.923511 1.66556 1.86086 2.13682 2.45265 2.70579 2.75667 
0.786413 0.923511 1.66556 1.86086 2.13682 2.45265 2.70579 2.75667 
0.786413 0.923511 1.66556 1.86086 2.13682 2.45265 2.70579 2.75667 
0.786413 0.923511 1.66556 1.86086 2.13682 2.45265 2.70579 2.75667 
0.786413 0.923511 1.66556 1.86086 2.13682 2.45265 2.70579 2.75667 
0.786413 0.923511 1.66556 1.86086 2.13682 2.45265 2.70579 2.75667 
0.786413 0.923511 1.6071 1.66556 1.86086 2.13682 2.45265 2.70579 
0.786413 0.923511 1.6071 1.66556 1.86086 2.13682 2.45265 2.70579 
0.786413 0.923511 1.6071 1.66556 1.86086 2.13682 2.45265 2.70579 
0.786413 0.923511 1.6071 1.66556 1.86086 2.13682 2.45265 2.70579 
0.786413 0.923511 1.51615 1.6071 1.66556 1.86086 2.13682 2.45265 
0.786413 0.923511 1.51615 1.6071 1.66556 1.86086 2.13682 2.45265 
0.786413 0.923511 1.51615 1.6071 1.66556 1.86086 2.13682 2.45265 
0.786413 0.923511 1.51615 1.6071 1.66556 1.86086 2.13682 2.45265 
0.786413 0.923511 1.51615 1.6071 1.66556 1.86086 2.13682 2.45265 
0.786413 0.923511 1.51615 1.6071 1.66556 1.86086 2.13682 2.45265 
0.786413 0.923511 1.51615 1.6071 1.66556 1.86086 2.13682 2.45265 
0.786413 0.923511 1.51615 1.6071 1.66556 1.86086 2.13682 2.45265 
0.786413 0.923511 1.51615 1.6071 1.66556 1.86086 2.13682 2.45265 
0.786413 0.923511 1.51615 1.6071 1.66556 1.86086 2.13682 2.45265 
0.786413 0.923511 1.51615 1.6071 1.66556 1.86086 2.13682 2.45265 
0.786413 0.923511 1.51615 1.6071 1.66556 1.86086 2.13682 2.45265 
0.786413 0.923511 1.51615 1.6071 1.66556 1.86086 2.13682 2.45265 
0.786413 0.923511 1.51615 1.6071 1.66556 1.86086 2.13682 2.45265 
0.786413 0.923511 1.51615 1.6071 1.66556 1.86086 2.13682 2.45265 
0.786413 0.923511 1.51615 1.6071 1.66556 1.86086 2.13682 2.45265 
0.786413 0.923511 1.51615 1.6071 1.66556 1.86086 2.13682 2.45265 
0.786413 0.923511 1.51615 1.6071 1.66556 1.86086 2.13682 2.45265 
0.786413 0.923511 1.51615 1.6071 1.66556 1.86086 2.13682 2.45265 
0.786413 0.923511 1.51615 1.6071 1.66556 1.86086 2.13682 2.45265 
0.786413 0.923511 1.51615 1.6071 1.60887 1.66556 1.86086 2.13682 
0.786413 0.923511 1.51615 1.6071 1.60887 1.66556 1.86086 2.13682 
0.786413 0.923511 1.51615 1.6071 1.60887 1.66556 1.86086 2.13682 
0.786413 0.923511 1.51615 1.6071 1.60887 1.66556 1.86086 2.13682 
0.786413 0.923511 1.51615 1.6071 1.60887 1.66556 1.86086 2.13682 
0.786413 0.923511 1.51615 1.6071 1.60887 1.66556 1.86086 2.13682 
0.786413 0.923511 1.51615 1.6071 1.60887 1.66556 1.86086 2.13682 
0.786413 0.923511 1.51615 1.6071 1.60887 1.66556 1.86086 2.13682 
0.786413 0.923511 1.51615 1.6071 1.60887 1.66556 1.86086 2.13682 
0.786413 0.923511 1.51615 1.6071 1.60887 1.66556 1.86086 2.13682 
0.786413 0.923511 1.51615 1.6071 1.60887 1.66556 1.86086 2.13682 
0.786413 0.923511 1.51615 1.6071 1.60887 1.66556 1.86086 2.13682 
0.786413 0.923511 1.51615 1.6071 1.60887 1.66556 1.86086 2.13682 
0.786413 0.923511 1.51615 1.6071 1.60887 1.66556 1.86086 2.13682 
0.786413 0.923511 1.51615 1.6071 1.60887 1.66556 1.86086 2.13682 
0.786413 0.923511 1.51615 1.6071 1.60887 1.66556 1.86086 2.13682 
0.786413 0.923511 1.51615 1.6071 1.60887 1.66556 1.86086 2.13682 
0.786413 0.923511 1.51615 1.6071 1.60887 1.66556 1.86086 2.13682 
0.786413 0.923511 1.51615 1.6071 1.60887 1.66556 1.86086 2.13682 
0.786413 0.923511 1.51615 1.6071 1.60887 1.66556 1.86086 2.13682 
0.786413 0.923511 1.51615 1.6071 1.60887 1.66556 1.86086 2.13682 
0.786413 0.923511 1.51615 1.6071 1.60887 1.66556 1.86086 2.13682 
