5.19156 5.37567 6.06118 6.50846 6.66741 7.17253 7.39705 8.0113 
5.19156 5.37567 6.06118 6.43744 6.50846 6.66741 7.07155 7.17253 
4.30806 5.19156 5.37567 6.06118 6.43744 6.50846 6.57717 6.66741 
4.30806 5.19156 5.37567 6.06118 6.10194 6.43744 6.50846 6.57717 
4.30806 5.19156 5.37567 5.89558 5.93895 6.06118 6.10194 6.43744 
4.30806 5.19156 5.37567 5.89558 5.93895 6.06118 6.10194 6.43744 
4.21937 4.30806 5.19156 5.37567 5.89558 5.93895 6.06118 6.10194 
4.21937 4.30806 4.47935 5.19156 5.37567 5.89558 5.93895 6.06118 
4.21937 4.30806 4.47935 5.19156 5.37567 5.89558 5.93895 6.06118 
4.21937 4.30806 4.47935 5.19156 5.37567 5.89558 5.93895 6.06118 
4.21937 4.30806 4.47935 5.19156 5.37567 5.89558 5.93895 6.06118 
4.21937 4.30806 4.47935 5.19156 5.37567 5.51138 5.89558 5.93895 
4.21937 4.30806 4.47935 5.19156 5.37567 5.51138 5.89558 5.93895 
4.21937 4.30806 4.47935 5.19156 5.37567 5.51138 5.89558 5.93895 
3.66189 4.21937 4.30806 4.47935 5.19156 5.28839 5.37567 5.51138 
3.66189 4.21937 4.30806 4.47935 5.19156 5.28839 5.37567 5.51138 
3.66189 4.21937 4.30806 4.47935 5.19156 5.28839 5.37567 5.51138 
3.66189 4.01798 4.21937 4.30806 4.47935 5.19156 5.28839 5.37567 
1.08826 3.66189 4.01798 4.21937 4.30806 4.47935 5.19156 5.28839 
1.08826 3.66189 4.01798 4.21937 4.30806 4.47935 5.19156 5.28839 
1.08826 3.66189 4.01798 4.21937 4.30806 4.47935 5.19156 5.28839 
1.08826 3.66189 4.01798 4.21937 4.30806 4.47935 5.19156 5.28839 
1.08826 3.66189 4.01798 4.21937 4.30806 4.47935 5.19156 5.28839 
1.08826 3.66189 4.01798 4.21937 4.30806 4.47935 5.19156 5.28839 
1.08826 3.48061 3.66189 4.01798 4.21937 4.30806 4.47935 5.19156 
1.08826 3.48061 3.66189 4.01798 4.21937 4.30806 4.47935 5.19156 
1.08826 3.48061 3.66189 4.01798 4.21937 4.30806 4.47935 5.19156 
1.08826 3.48061 3.66189 4.01798 4.21937 4.30806 4.47935 4.89291 
1.08826 3.48061 3.66189 3.90594 4.01798 4.21937 4.23205 4.30806 
1.08826 3.48061 3.66189 3.90594 4.01798 4.21937 4.23205 4.30806 
1.08826 3.48061 3.66189 3.90594 4.01798 4.21937 4.23205 4.30806 
1.08826 3.48061 3.66189 3.90594 4.01798 4.21937 4.23205 4.30806 
1.08826 3.48061 3.66189 3.90594 4.01798 4.21937 4.23205 4.30806 
1.08826 3.48061 3.66189 3.90594 4.01798 4.21937 4.23205 4.30806 
1.08826 3.48061 3.66189 3.90594 4.01798 4.21937 4.23205 4.30806 
1.08826 3.48061 3.66189 3.90594 4.01798 4.21937 4.23205 4.30806 
1.08826 3.48061 3.66189 3.90594 4.01798 4.21937 4.23205 4.30806 
1.08826 3.48061 3.66189 3.69571 3.90594 3.94709 4.01798 4.21937 
1.08826 3.48061 3.66189 3.69571 3.90594 3.94709 4.01798 4.21937 
1.08826 3.48061 3.66189 3.69571 3.90594 3.94709 4.01798 4.21937 
1.08826 3.48061 3.66189 3.69571 3.70691 3.86158 3.90594 3.94709 
1.08826 3.48061 3.66189 3.69571 3.70691 3.86158 3.90594 3.94709 
1.08826 3.48061 3.53914 3.66189 3.69571 3.70691 3.86158 3.90594 
1.08826 2.99433 3.48061 3.53914 3.66189 3.69571 3.70691 3.86158 
1.08826 2.99433 3.33312 3.48061 3.53914 3.66189 3.69571 3.70691 
1.08826 2.99433 3.28791 3.33312 3.48061 3.53914 3.66189 3.69571 
1.08826 2.99433 3.28791 3.33312 3.48061 3.53914 3.66189 3.69571 
1.08826 2.99433 3.28791 3.33312 3.48061 3.53914 3.66189 3.69571 
1.08826 2.99433 3.28791 3.33312 3.48061 3.53914 3.66189 3.69571 
1.08826 2.99433 3.28791 3.33312 3.48061 3.53914 3.66189 3.69571 
1.08826 2.99433 3.28791 3.33312 3.48061 3.53914 3.66189 3.69571 
1.08826 2.99433 3.28791 3.33312 3.48061 3.53914 3.66189 3.69571 
1.08826 2.99433 3.28791 3.33312 3.48061 3.53914 3.66189 3.69571 
1.08826 2.99433 3.28791 3.33312 3.48061 3.53914 3.66189 3.69571 
1.08826 2.99433 3.28791 3.33312 3.48061 3.53914 3.66189 3.69571 
1.08826 2.99433 3.28791 3.33312 3.48061 3.53914 3.66189 3.69571 
1.08826 2.99433 3.28791 3.33312 3.48061 3.53914 3.66189 3.69571 
1.08826 2.99433 3.28791 3.33312 3.48061 3.53914 3.66189 3.69571 
1.08826 2.99433 3.28791 3.33312 3.48061 3.53914 3.66189 3.69571 
1.08826 2.99433 3.28791 3.33312 3.48061 3.53914 3.66189 3.69571 
1.08826 2.99433 3.28791 3.33312 3.48061 3.53914 3.66189 3.69571 
1.08826 2.99433 3.28791 3.33312 3.48061 3.53914 3.66189 3.69571 
1.08826 2.99433 3.28791 3.33312 3.48061 3.53914 3.66189 3.69571 
1.08826 2.99433 3.28791 3.33312 3.48061 3.53914 3.66189 3.69571 
1.08826 2.99433 3.28791 3.33312 3.48061 3.53914 3.66189 3.69571 
1.08826 2.99433 3.28791 3.33312 3.48061 3.53914 3.61651 3.66189 
1.08826 2.99433 3.28791 3.33312 3.48061 3.53914 3.55838 3.61651 
1.08826 2.99433 3.28791 3.33312 3.48061 3.53894 3.53914 3.55838 
1.08826 2.99433 3.26059 3.28182 3.28791 3.33312 3.48061 3.53894 
1.08826 2.99433 3.26059 3.28182 3.28791 3.33312 3.48061 3.53894 
1.08826 2.99433 3.26059 3.28182 3.28791 3.33312 3.48061 3.53894 
1.08826 2.99433 3.26059 3.28182 3.28235 3.28791 3.33312 3.48061 
1.08826 2.14093 2.69634 2.99433 3.26059 3.28182 3.28235 3.28791 
1.08826 2.14093 2.69634 2.99433 3.26059 3.28182 3.28235 3.28791 
1.08826 2.14093 2.69634 2.99433 3.26059 3.28182 3.28235 3.28791 
1.08826 2.14093 2.53833 2.69634 2.99433 3.26059 3.28182 3.28235 
1.08826 2.14093 2.53833 2.69634 2.99433 3.26059 3.28182 3.28235 
1.08826 2.14093 2.53833 2.69634 2.99433 3.26059 3.28182 3.28235 
1.08826 2.14093 2.18057 2.53833 2.69634 2.99433 3.26059 3.28182 
1.08826 1.95176 2.14093 2.18057 2.53833 2.69634 2.99433 3.26059 
1.08826 1.95176 2.14093 2.18057 2.53833 2.69634 2.99433 3.26059 
1.08826 1.95176 2.14093 2.18057 2.53833 2.69634 2.99433 3.26059 
1.08826 1.95176 2.14093 2.18057 2.53833 2.69634 2.99433 3.26059 
1.08826 1.95176 2.14093 2.18057 2.53833 2.69634 2.99433 3.26059 
1.08826 1.95176 2.14093 2.18057 2.53833 2.69634 2.99433 3.26059 
1.08826 1.95176 2.14093 2.18057 2.53833 2.69634 2.99433 3.24338 
1.08826 1.95176 2.14093 2.18057 2.53833 2.69634 2.99433 3.24338 
1.08826 1.95176 2.14093 2.18057 2.53833 2.69634 2.99433 3.24338 
1.08826 1.26283 1.95176 2.14093 2.18057 2.53833 2.69634 2.99433 
1.08826 1.26283 1.95176 2.14093 2.18057 2.53833 2.69634 2.99433 
1.08826 1.26283 1.95176 2.14093 2.18057 2.53833 2.69634 2.99433 
1.08826 1.26283 1.95176 2.14093 2.18057 2.53833 2.69634 2.99433 
1.01821 1.08826 1.26283 1.95176 2.14093 2.18057 2.53833 2.69634 
0.767789 1.01821 1.08826 1.26283 1.95176 2.14093 2.18057 2.53833 
0.767789 1.01821 1.08826 1.26283 1.95176 2.14093 2.18057 2.53833 
0.767789 1.01821 1.08826 1.26283 1.95176 2.14093 2.18057 2.53833 
0.767789 1.01821 1.08826 1.26283 1.95176 2.14093 2.18057 2.53833 
0.767789 1.01821 1.08826 1.26283 1.95176 2.14093 2.18057 2.53833 
0.767789 1.01821 1.08826 1.26283 1.95176 2.14093 2.18057 2.53833 
0.561827 0.579798 0.767789 1.01821 1.08826 1.26283 1.95176 2.14093 
