4.42471 6.09419 6.23207 6.90894 7.00503 7.09713 7.25032 7.5606 
4.08109 4.42471 5.39082 6.09419 6.23207 6.31086 6.39738 6.90894 
3.11235 3.35384 3.88689 4.04325 4.08109 4.37936 4.42471 4.43867 
3.11235 3.35384 3.88689 3.92129 4.04325 4.08109 4.37936 4.42471 
0.846167 1.74095 2.21112 3.11235 3.35384 3.44278 3.54507 3.88689 
0.846167 1.74095 2.21112 3.11235 3.11571 3.35384 3.44278 3.54507 
0.846167 1.74095 2.21112 3.11235 3.11571 3.35384 3.44278 3.54507 
0.846167 1.74095 2.21112 3.11235 3.11571 3.16045 3.35384 3.44278 
0.846167 1.74095 2.21112 2.76998 3.11235 3.11571 3.16045 3.35384 
0.846167 1.74095 2.21112 2.76998 3.11235 3.11571 3.16045 3.35384 
0.846167 1.74095 2.21112 2.76998 3.11235 3.11571 3.16045 3.35384 
0.846167 1.74095 2.21112 2.76998 3.11235 3.11571 3.16045 3.35384 
0.846167 1.74095 2.21112 2.76998 3.06826 3.11235 3.11571 3.16045 
0.846167 1.74095 2.21112 2.76998 3.06826 3.11235 3.11571 3.16045 
0.846167 1.74095 2.21112 2.76998 3.06826 3.11235 3.11571 3.16045 
0.846167 1.74095 2.21112 2.76998 3.06826 3.11235 3.11571 3.16045 
0.846167 1.74095 2.21112 2.76998 3.06826 3.11235 3.11571 3.16045 
0.846167 1.74095 2.21112 2.76998 3.06826 3.11235 3.11571 3.16045 
0.846167 1.74095 2.21112 2.76998 3.05108 3.06826 3.10983 3.11235 
0.846167 1.74095 2.21112 2.76998 3.05108 3.06826 3.10983 3.11235 
0.69119 0.846167 1.74095 2.21112 2.76998 3.05108 3.06826 3.10983 
0.69119 0.846167 1.74095 2.21112 2.76998 3.05108 3.06826 3.10983 
0.152061 0.69119 0.846167 1.74095 2.21112 2.76998 2.77892 3.05108 
0.152061 0.69119 0.846167 1.74095 2.21112 2.76998 2.77892 3.05108 
0.152061 0.69119 0.846167 1.74095 2.21112 2.76998 2.77892 3.05108 
0.152061 0.69119 0.846167 1.74095 2.21112 2.76998 2.77892 3.05108 
0.152061 0.69119 0.846167 1.74095 2.21112 2.76998 2.77892 3.05108 
0.152061 0.69119 0.846167 1.74095 2.21112 2.76998 2.77892 3.05108 
0.152061 0.69119 0.846167 1.74095 2.21112 2.76998 2.77892 3.05108 
0.152061 0.69119 0.846167 1.74095 2.21112 2.76998 2.77892 3.05108 
0.152061 0.69119 0.846167 1.74095 2.21112 2.76998 2.77892 3.05108 
0.152061 0.69119 0.846167 1.74095 2.21112 2.76998 2.77892 3.05108 
0.152061 0.69119 0.846167 1.74095 2.21112 2.76998 2.77892 3.05108 
0.152061 0.69119 0.846167 1.74095 2.21112 2.76998 2.77892 3.05108 
0.152061 0.69119 0.846167 1.74095 2.21112 2.67901 2.76998 2.77892 
0.152061 0.69119 0.846167 1.74095 2.21112 2.67901 2.76998 2.77892 
0.152061 0.69119 0.846167 1.74095 2.21112 2.67901 2.76998 2.77892 
0.152061 0.69119 0.846167 1.74095 2.21112 2.67901 2.76998 2.77892 
0.152061 0.69119 0.846167 1.74095 2.21112 2.67901 2.76998 2.77892 
0.152061 0.69119 0.846167 1.74095 2.21112 2.67901 2.76998 2.77892 
0.152061 0.69119 0.846167 1.74095 2.21112 2.67901 2.76998 2.77892 
0.152061 0.69119 0.846167 1.74095 2.21112 2.67901 2.76998 2.77892 
0.152061 0.69119 0.846167 1.74095 2.21112 2.67901 2.76998 2.77892 
0.152061 0.69119 0.846167 1.74095 2.21112 2.67901 2.76998 2.77892 
0.152061 0.69119 0.846167 1.74095 2.21112 2.67901 2.76998 2.77892 
0.152061 0.69119 0.846167 1.74095 2.21112 2.67901 2.76998 2.77892 
0.152061 0.69119 0.846167 1.74095 2.21112 2.67901 2.76998 2.77892 
0.152061 0.69119 0.846167 1.74095 2.21112 2.67901 2.76998 2.77892 
0.152061 0.69119 0.846167 1.74095 2.21112 2.67901 2.72392 2.76998 
0.152061 0.69119 0.846167 1.74095 2.21112 2.67901 2.72392 2.76998 
0.152061 0.69119 0.846167 1.74095 2.21112 2.67901 2.72392 2.76998 
0.152061 0.69119 0.846167 1.74095 2.21112 2.67901 2.72392 2.76998 
0.152061 0.69119 0.846167 1.74095 2.21112 2.67901 2.72392 2.76998 
0.152061 0.69119 0.846167 1.74095 2.21112 2.67901 2.72392 2.76998 
0.152061 0.69119 0.846167 1.74095 2.21112 2.67901 2.72392 2.76998 
0.152061 0.69119 0.846167 1.74095 2.21112 2.67901 2.72392 2.76998 
0.152061 0.69119 0.846167 1.74095 2.21112 2.67901 2.72392 2.76998 
0.152061 0.69119 0.846167 1.74095 2.21112 2.67901 2.72392 2.76998 
0.152061 0.69119 0.846167 1.74095 2.21112 2.67901 2.72392 2.76998 
0.152061 0.69119 0.846167 1.74095 2.21112 2.67901 2.72392 2.76998 
0.152061 0.69119 0.846167 0.854471 1.74095 2.21112 2.67901 2.72392 
0.152061 0.69119 0.846167 0.854471 1.74095 2.21112 2.67901 2.72392 
0.152061 0.69119 0.846167 0.854471 1.74095 2.21112 2.67901 2.72392 
0.152061 0.69119 0.846167 0.854471 1.74095 2.21112 2.67901 2.72392 
0.152061 0.69119 0.846167 0.854471 1.74095 2.21112 2.67901 2.72392 
0.152061 0.69119 0.846167 0.854471 1.74095 2.21112 2.67901 2.72392 
0.152061 0.69119 0.846167 0.854471 1.74095 2.21112 2.67901 2.72392 
0.152061 0.69119 0.846167 0.854471 1.74095 2.21112 2.67901 2.72392 
0.152061 0.69119 0.846167 0.854471 1.74095 2.21112 2.67901 2.72392 
0.152061 0.69119 0.846167 0.854471 1.74095 2.21112 2.67901 2.72392 
0.152061 0.69119 0.846167 0.854471 1.74095 2.21112 2.67901 2.72392 
0.152061 0.69119 0.846167 0.854471 1.74095 2.21112 2.67901 2.72392 
0.152061 0.69119 0.846167 0.854471 1.74095 2.21112 2.67901 2.72392 
0.152061 0.69119 0.846167 0.854471 1.74095 2.21112 2.67901 2.72392 
0.152061 0.69119 0.846167 0.854471 1.74095 2.21112 2.67901 2.72392 
0.152061 0.69119 0.846167 0.854471 1.74095 2.21112 2.67901 2.72392 
0.152061 0.69119 0.846167 0.854471 1.74095 2.21112 2.67901 2.72392 
0.152061 0.69119 0.846167 0.854471 1.74095 2.21112 2.67901 2.72392 
0.152061 0.69119 0.846167 0.854471 1.74095 2.21112 2.67901 2.72392 
0.152061 0.69119 0.846167 0.854471 1.74095 2.21112 2.67901 2.72392 
0.152061 0.69119 0.846167 0.854471 1.74095 2.21112 2.67901 2.72392 
0.152061 0.69119 0.846167 0.854471 1.74095 2.21112 2.67901 2.72392 
0.152061 0.69119 0.846167 0.854471 1.74095 2.21112 2.67901 2.72392 
0.152061 0.69119 0.846167 0.854471 1.74095 2.21112 2.67901 2.72392 
0.152061 0.69119 0.846167 0.854471 1.74095 2.21112 2.67901 2.72392 
0.152061 0.69119 0.846167 0.854471 1.74095 2.21112 2.67901 2.72392 
0.152061 0.69119 0.846167 0.854471 1.74095 2.21112 2.67901 2.72392 
0.152061 0.69119 0.846167 0.854471 1.74095 2.21112 2.67901 2.72392 
0.152061 0.69119 0.846167 0.854471 1.74095 2.21112 2.67901 2.72392 
0.152061 0.69119 0.846167 0.854471 1.74095 2.21112 2.67901 2.72392 
0.152061 0.69119 0.846167 0.854471 1.74095 2.21112 2.67901 2.72392 
0.152061 0.69119 0.846167 0.854471 1.74095 2.21112 2.67901 2.72392 
0.152061 0.69119 0.846167 0.854471 1.74095 2.21112 2.67901 2.72392 
0.152061 0.69119 0.846167 0.854471 1.74095 2.21112 2.67901 2.72392 
0.152061 0.69119 0.846167 0.854471 1.74095 2.21112 2.67901 2.72392 
0.152061 0.69119 0.846167 0.854471 1.74095 2.21112 2.67901 2.72392 
0.152061 0.69119 0.846167 0.854471 1.74095 2.21112 2.67901 2.72392 
0.152061 0.69119 0.846167 0.854471 1.74095 2.21112 2.67901 2.72392 
0.152061 0.69119 0.846167 0.854471 1.74095 2.21112 2.67901 2.72392 
0.152061 0.69119 0.846167 0.854471 1.74095 2.21112 2.67901 2.72392 
