3.21063 4.03519 4.51725 4.54647 5.51511 6.39218 6.55373 6.57818 
3.21063 4.03519 4.41258 4.51725 4.54647 5.30885 5.49767 5.51511 
3.21063 3.66443 4.03519 4.41258 4.51725 4.54647 5.30885 5.49767 
3.21063 3.66443 4.03519 4.11371 4.41258 4.51725 4.54647 5.30885 
1.04874 3.21063 3.66443 4.03519 4.11371 4.41258 4.51725 4.54647 
1.04874 3.21063 3.66443 3.85783 4.03519 4.11371 4.41258 4.51725 
1.04874 3.21063 3.66443 3.85783 4.03519 4.11371 4.41258 4.51725 
1.04874 3.21063 3.66443 3.85783 4.03519 4.11371 4.41258 4.51725 
1.04874 3.21063 3.66443 3.85783 4.00864 4.03519 4.11371 4.41258 
1.04874 3.21063 3.66443 3.71901 3.85783 4.00864 4.03519 4.11371 
1.04874 3.21063 3.66443 3.71901 3.85783 4.00864 4.03519 4.11371 
1.04874 3.21063 3.66443 3.71901 3.85783 4.00864 4.03519 4.11371 
1.04874 3.21063 3.66443 3.71901 3.85783 4.00864 4.03519 4.11371 
1.04874 3.21063 3.66443 3.71901 3.85783 4.00864 4.03519 4.11371 
1.04874 3.21063 3.4403 3.66443 3.71901 3.85783 4.00864 4.03519 
1.04874 3.21063 3.4403 3.66443 3.71901 3.85783 4.00864 4.03519 
1.04874 3.21063 3.4403 3.66443 3.71901 3.85783 4.00864 4.03519 
1.04874 3.21063 3.4403 3.66443 3.71901 3.85783 4.00864 4.03519 
1.04874 3.21063 3.4403 3.66443 3.71901 3.85783 4.00864 4.03519 
1.04874 3.21063 3.4403 3.66443 3.71901 3.85783 4.00864 4.03519 
1.04874 3.21063 3.4403 3.66443 3.71901 3.85783 4.00864 4.03519 
1.04874 3.21063 3.4403 3.66443 3.71901 3.85783 4.00864 4.03519 
1.04874 3.21063 3.4403 3.66443 3.71901 3.85783 4.00864 4.03519 
1.04874 3.21063 3.4403 3.66443 3.71901 3.85783 4.00864 4.03519 
1.04874 3.21063 3.4403 3.66443 3.71901 3.85783 4.00864 4.03519 
1.04874 3.21063 3.4403 3.66443 3.71901 3.85783 4.00864 4.03519 
1.04874 3.21063 3.4403 3.66443 3.71901 3.80805 3.85783 4.00864 
1.04874 3.21063 3.4403 3.66443 3.71901 3.74098 3.80805 3.85783 
0.0868234 1.04874 3.21063 3.4403 3.66443 3.71901 3.74098 3.80805 
0.0868234 1.04874 3.21063 3.4403 3.66443 3.71901 3.74098 3.80805 
0.0868234 1.04874 3.21063 3.4403 3.66443 3.71901 3.74098 3.80805 
0.0868234 1.04874 3.21063 3.4403 3.66443 3.71901 3.74098 3.80805 
0.0868234 1.04874 3.21063 3.4403 3.66443 3.71901 3.74098 3.80805 
0.0868234 1.04874 3.21063 3.4403 3.66443 3.71901 3.74098 3.80805 
0.0868234 1.04874 3.21063 3.4403 3.66443 3.71901 3.74098 3.80805 
0.0868234 1.04874 3.21063 3.4403 3.66443 3.71901 3.74098 3.80805 
0.0868234 1.04874 3.21063 3.4403 3.66443 3.71901 3.74098 3.80805 
0.0868234 1.04874 3.21063 3.4403 3.66443 3.71901 3.74098 3.80805 
0.0868234 1.04874 3.21063 3.4403 3.66443 3.71901 3.74098 3.80805 
0.0868234 0.537211 1.04874 3.01194 3.21063 3.4403 3.66443 3.71901 
0.0868234 0.537211 1.04874 3.01194 3.21063 3.4403 3.66443 3.71901 
0.0868234 0.537211 1.04874 3.01194 3.21063 3.24547 3.4403 3.66443 
0.0868234 0.11194 0.537211 1.04874 3.01194 3.21063 3.24547 3.4403 
0.0868234 0.11194 0.537211 1.04874 3.01194 3.21063 3.24547 3.4403 
0.0868234 0.11194 0.537211 1.04874 3.01194 3.21063 3.24547 3.4403 
0.0868234 0.11194 0.537211 1.04874 3.01194 3.21063 3.24547 3.4403 
0.0868234 0.11194 0.537211 1.04874 3.01194 3.21063 3.24547 3.4403 
0.0868234 0.11194 0.537211 1.04874 3.01194 3.21063 3.24547 3.4403 
0.0868234 0.11194 0.537211 1.04874 3.01194 3.21063 3.24547 3.4403 
0.0868234 0.11194 0.537211 1.04874 1.49962 3.00242 3.01194 3.21063 
0.0868234 0.11194 0.537211 1.04874 1.49962 3.00242 3.01194 3.21063 
0.0868234 0.11194 0.537211 1.04874 1.49962 3.00242 3.01194 3.21063 
0.0868234 0.11194 0.537211 1.04874 1.49962 3.00242 3.01194 3.21063 
0.0868234 0.11194 0.537211 1.04874 1.49962 3.00242 3.01194 3.21063 
0.0868234 0.11194 0.537211 1.04874 1.49962 3.00242 3.01194 3.21063 
0.0868234 0.11194 0.537211 1.04874 1.49962 3.00242 3.01194 3.21063 
0.0868234 0.11194 0.537211 1.04874 1.49962 3.00242 3.01194 3.21063 
0.0868234 0.11194 0.537211 1.04874 1.49962 3.00242 3.01194 3.21063 
0.0868234 0.11194 0.537211 1.04874 1.49962 3.00242 3.01194 3.21063 
0.0868234 0.11194 0.537211 1.04874 1.49962 3.00242 3.01194 3.21063 
0.0868234 0.11194 0.537211 1.04874 1.49962 1.83014 3.00242 3.01194 
0.0868234 0.11194 0.537211 1.04874 1.49962 1.83014 3.00242 3.01194 
0.0868234 0.11194 0.537211 1.04874 1.49962 1.83014 3.00242 3.01194 
0.0868234 0.11194 0.537211 1.04874 1.49962 1.83014 3.00242 3.01194 
0.0868234 0.11194 0.537211 1.04874 1.49962 1.83014 3.00242 3.01194 
0.0868234 0.11194 0.537211 1.04874 1.49962 1.83014 3.00242 3.01194 
0.0868234 0.11194 0.537211 1.04874 1.49962 1.83014 3.00242 3.01194 
0.0868234 0.11194 0.537211 1.04874 1.49962 1.83014 3.00242 3.01194 
0.0868234 0.11194 0.537211 1.04874 1.49962 1.83014 3.00242 3.01194 
0.0868234 0.11194 0.537211 1.04874 1.49962 1.83014 2.90746 3.00242 
0.0868234 0.11194 0.537211 1.04874 1.49962 1.83014 2.90746 3.00242 
0.0868234 0.11194 0.537211 1.04874 1.49962 1.83014 2.90746 3.00242 
0.0868234 0.11194 0.537211 1.04874 1.49962 1.83014 2.90746 3.00242 
0.0868234 0.11194 0.537211 1.04874 1.49962 1.83014 2.89735 2.90746 
0.0868234 0.11194 0.537211 1.04874 1.49962 1.83014 2.89735 2.90746 
0.0868234 0.11194 0.537211 1.04874 1.49962 1.83014 2.89735 2.90746 
0.0868234 0.11194 0.537211 1.04874 1.49962 1.83014 2.89735 2.90746 
0.0868234 0.11194 0.537211 1.04874 1.49962 1.83014 2.89735 2.90746 
0.0868234 0.11194 0.537211 1.04874 1.49962 1.83014 2.89735 2.90746 
0.0868234 0.11194 0.537211 1.04874 1.49962 1.83014 2.89735 2.90746 
0.0868234 0.11194 0.537211 1.04874 1.49962 1.83014 2.89735 2.90746 
0.0868234 0.11194 0.537211 1.04874 1.49962 1.83014 2.89735 2.90746 
0.0868234 0.11194 0.537211 1.04874 1.49962 1.83014 2.89735 2.90746 
0.0868234 0.11194 0.537211 1.04874 1.49962 1.83014 2.69618 2.89735 
0.0868234 0.11194 0.537211 1.04874 1.49962 1.83014 2.69618 2.89735 
0.0868234 0.11194 0.537211 1.04874 1.49962 1.83014 2.69618 2.89735 
0.0868234 0.11194 0.537211 1.04874 1.49962 1.83014 2.69618 2.89735 
0.0868234 0.11194 0.537211 1.04874 1.49962 1.83014 2.69618 2.89735 
0.0868234 0.11194 0.537211 1.04874 1.49962 1.83014 2.69618 2.89735 
0.0868234 0.11194 0.537211 1.04874 1.49962 1.83014 2.69618 2.89735 
0.0868234 0.11194 0.537211 1.04874 1.49962 1.83014 2.69618 2.89735 
0.0868234 0.11194 0.537211 1.04874 1.49962 1.83014 2.69618 2.89735 
0.0868234 0.11194 0.537211 1.04874 1.49962 1.83014 2.69618 2.89735 
0.0868234 0.11194 0.537211 1.04874 1.49962 1.83014 2.69618 2.89735 
0.0868234 0.11194 0.537211 1.04874 1.49962 1.83014 2.69618 2.89735 
0.0868234 0.11194 0.537211 1.04874 1.49962 1.83014 2.69618 2.89735 
0.0868234 0.11194 0.537211 1.04874 1.49962 1.83014 2.69618 2.89735 
0.0868234 0.11194 0.537211 1.04874 1.49962 1.83014 2.69618 2.89735 
0.0868234 0.11194 0.537211 1.04874 1.49962 1.83014 2.69618 2.89735 
0.0868234 0.11194 0.537211 1.04874 1.49962 1.83014 2.69618 2.89735 
