2.86306 4.27418 5.36412 5.52855 6.24289 6.31512 7.77575 8.36794 
2.86306 4.27418 5.36412 5.52855 5.85229 6.24289 6.31512 7.76132 
2.8519 2.86306 4.27418 4.44908 5.36412 5.52855 5.85229 6.24289 
2.8519 2.86306 4.27418 4.44908 5.36412 5.52855 5.85229 6.24289 
2.8519 2.86306 4.27418 4.44908 5.36412 5.52855 5.85229 6.24289 
2.8519 2.86306 4.27418 4.44908 5.36412 5.52855 5.85229 6.06545 
2.8519 2.86306 4.27418 4.44908 5.36412 5.52855 5.85229 6.06545 
2.8519 2.86306 3.43832 4.27418 4.44908 5.36412 5.52855 5.85229 
2.8519 2.86306 3.43832 4.27418 4.44908 5.36412 5.52855 5.85229 
2.8519 2.86306 3.43832 4.09955 4.27418 4.44908 5.36412 5.52855 
2.8519 2.86306 3.43832 4.09955 4.27418 4.44908 5.36412 5.52855 
2.65913 2.8519 2.86306 3.43832 4.09955 4.27418 4.44908 5.36412 
2.65913 2.8519 2.86306 2.90843 3.43832 4.09955 4.27418 4.44908 
2.65913 2.8519 2.86306 2.90843 3.43832 3.79421 4.09955 4.27418 
2.65913 2.8519 2.86306 2.90843 3.43832 3.79421 4.09955 4.27418 
1.074 2.65913 2.8519 2.86306 2.90843 3.43832 3.79421 4.09955 
1.074 2.65913 2.8519 2.86306 2.90843 3.43832 3.79421 4.09955 
1.074 2.65913 2.8519 2.86306 2.90843 3.4031 3.43832 3.79421 
1.074 2.65913 2.8519 2.86306 2.90843 3.4031 3.43832 3.79421 
1.074 2.65913 2.8519 2.86306 2.90843 3.4031 3.43832 3.79421 
1.074 2.65913 2.8519 2.86306 2.90843 3.4031 3.43832 3.79421 
1.074 2.65913 2.69761 2.8519 2.86306 2.90843 3.4031 3.43832 
1.074 2.65913 2.69761 2.8519 2.86306 2.90843 3.4031 3.43832 
1.074 2.65913 2.69761 2.8519 2.86306 2.90843 3.4031 3.43832 
1.074 2.65913 2.69761 2.8519 2.86306 2.90843 3.4031 3.43832 
1.074 2.65913 2.69761 2.8519 2.86306 2.90843 3.4031 3.43832 
1.074 2.65913 2.69761 2.8519 2.86306 2.90843 3.4031 3.43832 
1.074 2.65913 2.69761 2.8519 2.86306 2.90843 3.4031 3.43832 
1.074 2.48698 2.65913 2.69761 2.8519 2.86306 2.90843 3.4031 
1.074 2.48698 2.65913 2.69761 2.8519 2.86306 2.90843 3.4031 
1.074 2.48698 2.65913 2.69761 2.8519 2.86306 2.90843 3.4031 
1.074 2.48698 2.65913 2.69761 2.8519 2.86306 2.90843 3.4031 
1.074 2.48698 2.65913 2.69761 2.8519 2.86306 2.90843 3.4031 
1.074 2.48698 2.65913 2.69761 2.8519 2.86306 2.90843 3.4031 
1.074 2.48698 2.65913 2.69761 2.8519 2.86306 2.90843 3.4031 
1.074 2.48698 2.65913 2.69761 2.8519 2.86306 2.90843 3.4031 
1.074 2.48698 2.65913 2.69761 2.8519 2.86306 2.90843 3.4031 
1.074 2.48698 2.65913 2.69761 2.8519 2.86306 2.90843 3.4031 
1.074 2.48698 2.65913 2.69761 2.8519 2.86306 2.90843 3.4031 
1.074 2.48698 2.65913 2.69761 2.8519 2.86306 2.90843 3.4031 
1.074 2.48698 2.65913 2.69761 2.8519 2.86306 2.90843 3.4031 
1.074 2.48698 2.65913 2.69761 2.8519 2.86306 2.90843 3.4031 
1.074 2.48698 2.65913 2.69761 2.8519 2.86306 2.90843 3.4031 
1.074 2.48698 2.65913 2.69761 2.8519 2.86306 2.90843 3.4031 
1.074 2.48698 2.65913 2.69761 2.8519 2.86306 2.90843 3.4031 
1.074 2.48698 2.65913 2.69761 2.8519 2.86306 2.90843 3.4031 
1.074 2.48698 2.65913 2.69761 2.8519 2.86306 2.90843 3.4031 
1.074 2.48698 2.65913 2.69761 2.8519 2.86306 2.90843 3.4031 
0.0933232 1.074 2.48698 2.65913 2.69761 2.8519 2.86306 2.90843 
0.0933232 1.074 2.48698 2.65913 2.69761 2.8519 2.86306 2.90843 
0.0933232 1.074 1.93254 2.48698 2.65913 2.69761 2.8519 2.86306 
0.0933232 1.074 1.93254 2.48698 2.65913 2.69761 2.8519 2.86306 
0.0933232 1.074 1.93254 2.48698 2.65913 2.69761 2.8519 2.86306 
0.0933232 1.074 1.93254 2.48698 2.65913 2.69761 2.8519 2.86306 
0.0933232 1.074 1.93254 2.48698 2.65913 2.69761 2.8519 2.86306 
0.0933232 1.074 1.93254 2.48698 2.65913 2.69761 2.8519 2.86306 
0.0933232 1.074 1.93254 2.48698 2.65913 2.69761 2.8519 2.86306 
0.0933232 1.074 1.93254 2.48698 2.65913 2.69761 2.8519 2.86306 
0.0933232 1.074 1.93254 2.48698 2.65913 2.69761 2.8519 2.86306 
0.0933232 1.074 1.93254 2.48698 2.65913 2.69761 2.8519 2.86306 
0.0933232 1.074 1.93254 2.48698 2.65913 2.69761 2.8519 2.86306 
0.0933232 1.074 1.93254 2.48698 2.65913 2.69761 2.8519 2.86306 
0.0933232 1.074 1.93254 2.48698 2.65913 2.69761 2.8519 2.86306 
0.0933232 1.074 1.93254 2.48698 2.65913 2.69761 2.8519 2.86306 
0.0933232 1.074 1.93254 2.48698 2.65913 2.69761 2.8519 2.86306 
0.0933232 1.074 1.93254 2.48698 2.65913 2.69761 2.8519 2.86306 
0.0933232 1.074 1.93254 2.48698 2.65913 2.69761 2.8519 2.86306 
0.0933232 1.074 1.93254 2.48698 2.65913 2.69761 2.8519 2.86306 
0.0933232 1.074 1.93254 2.48698 2.65913 2.69761 2.8519 2.86306 
0.0933232 1.074 1.93254 2.48698 2.65913 2.69761 2.8519 2.86306 
0.0933232 1.074 1.27378 1.93254 2.48698 2.65913 2.69761 2.8519 
0.0933232 1.074 1.27378 1.93254 2.48698 2.65913 2.69761 2.8519 
0.0933232 1.074 1.27378 1.93254 2.48698 2.65913 2.69761 2.8519 
0.0933232 1.074 1.27378 1.93254 2.48698 2.65913 2.69761 2.8519 
0.0933232 1.074 1.27378 1.93254 2.48698 2.65913 2.69761 2.8519 
0.0933232 1.074 1.27378 1.93254 2.48698 2.65913 2.69761 2.8519 
0.0933232 1.074 1.27378 1.93254 2.48698 2.65913 2.69761 2.8519 
0.0933232 1.074 1.27378 1.93254 2.45328 2.48698 2.65913 2.69761 
0.0933232 1.074 1.27378 1.93254 2.45328 2.48698 2.65913 2.69761 
0.0933232 1.074 1.27378 1.93254 2.45328 2.48698 2.65913 2.69761 
0.0933232 1.074 1.27378 1.93254 2.45328 2.48698 2.65913 2.69761 
0.0933232 1.074 1.27378 1.93254 2.45328 2.48698 2.65913 2.69761 
0.0933232 1.074 1.27378 1.93254 2.45328 2.48698 2.65913 2.69761 
0.0933232 1.074 1.27378 1.93254 2.45328 2.48698 2.65913 2.69761 
0.0933232 1.074 1.27378 1.93254 2.45328 2.48698 2.51194 2.58041 
0.0933232 1.074 1.27378 1.48966 1.93254 2.45328 2.48698 2.51194 
0.0933232 1.074 1.27378 1.48966 1.93254 2.23252 2.45328 2.48698 
0.0933232 1.074 1.27378 1.48966 1.93254 2.23252 2.45328 2.48698 
0.0933232 1.074 1.27378 1.48966 1.93254 2.23252 2.45328 2.48698 
0.0933232 1.074 1.27378 1.48966 1.93254 2.23252 2.45328 2.48698 
0.0933232 1.074 1.27378 1.48966 1.93254 2.23252 2.45328 2.48698 
0.0933232 1.074 1.27378 1.48966 1.69882 1.93254 2.23252 2.45328 
0.0933232 1.074 1.27378 1.48966 1.69882 1.93254 2.03196 2.08127 
0.0933232 1.074 1.15475 1.27378 1.48966 1.69882 1.93254 2.03196 
0.0933232 1.01615 1.0531 1.074 1.15475 1.27378 1.48966 1.69882 
0.0933232 1.01444 1.01615 1.0531 1.074 1.15475 1.27378 1.48966 
0.0933232 1.01444 1.01615 1.0531 1.074 1.15475 1.27378 1.41658 
0.0933232 0.189717 1.01444 1.01615 1.0531 1.074 1.15475 1.27378 
0.0933232 0.189717 1.01444 1.01615 1.0531 1.074 1.15475 1.20412 
0.0933232 0.189717 1.01444 1.01615 1.0531 1.074 1.15475 1.20412 
