5.22876 5.53834 5.63412 6.19062 6.58342 6.68572 6.699 7.13344 
3.94509 4.35197 5.06133 5.22876 5.53834 5.63412 6.14053 6.19062 
1.26627 3.94509 4.33424 4.35197 5.06133 5.22876 5.53834 5.63412 
1.26627 3.94509 4.33424 4.35197 4.57496 5.06133 5.22876 5.53834 
1.26627 3.54028 3.94445 3.94509 4.33424 4.35197 4.35731 4.57496 
1.26627 3.54028 3.94445 3.94509 4.33424 4.35197 4.35731 4.3901 
1.26627 3.54028 3.94445 3.94509 4.33424 4.35197 4.35731 4.3901 
1.26627 3.54028 3.94445 3.94509 4.33424 4.35197 4.35731 4.3901 
1.26627 3.54028 3.94445 3.94509 4.33424 4.35197 4.35731 4.3901 
1.26627 3.54028 3.94445 3.94509 4.33424 4.35197 4.35731 4.3901 
1.26627 3.54028 3.94445 3.94509 4.33424 4.35197 4.35731 4.3901 
1.26627 3.54028 3.94445 3.94509 4.33424 4.35197 4.35731 4.3901 
1.26627 3.54028 3.94445 3.94509 4.33424 4.35197 4.35731 4.3901 
1.26627 3.54028 3.94445 3.94509 4.33424 4.35197 4.35731 4.3901 
1.26627 3.54028 3.94445 3.94509 4.33424 4.35197 4.35731 4.3901 
1.26627 3.54028 3.94445 3.94509 4.33424 4.35197 4.35731 4.3901 
1.26627 3.54028 3.94445 3.94509 4.33424 4.35197 4.35731 4.3901 
1.26627 3.54028 3.94445 3.94509 4.33424 4.35197 4.35731 4.3901 
1.26627 3.54028 3.94445 3.94509 4.33424 4.35197 4.35731 4.3901 
1.26627 3.54028 3.94445 3.94509 4.33424 4.35197 4.35731 4.3901 
1.26627 3.54028 3.94445 3.94509 4.33424 4.35197 4.35731 4.3901 
1.26627 3.54028 3.94445 3.94509 4.33424 4.35197 4.35731 4.3901 
1.26627 3.54028 3.94445 3.94509 4.33424 4.35197 4.35731 4.3901 
1.26627 3.54028 3.94445 3.94509 4.33424 4.35197 4.35731 4.3901 
1.26627 3.54028 3.94445 3.94509 4.33424 4.35197 4.35731 4.3901 
1.26627 3.54028 3.94445 3.94509 4.33424 4.35197 4.35731 4.3901 
1.26627 3.54028 3.94445 3.94509 4.33424 4.35197 4.35731 4.3901 
1.26627 3.54028 3.94445 3.94509 4.33424 4.35197 4.35731 4.3901 
1.26627 3.54028 3.94445 3.94509 4.33424 4.35197 4.35731 4.3901 
1.26627 3.54028 3.94445 3.94509 4.33424 4.35197 4.35731 4.3901 
1.26627 3.54028 3.94445 3.94509 4.33424 4.35197 4.35731 4.3901 
1.26627 3.54028 3.94445 3.94509 4.33424 4.35197 4.35731 4.3901 
1.26627 3.54028 3.94445 3.94509 4.33424 4.35197 4.35731 4.3901 
1.26627 3.54028 3.94445 3.94509 4.33424 4.35197 4.35731 4.3901 
1.26627 3.54028 3.94445 3.94509 4.33424 4.35197 4.35731 4.3901 
1.26627 3.54028 3.94445 3.94509 4.33424 4.35197 4.35731 4.3901 
1.26627 3.54028 3.94445 3.94509 4.33424 4.35197 4.35731 4.3901 
1.26627 3.54028 3.94445 3.94509 4.33424 4.35197 4.35731 4.3901 
1.26627 3.54028 3.94445 3.94509 4.33424 4.35197 4.35731 4.3901 
1.26627 3.54028 3.94445 3.94509 4.33424 4.35197 4.35731 4.3901 
1.26627 3.54028 3.94445 3.94509 4.33424 4.35197 4.35731 4.3901 
1.26627 3.54028 3.94445 3.94509 4.33424 4.35197 4.35731 4.3901 
1.26627 3.54028 3.94445 3.94509 4.33424 4.35197 4.35731 4.3901 
1.26627 3.54028 3.94445 3.94509 4.33424 4.35197 4.35731 4.3901 
1.26627 3.54028 3.94445 3.94509 4.33424 4.35197 4.35731 4.3901 
1.26627 3.54028 3.94445 3.94509 4.33424 4.35197 4.35731 4.3901 
1.26627 3.54028 3.94445 3.94509 4.33424 4.35197 4.35731 4.3901 
1.26627 3.54028 3.94445 3.94509 4.33424 4.35197 4.35731 4.3901 
1.26627 3.54028 3.94445 3.94509 4.33424 4.35197 4.35731 4.3901 
1.26627 3.54028 3.94445 3.94509 4.33424 4.35197 4.35731 4.3901 
1.26627 3.54028 3.94445 3.94509 4.33424 4.35197 4.35731 4.3901 
1.26627 3.54028 3.94445 3.94509 4.33424 4.35197 4.35731 4.3901 
1.26627 3.54028 3.94445 3.94509 4.33424 4.35197 4.35731 4.3901 
1.26627 3.54028 3.94445 3.94509 4.33424 4.35197 4.35731 4.3901 
1.26627 3.54028 3.94445 3.94509 4.33424 4.35197 4.35731 4.3901 
1.26627 3.54028 3.94445 3.94509 4.33424 4.35197 4.35731 4.3901 
1.26627 3.54028 3.94445 3.94509 4.33424 4.35197 4.35731 4.3901 
1.26627 3.54028 3.94445 3.94509 4.33424 4.35197 4.35731 4.3901 
1.26627 3.54028 3.94445 3.94509 4.33424 4.35197 4.35731 4.3901 
1.26627 3.54028 3.94445 3.94509 4.33424 4.35197 4.35731 4.3901 
1.26627 3.54028 3.94445 3.94509 4.33424 4.35197 4.35731 4.3901 
1.26627 3.54028 3.94445 3.94509 4.33424 4.35197 4.35731 4.3901 
1.26627 3.54028 3.94445 3.94509 4.33424 4.35197 4.35731 4.3901 
1.26627 3.54028 3.94445 3.94509 4.33424 4.35197 4.35731 4.3901 
1.26627 3.54028 3.94445 3.94509 4.33424 4.35197 4.35731 4.3901 
1.26627 3.54028 3.94445 3.94509 4.33424 4.35197 4.35731 4.3901 
1.26627 3.54028 3.94445 3.94509 4.33424 4.35197 4.35731 4.3901 
1.26627 3.54028 3.94445 3.94509 4.33424 4.35197 4.35731 4.3901 
1.26627 3.54028 3.94445 3.94509 4.33424 4.35197 4.35731 4.3901 
1.26627 3.54028 3.94445 3.94509 4.33424 4.35197 4.35731 4.3901 
1.26627 3.54028 3.94445 3.94509 4.33424 4.35197 4.35731 4.3901 
1.26627 3.54028 3.94445 3.94509 4.33424 4.35197 4.35731 4.3901 
1.26627 3.54028 3.94445 3.94509 4.33424 4.35197 4.35731 4.3901 
1.26627 3.54028 3.94445 3.94509 4.33424 4.35197 4.35731 4.3901 
1.26627 3.54028 3.94445 3.94509 4.33424 4.35197 4.35731 4.3901 
1.26627 3.54028 3.94445 3.94509 4.33424 4.35197 4.35731 4.3901 
1.26627 3.54028 3.94445 3.94509 4.33424 4.35197 4.35731 4.3901 
1.26627 3.54028 3.94445 3.94509 4.33424 4.35197 4.35731 4.3901 
1.26627 3.54028 3.94445 3.94509 4.33424 4.35197 4.35731 4.3901 
1.26627 3.54028 3.94445 3.94509 4.33424 4.35197 4.35731 4.3901 
1.26627 3.54028 3.94445 3.94509 4.33424 4.35197 4.35731 4.3901 
1.26627 3.54028 3.94445 3.94509 4.33424 4.35197 4.35731 4.3901 
1.26627 3.54028 3.94445 3.94509 4.33424 4.35197 4.35731 4.3901 
1.26627 3.54028 3.94445 3.94509 4.33424 4.35197 4.35731 4.3901 
1.26627 3.54028 3.94445 3.94509 4.33424 4.35197 4.35731 4.3901 
1.26627 3.54028 3.94445 3.94509 4.33424 4.35197 4.35731 4.3901 
1.26627 3.54028 3.94445 3.94509 4.33424 4.35197 4.35731 4.3901 
1.26627 3.54028 3.94445 3.94509 4.33424 4.35197 4.35731 4.3901 
1.26627 3.54028 3.94445 3.94509 4.33424 4.35197 4.35731 4.3901 
1.26627 3.54028 3.94445 3.94509 4.33424 4.35197 4.35731 4.3901 
1.26627 3.54028 3.94445 3.94509 4.33424 4.35197 4.35731 4.3901 
1.26627 3.54028 3.94445 3.94509 4.33424 4.35197 4.35731 4.3901 
1.26627 3.54028 3.94445 3.94509 4.33424 4.35197 4.35731 4.3901 
1.26627 3.54028 3.94445 3.94509 4.33424 4.35197 4.35731 4.3901 
1.26627 3.54028 3.94445 3.94509 4.33424 4.35197 4.35731 4.3901 
1.26627 3.54028 3.94445 3.94509 4.33424 4.35197 4.35731 4.3901 
1.26627 3.54028 3.94445 3.94509 4.33424 4.35197 4.35731 4.3901 
1.26627 3.54028 3.94445 3.94509 4.33424 4.35197 4.35731 4.3901 
1.26627 3.54028 3.94445 3.94509 4.33424 4.35197 4.35731 4.3901 
1.26627 3.54028 3.94445 3.94509 4.33424 4.35197 4.35731 4.3901 
