5.67161 7.22922 7.28286 8.24575 
4.01557 4.44164 5.67161 5.82276 
4.01557 4.38977 4.44164 4.51751 
4.01557 4.38977 4.44164 4.51751 
3.17238 4.01557 4.38977 4.44164 
2.89665 3.17238 3.53298 4.01557 
2.89665 3.17238 3.53298 4.01557 
1.4512 2.89665 3.17238 3.53298 
0.270157 1.4512 2.89665 3.17238 
0.270157 1.4512 2.89665 3.17238 
0.270157 1.4512 2.89665 3.08483 
0.270157 1.4512 2.89665 3.08483 
0.270157 1.4512 2.89665 3.08483 
0.270157 1.4512 2.89665 3.08483 
0.270157 1.4512 2.89665 3.08483 
0.270157 1.4512 2.89665 3.08483 
0.270157 1.4512 2.89665 3.08483 
0.270157 1.4512 2.89665 3.08483 
0.270157 1.4512 2.89665 3.08483 
0.270157 1.4512 2.89665 3.08483 
0.270157 1.17809 1.4512 2.89665 
0.270157 1.17809 1.4512 2.89665 
0.270157 1.17809 1.4512 2.89665 
0.270157 1.17809 1.4512 2.89665 
0.270157 1.17809 1.4512 2.77302 
0.270157 1.17809 1.4512 2.77302 
0.270157 1.17809 1.4512 2.77302 
0.270157 1.17809 1.4512 2.77302 
0.270157 1.17809 1.4512 2.77302 
0.270157 1.17809 1.4512 2.77302 
0.270157 1.17809 1.4512 2.77302 
0.270157 1.17809 1.4512 2.77302 
0.270157 1.17809 1.4512 2.77302 
0.270157 1.17809 1.4512 2.77302 
0.270157 1.17809 1.4512 2.77302 
0.270157 1.17809 1.4512 2.77302 
0.270157 1.17809 1.4512 2.77302 
0.270157 1.17809 1.4512 2.77302 
0.270157 1.17809 1.4512 2.77302 
0.270157 1.17809 1.4512 2.77302 
0.270157 1.17809 1.4512 2.77302 
0.270157 1.17809 1.4512 2.77302 
0.270157 1.17809 1.4512 2.77302 
0.270157 1.17809 1.4512 2.77302 
0.270157 1.17809 1.4512 2.77302 
0.270157 1.17809 1.4512 2.77302 
0.270157 1.17809 1.4512 2.77302 
0.270157 1.17809 1.4512 2.77302 
0.270157 1.17809 1.4512 2.77302 
0.270157 1.17809 1.4512 2.77302 
0.270157 1.17809 1.4512 2.77302 
0.270157 1.17809 1.4512 2.77302 
0.270157 1.17809 1.4512 2.77302 
0.270157 1.17809 1.4512 2.77302 
0.270157 1.17809 1.4512 2.77302 
0.270157 1.17809 1.4512 2.77302 
0.270157 1.17809 1.4512 2.77302 
0.270157 1.17809 1.4512 2.77302 
0.270157 1.17809 1.4512 2.77302 
0.270157 1.17809 1.4512 2.77302 
0.270157 1.17809 1.4512 2.77302 
0.270157 1.17809 1.4512 2.77302 
0.270157 1.17809 1.4512 2.77302 
0.270157 1.17809 1.4512 2.77302 
0.270157 1.17809 1.4512 2.77302 
0.270157 1.17809 1.4512 2.77302 
0.270157 1.17809 1.4512 2.77302 
0.270157 1.17809 1.4512 2.77302 
0.270157 1.17809 1.4512 2.77302 
0.270157 1.17809 1.4512 2.77302 
0.270157 1.17809 1.4512 2.77302 
0.270157 1.17809 1.4512 2.77302 
0.270157 1.17809 1.4512 2.77302 
0.270157 1.17809 1.4512 2.77302 
0.270157 1.17809 1.4512 2.77302 
0.270157 1.17809 1.4512 2.77302 
0.270157 1.17809 1.4512 2.77302 
0.270157 1.17809 1.4512 2.77302 
0.270157 1.17809 1.4512 2.77302 
0.270157 1.17809 1.4512 2.77302 
0.270157 1.17809 1.4512 2.77302 
0.270157 1.17809 1.4512 2.77302 
0.270157 1.17809 1.4512 2.77302 
0.270157 1.17809 1.4512 2.77302 
0.270157 1.17809 1.4512 2.77302 
0.270157 1.17809 1.4512 2.77302 
0.270157 1.17809 1.4512 2.77302 
0.270157 1.17809 1.4512 2.77302 
0.270157 1.17809 1.4512 2.77302 
0.270157 1.17809 1.4512 2.77302 
0.270157 1.17809 1.4512 2.77302 
0.270157 1.17809 1.4512 2.77302 
0.270157 1.17809 1.4512 2.77302 
0.270157 1.17809 1.4512 2.77302 
0.270157 1.17809 1.4512 2.77302 
0.270157 1.17809 1.4512 2.77302 
0.270157 1.17809 1.4512 2.77302 
0.270157 1.17809 1.4512 2.77302 
0.270157 1.17809 1.4512 2.77302 
0.270157 1.17809 1.4512 2.77302 
