6.08013 6.63158 6.9558 7.26576 
6.08013 6.63158 6.70175 6.9558 
6.08013 6.63158 6.70175 6.9558 
6.08013 6.63158 6.70175 6.9558 
2.59889 6.08013 6.25876 6.26448 
2.59889 4.83064 6.08013 6.25876 
2.59889 3.04429 4.83064 5.19788 
2.59889 3.04429 3.83748 4.83064 
2.59889 3.04429 3.83748 4.83064 
2.59889 3.04429 3.83748 4.83064 
2.59889 3.04429 3.31168 3.83748 
2.59889 3.03475 3.04429 3.2804 
2.59889 3.03475 3.04429 3.2804 
2.59889 3.03475 3.04429 3.2804 
2.59889 3.03475 3.04429 3.2804 
2.59889 3.03475 3.04429 3.2804 
2.59889 3.03475 3.04429 3.2804 
2.59889 3.03475 3.04429 3.2804 
2.59889 3.03475 3.04429 3.2804 
2.59889 3.03475 3.04429 3.2804 
2.59889 3.03475 3.04429 3.2804 
2.59889 3.03475 3.04429 3.2804 
2.59889 3.03475 3.04429 3.1348 
2.59889 3.03475 3.04429 3.1348 
2.59889 3.03475 3.04429 3.12353 
2.59889 2.87817 3.03475 3.04429 
2.59889 2.87817 3.03475 3.04429 
2.59889 2.87817 3.03475 3.04429 
1.35756 1.62268 2.59889 2.87817 
1.35756 1.62268 2.59889 2.8179 
1.35756 1.62268 2.59889 2.8179 
1.35756 1.62268 2.59889 2.8179 
1.35756 1.62268 2.59889 2.8179 
1.35756 1.62268 2.59889 2.8179 
1.35756 1.62268 2.59889 2.8179 
1.35756 1.62268 2.59889 2.8179 
1.35756 1.62268 2.59889 2.8179 
1.35756 1.62268 2.59889 2.8179 
1.35756 1.62268 2.59889 2.8179 
1.35756 1.62268 2.59889 2.8179 
1.35756 1.62268 2.59889 2.8179 
1.35756 1.62268 2.59889 2.76054 
1.35756 1.62268 2.59889 2.76054 
1.35756 1.62268 2.59889 2.76054 
1.35756 1.62268 2.59889 2.76054 
1.35756 1.62268 2.59889 2.76054 
1.35756 1.62268 2.59889 2.76054 
1.35756 1.62268 2.59889 2.76054 
1.35756 1.62268 2.59889 2.76054 
1.35756 1.62268 2.59889 2.76054 
1.35756 1.62268 2.59889 2.64547 
1.35756 1.62268 2.59889 2.64547 
1.35756 1.62268 2.59889 2.64547 
1.35756 1.62268 2.59889 2.64547 
1.35756 1.62268 2.59889 2.64547 
1.35756 1.62268 2.59889 2.64547 
1.35756 1.62268 2.59889 2.64547 
1.35756 1.62268 2.59889 2.64547 
1.35756 1.62268 2.59889 2.64547 
1.35756 1.62268 2.59889 2.64547 
1.35756 1.62268 2.59889 2.64547 
1.35756 1.62268 2.59889 2.64547 
1.35756 1.62268 2.59889 2.64547 
1.35756 1.62268 2.59889 2.64547 
1.35756 1.62268 2.59889 2.64547 
1.35756 1.62268 2.59889 2.64547 
1.35756 1.62268 2.59889 2.64547 
1.35756 1.62268 2.59889 2.64547 
1.35756 1.62268 2.59889 2.64547 
1.35756 1.62268 2.59889 2.64547 
1.35756 1.62268 2.59889 2.64547 
1.35756 1.62268 2.59889 2.64547 
1.35756 1.62268 2.59889 2.64547 
1.35756 1.62268 2.59889 2.64547 
1.35756 1.62268 2.59889 2.64547 
1.35756 1.62268 2.59889 2.64547 
1.35756 1.62268 2.59889 2.64547 
1.35756 1.62268 2.59889 2.64547 
1.35756 1.62268 2.59889 2.64547 
1.35756 1.62268 2.59889 2.64547 
1.35756 1.62268 2.59889 2.64547 
1.35756 1.62268 2.59889 2.64547 
1.35756 1.62268 2.59889 2.64547 
1.35756 1.62268 2.59889 2.64547 
1.35756 1.62268 2.59889 2.64547 
1.35756 1.62268 2.59889 2.64547 
1.35756 1.62268 2.59889 2.64547 
1.35756 1.62268 2.59889 2.64547 
1.35756 1.62268 2.59889 2.64547 
1.35756 1.62268 2.59889 2.64547 
1.35756 1.62268 2.59889 2.64547 
1.35756 1.62268 2.59889 2.64547 
1.35756 1.62268 2.59889 2.64547 
1.35756 1.62268 2.59889 2.64547 
1.35756 1.62268 2.59889 2.64547 
1.35756 1.62268 2.59889 2.64547 
1.35756 1.62268 2.59889 2.64547 
1.35756 1.62268 2.59889 2.64547 
1.35756 1.62268 2.59889 2.64547 
1.35756 1.62268 2.59889 2.64547 
