6.51499 8.07211 8.74164 8.7469 
6.51499 7.1511 8.07211 8.62185 
6.51499 7.1511 8.07211 8.62185 
6.51499 6.56712 7.1511 8.07211 
6.51499 6.56712 7.1511 8.07211 
6.51499 6.56712 7.1511 8.07211 
6.51499 6.56712 7.1511 7.57195 
6.51499 6.56712 7.1511 7.57195 
6.51499 6.56712 7.10225 7.1511 
6.51499 6.56712 7.10225 7.1511 
6.51499 6.56712 7.10225 7.1511 
6.51499 6.56712 7.10225 7.1511 
6.51499 6.56712 7.10225 7.1511 
6.51499 6.56712 7.10225 7.1511 
6.51499 6.56712 7.10225 7.1511 
6.51499 6.56712 7.10225 7.1511 
6.51499 6.56712 7.10225 7.1511 
6.51499 6.56712 7.10225 7.1511 
6.51499 6.56712 7.10225 7.1511 
6.51499 6.56712 7.10225 7.1511 
6.51499 6.56712 7.10225 7.1511 
6.51499 6.56712 7.10225 7.1511 
6.51499 6.56712 7.10225 7.1511 
6.51499 6.56712 7.10225 7.1511 
6.51499 6.56712 7.10225 7.1511 
6.51499 6.56712 7.10225 7.1511 
6.51499 6.56712 7.10225 7.1511 
6.51499 6.56712 7.10225 7.1511 
6.51499 6.56712 7.10225 7.1511 
6.51499 6.56712 7.10225 7.1511 
6.51499 6.56712 7.10225 7.1511 
6.51499 6.56712 7.10225 7.1511 
6.51499 6.56712 7.10225 7.1511 
6.51499 6.56712 7.10225 7.1511 
6.51499 6.56712 7.10225 7.1511 
6.51499 6.56712 7.10225 7.1511 
6.51499 6.56712 7.10225 7.1511 
6.51499 6.56712 7.10225 7.1511 
6.51499 6.56712 7.10225 7.1511 
6.51499 6.56712 7.10225 7.1511 
6.51499 6.56712 7.10225 7.1511 
6.51499 6.56712 7.10225 7.1511 
6.51499 6.56712 7.10225 7.1511 
6.51499 6.56712 7.10225 7.1511 
6.51499 6.56712 7.10225 7.1511 
6.51499 6.56712 7.10225 7.1511 
6.51499 6.56712 7.10225 7.1511 
6.51499 6.56712 7.10225 7.1511 
6.51499 6.56712 7.10225 7.1511 
6.51499 6.56712 7.10225 7.1511 
6.51499 6.56712 7.10225 7.1511 
6.51499 6.56712 7.10225 7.1511 
6.51499 6.56712 7.10225 7.1511 
6.51499 6.56712 7.10225 7.1511 
6.51499 6.56712 7.10225 7.1511 
6.51499 6.56712 7.10225 7.1511 
6.51499 6.56712 7.10225 7.1511 
6.51499 6.56712 7.10225 7.1511 
6.51499 6.56712 7.10225 7.1511 
6.51499 6.56712 7.10225 7.1511 
6.51499 6.56712 7.10225 7.1511 
6.51499 6.56712 7.10225 7.1511 
6.51499 6.56712 7.10225 7.1511 
6.51499 6.56712 7.10225 7.1511 
6.51499 6.56712 7.10225 7.1511 
6.51499 6.56712 7.10225 7.1511 
6.51499 6.56712 7.10225 7.1511 
6.51499 6.56712 7.10225 7.1511 
6.51499 6.56712 7.10225 7.1511 
6.51499 6.56712 7.10225 7.1511 
6.51499 6.56712 7.10225 7.1511 
6.51499 6.56712 7.10225 7.1511 
6.51499 6.56712 7.10225 7.1511 
6.51499 6.56712 7.10225 7.1511 
6.51499 6.56712 7.10225 7.1511 
6.51499 6.56712 7.10225 7.1511 
6.51499 6.56712 7.10225 7.1511 
6.51499 6.56712 7.10225 7.1511 
6.51499 6.56712 7.10225 7.1511 
6.51499 6.56712 7.10225 7.1511 
6.51499 6.56712 7.10225 7.1511 
6.51499 6.56712 7.10225 7.1511 
6.51499 6.56712 7.10225 7.1511 
6.51499 6.56712 7.10225 7.1511 
6.51499 6.56712 7.10225 7.1511 
6.51499 6.56712 7.10225 7.1511 
6.51499 6.56712 7.10225 7.1511 
6.51499 6.56712 7.10225 7.1511 
6.51499 6.56712 7.10225 7.1511 
6.51499 6.56712 7.10225 7.1511 
6.51499 6.56712 7.10225 7.1511 
6.51499 6.56712 7.10225 7.1511 
6.51499 6.56712 7.10225 7.1511 
6.51499 6.56712 7.10225 7.1511 
6.51499 6.56712 7.10225 7.1511 
6.51499 6.56712 7.10225 7.1511 
6.51499 6.56712 7.10225 7.1511 
6.51499 6.56712 7.10225 7.1511 
6.51499 6.56712 7.10225 7.1511 
6.51499 6.56712 7.10225 7.1511 
