3.33905 6.30024 6.33859 6.57192 
2.95814 3.33905 6.17899 6.30024 
2.95814 3.33905 6.17899 6.30024 
2.95814 3.33905 6.17899 6.30024 
2.95814 3.33905 6.17899 6.30024 
2.95814 3.33905 4.08547 6.17899 
2.95814 3.33905 4.08547 6.17899 
2.95814 3.33905 4.08547 6.17899 
2.95814 3.33905 4.08547 5.97511 
2.95814 3.33905 4.05119 4.08547 
2.95814 3.33905 4.05119 4.08547 
2.95814 3.33905 4.05119 4.08547 
2.95814 3.17485 3.33905 4.05119 
2.95814 3.17485 3.33905 4.05119 
2.95814 3.17485 3.33905 3.85764 
1.77693 2.95814 3.17485 3.33905 
1.77693 2.95814 3.17485 3.33905 
1.77693 2.95814 3.17485 3.33905 
1.77693 2.95814 3.17485 3.33905 
1.77693 2.95814 3.17485 3.33905 
1.77693 2.95814 3.17485 3.26216 
1.77693 2.95814 3.17485 3.26216 
1.77693 2.95814 3.17485 3.26216 
1.77693 2.95814 3.17485 3.26216 
1.77693 2.95814 3.17485 3.26216 
1.77693 2.95814 3.17485 3.26216 
1.77693 2.95814 3.17485 3.26216 
1.77693 2.95814 3.17485 3.26216 
1.77693 2.95814 3.17485 3.26216 
1.77693 2.95814 3.17485 3.22611 
1.77693 2.95814 3.17485 3.22611 
1.77693 2.95814 3.17485 3.22611 
1.77693 2.95814 3.17485 3.22611 
1.77693 2.95814 3.17485 3.22611 
1.77693 2.95814 3.17485 3.22611 
1.77693 2.95814 3.17485 3.22611 
1.77693 2.95814 3.00515 3.17485 
1.68559 1.77693 2.95814 3.00515 
1.68559 1.77693 2.95814 3.00515 
1.68559 1.77693 2.95814 3.00515 
1.68559 1.77693 2.95814 3.00515 
1.19665 1.68559 1.77693 2.95814 
1.19665 1.68559 1.77693 2.95814 
1.19665 1.68559 1.77693 2.95814 
1.19665 1.68559 1.77693 2.95814 
1.19665 1.68559 1.77693 2.95814 
1.06348 1.19665 1.68559 1.77693 
1.06348 1.19665 1.68559 1.77693 
1.06348 1.19665 1.68559 1.77693 
0.97086 1.06348 1.19665 1.68559 
0.97086 1.06348 1.19665 1.68559 
0.97086 1.06348 1.19665 1.21526 
0.690345 0.97086 1.06348 1.19665 
0.690345 0.97086 1.06348 1.19665 
0.690345 0.97086 1.06348 1.19665 
0.690345 0.97086 1.06348 1.19665 
0.690345 0.97086 1.06348 1.19665 
0.624791 0.690345 0.97086 1.06348 
0.0899672 0.624791 0.690345 0.97086 
0.0899672 0.624791 0.690345 0.97086 
0.0899672 0.238077 0.624791 0.690345 
0.0899672 0.238077 0.624791 0.690345 
0.0899672 0.238077 0.624791 0.690345 
0.0899672 0.238077 0.624791 0.690345 
0.0899672 0.238077 0.624791 0.690345 
0.0899672 0.238077 0.624791 0.690345 
0.0899672 0.238077 0.553953 0.624791 
0.0899672 0.238077 0.553953 0.624791 
0.0899672 0.238077 0.553953 0.624791 
0.0899672 0.238077 0.553953 0.624791 
0.0899672 0.238077 0.553953 0.624791 
0.0899672 0.238077 0.553953 0.624791 
0.0899672 0.238077 0.553953 0.624791 
0.0899672 0.238077 0.553953 0.624791 
0.0899672 0.238077 0.553953 0.624411 
0.0899672 0.238077 0.553953 0.624411 
0.0899672 0.238077 0.553953 0.624411 
0.0899672 0.238077 0.553953 0.624411 
0.0899672 0.238077 0.553953 0.624411 
0.0899672 0.238077 0.553953 0.624411 
0.0899672 0.238077 0.553953 0.624411 
0.0899672 0.238077 0.553953 0.624411 
0.0899672 0.238077 0.553953 0.624411 
0.0899672 0.238077 0.553953 0.624411 
0.0899672 0.238077 0.553953 0.624411 
0.0899672 0.238077 0.553953 0.624411 
0.0899672 0.238077 0.553953 0.624411 
0.0899672 0.238077 0.553953 0.624411 
0.0899672 0.238077 0.553953 0.624411 
0.0899672 0.238077 0.553953 0.624411 
0.0899672 0.238077 0.553953 0.624411 
0.0899672 0.238077 0.553953 0.624411 
0.0899672 0.238077 0.553953 0.559772 
0.0899672 0.238077 0.553953 0.559772 
0.0899672 0.238077 0.553953 0.559772 
0.0899672 0.238077 0.553953 0.559772 
0.0899672 0.238077 0.553953 0.559772 
0.0899672 0.238077 0.553953 0.559772 
0.0899672 0.238077 0.553953 0.559772 
0.0899672 0.238077 0.553953 0.559772 
