3.90188 5.4611 8.50415 8.69663 
3.90188 5.4611 8.50415 8.69663 
3.90188 5.4611 7.1511 8.50415 
3.46243 3.69933 3.72621 3.90188 
3.46243 3.58201 3.69933 3.72621 
2.96386 3.46243 3.58201 3.69933 
0.411513 2.96386 3.46243 3.58201 
0.411513 2.96386 3.46243 3.58201 
0.411513 2.57437 2.96386 3.46243 
0.411513 1.37074 2.57437 2.96386 
0.411513 1.37074 2.57437 2.96386 
0.411513 1.37074 2.57437 2.96386 
0.411513 1.37074 2.57437 2.96386 
0.411513 1.37074 2.57437 2.96386 
0.411513 1.37074 2.57437 2.96386 
0.411513 1.37074 2.57437 2.96386 
0.411513 1.37074 2.57437 2.96386 
0.411513 1.37074 2.57437 2.96386 
0.411513 1.37074 2.57437 2.96386 
0.411513 1.37074 2.57437 2.96386 
0.411513 1.37074 2.57437 2.96386 
0.411513 1.37074 2.57437 2.96386 
0.411513 1.37074 2.57437 2.96386 
0.411513 1.37074 2.57437 2.96386 
0.411513 1.37074 2.57437 2.96386 
0.411513 1.37074 2.57437 2.96386 
0.411513 1.37074 2.57437 2.96386 
0.411513 1.37074 2.57437 2.96386 
0.411513 1.37074 2.57437 2.96386 
0.411513 1.37074 2.57437 2.96386 
0.411513 1.37074 2.57437 2.96386 
0.411513 1.37074 2.57437 2.96386 
0.411513 1.37074 2.57437 2.96386 
0.411513 1.37074 2.57437 2.96386 
0.411513 1.37074 2.57437 2.96386 
0.411513 1.37074 2.57437 2.96386 
0.411513 1.37074 2.57437 2.96386 
0.411513 1.37074 2.57437 2.96386 
0.411513 1.37074 2.57437 2.96386 
0.411513 1.37074 2.57437 2.96386 
0.411513 1.37074 2.57437 2.96386 
0.411513 1.37074 2.57437 2.96386 
0.411513 1.37074 2.57437 2.96386 
0.411513 1.37074 2.57437 2.96386 
0.411513 1.37074 2.57437 2.96386 
0.411513 1.37074 2.57437 2.96386 
0.411513 1.37074 2.57437 2.96386 
0.411513 1.37074 2.57437 2.96386 
0.411513 1.37074 2.57437 2.96386 
0.411513 1.37074 2.57437 2.96386 
0.411513 1.37074 2.57437 2.96386 
0.411513 1.37074 2.57437 2.96386 
0.411513 1.37074 2.57437 2.96386 
0.411513 1.37074 2.57437 2.96386 
0.411513 1.37074 2.57437 2.96386 
0.411513 1.37074 2.57437 2.96386 
0.411513 1.37074 2.57437 2.96386 
0.411513 1.37074 2.57437 2.96386 
0.411513 1.37074 2.57437 2.96386 
0.411513 1.37074 2.57437 2.96386 
0.411513 1.37074 2.57437 2.96386 
0.411513 1.37074 2.57437 2.96386 
0.411513 1.37074 2.57437 2.96386 
0.411513 1.37074 2.57437 2.96386 
0.411513 1.37074 2.57437 2.96386 
0.411513 1.37074 2.57437 2.96386 
0.411513 1.37074 2.57437 2.96386 
0.411513 1.37074 2.57437 2.96386 
0.411513 1.37074 2.57437 2.96386 
0.411513 1.37074 2.57437 2.96386 
0.411513 1.37074 2.57437 2.96386 
0.411513 1.37074 2.57437 2.96386 
0.411513 1.37074 2.57437 2.96386 
0.411513 1.37074 2.57437 2.96386 
0.411513 1.37074 2.57437 2.96386 
0.411513 1.37074 2.57437 2.96386 
0.411513 1.37074 2.57437 2.96386 
0.411513 1.37074 2.57437 2.96386 
0.411513 1.37074 2.57437 2.96386 
0.411513 1.37074 2.57437 2.96386 
0.411513 1.37074 2.57437 2.96386 
0.411513 1.37074 2.57437 2.96386 
0.411513 1.37074 2.57437 2.96386 
0.411513 1.37074 2.57437 2.96386 
0.411513 1.37074 2.57437 2.96386 
0.411513 1.37074 2.57437 2.96386 
0.411513 1.37074 2.57437 2.96386 
0.411513 1.37074 2.57437 2.96386 
0.411513 1.37074 2.57437 2.96386 
0.411513 1.37074 2.57437 2.96386 
0.411513 1.37074 2.57437 2.96386 
0.411513 1.37074 2.57437 2.96386 
0.411513 1.37074 2.57437 2.96386 
0.411513 1.37074 2.57437 2.96386 
0.411513 1.37074 2.57437 2.96386 
0.411513 1.37074 2.57437 2.96386 
0.411513 1.37074 2.57437 2.96386 
0.411513 1.37074 2.57437 2.96386 
0.411513 1.37074 2.57437 2.96386 
0.411513 1.37074 2.57437 2.96386 
