5.58006 5.6737 6.38875 7.18262 
5.58006 5.6737 6.38875 7.18262 
3.85535 5.58006 5.6737 6.38875 
3.85535 5.58006 5.6737 6.38875 
3.85535 5.58006 5.6737 6.38875 
3.85535 5.58006 5.6737 6.38875 
3.85535 5.58006 5.6737 6.38875 
3.85535 5.58006 5.6737 6.38875 
3.85535 5.58006 5.6737 6.38875 
3.85535 5.58006 5.6737 6.38875 
3.85535 5.58006 5.6737 6.38875 
3.85535 5.58006 5.6737 6.38875 
3.85535 5.58006 5.6737 6.38875 
3.85535 5.58006 5.6737 6.38875 
3.85535 5.58006 5.6737 6.38875 
3.85535 5.58006 5.6737 6.38875 
3.85535 5.58006 5.6737 6.38875 
3.85535 5.58006 5.6737 6.38875 
3.85535 5.58006 5.6737 6.38875 
3.85535 5.58006 5.6737 6.38875 
3.85535 5.58006 5.6737 6.38875 
3.85535 5.58006 5.6737 6.38875 
3.85535 5.58006 5.6737 6.38875 
3.85535 5.58006 5.6737 6.38875 
3.85535 5.58006 5.6737 6.38875 
3.85535 5.58006 5.6737 6.38875 
3.85535 5.58006 5.6737 6.38875 
3.85535 5.58006 5.6737 6.38875 
3.85535 5.58006 5.6737 6.38875 
3.85535 5.58006 5.6737 6.38875 
3.85535 5.58006 5.6737 6.38875 
3.85535 5.58006 5.6737 6.38875 
3.85535 5.58006 5.6737 6.38875 
3.85535 5.58006 5.6737 6.38875 
3.85535 5.58006 5.6737 6.38875 
3.85535 5.58006 5.6737 6.38875 
3.85535 5.58006 5.6737 6.38875 
3.85535 5.58006 5.6737 6.38875 
3.85535 5.58006 5.6737 6.38875 
3.85535 5.58006 5.6737 6.38875 
3.85535 5.58006 5.6737 6.38875 
3.85535 5.58006 5.6737 6.38875 
3.85535 5.58006 5.6737 6.38875 
3.85535 5.58006 5.6737 6.38875 
3.85535 5.58006 5.6737 6.38875 
3.85535 5.58006 5.6737 6.38875 
3.85535 5.58006 5.6737 6.38875 
3.85535 5.58006 5.6737 6.38875 
3.85535 5.58006 5.6737 6.38875 
3.85535 5.58006 5.6737 6.38875 
3.85535 5.58006 5.6737 6.38875 
3.85535 5.58006 5.6737 6.38875 
3.85535 5.58006 5.6737 6.38875 
3.85535 5.58006 5.6737 6.38875 
3.85535 5.58006 5.6737 6.38875 
3.85535 5.58006 5.6737 6.38875 
3.85535 5.58006 5.6737 6.38875 
3.85535 5.58006 5.6737 6.38875 
3.85535 5.58006 5.6737 6.38875 
3.85535 5.58006 5.6737 6.38875 
3.85535 5.58006 5.6737 6.38875 
3.85535 5.58006 5.6737 6.38875 
3.85535 5.58006 5.6737 6.38875 
3.85535 5.58006 5.6737 6.38875 
3.85535 5.58006 5.6737 6.38875 
3.85535 5.58006 5.6737 6.38875 
3.85535 5.58006 5.6737 6.38875 
3.85535 5.58006 5.6737 6.38875 
3.85535 5.58006 5.6737 6.38875 
3.85535 5.58006 5.6737 6.38875 
3.85535 5.58006 5.6737 6.38875 
3.85535 5.58006 5.6737 6.38875 
3.85535 5.58006 5.6737 6.38875 
3.85535 5.58006 5.6737 6.38875 
3.85535 5.58006 5.6737 6.38875 
3.85535 5.58006 5.6737 6.38875 
3.85535 5.58006 5.6737 6.38875 
3.85535 5.58006 5.6737 6.38875 
3.85535 5.58006 5.6737 6.38875 
3.85535 5.58006 5.6737 6.38875 
3.85535 5.58006 5.6737 6.38875 
3.85535 5.58006 5.6737 6.38875 
3.85535 5.58006 5.6737 6.38875 
3.85535 5.58006 5.6737 6.38875 
3.85535 5.58006 5.6737 6.38875 
3.85535 5.58006 5.6737 6.38875 
3.85535 5.58006 5.6737 6.38875 
3.85535 5.58006 5.6737 6.38875 
3.85535 5.58006 5.6737 6.38875 
3.85535 5.58006 5.6737 6.38875 
3.85535 5.58006 5.6737 6.38875 
3.85535 5.58006 5.6737 6.38875 
3.85535 5.58006 5.6737 6.38875 
3.85535 5.58006 5.6737 6.38875 
3.85535 5.58006 5.6737 6.38875 
3.85535 5.58006 5.6737 6.38875 
3.85535 5.58006 5.6737 6.38875 
3.85535 5.58006 5.6737 6.38875 
3.85535 5.58006 5.6737 6.38875 
3.85535 5.58006 5.6737 6.38875 
