4.84057 5.18118 5.47733 5.52202 
4.84057 5.18118 5.47733 5.52202 
3.18648 3.37283 3.37491 4.52239 
2.44309 3.18648 3.37283 3.37491 
2.44309 3.18648 3.37283 3.37491 
2.44309 3.18648 3.37283 3.37491 
2.44309 3.18648 3.37283 3.37491 
2.44309 3.18648 3.37283 3.37491 
2.44309 3.18648 3.37283 3.37491 
2.44309 3.18648 3.37283 3.37491 
2.44309 3.18648 3.37283 3.37491 
2.44309 3.18648 3.37283 3.37491 
2.44309 3.18648 3.37283 3.37491 
2.44309 3.18648 3.37283 3.37491 
2.44309 3.18648 3.37283 3.37491 
2.44309 3.18648 3.37283 3.37491 
2.44309 3.18648 3.37283 3.37491 
2.44309 3.18648 3.37283 3.37491 
2.44309 3.18648 3.37283 3.37491 
2.44309 3.18648 3.37283 3.37491 
2.44309 3.18648 3.37283 3.37491 
2.44309 3.18648 3.37283 3.37491 
2.44309 3.18648 3.37283 3.37491 
2.44309 3.18648 3.37283 3.37491 
2.44309 3.18648 3.37283 3.37491 
2.44309 3.18648 3.37283 3.37491 
2.44309 3.18648 3.37283 3.37491 
2.44309 3.18648 3.37283 3.37491 
2.44309 3.18648 3.37283 3.37491 
2.44309 3.18648 3.37283 3.37491 
2.44309 3.18648 3.37283 3.37491 
2.44309 3.18648 3.37283 3.37491 
2.44309 3.18648 3.37283 3.37491 
2.44309 3.18648 3.37283 3.37491 
2.44309 3.18648 3.37283 3.37491 
2.44309 3.18648 3.37283 3.37491 
2.44309 3.18648 3.37283 3.37491 
2.44309 3.18648 3.37283 3.37491 
2.44309 3.18648 3.37283 3.37491 
2.44309 3.18648 3.37283 3.37491 
2.44309 3.18648 3.37283 3.37491 
2.44309 3.01087 3.18648 3.37283 
2.44309 3.01087 3.18648 3.37283 
0.243165 2.44309 3.01087 3.18648 
0.243165 2.44309 3.01087 3.18648 
0.243165 2.44309 3.01087 3.18648 
0.243165 2.44309 3.01087 3.18648 
0.243165 2.44309 3.01087 3.18648 
0.243165 2.44309 3.01087 3.18648 
0.243165 2.44309 3.01087 3.18648 
0.243165 2.44309 3.01087 3.18648 
0.243165 2.44309 3.01087 3.18648 
0.243165 2.44309 3.01087 3.18648 
0.243165 2.44309 3.01087 3.18648 
0.243165 2.44309 3.01087 3.18648 
0.243165 2.44309 3.01087 3.18648 
0.243165 2.44309 3.01087 3.18648 
0.243165 2.44309 3.01087 3.18648 
0.243165 2.44309 3.01087 3.18648 
0.243165 2.44309 3.01087 3.18648 
0.243165 2.44309 3.01087 3.18648 
0.243165 2.44309 3.01087 3.18648 
0.243165 2.44309 3.01087 3.18648 
0.243165 2.44309 3.01087 3.18648 
0.243165 2.44309 3.01087 3.18648 
0.243165 2.44309 3.01087 3.18648 
0.243165 2.44309 3.01087 3.18648 
0.243165 2.44309 3.01087 3.18648 
0.243165 2.44309 3.01087 3.18648 
0.243165 2.44309 3.01087 3.18648 
0.243165 2.44309 3.01087 3.18648 
0.243165 2.44309 3.01087 3.18648 
0.243165 2.44309 3.01087 3.18648 
0.243165 2.44309 3.01087 3.18648 
0.243165 2.44309 3.01087 3.18648 
0.243165 2.44309 3.01087 3.18648 
0.243165 2.44309 3.01087 3.18648 
0.243165 2.44309 3.01087 3.18648 
0.243165 2.44309 3.01087 3.18648 
0.243165 2.44309 3.01087 3.18648 
0.243165 2.44309 3.01087 3.18648 
0.243165 2.44309 3.01087 3.18648 
0.243165 2.44309 3.01087 3.18648 
0.243165 2.44309 3.01087 3.18648 
0.243165 2.44309 3.01087 3.18648 
0.243165 2.44309 3.01087 3.18648 
0.243165 2.44309 3.01087 3.18648 
0.243165 2.44309 3.01087 3.18648 
0.243165 2.44309 3.01087 3.18648 
0.243165 2.44309 3.01087 3.18648 
0.243165 2.44309 3.01087 3.18648 
0.243165 2.44309 3.01087 3.18648 
0.243165 2.44309 3.01087 3.18648 
0.243165 2.44309 3.01087 3.18648 
0.243165 2.44309 3.01087 3.18648 
0.243165 2.44309 3.01087 3.18648 
0.243165 2.44309 3.01087 3.18648 
0.243165 2.44309 3.01087 3.18648 
0.243165 2.44309 3.01087 3.18648 
0.243165 2.44309 3.01087 3.18648 
