5.42919 7.7407 7.79034 7.83071 
4.51994 5.42919 6.75756 7.7407 
4.51994 5.42919 6.75756 7.7407 
4.51994 5.42919 6.75756 7.7407 
4.51994 5.42919 6.75756 7.03831 
4.51994 5.42919 5.74217 6.75756 
4.51994 5.42919 5.74217 6.75201 
4.51994 5.42919 5.74217 6.75201 
4.51994 5.42919 5.74217 6.75201 
4.51994 5.42919 5.74217 6.75201 
4.51994 5.42919 5.74217 6.75201 
4.51994 5.42919 5.74217 6.75201 
4.51994 5.42919 5.74217 6.75201 
4.51994 5.42919 5.74217 6.75201 
4.51994 5.42919 5.74217 6.75201 
4.51994 5.42919 5.74217 6.75201 
4.51994 5.42919 5.74217 6.75201 
4.51994 5.42919 5.74217 6.75201 
4.51994 5.42919 5.74217 6.75201 
4.51994 5.42919 5.74217 6.75201 
4.51994 5.42919 5.74217 6.75201 
4.51994 5.42919 5.74217 6.75201 
4.51994 5.42919 5.74217 6.75201 
4.51994 5.42919 5.74217 6.75201 
4.51994 5.42919 5.74217 6.75201 
4.51994 5.42919 5.74217 6.75201 
4.51994 5.42919 5.74217 6.75201 
4.51994 5.42919 5.74217 6.75201 
4.51994 5.42919 5.74217 6.75201 
4.51994 5.42919 5.74217 6.75201 
4.51994 5.42919 5.74217 6.75201 
4.51994 5.42919 5.74217 6.75201 
4.51994 5.42919 5.74217 6.75201 
4.51994 5.42919 5.74217 6.75201 
4.51994 5.42919 5.74217 6.75201 
4.51994 5.42919 5.74217 6.75201 
4.51994 5.42919 5.74217 6.75201 
4.51994 5.42919 5.74217 6.75201 
4.51994 5.42919 5.74217 6.75201 
4.51994 5.42919 5.74217 6.75201 
4.51994 5.42919 5.74217 6.75201 
4.51994 5.42919 5.74217 6.75201 
4.51994 5.42919 5.74217 6.75201 
4.51994 5.42919 5.74217 6.75201 
4.51994 5.42919 5.74217 6.75201 
4.51994 5.42919 5.74217 6.75201 
4.51994 5.42919 5.74217 6.75201 
4.51994 5.42919 5.74217 6.75201 
4.51994 5.42919 5.74217 6.75201 
4.51994 5.42919 5.74217 6.75201 
4.51994 5.42919 5.74217 6.75201 
4.51994 5.42919 5.74217 6.75201 
4.51994 5.42919 5.74217 6.75201 
4.51994 5.42919 5.74217 6.75201 
4.51994 5.42919 5.74217 6.75201 
4.51994 5.42919 5.74217 6.75201 
4.51994 5.42919 5.74217 6.75201 
4.51994 5.42919 5.74217 6.75201 
4.51994 5.42919 5.74217 6.75201 
4.51994 5.42919 5.74217 6.75201 
4.51994 5.42919 5.74217 6.75201 
4.51994 5.42919 5.74217 6.75201 
4.51994 5.42919 5.74217 6.75201 
4.51994 5.42919 5.74217 6.75201 
4.51994 5.42919 5.74217 6.75201 
4.51994 5.42919 5.74217 6.75201 
4.51994 5.42919 5.74217 6.75201 
4.51994 5.42919 5.74217 6.75201 
4.51994 5.42919 5.74217 6.75201 
4.51994 5.42919 5.74217 6.75201 
4.51994 5.42919 5.74217 6.75201 
4.51994 5.42919 5.74217 6.75201 
4.51994 5.42919 5.74217 6.75201 
4.51994 5.42919 5.74217 6.75201 
4.51994 5.42919 5.74217 6.75201 
4.51994 5.42919 5.74217 6.75201 
4.51994 5.42919 5.74217 6.75201 
4.51994 5.42919 5.74217 6.75201 
4.51994 5.42919 5.74217 6.75201 
4.51994 5.42919 5.74217 6.75201 
4.51994 5.42919 5.74217 6.75201 
4.51994 5.42919 5.74217 6.75201 
4.51994 5.42919 5.74217 6.75201 
4.51994 5.42919 5.74217 6.75201 
4.51994 5.42919 5.74217 6.75201 
4.51994 5.42919 5.74217 6.75201 
4.51994 5.42919 5.74217 6.75201 
4.51994 5.42919 5.74217 6.75201 
4.51994 5.42919 5.74217 6.75201 
4.51994 5.42919 5.74217 6.75201 
4.51994 5.42919 5.74217 6.75201 
4.51994 5.42919 5.74217 6.75201 
4.51994 5.42919 5.74217 6.75201 
4.51994 5.42919 5.74217 6.75201 
4.51994 5.42919 5.74217 6.75201 
4.51994 5.42919 5.74217 6.75201 
4.51994 5.42919 5.74217 6.75201 
4.51994 5.42919 5.74217 6.75201 
4.51994 5.42919 5.74217 6.75201 
4.51994 5.42919 5.74217 6.75201 
