4.53512 4.64288 5.56521 6.02597 
4.53512 4.64288 5.56521 6.02597 
4.53512 4.64288 5.56521 6.02597 
4.11569 4.53512 4.64288 5.56521 
4.11569 4.53512 4.64288 5.56521 
4.11569 4.53512 4.64288 5.24432 
4.11569 4.53512 4.64288 5.23216 
4.11569 4.53512 4.64288 5.23216 
4.11569 4.53512 4.64288 5.23216 
2.1372 4.11569 4.463 4.53512 
2.1372 4.11569 4.463 4.53512 
2.1372 4.11569 4.463 4.53512 
2.1372 2.86728 4.11569 4.463 
2.1372 2.83326 2.86728 4.11569 
2.1372 2.78374 2.83326 2.86728 
2.1372 2.78374 2.81807 2.83326 
2.1372 2.78374 2.81807 2.83326 
2.1372 2.78374 2.81807 2.83326 
2.1372 2.78374 2.81807 2.83326 
2.1372 2.39188 2.78374 2.81807 
2.1372 2.39188 2.78374 2.81807 
2.1372 2.39188 2.78374 2.81807 
2.1372 2.39188 2.78374 2.81807 
2.1372 2.39188 2.78374 2.81807 
2.1372 2.39188 2.78374 2.81807 
2.1372 2.39188 2.78374 2.81807 
2.1372 2.39188 2.78374 2.81807 
2.1372 2.39188 2.65545 2.78374 
2.1372 2.39188 2.65545 2.78374 
1.27508 1.90561 2.1372 2.39188 
1.27508 1.90561 2.1372 2.39188 
0.730696 1.27508 1.90561 2.1372 
0.730696 1.27508 1.86062 1.90561 
0.143313 0.730696 1.27508 1.86062 
0.143313 0.730696 1.27508 1.86062 
0.143313 0.730696 1.27508 1.86062 
0.143313 0.730696 1.27508 1.86062 
0.143313 0.730696 1.27508 1.86062 
0.143313 0.730696 1.27508 1.86062 
0.143313 0.730696 1.27508 1.86062 
0.143313 0.730696 1.27508 1.73716 
0.143313 0.730696 1.27508 1.73716 
0.143313 0.730696 1.27508 1.73716 
0.143313 0.730696 1.27508 1.73716 
0.143313 0.730696 1.27508 1.73716 
0.143313 0.730696 1.27508 1.73716 
0.143313 0.730696 1.27508 1.73716 
0.143313 0.730696 1.27508 1.73716 
0.143313 0.730696 1.27508 1.73716 
0.143313 0.730696 1.27508 1.73716 
0.143313 0.730696 1.27508 1.73716 
0.143313 0.730696 1.27508 1.73716 
0.143313 0.730696 1.27508 1.73716 
0.143313 0.730696 1.27508 1.73716 
0.143313 0.730696 1.27508 1.73716 
0.143313 0.730696 1.27508 1.73716 
0.143313 0.730696 1.27508 1.73716 
0.143313 0.730696 1.27508 1.73716 
0.143313 0.730696 1.27508 1.73716 
0.143313 0.730696 1.27508 1.73716 
0.143313 0.730696 1.27508 1.73716 
0.143313 0.730696 1.27508 1.73716 
0.143313 0.730696 1.27508 1.73716 
0.143313 0.730696 1.27508 1.73716 
0.143313 0.730696 1.27508 1.73716 
0.143313 0.730696 1.27508 1.73716 
0.143313 0.730696 1.27508 1.73716 
0.143313 0.730696 1.27508 1.73716 
0.143313 0.730696 1.27508 1.73716 
0.143313 0.730696 1.27508 1.73716 
0.143313 0.730696 1.27508 1.73716 
0.143313 0.730696 1.27508 1.73716 
0.143313 0.730696 1.27508 1.73716 
0.143313 0.730696 1.27508 1.73716 
0.143313 0.730696 1.27508 1.73716 
0.143313 0.730696 1.27508 1.73716 
0.143313 0.730696 1.27508 1.73716 
0.143313 0.730696 1.27508 1.73716 
0.143313 0.730696 1.27508 1.73716 
0.143313 0.730696 1.27508 1.73716 
0.143313 0.730696 1.27508 1.73716 
0.143313 0.730696 1.27508 1.73716 
0.143313 0.730696 1.27508 1.73716 
0.143313 0.730696 1.27508 1.73716 
0.143313 0.730696 1.27508 1.73716 
0.143313 0.730696 1.27508 1.73716 
0.143313 0.730696 1.27508 1.73716 
0.143313 0.730696 1.27508 1.73716 
0.143313 0.730696 1.27508 1.73716 
0.143313 0.730696 1.27508 1.73716 
0.143313 0.730696 1.27508 1.73716 
0.143313 0.730696 1.27508 1.73716 
0.143313 0.730696 1.27508 1.73716 
0.143313 0.730696 1.27508 1.73716 
0.143313 0.730696 1.27508 1.73716 
0.143313 0.730696 1.27508 1.73716 
0.143313 0.730696 1.27508 1.73716 
0.143313 0.730696 1.27508 1.73716 
0.143313 0.730696 1.27508 1.73716 
0.143313 0.730696 1.27508 1.73716 
