5.30248 6.419 7.49873 7.64041 
4.40857 5.30248 6.3805 6.419 
4.40857 5.30248 5.83363 6.3805 
4.40857 5.30248 5.83363 6.3805 
4.40857 5.30248 5.83363 6.3805 
3.61273 4.25186 4.27071 4.40857 
3.61273 4.25186 4.27071 4.40857 
3.61273 4.25186 4.27071 4.40857 
2.18228 3.61273 4.25186 4.27071 
2.18228 3.61273 4.25186 4.27071 
2.18228 3.61273 4.25186 4.27071 
2.18228 3.61273 4.25186 4.27071 
2.18228 3.10339 3.61273 4.25186 
2.18228 2.35188 3.10339 3.61273 
2.18228 2.35188 3.10339 3.54213 
2.18228 2.35188 3.10339 3.54213 
2.18228 2.35188 3.10339 3.54213 
2.18228 2.35188 3.10339 3.54213 
2.18228 2.35188 3.10339 3.54213 
2.18228 2.35188 3.10339 3.54213 
2.18228 2.35188 2.43014 3.10339 
2.18228 2.35188 2.43014 3.10339 
1.07088 2.18228 2.35188 2.43014 
1.07088 2.18228 2.35188 2.43014 
1.07088 2.18228 2.35188 2.43014 
1.07088 2.18228 2.35188 2.43014 
1.07088 2.18228 2.35188 2.43014 
1.07088 2.18228 2.35188 2.43014 
1.07088 2.18228 2.35188 2.43014 
1.07088 2.18228 2.35188 2.43014 
1.07088 2.05644 2.18228 2.35188 
1.07088 1.5009 2.05644 2.18228 
1.07088 1.5009 2.05644 2.18228 
1.07088 1.5009 2.05644 2.18228 
1.07088 1.5009 2.05644 2.18228 
0.450201 1.07088 1.5009 2.05644 
0.450201 1.07088 1.36654 1.5009 
0.450201 1.07088 1.36654 1.5009 
0.450201 1.07088 1.36654 1.43549 
0.450201 1.07088 1.36654 1.43549 
0.450201 1.07088 1.36654 1.43549 
0.450201 1.07088 1.36654 1.43549 
0.450201 1.07088 1.36654 1.43549 
0.450201 1.07088 1.36654 1.43549 
0.450201 1.07088 1.36654 1.43549 
0.450201 1.07088 1.36654 1.43549 
0.450201 1.07088 1.36654 1.43549 
0.450201 1.07088 1.36654 1.43549 
0.450201 1.07088 1.36654 1.43549 
0.450201 1.07088 1.36654 1.43549 
0.019602 0.450201 0.870848 1.07088 
0.019602 0.450201 0.870848 1.07088 
0.019602 0.450201 0.870848 1.07088 
0.019602 0.450201 0.580711 0.870848 
0.019602 0.120437 0.450201 0.580711 
0.019602 0.120437 0.450201 0.580711 
0.019602 0.120437 0.450201 0.580711 
0.019602 0.120437 0.427649 0.450201 
0.019602 0.120437 0.427649 0.450201 
0.019602 0.120437 0.306876 0.427649 
0.019602 0.120437 0.135396 0.306876 
0.019602 0.120437 0.135396 0.306876 
0.019602 0.120437 0.135396 0.306876 
0.019602 0.120437 0.135396 0.306876 
0.019602 0.120437 0.135396 0.306876 
0.019602 0.120437 0.135396 0.306876 
0.019602 0.120437 0.135396 0.306876 
0.019602 0.120437 0.135396 0.306876 
0.019602 0.120437 0.135396 0.306876 
0.019602 0.120437 0.135396 0.306876 
0.019602 0.120437 0.135396 0.306876 
0.019602 0.120437 0.135396 0.306876 
0.019602 0.120437 0.135396 0.306876 
0.019602 0.120437 0.135396 0.306876 
0.019602 0.120437 0.135396 0.306876 
0.019602 0.120437 0.135396 0.306876 
0.019602 0.120437 0.135396 0.306876 
0.019602 0.120437 0.135396 0.306876 
0.019602 0.120437 0.135396 0.306876 
0.019602 0.120437 0.135396 0.306876 
0.019602 0.120437 0.135396 0.306876 
0.019602 0.120437 0.135396 0.306876 
0.019602 0.120437 0.135396 0.306876 
0.019602 0.120437 0.135396 0.306876 
0.019602 0.120437 0.135396 0.306876 
0.019602 0.120437 0.135396 0.306876 
0.019602 0.120437 0.135396 0.306876 
0.019602 0.120437 0.135396 0.306876 
0.019602 0.120437 0.135396 0.306876 
0.019602 0.120437 0.135396 0.306876 
0.019602 0.120437 0.135396 0.306876 
0.019602 0.120437 0.135396 0.306876 
0.019602 0.120437 0.135396 0.306876 
0.019602 0.120437 0.135396 0.306876 
0.019602 0.120437 0.135396 0.306876 
0.019602 0.120437 0.135396 0.306876 
0.019602 0.120437 0.135396 0.306876 
0.019602 0.120437 0.135396 0.306876 
0.019602 0.120437 0.135396 0.306876 
0.019602 0.120437 0.135396 0.306876 
