6.37359 7.5301 8.23176 8.37386 
6.37359 6.60281 7.5301 8.09906 
5.99201 6.37359 6.43479 6.60281 
3.61563 3.6442 4.21766 5.37874 
3.61563 3.6442 3.71274 4.21766 
3.61563 3.6442 3.71274 4.21766 
3.61563 3.6442 3.71274 4.21766 
3.61563 3.6442 3.71274 4.19162 
3.61563 3.6442 3.71274 4.19162 
3.61563 3.6442 3.71274 4.19162 
3.61563 3.6442 3.71274 4.19162 
3.61563 3.6442 3.71274 4.19162 
3.55461 3.61563 3.6442 3.71274 
3.55461 3.61563 3.6442 3.71274 
3.55461 3.61563 3.6442 3.71274 
3.55461 3.61563 3.6442 3.71274 
3.55461 3.61563 3.6442 3.71274 
3.55461 3.61563 3.6442 3.71274 
3.55461 3.61563 3.6442 3.71274 
3.55461 3.61563 3.6442 3.71274 
3.55461 3.61563 3.6442 3.71274 
3.55461 3.61563 3.6442 3.71274 
3.55461 3.61563 3.6442 3.71274 
3.55461 3.61563 3.6442 3.71274 
3.55461 3.61563 3.6442 3.71274 
1.2709 3.55461 3.61563 3.6442 
1.2709 3.55461 3.61563 3.6442 
1.2709 3.55461 3.61563 3.6442 
1.2709 3.55461 3.61563 3.6442 
1.2709 3.41306 3.55461 3.61563 
1.2709 3.41306 3.55461 3.61563 
1.24765 1.2709 3.41306 3.55461 
1.24765 1.2709 3.41306 3.55461 
1.24765 1.2709 3.41306 3.55461 
1.24765 1.2709 3.41306 3.55461 
1.24765 1.2709 3.41306 3.55461 
1.24765 1.2709 3.41306 3.55461 
1.24765 1.2709 3.41306 3.55461 
1.24765 1.2709 3.41306 3.55461 
1.24765 1.2709 3.41306 3.55461 
1.24765 1.2709 3.41306 3.55461 
1.24765 1.2709 3.41306 3.55461 
1.24765 1.2709 3.41306 3.55461 
1.24765 1.2709 3.41306 3.55461 
1.24765 1.2709 3.41306 3.55461 
1.24765 1.2709 3.41306 3.55461 
1.24765 1.2709 3.27776 3.41306 
1.24765 1.2709 3.27776 3.41306 
1.24765 1.2709 3.27776 3.41306 
1.24765 1.2709 3.27776 3.41306 
1.24765 1.2709 3.27776 3.41306 
1.24765 1.2709 3.27776 3.41306 
1.24765 1.2709 3.27776 3.41306 
1.24765 1.2709 3.27776 3.41306 
1.24765 1.2709 3.27776 3.41306 
1.24765 1.2709 3.27776 3.41306 
1.24765 1.2709 3.27776 3.41306 
1.24765 1.2709 3.27776 3.41306 
1.24765 1.2709 3.27776 3.41306 
1.24765 1.2709 3.27776 3.41306 
1.24765 1.2709 3.27776 3.41306 
1.24765 1.2709 3.27776 3.41306 
1.24765 1.2709 3.27776 3.41306 
1.24765 1.2709 3.27776 3.41306 
1.24765 1.2709 3.27776 3.41306 
1.24765 1.2709 3.27776 3.41306 
1.24765 1.2709 3.27776 3.41306 
1.24765 1.2709 3.27776 3.41306 
1.24765 1.2709 3.27776 3.41306 
1.24765 1.2709 3.27776 3.41306 
1.24765 1.2709 3.27776 3.41306 
1.24765 1.2709 3.27776 3.41306 
1.24765 1.2709 3.27776 3.41306 
1.24765 1.2709 3.27776 3.41306 
1.24765 1.2709 3.27776 3.41306 
1.24765 1.2709 3.27776 3.41306 
1.24765 1.2709 3.27776 3.41306 
1.24765 1.2709 3.27776 3.41306 
1.24765 1.2709 3.27776 3.41306 
1.24765 1.2709 3.27776 3.41306 
1.24765 1.2709 3.27776 3.41306 
1.24765 1.2709 3.27776 3.41306 
1.24765 1.2709 3.27776 3.41306 
1.24765 1.2709 3.27776 3.41306 
1.24765 1.2709 3.27776 3.41306 
1.24765 1.2709 3.27776 3.41306 
1.24765 1.2709 3.27776 3.41306 
1.24765 1.2709 3.27776 3.41306 
1.24765 1.2709 3.27776 3.41306 
1.24765 1.2709 3.27776 3.41306 
1.24765 1.2709 3.27776 3.41306 
1.24765 1.2709 3.27776 3.41306 
1.24765 1.2709 3.27776 3.41306 
1.24765 1.2709 3.27776 3.41306 
1.24765 1.2709 3.27776 3.41306 
1.24765 1.2709 3.27776 3.41306 
1.24765 1.2709 3.27776 3.41306 
1.24765 1.2709 3.27776 3.41306 
1.24765 1.2709 3.27776 3.41306 
1.24765 1.2709 3.27776 3.41306 
