6.28182 9.05208 9.36028 10.3207 
6.05021 6.28182 6.565 9.05208 
5.89334 6.05021 6.28182 6.565 
4.87241 5.89334 6.05021 6.28182 
4.19743 4.87241 5.89334 6.05021 
3.62544 4.19743 4.87241 5.63086 
3.62544 4.19743 4.87241 5.63086 
0.495604 3.62544 4.14357 4.19743 
0.495604 3.44022 3.62544 4.14357 
0.495604 3.44022 3.53051 3.62544 
0.495604 3.23232 3.44022 3.53051 
0.495604 3.23232 3.44022 3.53051 
0.495604 3.23232 3.44022 3.53051 
0.495604 3.23232 3.44022 3.53051 
0.495604 3.23232 3.44022 3.53051 
0.495604 3.23232 3.44022 3.53051 
0.495604 3.23232 3.44022 3.53051 
0.495604 3.23232 3.44022 3.53051 
0.495604 2.63513 3.23232 3.44022 
0.495604 2.63513 3.23232 3.44022 
0.495604 2.63513 3.23232 3.44022 
0.495604 2.63513 3.23232 3.44022 
0.495604 2.63513 3.23232 3.44022 
0.495604 2.63513 2.92694 3.23232 
0.495604 2.63513 2.92694 3.23232 
0.495604 2.63513 2.92694 3.18003 
0.495604 2.63513 2.92694 3.18003 
0.495604 2.63513 2.92694 3.18003 
0.495604 0.901267 2.63513 2.92694 
0.495604 0.569262 0.901267 1.74482 
0.495604 0.569262 0.901267 1.74482 
0.495604 0.569262 0.901267 1.74482 
0.495604 0.569262 0.901267 1.74482 
0.495604 0.569262 0.901267 1.74482 
0.495604 0.569262 0.901267 1.74482 
0.495604 0.569262 0.901267 1.74482 
0.495604 0.569262 0.901267 1.74482 
0.495604 0.569262 0.901267 1.74482 
0.495604 0.569262 0.901267 1.24255 
0.495604 0.569262 0.901267 1.24255 
0.495604 0.569262 0.901267 1.24255 
0.495604 0.569262 0.901267 1.24255 
0.495604 0.569262 0.901267 1.24255 
0.495604 0.569262 0.901267 1.24255 
0.495604 0.569262 0.901267 1.24255 
0.495604 0.569262 0.901267 1.24255 
0.495604 0.569262 0.901267 1.24255 
0.495604 0.569262 0.901267 1.24255 
0.495604 0.569262 0.901267 1.23328 
0.495604 0.569262 0.901267 1.23328 
0.495604 0.569262 0.901267 1.23328 
0.495604 0.569262 0.901267 1.23328 
0.495604 0.569262 0.901267 1.23328 
0.495604 0.569262 0.901267 1.23328 
0.335536 0.495604 0.569262 0.901267 
0.335536 0.495604 0.569262 0.78946 
0.335536 0.495604 0.569262 0.78946 
0.335536 0.495604 0.569262 0.78946 
0.335536 0.495604 0.569262 0.622929 
0.335536 0.394211 0.495604 0.569262 
0.335536 0.394211 0.495604 0.569262 
0.335536 0.394211 0.495604 0.569262 
0.335536 0.394211 0.495604 0.569262 
0.335536 0.394211 0.495604 0.569262 
0.335536 0.394211 0.462856 0.495604 
0.335536 0.394211 0.462856 0.495604 
0.335536 0.394211 0.462856 0.495604 
0.335536 0.394211 0.462856 0.495604 
0.335536 0.394211 0.462856 0.495604 
0.335536 0.394211 0.462856 0.495604 
0.335536 0.394211 0.462856 0.495604 
0.335536 0.394211 0.462856 0.495604 
0.335536 0.394211 0.462856 0.495604 
0.335536 0.394211 0.462856 0.495604 
0.335536 0.394211 0.462856 0.495604 
0.335536 0.394211 0.462856 0.495604 
0.335536 0.394211 0.462856 0.495604 
0.335536 0.394211 0.462856 0.495604 
0.335536 0.394211 0.462856 0.495604 
0.335536 0.394211 0.462856 0.495604 
0.335536 0.394211 0.462856 0.495604 
0.335536 0.394211 0.462856 0.495604 
0.335536 0.394211 0.462856 0.495604 
0.335536 0.394211 0.462856 0.495604 
0.335536 0.394211 0.462856 0.495604 
0.335536 0.394211 0.462856 0.495604 
0.335536 0.394211 0.462856 0.495604 
0.335536 0.394211 0.462856 0.495604 
0.335536 0.394211 0.462856 0.495604 
0.335536 0.394211 0.462856 0.495604 
0.335536 0.394211 0.462856 0.495604 
0.335536 0.394211 0.462856 0.495604 
0.335536 0.394211 0.462856 0.495604 
0.335536 0.394211 0.462856 0.495604 
0.335536 0.394211 0.462856 0.495604 
0.335536 0.394211 0.462856 0.495604 
0.335536 0.394211 0.462856 0.495604 
0.335536 0.394211 0.462856 0.495604 
0.335536 0.394211 0.462856 0.495604 
0.335536 0.394211 0.462856 0.495604 
