4.43107 5.85369 8.35876 8.62638 
4.43107 5.59537 5.85369 7.50725 
4.43107 5.59537 5.85369 7.50725 
3.63251 4.43107 5.59537 5.85369 
3.63251 4.43107 4.56719 5.59537 
3.63251 4.43107 4.56719 5.48332 
3.63251 3.98147 4.43107 4.56719 
3.63251 3.98147 4.43107 4.56719 
3.63251 3.98147 4.43107 4.56719 
3.63251 3.98147 4.43107 4.56719 
3.63251 3.98147 4.43107 4.56719 
3.63251 3.98147 4.43107 4.56719 
2.82654 3.63251 3.98147 4.43107 
2.82654 3.63251 3.81484 3.98147 
2.82654 3.63251 3.81484 3.98147 
2.82654 3.48317 3.63251 3.81484 
2.82654 3.48317 3.63251 3.70685 
1.56295 2.82654 3.48317 3.63251 
1.56295 2.82654 3.48317 3.63251 
1.56295 2.82654 3.48317 3.63251 
1.56295 2.82654 3.48317 3.63251 
1.56295 2.82654 3.48317 3.63251 
1.56295 2.82654 3.48317 3.63251 
1.56295 2.82654 3.03376 3.48317 
1.56295 2.82654 3.03376 3.48317 
1.53 1.56295 2.82654 3.03376 
1.53 1.56295 2.82654 3.03376 
1.53 1.56295 2.82654 3.03376 
1.53 1.56295 2.82654 3.03376 
1.53 1.56295 1.98951 2.82654 
1.53 1.56295 1.98951 2.82654 
1.53 1.56295 1.98951 2.82654 
1.53 1.56295 1.98951 2.82654 
1.53 1.56295 1.98951 2.82654 
1.53 1.56295 1.98951 2.82654 
1.53 1.56295 1.98951 2.82654 
1.53 1.56295 1.98951 2.82654 
1.53 1.56295 1.98951 2.82654 
1.53 1.56295 1.98951 2.82654 
1.53 1.56295 1.98951 2.60163 
0.23764 1.53 1.56295 1.77265 
0.23764 1.53 1.56295 1.77265 
0.23764 1.53 1.56295 1.77265 
0.23764 1.53 1.56295 1.77265 
0.23764 1.53 1.56295 1.77265 
0.23764 1.42612 1.53 1.56295 
0.23764 1.37842 1.42612 1.53 
0.23764 1.37842 1.42612 1.53 
0.23764 1.37842 1.42612 1.53 
0.23764 1.37842 1.42612 1.53 
0.23764 1.37842 1.42612 1.53 
0.23764 1.37842 1.42612 1.53 
0.23764 1.37842 1.42612 1.53 
0.23764 1.37842 1.42612 1.53 
0.23764 1.37842 1.42612 1.53 
0.23764 1.37842 1.42612 1.53 
0.23764 1.37842 1.42612 1.53 
0.23764 1.37842 1.42612 1.53 
0.23764 1.37842 1.42612 1.53 
0.23764 1.37842 1.42612 1.53 
0.23764 1.37842 1.42612 1.53 
0.23764 1.37842 1.42612 1.53 
0.23764 1.37842 1.42612 1.53 
0.23764 1.37842 1.42612 1.53 
0.23764 1.37842 1.42612 1.53 
0.23764 1.37842 1.42612 1.53 
0.23764 1.37842 1.42612 1.53 
0.23764 1.37842 1.42612 1.53 
0.23764 1.37842 1.42612 1.53 
0.23764 1.37842 1.42612 1.53 
0.23764 1.37842 1.42612 1.53 
0.23764 1.37842 1.42612 1.53 
0.23764 1.37842 1.42612 1.53 
0.23764 1.37842 1.42612 1.53 
0.23764 1.37842 1.42612 1.53 
0.23764 1.37842 1.42612 1.53 
0.23764 1.37842 1.42612 1.53 
0.23764 1.37842 1.42612 1.53 
0.23764 1.37842 1.42612 1.53 
0.23764 1.37842 1.42612 1.53 
0.23764 1.37842 1.42612 1.53 
0.23764 1.37842 1.42612 1.53 
0.23764 1.37842 1.42612 1.53 
0.23764 1.28589 1.37842 1.42612 
0.23764 1.09979 1.28589 1.37842 
0.23764 1.09979 1.28589 1.37842 
0.23764 0.782943 0.921353 1.09979 
0.23764 0.782943 0.921353 1.09979 
0.23764 0.782943 0.921353 1.09979 
0.23764 0.782943 0.921353 1.09979 
0.23764 0.392018 0.782943 0.921353 
0.23764 0.392018 0.782943 0.921353 
0.23764 0.392018 0.688551 0.782943 
0.23764 0.392018 0.688551 0.782943 
0.23764 0.392018 0.688551 0.782943 
0.23764 0.392018 0.603702 0.688551 
0.205383 0.23764 0.392018 0.520086 
0.205383 0.23764 0.392018 0.520086 
0.205383 0.23764 0.392018 0.520086 
0.120701 0.205383 0.23764 0.392018 
