6.52094 6.60114 6.75392 7.53 
4.11754 6.32247 6.52094 6.60114 
4.11754 6.2146 6.3166 6.32247 
4.11754 6.2146 6.3166 6.32247 
4.11754 4.67674 6.2146 6.3166 
4.11754 4.67674 6.2146 6.3166 
4.11754 4.67674 6.2146 6.3166 
4.11754 4.67674 5.00742 6.2146 
4.11754 4.67674 5.00742 6.2146 
4.11754 4.67674 5.00742 6.2146 
4.11754 4.67674 5.00742 6.2146 
4.11754 4.67674 5.00742 6.2146 
4.11754 4.67674 5.00742 6.2146 
4.11754 4.67674 5.00742 6.2146 
4.11754 4.67674 5.00742 6.2146 
4.11754 4.67674 5.00742 6.2146 
4.11754 4.67674 5.00742 6.2146 
4.11754 4.67674 5.00742 6.2146 
4.11754 4.67674 5.00742 6.2146 
4.11754 4.67674 5.00742 6.2146 
4.11754 4.67674 5.00742 6.2146 
4.11754 4.67674 5.00742 6.2146 
4.11754 4.67674 5.00742 6.2146 
4.11754 4.67674 5.00742 6.2146 
4.11754 4.67674 5.00742 6.2146 
4.11754 4.67674 5.00742 6.2146 
4.11754 4.67674 5.00742 6.2146 
4.11754 4.67674 5.00742 6.2146 
4.11754 4.67674 5.00742 6.2146 
4.11754 4.67674 5.00742 6.2146 
4.11754 4.67674 5.00742 6.2146 
4.11754 4.67674 5.00742 6.2146 
4.11754 4.67674 5.00742 6.2146 
4.11754 4.67674 5.00742 6.2146 
4.11754 4.67674 5.00742 6.2146 
4.11754 4.67674 5.00742 6.2146 
4.11754 4.67674 5.00742 6.2146 
4.11754 4.67674 5.00742 6.2146 
4.11754 4.67674 5.00742 6.2146 
4.11754 4.67674 5.00742 6.2146 
4.11754 4.67674 5.00742 6.2146 
4.11754 4.67674 5.00742 6.2146 
4.11754 4.67674 5.00742 6.2146 
4.11754 4.67674 5.00742 6.2146 
4.11754 4.67674 5.00742 6.2146 
4.11754 4.67674 5.00742 6.2146 
4.11754 4.67674 5.00742 6.2146 
4.11754 4.67674 5.00742 6.2146 
4.11754 4.67674 5.00742 6.2146 
4.11754 4.67674 5.00742 6.2146 
4.11754 4.67674 5.00742 6.2146 
4.11754 4.67674 5.00742 6.2146 
4.11754 4.67674 5.00742 6.2146 
4.11754 4.67674 5.00742 6.2146 
4.11754 4.67674 5.00742 6.2146 
4.11754 4.67674 5.00742 6.2146 
4.11754 4.67674 5.00742 6.2146 
4.11754 4.67674 5.00742 6.2146 
4.11754 4.67674 5.00742 6.2146 
4.11754 4.67674 5.00742 6.2146 
4.11754 4.67674 5.00742 6.2146 
4.11754 4.67674 5.00742 6.2146 
4.11754 4.67674 5.00742 6.2146 
4.11754 4.67674 5.00742 6.2146 
4.11754 4.67674 5.00742 6.2146 
4.11754 4.67674 5.00742 6.2146 
4.11754 4.67674 5.00742 6.2146 
4.11754 4.67674 5.00742 6.2146 
4.11754 4.67674 5.00742 6.2146 
4.11754 4.67674 5.00742 6.2146 
4.11754 4.67674 5.00742 6.2146 
4.11754 4.67674 5.00742 6.2146 
4.11754 4.67674 5.00742 6.2146 
4.11754 4.67674 5.00742 6.2146 
4.11754 4.67674 5.00742 6.2146 
4.11754 4.67674 5.00742 6.2146 
4.11754 4.67674 5.00742 6.2146 
4.11754 4.67674 5.00742 6.2146 
4.11754 4.67674 5.00742 6.2146 
4.11754 4.67674 5.00742 6.2146 
4.11754 4.67674 5.00742 6.2146 
4.11754 4.67674 5.00742 6.2146 
4.11754 4.67674 5.00742 6.2146 
4.11754 4.67674 5.00742 6.2146 
4.11754 4.67674 5.00742 6.2146 
4.11754 4.67674 5.00742 6.2146 
4.11754 4.67674 5.00742 6.2146 
4.11754 4.67674 5.00742 6.2146 
4.11754 4.67674 5.00742 6.2146 
4.11754 4.67674 5.00742 6.2146 
4.11754 4.67674 5.00742 6.2146 
4.11754 4.67674 5.00742 6.2146 
4.11754 4.67674 5.00742 6.2146 
4.11754 4.67674 5.00742 6.2146 
4.11754 4.67674 5.00742 6.2146 
4.11754 4.67674 5.00742 6.2146 
4.11754 4.67674 5.00742 6.2146 
4.11754 4.67674 5.00742 6.2146 
4.11754 4.67674 5.00742 6.2146 
4.11754 4.67674 5.00742 6.2146 
