4.33765 5.35232 6.24099 6.37116 
4.33765 5.35232 6.24099 6.37116 
4.33765 5.35232 6.24099 6.37116 
4.33765 5.35232 5.91167 6.24099 
4.33765 5.35232 5.91167 6.24099 
4.33765 5.35232 5.78124 5.91167 
4.33765 5.35232 5.75798 5.78124 
4.33765 5.35232 5.75798 5.78124 
4.33765 5.35232 5.75798 5.78124 
4.33765 5.35232 5.75798 5.78124 
4.33765 5.35232 5.75798 5.77021 
4.33765 5.35232 5.75798 5.77021 
3.27643 4.33765 4.80896 5.35232 
3.27643 4.33765 4.80896 5.35232 
3.27643 4.33765 4.80896 5.35232 
3.27643 3.40289 4.33765 4.80896 
3.27643 3.40289 4.33765 4.36268 
3.27643 3.40289 4.1399 4.33765 
3.27643 3.40289 4.1399 4.15418 
3.27643 3.40289 4.1399 4.15418 
3.27643 3.40289 4.1399 4.15418 
3.27643 3.40289 4.1399 4.15418 
3.27643 3.40289 3.86112 4.1399 
3.27643 3.40289 3.86112 4.1399 
3.27643 3.40289 3.86112 4.138 
3.15267 3.27643 3.40289 3.86112 
1.04069 2.75701 3.15267 3.27643 
1.04069 2.75701 3.15267 3.27643 
1.04069 2.75701 3.15267 3.27643 
1.04069 2.75701 3.15267 3.27643 
1.04069 2.75701 3.15267 3.27643 
1.04069 2.75701 2.92147 3.15267 
1.04069 2.75701 2.92147 3.15267 
1.04069 2.75701 2.92147 3.15267 
1.04069 2.75701 2.92147 3.15267 
1.04069 2.75701 2.85183 2.92147 
1.04069 2.75701 2.85183 2.87919 
1.04069 1.90292 2.75701 2.85183 
1.04069 1.90292 2.01294 2.70809 
1.04069 1.40419 1.90292 2.01294 
1.04069 1.40419 1.90292 2.01294 
1.04069 1.40419 1.90292 2.01294 
1.04069 1.40419 1.90292 2.01294 
1.04069 1.40419 1.90292 2.01294 
1.04069 1.40419 1.90292 2.01294 
0.108682 0.82752 1.04069 1.40419 
0.108682 0.601029 0.82752 1.04069 
0.108682 0.601029 0.82752 1.04069 
0.108682 0.601029 0.82752 1.04069 
0.108682 0.601029 0.82752 1.04069 
0.108682 0.601029 0.82752 1.04069 
0.108682 0.601029 0.82752 1.04069 
0.108682 0.601029 0.82752 1.04069 
0.108682 0.601029 0.82752 1.04069 
0.108682 0.601029 0.82752 1.04069 
0.108682 0.601029 0.82752 1.04069 
0.108682 0.601029 0.82752 1.04069 
0.108682 0.601029 0.82752 1.04069 
0.108682 0.601029 0.82752 1.04069 
0.108682 0.601029 0.82752 1.04069 
0.108682 0.601029 0.82752 1.04069 
0.108682 0.601029 0.82752 1.04069 
0.108682 0.601029 0.82752 1.04069 
0.108682 0.601029 0.82752 1.04069 
0.108682 0.601029 0.82752 1.04069 
0.108682 0.601029 0.82752 1.04069 
0.108682 0.601029 0.82752 1.04069 
0.108682 0.601029 0.82752 1.04069 
0.108682 0.601029 0.82752 1.04069 
0.108682 0.601029 0.82752 1.04069 
0.108682 0.601029 0.82752 1.04069 
0.108682 0.601029 0.82752 1.04069 
0.108682 0.601029 0.82752 1.04069 
0.108682 0.601029 0.82752 1.04069 
0.108682 0.601029 0.82752 1.04069 
0.108682 0.601029 0.82752 1.04069 
0.108682 0.601029 0.82752 1.04069 
0.108682 0.601029 0.82752 1.04069 
0.108682 0.601029 0.82752 1.04069 
0.108682 0.601029 0.82752 1.04069 
0.108682 0.601029 0.82752 1.04069 
0.108682 0.601029 0.82752 1.04069 
0.108682 0.601029 0.82752 1.04069 
0.108682 0.601029 0.82752 1.04069 
0.108682 0.601029 0.82752 0.838504 
0.108682 0.601029 0.82752 0.838504 
0.108682 0.601029 0.82752 0.838504 
0.108682 0.601029 0.82752 0.838504 
0.108682 0.601029 0.82752 0.838504 
0.108682 0.601029 0.82752 0.838504 
0.108682 0.601029 0.82752 0.838504 
0.108682 0.601029 0.82752 0.838504 
0.108682 0.601029 0.82752 0.838504 
0.108682 0.601029 0.82752 0.838504 
0.108682 0.601029 0.82752 0.838504 
0.108682 0.601029 0.82752 0.838504 
0.108682 0.601029 0.82752 0.838504 
0.108682 0.601029 0.82752 0.838504 
0.108682 0.601029 0.82752 0.838504 
0.108682 0.601029 0.82752 0.838504 
