5.66557 6.12289 6.34291 6.37889 
5.01155 5.66557 6.12289 6.34291 
3.94341 4.68018 5.01155 5.66557 
0.935991 3.94341 4.68018 5.01155 
0.935991 3.94341 4.68018 5.01155 
0.935991 3.94341 4.68018 5.01155 
0.935991 3.94341 4.68018 5.01155 
0.935991 3.94341 4.68018 5.01155 
0.935991 3.94341 4.68018 4.8867 
0.935991 3.25956 3.94341 4.68018 
0.935991 3.25956 3.94341 4.68018 
0.935991 3.25956 3.30685 3.62093 
0.935991 3.25956 3.30685 3.62093 
0.935991 3.25956 3.30685 3.62093 
0.935991 3.25956 3.30685 3.62093 
0.935991 3.00816 3.25956 3.30685 
0.935991 3.00816 3.25956 3.30685 
0.935991 3.00816 3.2215 3.25956 
0.935991 2.92418 3.00816 3.2215 
0.935991 2.92418 3.00816 3.2215 
0.935991 2.92418 3.00816 3.2215 
0.935991 2.92418 3.00816 3.2215 
0.935991 2.77748 2.92418 3.00816 
0.935991 2.77748 2.92418 3.00816 
0.935991 2.77748 2.92418 3.00816 
0.935991 2.77748 2.92418 3.00816 
0.935991 2.77748 2.92418 3.00816 
0.935991 2.77748 2.92418 3.00816 
0.425401 0.935991 1.69118 2.77748 
0.425401 0.935991 1.69118 2.69793 
0.425401 0.935991 1.69118 2.28233 
0.425401 0.935991 1.69118 2.28233 
0.425401 0.935991 1.69118 2.28233 
0.425401 0.935991 1.69118 1.7909 
0.425401 0.935991 1.69118 1.7909 
0.425401 0.935991 1.69118 1.7909 
0.425401 0.935991 1.69118 1.7909 
0.425401 0.935991 1.69118 1.7909 
0.425401 0.935991 1.69118 1.7909 
0.425401 0.935991 1.69118 1.7909 
0.425401 0.935991 1.69118 1.7909 
0.425401 0.935991 1.69118 1.7909 
0.425401 0.935991 1.69118 1.7909 
0.425401 0.935991 1.69118 1.7909 
0.425401 0.935991 1.37239 1.69118 
0.425401 0.935991 1.37239 1.69118 
0.425401 0.935991 1.37239 1.69118 
0.425401 0.935991 1.37239 1.69118 
0.425401 0.935991 1.37239 1.69118 
0.425401 0.935991 1.37239 1.69118 
0.425401 0.935991 1.37239 1.69118 
0.425401 0.935991 1.37239 1.69118 
0.425401 0.935991 1.37239 1.69118 
0.425401 0.935991 1.37239 1.69118 
0.425401 0.935991 1.37239 1.69118 
0.425401 0.935991 1.37239 1.69118 
0.425401 0.935991 1.37239 1.69118 
0.425401 0.935991 1.37239 1.69118 
0.425401 0.935991 1.37239 1.69118 
0.425401 0.935991 1.37239 1.69118 
0.425401 0.935991 1.37239 1.69118 
0.425401 0.935991 1.37239 1.69118 
0.425401 0.935991 1.37239 1.69118 
0.425401 0.935991 1.37239 1.69118 
0.425401 0.935991 1.37239 1.69118 
0.425401 0.935991 1.37239 1.69118 
0.425401 0.935991 1.37239 1.69118 
0.425401 0.935991 1.37239 1.69118 
0.425401 0.935991 1.37239 1.69118 
0.425401 0.935991 1.37239 1.69118 
0.425401 0.935991 1.37239 1.69118 
0.425401 0.935991 1.37239 1.69118 
0.425401 0.935991 1.37239 1.69118 
0.425401 0.935991 1.37239 1.69118 
0.425401 0.935991 1.37239 1.69118 
0.425401 0.935991 1.37239 1.69118 
0.425401 0.935991 1.37239 1.69118 
0.425401 0.935991 1.37239 1.69118 
0.425401 0.935991 1.37239 1.69118 
0.425401 0.935991 1.37239 1.69118 
0.425401 0.935991 1.37239 1.69118 
0.425401 0.935991 1.37239 1.69118 
0.425401 0.935991 1.16936 1.37239 
0.425401 0.935991 1.16936 1.37239 
0.425401 0.935991 1.16936 1.37239 
0.425401 0.935991 1.16936 1.37239 
0.425401 0.749742 0.935991 1.16936 
0.425401 0.749742 0.935991 1.16936 
0.425401 0.749742 0.935991 1.16936 
0.425401 0.749742 0.935991 1.16936 
0.321669 0.425401 0.749742 0.935991 
0.321669 0.425401 0.749742 0.935991 
0.321669 0.425401 0.749742 0.821368 
0.308161 0.321669 0.425401 0.749742 
0.308161 0.321669 0.425401 0.749742 
0.308161 0.321669 0.425401 0.749742 
0.308161 0.321669 0.425401 0.749742 
0.0803248 0.308161 0.321669 0.425401 
0.0803248 0.308161 0.321669 0.425401 
0.0803248 0.308161 0.321669 0.425401 
