4.54326 4.71431 6.32106 7.49151 
4.54326 4.71431 6.32106 7.49151 
4.54326 4.71431 6.32106 7.49151 
4.54326 4.71431 6.32106 7.49151 
4.54326 4.71431 6.32106 7.49151 
4.54326 4.71431 6.32106 7.49151 
4.54326 4.71431 5.94372 6.32106 
4.54326 4.71431 5.94372 6.32106 
4.54326 4.71431 5.94372 5.9669 
0.862229 4.54326 4.71431 5.94372 
0.862229 4.54326 4.71431 5.94372 
0.862229 4.54326 4.71431 5.18962 
0.862229 3.14183 4.54326 4.71431 
0.862229 3.14183 3.96445 4.54326 
0.862229 3.14183 3.96445 4.54326 
0.862229 3.14183 3.96445 4.54326 
0.862229 2.87325 3.14183 3.96445 
0.862229 2.87325 3.14183 3.25234 
0.862229 2.87325 3.14183 3.25234 
0.862229 2.87325 3.14183 3.25234 
0.862229 2.87325 3.14183 3.25234 
0.862229 2.87325 3.14183 3.25234 
0.862229 2.87325 3.14183 3.25234 
0.862229 2.87325 3.14183 3.25234 
0.862229 2.87325 3.14183 3.25234 
0.862229 2.87325 3.14183 3.25234 
0.862229 2.87325 3.14183 3.25234 
0.862229 2.87325 3.02314 3.14183 
0.862229 2.87325 3.02314 3.14183 
0.862229 2.87325 3.02314 3.14183 
0.862229 2.87325 3.02314 3.14183 
0.862229 2.87325 3.02314 3.14183 
0.862229 2.87325 3.02314 3.14183 
0.862229 2.87325 3.02314 3.14183 
0.862229 2.87325 3.02314 3.14183 
0.862229 2.87325 3.02314 3.14183 
0.862229 2.87325 3.02314 3.09366 
0.862229 2.87325 3.02314 3.09366 
0.862229 2.87325 3.02314 3.09366 
0.862229 2.87325 3.02314 3.09366 
0.862229 2.64167 2.87325 3.02314 
0.862229 2.64167 2.87325 3.02314 
0.170939 0.862229 2.37908 2.64167 
0.170939 0.862229 1.74925 2.37908 
0.170939 0.862229 1.74925 2.37908 
0.170939 0.862229 1.74925 2.24542 
0.170939 0.862229 1.74925 2.24542 
0.170939 0.862229 1.74925 2.24542 
0.170939 0.862229 1.74925 2.24542 
0.170939 0.862229 1.74925 2.24542 
0.170939 0.862229 1.74925 2.24542 
0.170939 0.862229 1.74925 2.24542 
0.170939 0.862229 1.74925 2.24542 
0.170939 0.862229 1.74925 2.24542 
0.170939 0.862229 1.74925 2.24542 
0.170939 0.862229 1.74925 2.24542 
0.170939 0.862229 1.74925 2.24542 
0.170939 0.862229 1.74925 2.24542 
0.170939 0.862229 1.74925 2.24542 
0.170939 0.862229 1.74925 2.24542 
0.170939 0.862229 1.74925 2.24542 
0.170939 0.862229 1.74925 2.24542 
0.170939 0.862229 1.74925 2.24542 
0.170939 0.862229 1.74925 2.24542 
0.170939 0.862229 1.74925 2.24542 
0.170939 0.862229 1.74925 2.24542 
0.170939 0.862229 1.74925 2.24542 
0.170939 0.862229 1.74925 2.24542 
0.170939 0.862229 1.74925 2.24542 
0.170939 0.862229 1.74925 1.85223 
0.170939 0.862229 1.74925 1.85223 
0.170939 0.862229 1.74925 1.85223 
0.170939 0.862229 1.74925 1.85223 
0.170939 0.862229 1.74925 1.85223 
0.170939 0.862229 1.74925 1.85223 
0.170939 0.862229 1.74925 1.85223 
0.170939 0.862229 1.74925 1.85223 
0.170939 0.862229 1.74925 1.85223 
0.170939 0.862229 1.74925 1.85223 
0.170939 0.862229 1.68885 1.74925 
0.170939 0.862229 1.68885 1.74925 
0.170939 0.862229 1.68885 1.74925 
0.170939 0.862229 1.68885 1.74925 
0.170939 0.862229 1.68885 1.74925 
0.170939 0.862229 1.68885 1.74925 
0.170939 0.862229 1.68885 1.74925 
0.170939 0.862229 1.68885 1.74925 
0.170939 0.862229 1.68885 1.74925 
0.170939 0.862229 1.68885 1.74925 
0.170939 0.862229 1.68885 1.74925 
0.170939 0.851966 0.862229 1.68885 
0.170939 0.851966 0.862229 1.20815 
0.170939 0.771756 0.851966 0.862229 
0.170939 0.771756 0.786344 0.851966 
0.170939 0.771756 0.786344 0.851966 
0.170939 0.771756 0.786344 0.851966 
0.170939 0.771756 0.786344 0.851966 
0.170939 0.771756 0.786344 0.851966 
0.170939 0.771756 0.786344 0.851966 
0.170939 0.685201 0.717425 0.771756 
