7.73216 8.23816 8.44238 8.62154 
5.77466 7.73216 8.16826 8.23816 
4.1561 4.77747 5.49116 5.76144 
4.1561 4.77747 5.12316 5.1306 
4.1561 4.77747 5.12316 5.1306 
3.67238 4.1561 4.77747 5.12316 
3.67238 4.1561 4.77747 5.12316 
3.67238 4.1561 4.77747 5.12316 
3.67238 4.1561 4.24516 4.77747 
0.566084 3.67238 4.1561 4.24516 
0.566084 3.67238 4.1561 4.24516 
0.566084 3.67238 4.1561 4.24516 
0.566084 3.49704 3.67238 4.1561 
0.566084 3.49704 3.67238 4.1561 
0.566084 3.49704 3.60255 3.67238 
0.566084 3.49704 3.60255 3.67238 
0.566084 3.49704 3.60255 3.67238 
0.566084 3.49704 3.60255 3.67238 
0.566084 3.49704 3.60255 3.67238 
0.566084 3.49704 3.60255 3.67238 
0.566084 3.49704 3.60255 3.67238 
0.566084 3.49704 3.60255 3.67238 
0.566084 3.49704 3.60255 3.67238 
0.566084 3.49704 3.60255 3.67238 
0.566084 3.49704 3.60255 3.67238 
0.566084 3.49704 3.60255 3.67238 
0.566084 3.49704 3.60255 3.67238 
0.566084 3.49704 3.60255 3.67238 
0.566084 3.49704 3.60255 3.67238 
0.566084 3.49704 3.60255 3.67238 
0.566084 3.49704 3.60255 3.67238 
0.566084 3.49704 3.60255 3.67238 
0.566084 3.49704 3.60255 3.67238 
0.566084 3.49704 3.60255 3.67238 
0.566084 3.49704 3.60255 3.67238 
0.566084 3.49704 3.60255 3.67238 
0.566084 3.49704 3.60255 3.67238 
0.566084 3.49704 3.60255 3.67238 
0.566084 3.49704 3.60255 3.67238 
0.566084 3.49704 3.60255 3.67238 
0.566084 3.49704 3.60255 3.67238 
0.566084 3.49704 3.60255 3.67238 
0.566084 3.49704 3.60255 3.67238 
0.566084 3.49704 3.60255 3.67238 
0.566084 3.49704 3.60255 3.67238 
0.566084 3.49704 3.60255 3.67238 
0.566084 3.49704 3.60255 3.67238 
0.566084 3.49704 3.60255 3.67238 
0.566084 3.49704 3.60255 3.67238 
0.566084 3.49704 3.60255 3.67238 
0.566084 3.49704 3.60255 3.67238 
0.566084 3.49704 3.60255 3.67238 
0.566084 3.49704 3.60255 3.67238 
0.566084 3.49704 3.60255 3.67238 
0.566084 3.49704 3.60255 3.67238 
0.566084 3.49704 3.60255 3.67238 
0.566084 3.49704 3.60255 3.67238 
0.566084 3.49704 3.60255 3.67238 
0.566084 3.49704 3.60255 3.67238 
0.566084 3.49704 3.60255 3.67238 
0.566084 3.49704 3.60255 3.67238 
0.566084 3.49704 3.60255 3.67238 
0.566084 3.49704 3.60255 3.67238 
0.566084 3.49704 3.60255 3.67238 
0.566084 3.49704 3.60255 3.67238 
0.566084 3.49704 3.60255 3.67238 
0.566084 3.49704 3.60255 3.67238 
0.566084 3.49704 3.60255 3.67238 
0.566084 3.49704 3.60255 3.67238 
0.566084 3.49704 3.60255 3.67238 
0.566084 3.49704 3.60255 3.67238 
0.566084 3.49704 3.60255 3.67238 
0.566084 3.49704 3.60255 3.67238 
0.566084 3.49704 3.60255 3.67238 
0.566084 3.49704 3.60255 3.67238 
0.566084 3.49704 3.60255 3.67238 
0.566084 3.49704 3.60255 3.67238 
0.566084 3.49704 3.60255 3.67238 
0.566084 3.49704 3.60255 3.67238 
0.566084 3.49704 3.60255 3.67238 
0.566084 3.49704 3.60255 3.67238 
0.566084 3.49704 3.60255 3.67238 
0.566084 3.49704 3.60255 3.67238 
0.566084 3.49704 3.60255 3.67238 
0.566084 3.49704 3.60255 3.67238 
0.566084 3.49704 3.60255 3.67238 
0.566084 3.49704 3.60255 3.67238 
0.566084 3.49704 3.60255 3.67238 
0.566084 3.49704 3.60255 3.67238 
0.566084 3.49704 3.60255 3.67238 
0.566084 3.49704 3.60255 3.67238 
0.566084 3.49704 3.60255 3.67238 
0.566084 3.49704 3.60255 3.67238 
0.566084 3.49704 3.60255 3.67238 
0.566084 3.49704 3.60255 3.67238 
0.566084 3.49704 3.60255 3.67238 
0.566084 3.49704 3.60255 3.67238 
0.566084 3.49704 3.60255 3.67238 
0.566084 3.49704 3.60255 3.67238 
0.566084 3.49704 3.60255 3.67238 
