3.90649 6.52747 8.02697 8.25489 
3.90649 6.52747 7.60466 7.66637 
3.90649 4.55877 5.73633 5.79067 
3.90649 4.55877 4.95136 5.53061 
3.90649 4.16331 4.39909 4.55877 
3.52088 3.90649 4.16331 4.39909 
3.52088 3.90649 4.16331 4.39909 
2.77433 3.52088 3.75373 3.90649 
2.77433 3.52088 3.75373 3.83985 
2.77433 3.52088 3.75373 3.83985 
2.77433 3.52088 3.75373 3.83985 
2.77433 3.52088 3.75373 3.83985 
2.77433 3.52088 3.75373 3.83985 
1.8011 2.77433 3.52088 3.75373 
1.8011 2.77433 3.52088 3.75373 
1.8011 2.77433 3.52088 3.75373 
1.8011 2.77433 3.4379 3.52088 
1.8011 2.77433 3.4379 3.52088 
1.8011 2.77433 3.4379 3.52088 
1.8011 2.61865 2.75569 2.77433 
1.8011 2.61865 2.75569 2.77433 
1.8011 2.61865 2.75569 2.77433 
1.8011 2.61865 2.75569 2.77433 
1.8011 2.61865 2.75569 2.77433 
0.473538 1.8011 2.61865 2.75569 
0.473538 1.8011 2.61865 2.75569 
0.473538 1.8011 2.61865 2.75569 
0.473538 1.8011 2.61865 2.66315 
0.473538 0.761446 1.8011 2.61865 
0.473538 0.761446 1.8011 2.61865 
0.473538 0.761446 1.56025 1.8011 
0.473538 0.761446 1.56025 1.8011 
0.473538 0.761446 1.56025 1.8011 
0.473538 0.761446 1.56025 1.8011 
0.473538 0.761446 1.56025 1.8011 
0.473538 0.761446 1.56025 1.7965 
0.473538 0.761446 1.56025 1.7965 
0.473538 0.761446 1.56025 1.7965 
0.473538 0.761446 1.56025 1.7965 
0.473538 0.761446 1.54634 1.56025 
0.473538 0.761446 1.05265 1.54634 
0.473538 0.754969 0.761446 1.05265 
0.293311 0.473538 0.754969 0.761446 
0.293311 0.473538 0.754969 0.761446 
0.293311 0.473538 0.754969 0.761446 
0.135277 0.293311 0.473538 0.754969 
0.135277 0.293311 0.473538 0.754969 
0.135277 0.293311 0.473538 0.754969 
0.135277 0.293311 0.35329 0.473538 
0.135277 0.293311 0.35329 0.473538 
0.135277 0.293311 0.35329 0.473538 
0.135277 0.219107 0.293311 0.35329 
0.135277 0.219107 0.293311 0.35329 
0.135277 0.219107 0.293311 0.35329 
0.135277 0.219107 0.293311 0.35329 
0.135277 0.219107 0.254937 0.293311 
0.135277 0.219107 0.254937 0.293311 
0.135277 0.219107 0.254937 0.293311 
0.135277 0.219107 0.254937 0.293311 
0.135277 0.219107 0.254937 0.293311 
0.135277 0.219107 0.254937 0.293311 
0.135277 0.219107 0.254937 0.293311 
0.135277 0.219107 0.254937 0.293311 
0.135277 0.219107 0.254937 0.293311 
0.135277 0.219107 0.254937 0.293311 
0.135277 0.219107 0.254937 0.293311 
0.135277 0.219107 0.254937 0.293311 
0.135277 0.219107 0.254937 0.293311 
0.135277 0.219107 0.254937 0.293311 
0.135277 0.219107 0.254937 0.293311 
0.135277 0.219107 0.254937 0.293311 
0.135277 0.219107 0.254937 0.293311 
0.135277 0.219107 0.254937 0.293311 
0.135277 0.219107 0.254937 0.293311 
0.135277 0.219107 0.254937 0.293311 
0.135277 0.219107 0.254937 0.293311 
0.135277 0.219107 0.254937 0.293311 
0.135277 0.219107 0.254937 0.293311 
0.135277 0.219107 0.254937 0.293311 
0.135277 0.219107 0.254937 0.293311 
0.135277 0.219107 0.254937 0.293311 
0.135277 0.219107 0.254937 0.293311 
0.135277 0.219107 0.254937 0.293311 
0.135277 0.219107 0.254937 0.293311 
0.135277 0.219107 0.254937 0.293311 
0.135277 0.219107 0.254937 0.293311 
0.135277 0.219107 0.254937 0.293311 
0.135277 0.219107 0.254937 0.293311 
0.135277 0.219107 0.254937 0.293311 
0.135277 0.219107 0.254937 0.293311 
0.135277 0.219107 0.254937 0.293311 
0.135277 0.219107 0.254937 0.293311 
0.135277 0.219107 0.254937 0.293311 
0.135277 0.219107 0.254937 0.293311 
0.135277 0.219107 0.254937 0.293311 
0.135277 0.219107 0.254937 0.293311 
0.135277 0.219107 0.254937 0.293311 
0.135277 0.219107 0.254937 0.293311 
0.135277 0.219107 0.254937 0.293311 
0.135277 0.219107 0.254937 0.293311 
