4.23591 5.33322 6.16724 6.78646 
4.23591 5.33322 6.16724 6.78646 
4.23591 5.33322 6.16724 6.78646 
4.23591 5.33322 6.16724 6.78646 
4.23591 5.33322 6.16724 6.26032 
4.23591 5.33322 6.16724 6.26032 
4.23591 5.33322 6.16724 6.26032 
4.23591 5.33322 6.16724 6.26032 
4.23591 5.33322 6.16724 6.26032 
4.23591 5.33322 6.16724 6.26032 
4.23591 5.33322 6.16724 6.26032 
4.23591 5.33322 6.16724 6.26032 
4.23591 5.33322 6.16724 6.26032 
4.23591 5.33322 6.16724 6.26032 
4.23591 5.33322 6.16724 6.26032 
4.23591 5.33322 6.16724 6.26032 
4.23591 5.33322 6.16724 6.26032 
4.23591 5.33322 6.16724 6.26032 
4.23591 5.33322 6.16724 6.26032 
4.23591 5.33322 6.16724 6.26032 
4.23591 5.33322 6.16724 6.26032 
4.23591 5.33322 6.16724 6.26032 
4.23591 5.33322 6.16724 6.26032 
4.23591 5.33322 6.16724 6.26032 
4.23591 5.33322 6.16724 6.26032 
4.23591 5.33322 6.16724 6.26032 
4.23591 5.33322 6.16724 6.26032 
4.23591 5.33322 6.16724 6.26032 
4.23591 5.33322 6.16724 6.26032 
4.23591 5.33322 6.16724 6.26032 
4.23591 5.33322 6.16724 6.26032 
4.23591 5.33322 6.16724 6.26032 
4.23591 5.33322 6.16724 6.26032 
4.23591 5.33322 6.16724 6.26032 
4.23591 5.33322 6.16724 6.26032 
4.23591 5.33322 6.16724 6.26032 
4.23591 5.33322 6.16724 6.26032 
4.23591 5.33322 6.16724 6.26032 
4.23591 5.33322 6.16724 6.26032 
4.23591 5.33322 6.16724 6.26032 
4.23591 5.33322 6.16724 6.26032 
4.23591 5.33322 6.16724 6.26032 
4.23591 5.33322 6.16724 6.26032 
4.23591 5.33322 6.16724 6.26032 
4.23591 5.33322 6.16724 6.26032 
4.23591 5.33322 6.16724 6.26032 
4.23591 5.33322 6.16724 6.26032 
4.23591 5.33322 6.16724 6.26032 
4.23591 5.33322 6.16724 6.26032 
4.23591 5.33322 6.16724 6.26032 
4.23591 5.33322 6.16724 6.26032 
4.23591 5.33322 6.16724 6.26032 
4.23591 5.33322 6.16724 6.26032 
4.23591 5.33322 6.16724 6.26032 
4.23591 5.33322 6.16724 6.26032 
4.23591 5.33322 6.16724 6.26032 
4.23591 5.33322 6.16724 6.26032 
4.23591 5.33322 6.16724 6.26032 
4.23591 5.33322 6.16724 6.26032 
4.23591 5.33322 6.16724 6.26032 
4.23591 5.33322 6.16724 6.26032 
4.23591 5.33322 6.16724 6.26032 
4.23591 5.33322 6.16724 6.26032 
4.23591 5.33322 6.16724 6.26032 
4.23591 5.33322 6.16724 6.26032 
4.23591 5.33322 6.16724 6.26032 
4.23591 5.33322 6.16724 6.26032 
4.23591 5.33322 6.16724 6.26032 
4.23591 5.33322 6.16724 6.26032 
4.23591 5.33322 6.16724 6.26032 
4.23591 5.33322 6.16724 6.26032 
4.23591 5.33322 6.16724 6.26032 
4.23591 5.33322 6.16724 6.26032 
4.23591 5.33322 6.16724 6.26032 
4.23591 5.33322 6.16724 6.26032 
4.23591 5.33322 6.16724 6.26032 
4.23591 5.33322 6.16724 6.26032 
4.23591 5.33322 6.16724 6.26032 
4.23591 5.33322 6.16724 6.26032 
4.23591 5.33322 6.16724 6.26032 
4.23591 5.33322 6.16724 6.26032 
4.23591 5.33322 6.16724 6.26032 
4.23591 5.33322 6.16724 6.26032 
4.23591 5.33322 6.16724 6.26032 
4.23591 5.33322 6.16724 6.26032 
4.23591 5.33322 6.16724 6.26032 
4.23591 5.33322 6.16724 6.26032 
4.23591 5.33322 6.16724 6.26032 
4.23591 5.33322 6.16724 6.26032 
4.23591 5.33322 6.16724 6.26032 
4.23591 5.33322 6.16724 6.26032 
4.23591 5.33322 6.16724 6.26032 
4.23591 5.33322 6.16724 6.26032 
4.23591 5.33322 6.16724 6.26032 
4.23591 5.33322 6.16724 6.26032 
4.23591 5.33322 6.16724 6.26032 
4.23591 5.33322 6.16724 6.26032 
4.23591 5.33322 6.16724 6.26032 
4.23591 5.33322 6.16724 6.26032 
4.23591 5.33322 6.16724 6.26032 
