4.88726 6.55073 7.71897 7.80927 
4.88726 6.55073 7.32596 7.71897 
4.88726 6.55073 7.32596 7.71897 
4.88726 6.55073 7.03506 7.32596 
4.88726 6.55073 7.03506 7.32596 
4.88726 6.55073 7.03506 7.32596 
4.88726 6.55073 7.03506 7.32596 
4.88726 6.55073 7.03506 7.32596 
4.88726 6.55073 7.03506 7.32596 
4.88726 6.55073 7.03506 7.32596 
4.88726 6.55073 6.71417 7.03506 
4.88726 6.55073 6.71417 7.03506 
4.88726 6.55073 6.71417 7.03506 
4.88726 6.55073 6.71417 7.03506 
4.88726 6.55073 6.71417 7.03506 
4.88726 6.55073 6.71417 7.03506 
4.88726 6.55073 6.71417 7.03506 
4.88726 6.55073 6.71417 7.03506 
4.88726 6.55073 6.71417 7.03506 
4.88726 6.55073 6.71417 7.03506 
4.88726 6.21792 6.55073 6.71417 
4.88726 6.21792 6.55073 6.71417 
4.88726 6.21792 6.55073 6.71417 
4.88726 6.21792 6.55073 6.71417 
4.88726 5.27339 6.21792 6.55073 
4.88726 5.27339 6.21792 6.55073 
4.88726 5.27339 5.48269 6.21792 
4.88726 5.27339 5.48269 6.21792 
4.88726 5.27339 5.48269 6.21792 
4.88726 5.27339 5.48269 6.21792 
4.88726 5.27339 5.48269 6.21792 
3.97628 4.09971 4.88726 5.27339 
3.97628 4.09971 4.18771 4.88726 
3.97628 4.09971 4.18771 4.88726 
3.97628 4.09971 4.18771 4.88726 
3.97628 4.09971 4.18771 4.88726 
3.97628 4.09971 4.18771 4.88726 
3.97628 4.09971 4.18771 4.88726 
3.97628 4.09971 4.18771 4.88726 
3.97628 4.09971 4.18771 4.88726 
3.97628 4.09971 4.18771 4.88726 
3.97628 4.09971 4.18771 4.88726 
3.97628 4.09971 4.18771 4.88726 
3.97628 4.09971 4.18771 4.88726 
3.97628 4.09971 4.18771 4.88726 
3.97628 4.09971 4.18771 4.88726 
3.97628 4.09971 4.18771 4.88726 
3.97628 4.09971 4.18771 4.88726 
3.97628 4.09971 4.18771 4.88726 
3.97628 4.09971 4.18771 4.88726 
3.97628 4.09971 4.18771 4.88726 
3.97628 4.09971 4.18771 4.88726 
3.97628 4.09971 4.18771 4.88726 
3.97628 4.09971 4.18771 4.88726 
3.97628 4.09971 4.18771 4.88726 
3.97628 4.09971 4.18771 4.88726 
3.97628 4.09971 4.18771 4.88726 
3.97628 4.09971 4.18771 4.88726 
3.97628 4.09971 4.18771 4.88726 
3.97628 4.09971 4.18771 4.88726 
3.97628 4.09971 4.18771 4.88726 
3.97628 4.09971 4.18771 4.88726 
3.97628 4.09971 4.18771 4.88726 
3.97628 4.09971 4.18771 4.88726 
3.97628 4.09971 4.18771 4.88726 
3.97628 4.09971 4.18771 4.88726 
3.97628 4.09971 4.18771 4.88726 
3.97628 4.09971 4.18771 4.88726 
3.97628 4.09971 4.18771 4.88726 
3.97628 4.09971 4.18771 4.88726 
3.97628 4.09971 4.18771 4.88726 
3.97628 4.09971 4.18771 4.88726 
3.97628 4.09971 4.18771 4.88726 
3.97628 4.09971 4.18771 4.88726 
3.97628 4.09971 4.18771 4.88726 
3.97628 4.09971 4.18771 4.88726 
3.97628 4.09971 4.18771 4.88726 
3.97628 4.09971 4.18771 4.88726 
3.97628 4.09971 4.18771 4.88726 
3.97628 4.09971 4.18771 4.88726 
3.97628 4.09971 4.18771 4.88726 
3.97628 4.09971 4.18771 4.88726 
3.97628 4.09971 4.18771 4.88726 
3.97628 4.09971 4.18771 4.88726 
3.97628 4.09971 4.18771 4.88726 
3.97628 4.09971 4.18771 4.88726 
3.97628 4.09971 4.18771 4.88726 
3.97628 4.09971 4.18771 4.88726 
3.97628 4.09971 4.18771 4.88726 
3.97628 4.09971 4.18771 4.88726 
3.97628 4.09971 4.18771 4.88726 
3.97628 4.09971 4.18771 4.88726 
3.97628 4.09971 4.18771 4.88726 
3.97628 4.09971 4.18771 4.88726 
3.97628 4.09971 4.18771 4.88726 
3.97628 4.09971 4.18771 4.88726 
3.97628 4.09971 4.18771 4.88726 
3.97628 4.09971 4.18771 4.88726 
3.97628 4.09971 4.18771 4.88726 
3.97628 4.09971 4.18771 4.88726 
