2.99918 3.69712 5.06541 7.56018 
2.99918 3.69712 4.03758 5.06541 
2.99918 3.69712 4.03758 5.06541 
2.99918 3.69712 4.03758 5.06541 
2.99918 3.69712 4.03758 4.8402 
2.99918 3.69712 4.03758 4.8402 
2.99918 3.69712 4.03758 4.8402 
2.99918 3.69712 4.03758 4.8402 
2.99918 3.69712 4.03758 4.8402 
2.99918 3.69712 4.03758 4.8402 
2.99918 3.69712 4.03758 4.8402 
2.99918 3.69712 4.03758 4.8402 
2.99918 3.02575 3.69712 4.03758 
2.99918 3.02575 3.69712 4.03758 
2.99918 3.02575 3.69712 4.03758 
2.99918 3.02575 3.69712 4.03758 
2.99918 3.02575 3.69712 4.03758 
2.99918 3.02575 3.69712 4.03758 
2.99918 3.02575 3.69712 4.03758 
2.99918 3.02575 3.69712 4.03758 
2.99918 3.02575 3.69712 4.03758 
2.99918 3.02575 3.69712 4.03758 
2.99918 3.02575 3.69712 4.03758 
2.99918 3.02575 3.69712 4.03758 
2.99918 3.02575 3.69712 4.03758 
2.99918 3.02575 3.69712 4.03758 
2.99918 3.02575 3.69712 4.03758 
2.99918 3.02575 3.69712 4.03758 
2.99918 3.02575 3.69712 4.03758 
2.99918 3.02575 3.69712 4.03758 
2.99918 3.02575 3.69712 4.03758 
2.99918 3.02575 3.69712 4.03758 
2.99918 3.02575 3.69712 4.03758 
2.99918 3.02575 3.69712 4.03758 
2.99918 3.02575 3.69712 4.03758 
2.99918 3.02575 3.69712 4.03758 
2.99918 3.02575 3.69373 3.69712 
2.99918 3.02575 3.25952 3.69373 
2.99918 3.02575 3.25952 3.69373 
2.99918 3.02575 3.25952 3.69373 
2.99918 3.02575 3.22456 3.25952 
2.99918 3.02575 3.22456 3.25952 
2.99918 3.02575 3.22456 3.25952 
2.99918 3.02575 3.22456 3.25952 
2.99918 3.02575 3.22456 3.25952 
2.99918 3.02575 3.22456 3.25952 
2.99918 3.02575 3.22456 3.25952 
2.99918 3.02575 3.22456 3.25952 
2.99918 3.02575 3.22456 3.25952 
2.99918 3.02575 3.22456 3.25952 
2.99918 3.02575 3.22456 3.25952 
2.99918 3.02575 3.22456 3.25952 
2.99918 3.02575 3.22456 3.25952 
2.99918 3.02575 3.22456 3.25952 
2.99918 3.02575 3.22456 3.25952 
2.99918 3.02575 3.22456 3.25952 
2.99918 3.02575 3.22456 3.25952 
2.99918 3.02575 3.22456 3.25952 
2.99918 3.02575 3.22456 3.25952 
2.99918 3.02575 3.22456 3.25952 
2.99918 3.02575 3.22456 3.25952 
2.99918 3.02575 3.22456 3.25952 
2.99918 3.02575 3.22456 3.25952 
2.99918 3.02575 3.22456 3.25952 
2.99918 3.02575 3.22456 3.25952 
2.99918 3.02575 3.22456 3.25952 
2.99918 3.02575 3.22456 3.25952 
2.99918 3.02575 3.22456 3.25952 
2.99918 3.02575 3.22456 3.25952 
2.99918 3.02575 3.22456 3.25952 
2.99918 3.02575 3.22456 3.25952 
2.99918 3.02575 3.22456 3.25952 
2.99918 3.02575 3.22456 3.25952 
2.99918 3.02575 3.22456 3.25952 
2.99918 3.02575 3.22456 3.25952 
2.99918 3.02575 3.22456 3.25952 
2.99918 3.02575 3.22456 3.25952 
2.99918 3.02575 3.22456 3.25952 
2.99918 3.02575 3.22456 3.25952 
2.99918 3.02575 3.22456 3.25952 
2.99918 3.02575 3.22456 3.25952 
2.99918 3.02575 3.22456 3.25952 
2.99918 3.02575 3.22456 3.25952 
2.99918 3.02575 3.22456 3.25952 
2.99918 3.02575 3.22456 3.25952 
2.99918 3.02575 3.22456 3.25952 
2.99918 3.02575 3.22456 3.25952 
2.99918 3.02575 3.22456 3.25952 
2.99918 3.02575 3.22456 3.25952 
2.99918 3.02575 3.22456 3.25952 
2.99918 3.02575 3.22456 3.25952 
2.99918 3.02575 3.22456 3.25952 
2.99918 3.02575 3.22456 3.25952 
2.99918 3.02575 3.22456 3.25952 
2.99918 3.02575 3.22456 3.25952 
2.99918 3.02575 3.22456 3.25952 
2.99918 3.02575 3.22456 3.25952 
2.99918 3.02575 3.22456 3.25952 
2.99918 3.02575 3.22456 3.25952 
2.99918 3.02575 3.22456 3.25952 
