5.48107 7.14297 7.14683 7.22008 
5.48107 6.44005 7.14297 7.14683 
5.48107 6.44005 7.14297 7.14683 
3.5808 5.48107 6.44005 7.14297 
3.5808 5.48107 6.44005 7.14297 
3.5808 5.48107 6.44005 7.14297 
3.5808 5.48107 6.44005 7.14297 
3.5808 5.48107 6.44005 7.14297 
3.5808 5.48107 6.44005 7.14297 
3.5808 5.35959 5.48107 6.42195 
3.5808 5.35959 5.48107 6.42195 
3.5808 5.35959 5.48107 6.42195 
3.5808 5.35959 5.48107 6.42195 
3.21085 3.5808 5.35959 5.48107 
3.21085 3.5808 4.54066 5.35959 
3.21085 3.5808 4.54066 5.35959 
3.21085 3.5808 4.54066 5.35959 
3.21085 3.5808 4.54066 5.35959 
3.21085 3.5808 4.54066 5.35959 
3.21085 3.5808 4.54066 5.35959 
3.21085 3.5808 3.60874 4.28823 
3.21085 3.5808 3.60874 4.28823 
3.21085 3.2768 3.5808 3.60874 
3.06305 3.21085 3.2768 3.5808 
3.06305 3.21085 3.2768 3.5808 
2.59563 3.06305 3.21085 3.2768 
2.59563 3.06305 3.21085 3.2768 
2.59563 3.06305 3.21085 3.2768 
2.59563 3.06305 3.21085 3.2768 
2.59563 3.06305 3.21085 3.2768 
2.59563 3.06305 3.21085 3.2768 
2.59563 3.06305 3.21085 3.2768 
2.59563 3.06305 3.21085 3.2768 
2.59563 3.06305 3.21085 3.2768 
2.59563 3.06305 3.21085 3.2768 
2.59563 3.0469 3.06305 3.21085 
2.59563 3.0469 3.06305 3.21085 
2.59563 3.0469 3.06305 3.1017 
2.59563 3.0469 3.06305 3.1017 
2.59563 3.0469 3.06305 3.1017 
2.59563 3.0469 3.06305 3.1017 
2.59563 3.0469 3.06305 3.1017 
2.59563 3.0469 3.06305 3.1017 
2.59563 3.0469 3.06305 3.1017 
2.59563 3.0469 3.06305 3.1017 
2.59563 3.0469 3.06305 3.1017 
2.59563 3.0469 3.06305 3.1017 
2.59563 3.0469 3.06305 3.1017 
2.59563 3.0469 3.06305 3.1017 
2.59563 3.0469 3.06305 3.1017 
2.59563 3.0469 3.06305 3.1017 
2.59563 3.0469 3.06305 3.1017 
2.59563 3.0469 3.06305 3.1017 
2.59563 3.0469 3.06305 3.1017 
2.59563 3.0469 3.06305 3.1017 
2.59563 3.0469 3.06305 3.1017 
2.59563 3.0469 3.06305 3.1017 
2.59563 3.0469 3.06305 3.1017 
2.59563 3.0469 3.06305 3.1017 
2.59563 3.0469 3.06305 3.1017 
2.59563 3.0469 3.06305 3.1017 
2.59563 3.0469 3.06305 3.1017 
2.59563 3.0469 3.06305 3.1017 
2.59563 3.0469 3.06305 3.1017 
2.59563 3.0469 3.06305 3.1017 
2.59563 3.0469 3.06305 3.1017 
2.59563 3.0469 3.06305 3.1017 
2.59563 3.0469 3.06305 3.1017 
2.59563 3.0469 3.05472 3.06305 
2.59563 3.0469 3.05472 3.06305 
2.59563 3.0469 3.05472 3.06305 
2.59563 3.0469 3.05472 3.06305 
2.59563 3.0469 3.05472 3.05723 
1.80558 2.59563 3.0469 3.05472 
1.80558 2.59563 3.0469 3.05472 
1.80558 2.59563 3.0469 3.05472 
1.80558 2.59563 3.0469 3.05472 
1.80558 2.59563 3.0469 3.05472 
1.67271 1.80558 2.59563 3.0469 
1.67271 1.80558 2.59563 3.0469 
1.67271 1.80558 2.59563 3.0469 
1.67271 1.80558 2.59563 3.0469 
1.33978 1.67271 1.80558 2.46916 
1.33978 1.67271 1.80558 2.10738 
1.01386 1.31537 1.33978 1.67271 
1.01386 1.31537 1.33978 1.67271 
0.835144 1.01386 1.31537 1.33978 
0.835144 1.01386 1.20605 1.31537 
0.835144 1.01386 1.20605 1.31537 
0.835144 1.01386 1.20605 1.31537 
0.835144 1.01386 1.20605 1.31537 
0.835144 1.01386 1.12865 1.20605 
0.503612 0.835144 1.01386 1.12865 
0.503612 0.835144 1.01386 1.12865 
0.325913 0.503612 0.835144 1.01386 
0.325913 0.503612 0.835144 1.01386 
0.325913 0.503612 0.652729 0.835144 
0.325913 0.503612 0.652729 0.835144 
0.282292 0.325913 0.503612 0.652729 
0.282292 0.315297 0.325913 0.503612 
