7.78449 7.94993 9.1342 9.56647 
7.78449 7.94993 8.17513 9.1342 
5.85431 7.78449 7.94993 7.9884 
5.85431 6.93494 7.63197 7.78449 
1.81248 5.85431 6.60674 6.93494 
1.81248 4.07291 5.1935 5.85431 
1.81248 4.07291 5.1935 5.85431 
1.81248 4.07291 5.1935 5.85431 
1.81248 4.07291 5.1935 5.75509 
1.81248 4.07291 5.1935 5.75509 
1.81248 4.02182 4.07291 5.1935 
1.81248 4.02182 4.07291 4.53496 
1.81248 2.54814 3.28469 3.34196 
1.81248 2.54814 3.28469 3.34196 
1.81248 2.54814 3.28469 3.34196 
1.81248 2.54814 3.28469 3.34196 
1.81248 2.54814 3.28469 3.34196 
1.81248 2.54814 3.28469 3.34196 
1.81248 2.54814 3.28469 3.34196 
1.81248 2.54814 3.28469 3.34196 
1.81248 2.54814 3.04945 3.28469 
1.81248 2.54814 3.04945 3.28469 
1.81248 1.9293 2.54814 3.04945 
1.81248 1.9293 2.54814 3.04945 
1.81248 1.9293 2.54814 3.04945 
1.81248 1.9293 2.54814 3.04945 
1.81248 1.9293 2.44646 2.54814 
1.81248 1.9293 2.44646 2.51538 
1.81248 1.9293 2.44646 2.51538 
1.81248 1.9293 2.44646 2.51538 
1.81248 1.9293 1.97215 2.44646 
1.81248 1.9293 1.97215 2.44646 
1.5616 1.81248 1.9293 1.97215 
1.5616 1.81248 1.9293 1.97215 
1.5616 1.81248 1.9293 1.97215 
1.5616 1.81248 1.9293 1.97215 
1.5616 1.81248 1.9293 1.97215 
1.5616 1.81248 1.85382 1.9293 
1.5616 1.81248 1.85382 1.9293 
1.5616 1.81248 1.85382 1.9293 
1.5616 1.81248 1.85382 1.9293 
1.5616 1.81248 1.85382 1.9293 
1.5616 1.81248 1.85382 1.9293 
0.958399 1.5616 1.81248 1.85382 
0.958399 1.5616 1.81248 1.85382 
0.489755 0.958399 1.5616 1.81248 
0.489755 0.958399 1.5616 1.81248 
0.489755 0.958399 1.5616 1.81248 
0.489755 0.958399 1.5616 1.81248 
0.489755 0.958399 1.5616 1.81248 
0.489755 0.958399 1.5616 1.81248 
0.489755 0.958399 1.5616 1.81248 
0.489755 0.958399 1.5616 1.81248 
0.489755 0.958399 1.5616 1.81248 
0.489755 0.958399 1.5616 1.81248 
0.489755 0.958399 1.5616 1.81248 
0.489755 0.958399 1.5616 1.81248 
0.489755 0.958399 1.5616 1.81248 
0.489755 0.958399 1.5616 1.81248 
0.489755 0.958399 1.5616 1.81248 
0.489755 0.958399 1.5616 1.81248 
0.489755 0.958399 1.5616 1.81248 
0.489755 0.958399 1.5616 1.81248 
0.489755 0.958399 1.5616 1.81248 
0.489755 0.958399 1.5616 1.81248 
0.489755 0.958399 1.5616 1.81248 
0.489755 0.958399 1.5616 1.81248 
0.489755 0.958399 1.5616 1.81248 
0.489755 0.958399 1.5616 1.81248 
0.489755 0.958399 1.5616 1.81248 
0.489755 0.958399 1.5616 1.81248 
0.489755 0.958399 1.5616 1.81248 
0.489755 0.958399 1.5616 1.81248 
0.489755 0.958399 1.5616 1.81248 
0.489755 0.958399 1.5616 1.81248 
0.489755 0.958399 1.5616 1.81248 
0.489755 0.958399 1.5616 1.81248 
0.489755 0.958399 1.5616 1.81248 
0.489755 0.958399 1.5616 1.81248 
0.489755 0.958399 1.5616 1.81248 
0.489755 0.958399 1.5616 1.81248 
0.489755 0.958399 1.5616 1.81248 
0.489755 0.958399 1.5616 1.81248 
0.489755 0.958399 1.5616 1.81248 
0.489755 0.958399 1.5616 1.81248 
0.489755 0.958399 1.5616 1.81248 
0.489755 0.958399 1.5616 1.81248 
0.489755 0.958399 1.5616 1.81248 
0.489755 0.958399 1.5616 1.81248 
0.489755 0.958399 1.5616 1.81248 
0.489755 0.958399 1.5616 1.81248 
0.489755 0.958399 1.5616 1.81248 
0.489755 0.958399 1.5616 1.81248 
0.489755 0.958399 1.5616 1.81248 
0.489755 0.958399 1.5616 1.81248 
0.489755 0.958399 1.5616 1.81248 
0.489755 0.958399 1.5616 1.81248 
0.489755 0.958399 1.5616 1.81248 
0.489755 0.958399 1.5616 1.81248 
0.489755 0.958399 1.5616 1.81248 
