2.07603 6.61373 7.56643 8.20258 
2.07603 4.39426 6.01928 6.61373 
2.07603 4.39426 5.89015 6.01928 
2.07603 4.39426 5.89015 6.01928 
2.07603 4.39426 4.43532 5.69552 
2.07603 3.98072 4.26051 4.39426 
2.07603 3.81434 3.98072 4.26051 
2.07603 3.77446 3.81434 3.98072 
2.07603 3.77446 3.81434 3.98072 
2.07603 3.77446 3.81434 3.98072 
0.614187 1.3043 2.07603 3.77446 
0.614187 1.3043 2.07603 3.13159 
0.614187 1.3043 2.07603 3.13159 
0.614187 1.3043 2.07603 3.13159 
0.614187 1.3043 2.07603 3.13159 
0.614187 1.3043 2.07603 3.13159 
0.614187 1.3043 2.07603 3.13159 
0.614187 1.3043 2.07603 3.13159 
0.614187 1.3043 2.07603 3.13159 
0.614187 1.3043 2.07603 3.13159 
0.614187 1.3043 2.07603 3.13159 
0.614187 1.3043 2.07603 3.13159 
0.614187 1.3043 2.07603 3.13159 
0.614187 1.3043 2.07603 3.13159 
0.614187 1.3043 2.07603 3.13159 
0.614187 1.3043 2.07603 3.13159 
0.614187 1.3043 2.07603 3.13159 
0.614187 1.3043 2.07603 3.13159 
0.614187 1.3043 2.07603 3.13159 
0.614187 1.3043 2.07603 3.13159 
0.614187 1.3043 2.07603 3.13159 
0.614187 1.3043 2.07603 3.13159 
0.614187 1.3043 2.07603 3.13159 
0.614187 1.3043 2.07603 3.13159 
0.614187 1.3043 2.07603 3.13159 
0.614187 1.3043 2.07603 3.13159 
0.614187 1.3043 2.07603 3.13159 
0.614187 1.3043 2.07603 3.13159 
0.614187 1.3043 2.07603 3.13159 
0.614187 1.3043 2.07603 3.13159 
0.614187 1.3043 2.07603 3.13159 
0.614187 1.3043 2.07603 3.13159 
0.614187 1.3043 2.07603 3.13159 
0.614187 1.3043 2.07603 3.13159 
0.614187 1.3043 2.07603 3.13159 
0.614187 1.3043 2.07603 3.13159 
0.614187 1.3043 2.07603 3.13159 
0.614187 1.3043 2.07603 3.13159 
0.614187 1.3043 2.07603 3.13159 
0.614187 1.3043 2.07603 3.13159 
0.614187 1.3043 2.07603 3.13159 
0.614187 1.3043 2.07603 3.13159 
0.614187 1.19856 1.3043 2.07603 
0.614187 1.19856 1.3043 2.07603 
0.614187 1.19856 1.3043 2.07603 
0.614187 1.19856 1.3043 2.07603 
0.614187 1.19856 1.3043 2.07603 
0.614187 1.19856 1.3043 2.07603 
0.614187 1.19856 1.3043 2.07603 
0.614187 1.19856 1.3043 2.07603 
0.614187 1.19856 1.3043 2.07603 
0.614187 1.19856 1.3043 2.07603 
0.614187 1.19856 1.3043 2.07603 
0.614187 1.19856 1.3043 2.07603 
0.614187 1.19856 1.3043 2.07603 
0.614187 1.19856 1.3043 2.07603 
0.614187 1.19856 1.3043 2.07603 
0.614187 1.19856 1.3043 2.07603 
0.614187 1.19856 1.3043 2.07603 
0.614187 1.19856 1.3043 2.07603 
0.614187 1.19856 1.3043 2.07603 
0.614187 1.19856 1.3043 2.07603 
0.614187 1.19856 1.3043 2.07603 
0.614187 1.19856 1.3043 2.07603 
0.614187 1.19856 1.3043 2.07603 
0.614187 1.19856 1.3043 2.07603 
0.614187 1.19856 1.3043 2.07603 
0.614187 1.19856 1.3043 2.07603 
0.614187 1.19856 1.3043 2.07603 
0.614187 1.19856 1.3043 2.07603 
0.614187 1.19856 1.3043 2.07603 
0.614187 1.19856 1.3043 2.07603 
0.614187 1.19856 1.3043 2.07603 
0.614187 1.19856 1.3043 2.07603 
0.614187 1.19856 1.3043 2.07603 
0.614187 1.19856 1.3043 2.07603 
0.614187 1.19856 1.3043 2.07603 
0.614187 1.19856 1.3043 2.07603 
0.614187 1.19856 1.3043 2.07603 
0.614187 1.19856 1.3043 2.07603 
0.614187 1.19856 1.3043 2.07603 
0.614187 1.19856 1.3043 2.07603 
0.614187 1.19856 1.3043 2.07603 
0.614187 1.19856 1.3043 2.07603 
0.614187 1.19856 1.3043 2.07603 
0.614187 1.19856 1.3043 2.07603 
0.614187 1.19856 1.3043 2.07603 
0.614187 1.19856 1.3043 2.07603 
0.614187 1.19856 1.3043 2.07603 
0.614187 1.19856 1.3043 2.07603 
