4.27479 5.81093 9.45836 9.72341 
4.27479 5.81093 7.45482 7.59873 
4.27479 5.81093 7.45482 7.59873 
2.7325 4.27479 4.97354 5.81093 
2.7325 3.60153 3.9387 4.27479 
2.7325 3.60153 3.9387 4.27479 
2.7325 3.60153 3.9387 4.27479 
2.7325 3.22813 3.60153 3.9387 
2.7325 3.22813 3.60153 3.65829 
2.7325 2.91849 3.19167 3.20763 
0.0903645 2.7325 2.91849 3.19167 
0.0903645 2.7325 2.91849 3.19167 
0.0903645 2.7325 2.91849 3.19167 
0.0903645 1.7893 2.7325 2.91849 
0.0903645 1.7893 2.7325 2.91849 
0.0903645 1.7893 2.7325 2.91849 
0.0903645 1.7893 2.7325 2.91849 
0.0903645 1.7893 2.7325 2.91849 
0.0903645 1.7893 2.7325 2.91849 
0.0903645 1.7893 2.7325 2.91849 
0.0903645 1.7893 2.7325 2.91849 
0.0903645 1.7893 2.7325 2.91849 
0.0903645 1.7893 2.7325 2.91849 
0.0903645 1.7893 2.7325 2.91849 
0.0903645 1.7893 2.7325 2.91849 
0.0903645 1.7893 2.7325 2.91849 
0.0903645 1.7893 2.7325 2.91849 
0.0903645 1.7893 2.7325 2.91849 
0.0903645 1.7893 2.7325 2.91849 
0.0903645 1.7893 2.7325 2.91849 
0.0903645 1.7893 2.7325 2.91849 
0.0903645 1.7893 2.7325 2.91849 
0.0903645 1.7893 2.7325 2.91849 
0.0903645 1.7893 2.7325 2.91849 
0.0903645 1.7893 2.7325 2.91849 
0.0903645 1.7893 2.7325 2.91849 
0.0903645 1.7893 2.7325 2.91849 
0.0903645 1.7893 2.7325 2.91849 
0.0903645 1.7893 2.7325 2.91849 
0.0903645 1.7893 2.7325 2.91849 
0.0903645 1.7893 2.7325 2.91849 
0.0903645 1.7893 2.7325 2.91849 
0.0903645 1.7893 2.7325 2.91849 
0.0903645 1.7893 2.7325 2.91849 
0.0903645 1.7893 2.7325 2.91849 
0.0903645 1.7893 2.7325 2.91849 
0.0903645 1.7893 2.7325 2.91849 
0.0903645 1.7893 2.7325 2.91849 
0.0903645 1.7893 2.7325 2.91849 
0.0903645 1.7893 2.7325 2.91849 
0.0903645 1.7893 2.7325 2.91849 
0.0903645 1.7893 2.7325 2.91849 
0.0903645 1.7893 2.7325 2.91849 
0.0903645 1.7893 2.7325 2.91849 
0.0903645 1.7893 2.7325 2.91849 
0.0903645 1.7893 2.7325 2.91849 
0.0903645 1.7893 2.7325 2.91849 
0.0903645 1.7893 2.7325 2.91849 
0.0903645 1.7893 2.7325 2.91849 
0.0903645 1.7893 2.7325 2.91849 
0.0903645 1.7893 2.7325 2.91849 
0.0903645 1.7893 2.7325 2.91849 
0.0903645 1.7893 2.7325 2.91849 
0.0903645 1.7893 2.7325 2.91849 
0.0903645 1.7893 2.7325 2.91849 
0.0903645 1.7893 2.7325 2.91849 
0.0903645 1.7893 2.7325 2.91849 
0.0903645 1.7893 2.7325 2.91849 
0.0903645 1.7893 2.7325 2.91849 
0.0903645 1.7893 2.7325 2.91849 
0.0903645 1.7893 2.7325 2.91849 
0.0903645 1.7893 2.7325 2.91849 
0.0903645 1.7893 2.7325 2.91849 
0.0903645 1.7893 2.7325 2.91849 
0.0903645 1.7893 2.7325 2.91849 
0.0903645 1.7893 2.7325 2.91849 
0.0903645 1.7893 2.7325 2.91849 
0.0903645 1.7893 2.7325 2.91849 
0.0903645 1.7893 2.7325 2.91849 
0.0903645 1.7893 2.7325 2.91849 
0.0903645 1.7893 2.7325 2.91849 
0.0903645 1.7893 2.7325 2.91849 
0.0903645 1.7893 2.7325 2.91849 
0.0903645 1.7893 2.7325 2.91849 
0.0903645 1.7893 2.7325 2.91849 
0.0903645 1.7893 2.7325 2.91849 
0.0903645 1.7893 2.7325 2.91849 
0.0903645 1.7893 2.7325 2.91849 
0.0903645 1.7893 2.7325 2.91849 
0.0903645 1.7893 2.7325 2.91849 
0.0903645 1.7893 2.7325 2.91849 
0.0903645 1.7893 2.7325 2.91849 
0.0903645 1.7893 2.7325 2.91849 
0.0903645 1.7893 2.7325 2.91849 
0.0903645 1.7893 2.7325 2.91849 
0.0903645 1.7893 2.7325 2.91849 
0.0903645 1.7893 2.7325 2.91849 
0.0903645 1.7893 2.7325 2.91849 
0.0903645 1.7893 2.7325 2.91849 
0.0903645 1.7893 2.7325 2.91849 
