3.32942 7.22886 8.094 8.44419 
3.32942 3.33559 7.22886 8.094 
3.32942 3.33559 3.60106 5.26557 
3.32942 3.33559 3.60106 5.26557 
3.32942 3.33559 3.60106 5.26557 
3.32942 3.33559 3.60106 5.26557 
3.32942 3.33559 3.60106 3.8584 
3.32942 3.33559 3.60106 3.8584 
3.32942 3.33559 3.60106 3.8584 
3.32942 3.33559 3.60106 3.8584 
3.32942 3.33559 3.60106 3.8584 
3.32942 3.33559 3.60106 3.78034 
3.32942 3.33559 3.60106 3.78034 
3.32942 3.33559 3.60106 3.63423 
3.32942 3.33559 3.60106 3.63423 
3.32942 3.33559 3.60106 3.63423 
3.32942 3.33559 3.60106 3.63423 
2.76035 3.24785 3.32942 3.33559 
2.76035 3.24785 3.32942 3.33559 
2.76035 3.24785 3.32942 3.33559 
2.76035 3.24785 3.32942 3.33559 
2.76035 3.24785 3.32942 3.33559 
2.76035 3.24785 3.32942 3.33559 
2.76035 3.14349 3.24785 3.32942 
2.76035 2.81941 3.14349 3.24785 
2.76035 2.81941 3.14349 3.24785 
2.76035 2.81941 2.93112 3.14349 
2.76035 2.81941 2.93112 3.14349 
2.67037 2.76035 2.81941 2.93112 
2.67037 2.76035 2.81941 2.93112 
2.67037 2.76035 2.81941 2.93112 
1.0216 2.67037 2.73276 2.76035 
1.0216 2.67037 2.73276 2.76035 
1.0216 2.67037 2.73276 2.76035 
1.0216 2.67037 2.73276 2.76035 
1.0216 2.67037 2.73276 2.76035 
1.0216 2.67037 2.73276 2.76035 
1.0216 2.67037 2.73276 2.76035 
1.0216 2.67037 2.73276 2.76035 
1.0216 2.67037 2.73276 2.76035 
1.0216 2.67037 2.73276 2.76035 
1.0216 2.67037 2.73276 2.76035 
1.0216 1.3639 2.67037 2.73276 
1.0216 1.3639 2.67037 2.73276 
1.0216 1.3639 2.09061 2.67037 
1.0216 1.3639 2.09061 2.67037 
1.0216 1.3639 2.09061 2.67037 
1.0216 1.3639 2.09061 2.67037 
1.0216 1.3639 2.09061 2.67037 
1.0216 1.3639 2.09061 2.67037 
1.0216 1.3639 2.09061 2.67037 
1.0216 1.3639 2.09061 2.67037 
1.0216 1.21906 1.3639 2.09061 
1.0216 1.21906 1.3639 2.09061 
0.283198 1.0216 1.21906 1.3639 
0.283198 1.0216 1.21906 1.3639 
0.283198 1.0216 1.21906 1.3639 
0.283198 1.0216 1.21906 1.3639 
0.283198 1.0216 1.21906 1.3639 
0.283198 1.0216 1.21906 1.3639 
0.283198 1.0216 1.21906 1.3639 
0.283198 1.0216 1.21906 1.3639 
0.283198 1.0216 1.21906 1.3639 
0.283198 1.0216 1.21906 1.3639 
0.283198 1.0216 1.21906 1.3639 
0.283198 1.0216 1.21906 1.3639 
0.283198 1.0216 1.21906 1.3639 
0.283198 1.0216 1.21906 1.3639 
0.283198 1.0216 1.21906 1.3639 
0.283198 1.0216 1.21906 1.3639 
0.283198 1.0216 1.21906 1.3639 
0.283198 1.0216 1.21906 1.3639 
0.283198 1.0216 1.21906 1.3639 
0.283198 1.0216 1.21906 1.3639 
0.283198 1.0216 1.21906 1.3639 
0.283198 1.0216 1.21906 1.3639 
0.283198 1.0216 1.21906 1.3639 
0.283198 1.0216 1.21906 1.3639 
0.283198 1.0216 1.21906 1.3639 
0.283198 1.0216 1.21906 1.3639 
0.283198 1.0216 1.21906 1.3639 
0.283198 1.0216 1.21906 1.3639 
0.283198 1.0216 1.21906 1.3639 
0.283198 1.0216 1.21906 1.3639 
0.283198 1.0216 1.21906 1.3639 
0.283198 1.0216 1.21906 1.3639 
0.283198 1.0216 1.21906 1.3639 
0.283198 1.0216 1.21906 1.3639 
0.283198 1.0216 1.21906 1.3639 
0.283198 1.0216 1.21906 1.3639 
0.283198 1.0216 1.21906 1.3639 
0.283198 1.0216 1.21906 1.3639 
0.283198 1.0216 1.21906 1.3639 
0.283198 1.0216 1.21906 1.3639 
0.283198 1.0216 1.21906 1.3639 
0.283198 1.0216 1.21906 1.3639 
0.283198 1.0216 1.21906 1.3639 
0.283198 1.0216 1.21906 1.3639 
0.283198 1.0216 1.21906 1.3639 
0.283198 1.0216 1.21906 1.3639 
