3.26462 5.59529 8.81373 9.3567 
3.26462 3.93651 5.59529 6.11991 
3.26462 3.93651 5.59529 6.11991 
0.336463 3.26462 3.93651 4.87743 
0.336463 1.37721 2.90697 3.26462 
0.336463 1.37721 1.75459 2.90697 
0.336463 1.37721 1.75459 2.90697 
0.336463 1.37721 1.75459 2.90697 
0.336463 1.37721 1.75459 2.90697 
0.336463 1.37721 1.75459 2.90697 
0.336463 1.37721 1.75459 2.90697 
0.336463 1.37721 1.75459 2.90697 
0.336463 1.37721 1.75459 2.90697 
0.336463 1.37721 1.75459 2.90697 
0.336463 1.37721 1.75459 2.90697 
0.336463 1.37721 1.75459 2.90697 
0.336463 1.37721 1.75459 2.90697 
0.336463 1.37721 1.75459 2.71255 
0.336463 1.37721 1.75459 2.71255 
0.336463 1.37721 1.75459 2.71255 
0.336463 1.37721 1.75459 2.71255 
0.336463 1.37721 1.75459 2.71255 
0.336463 1.37721 1.75459 2.71255 
0.336463 1.37721 1.75459 2.71255 
0.336463 1.37721 1.75459 2.71255 
0.336463 1.37721 1.75459 2.71255 
0.336463 1.37721 1.75459 2.71255 
0.336463 1.37721 1.75459 2.71255 
0.336463 1.37721 1.75459 2.71255 
0.336463 1.37721 1.75459 2.71255 
0.336463 1.37721 1.75459 2.71255 
0.336463 1.37721 1.75459 2.71255 
0.336463 1.37721 1.75459 2.71255 
0.336463 1.37721 1.75459 2.71255 
0.336463 1.37721 1.75459 2.71255 
0.336463 1.37721 1.75459 2.71255 
0.336463 1.37721 1.75459 2.71255 
0.336463 1.37721 1.75459 2.71255 
0.336463 0.415909 1.37721 1.75459 
0.336463 0.415909 1.37721 1.75459 
0.336463 0.415909 1.37721 1.75459 
0.336463 0.415909 1.37721 1.75459 
0.336463 0.415909 1.37721 1.75459 
0.336463 0.415909 1.37721 1.75459 
0.336463 0.415909 1.37721 1.75459 
0.336463 0.415909 1.37721 1.75459 
0.336463 0.415909 1.37721 1.75459 
0.336463 0.415909 1.37721 1.75459 
0.336463 0.415909 1.37721 1.75459 
0.336463 0.415909 1.37721 1.75459 
0.336463 0.415909 1.37721 1.75459 
0.336463 0.415909 1.37721 1.75459 
0.336463 0.415909 1.37721 1.75459 
0.336463 0.415909 1.37721 1.75459 
0.336463 0.415909 1.37721 1.75459 
0.336463 0.415909 1.37721 1.75459 
0.336463 0.415909 1.37721 1.75459 
0.336463 0.415909 1.37721 1.75459 
0.336463 0.415909 1.37721 1.75459 
0.336463 0.415909 1.37721 1.75459 
0.336463 0.415909 1.37721 1.75459 
0.336463 0.415909 1.37721 1.75459 
0.336463 0.415909 1.37721 1.75459 
0.336463 0.415909 1.37721 1.75459 
0.336463 0.415909 1.37721 1.75459 
0.336463 0.415909 1.37721 1.75459 
0.336463 0.415909 1.37721 1.75459 
0.336463 0.415909 1.37721 1.75459 
0.336463 0.415909 1.37721 1.75459 
0.336463 0.415909 1.37721 1.75459 
0.336463 0.415909 1.37721 1.75459 
0.336463 0.415909 1.37721 1.75459 
0.336463 0.415909 1.37721 1.75459 
0.336463 0.415909 1.37721 1.75459 
0.336463 0.415909 1.37721 1.75459 
0.336463 0.415909 1.37721 1.75459 
0.336463 0.415909 1.37721 1.75459 
0.336463 0.415909 1.37721 1.75459 
0.336463 0.415909 1.37721 1.75459 
0.336463 0.415909 1.37721 1.75459 
0.336463 0.415909 1.37721 1.75459 
0.336463 0.415909 1.37721 1.75459 
0.336463 0.415909 1.37721 1.75459 
0.336463 0.415909 1.37721 1.75459 
0.336463 0.415909 1.37721 1.75459 
0.336463 0.415909 1.37721 1.75459 
0.336463 0.415909 1.37721 1.75459 
0.336463 0.415909 1.37721 1.75459 
0.336463 0.415909 1.37721 1.75459 
0.336463 0.415909 1.37721 1.75459 
0.336463 0.415909 1.37721 1.75459 
0.336463 0.415909 1.37721 1.75459 
0.336463 0.415909 1.37721 1.75459 
0.336463 0.415909 1.37721 1.75459 
0.336463 0.415909 1.37721 1.75459 
0.336463 0.415909 1.37721 1.75459 
0.336463 0.415909 1.37721 1.75459 
0.336463 0.415909 1.37721 1.75459 
0.336463 0.415909 1.37721 1.75459 
0.336463 0.415909 1.37721 1.75459 
