6.48117 7.59793 8.88156 9.82992 
5.17103 6.48117 7.59793 8.21038 
5.17103 6.48117 7.59793 7.90437 
5.17103 6.48117 7.04206 7.59793 
5.17103 6.18288 6.48117 7.04206 
5.17103 5.97286 6.18288 6.48117 
5.17103 5.97286 6.18288 6.48117 
2.36551 5.17103 5.97286 6.18288 
2.36551 5.17103 5.97286 6.18288 
2.36551 5.17103 5.97286 6.18288 
2.36551 5.17103 5.55374 5.97286 
2.36551 4.99429 5.17103 5.55374 
2.36551 4.99429 5.17103 5.55374 
2.36551 4.99429 5.17103 5.55374 
2.36551 4.99429 5.17103 5.55374 
2.36551 3.22778 4.99429 5.17103 
2.36551 3.22778 4.99429 5.17103 
2.36551 3.22778 3.88344 4.99429 
2.36551 3.14509 3.22778 3.88344 
2.36551 3.14509 3.22778 3.48379 
2.36551 3.14509 3.22778 3.48379 
2.36551 3.14509 3.22778 3.48379 
2.36551 3.14509 3.22778 3.48379 
2.36551 2.9201 3.14509 3.22778 
2.36551 2.9201 3.14509 3.22778 
2.36551 2.9201 3.14509 3.22778 
2.36551 2.81347 2.9201 3.14509 
2.36551 2.81347 2.9201 3.14509 
2.36551 2.81347 2.9201 3.14509 
2.36551 2.81347 2.9201 3.14509 
2.36551 2.81347 2.9201 3.14509 
1.74959 2.36551 2.81347 2.9201 
1.74959 2.36551 2.81347 2.9201 
1.74959 2.36551 2.81347 2.9201 
1.74959 2.36551 2.81347 2.9201 
1.74959 2.36551 2.81347 2.9201 
1.74959 2.36551 2.81347 2.9201 
1.74959 2.36551 2.81347 2.9201 
1.74959 2.36551 2.81347 2.9201 
1.74959 2.36551 2.81347 2.9201 
1.74959 2.36551 2.81347 2.9201 
1.74959 2.36551 2.81347 2.9201 
1.74959 2.36551 2.81347 2.9201 
1.74959 2.36551 2.81347 2.9201 
1.74959 1.92676 2.36551 2.80691 
1.74959 1.92676 2.36551 2.80691 
1.74959 1.92676 2.36551 2.80691 
1.74959 1.92676 2.36551 2.44955 
1.74959 1.92676 2.36551 2.44955 
1.74959 1.92676 2.36551 2.44955 
1.74959 1.92676 2.36551 2.44955 
1.74959 1.92676 2.36551 2.44955 
1.74959 1.92676 2.36551 2.44955 
1.74959 1.92676 2.36551 2.44955 
1.74959 1.92676 2.36551 2.44955 
1.74959 1.92676 2.36551 2.44955 
1.74959 1.92676 2.36551 2.44955 
1.74959 1.92676 2.36551 2.44955 
1.74959 1.92676 2.36551 2.44955 
1.74959 1.92676 2.36551 2.44955 
1.74959 1.92676 2.36551 2.44955 
1.74959 1.92676 2.36551 2.44955 
1.74959 1.92676 2.36551 2.44955 
1.74959 1.92676 2.36551 2.44955 
1.74959 1.92676 2.36551 2.44955 
1.74959 1.92676 2.36551 2.44955 
1.74959 1.92676 2.36551 2.44955 
1.74959 1.92676 2.36551 2.44955 
1.74959 1.92676 2.36551 2.44955 
1.74959 1.92676 2.36551 2.44955 
1.74959 1.92676 2.36551 2.44955 
1.74959 1.92676 2.36551 2.44955 
1.74959 1.92676 2.36551 2.44955 
1.74959 1.92676 2.36551 2.44955 
1.74959 1.92676 2.36551 2.44955 
1.74959 1.92676 2.36551 2.44955 
1.74959 1.92676 2.36551 2.44955 
1.74959 1.92676 2.36551 2.44955 
1.74959 1.92676 2.36551 2.44955 
1.74959 1.92676 2.36551 2.44955 
1.74959 1.92676 2.36551 2.44955 
1.74959 1.92676 2.36551 2.44955 
1.74959 1.92676 2.36551 2.44955 
1.74959 1.92676 2.36551 2.44955 
1.74959 1.92676 1.98507 2.36551 
1.74959 1.92676 1.98507 2.36551 
1.74959 1.92676 1.98507 2.36551 
1.74959 1.92676 1.98507 2.36551 
1.74959 1.92676 1.98507 2.36551 
1.74959 1.92676 1.98507 2.36551 
1.74959 1.92676 1.98507 2.36551 
1.74959 1.92676 1.98507 2.36551 
1.74959 1.92676 1.98507 2.36551 
1.74959 1.92676 1.98507 2.36551 
1.74959 1.92676 1.98507 2.36551 
1.74959 1.92676 1.98507 2.36551 
1.74959 1.92676 1.98507 2.36551 
1.74959 1.92676 1.98507 2.36551 
1.74959 1.92676 1.98507 2.36551 
1.74959 1.92676 1.98507 2.36551 
