4.22639 6.08007 6.63162 7.44178 
3.61927 4.22639 6.08007 6.63162 
2.70488 3.61927 4.22639 5.77737 
2.70488 3.32504 3.61927 4.22639 
2.70488 3.32504 3.61927 4.22639 
2.70488 3.32504 3.61927 4.22639 
2.70488 3.32504 3.61927 4.22639 
2.70488 3.32504 3.61927 3.6384 
2.70488 3.32504 3.61927 3.6384 
2.70488 3.32504 3.61927 3.6384 
2.70488 3.32504 3.61927 3.6384 
2.70488 3.32504 3.61927 3.6384 
2.70488 3.32504 3.61927 3.6384 
2.70488 3.32504 3.61927 3.6384 
2.70488 3.32504 3.61927 3.6384 
2.70488 3.32504 3.61927 3.6384 
2.70488 3.32504 3.61927 3.6384 
2.70488 3.32504 3.61927 3.6384 
2.70488 3.32504 3.50803 3.61927 
2.70488 3.32504 3.50803 3.61927 
2.70488 3.32504 3.50803 3.61927 
2.70488 3.32504 3.50803 3.61927 
2.70488 3.32504 3.50803 3.61927 
2.70488 3.27468 3.32504 3.50803 
2.70488 3.27468 3.32504 3.50803 
2.70488 3.27468 3.32504 3.50803 
2.70488 3.27468 3.32504 3.50803 
2.70488 3.27468 3.32504 3.50803 
2.70488 3.27468 3.32504 3.50803 
1.34515 2.70488 3.27468 3.32504 
1.34515 2.70488 3.27468 3.32504 
1.34515 2.70488 3.27468 3.32504 
1.34515 2.70488 3.27468 3.32504 
1.34515 2.70488 3.27468 3.32504 
1.34515 2.70488 2.95198 3.27468 
1.34515 2.70488 2.95198 3.27468 
1.34515 2.70488 2.95198 3.27468 
1.34515 2.70488 2.95198 3.27468 
1.34515 2.70488 2.95198 3.27468 
1.34515 2.61383 2.70488 2.95198 
1.34515 2.61383 2.70488 2.95198 
1.34515 2.61383 2.70488 2.95198 
1.34515 2.61383 2.70488 2.95198 
1.34515 2.61383 2.70488 2.95198 
1.34515 2.61383 2.70488 2.95198 
1.34515 2.61383 2.70488 2.95198 
1.34515 2.61383 2.70488 2.95198 
1.34515 2.61383 2.70488 2.95198 
1.34515 2.61383 2.70488 2.95198 
1.34515 2.61383 2.70488 2.95198 
1.34515 2.61383 2.70488 2.95198 
1.34515 2.61383 2.70488 2.95198 
1.34515 2.61383 2.70488 2.95198 
1.34515 2.61383 2.70488 2.95198 
1.34515 2.61383 2.70488 2.95198 
1.34515 2.61383 2.70488 2.95198 
1.34515 2.61383 2.70488 2.95198 
1.34515 2.61383 2.70488 2.95198 
1.34515 2.61383 2.70488 2.95198 
1.34515 2.61383 2.70488 2.95198 
1.34515 2.61383 2.70488 2.95198 
1.34515 2.61383 2.70488 2.95198 
1.34515 2.61383 2.70488 2.95198 
1.34515 2.61383 2.70488 2.95198 
1.34515 2.61383 2.70488 2.95198 
1.34515 2.61383 2.70488 2.95198 
1.34515 2.61383 2.70488 2.95198 
1.34515 2.61383 2.70488 2.95198 
1.34515 2.61383 2.70488 2.95198 
1.34515 2.61383 2.70488 2.9097 
1.34515 2.61383 2.70488 2.90914 
1.34515 2.61383 2.70488 2.90914 
1.34515 2.61383 2.70488 2.90914 
1.34515 2.61383 2.70488 2.90914 
1.34515 2.61383 2.70488 2.90914 
1.34515 2.61383 2.70488 2.90914 
1.34515 2.61383 2.70488 2.90914 
1.34515 2.61383 2.70488 2.90914 
1.34515 2.61383 2.66221 2.70488 
1.34515 2.61383 2.66221 2.70488 
1.34515 2.61383 2.66221 2.70488 
1.34515 2.61383 2.66221 2.70488 
1.34515 2.61383 2.66221 2.70488 
1.34515 2.61383 2.66221 2.70488 
1.34515 2.61383 2.66221 2.70488 
1.34515 2.61383 2.66221 2.70488 
1.34515 2.35296 2.61383 2.66221 
1.34515 2.35296 2.61383 2.66221 
1.34515 1.92161 2.35296 2.61383 
1.34515 1.92161 2.35296 2.53147 
1.34515 1.90014 1.92161 2.02721 
1.34515 1.90014 1.92161 2.02721 
1.34515 1.90014 1.92161 2.02721 
1.34515 1.90014 1.92161 2.02721 
1.34515 1.60231 1.90014 1.92161 
1.34515 1.34669 1.60231 1.70648 
1.34515 1.34669 1.52332 1.60231 
1.34515 1.34669 1.52332 1.60231 
1.34515 1.34669 1.52332 1.60231 
1.34515 1.34669 1.52332 1.60231 
