4.06124 6.64683 7.65642 8.53619 
4.06124 6.64683 6.96116 7.65642 
4.06124 6.30104 6.64683 6.96116 
4.06124 6.30104 6.64683 6.96116 
4.06124 6.30104 6.64683 6.96116 
3.92043 4.06124 5.9843 6.30104 
3.92043 4.06124 5.9843 6.30104 
3.92043 4.06124 5.9843 6.30104 
3.92043 4.06124 5.9843 6.30104 
3.92043 4.06124 5.9843 6.30104 
3.92043 4.06124 5.9843 6.30104 
3.92043 4.06124 5.9843 6.30104 
3.92043 4.06124 5.9843 6.30104 
3.92043 4.06124 5.9843 6.30104 
3.92043 4.06124 5.9843 6.30104 
3.92043 4.06124 5.9843 6.30104 
3.92043 4.06124 5.9843 6.24574 
3.92043 4.06124 5.9843 6.24574 
3.92043 4.06124 5.9843 6.24574 
3.92043 4.06124 5.9843 6.24574 
3.92043 4.06124 5.9843 6.24574 
3.92043 4.06124 5.9843 6.24574 
3.92043 4.06124 5.9843 6.24574 
3.92043 4.06124 5.9843 6.24574 
3.92043 4.06124 5.9843 6.24574 
3.92043 4.06124 4.19344 5.9843 
3.92043 4.06124 4.19344 5.9843 
3.92043 4.06124 4.19344 5.9843 
3.92043 4.06124 4.19344 5.9843 
3.92043 4.06124 4.19344 4.47302 
3.92043 4.06124 4.19344 4.47302 
3.92043 4.06124 4.19344 4.47302 
3.92043 4.06124 4.19344 4.47302 
3.92043 4.06124 4.19344 4.47302 
3.92043 4.06124 4.19344 4.47302 
3.92043 4.06124 4.19344 4.47302 
3.92043 4.06124 4.19344 4.47302 
3.92043 4.06124 4.19344 4.47302 
3.92043 4.06124 4.19344 4.47302 
3.92043 4.06124 4.19344 4.47302 
3.92043 4.06124 4.19344 4.47302 
3.92043 4.06124 4.19344 4.47302 
3.92043 4.06124 4.19344 4.47302 
3.92043 4.06124 4.19344 4.47302 
3.92043 4.06124 4.19344 4.47302 
3.92043 4.06124 4.19344 4.47302 
3.92043 4.06124 4.19344 4.47302 
3.92043 4.06124 4.19344 4.47302 
3.92043 4.06124 4.19344 4.47302 
3.92043 4.06124 4.19344 4.47302 
3.92043 4.06124 4.19344 4.47302 
3.92043 4.06124 4.19344 4.47302 
3.92043 4.06124 4.19344 4.47302 
3.92043 4.06124 4.19344 4.47302 
3.92043 4.06124 4.19344 4.47302 
3.92043 4.06124 4.19344 4.47302 
3.92043 4.06124 4.19344 4.47302 
3.92043 4.06124 4.19344 4.47302 
3.92043 4.06124 4.19344 4.47302 
3.92043 4.06124 4.19344 4.47302 
3.92043 4.06124 4.19344 4.47302 
3.92043 4.06124 4.19344 4.47302 
3.92043 4.06124 4.19344 4.47302 
3.92043 4.06124 4.19344 4.47302 
3.92043 4.06124 4.19344 4.47302 
3.92043 4.06124 4.19344 4.47302 
3.92043 4.06124 4.19344 4.47302 
3.92043 4.06124 4.19344 4.47302 
3.92043 4.06124 4.19344 4.47302 
3.92043 4.06124 4.19344 4.47302 
3.92043 4.06124 4.19344 4.47302 
3.92043 4.06124 4.19344 4.47302 
3.92043 4.06124 4.19344 4.47302 
3.92043 4.06124 4.19344 4.47302 
3.92043 4.06124 4.19344 4.47302 
3.92043 4.06124 4.19344 4.47302 
3.92043 4.06124 4.19344 4.47302 
3.92043 4.06124 4.19344 4.47302 
3.92043 4.06124 4.19344 4.47302 
3.92043 4.06124 4.19344 4.47302 
3.92043 4.06124 4.19344 4.47302 
3.92043 4.06124 4.19344 4.47302 
3.92043 4.06124 4.19344 4.47302 
3.92043 4.06124 4.19344 4.47302 
3.92043 4.06124 4.19344 4.47302 
3.92043 4.06124 4.19344 4.47302 
3.92043 4.06124 4.19344 4.47302 
3.92043 4.06124 4.19344 4.47302 
3.92043 4.06124 4.19344 4.47302 
3.92043 4.06124 4.19344 4.47302 
3.92043 4.06124 4.19344 4.47302 
3.92043 4.06124 4.19344 4.47302 
3.92043 4.06124 4.19344 4.47302 
3.92043 4.06124 4.19344 4.47302 
3.92043 4.06124 4.19344 4.47302 
3.92043 4.06124 4.19344 4.47302 
3.92043 4.06124 4.19344 4.47302 
3.92043 4.06124 4.19344 4.47302 
3.92043 4.06124 4.19344 4.47302 
3.92043 4.06124 4.19344 4.47302 
