3.43334 4.04916 4.58611 7.20427 
3.43334 4.04916 4.58611 4.86046 
3.43334 4.04916 4.58611 4.86046 
3.43334 3.94028 4.04916 4.58611 
2.95414 3.43334 3.94028 4.04916 
2.90026 2.95414 3.43334 3.94028 
2.90026 2.95414 3.00366 3.43334 
2.90026 2.95414 3.00366 3.43334 
2.90026 2.95414 3.00366 3.43334 
2.90026 2.95414 3.00366 3.43334 
2.90026 2.95414 3.00366 3.43334 
2.90026 2.95414 3.00366 3.43334 
2.90026 2.95414 3.00366 3.43334 
2.90026 2.95414 3.00366 3.43334 
2.90026 2.95414 3.00366 3.43334 
1.90753 2.90026 2.95414 3.00366 
1.90753 2.90026 2.95414 3.00366 
1.90753 2.90026 2.95414 3.00366 
1.90753 2.90026 2.95414 3.00366 
1.90753 2.90026 2.95414 3.00366 
1.90753 2.90026 2.95414 3.00366 
1.90753 2.90026 2.95414 3.00366 
1.90753 2.90026 2.95414 3.00366 
1.90753 2.90026 2.95414 3.00366 
1.90753 2.90026 2.95414 3.00366 
1.90753 2.90026 2.95414 3.00366 
1.90753 2.90026 2.95414 3.00366 
1.90753 2.90026 2.95414 3.00366 
1.90753 2.90026 2.95414 3.00366 
1.90753 2.90026 2.95414 3.00366 
1.90753 2.90026 2.95414 3.00366 
1.90753 2.90026 2.95414 3.00366 
1.90753 2.90026 2.95414 3.00366 
1.90753 2.90026 2.95414 3.00366 
1.90753 2.90026 2.95414 3.00366 
1.90753 2.90026 2.95414 3.00366 
1.90753 2.90026 2.95414 3.00366 
1.90753 2.90026 2.95414 3.00366 
1.90753 2.90026 2.95414 3.00366 
1.90753 2.90026 2.95414 3.00366 
1.90753 2.90026 2.95414 3.00366 
1.90753 2.90026 2.95414 3.00366 
1.90753 2.90026 2.95414 3.00366 
1.90753 2.76032 2.90026 2.95414 
1.90753 2.76032 2.90026 2.95414 
1.90753 2.76032 2.90026 2.95414 
1.90753 2.76032 2.90026 2.95414 
1.90753 2.76032 2.90026 2.95414 
1.90753 2.76032 2.90026 2.95414 
1.90753 2.76032 2.90026 2.95414 
1.90753 2.76032 2.90026 2.95414 
1.90753 2.76032 2.90026 2.95414 
1.90753 2.76032 2.90026 2.95414 
1.90753 2.76032 2.90026 2.95414 
1.90753 2.76032 2.90026 2.95414 
1.90753 2.76032 2.90026 2.95414 
1.90753 2.76032 2.90026 2.95414 
1.90753 2.76032 2.90026 2.95414 
1.90753 2.76032 2.90026 2.95414 
1.90753 2.76032 2.90026 2.95414 
1.90753 2.76032 2.90026 2.95414 
1.90753 2.76032 2.90026 2.95414 
1.90753 2.76032 2.90026 2.95414 
1.90753 2.76032 2.90026 2.95414 
1.90753 2.76032 2.90026 2.95414 
1.90753 2.76032 2.90026 2.95414 
1.90753 2.76032 2.90026 2.95414 
1.90753 2.76032 2.90026 2.95414 
1.90753 2.76032 2.90026 2.95414 
1.90753 2.76032 2.90026 2.95414 
1.90753 2.76032 2.90026 2.95414 
1.90753 2.76032 2.90026 2.95414 
1.90753 2.76032 2.90026 2.95414 
1.90753 2.76032 2.90026 2.95414 
1.90753 2.76032 2.90026 2.95414 
1.90753 2.76032 2.90026 2.95414 
1.90753 2.76032 2.90026 2.95414 
1.90753 2.76032 2.90026 2.95414 
1.90753 2.76032 2.90026 2.95414 
1.90753 2.76032 2.90026 2.95414 
1.90753 2.76032 2.90026 2.95414 
1.90753 2.76032 2.90026 2.95414 
1.90753 2.76032 2.90026 2.95414 
1.90753 2.76032 2.90026 2.95414 
1.90753 2.76032 2.90026 2.95414 
1.90753 2.76032 2.90026 2.95414 
1.90753 2.76032 2.90026 2.95414 
1.90753 2.76032 2.90026 2.95414 
1.90753 2.76032 2.90026 2.95414 
1.90753 2.76032 2.90026 2.95414 
1.90753 2.76032 2.90026 2.95414 
1.90753 2.76032 2.90026 2.95414 
1.90753 2.76032 2.90026 2.95414 
1.90753 2.76032 2.90026 2.95414 
1.90753 2.76032 2.90026 2.95414 
1.90753 2.76032 2.90026 2.95414 
1.90753 2.76032 2.90026 2.95414 
1.90753 2.76032 2.90026 2.95414 
1.90753 2.76032 2.90026 2.95414 
1.90753 2.76032 2.90026 2.95414 
