4.42078 5.72024 6.328 7.97677 
3.80984 4.42078 5.72024 6.27054 
3.80984 4.42078 5.72024 6.27054 
3.80984 4.42078 5.72024 6.27054 
3.80984 4.42078 5.72024 6.27054 
3.80984 4.42078 5.5458 5.72024 
3.80984 4.42078 5.5458 5.72024 
3.80984 4.30912 4.42078 5.5458 
3.80984 4.30912 4.42078 5.5458 
3.80984 4.30912 4.42078 5.5458 
3.80984 4.30912 4.42078 4.56526 
3.80984 4.30912 4.42078 4.56526 
3.80984 4.30912 4.42078 4.56526 
3.39016 3.80984 3.94023 4.30912 
3.39016 3.60025 3.80984 3.94023 
2.84423 3.39016 3.60025 3.80984 
2.84423 3.39016 3.60025 3.80984 
2.84423 3.39016 3.60025 3.80984 
2.84423 3.39016 3.60025 3.80984 
2.84423 3.39016 3.60025 3.80984 
2.84423 3.39016 3.60025 3.80984 
2.84423 3.39016 3.60025 3.80984 
2.84423 3.39016 3.60025 3.80984 
2.84423 2.94352 3.39016 3.60025 
2.84423 2.94352 3.39016 3.60025 
2.84423 2.94352 3.39016 3.60025 
2.84423 2.94352 3.39016 3.60025 
2.84423 2.94352 3.39016 3.60025 
2.84423 2.89807 2.94352 3.39016 
2.84423 2.89807 2.94352 3.38376 
2.84423 2.89807 2.94352 3.16758 
2.84423 2.89807 2.94352 3.16758 
2.84423 2.89807 2.94352 3.16758 
1.17942 2.84423 2.89807 2.94352 
1.17942 2.58282 2.66043 2.84423 
1.17942 2.26916 2.58282 2.66043 
1.17942 2.26916 2.58282 2.66043 
1.17942 1.78172 2.26916 2.58282 
1.17942 1.78172 2.26916 2.58282 
1.17942 1.78172 2.26916 2.55915 
1.17942 1.78172 1.9161 2.26916 
0.621408 1.17942 1.78172 1.9161 
0.124317 0.621408 1.17942 1.78172 
0.124317 0.621408 1.17942 1.48155 
0.124317 0.607803 0.621408 1.04914 
0.124317 0.607803 0.621408 1.04914 
0.124317 0.607803 0.621408 1.04914 
0.124317 0.405302 0.607803 0.621408 
0.124317 0.405302 0.607803 0.621408 
0.124317 0.405302 0.607803 0.621408 
0.124317 0.405302 0.607803 0.621408 
0.124317 0.405302 0.607803 0.621408 
0.124317 0.405302 0.607803 0.621408 
0.124317 0.405302 0.607803 0.621408 
0.124317 0.405302 0.607803 0.621408 
0.124317 0.405302 0.607803 0.621408 
0.124317 0.405302 0.607803 0.621408 
0.124317 0.405302 0.607803 0.621408 
0.124317 0.405302 0.607803 0.621408 
0.124317 0.405302 0.607803 0.621408 
0.124317 0.405302 0.607803 0.621408 
0.124317 0.405302 0.607803 0.621408 
0.124317 0.405302 0.607803 0.621408 
0.124317 0.405302 0.607803 0.621408 
0.124317 0.405302 0.607803 0.621408 
0.124317 0.405302 0.607803 0.621408 
0.124317 0.405302 0.607803 0.621408 
0.124317 0.405302 0.607803 0.621408 
0.124317 0.405302 0.607803 0.621408 
0.124317 0.405302 0.607803 0.621408 
0.124317 0.405302 0.607803 0.621408 
0.124317 0.405302 0.607803 0.621408 
0.124317 0.405302 0.607803 0.621408 
0.124317 0.405302 0.607803 0.621408 
0.124317 0.405302 0.607803 0.621408 
0.124317 0.405302 0.607803 0.621408 
0.124317 0.405302 0.607803 0.621408 
0.124317 0.405302 0.607803 0.621408 
0.124317 0.405302 0.607803 0.621408 
0.124317 0.405302 0.607803 0.621408 
0.124317 0.405302 0.607803 0.621408 
0.124317 0.405302 0.607803 0.621408 
0.124317 0.405302 0.607803 0.621408 
0.124317 0.405302 0.607803 0.621408 
0.124317 0.405302 0.607803 0.621408 
0.124317 0.405302 0.607803 0.621408 
0.124317 0.405302 0.607803 0.621408 
0.124317 0.405302 0.607803 0.621408 
0.124317 0.405302 0.607803 0.621408 
0.124317 0.405302 0.607803 0.621408 
0.124317 0.405302 0.607803 0.621408 
0.124317 0.405302 0.607803 0.621408 
0.124317 0.405302 0.607803 0.621408 
0.124317 0.405302 0.607803 0.621408 
0.124317 0.405302 0.607803 0.621408 
0.124317 0.405302 0.607803 0.621408 
0.124317 0.405302 0.607803 0.621408 
0.124317 0.405302 0.607803 0.621408 
0.124317 0.405302 0.607803 0.621408 
0.124317 0.405302 0.607803 0.621408 
