6.83762 7.04483 9.29247 9.87411 
5.4218 6.83762 7.04483 9.29247 
5.4218 6.83762 7.04483 8.72233 
5.4218 6.83762 7.04483 7.06799 
5.4218 6.79197 6.83762 7.04483 
5.4218 6.79197 6.83762 7.04483 
5.4218 6.35113 6.79197 6.83762 
5.4218 6.35113 6.79197 6.83762 
5.4218 6.35113 6.79197 6.83762 
5.4218 6.35113 6.79197 6.83762 
5.4218 6.35113 6.79197 6.83762 
5.4218 6.35113 6.79197 6.83762 
5.4218 6.35113 6.79197 6.83762 
5.4218 6.35113 6.79197 6.83762 
5.4218 6.35113 6.79197 6.83762 
5.4218 6.35113 6.79197 6.83762 
5.4218 6.35113 6.79197 6.83762 
5.4218 6.35113 6.79197 6.83762 
5.4218 6.35113 6.79197 6.83762 
5.4218 6.35113 6.79197 6.83762 
5.4218 6.35113 6.79197 6.83762 
5.4218 6.35113 6.79197 6.83762 
5.4218 6.35113 6.79197 6.83762 
5.4218 6.35113 6.79197 6.83762 
5.4218 6.35113 6.79197 6.83762 
5.4218 6.35113 6.79197 6.83762 
5.4218 6.35113 6.79197 6.83762 
5.4218 6.35113 6.79197 6.83762 
5.4218 6.35113 6.79197 6.83762 
5.4218 6.35113 6.79197 6.83762 
5.4218 6.35113 6.79197 6.83762 
5.4218 6.35113 6.79197 6.83762 
5.4218 6.35113 6.79197 6.83762 
5.4218 6.35113 6.79197 6.83762 
5.4218 6.35113 6.79197 6.83762 
5.4218 6.35113 6.79197 6.83762 
5.4218 6.35113 6.79197 6.83762 
5.4218 6.35113 6.79197 6.83762 
5.4218 6.35113 6.79197 6.83762 
5.4218 6.35113 6.79197 6.83762 
5.4218 6.35113 6.79197 6.83762 
5.4218 6.35113 6.79197 6.83762 
5.4218 6.35113 6.79197 6.83762 
5.4218 6.35113 6.79197 6.83762 
5.4218 6.35113 6.79197 6.83762 
5.4218 6.35113 6.79197 6.83762 
5.4218 6.35113 6.79197 6.83762 
5.4218 6.35113 6.79197 6.83762 
5.4218 6.35113 6.79197 6.83762 
5.4218 6.35113 6.79197 6.83762 
5.4218 6.35113 6.79197 6.83762 
5.4218 6.35113 6.79197 6.83762 
5.4218 6.35113 6.79197 6.83762 
5.4218 6.35113 6.79197 6.83762 
5.4218 6.35113 6.79197 6.83762 
5.4218 6.35113 6.79197 6.83762 
5.4218 6.35113 6.79197 6.83762 
5.4218 6.35113 6.79197 6.83762 
5.4218 6.35113 6.79197 6.83762 
5.4218 6.35113 6.79197 6.83762 
5.4218 6.35113 6.79197 6.83762 
5.4218 6.35113 6.79197 6.83762 
5.4218 6.35113 6.79197 6.83762 
5.4218 6.35113 6.79197 6.83762 
5.4218 6.35113 6.79197 6.83762 
5.4218 6.35113 6.79197 6.83762 
5.4218 6.35113 6.79197 6.83762 
5.4218 6.35113 6.79197 6.83762 
5.4218 6.35113 6.79197 6.83762 
5.4218 6.35113 6.79197 6.83762 
5.4218 6.35113 6.79197 6.83762 
5.4218 6.35113 6.79197 6.83762 
5.4218 6.35113 6.79197 6.83762 
5.4218 6.35113 6.79197 6.83762 
5.4218 6.35113 6.79197 6.83762 
5.4218 6.35113 6.79197 6.83762 
5.4218 6.35113 6.79197 6.83762 
5.4218 6.35113 6.79197 6.83762 
5.4218 6.35113 6.79197 6.83762 
5.4218 6.35113 6.79197 6.83762 
5.4218 6.35113 6.79197 6.83762 
5.4218 6.35113 6.79197 6.83762 
5.4218 6.35113 6.79197 6.83762 
5.4218 6.35113 6.79197 6.83762 
5.4218 6.35113 6.79197 6.83762 
5.4218 6.35113 6.79197 6.83762 
5.4218 6.35113 6.79197 6.83762 
5.4218 6.35113 6.79197 6.83762 
5.4218 6.35113 6.79197 6.83762 
5.4218 6.35113 6.79197 6.83762 
5.4218 6.35113 6.79197 6.83762 
5.4218 6.35113 6.79197 6.83762 
5.4218 6.35113 6.79197 6.83762 
5.4218 6.35113 6.79197 6.83762 
5.4218 6.35113 6.79197 6.83762 
5.4218 6.35113 6.79197 6.83762 
5.4218 6.35113 6.79197 6.83762 
5.4218 6.35113 6.79197 6.83762 
5.4218 6.35113 6.79197 6.83762 
5.4218 6.35113 6.79197 6.83762 
