5.53792 5.71008 5.98966 6.60562 
5.53792 5.71008 5.98966 6.32471 
4.1416 5.53792 5.71008 5.98966 
3.53283 4.1416 4.28373 5.53792 
3.53283 4.1416 4.28373 5.53792 
3.53283 3.6105 4.1416 4.28373 
3.53283 3.6105 4.1416 4.28373 
3.53283 3.6105 4.1416 4.28373 
3.53283 3.6105 4.1416 4.27866 
3.34176 3.53283 3.6105 4.1416 
3.34176 3.53283 3.6105 3.84825 
3.34176 3.53283 3.6105 3.84825 
3.13429 3.34176 3.53283 3.6105 
3.13429 3.34176 3.53283 3.6105 
3.13429 3.34176 3.53283 3.6105 
3.13429 3.34176 3.53283 3.6105 
3.13429 3.34176 3.53283 3.6105 
3.13429 3.15216 3.34176 3.53283 
3.13429 3.15216 3.34176 3.53283 
2.08551 3.13429 3.15216 3.34176 
2.08551 3.13429 3.15216 3.34176 
2.08551 2.86516 3.13429 3.15216 
2.08551 2.86516 3.13429 3.15216 
2.08551 2.86516 3.13429 3.15216 
2.08551 2.86516 3.13429 3.15216 
2.08551 2.86516 3.13429 3.15216 
2.08551 2.33429 2.86516 3.13429 
2.08551 2.33429 2.86516 3.13429 
2.08551 2.33429 2.86516 3.13429 
2.08551 2.33429 2.7892 2.86516 
2.08551 2.33429 2.7892 2.86516 
2.08551 2.33429 2.7892 2.86516 
2.08551 2.33429 2.7892 2.86516 
2.08551 2.33429 2.7892 2.86516 
2.08551 2.33429 2.7892 2.86516 
2.08551 2.33429 2.7892 2.86516 
2.08551 2.33429 2.7892 2.86516 
2.08551 2.33429 2.7892 2.86516 
2.08551 2.33429 2.65423 2.7892 
2.08551 2.33429 2.65423 2.7892 
1.8743 2.08551 2.33429 2.65423 
1.8743 2.08551 2.33429 2.65423 
1.8743 2.08551 2.33429 2.65423 
1.8743 2.08551 2.33429 2.38249 
1.8743 2.08551 2.33429 2.38249 
1.8743 2.08551 2.33429 2.38249 
1.8743 2.08551 2.33429 2.38249 
1.18671 1.8743 2.08551 2.33429 
1.18671 1.8743 2.08551 2.33429 
1.18671 1.8743 2.08551 2.30982 
1.18671 1.8743 2.08551 2.30982 
1.18671 1.8743 2.08551 2.30982 
1.18671 1.80508 1.8743 2.08551 
1.18671 1.21349 1.80508 1.8743 
1.18671 1.21349 1.80508 1.8743 
1.18671 1.21349 1.80508 1.8743 
1.18671 1.21349 1.80508 1.8743 
1.18671 1.21349 1.80508 1.8743 
1.18671 1.21349 1.80508 1.8743 
1.18671 1.21349 1.80508 1.8743 
1.18671 1.21349 1.80508 1.8743 
1.18671 1.21349 1.80508 1.8743 
1.18671 1.21349 1.80508 1.8743 
1.18671 1.21349 1.80508 1.8743 
1.18671 1.21349 1.80508 1.8743 
1.18671 1.21349 1.80508 1.8743 
1.18671 1.21349 1.80508 1.8743 
1.18671 1.21349 1.80508 1.8743 
1.18671 1.21349 1.80508 1.8743 
1.18671 1.21349 1.80508 1.8743 
1.18671 1.21349 1.80508 1.8743 
1.18671 1.21349 1.80508 1.8743 
1.18671 1.21349 1.80508 1.8743 
1.18671 1.21349 1.80508 1.8743 
1.18671 1.21349 1.80508 1.8743 
1.18671 1.21349 1.80508 1.8743 
1.18671 1.21349 1.80508 1.8743 
1.18671 1.21349 1.80508 1.8743 
1.18671 1.21349 1.80508 1.8743 
1.18671 1.21349 1.80508 1.8743 
1.18671 1.21349 1.80508 1.8743 
1.18671 1.21349 1.80508 1.8743 
1.18671 1.21349 1.80508 1.8743 
1.18671 1.21349 1.80508 1.8743 
1.18671 1.21349 1.80508 1.8743 
1.18671 1.21349 1.80508 1.8743 
1.18671 1.21349 1.80508 1.8743 
1.18671 1.21349 1.80508 1.8743 
1.18671 1.21349 1.80508 1.8743 
1.18671 1.21349 1.80508 1.8743 
1.18671 1.21349 1.80508 1.8743 
1.18671 1.21349 1.80508 1.8743 
1.18671 1.21349 1.80508 1.8743 
1.18671 1.21349 1.80508 1.8743 
1.18671 1.21349 1.80508 1.8743 
1.18671 1.21349 1.80508 1.8743 
1.18671 1.21349 1.80508 1.8743 
1.18671 1.21349 1.80508 1.8743 
1.18671 1.21349 1.80508 1.8743 
1.18671 1.21349 1.80508 1.8743 
