5.27576 9.10964 9.40777 11.347 
5.27576 8.9959 9.10796 9.10964 
4.10049 5.27576 5.49331 6.55869 
4.10049 4.14244 5.27576 5.49177 
4.10049 4.14244 5.27576 5.49177 
4.10049 4.14244 4.64794 5.27576 
4.10049 4.14244 4.64794 5.27576 
4.10049 4.14244 4.64794 5.27576 
4.10049 4.14244 4.64794 5.27576 
4.10049 4.14244 4.64794 5.27576 
4.10049 4.14244 4.64794 5.27576 
4.10049 4.14244 4.64794 5.27576 
4.10049 4.14244 4.64794 5.27576 
4.10049 4.14244 4.64794 5.27576 
4.10049 4.14244 4.64794 5.27576 
4.10049 4.14244 4.64794 5.27576 
4.10049 4.14244 4.64794 5.27576 
4.10049 4.14244 4.64794 5.27576 
4.10049 4.14244 4.64794 5.27576 
4.10049 4.14244 4.64794 5.27576 
4.10049 4.14244 4.64794 5.27576 
4.10049 4.14244 4.64794 5.27576 
4.10049 4.14244 4.64794 5.27576 
4.10049 4.14244 4.64794 5.27576 
4.10049 4.14244 4.64794 5.27576 
4.10049 4.14244 4.64794 5.27576 
4.10049 4.14244 4.64794 5.27576 
4.10049 4.14244 4.64794 5.27576 
4.10049 4.14244 4.64794 5.27576 
4.10049 4.14244 4.64794 5.27576 
4.10049 4.14244 4.64794 5.27576 
4.10049 4.14244 4.64794 5.27576 
4.10049 4.14244 4.64794 5.27576 
4.10049 4.14244 4.64794 5.27576 
4.10049 4.14244 4.64794 5.27576 
4.10049 4.14244 4.64794 5.27576 
4.10049 4.14244 4.64794 5.27576 
4.10049 4.14244 4.64794 5.27576 
4.10049 4.14244 4.64794 5.27576 
4.10049 4.14244 4.64794 5.27576 
4.10049 4.14244 4.64794 5.27576 
4.10049 4.14244 4.64794 5.27576 
4.10049 4.14244 4.64794 5.27576 
4.10049 4.14244 4.64794 5.27576 
4.10049 4.14244 4.64794 5.27576 
4.10049 4.14244 4.64794 5.27576 
4.10049 4.14244 4.64794 5.27576 
4.10049 4.14244 4.64794 5.27576 
4.10049 4.14244 4.64794 5.27576 
4.10049 4.14244 4.64794 5.27576 
4.10049 4.14244 4.64794 5.27576 
4.10049 4.14244 4.64794 5.27576 
4.10049 4.14244 4.64794 5.27576 
4.10049 4.14244 4.64794 5.27576 
4.10049 4.14244 4.64794 5.27576 
4.10049 4.14244 4.64794 5.27576 
4.10049 4.14244 4.64794 5.27576 
4.10049 4.14244 4.64794 5.27576 
4.10049 4.14244 4.64794 5.27576 
4.10049 4.14244 4.64794 5.27576 
4.10049 4.14244 4.64794 5.27576 
4.10049 4.14244 4.64794 5.27576 
4.10049 4.14244 4.64794 5.27576 
4.10049 4.14244 4.64794 5.27576 
4.10049 4.14244 4.64794 5.27576 
4.10049 4.14244 4.64794 5.27576 
4.10049 4.14244 4.64794 5.27576 
4.10049 4.14244 4.64794 5.27576 
4.10049 4.14244 4.64794 5.27576 
4.10049 4.14244 4.64794 5.27576 
4.10049 4.14244 4.64794 5.27576 
4.10049 4.14244 4.64794 5.27576 
4.10049 4.14244 4.64794 5.27576 
4.10049 4.14244 4.64794 5.27576 
4.10049 4.14244 4.64794 5.27576 
4.10049 4.14244 4.64794 5.27576 
4.10049 4.14244 4.64794 5.27576 
4.10049 4.14244 4.64794 5.27576 
4.10049 4.14244 4.64794 5.27576 
4.10049 4.14244 4.64794 5.27576 
4.10049 4.14244 4.64794 5.27576 
4.10049 4.14244 4.64794 5.27576 
4.10049 4.14244 4.64794 5.27576 
4.10049 4.14244 4.64794 5.27576 
4.10049 4.14244 4.64794 5.27576 
4.10049 4.14244 4.64794 5.27576 
4.10049 4.14244 4.64794 5.27576 
4.10049 4.14244 4.64794 5.27576 
4.10049 4.14244 4.64794 5.27576 
4.10049 4.14244 4.64794 5.27576 
4.10049 4.14244 4.64794 5.27576 
4.10049 4.14244 4.64794 5.27576 
4.10049 4.14244 4.64794 5.27576 
4.10049 4.14244 4.64794 5.27576 
4.10049 4.14244 4.64794 5.27576 
4.10049 4.14244 4.64794 5.27576 
4.10049 4.14244 4.64794 5.27576 
4.10049 4.14244 4.64794 5.27576 
4.10049 4.14244 4.64794 5.27576 
4.10049 4.14244 4.64794 5.27576 
