7.23572 7.92858 8.86588 9.78939 
4.05161 6.21314 7.23572 7.92858 
4.05161 6.21314 7.23572 7.36588 
4.05161 5.58444 6.21314 6.64913 
4.05161 5.58444 6.21314 6.64913 
4.05161 5.58444 6.04898 6.21314 
4.05161 5.58444 6.04898 6.21314 
4.05161 5.58444 6.04898 6.21314 
4.05161 4.30197 5.58444 5.79409 
4.05161 4.30197 5.58444 5.79409 
3.26877 4.05161 4.30197 5.58444 
3.26877 3.45409 4.05161 4.30197 
3.26877 3.45409 4.05161 4.30197 
3.26877 3.45409 4.05161 4.30197 
3.26877 3.45409 4.05161 4.30197 
3.26877 3.45409 4.05161 4.30197 
3.26877 3.45409 4.05161 4.30197 
3.26877 3.45409 4.05161 4.23965 
3.26877 3.45409 4.05161 4.23965 
3.26877 3.45409 4.05161 4.23965 
3.26877 3.45409 4.05161 4.23965 
3.26877 3.45409 4.05161 4.23965 
2.78545 3.26877 3.45409 4.05161 
2.61532 2.78545 3.26877 3.45409 
2.54885 2.61532 2.78545 3.26877 
2.54885 2.61532 2.78545 2.82128 
2.54885 2.61532 2.75243 2.78545 
2.54885 2.61532 2.75243 2.78545 
2.54885 2.61532 2.75243 2.78545 
2.54885 2.61532 2.75243 2.78545 
2.54885 2.61532 2.75243 2.78545 
2.41828 2.54885 2.61532 2.75243 
2.41828 2.54885 2.61532 2.75243 
2.41828 2.54885 2.61532 2.63684 
2.41828 2.49328 2.54885 2.61532 
2.41828 2.49328 2.54885 2.61532 
2.41828 2.49328 2.54885 2.61532 
2.41828 2.49328 2.54885 2.61532 
2.20722 2.41828 2.49328 2.54885 
1.56731 2.20722 2.41828 2.49328 
1.56731 2.20722 2.41828 2.49328 
1.56731 2.20722 2.41828 2.49328 
1.56731 2.20722 2.41828 2.49328 
1.56731 2.20722 2.41828 2.49328 
1.56731 2.20722 2.41828 2.49328 
1.56731 2.20722 2.33708 2.41828 
0.876551 1.56731 2.20722 2.33708 
0.876551 1.10313 1.56731 1.75949 
0.876551 1.10313 1.56731 1.75949 
0.876551 1.10313 1.56731 1.75949 
0.312042 0.876551 1.10313 1.56731 
0.312042 0.876551 1.10313 1.56731 
0.312042 0.876551 1.10313 1.56731 
0.312042 0.876551 1.10313 1.56731 
0.312042 0.876551 1.10313 1.56731 
0.312042 0.876551 1.10313 1.56731 
0.312042 0.876551 1.10313 1.56731 
0.312042 0.876551 1.10313 1.56731 
0.312042 0.876551 1.10313 1.56731 
0.312042 0.876551 1.10313 1.56731 
0.312042 0.876551 1.10313 1.56731 
0.312042 0.876551 1.10313 1.56731 
0.312042 0.876551 1.10313 1.56731 
0.312042 0.876551 1.10313 1.56731 
0.312042 0.876551 1.10313 1.56731 
0.312042 0.876551 1.10313 1.56731 
0.312042 0.876551 1.10313 1.56731 
0.312042 0.876551 1.10313 1.56731 
0.312042 0.876551 1.10313 1.56731 
0.312042 0.876551 1.10313 1.56731 
0.312042 0.876551 1.10313 1.56731 
0.312042 0.876551 1.10313 1.56731 
0.312042 0.876551 1.10313 1.56731 
0.312042 0.876551 1.10313 1.56731 
0.312042 0.876551 1.10313 1.56731 
0.312042 0.876551 1.10313 1.56731 
0.312042 0.876551 1.10313 1.56731 
0.312042 0.876551 1.10313 1.56731 
0.312042 0.876551 1.10313 1.56731 
0.312042 0.876551 1.10313 1.56731 
0.312042 0.876551 1.10313 1.56731 
0.312042 0.876551 1.10313 1.56731 
0.312042 0.876551 1.10313 1.56731 
0.312042 0.876551 1.10313 1.56731 
0.312042 0.876551 1.10313 1.56731 
0.312042 0.876551 1.10313 1.56731 
0.312042 0.876551 1.10313 1.56731 
0.312042 0.876551 1.10313 1.56731 
0.312042 0.876551 1.10313 1.56731 
0.312042 0.876551 1.10313 1.56731 
0.312042 0.876551 1.10313 1.56731 
0.312042 0.876551 1.10313 1.56731 
0.312042 0.876551 1.10313 1.56731 
0.312042 0.876551 1.10313 1.56731 
0.312042 0.876551 1.10313 1.56731 
0.312042 0.876551 1.10313 1.56731 
0.312042 0.876551 1.10313 1.56731 
0.312042 0.876551 1.10313 1.56731 
0.312042 0.876551 1.10313 1.56731 
0.312042 0.876551 1.10313 1.56731 
