3.48647 4.24264 4.92542 5.04861 5.23371 6.02567 6.49776 7.12983 7.69235 8.11839 
3.48647 4.24264 4.92542 5.04861 5.23371 6.02567 6.49776 6.65618 7.12983 7.65719 
3.48647 4.24264 4.92542 5.04861 5.23371 6.02567 6.49776 6.65618 7.12983 7.42778 
3.48647 3.70653 4.24264 4.92542 5.04861 5.23371 5.6158 6.02567 6.49776 6.65618 
3.4624 3.48647 3.70653 4.24264 4.92542 5.04861 5.23371 5.51248 5.6158 6.02567 
3.4624 3.48647 3.70653 4.24264 4.45189 4.92542 5.04861 5.23371 5.51248 5.6158 
3.4624 3.48647 3.70653 4.24264 4.45189 4.92542 5.04861 5.23371 5.51248 5.6158 
3.4624 3.48647 3.70653 4.24264 4.45189 4.92542 5.04861 5.23371 5.51248 5.6158 
3.4624 3.48647 3.70653 3.87046 4.24264 4.25064 4.45189 4.92542 5.04861 5.23371 
3.4624 3.48647 3.61956 3.70653 3.87046 4.24264 4.25064 4.30063 4.38369 4.45189 
3.28121 3.4624 3.48647 3.61956 3.70653 3.87046 4.24264 4.25064 4.30063 4.38369 
2.76272 3.28121 3.4624 3.48424 3.48647 3.61956 3.70653 3.87046 4.24264 4.25064 
2.76272 3.28121 3.4439 3.4624 3.48424 3.48647 3.61956 3.70653 3.87046 4.24264 
2.76272 3.19853 3.28121 3.4439 3.4624 3.48424 3.48647 3.61956 3.70653 3.87046 
2.76272 2.82288 2.93183 3.16632 3.19853 3.28121 3.4439 3.4624 3.48424 3.48647 
2.76272 2.82288 2.93183 3.16632 3.19853 3.28121 3.31872 3.4439 3.4624 3.48424 
2.76272 2.82288 2.93183 3.16632 3.19853 3.28121 3.31872 3.4439 3.4624 3.48424 
2.76272 2.82288 2.93183 3.16632 3.19853 3.28121 3.31872 3.4439 3.4624 3.48424 
2.76272 2.82288 2.93183 3.16632 3.19853 3.28121 3.31872 3.4439 3.4624 3.48424 
2.76272 2.82288 2.93183 2.96077 3.16632 3.19853 3.28121 3.31872 3.4439 3.4624 
2.27576 2.76272 2.82288 2.93183 2.96077 3.16632 3.19853 3.28121 3.31872 3.4439 
2.27576 2.76272 2.82288 2.93183 2.96077 3.01583 3.16632 3.19853 3.28121 3.31872 
2.27576 2.66875 2.76272 2.82288 2.89654 2.93183 2.96077 3.01583 3.08951 3.16632 
2.27576 2.66875 2.76272 2.82288 2.83393 2.89654 2.93183 2.96077 3.01583 3.08951 
2.27576 2.66875 2.76272 2.82288 2.83393 2.89654 2.93183 2.96077 3.01583 3.08951 
0.640467 2.27576 2.66875 2.76272 2.82288 2.83393 2.89654 2.93183 2.96077 3.01583 
0.640467 1.77957 2.27576 2.5746 2.66875 2.76272 2.82288 2.83393 2.89654 2.93183 
0.640467 1.77957 2.27576 2.5746 2.66875 2.76272 2.82288 2.83393 2.89654 2.93183 
0.640467 1.40149 1.77957 2.27576 2.44652 2.5746 2.66875 2.76272 2.82288 2.83393 
0.640467 1.40149 1.77957 2.27576 2.44652 2.5746 2.66875 2.68528 2.76272 2.82288 
0.624361 0.640467 1.40149 1.77957 2.27576 2.44652 2.5746 2.66875 2.68528 2.76272 
0.624361 0.640467 1.40149 1.77957 2.27576 2.39917 2.44652 2.5746 2.66875 2.68528 
0.0950679 0.344149 0.624361 0.640467 0.748453 1.40149 1.77957 2.27576 2.39917 2.44652 
0.0950679 0.344149 0.624361 0.640467 0.748453 1.40149 1.77957 2.27576 2.39917 2.44652 
0.0950679 0.344149 0.624361 0.640467 0.748453 1.40149 1.77957 2.27576 2.39917 2.44652 
0.0950679 0.344149 0.624361 0.640467 0.748453 1.40149 1.77957 2.27576 2.39917 2.44652 
0.0950679 0.344149 0.624361 0.640467 0.748453 1.40149 1.77957 2.27576 2.39917 2.44652 
0.0950679 0.344149 0.624361 0.640467 0.748453 1.40149 1.77957 2.27576 2.39917 2.44652 
0.0950679 0.344149 0.624361 0.640467 0.748453 1.17345 1.40149 1.77957 2.2737 2.27576 
0.0950679 0.344149 0.624361 0.640467 0.748453 1.17345 1.40149 1.77957 2.2737 2.27576 
0.0950679 0.344149 0.624361 0.640467 0.748453 1.17345 1.40149 1.77957 2.2737 2.27576 
0.0950679 0.344149 0.624361 0.640467 0.748453 1.17345 1.40149 1.77957 2.2737 2.27576 
0.0950679 0.344149 0.624361 0.640467 0.748453 1.17345 1.40149 1.77957 2.2737 2.27576 
0.0950679 0.344149 0.624361 0.640467 0.748453 1.17345 1.40149 1.77957 2.2737 2.27576 
0.0950679 0.344149 0.624361 0.640467 0.748453 1.17345 1.40149 1.77957 2.15618 2.2737 
0.0950679 0.344149 0.624361 0.640467 0.748453 1.17345 1.40149 1.77957 2.06427 2.15618 
0.0950679 0.344149 0.624361 0.640467 0.748453 1.17345 1.40149 1.59925 1.77957 2.06427 
0.0950679 0.344149 0.624361 0.640467 0.748453 1.17345 1.40149 1.59925 1.77957 2.06427 
0.0950679 0.344149 0.624361 0.640467 0.748453 1.17345 1.22985 1.40149 1.59925 1.77957 
0.0950679 0.344149 0.624361 0.640467 0.748453 1.17345 1.22985 1.40149 1.59925 1.77957 
0.0950679 0.344149 0.624361 0.640467 0.748453 1.17345 1.22985 1.40149 1.59925 1.77957 
0.0950679 0.115543 0.344149 0.624361 0.640467 0.748453 1.17345 1.22985 1.40149 1.59925 
0.0950679 0.115543 0.344149 0.624361 0.640467 0.748453 1.17345 1.22985 1.40149 1.59925 
0.0950679 0.115543 0.344149 0.624361 0.640467 0.748453 1.17345 1.22985 1.30929 1.40149 
0.0950679 0.115543 0.344149 0.624361 0.640467 0.682324 0.748453 1.17345 1.22985 1.30929 
0.0950679 0.115543 0.344149 0.624361 0.640467 0.682324 0.748453 1.17345 1.22985 1.30929 
0.0950679 0.115543 0.344149 0.624361 0.640467 0.682324 0.748453 1.17345 1.22985 1.30929 
0.0950679 0.115543 0.344149 0.624361 0.640467 0.682324 0.748453 1.17345 1.22985 1.30929 
0.0950679 0.115543 0.344149 0.624361 0.640467 0.682324 0.748453 1.17345 1.22985 1.30929 
0.0950679 0.115543 0.344149 0.624361 0.640467 0.682324 0.748453 1.17345 1.22985 1.23098 
0.0950679 0.115543 0.344149 0.624361 0.640467 0.682324 0.748453 1.17345 1.22985 1.23098 
0.0950679 0.115543 0.344149 0.624361 0.640467 0.682324 0.748453 1.17345 1.22985 1.23098 
0.0950679 0.115543 0.344149 0.624361 0.640467 0.682324 0.748453 1.17345 1.22985 1.23098 
0.0950679 0.115543 0.344149 0.417214 0.624361 0.640467 0.682324 0.748453 1.05022 1.17345 
0.0950679 0.115543 0.344149 0.417214 0.624361 0.640467 0.682324 0.748453 1.05022 1.17345 
0.0950679 0.115543 0.344149 0.417214 0.624361 0.640467 0.682324 0.748453 1.05022 1.17345 
0.0950679 0.115543 0.344149 0.417214 0.624361 0.640467 0.682324 0.748453 1.05022 1.17345 
0.0950679 0.115543 0.344149 0.417214 0.624361 0.640467 0.682324 0.748453 1.05022 1.17345 
0.0950679 0.115543 0.344149 0.417214 0.624361 0.640467 0.682324 0.748453 1.05022 1.17345 
0.0950679 0.115543 0.344149 0.417214 0.624361 0.640467 0.682324 0.748453 1.05022 1.17345 
0.0950679 0.115543 0.344149 0.417214 0.624361 0.640467 0.682324 0.748453 1.05022 1.17345 
0.0950679 0.115543 0.344149 0.417214 0.624361 0.640467 0.682324 0.748453 1.05022 1.17345 
0.0950679 0.115543 0.344149 0.417214 0.624361 0.640467 0.682324 0.748453 1.05022 1.17345 
0.0950679 0.115543 0.344149 0.417214 0.624361 0.640467 0.682324 0.748453 1.05022 1.17345 
0.0950679 0.115543 0.344149 0.417214 0.624361 0.640467 0.682324 0.748453 1.05022 1.17345 
0.0950679 0.115543 0.344149 0.417214 0.624361 0.640467 0.682324 0.748453 1.05022 1.17345 
0.0950679 0.115543 0.344149 0.417214 0.624361 0.640467 0.682324 0.748453 1.05022 1.17345 
0.0950679 0.115543 0.344149 0.417214 0.624361 0.640467 0.682324 0.748453 1.05022 1.17345 
0.0950679 0.115543 0.344149 0.417214 0.624361 0.640467 0.682324 0.748453 1.05022 1.17345 
0.0950679 0.115543 0.344149 0.417214 0.624361 0.640467 0.682324 0.748453 1.05022 1.17345 
0.0950679 0.115543 0.344149 0.417214 0.624361 0.640467 0.682324 0.748453 1.05022 1.17345 
0.0950679 0.115543 0.344149 0.417214 0.624361 0.640467 0.682324 0.748453 1.05022 1.17345 
0.0950679 0.115543 0.344149 0.417214 0.624361 0.640467 0.682324 0.748453 1.05022 1.17345 
0.0950679 0.115543 0.344149 0.417214 0.624361 0.640467 0.682324 0.748453 1.05022 1.17345 
0.0950679 0.115543 0.344149 0.417214 0.624361 0.640467 0.682324 0.748453 1.05022 1.17345 
0.0950679 0.115543 0.344149 0.417214 0.624361 0.640467 0.682324 0.748453 1.05022 1.17345 
0.0950679 0.115543 0.344149 0.417214 0.624361 0.640467 0.682324 0.748453 1.05022 1.17345 
0.0950679 0.115543 0.344149 0.417214 0.624361 0.640467 0.682324 0.748453 1.05022 1.17345 
0.0950679 0.115543 0.344149 0.417214 0.624361 0.640467 0.682324 0.748453 1.05022 1.17345 
0.0950679 0.115543 0.344149 0.417214 0.624361 0.640467 0.682324 0.748453 1.05022 1.17345 
0.0950679 0.115543 0.344149 0.417214 0.624361 0.640467 0.682324 0.748453 1.05022 1.17345 
0.0950679 0.115543 0.344149 0.417214 0.624361 0.640467 0.682324 0.748453 1.05022 1.17345 
0.0950679 0.115543 0.344149 0.417214 0.624361 0.640467 0.682324 0.748453 1.05022 1.17345 
0.0950679 0.115543 0.344149 0.417214 0.624361 0.640467 0.682324 0.748453 1.05022 1.17345 
0.0950679 0.115543 0.344149 0.417214 0.624361 0.640467 0.682324 0.748453 1.05022 1.17345 
0.0950679 0.115543 0.344149 0.417214 0.624361 0.640467 0.682324 0.748453 1.05022 1.17345 
0.0950679 0.115543 0.344149 0.417214 0.624361 0.640467 0.682324 0.748453 1.05022 1.17345 
0.0950679 0.115543 0.344149 0.417214 0.624361 0.640467 0.682324 0.748453 1.05022 1.17345 
0.0950679 0.115543 0.344149 0.417214 0.624361 0.640467 0.682324 0.748453 1.05022 1.17345 
0.0950679 0.115543 0.344149 0.417214 0.624361 0.640467 0.682324 0.748453 1.05022 1.17345 
