2.86644 2.95515 3.26976 3.60667 4.56452 6.16761 7.36561 8.02878 8.8672 8.87813 
2.86644 2.95515 3.26976 3.60667 3.81747 3.98726 4.56452 6.16761 6.43902 7.36561 
2.86644 2.95515 3.26976 3.60667 3.81747 3.98726 4.56452 6.16761 6.43902 7.36561 
1.18711 2.86644 2.95515 3.26976 3.60667 3.81747 3.98726 4.56452 6.16761 6.43902 
1.18711 2.86644 2.95515 3.10405 3.26976 3.60667 3.81747 3.98726 4.38991 4.56452 
1.18711 2.86644 2.95515 3.10405 3.26976 3.46671 3.54177 3.60667 3.81747 3.98726 
1.18711 2.1239 2.86644 2.95515 3.10405 3.26976 3.46671 3.54177 3.54416 3.60667 
1.18711 2.1239 2.62084 2.86644 2.95515 3.10405 3.26976 3.46671 3.54177 3.54416 
1.18711 2.1239 2.21092 2.62084 2.86644 2.95515 3.10405 3.26976 3.46671 3.54177 
1.18711 2.1239 2.15659 2.21092 2.62084 2.86644 2.95515 3.10405 3.24369 3.26976 
1.18711 2.1239 2.15659 2.21092 2.60254 2.62084 2.86644 2.95515 3.10405 3.24369 
1.18711 2.1239 2.15659 2.20179 2.21092 2.60254 2.62084 2.86644 2.95515 3.10405 
1.18711 2.1239 2.15659 2.20179 2.21092 2.60254 2.62084 2.86644 2.95515 3.0098 
1.18711 1.25458 1.92264 2.1239 2.15659 2.20179 2.21092 2.60254 2.62084 2.86644 
1.18711 1.25458 1.92264 2.1239 2.15659 2.20179 2.21092 2.55245 2.60254 2.62084 
1.18711 1.25458 1.92264 2.1239 2.15659 2.20179 2.21092 2.55245 2.60254 2.62084 
1.18711 1.25458 1.92264 2.1239 2.15659 2.20179 2.21092 2.55245 2.60254 2.62084 
1.17336 1.18711 1.25458 1.92264 2.1239 2.15659 2.20179 2.21092 2.48496 2.55245 
1.17336 1.18711 1.25458 1.92264 2.1239 2.15659 2.20179 2.21092 2.48496 2.55245 
1.17336 1.18711 1.25458 1.92264 2.1239 2.15659 2.20179 2.21092 2.48496 2.55245 
1.17336 1.18711 1.25458 1.92264 2.1239 2.15659 2.20179 2.21092 2.33168 2.48496 
1.17336 1.18711 1.25458 1.92264 2.1239 2.15659 2.20179 2.21092 2.33168 2.48496 
1.17336 1.18711 1.25458 1.92264 2.10494 2.1239 2.15659 2.20179 2.21092 2.33168 
1.17336 1.18711 1.25458 1.92264 2.10494 2.1239 2.15659 2.20179 2.21092 2.33168 
1.17336 1.18711 1.25458 1.92264 2.10494 2.1239 2.15659 2.20179 2.21092 2.33168 
0.404328 1.17336 1.18711 1.25458 1.92264 2.10494 2.1239 2.15659 2.20179 2.21092 
0.404328 0.801044 1.17336 1.18711 1.25458 1.92264 2.10494 2.1239 2.15659 2.20179 
0.0344737 0.404328 0.801044 1.17336 1.18711 1.25458 1.92264 2.10494 2.1239 2.15659 
0.0344737 0.404328 0.801044 1.17336 1.18711 1.25458 1.92264 2.03397 2.10494 2.1239 
0.0344737 0.404328 0.801044 1.17336 1.18711 1.25458 1.92264 2.03397 2.10494 2.1239 
0.0344737 0.288427 0.404328 0.801044 1.17336 1.18711 1.25458 1.92264 2.03397 2.10494 
0.0344737 0.288427 0.404328 0.801044 1.17336 1.18711 1.25458 1.92264 2.03397 2.10494 
0.0344737 0.288427 0.404328 0.801044 1.17336 1.18711 1.25458 1.92264 2.03397 2.10494 
0.0344737 0.288427 0.404328 0.801044 1.17336 1.18711 1.25458 1.92264 2.03397 2.10494 
0.0344737 0.288427 0.404328 0.801044 1.17336 1.18711 1.25458 1.92264 2.03397 2.10494 
0.0344737 0.288427 0.404328 0.801044 1.17336 1.18711 1.25458 1.92264 2.03397 2.10494 
0.0344737 0.288427 0.404328 0.801044 1.17336 1.18711 1.25458 1.92264 2.03397 2.10494 
0.0344737 0.288427 0.404328 0.801044 1.17336 1.18711 1.25458 1.3313 1.92264 2.03397 
0.0344737 0.288427 0.404328 0.801044 1.17336 1.18711 1.25458 1.3313 1.92264 2.03397 
0.0344737 0.288427 0.404328 0.801044 1.17336 1.18711 1.25458 1.3313 1.92264 2.03397 
0.0344737 0.288427 0.404328 0.801044 1.17336 1.18711 1.25458 1.3313 1.40971 1.92264 
0.0344737 0.288427 0.404328 0.801044 1.17336 1.18711 1.25458 1.3313 1.40971 1.92264 
0.0344737 0.288427 0.404328 0.801044 1.17336 1.18711 1.25458 1.3313 1.40971 1.92264 
0.0344737 0.288427 0.404328 0.801044 1.17336 1.18711 1.25458 1.3313 1.40971 1.92264 
0.0344737 0.288427 0.404328 0.801044 1.17336 1.18711 1.25458 1.3313 1.40971 1.92264 
0.0344737 0.288427 0.404328 0.801044 1.17336 1.18711 1.25458 1.3313 1.40971 1.92264 
0.0344737 0.288427 0.404328 0.801044 1.17336 1.18711 1.25458 1.3313 1.40971 1.92264 
0.0344737 0.288427 0.404328 0.801044 1.17336 1.18711 1.25458 1.3313 1.40971 1.92264 
0.0344737 0.288427 0.404328 0.801044 1.17336 1.18711 1.25458 1.3313 1.40971 1.92264 
0.0344737 0.288427 0.404328 0.801044 1.17336 1.18711 1.25458 1.3313 1.40971 1.92264 
0.0344737 0.288427 0.404328 0.801044 1.17336 1.18711 1.25458 1.3313 1.40971 1.92264 
0.0344737 0.288427 0.404328 0.801044 1.17336 1.18711 1.25458 1.3313 1.40971 1.92264 
0.0344737 0.288427 0.404328 0.801044 1.17336 1.18711 1.25458 1.3313 1.40971 1.92264 
0.0344737 0.288427 0.404328 0.801044 1.17336 1.18711 1.25458 1.3313 1.40971 1.92264 
0.0344737 0.288427 0.404328 0.801044 1.17336 1.18711 1.25458 1.3313 1.40971 1.92264 
0.0344737 0.288427 0.404328 0.801044 1.17336 1.18711 1.25458 1.3313 1.40971 1.92264 
0.0344737 0.288427 0.404328 0.801044 1.17336 1.18711 1.25458 1.3313 1.40971 1.92264 
0.0344737 0.288427 0.404328 0.801044 1.17336 1.18711 1.25458 1.3313 1.40971 1.92264 
0.0344737 0.288427 0.404328 0.801044 1.17336 1.18711 1.25458 1.3313 1.40971 1.92264 
0.0344737 0.288427 0.404328 0.801044 1.17336 1.18711 1.25458 1.3313 1.40971 1.92264 
0.0344737 0.288427 0.404328 0.801044 1.17336 1.18711 1.25458 1.3313 1.40971 1.92264 
0.0344737 0.288427 0.404328 0.801044 1.17336 1.18711 1.25458 1.3313 1.40971 1.92264 
0.0344737 0.288427 0.404328 0.801044 1.17336 1.18711 1.25458 1.3313 1.40971 1.92264 
0.0344737 0.288427 0.404328 0.801044 1.17336 1.18711 1.25458 1.3313 1.40971 1.92264 
0.0344737 0.288427 0.404328 0.801044 1.17336 1.18711 1.25458 1.3313 1.40971 1.92264 
0.0344737 0.288427 0.404328 0.801044 1.17336 1.18711 1.25458 1.3313 1.40971 1.92264 
0.0344737 0.288427 0.404328 0.801044 1.17336 1.18711 1.25458 1.3313 1.40971 1.92264 
0.0344737 0.288427 0.404328 0.801044 1.17336 1.18711 1.25458 1.3313 1.40971 1.92264 
0.0344737 0.288427 0.404328 0.801044 1.17336 1.18711 1.25458 1.3313 1.40971 1.92264 
0.0344737 0.288427 0.404328 0.801044 1.17336 1.18711 1.25458 1.3313 1.40971 1.92264 
0.0344737 0.288427 0.404328 0.801044 1.17336 1.18711 1.25458 1.3313 1.40971 1.92264 
0.0344737 0.288427 0.404328 0.801044 1.17336 1.18711 1.25458 1.3313 1.40971 1.92264 
0.0344737 0.288427 0.404328 0.801044 1.17336 1.18711 1.25458 1.3313 1.40971 1.92264 
0.0344737 0.288427 0.404328 0.801044 1.17336 1.18711 1.25458 1.3313 1.40971 1.92264 
0.0344737 0.288427 0.404328 0.801044 1.17336 1.18711 1.25458 1.3313 1.40971 1.92264 
0.0344737 0.288427 0.404328 0.801044 1.17336 1.18711 1.25458 1.3313 1.40971 1.92264 
0.0344737 0.288427 0.404328 0.801044 1.17336 1.18711 1.25458 1.3313 1.40971 1.92264 
0.0344737 0.288427 0.404328 0.801044 1.17336 1.18711 1.25458 1.3313 1.40971 1.92264 
0.0344737 0.288427 0.404328 0.801044 1.17336 1.18711 1.25458 1.3313 1.40971 1.92264 
0.0344737 0.288427 0.404328 0.801044 1.17336 1.18711 1.25458 1.3313 1.40971 1.92264 
0.0344737 0.288427 0.404328 0.801044 1.17336 1.18711 1.25458 1.3313 1.40971 1.92264 
0.0344737 0.288427 0.404328 0.801044 1.17336 1.18711 1.25458 1.3313 1.40971 1.92264 
0.0344737 0.288427 0.404328 0.801044 1.17336 1.18711 1.25458 1.3313 1.40971 1.92264 
0.0344737 0.288427 0.404328 0.801044 1.17336 1.18711 1.25458 1.3313 1.40971 1.92264 
0.0344737 0.288427 0.404328 0.801044 1.17336 1.18711 1.25458 1.3313 1.40971 1.92264 
0.0344737 0.288427 0.404328 0.801044 1.17336 1.18711 1.25458 1.3313 1.40971 1.92264 
0.0344737 0.288427 0.404328 0.801044 1.17336 1.18711 1.25458 1.3313 1.40971 1.92264 
0.0344737 0.288427 0.404328 0.801044 1.17336 1.18711 1.25458 1.3313 1.40971 1.92264 
0.0344737 0.288427 0.404328 0.801044 1.17336 1.18711 1.25458 1.3313 1.40971 1.92264 
0.0344737 0.288427 0.404328 0.801044 1.17336 1.18711 1.25458 1.3313 1.40971 1.92264 
0.0344737 0.288427 0.404328 0.801044 1.17336 1.18711 1.25458 1.3313 1.40971 1.92264 
0.0344737 0.288427 0.404328 0.801044 1.17336 1.18711 1.25458 1.3313 1.40971 1.92264 
0.0344737 0.288427 0.404328 0.801044 1.17336 1.18711 1.25458 1.3313 1.40971 1.92264 
0.0344737 0.288427 0.404328 0.801044 1.17336 1.18711 1.25458 1.3313 1.40971 1.92264 
0.0344737 0.288427 0.404328 0.801044 1.17336 1.18711 1.25458 1.3313 1.40971 1.92264 
0.0344737 0.288427 0.404328 0.801044 1.17336 1.18711 1.25458 1.3313 1.40971 1.92264 
0.0344737 0.288427 0.404328 0.801044 1.17336 1.18711 1.25458 1.3313 1.40971 1.92264 
0.0344737 0.288427 0.404328 0.801044 1.17336 1.18711 1.25458 1.3313 1.40971 1.92264 
0.0344737 0.288427 0.404328 0.801044 1.17336 1.18711 1.25458 1.3313 1.40971 1.92264 
0.0344737 0.288427 0.404328 0.801044 1.17336 1.18711 1.25458 1.3313 1.40971 1.92264 
