3.21526 3.44015 4.14555 4.49576 4.55923 6.50805 6.91091 6.97786 7.66777 8.63367 
2.31475 3.21526 3.44015 3.51969 3.66416 4.14555 4.49576 4.55923 5.8224 6.50805 
1.07822 2.31475 3.21526 3.44015 3.51969 3.66416 3.79111 3.84607 4.14011 4.14555 
1.07822 2.31475 3.21526 3.41487 3.44015 3.51969 3.66416 3.79111 3.84607 4.14011 
1.07822 2.31475 2.41288 2.81494 3.21526 3.41487 3.44015 3.51969 3.66416 3.79111 
1.07822 2.31475 2.41288 2.81494 3.21526 3.41487 3.44015 3.51969 3.66416 3.68718 
1.07822 2.31475 2.41288 2.81494 3.21526 3.41487 3.44015 3.51969 3.66416 3.68718 
1.07822 2.31475 2.41288 2.81494 3.21526 3.41487 3.44015 3.44435 3.51969 3.66416 
1.07822 2.31475 2.41288 2.81494 3.21526 3.41487 3.44015 3.44435 3.51969 3.66416 
1.07822 1.171 2.31475 2.41288 2.81494 3.21526 3.41487 3.44015 3.44435 3.51969 
1.07822 1.171 2.31475 2.41288 2.81494 2.87724 3.18932 3.21526 3.41487 3.44015 
1.07822 1.171 1.85219 2.31475 2.41288 2.81494 2.87724 2.99198 3.18932 3.21526 
1.07822 1.171 1.85219 1.87817 2.31475 2.41288 2.81494 2.87724 2.99198 3.04031 
1.07822 1.171 1.85219 1.87817 2.06389 2.31475 2.41288 2.5867 2.81494 2.87724 
1.07822 1.171 1.85219 1.87817 2.06389 2.31475 2.41288 2.5867 2.81494 2.87724 
1.07822 1.171 1.85219 1.87817 2.06389 2.31475 2.41288 2.5867 2.81494 2.87724 
0.215823 1.07822 1.171 1.85219 1.87817 2.02874 2.06389 2.31475 2.41288 2.5867 
0.215823 1.07822 1.171 1.85219 1.87817 2.02874 2.06389 2.31475 2.41288 2.5867 
0.215823 0.598227 1.07822 1.171 1.85219 1.87817 2.02874 2.06389 2.31475 2.41288 
0.215823 0.598227 1.07822 1.171 1.85219 1.87817 2.02874 2.06389 2.31475 2.41288 
0.215823 0.598227 1.07822 1.171 1.85219 1.87817 2.02874 2.05322 2.06389 2.31475 
0.215823 0.598227 1.07822 1.171 1.85219 1.87817 2.02874 2.05322 2.06389 2.26785 
0.215823 0.598227 0.886938 1.07822 1.171 1.5731 1.85219 1.87817 2.02874 2.05322 
0.215823 0.598227 0.779294 0.886938 1.07822 1.171 1.5731 1.85219 1.87817 2.02874 
0.215823 0.598227 0.779294 0.886938 1.07822 1.171 1.5731 1.85219 1.87817 2.02874 
0.215823 0.288422 0.598227 0.779294 0.886938 1.07822 1.15848 1.171 1.5731 1.85219 
0.215823 0.288422 0.598227 0.779294 0.886938 1.07822 1.15848 1.171 1.5731 1.85219 
0.215823 0.288422 0.598227 0.779294 0.886938 1.07822 1.15848 1.171 1.5731 1.85219 
0.215823 0.288422 0.413373 0.598227 0.779294 0.886938 1.07822 1.15848 1.171 1.5731 
0.0705479 0.215823 0.288422 0.413373 0.598227 0.779294 0.886938 1.07822 1.15848 1.171 
0.0705479 0.215823 0.21978 0.288422 0.413373 0.598227 0.779294 0.886938 1.07822 1.15848 
0.0705479 0.215823 0.21978 0.288422 0.413373 0.598227 0.779294 0.886938 1.07822 1.15848 
0.0705479 0.215823 0.21978 0.288422 0.413373 0.598227 0.779294 0.886938 1.07822 1.15848 
0.0705479 0.158284 0.215823 0.21978 0.288422 0.413373 0.598227 0.779294 0.886938 1.07822 
0.0705479 0.158284 0.215823 0.21978 0.288422 0.413373 0.598227 0.779294 0.886938 1.07822 
0.0705479 0.158284 0.215823 0.21978 0.288422 0.413373 0.474501 0.598227 0.779294 0.886938 
0.0705479 0.108929 0.158284 0.215823 0.21978 0.288422 0.332967 0.413373 0.474501 0.598227 
0.0705479 0.108929 0.158284 0.215823 0.21978 0.288422 0.332967 0.413373 0.474501 0.598227 
0.0705479 0.108929 0.158284 0.215823 0.21978 0.288422 0.332967 0.413373 0.474501 0.598227 
0.0705479 0.108929 0.158284 0.172952 0.215823 0.21978 0.288422 0.332967 0.413373 0.474501 
0.0705479 0.108929 0.158284 0.172952 0.215823 0.21978 0.288422 0.332967 0.413373 0.474501 
0.0705479 0.108929 0.158284 0.172952 0.215823 0.21978 0.288422 0.332967 0.413373 0.474501 
0.0705479 0.108929 0.158284 0.172952 0.215823 0.21978 0.288422 0.332967 0.413373 0.474501 
0.0705479 0.108929 0.158284 0.172952 0.215823 0.21978 0.288422 0.332967 0.413373 0.474501 
0.0705479 0.108929 0.158284 0.172952 0.215823 0.21978 0.288422 0.332967 0.413373 0.474501 
0.0705479 0.108929 0.158284 0.172952 0.215823 0.21978 0.288422 0.332967 0.413373 0.474501 
0.0705479 0.108929 0.158284 0.172952 0.215823 0.21978 0.288422 0.332967 0.413373 0.474501 
0.0705479 0.108929 0.158284 0.172952 0.215823 0.21978 0.288422 0.332967 0.413373 0.474501 
0.0705479 0.108929 0.158284 0.172952 0.215823 0.21978 0.288422 0.332967 0.413373 0.474501 
0.0705479 0.108929 0.158284 0.172952 0.215823 0.21978 0.288422 0.332967 0.413373 0.474501 
0.0705479 0.108929 0.158284 0.172952 0.215823 0.21978 0.288422 0.332967 0.413373 0.474501 
0.0705479 0.108929 0.158284 0.172952 0.215823 0.21978 0.288422 0.332967 0.413373 0.474501 
0.0705479 0.108929 0.158284 0.172952 0.215823 0.21978 0.288422 0.332967 0.413373 0.474501 
0.0705479 0.108929 0.158284 0.172952 0.215823 0.21978 0.288422 0.332967 0.413373 0.474501 
0.0705479 0.108929 0.158284 0.172952 0.215823 0.21978 0.288422 0.332967 0.413373 0.474501 
0.0705479 0.108929 0.158284 0.172952 0.215823 0.21978 0.288422 0.332967 0.413373 0.474501 
0.0705479 0.108929 0.158284 0.172952 0.215823 0.21978 0.288422 0.332967 0.413373 0.474501 
0.0705479 0.108929 0.158284 0.172952 0.215823 0.21978 0.288422 0.332967 0.413373 0.474501 
0.0705479 0.108929 0.158284 0.172952 0.215823 0.21978 0.288422 0.332967 0.413373 0.474501 
0.0705479 0.108929 0.158284 0.172952 0.215823 0.21978 0.288422 0.332967 0.413373 0.474501 
0.0705479 0.108929 0.158284 0.172952 0.215823 0.21978 0.288422 0.332967 0.413373 0.474501 
0.0705479 0.108929 0.158284 0.172952 0.215823 0.21978 0.288422 0.332967 0.413373 0.474501 
0.0705479 0.108929 0.158284 0.172952 0.215823 0.21978 0.288422 0.332967 0.413373 0.474501 
0.0705479 0.108929 0.158284 0.172952 0.215823 0.21978 0.288422 0.332967 0.413373 0.474501 
0.0705479 0.108929 0.158284 0.172952 0.215823 0.21978 0.288422 0.332967 0.413373 0.474501 
0.0705479 0.108929 0.158284 0.172952 0.215823 0.21978 0.288422 0.332967 0.413373 0.474501 
0.0705479 0.108929 0.158284 0.172952 0.215823 0.21978 0.288422 0.332967 0.413373 0.474501 
0.0705479 0.108929 0.158284 0.172952 0.215823 0.21978 0.288422 0.332967 0.413373 0.474501 
0.0705479 0.108929 0.158284 0.172952 0.215823 0.21978 0.288422 0.332967 0.413373 0.474501 
0.0705479 0.108929 0.158284 0.172952 0.215823 0.21978 0.288422 0.332967 0.413373 0.474501 
0.0705479 0.108929 0.158284 0.172952 0.215823 0.21978 0.288422 0.332967 0.413373 0.474501 
0.0705479 0.108929 0.158284 0.172952 0.215823 0.21978 0.288422 0.332967 0.413373 0.461562 
0.0705479 0.108929 0.158284 0.172952 0.215823 0.21978 0.288422 0.332967 0.413373 0.461562 
0.0705479 0.108929 0.158284 0.172952 0.215823 0.21978 0.248071 0.288422 0.332967 0.413373 
0.0705479 0.108929 0.158284 0.172952 0.215823 0.21978 0.248071 0.288422 0.32726 0.332967 
0.0705479 0.108929 0.158284 0.172952 0.197907 0.215823 0.21978 0.248071 0.288422 0.32726 
0.0705479 0.108929 0.158284 0.172952 0.197907 0.215823 0.21978 0.248071 0.288422 0.32726 
0.0705479 0.108929 0.158284 0.16717 0.172952 0.197907 0.215823 0.21978 0.248071 0.288422 
0.0705479 0.108929 0.158284 0.16717 0.172952 0.197907 0.202141 0.215823 0.21978 0.248071 
0.0705479 0.108929 0.158284 0.16717 0.172952 0.197907 0.202141 0.215823 0.21978 0.248071 
0.0705479 0.108929 0.158284 0.16717 0.172952 0.197907 0.202141 0.215823 0.21978 0.248071 
0.0705479 0.108929 0.158284 0.16717 0.172952 0.197907 0.202141 0.215823 0.21978 0.248071 
0.0705479 0.108929 0.158284 0.16717 0.172952 0.197907 0.202141 0.215823 0.21978 0.248071 
0.0705479 0.108929 0.158284 0.16717 0.172952 0.197907 0.202141 0.215823 0.21978 0.248071 
0.0705479 0.108929 0.158284 0.16717 0.172952 0.197907 0.202141 0.215823 0.21978 0.248071 
0.0705479 0.108929 0.158284 0.16717 0.172952 0.197907 0.202141 0.207761 0.215823 0.21978 
0.0705479 0.108929 0.158284 0.16717 0.172952 0.197907 0.202141 0.207761 0.215823 0.21978 
0.0705479 0.106546 0.108929 0.158284 0.16717 0.172952 0.197907 0.202141 0.207761 0.215823 
0.0705479 0.106546 0.108929 0.141248 0.158284 0.16717 0.172952 0.197907 0.202141 0.207761 
0.0705479 0.106546 0.108929 0.141248 0.158284 0.16717 0.172952 0.197907 0.202141 0.207761 
0.0705479 0.106546 0.108929 0.141248 0.158284 0.160115 0.16717 0.172952 0.194655 0.197907 
0.0705479 0.106546 0.108929 0.141248 0.158284 0.160115 0.16717 0.172952 0.194655 0.197907 
0.0705479 0.106546 0.108929 0.141248 0.158284 0.160115 0.16717 0.172952 0.194655 0.197907 
0.0705479 0.106546 0.108929 0.141248 0.158284 0.160115 0.16717 0.172952 0.191325 0.194655 
0.0705479 0.106546 0.108929 0.141248 0.158284 0.160115 0.165539 0.16717 0.172952 0.191325 
0.0705479 0.106546 0.108929 0.141248 0.158284 0.160115 0.165539 0.16569 0.16717 0.172952 
0.0705479 0.106546 0.108929 0.141248 0.158284 0.160115 0.165539 0.16569 0.16717 0.172952 
0.0705479 0.106546 0.108929 0.141248 0.158284 0.160115 0.165539 0.16569 0.16717 0.172952 
0.0705479 0.106546 0.108929 0.141248 0.158284 0.160115 0.165539 0.16569 0.16717 0.172952 
0.0705479 0.106546 0.108929 0.141248 0.158284 0.160115 0.165539 0.16569 0.16717 0.172952 
