2.667 4.58623 5.65591 6.11002 6.54543 6.64644 6.81688 6.91082 7.77916 8.21276 
2.667 3.3177 3.92492 4.58623 5.65591 6.11002 6.54543 6.64644 6.6725 6.81688 
2.667 3.05711 3.3177 3.92492 4.58623 5.65591 6.11002 6.54543 6.64644 6.6725 
2.667 3.05711 3.3177 3.92492 4.58623 5.65591 6.11002 6.54543 6.64644 6.6725 
2.667 3.05711 3.3177 3.92492 4.28381 4.58623 5.65591 6.11002 6.54543 6.64644 
2.667 3.05711 3.3177 3.92492 4.28381 4.58623 5.65591 6.11002 6.54543 6.64644 
2.667 3.05711 3.3177 3.92492 4.28381 4.58623 5.65591 6.11002 6.54543 6.64644 
2.667 3.05711 3.3177 3.92492 4.28381 4.58623 5.50537 5.65591 6.11002 6.54543 
2.667 3.05711 3.3177 3.92492 4.28381 4.58623 5.02915 5.50537 5.65591 6.11002 
2.667 3.05711 3.3177 3.92492 4.28381 4.58623 5.02915 5.50537 5.65591 6.11002 
2.667 3.05711 3.3177 3.92492 4.28381 4.58623 5.02915 5.50537 5.65591 6.11002 
2.667 3.05711 3.3177 3.92492 4.28381 4.58623 5.02915 5.50537 5.65591 6.11002 
2.667 3.05711 3.3177 3.92492 4.28381 4.58623 5.02915 5.50537 5.65591 6.11002 
2.667 3.05711 3.3177 3.92492 4.28381 4.58623 4.60476 5.02915 5.50537 5.65591 
2.667 3.05711 3.3177 3.92492 4.28381 4.58623 4.60476 5.02915 5.50537 5.60539 
2.667 3.05711 3.3177 3.92492 4.28381 4.58623 4.60476 5.02915 5.50537 5.60539 
2.667 3.05711 3.3177 3.92492 4.28381 4.58623 4.60476 5.02915 5.50537 5.60539 
2.667 3.05711 3.3177 3.76181 3.79401 3.92492 4.28381 4.58623 4.60476 5.02915 
2.667 3.05711 3.3177 3.58692 3.76181 3.79401 3.92492 4.28381 4.58623 4.60476 
2.667 3.05711 3.3177 3.58692 3.76181 3.79401 3.92492 4.28381 4.58623 4.60476 
2.667 3.05711 3.3177 3.58692 3.76181 3.79401 3.82395 3.92492 4.28381 4.31677 
2.667 2.78899 3.05711 3.3177 3.58692 3.76181 3.79401 3.82395 3.92492 4.28381 
2.667 2.78899 3.05711 3.3177 3.58692 3.76181 3.79401 3.82395 3.92492 4.28381 
2.667 2.78899 2.86487 3.05711 3.3177 3.58692 3.76181 3.79401 3.82395 3.92492 
2.667 2.78899 2.86487 3.05711 3.3177 3.58692 3.62922 3.76181 3.79401 3.82395 
2.667 2.78899 2.86487 3.05711 3.3177 3.58692 3.62922 3.76181 3.79401 3.82395 
2.667 2.78899 2.86487 3.05711 3.3177 3.58692 3.62922 3.76181 3.79401 3.82395 
2.667 2.78899 2.86487 3.05711 3.3177 3.58692 3.62922 3.76181 3.79401 3.82395 
2.667 2.78899 2.86487 3.05711 3.22034 3.3177 3.58692 3.62922 3.76181 3.79401 
2.667 2.78899 2.86487 3.05711 3.22034 3.3177 3.58692 3.62922 3.76181 3.79401 
2.667 2.78899 2.86487 3.05711 3.22034 3.3177 3.58692 3.62922 3.76181 3.79401 
2.667 2.78899 2.86487 3.05711 3.22034 3.3177 3.43143 3.58692 3.62922 3.63698 
2.667 2.78899 2.86487 3.05711 3.22034 3.3177 3.43143 3.58692 3.62922 3.63698 
2.667 2.78899 2.86487 3.05711 3.22034 3.29219 3.3177 3.43143 3.58692 3.62922 
2.667 2.78899 2.86487 3.05711 3.22034 3.29219 3.3177 3.41259 3.43143 3.58692 
2.667 2.78899 2.86487 3.05711 3.22034 3.29219 3.3177 3.41259 3.43143 3.58692 
2.667 2.78899 2.86487 3.05711 3.22034 3.29219 3.3177 3.41259 3.43143 3.58692 
2.667 2.78899 2.86487 3.05711 3.22034 3.29219 3.3177 3.41259 3.43143 3.58692 
2.667 2.78899 2.86487 3.05711 3.22034 3.29219 3.3177 3.41259 3.43143 3.58692 
2.667 2.78899 2.86487 3.05711 3.22034 3.29219 3.3177 3.41259 3.43143 3.58692 
2.667 2.78899 2.86487 3.05711 3.22034 3.29219 3.3177 3.41259 3.43143 3.58692 
2.667 2.78899 2.86487 3.05711 3.22034 3.29219 3.3177 3.41259 3.43143 3.58367 
2.667 2.78899 2.86487 3.05711 3.20275 3.22034 3.29219 3.3177 3.41259 3.43143 
0.733521 2.667 2.78899 2.86487 3.05711 3.20275 3.22034 3.29219 3.3177 3.36537 
0.733521 2.667 2.78899 2.86487 3.05711 3.20275 3.22034 3.27122 3.29219 3.3177 
0.733521 2.667 2.78899 2.86487 3.05711 3.20275 3.22034 3.26785 3.27122 3.29219 
0.66762 0.733521 2.667 2.78899 2.86487 3.05711 3.20275 3.22034 3.25693 3.26785 
0.66762 0.733521 2.667 2.78899 2.86487 3.05711 3.10772 3.20275 3.22034 3.25693 
0.66762 0.733521 2.667 2.78899 2.86487 3.05711 3.10772 3.15346 3.19428 3.20275 
0.66762 0.733521 2.667 2.78899 2.86487 3.05711 3.10772 3.15346 3.19428 3.20275 
0.66762 0.733521 2.667 2.78899 2.86487 3.04678 3.05711 3.10772 3.15346 3.19428 
0.66762 0.733521 2.667 2.78899 2.86487 3.04678 3.05711 3.10772 3.15346 3.19428 
0.66762 0.733521 2.667 2.7633 2.78899 2.86487 3.04678 3.05711 3.10772 3.15346 
0.66762 0.733521 2.667 2.7633 2.78899 2.86487 3.04678 3.05711 3.10772 3.15346 
0.66762 0.733521 2.667 2.7633 2.78899 2.86487 3.04678 3.05711 3.10772 3.15346 
0.66762 0.733521 2.667 2.7633 2.78899 2.86487 3.04678 3.05711 3.10772 3.15346 
0.66762 0.733521 2.61106 2.667 2.7633 2.78899 2.86487 3.04678 3.05711 3.10772 
0.66762 0.733521 2.61106 2.667 2.71336 2.7633 2.78899 2.86487 3.04678 3.05711 
0.66762 0.733521 2.61106 2.667 2.71336 2.7633 2.78899 2.86487 3.04678 3.05711 
0.66762 0.733521 2.61106 2.667 2.71336 2.7633 2.78899 2.86487 3.04678 3.05711 
0.66762 0.733521 2.61106 2.667 2.71336 2.7633 2.78899 2.86487 2.98779 3.04678 
0.66762 0.733521 2.61106 2.667 2.71336 2.7633 2.78899 2.86487 2.98779 3.04678 
0.66762 0.733521 2.61106 2.667 2.71336 2.7633 2.78899 2.86487 2.98779 3.04678 
0.66762 0.733521 2.61106 2.667 2.71336 2.7633 2.78899 2.86487 2.98779 3.03622 
0.66762 0.733521 2.61106 2.667 2.71336 2.7633 2.78899 2.79475 2.86487 2.98779 
0.66762 0.733521 2.57185 2.61106 2.667 2.71336 2.7633 2.78899 2.79475 2.86487 
0.66762 0.733521 2.57185 2.61106 2.667 2.71336 2.7633 2.78899 2.79475 2.86487 
0.66762 0.733521 2.57185 2.61106 2.667 2.66806 2.71336 2.7633 2.78899 2.79475 
0.66762 0.733521 2.57185 2.61106 2.667 2.66806 2.71336 2.7633 2.78899 2.79475 
0.66762 0.733521 2.57185 2.61106 2.667 2.66806 2.71336 2.7633 2.78899 2.79475 
0.66762 0.733521 1.79779 2.57185 2.61106 2.667 2.66806 2.71336 2.7633 2.78899 
0.66762 0.733521 1.65121 1.79779 2.57185 2.61106 2.667 2.66806 2.71336 2.7633 
0.66762 0.733521 1.65121 1.79779 2.14549 2.57185 2.61106 2.667 2.66806 2.71336 
0.66762 0.733521 1.65121 1.79779 2.14549 2.18116 2.57185 2.61106 2.667 2.66806 
0.66762 0.733521 1.65121 1.79779 2.14549 2.18116 2.57185 2.61106 2.667 2.66806 
0.66762 0.733521 1.65121 1.69078 1.79779 1.91194 2.14549 2.18116 2.57185 2.61106 
0.66762 0.733521 1.65121 1.69078 1.79779 1.91194 2.14549 2.18116 2.57185 2.61106 
0.66762 0.733521 1.51008 1.65121 1.69078 1.79779 1.91194 2.14549 2.18116 2.57185 
0.66762 0.733521 1.51008 1.65121 1.65771 1.69078 1.79779 1.91194 2.14549 2.18116 
0.66762 0.733521 1.51008 1.65121 1.65771 1.69078 1.79779 1.91194 2.14549 2.18116 
0.66762 0.733521 1.51008 1.65121 1.65771 1.69078 1.79779 1.91194 2.14549 2.18116 
0.66762 0.733521 0.966761 1.51008 1.65121 1.65771 1.69078 1.79779 1.91194 2.14549 
0.66762 0.733521 0.966761 1.38925 1.51008 1.65121 1.65771 1.69078 1.79779 1.91194 
0.66762 0.733521 0.966761 1.38925 1.51008 1.65121 1.65771 1.69078 1.79779 1.91194 
0.66762 0.733521 0.797709 0.966761 1.38925 1.51008 1.65121 1.65771 1.69078 1.79779 
0.66762 0.733521 0.797709 0.966761 1.38925 1.51008 1.65121 1.65771 1.69078 1.79779 
0.617602 0.66762 0.733521 0.797709 0.966761 1.38925 1.51008 1.65121 1.65771 1.69078 
0.617602 0.66762 0.733521 0.797709 0.966761 1.38925 1.51008 1.65121 1.65771 1.69078 
0.617602 0.66762 0.733521 0.797709 0.966761 1.38925 1.51008 1.59804 1.65121 1.65771 
0.617602 0.66762 0.733521 0.797709 0.966761 1.38925 1.41414 1.51008 1.59804 1.60711 
0.617602 0.66762 0.733521 0.797709 0.966761 1.38925 1.41414 1.51008 1.59804 1.60711 
0.49883 0.617602 0.66762 0.733521 0.797709 0.966761 1.24477 1.38925 1.41414 1.51008 
0.49883 0.617602 0.66762 0.733521 0.797709 0.966761 1.22885 1.24477 1.38925 1.41414 
0.49883 0.617602 0.66762 0.733521 0.797709 0.966761 1.22885 1.24477 1.34983 1.38925 
0.49883 0.617602 0.66762 0.733521 0.797709 0.966761 1.12164 1.22885 1.24477 1.24932 
0.213357 0.49883 0.617602 0.66762 0.733521 0.797709 0.966761 1.12164 1.22885 1.24477 
0.213357 0.49883 0.617602 0.66762 0.733521 0.797709 0.966761 1.12164 1.22885 1.24477 
0.213357 0.310521 0.49883 0.617602 0.66762 0.733521 0.797709 0.966761 1.12164 1.22885 
0.213357 0.310521 0.49883 0.617602 0.66762 0.733521 0.797709 0.966761 1.12164 1.22885 
0.213357 0.310521 0.49883 0.617602 0.66762 0.733521 0.797709 0.966761 1.12164 1.22885 
