2.29707 2.68598 3.72497 4.22146 4.37982 6.13166 7.09113 7.19403 8.16586 8.16705 
2.01394 2.29707 2.68598 3.53315 3.5775 3.72497 4.1599 4.20445 4.22146 4.37982 
1.97423 2.01394 2.29707 2.68598 3.53315 3.5775 3.72497 4.1599 4.20445 4.22146 
1.96528 1.97423 2.01394 2.29707 2.68598 3.53315 3.5775 3.72497 3.9396 4.15513 
1.96528 1.97423 2.01394 2.29707 2.68598 3.53315 3.56145 3.5775 3.72497 3.9396 
0.172126 0.688688 1.96528 1.97423 2.01394 2.29707 2.68598 3.53315 3.56145 3.5775 
0.172126 0.688688 1.94521 1.96528 1.97423 2.01394 2.29707 2.68598 3.53315 3.56145 
0.172126 0.688688 1.49578 1.94521 1.96528 1.97423 2.01394 2.29707 2.68598 2.80516 
0.172126 0.688688 1.49578 1.94521 1.96528 1.97423 2.01394 2.29707 2.68598 2.80516 
0.172126 0.688688 1.49578 1.94521 1.96528 1.97423 2.01394 2.29707 2.68598 2.80516 
0.172126 0.688688 1.49578 1.94521 1.96528 1.97423 2.01394 2.29707 2.54392 2.68598 
0.172126 0.688688 1.49578 1.94521 1.96528 1.97423 2.01394 2.29707 2.54392 2.68598 
0.172126 0.688688 1.49578 1.94521 1.96528 1.97423 2.01394 2.29707 2.54392 2.68598 
0.172126 0.688688 1.49578 1.67441 1.94521 1.96528 1.97423 2.01394 2.29707 2.54392 
0.172126 0.688688 1.49578 1.67441 1.94521 1.96528 1.97423 2.01394 2.29707 2.54392 
0.172126 0.688688 1.49578 1.67441 1.94521 1.96528 1.97423 2.01394 2.29707 2.39396 
0.172126 0.688688 1.49578 1.67441 1.94521 1.96528 1.97423 2.01394 2.29707 2.39396 
0.172126 0.688688 1.49578 1.67441 1.94521 1.96528 1.97423 2.01394 2.15364 2.29707 
0.172126 0.688688 1.49578 1.67441 1.94521 1.96528 1.97423 2.01394 2.15364 2.29707 
0.172126 0.688688 1.49578 1.67441 1.94521 1.95696 1.96528 1.97423 2.01394 2.15364 
0.172126 0.688688 1.49578 1.67441 1.94521 1.95696 1.96528 1.97423 2.01394 2.15364 
0.172126 0.688688 1.49578 1.67441 1.94521 1.95696 1.96528 1.97423 2.01394 2.15364 
0.172126 0.688688 1.47777 1.49578 1.50183 1.67441 1.94521 1.95696 1.96528 1.97423 
0.172126 0.688688 1.47777 1.49578 1.50183 1.67441 1.94521 1.95696 1.96528 1.97423 
0.172126 0.688688 1.47777 1.49578 1.50183 1.67441 1.94521 1.95696 1.96528 1.97423 
0.172126 0.414659 0.688688 1.31905 1.47777 1.49578 1.50183 1.67441 1.94521 1.95696 
0.172126 0.414659 0.688688 1.31905 1.47777 1.48391 1.49578 1.50183 1.67441 1.79181 
0.172126 0.414659 0.636719 0.688688 1.31905 1.44025 1.47777 1.48391 1.49578 1.50183 
0.172126 0.414659 0.636719 0.688688 1.31905 1.44025 1.47777 1.48391 1.49578 1.50183 
0.172126 0.336435 0.414659 0.636719 0.688688 0.881961 1.31905 1.44025 1.47777 1.48391 
0.172126 0.336435 0.414659 0.636719 0.688688 0.881961 1.31905 1.44025 1.47777 1.48391 
0.172126 0.336435 0.390619 0.414659 0.636719 0.688688 0.881961 1.31905 1.44025 1.47777 
0.172126 0.336435 0.390619 0.414659 0.636719 0.688688 0.691147 0.881961 1.24908 1.31905 
0.172126 0.336435 0.390619 0.411937 0.414659 0.636719 0.688688 0.691147 0.881961 1.24908 
0.172126 0.336435 0.390619 0.411937 0.414659 0.636719 0.688688 0.691147 0.881961 1.24908 
0.172126 0.336435 0.390619 0.411937 0.414659 0.514302 0.636719 0.688688 0.691147 0.881961 
0.172126 0.336435 0.390619 0.411937 0.414659 0.514302 0.636719 0.688688 0.691147 0.881961 
0.172126 0.336435 0.390619 0.411937 0.414659 0.514302 0.636719 0.688688 0.691147 0.881961 
0.172126 0.336435 0.390619 0.411937 0.414659 0.514302 0.636719 0.688688 0.691147 0.881961 
0.172126 0.336435 0.390619 0.411937 0.414659 0.514302 0.636719 0.688688 0.691147 0.881961 
0.172126 0.336435 0.390619 0.411937 0.414659 0.514302 0.593076 0.636719 0.688688 0.691147 
0.172126 0.336435 0.390619 0.411937 0.414659 0.514302 0.593076 0.636719 0.688688 0.691147 
0.172126 0.336435 0.390619 0.411937 0.414659 0.514302 0.593076 0.636719 0.688688 0.691147 
0.172126 0.336435 0.390619 0.411937 0.414659 0.514302 0.593076 0.636719 0.688688 0.691147 
0.172126 0.336435 0.390619 0.411937 0.414659 0.514302 0.593076 0.636719 0.688688 0.691147 
0.172126 0.336435 0.390619 0.411937 0.414659 0.514302 0.593076 0.636719 0.688688 0.691147 
0.172126 0.336435 0.390619 0.411937 0.414659 0.514302 0.593076 0.636719 0.688688 0.691147 
0.172126 0.336435 0.390619 0.411937 0.414659 0.514302 0.593076 0.636719 0.688688 0.691147 
0.172126 0.336435 0.390619 0.411937 0.414659 0.514302 0.593076 0.636719 0.688688 0.691147 
0.172126 0.336435 0.390619 0.411937 0.414659 0.514302 0.593076 0.636719 0.688688 0.691147 
0.172126 0.336435 0.390619 0.411937 0.414659 0.514302 0.593076 0.636719 0.688688 0.691147 
0.172126 0.336435 0.390619 0.411937 0.414659 0.514302 0.593076 0.636719 0.688688 0.691147 
0.172126 0.336435 0.390619 0.411937 0.414659 0.514302 0.593076 0.636719 0.688688 0.691147 
0.172126 0.336435 0.390619 0.411937 0.414659 0.514302 0.593076 0.636719 0.688688 0.691147 
0.172126 0.336435 0.390619 0.411937 0.414659 0.514302 0.593076 0.636719 0.688688 0.691147 
0.172126 0.336435 0.390619 0.411937 0.414659 0.514302 0.593076 0.636719 0.688688 0.691147 
0.172126 0.336435 0.390619 0.411937 0.414659 0.514302 0.593076 0.636719 0.688688 0.691147 
0.172126 0.336435 0.390619 0.411937 0.414659 0.514302 0.593076 0.636719 0.688688 0.691147 
0.172126 0.336435 0.390619 0.411937 0.414659 0.514302 0.593076 0.636719 0.688688 0.691147 
0.172126 0.336435 0.390619 0.411937 0.414659 0.514302 0.593076 0.636719 0.688688 0.691147 
0.172126 0.336435 0.390619 0.411937 0.414659 0.514302 0.593076 0.636719 0.688688 0.691147 
0.172126 0.336435 0.390619 0.411937 0.414659 0.514302 0.593076 0.636719 0.688688 0.691147 
0.172126 0.336435 0.390619 0.411937 0.414659 0.514302 0.593076 0.636719 0.677047 0.688688 
0.172126 0.336435 0.390619 0.411937 0.414659 0.514302 0.593076 0.636719 0.677047 0.688688 
0.172126 0.336435 0.390619 0.411937 0.414659 0.514302 0.593076 0.636719 0.677047 0.688688 
0.172126 0.336435 0.390619 0.411937 0.414659 0.514302 0.593076 0.636719 0.677047 0.688688 
0.172126 0.336435 0.390619 0.411937 0.414659 0.514302 0.593076 0.636719 0.677047 0.688688 
0.172126 0.336435 0.390619 0.411937 0.414659 0.514302 0.593076 0.636719 0.677047 0.688688 
0.172126 0.336435 0.390619 0.411937 0.414659 0.430807 0.514302 0.593076 0.636719 0.662662 
0.172126 0.336435 0.390619 0.411937 0.414659 0.430807 0.514302 0.593076 0.636719 0.662662 
0.172126 0.336435 0.390619 0.411937 0.414659 0.430807 0.512619 0.514302 0.593076 0.636719 
0.172126 0.336435 0.378901 0.390619 0.411937 0.414659 0.430807 0.512619 0.514302 0.593076 
0.172126 0.336435 0.378901 0.390619 0.407937 0.411937 0.414659 0.430807 0.512619 0.514302 
0.172126 0.336435 0.378845 0.378901 0.390619 0.407937 0.411937 0.414659 0.430807 0.512619 
0.172126 0.336435 0.378845 0.378901 0.390619 0.407937 0.411937 0.414659 0.430807 0.494024 
0.172126 0.336435 0.378845 0.378901 0.390619 0.407937 0.411937 0.414659 0.430807 0.494024 
0.172126 0.336435 0.378845 0.378901 0.390619 0.407937 0.411937 0.414659 0.430807 0.494024 
0.172126 0.336435 0.342563 0.378845 0.378901 0.390619 0.407937 0.411937 0.414659 0.430807 
0.172126 0.336435 0.342563 0.359653 0.378845 0.378901 0.390619 0.407937 0.411937 0.414659 
0.172126 0.336435 0.342563 0.359653 0.378845 0.378901 0.390619 0.407937 0.411937 0.414659 
0.172126 0.275242 0.336435 0.342563 0.359653 0.378845 0.378901 0.390619 0.407937 0.411937 
0.172126 0.275242 0.336435 0.342563 0.359653 0.378845 0.378901 0.390619 0.407937 0.411937 
0.172126 0.275242 0.336435 0.342563 0.359653 0.378845 0.378901 0.390619 0.407937 0.411937 
0.172126 0.275242 0.336435 0.342563 0.359653 0.368506 0.378845 0.378901 0.390619 0.407937 
0.172126 0.275242 0.276745 0.336435 0.342563 0.35142 0.359653 0.368506 0.378845 0.378901 
0.172126 0.275242 0.276745 0.311048 0.336435 0.342563 0.35142 0.359653 0.368506 0.378845 
0.172126 0.275242 0.276745 0.311048 0.336435 0.342563 0.35142 0.359653 0.368506 0.378845 
0.172126 0.275242 0.276745 0.290271 0.311048 0.321082 0.336435 0.342563 0.35142 0.359653 
0.172126 0.22562 0.275242 0.276745 0.290271 0.311048 0.321082 0.336435 0.342563 0.35142 
0.172126 0.214332 0.22562 0.270592 0.275242 0.276745 0.290271 0.297778 0.311048 0.321082 
0.172126 0.214332 0.215152 0.22562 0.270592 0.275242 0.276745 0.290271 0.297778 0.311048 
0.172126 0.214332 0.215152 0.22562 0.270592 0.275242 0.276745 0.290271 0.297778 0.311048 
0.172126 0.214332 0.215152 0.22562 0.235662 0.270592 0.275242 0.276745 0.290271 0.297778 
0.172126 0.210746 0.214332 0.215152 0.22562 0.235662 0.270592 0.275242 0.276745 0.290271 
0.172126 0.210746 0.214332 0.215152 0.22562 0.235662 0.270592 0.275242 0.276745 0.290271 
0.172126 0.210746 0.214332 0.215152 0.22562 0.235662 0.24424 0.270592 0.275242 0.276745 
0.172126 0.207265 0.210746 0.214332 0.215152 0.22562 0.235662 0.23962 0.24424 0.270592 
0.172126 0.185187 0.207265 0.210746 0.214332 0.215152 0.22562 0.235662 0.23962 0.24424 
0.172126 0.185187 0.207265 0.210746 0.214332 0.215152 0.22562 0.235662 0.23962 0.24424 
0.172126 0.185187 0.185314 0.207265 0.210746 0.214332 0.215152 0.221919 0.22562 0.235662 
