5.71064 6.23642 6.64388 7.84259 7.96523 8.24262 8.6094 9.11221 10.701 10.7734 
5.71064 6.23642 6.64388 7.84259 7.96523 8.22898 8.24262 8.6094 8.72298 9.11221 
4.48146 5.38371 5.71064 5.91363 6.23642 6.52043 6.64388 7.84259 7.96523 8.13137 
4.48146 5.19074 5.38371 5.52824 5.71064 5.73013 5.91363 6.10441 6.23642 6.29466 
3.47628 4.48146 4.57679 5.19074 5.25112 5.38371 5.52824 5.71064 5.73013 5.91363 
3.47628 4.48146 4.57679 4.94954 5.19074 5.25112 5.38371 5.52824 5.71064 5.73013 
1.86376 3.47628 4.48146 4.57679 4.94954 5.19074 5.25112 5.38371 5.52824 5.71064 
1.86376 3.3532 3.37068 3.47628 4.48146 4.57679 4.94954 5.19074 5.25112 5.38371 
1.86376 3.23918 3.3532 3.37068 3.47628 4.48146 4.57679 4.71497 4.94954 5.19074 
1.86376 3.23918 3.3532 3.37068 3.47628 3.83946 4.48146 4.57679 4.71497 4.94954 
1.86376 3.23918 3.2477 3.3532 3.37068 3.47628 3.83946 4.48146 4.57679 4.71497 
1.86376 3.23918 3.2477 3.3532 3.37068 3.47628 3.83946 4.48146 4.48265 4.57679 
1.86376 3.23918 3.2477 3.3532 3.35498 3.37068 3.47628 3.83946 4.48146 4.48265 
1.86376 3.23918 3.2477 3.3532 3.35498 3.37068 3.47628 3.83946 4.48146 4.48265 
1.86376 3.23918 3.2477 3.3532 3.35498 3.37068 3.47628 3.49679 3.83946 4.38922 
1.86376 3.23918 3.2477 3.3532 3.35498 3.37068 3.47628 3.49679 3.6425 3.83946 
1.86376 2.89835 3.23918 3.2477 3.3532 3.35498 3.37068 3.47628 3.49679 3.6425 
1.86376 2.63488 2.89835 3.23918 3.2477 3.3532 3.35498 3.37068 3.47628 3.49679 
1.86376 2.16344 2.63488 2.89835 2.95108 3.23918 3.2477 3.3532 3.35498 3.37068 
1.86376 2.06352 2.16344 2.63488 2.81833 2.89835 2.95108 3.23918 3.2477 3.3532 
1.86376 2.06352 2.16344 2.2468 2.63488 2.81833 2.89835 2.92902 2.95108 3.23918 
0.486025 1.86376 2.06352 2.16344 2.2468 2.63488 2.81833 2.89835 2.92902 2.95108 
0.486025 1.86376 2.06352 2.16344 2.2468 2.63488 2.81833 2.89835 2.92902 2.95108 
0.486025 0.895026 1.86376 2.06352 2.16344 2.2468 2.38792 2.63488 2.81833 2.89835 
0.486025 0.895026 1.86376 2.06352 2.16344 2.2468 2.38792 2.63488 2.81833 2.89835 
0.486025 0.895026 1.0147 1.86376 2.06352 2.16344 2.2468 2.38792 2.63488 2.81833 
0.486025 0.895026 1.0147 1.86376 2.06352 2.16344 2.2468 2.38792 2.63488 2.81833 
0.486025 0.895026 1.0147 1.86376 2.06352 2.16344 2.2468 2.38792 2.63488 2.7047 
0.486025 0.739578 0.895026 1.0147 1.86376 2.06352 2.16344 2.2468 2.38792 2.63488 
0.486025 0.739578 0.895026 1.0147 1.86376 2.06352 2.16344 2.2468 2.38792 2.63488 
0.486025 0.739578 0.895026 1.0147 1.86376 2.06352 2.16344 2.2468 2.38792 2.63488 
0.486025 0.739578 0.895026 1.0147 1.37643 1.86376 2.06352 2.16344 2.2468 2.38792 
0.486025 0.739578 0.895026 1.0147 1.37643 1.86376 2.06352 2.16344 2.2468 2.38792 
0.486025 0.739578 0.895026 1.0147 1.37643 1.86376 2.06352 2.16344 2.2468 2.38792 
0.486025 0.739578 0.895026 1.0147 1.37643 1.86376 2.06352 2.16344 2.2468 2.38792 
0.486025 0.739578 0.895026 1.0147 1.37643 1.86376 2.06352 2.16344 2.2468 2.38792 
0.486025 0.739578 0.895026 1.0147 1.37643 1.86376 2.06352 2.16344 2.2468 2.38792 
0.486025 0.739578 0.895026 1.0147 1.37643 1.85275 1.86376 2.02324 2.06352 2.16344 
0.486025 0.739578 0.895026 1.0147 1.37643 1.85275 1.86376 2.02324 2.06352 2.16344 
0.486025 0.739578 0.785308 0.895026 1.0147 1.37643 1.48153 1.85275 1.86376 2.02324 
0.486025 0.739578 0.785308 0.895026 1.0147 1.37643 1.48153 1.4929 1.85275 1.86376 
0.486025 0.739578 0.785308 0.895026 1.0147 1.37643 1.48153 1.4929 1.85275 1.86376 
0.0111399 0.486025 0.739578 0.785308 0.895026 1.0147 1.37643 1.48153 1.4929 1.5525 
0.0111399 0.486025 0.739578 0.785308 0.895026 1.0147 1.37643 1.48153 1.4929 1.5525 
0.0111399 0.486025 0.739578 0.785308 0.895026 1.0147 1.0381 1.37643 1.48153 1.4929 
0.0111399 0.486025 0.53772 0.739578 0.785308 0.895026 1.0147 1.0381 1.37643 1.48153 
0.0111399 0.486025 0.53772 0.739578 0.785308 0.895026 1.0147 1.0381 1.37643 1.48153 
0.0111399 0.486025 0.53772 0.739578 0.785308 0.895026 1.0147 1.0381 1.37643 1.48153 
0.0111399 0.34055 0.486025 0.53772 0.739578 0.785308 0.895026 1.0147 1.0381 1.37643 
0.0111399 0.34055 0.486025 0.53772 0.739578 0.785308 0.895026 1.0147 1.0381 1.37643 
0.0111399 0.219554 0.34055 0.486025 0.53772 0.739578 0.785308 0.895026 1.0147 1.0381 
0.0111399 0.219554 0.34055 0.486025 0.53772 0.739578 0.785308 0.895026 1.0147 1.0381 
0.0111399 0.219554 0.34055 0.486025 0.53772 0.739578 0.785308 0.895026 1.0147 1.0381 
0.0111399 0.219554 0.34055 0.486025 0.53772 0.739578 0.785308 0.895026 1.0147 1.0381 
0.0111399 0.219554 0.34055 0.486025 0.53772 0.739578 0.785308 0.895026 1.0147 1.0381 
0.0111399 0.219554 0.334489 0.34055 0.486025 0.53772 0.739578 0.785308 0.895026 1.0147 
0.0111399 0.219554 0.334489 0.34055 0.486025 0.53772 0.739578 0.785308 0.895026 1.0147 
0.0111399 0.219554 0.334489 0.34055 0.486025 0.53772 0.739578 0.785308 0.895026 1.0147 
0.0111399 0.219554 0.334489 0.34055 0.486025 0.53772 0.739578 0.785308 0.895026 1.0147 
0.0111399 0.219554 0.334489 0.34055 0.486025 0.53772 0.739578 0.785308 0.895026 1.0147 
0.0111399 0.219554 0.334489 0.34055 0.486025 0.53772 0.739578 0.785308 0.895026 1.0147 
0.0111399 0.219554 0.334489 0.34055 0.486025 0.53772 0.739578 0.785308 0.895026 1.0147 
0.0111399 0.219554 0.334489 0.34055 0.486025 0.53772 0.739578 0.785308 0.895026 1.0147 
0.0111399 0.219554 0.334489 0.34055 0.486025 0.53772 0.739578 0.785308 0.895026 1.0147 
0.0111399 0.219554 0.334489 0.34055 0.486025 0.53772 0.739578 0.785308 0.895026 1.0147 
0.0111399 0.219554 0.334489 0.34055 0.486025 0.53772 0.739578 0.785308 0.895026 1.0147 
0.0111399 0.219554 0.334489 0.34055 0.486025 0.53772 0.739578 0.785308 0.895026 1.0147 
0.0111399 0.219554 0.334489 0.34055 0.486025 0.53772 0.739578 0.785308 0.895026 1.0147 
0.0111399 0.219554 0.334489 0.34055 0.486025 0.53772 0.739578 0.785308 0.895026 1.0147 
0.0111399 0.219554 0.334489 0.34055 0.486025 0.53772 0.739578 0.785308 0.895026 1.0147 
0.0111399 0.219554 0.334489 0.34055 0.486025 0.53772 0.739578 0.785308 0.895026 1.0147 
0.0111399 0.219554 0.334489 0.34055 0.486025 0.53772 0.739578 0.785308 0.895026 1.0147 
0.0111399 0.219554 0.334489 0.34055 0.486025 0.53772 0.739578 0.785308 0.895026 1.0147 
0.0111399 0.219554 0.334489 0.34055 0.486025 0.53772 0.739578 0.785308 0.895026 1.0147 
0.0111399 0.219554 0.334489 0.34055 0.486025 0.53772 0.739578 0.785308 0.895026 1.0147 
0.0111399 0.219554 0.334489 0.34055 0.486025 0.53772 0.739578 0.785308 0.895026 1.0147 
0.0111399 0.219554 0.334489 0.34055 0.486025 0.53772 0.739578 0.785308 0.895026 1.0147 
0.0111399 0.219554 0.334489 0.34055 0.486025 0.53772 0.739578 0.785308 0.895026 1.0147 
0.0111399 0.219554 0.334489 0.34055 0.486025 0.53772 0.739578 0.785308 0.895026 1.0147 
0.0111399 0.219554 0.334489 0.34055 0.486025 0.53772 0.739578 0.785308 0.895026 1.0147 
0.0111399 0.219554 0.334489 0.34055 0.486025 0.53772 0.739578 0.785308 0.895026 1.0147 
0.0111399 0.219554 0.334489 0.34055 0.486025 0.53772 0.739578 0.785308 0.895026 1.0147 
0.0111399 0.219554 0.334489 0.34055 0.486025 0.53772 0.739578 0.785308 0.895026 1.0147 
0.0111399 0.219554 0.334489 0.34055 0.486025 0.53772 0.739578 0.785308 0.895026 1.0147 
0.0111399 0.219554 0.334489 0.34055 0.486025 0.53772 0.739578 0.785308 0.895026 1.0147 
0.0111399 0.219554 0.334489 0.34055 0.486025 0.53772 0.739578 0.785308 0.895026 1.0147 
0.0111399 0.219554 0.334489 0.34055 0.486025 0.53772 0.739578 0.785308 0.895026 1.0147 
0.0111399 0.219554 0.334489 0.34055 0.486025 0.53772 0.739578 0.785308 0.895026 1.0147 
0.0111399 0.219554 0.334489 0.34055 0.486025 0.53772 0.739578 0.785308 0.895026 1.0147 
0.0111399 0.219554 0.334489 0.34055 0.486025 0.53772 0.739578 0.785308 0.895026 1.0147 
0.0111399 0.219554 0.334489 0.34055 0.486025 0.53772 0.739578 0.785308 0.895026 1.0147 
0.0111399 0.219554 0.334489 0.34055 0.486025 0.53772 0.739578 0.785308 0.895026 1.0147 
0.0111399 0.219554 0.334489 0.34055 0.486025 0.53772 0.739578 0.785308 0.895026 1.0147 
0.0111399 0.219554 0.334489 0.34055 0.486025 0.53772 0.739578 0.785308 0.895026 1.0147 
0.0111399 0.219554 0.334489 0.34055 0.486025 0.53772 0.739578 0.785308 0.895026 1.0147 
0.0111399 0.219554 0.334489 0.34055 0.486025 0.53772 0.739578 0.785308 0.895026 1.0147 
0.0111399 0.219554 0.334489 0.34055 0.486025 0.53772 0.739578 0.785308 0.895026 1.0147 
0.0111399 0.219554 0.334489 0.34055 0.486025 0.53772 0.739578 0.785308 0.895026 1.0147 
0.0111399 0.219554 0.334489 0.34055 0.486025 0.53772 0.739578 0.785308 0.895026 1.0147 
0.0111399 0.219554 0.334489 0.34055 0.486025 0.53772 0.739578 0.785308 0.895026 1.0147 
