1.82851 1.89305 3.71518 3.89299 4.29877 4.52712 4.54398 7.28488 7.29761 8.31052 
1.82851 1.89305 3.71518 3.89299 4.03435 4.24653 4.29877 4.43609 4.52712 4.54398 
1.82851 1.89305 2.09038 3.15131 3.71518 3.89299 3.94088 4.03435 4.24653 4.28402 
1.82851 1.89305 2.09038 3.15131 3.47159 3.71518 3.89299 3.91576 3.94088 4.03435 
1.64237 1.82851 1.89305 2.09038 2.73089 3.15131 3.47159 3.71518 3.89299 3.91576 
1.64237 1.82851 1.89305 2.09038 2.46225 2.73089 3.15131 3.47159 3.71518 3.89299 
1.64237 1.82851 1.89305 2.09038 2.12861 2.46225 2.73089 3.04821 3.15131 3.47159 
1.64237 1.82851 1.89305 2.09038 2.12861 2.46225 2.73089 3.04821 3.15131 3.33051 
1.64237 1.80455 1.82851 1.89305 2.09038 2.12861 2.46225 2.73089 3.04821 3.15131 
1.64237 1.80455 1.82851 1.89305 2.09038 2.12861 2.46225 2.71522 2.73089 3.04821 
1.64237 1.80455 1.82851 1.89305 2.09038 2.12861 2.46225 2.71522 2.73089 2.86405 
1.64237 1.80455 1.82851 1.89305 2.09038 2.12861 2.46225 2.71522 2.73089 2.86405 
1.64237 1.80455 1.82851 1.89305 2.09038 2.12861 2.46225 2.71522 2.73089 2.86405 
1.64237 1.80455 1.82851 1.89305 2.09038 2.12861 2.46225 2.71522 2.73089 2.86405 
1.64237 1.80455 1.82851 1.89305 2.09038 2.12861 2.46225 2.71522 2.73089 2.86405 
1.64237 1.64314 1.80455 1.82851 1.89305 2.09038 2.12861 2.27766 2.46225 2.71522 
1.64237 1.64314 1.80455 1.82851 1.89305 2.09038 2.11539 2.12861 2.27766 2.46225 
1.64237 1.64314 1.80455 1.82851 1.89305 2.09038 2.11539 2.12861 2.27766 2.46225 
1.64237 1.64314 1.80455 1.82851 1.89305 1.96659 2.06156 2.09038 2.11539 2.12861 
1.64237 1.64314 1.80455 1.82851 1.89305 1.96659 2.06156 2.09038 2.11539 2.12861 
1.64237 1.64314 1.80455 1.82851 1.89305 1.96659 2.06156 2.09038 2.11539 2.12861 
1.64237 1.64314 1.80455 1.82851 1.89305 1.96659 2.06156 2.09038 2.11539 2.12861 
1.64237 1.64314 1.80455 1.82851 1.89305 1.96659 2.06156 2.09038 2.11539 2.12861 
1.64237 1.64244 1.64314 1.80455 1.82851 1.89305 1.96659 2.06156 2.09038 2.11539 
0.109654 1.64237 1.64244 1.64314 1.80455 1.82851 1.89305 1.96659 2.06156 2.09038 
0.109654 0.754282 1.64237 1.64244 1.64314 1.80455 1.82851 1.89305 1.96659 2.06156 
0.109654 0.375731 0.754282 1.64237 1.64244 1.64314 1.80455 1.82851 1.89305 1.96659 
0.109654 0.375731 0.754282 1.09193 1.64237 1.64244 1.64314 1.80455 1.80865 1.82851 
0.109654 0.326187 0.375731 0.754282 1.09193 1.64237 1.64244 1.64314 1.80455 1.80865 
0.109654 0.326187 0.375731 0.754282 1.09193 1.64237 1.64244 1.64314 1.80455 1.80865 
0.109654 0.326187 0.375731 0.754282 1.09193 1.64237 1.64244 1.64314 1.80455 1.80865 
0.109654 0.271895 0.326187 0.375731 0.754282 1.09193 1.64237 1.64244 1.64314 1.80455 
0.109654 0.271895 0.326187 0.375731 0.754282 1.09193 1.64237 1.64244 1.64314 1.80455 
0.109654 0.271895 0.326187 0.375731 0.458665 0.754282 0.938782 1.09193 1.64237 1.64244 
0.109654 0.271895 0.326187 0.375731 0.458665 0.754282 0.938782 1.09193 1.64237 1.64244 
0.0341739 0.109654 0.271895 0.326187 0.375731 0.458665 0.754282 0.938782 1.09193 1.64237 
0.0341739 0.109654 0.271895 0.326187 0.375731 0.458665 0.754282 0.938782 1.09193 1.64237 
0.0341739 0.109654 0.271895 0.326187 0.375731 0.458665 0.754282 0.938782 0.946943 1.09193 
0.0341739 0.109654 0.271895 0.326187 0.375731 0.458665 0.754282 0.938782 0.946943 1.09193 
0.0341739 0.109654 0.271895 0.326187 0.375731 0.458665 0.754282 0.938782 0.946943 1.09193 
0.0341739 0.109654 0.271895 0.326187 0.375731 0.458665 0.754282 0.938782 0.946943 1.09193 
0.0341739 0.109654 0.271895 0.326187 0.375731 0.458665 0.754282 0.938782 0.946943 1.09193 
0.0341739 0.109654 0.271895 0.326187 0.375731 0.458665 0.754282 0.938782 0.946943 1.09193 
0.0341739 0.109654 0.271895 0.326187 0.375731 0.458665 0.754282 0.938782 0.946943 1.09193 
0.0341739 0.109654 0.271895 0.326187 0.375731 0.458665 0.754282 0.938782 0.946943 1.09193 
0.0341739 0.109654 0.271895 0.326187 0.375731 0.458665 0.754282 0.938782 0.946943 1.09193 
0.0341739 0.109654 0.271895 0.326187 0.375731 0.458665 0.754282 0.938782 0.946943 1.09193 
0.0341739 0.109654 0.271895 0.326187 0.375731 0.458665 0.754282 0.938782 0.946943 1.09193 
0.0341739 0.109654 0.271895 0.326187 0.375731 0.458665 0.754282 0.938782 0.946943 1.09193 
0.0341739 0.109654 0.271895 0.326187 0.375731 0.458665 0.754282 0.938782 0.946943 1.09193 
0.0341739 0.109654 0.271895 0.326187 0.375731 0.458665 0.754282 0.938782 0.946943 1.09193 
0.0341739 0.109654 0.271895 0.326187 0.375731 0.458665 0.754282 0.938782 0.946943 1.09193 
0.0341739 0.109654 0.271895 0.326187 0.375731 0.458665 0.754282 0.938782 0.946943 1.09193 
0.0341739 0.109654 0.271895 0.326187 0.375731 0.458665 0.754282 0.938782 0.946943 1.09193 
0.0341739 0.109654 0.271895 0.326187 0.375731 0.458665 0.754282 0.938782 0.946943 1.09193 
0.0341739 0.109654 0.271895 0.326187 0.375731 0.458665 0.754282 0.938782 0.946943 1.09193 
0.0341739 0.109654 0.271895 0.326187 0.375731 0.458665 0.754282 0.938782 0.946943 1.09193 
0.0341739 0.109654 0.271895 0.326187 0.375731 0.458665 0.754282 0.938782 0.946943 1.09193 
0.0341739 0.109654 0.271895 0.326187 0.375731 0.458665 0.754282 0.938782 0.946943 1.09193 
0.0341739 0.109654 0.271895 0.326187 0.375731 0.458665 0.754282 0.938782 0.946943 1.09193 
0.0341739 0.109654 0.271895 0.326187 0.375731 0.458665 0.754282 0.938782 0.946943 1.09193 
0.0341739 0.109654 0.271895 0.326187 0.375731 0.458665 0.754282 0.938782 0.946943 1.09193 
0.0341739 0.109654 0.271895 0.326187 0.375731 0.458665 0.754282 0.938782 0.946943 1.09193 
0.0341739 0.109654 0.271895 0.326187 0.375731 0.458665 0.754282 0.938782 0.946943 1.09193 
0.0341739 0.109654 0.271895 0.326187 0.375731 0.458665 0.754282 0.938782 0.946943 1.09193 
0.0341739 0.109654 0.271895 0.326187 0.375731 0.458665 0.735852 0.754282 0.938782 0.946943 
0.0341739 0.109654 0.271895 0.326187 0.375731 0.458665 0.735852 0.754282 0.776374 0.938782 
0.0341739 0.109654 0.271895 0.326187 0.375731 0.458665 0.735852 0.754282 0.776374 0.938782 
0.0341739 0.109654 0.271895 0.326187 0.375731 0.458665 0.695782 0.735852 0.754282 0.776374 
0.0341739 0.109654 0.271895 0.326187 0.375731 0.458665 0.695782 0.735852 0.754282 0.776374 
0.0341739 0.109654 0.271895 0.326187 0.375731 0.458665 0.695782 0.735852 0.754282 0.776374 
0.0341739 0.109654 0.271895 0.326187 0.375731 0.458665 0.695782 0.735852 0.754282 0.776374 
0.0341739 0.109654 0.271895 0.326187 0.375731 0.458665 0.695782 0.735852 0.754282 0.776374 
0.0341739 0.109654 0.271895 0.326187 0.375731 0.458665 0.695782 0.735852 0.754282 0.776374 
0.0341739 0.109654 0.271895 0.326187 0.375731 0.458665 0.695782 0.735852 0.754282 0.776374 
0.0341739 0.109654 0.271895 0.326187 0.375731 0.458665 0.695782 0.735852 0.754282 0.776374 
0.0341739 0.109654 0.271895 0.326187 0.375731 0.458665 0.695782 0.735852 0.754282 0.776374 
0.0341739 0.109654 0.271895 0.326187 0.375731 0.458665 0.695782 0.735852 0.754282 0.776374 
0.0341739 0.109654 0.271895 0.326187 0.375731 0.458665 0.695782 0.735852 0.754282 0.776374 
0.0341739 0.109654 0.271895 0.326187 0.375731 0.458665 0.695782 0.735852 0.754282 0.776374 
0.0341739 0.109654 0.271895 0.326187 0.375731 0.458665 0.695782 0.735852 0.754282 0.776374 
0.0341739 0.109654 0.271895 0.326187 0.375731 0.440686 0.458665 0.695782 0.735852 0.754282 
0.0341739 0.109654 0.271895 0.326187 0.375731 0.440686 0.448024 0.458665 0.695782 0.735852 
0.0341739 0.109654 0.271895 0.326187 0.375731 0.440686 0.448024 0.458665 0.695782 0.735852 
0.0341739 0.109654 0.271895 0.326187 0.375731 0.440686 0.448024 0.458665 0.656204 0.657883 
0.0341739 0.109654 0.271895 0.326187 0.375731 0.440686 0.448024 0.458665 0.642983 0.656204 
0.0341739 0.109654 0.271895 0.326187 0.375731 0.440686 0.448024 0.458665 0.627623 0.642983 
0.0341739 0.109654 0.271895 0.326187 0.375731 0.440686 0.448024 0.458665 0.627623 0.642983 
0.0341739 0.109654 0.271895 0.326187 0.375731 0.440686 0.448024 0.458665 0.627623 0.642983 
0.0341739 0.109654 0.271895 0.326187 0.375731 0.440686 0.448024 0.458665 0.627623 0.642983 
0.0341739 0.109654 0.271895 0.326187 0.334139 0.375731 0.440686 0.448024 0.458665 0.627623 
0.0341739 0.109654 0.271895 0.326187 0.334139 0.375731 0.440686 0.448024 0.458665 0.562099 
0.0341739 0.109654 0.271895 0.322917 0.322988 0.326187 0.334139 0.375731 0.440686 0.448024 
0.0341739 0.109654 0.271895 0.322917 0.322988 0.326187 0.334139 0.375731 0.440686 0.448024 
0.0341739 0.109654 0.271895 0.322917 0.322988 0.326187 0.334139 0.375731 0.440686 0.448024 
0.0341739 0.109654 0.271895 0.322917 0.322988 0.326187 0.334139 0.375731 0.440686 0.448024 
0.0341739 0.109654 0.271895 0.322917 0.322988 0.326187 0.334139 0.375731 0.440686 0.448024 
0.0341739 0.109654 0.271895 0.322917 0.322988 0.326187 0.334139 0.375731 0.440686 0.448024 
0.0341739 0.109654 0.271895 0.322917 0.322988 0.326187 0.334139 0.375731 0.440686 0.448024 
0.0341739 0.109654 0.271895 0.322917 0.322988 0.326187 0.334139 0.375731 0.440686 0.448024 
