3.21738 5.62471 6.42182 7.0725 7.41529 7.48911 7.6515 7.81377 7.9058 8.03771 
3.21738 5.62471 6.42182 7.0725 7.41529 7.48911 7.6515 7.81377 7.9058 8.03771 
3.21738 5.62471 6.42182 7.0725 7.41529 7.48911 7.6515 7.81377 7.9058 8.03771 
3.21738 5.62471 5.91452 6.42182 7.0725 7.41529 7.48911 7.58468 7.6515 7.81377 
3.21738 5.62471 5.91452 6.42182 7.0725 7.41529 7.48911 7.58468 7.6515 7.81377 
3.21738 4.11386 5.62471 5.91452 6.42182 6.61437 7.0725 7.41529 7.48911 7.58468 
3.21738 4.11386 5.62471 5.91452 6.42182 6.61437 7.0725 7.41529 7.48911 7.58468 
3.21738 4.11386 5.62471 5.91452 6.42182 6.61437 7.0725 7.41529 7.48911 7.58468 
3.21738 4.11386 5.62471 5.91452 5.92756 6.42182 6.61437 7.0725 7.41529 7.48911 
3.15658 3.21738 4.11386 5.62471 5.91452 5.92756 6.42182 6.61437 7.0725 7.41529 
2.787 3.15658 3.21738 4.11386 5.62471 5.76742 5.91452 5.92756 6.42182 6.61437 
2.787 3.15658 3.21738 3.71397 3.95464 4.11386 5.62471 5.76742 5.91452 5.92756 
2.787 3.15658 3.21738 3.71397 3.95464 4.11386 5.09147 5.62471 5.76742 5.91452 
2.787 3.15658 3.21738 3.71397 3.95464 4.11386 4.56125 5.09147 5.62471 5.76742 
2.787 3.15658 3.21738 3.71397 3.95464 4.11386 4.56125 5.09147 5.62471 5.76742 
1.69322 2.787 3.15658 3.21738 3.71397 3.95464 4.11386 4.56125 5.09147 5.62471 
1.69322 2.787 3.15658 3.21738 3.71397 3.95464 4.11386 4.56125 5.09147 5.62471 
1.69322 2.787 3.15658 3.21738 3.71397 3.95464 4.11386 4.56125 5.09147 5.62471 
1.69322 2.787 3.15658 3.21738 3.71397 3.95464 4.11386 4.56125 5.09147 5.62471 
1.69322 2.787 3.00642 3.15658 3.21738 3.71397 3.95464 4.11386 4.56125 5.09147 
1.69322 2.787 3.00642 3.15658 3.21738 3.67547 3.71397 3.95464 4.11386 4.56125 
1.69322 2.787 3.00642 3.15658 3.21738 3.67547 3.71397 3.95464 4.11386 4.40932 
1.69322 2.787 3.00642 3.15658 3.21738 3.29975 3.67547 3.71397 3.95464 4.11386 
1.69322 2.787 3.00642 3.15658 3.21738 3.29975 3.67547 3.71397 3.95464 4.11386 
1.69322 2.787 3.00642 3.15658 3.21738 3.29975 3.67547 3.71397 3.95464 4.11386 
1.69322 2.787 3.00642 3.15658 3.21738 3.29975 3.67547 3.71397 3.79431 3.95464 
1.69322 2.787 3.00642 3.15658 3.21738 3.29975 3.67547 3.71397 3.79431 3.85861 
1.69322 2.787 3.00642 3.15658 3.21738 3.29975 3.4289 3.67547 3.71397 3.79431 
1.69322 2.72657 2.787 3.00642 3.15658 3.21738 3.29975 3.4289 3.67547 3.71397 
1.69322 2.72657 2.787 3.00642 3.15658 3.21738 3.29975 3.4289 3.50432 3.67547 
1.69322 2.72657 2.787 3.00642 3.15658 3.21738 3.29975 3.4289 3.50432 3.67194 
1.69322 2.72657 2.787 3.00642 3.15658 3.21738 3.29975 3.4289 3.50432 3.67194 
1.69322 2.72657 2.787 3.00642 3.15658 3.21738 3.29975 3.4289 3.50432 3.67194 
1.69322 2.72657 2.787 3.00642 3.15658 3.21738 3.27619 3.29975 3.4289 3.50432 
1.69322 2.72657 2.787 3.00642 3.15658 3.21738 3.27619 3.29755 3.29975 3.4289 
1.69322 2.72657 2.787 3.00642 3.15658 3.19978 3.21738 3.27619 3.29755 3.29975 
1.69322 2.23802 2.72657 2.787 3.00642 3.15658 3.19978 3.21738 3.27619 3.29755 
1.69322 2.23802 2.72657 2.787 3.00642 3.15658 3.16318 3.19978 3.21738 3.27619 
1.69322 2.23802 2.72657 2.787 3.00642 3.15658 3.16318 3.19978 3.21738 3.27619 
1.69322 2.23802 2.68849 2.72657 2.787 2.86982 3.00642 3.15658 3.16318 3.19978 
1.69322 2.23802 2.68849 2.72657 2.787 2.8485 2.86982 3.00642 3.15658 3.16318 
1.69322 2.23802 2.68849 2.72657 2.787 2.8485 2.86982 3.00642 3.15658 3.16318 
1.69322 2.23802 2.68849 2.72657 2.787 2.8485 2.86982 3.00642 3.15658 3.16318 
1.69322 2.23802 2.68849 2.72657 2.787 2.8485 2.86982 3.00642 3.15658 3.16318 
1.69322 1.74476 2.23802 2.68849 2.72657 2.787 2.8485 2.86982 3.00642 3.15658 
1.69322 1.74476 2.23802 2.68849 2.72657 2.787 2.8485 2.86982 3.00642 3.15658 
1.69322 1.74476 2.23802 2.68849 2.72657 2.787 2.8485 2.86982 3.00642 3.15658 
1.69322 1.74476 2.23802 2.68849 2.72657 2.787 2.8485 2.86982 3.00642 3.15658 
1.69322 1.74476 2.23802 2.68849 2.72657 2.787 2.8485 2.86982 3.00642 3.15658 
1.69322 1.74476 2.23802 2.68849 2.72657 2.787 2.8485 2.86982 3.00642 3.15658 
1.69322 1.74476 2.23802 2.68849 2.72657 2.787 2.8485 2.86982 3.00642 3.15658 
1.69322 1.74476 2.23802 2.68849 2.72657 2.787 2.8485 2.86982 3.00642 3.15658 
1.69322 1.74476 2.23802 2.68849 2.72657 2.787 2.8485 2.86982 3.00642 3.1253 
1.69322 1.74476 2.23802 2.68849 2.72657 2.787 2.8485 2.86982 2.96596 3.00642 
1.69322 1.74476 2.23802 2.68849 2.72657 2.787 2.8485 2.86982 2.96596 3.00642 
1.69322 1.74476 2.23802 2.68849 2.72657 2.787 2.8485 2.86982 2.96596 3.00642 
1.69322 1.74476 2.23802 2.68849 2.72657 2.787 2.8485 2.86982 2.96596 3.00642 
1.69322 1.74476 2.23802 2.68849 2.72657 2.787 2.8485 2.86982 2.96596 3.00642 
1.69322 1.74476 2.23802 2.68849 2.72657 2.787 2.8485 2.86982 2.96596 3.00642 
1.69322 1.74476 2.23802 2.68849 2.72657 2.787 2.8485 2.86982 2.96596 3.00642 
1.69322 1.74476 2.23802 2.68849 2.72657 2.787 2.8485 2.86982 2.96596 2.96898 
1.69322 1.74476 2.23802 2.68849 2.72657 2.787 2.8485 2.86982 2.96596 2.96898 
1.69322 1.74476 2.23802 2.68849 2.72657 2.72891 2.787 2.8485 2.86982 2.96596 
1.69322 1.74476 2.23802 2.68849 2.72657 2.72891 2.787 2.8485 2.86982 2.96596 
1.69322 1.74476 2.23802 2.68849 2.72657 2.72891 2.787 2.8485 2.86982 2.96596 
1.69322 1.74476 2.23802 2.68849 2.72657 2.72891 2.787 2.8485 2.86982 2.96596 
1.69322 1.74476 2.23802 2.68849 2.72657 2.72891 2.787 2.8485 2.86982 2.96596 
1.69322 1.74476 2.23802 2.68849 2.72657 2.72891 2.787 2.8485 2.86982 2.96596 
1.69322 1.74476 2.23802 2.68849 2.72657 2.72891 2.787 2.8485 2.86982 2.96596 
1.69322 1.74476 2.23802 2.68849 2.72657 2.72891 2.787 2.8485 2.86982 2.95035 
1.69322 1.74476 2.23802 2.68849 2.72657 2.72891 2.75828 2.787 2.8485 2.86982 
1.69322 1.74476 2.23802 2.68849 2.72657 2.72891 2.75828 2.787 2.8485 2.86982 
1.69322 1.71627 1.74476 2.23802 2.68849 2.72657 2.72891 2.75828 2.787 2.8485 
1.69322 1.71627 1.73026 1.74476 2.23802 2.68849 2.72657 2.72891 2.75828 2.787 
1.69322 1.71627 1.73026 1.74476 2.23802 2.46154 2.68828 2.68849 2.72657 2.72891 
1.69322 1.71627 1.73026 1.74476 2.23802 2.35802 2.46154 2.67554 2.68828 2.68849 
1.45672 1.69322 1.71627 1.73026 1.74476 2.23802 2.35802 2.46154 2.60323 2.67554 
1.45672 1.69322 1.71627 1.73026 1.74476 2.00594 2.23802 2.35802 2.46154 2.60323 
1.45672 1.69322 1.71627 1.73026 1.74476 2.00594 2.23802 2.32322 2.35802 2.46154 
0.959816 1.45672 1.69322 1.71627 1.73026 1.74476 2.00594 2.23802 2.32322 2.35802 
0.959816 1.45672 1.69322 1.71627 1.73026 1.74476 2.00594 2.23802 2.32322 2.35802 
0.959816 1.45672 1.69322 1.71627 1.73026 1.74476 2.00594 2.23802 2.32322 2.35802 
0.959816 1.45672 1.69322 1.71627 1.73026 1.74476 1.85057 2.00594 2.23802 2.32322 
0.959816 1.45672 1.69322 1.71627 1.73026 1.74476 1.85057 1.97753 2.00594 2.23802 
0.959816 1.09654 1.45672 1.69322 1.71627 1.73026 1.74476 1.82698 1.85057 1.97753 
0.959816 1.09654 1.45672 1.69322 1.7109 1.71627 1.73026 1.74476 1.82698 1.85057 
0.959816 1.09654 1.45672 1.69322 1.7109 1.71627 1.73026 1.74476 1.82698 1.85057 
0.959816 0.998965 1.09654 1.45672 1.69322 1.7109 1.71627 1.73026 1.74476 1.82698 
0.813517 0.959816 0.998965 1.09654 1.45672 1.69322 1.7109 1.71627 1.73026 1.74476 
0.813517 0.959816 0.998965 1.09654 1.45672 1.69322 1.7109 1.71627 1.73026 1.74476 
0.813517 0.959816 0.998965 1.09654 1.37583 1.45672 1.69322 1.7109 1.71627 1.73026 
0.655113 0.657781 0.813517 0.959816 0.998965 1.09654 1.37583 1.45672 1.69322 1.7109 
0.655113 0.657781 0.807831 0.813517 0.959816 0.998965 1.09654 1.37583 1.45672 1.5416 
0.655113 0.657781 0.807831 0.813517 0.959816 0.998965 1.09654 1.37583 1.45672 1.5416 
0.655113 0.657781 0.807831 0.813517 0.959816 0.998965 1.09654 1.37583 1.45672 1.5416 
0.655113 0.657781 0.807831 0.813517 0.959816 0.998965 1.09654 1.37583 1.45672 1.5416 
0.655113 0.657781 0.807831 0.813517 0.959816 0.998965 1.09654 1.37583 1.45672 1.5416 
0.655113 0.657781 0.807831 0.813517 0.959816 0.998965 1.09654 1.19537 1.37583 1.45672 
0.655113 0.657781 0.807831 0.813517 0.959816 0.998965 1.09654 1.19537 1.37583 1.42621 
0.655113 0.657781 0.807831 0.813517 0.959816 0.998965 1.09654 1.19537 1.37583 1.42621 
