2.00772 2.21883 3.09614 4.192 4.50958 6.07231 7.13563 7.59306 7.62089 8.89757 
2.00772 2.21883 2.61691 2.96119 3.09614 4.192 4.50958 6.07231 7.13563 7.59306 
2.00772 2.21883 2.37266 2.61691 2.96119 3.09614 3.24282 4.192 4.50958 4.57767 
2.00772 2.21883 2.37266 2.61691 2.96119 3.09614 3.24282 4.192 4.44697 4.50958 
2.00772 2.16977 2.21883 2.37266 2.61691 2.96119 3.09614 3.24282 4.192 4.39959 
2.00772 2.16977 2.21883 2.37266 2.61691 2.62882 2.96119 3.09614 3.24282 4.192 
2.00772 2.16977 2.21883 2.37266 2.61691 2.62882 2.96119 2.98814 3.09614 3.11211 
2.00772 2.16977 2.21883 2.31544 2.37266 2.61691 2.62882 2.96119 2.98814 3.09614 
2.00772 2.16977 2.21883 2.31544 2.37266 2.61691 2.62882 2.95081 2.96119 2.98814 
2.00772 2.16977 2.21883 2.31544 2.37266 2.61691 2.62882 2.95081 2.96119 2.98814 
2.00772 2.16977 2.21883 2.31544 2.37266 2.61691 2.62882 2.95081 2.96119 2.98814 
1.25399 2.00772 2.16977 2.21883 2.31544 2.37266 2.61691 2.62882 2.95081 2.96119 
1.25399 2.00772 2.16977 2.21883 2.31544 2.37266 2.61691 2.62882 2.95081 2.96119 
0.542495 1.25399 2.00772 2.16977 2.21883 2.31544 2.37266 2.61691 2.62882 2.66171 
0.542495 1.25399 2.00772 2.16977 2.21883 2.31544 2.37266 2.61691 2.62882 2.66171 
0.542495 1.25399 2.00772 2.06681 2.10987 2.16977 2.21883 2.31544 2.37266 2.61691 
0.542495 1.25399 2.00772 2.06681 2.10987 2.16977 2.21883 2.31544 2.37266 2.37778 
0.542495 1.25399 2.00772 2.06681 2.10987 2.16977 2.21883 2.31544 2.37266 2.37778 
0.542495 1.25399 2.00772 2.06681 2.10987 2.16977 2.21883 2.31544 2.37266 2.37778 
0.542495 1.25399 1.81752 2.00772 2.06681 2.10987 2.16977 2.21883 2.31544 2.37266 
0.542495 1.25399 1.81752 1.92309 2.00772 2.06681 2.10987 2.16977 2.21883 2.31544 
0.542495 1.25399 1.60135 1.81752 1.92309 2.00772 2.06681 2.10987 2.16977 2.21883 
0.542495 1.25399 1.57369 1.60135 1.81752 1.92309 2.00772 2.06681 2.10987 2.16977 
0.542495 1.25399 1.57369 1.60135 1.65238 1.81752 1.92309 2.00772 2.06681 2.10987 
0.542495 0.604636 1.25399 1.57369 1.60135 1.65238 1.81752 1.92309 2.00772 2.06681 
0.542495 0.604636 1.25399 1.27105 1.57369 1.60135 1.65238 1.6976 1.81752 1.92309 
0.542495 0.604636 0.987325 1.25399 1.27105 1.49212 1.57369 1.60135 1.65238 1.6976 
0.0455948 0.542495 0.604636 0.987325 1.25399 1.27105 1.49212 1.57369 1.60135 1.65238 
0.0455948 0.542495 0.57018 0.604636 0.987325 1.25399 1.27105 1.49212 1.57369 1.60135 
0.0455948 0.235784 0.542495 0.57018 0.604636 0.987325 1.25399 1.27105 1.49212 1.49728 
0.0455948 0.235784 0.542495 0.57018 0.604636 0.987325 1.25399 1.27105 1.49212 1.49728 
0.0455948 0.235784 0.542495 0.57018 0.604636 0.987325 1.1462 1.25399 1.27105 1.49212 
0.0455948 0.235784 0.542495 0.57018 0.604636 0.987325 1.1462 1.25399 1.27105 1.49212 
0.0455948 0.235784 0.434301 0.542495 0.57018 0.604636 0.777317 0.987325 1.1462 1.25399 
0.0455948 0.235784 0.434301 0.542495 0.57018 0.604636 0.777317 0.987325 1.1462 1.25399 
0.0455948 0.235784 0.434301 0.542495 0.57018 0.604636 0.777317 0.987325 1.1462 1.25399 
0.0455948 0.235784 0.434301 0.542495 0.57018 0.604636 0.777317 0.971888 0.987325 1.1462 
0.0455948 0.235784 0.434301 0.542495 0.57018 0.604636 0.777317 0.971888 0.987325 1.1462 
0.0455948 0.235784 0.434301 0.542495 0.57018 0.604636 0.777317 0.971888 0.987325 1.1462 
0.0455948 0.235784 0.434301 0.542495 0.57018 0.604636 0.777317 0.971888 0.987325 1.1462 
0.0455948 0.235784 0.434301 0.542495 0.57018 0.604636 0.777317 0.80239 0.971888 0.987325 
0.0455948 0.235784 0.434301 0.542495 0.57018 0.604636 0.777317 0.80239 0.971888 0.987325 
0.0455948 0.235784 0.434301 0.542495 0.57018 0.604636 0.705196 0.777317 0.80239 0.971888 
0.0455948 0.235784 0.434301 0.542495 0.57018 0.604636 0.705196 0.777317 0.80239 0.971888 
0.0455948 0.235784 0.434301 0.542495 0.57018 0.604636 0.705196 0.777317 0.80239 0.971888 
0.0455948 0.235784 0.434301 0.542495 0.57018 0.604636 0.705196 0.777317 0.80239 0.971888 
0.0455948 0.235784 0.434301 0.542495 0.57018 0.604636 0.705196 0.777317 0.80239 0.971888 
0.0455948 0.235784 0.434301 0.542495 0.57018 0.604636 0.705196 0.777317 0.80239 0.971888 
0.0455948 0.235784 0.434301 0.542495 0.57018 0.604636 0.705196 0.777317 0.80239 0.971888 
0.0455948 0.235784 0.434301 0.542495 0.57018 0.604636 0.705196 0.777317 0.80239 0.971888 
0.0455948 0.235784 0.434301 0.542495 0.57018 0.604636 0.705196 0.777317 0.80239 0.971888 
0.0455948 0.235784 0.434301 0.542495 0.57018 0.604636 0.705196 0.777317 0.80239 0.971888 
0.0455948 0.235784 0.434301 0.542495 0.57018 0.604636 0.705196 0.777317 0.80239 0.971888 
0.0455948 0.235784 0.434301 0.542495 0.57018 0.604636 0.705196 0.777317 0.80239 0.971888 
0.0455948 0.235784 0.434301 0.542495 0.57018 0.604636 0.705196 0.777317 0.80239 0.971888 
0.0455948 0.235784 0.434301 0.542495 0.57018 0.604636 0.705196 0.777317 0.80239 0.971888 
0.0455948 0.235784 0.434301 0.542495 0.57018 0.604636 0.705196 0.777317 0.80239 0.971888 
0.0455948 0.235784 0.434301 0.542495 0.57018 0.604636 0.705196 0.777317 0.80239 0.971888 
0.0455948 0.235784 0.434301 0.542495 0.57018 0.604636 0.705196 0.777317 0.80239 0.971888 
0.0455948 0.235784 0.434301 0.542495 0.57018 0.604636 0.705196 0.777317 0.80239 0.971888 
0.0455948 0.235784 0.434301 0.542495 0.57018 0.604636 0.705196 0.777317 0.80239 0.971888 
0.0455948 0.235784 0.434301 0.542495 0.57018 0.604636 0.705196 0.777317 0.80239 0.971888 
0.0455948 0.235784 0.434301 0.542495 0.57018 0.604636 0.705196 0.777317 0.80239 0.971888 
0.0455948 0.235784 0.434301 0.542495 0.57018 0.604636 0.705196 0.777317 0.80239 0.971888 
0.0455948 0.235784 0.434301 0.542495 0.57018 0.604636 0.705196 0.777317 0.80239 0.971888 
0.0455948 0.235784 0.434301 0.542495 0.57018 0.604636 0.705196 0.777317 0.80239 0.971888 
0.0455948 0.235784 0.434301 0.542495 0.57018 0.604636 0.705196 0.777317 0.80239 0.971888 
0.0455948 0.235784 0.434301 0.542495 0.57018 0.604636 0.705196 0.777317 0.80239 0.971888 
0.0455948 0.235784 0.434301 0.542495 0.57018 0.604636 0.705196 0.777317 0.80239 0.971888 
0.0455948 0.235784 0.434301 0.542495 0.57018 0.604636 0.705196 0.777317 0.80239 0.971888 
0.0455948 0.235784 0.434301 0.542495 0.57018 0.604636 0.705196 0.777317 0.80239 0.971888 
0.0455948 0.235784 0.434301 0.542495 0.57018 0.604636 0.705196 0.777317 0.80239 0.971888 
0.0455948 0.235784 0.434301 0.542495 0.57018 0.604636 0.705196 0.777317 0.80239 0.971888 
0.0455948 0.235784 0.434301 0.542495 0.57018 0.604636 0.705196 0.777317 0.80239 0.971888 
0.0455948 0.235784 0.434301 0.542495 0.57018 0.604636 0.705196 0.777317 0.80239 0.971888 
0.0455948 0.235784 0.434301 0.542495 0.57018 0.604636 0.705196 0.777317 0.80239 0.971888 
0.0455948 0.235784 0.434301 0.542495 0.57018 0.604636 0.705196 0.777317 0.80239 0.971888 
0.0455948 0.235784 0.434301 0.542495 0.57018 0.604636 0.705196 0.777317 0.80239 0.971888 
0.0455948 0.235784 0.434301 0.542495 0.57018 0.604636 0.705196 0.777317 0.80239 0.971888 
0.0455948 0.235784 0.434301 0.542495 0.57018 0.604636 0.705196 0.777317 0.80239 0.971888 
0.0455948 0.235784 0.434301 0.542495 0.57018 0.604636 0.705196 0.777317 0.80239 0.971888 
0.0455948 0.235784 0.434301 0.542495 0.57018 0.604636 0.705196 0.777317 0.80239 0.971888 
0.0455948 0.235784 0.434301 0.542495 0.57018 0.604636 0.705196 0.777317 0.80239 0.971888 
0.0455948 0.235784 0.434301 0.542495 0.57018 0.604636 0.705196 0.777317 0.80239 0.971888 
0.0455948 0.235784 0.434301 0.542495 0.57018 0.604636 0.705196 0.777317 0.80239 0.971888 
0.0455948 0.235784 0.434301 0.542495 0.57018 0.604636 0.705196 0.777317 0.80239 0.971888 
0.0455948 0.235784 0.434301 0.542495 0.57018 0.604636 0.705196 0.777317 0.80239 0.971888 
0.0455948 0.235784 0.434301 0.542495 0.57018 0.604636 0.705196 0.777317 0.80239 0.971888 
0.0455948 0.235784 0.434301 0.542495 0.57018 0.604636 0.705196 0.777317 0.80239 0.971888 
0.0455948 0.235784 0.434301 0.542495 0.57018 0.604636 0.705196 0.777317 0.80239 0.971888 
0.0455948 0.235784 0.434301 0.542495 0.57018 0.604636 0.705196 0.777317 0.80239 0.971888 
0.0455948 0.235784 0.434301 0.542495 0.57018 0.604636 0.705196 0.777317 0.80239 0.971888 
0.0455948 0.235784 0.434301 0.542495 0.57018 0.604636 0.705196 0.777317 0.80239 0.971888 
0.0455948 0.235784 0.434301 0.542495 0.57018 0.604636 0.705196 0.777317 0.80239 0.971888 
0.0455948 0.235784 0.434301 0.542495 0.57018 0.604636 0.705196 0.777317 0.80239 0.971888 
0.0455948 0.235784 0.434301 0.542495 0.57018 0.604636 0.705196 0.777317 0.80239 0.971888 
0.0455948 0.235784 0.434301 0.542495 0.57018 0.604636 0.705196 0.777317 0.80239 0.971888 
0.0455948 0.235784 0.434301 0.542495 0.57018 0.604636 0.705196 0.777317 0.80239 0.971888 
0.0455948 0.235784 0.434301 0.542495 0.57018 0.604636 0.705196 0.777317 0.80239 0.971888 
0.0455948 0.235784 0.434301 0.542495 0.57018 0.604636 0.705196 0.777317 0.80239 0.971888 
