0.522566 3.45971 7.76188 9.20709 9.39057 10.1281 10.2607 10.5833 10.6834 10.8541 
0.522566 3.45971 6.15284 7.6309 7.76188 9.20709 9.39057 9.43981 10.1281 10.2607 
0.522566 3.0149 3.45971 5.57792 6.08657 6.15284 6.60985 7.59872 7.6309 7.74385 
0.522566 3.0149 3.45971 5.57792 5.65477 6.08657 6.15284 6.60985 7.59872 7.6309 
0.522566 3.0149 3.38364 3.45971 5.15746 5.36057 5.42309 5.57792 5.65477 5.90517 
0.522566 3.0149 3.37423 3.38364 3.45971 5.15746 5.36057 5.42309 5.57792 5.65477 
0.522566 3.0149 3.37423 3.38364 3.45971 4.0632 5.15746 5.36057 5.42309 5.57792 
0.522566 3.0149 3.32494 3.37423 3.38364 3.45971 3.86565 4.0632 5.15746 5.36057 
0.522566 3.0149 3.32494 3.37423 3.38364 3.45971 3.86565 4.0632 4.19141 5.15746 
0.522566 3.0149 3.32494 3.37423 3.38364 3.45971 3.86565 4.0632 4.19141 5.15746 
0.522566 3.0149 3.32494 3.37423 3.38364 3.45971 3.86565 4.0441 4.0632 4.19141 
0.522566 3.0149 3.32494 3.37423 3.38364 3.45971 3.86565 4.0441 4.0632 4.19141 
0.522566 3.0149 3.32494 3.37423 3.38364 3.45971 3.47925 3.86565 4.0441 4.0632 
0.522566 3.0149 3.23302 3.32494 3.37423 3.38364 3.45079 3.45971 3.47925 3.86565 
0.522566 2.28443 3.0149 3.23302 3.29046 3.32494 3.37423 3.38364 3.45079 3.45971 
0.522566 2.28443 3.0149 3.23302 3.29046 3.32494 3.37423 3.38364 3.45079 3.45971 
0.522566 2.28443 3.0149 3.23302 3.29046 3.32494 3.37423 3.38196 3.38364 3.45079 
0.522566 2.28443 3.0149 3.22174 3.23302 3.29046 3.32494 3.37423 3.38196 3.38364 
0.522566 2.28443 2.94008 3.0149 3.22174 3.23302 3.29046 3.32494 3.37423 3.38196 
0.522566 2.28443 2.94008 3.0149 3.22174 3.23302 3.23659 3.29046 3.32494 3.37423 
0.522566 2.28443 2.94008 3.0149 3.22174 3.23302 3.23659 3.29046 3.32494 3.37423 
0.522566 2.28443 2.94008 3.0149 3.22174 3.23302 3.23659 3.29046 3.32494 3.37423 
0.522566 1.21269 2.28443 2.94008 3.0149 3.22174 3.23302 3.23659 3.29046 3.32494 
0.522566 1.21269 2.28443 2.3019 2.94008 3.0149 3.22174 3.23302 3.23659 3.29046 
0.522566 1.21269 2.28443 2.3019 2.94008 3.0149 3.22174 3.23302 3.23659 3.29046 
0.522566 0.785789 1.21269 1.30021 1.57424 2.28443 2.3019 2.94008 3.0149 3.22174 
0.522566 0.785789 1.21269 1.30021 1.57424 2.28443 2.3019 2.82744 2.94008 3.0149 
0.522566 0.785789 1.21269 1.30021 1.57424 2.28443 2.3019 2.82744 2.94008 3.0149 
0.522566 0.785789 1.21269 1.30021 1.57424 2.28443 2.3019 2.82744 2.94008 3.0149 
0.522566 0.785789 1.1655 1.21269 1.30021 1.57424 2.28443 2.3019 2.68881 2.82744 
0.522566 0.785789 1.1655 1.21269 1.30021 1.57424 2.28443 2.3019 2.68881 2.82744 
0.522566 0.785789 1.1655 1.21269 1.30021 1.57424 2.28443 2.3019 2.5549 2.68881 
0.522566 0.785789 1.1655 1.21269 1.30021 1.57424 2.28443 2.3019 2.5549 2.68881 
0.522566 0.785789 1.1655 1.21269 1.30021 1.57424 2.28443 2.3019 2.5549 2.66441 
0.522566 0.785789 1.1655 1.21269 1.30021 1.57424 2.28443 2.3019 2.5549 2.66441 
0.522566 0.785789 1.1655 1.21269 1.30021 1.57424 1.79775 2.28443 2.3019 2.30804 
0.496261 0.522566 0.785789 1.1655 1.21009 1.21269 1.30021 1.57424 1.79775 2.28443 
0.496261 0.522566 0.785789 1.1655 1.21009 1.21269 1.30021 1.57424 1.79775 2.28443 
0.496261 0.513214 0.522566 0.785789 1.1655 1.21009 1.21269 1.30021 1.57424 1.79775 
0.275343 0.496261 0.513214 0.522566 0.785789 1.1655 1.21009 1.21269 1.30021 1.57424 
0.275343 0.496261 0.513214 0.522566 0.785789 1.1655 1.21009 1.21269 1.30021 1.57424 
0.275343 0.478139 0.496261 0.513214 0.522566 0.785789 1.1655 1.21009 1.21269 1.24583 
0.275343 0.478139 0.496261 0.513214 0.522566 0.785789 1.1655 1.21009 1.21269 1.24583 
0.275343 0.478139 0.496261 0.513214 0.522566 0.785789 1.1655 1.21009 1.21269 1.24583 
0.275343 0.478139 0.496261 0.513214 0.522566 0.785789 1.1655 1.21009 1.21269 1.24583 
0.275343 0.478139 0.496261 0.513214 0.522566 0.785789 1.1655 1.21009 1.21269 1.24583 
0.275343 0.478139 0.496261 0.513214 0.522566 0.785789 0.9794 1.1655 1.21009 1.21269 
0.275343 0.478139 0.496261 0.513214 0.522566 0.785789 0.9794 1.1655 1.21009 1.21269 
0.275343 0.478139 0.496261 0.513214 0.522566 0.785789 0.9794 1.1655 1.21009 1.21269 
0.275343 0.478139 0.496261 0.513214 0.522566 0.785789 0.9794 1.1655 1.21009 1.21269 
0.275343 0.478139 0.496261 0.513214 0.522566 0.785789 0.9794 1.1655 1.21009 1.21269 
0.275343 0.478139 0.496261 0.513214 0.522566 0.785789 0.9794 1.1655 1.21009 1.21269 
0.275343 0.319751 0.478139 0.496261 0.513214 0.522566 0.67167 0.785789 0.9794 1.1655 
0.275343 0.319751 0.478139 0.496261 0.513214 0.522566 0.67167 0.785789 0.9794 1.1655 
0.275343 0.319751 0.478139 0.496261 0.513214 0.522566 0.67167 0.785789 0.9794 1.1655 
0.275343 0.319751 0.478139 0.496261 0.513214 0.522566 0.67167 0.785789 0.9794 1.1655 
0.275343 0.319751 0.478139 0.496261 0.513214 0.522566 0.67167 0.785789 0.9794 1.1655 
0.229884 0.275343 0.319751 0.478139 0.496261 0.513214 0.522566 0.67167 0.785789 0.9794 
0.229884 0.275343 0.319751 0.478139 0.496261 0.513214 0.522566 0.647899 0.67167 0.785789 
0.229884 0.275343 0.319751 0.478139 0.496261 0.513214 0.522566 0.647899 0.67167 0.785789 
0.229884 0.275343 0.319751 0.478139 0.496261 0.513214 0.522566 0.647899 0.67167 0.785789 
0.229884 0.275343 0.319751 0.478139 0.496261 0.513214 0.522566 0.647899 0.67167 0.785789 
0.229884 0.275343 0.319751 0.478139 0.496261 0.513214 0.522566 0.647899 0.67167 0.785789 
0.229884 0.275343 0.319751 0.478139 0.496261 0.513214 0.522566 0.647899 0.67167 0.785789 
0.229884 0.275343 0.319751 0.478139 0.496261 0.513214 0.522566 0.647899 0.67167 0.785789 
0.229884 0.275343 0.319751 0.478139 0.496261 0.513214 0.522566 0.647899 0.67167 0.785789 
0.229884 0.275343 0.319751 0.478139 0.496261 0.513214 0.522566 0.647899 0.67167 0.785789 
0.229884 0.275343 0.319751 0.478139 0.496261 0.513214 0.522566 0.647899 0.67167 0.785789 
0.229884 0.275343 0.319751 0.478139 0.496261 0.513214 0.522566 0.647899 0.67167 0.785789 
0.229884 0.275343 0.319751 0.478139 0.496261 0.513214 0.522566 0.647899 0.67167 0.785789 
0.229884 0.275343 0.319751 0.478139 0.496261 0.513214 0.522566 0.647899 0.67167 0.785789 
0.229884 0.275343 0.319751 0.478139 0.496261 0.513214 0.522566 0.647899 0.67167 0.785789 
0.229884 0.275343 0.319751 0.478139 0.496261 0.513214 0.522566 0.647899 0.67167 0.785789 
0.229884 0.275343 0.319751 0.478139 0.496261 0.513214 0.522566 0.647899 0.67167 0.785789 
0.229884 0.275343 0.319751 0.478139 0.496261 0.513214 0.522566 0.647899 0.67167 0.785789 
0.229884 0.275343 0.319751 0.478139 0.496261 0.513214 0.522566 0.647899 0.67167 0.785789 
0.229884 0.275343 0.319751 0.478139 0.496261 0.513214 0.522566 0.647899 0.67167 0.785789 
0.229884 0.275343 0.319751 0.478139 0.496261 0.513214 0.522566 0.647899 0.67167 0.785789 
0.229884 0.275343 0.319751 0.478139 0.496261 0.513214 0.522566 0.647899 0.67167 0.785789 
0.229884 0.275343 0.319751 0.478139 0.496261 0.513214 0.522566 0.647899 0.67167 0.785789 
0.229884 0.275343 0.319751 0.478139 0.496261 0.513214 0.522566 0.647899 0.67167 0.785789 
0.229884 0.275343 0.319751 0.478139 0.496261 0.513214 0.522566 0.647899 0.67167 0.785789 
0.229884 0.275343 0.319751 0.478139 0.496261 0.513214 0.522566 0.647899 0.67167 0.785789 
0.229884 0.275343 0.319751 0.478139 0.496261 0.513214 0.522566 0.647899 0.67167 0.785789 
0.229884 0.275343 0.319751 0.478139 0.496261 0.513214 0.522566 0.647899 0.67167 0.785789 
0.229884 0.275343 0.319751 0.478139 0.496261 0.513214 0.522566 0.647899 0.67167 0.785789 
0.229884 0.275343 0.319751 0.478139 0.496261 0.513214 0.522566 0.647899 0.67167 0.785789 
0.229884 0.275343 0.319751 0.478139 0.496261 0.513214 0.522566 0.647899 0.67167 0.785789 
0.229884 0.275343 0.319751 0.478139 0.496261 0.513214 0.522566 0.647899 0.67167 0.785789 
0.229884 0.275343 0.319751 0.478139 0.496261 0.513214 0.522566 0.647899 0.67167 0.785789 
0.229884 0.275343 0.319751 0.478139 0.496261 0.513214 0.522566 0.647899 0.67167 0.785789 
0.229884 0.275343 0.319751 0.478139 0.496261 0.513214 0.522566 0.647899 0.67167 0.785789 
0.229884 0.275343 0.319751 0.478139 0.496261 0.513214 0.522566 0.647899 0.67167 0.785789 
0.229884 0.275343 0.319751 0.478139 0.496261 0.513214 0.522566 0.647899 0.67167 0.785789 
0.229884 0.275343 0.319751 0.478139 0.496261 0.513214 0.522566 0.647899 0.67167 0.785789 
0.229884 0.275343 0.319751 0.478139 0.496261 0.513214 0.522566 0.647899 0.67167 0.785789 
0.229884 0.275343 0.319751 0.478139 0.496261 0.513214 0.522566 0.647899 0.67167 0.785789 
0.229884 0.275343 0.319751 0.478139 0.496261 0.513214 0.522566 0.647899 0.67167 0.785789 
0.229884 0.275343 0.319751 0.478139 0.496261 0.513214 0.522566 0.647899 0.67167 0.785789 
0.229884 0.275343 0.319751 0.478139 0.496261 0.513214 0.522566 0.647899 0.67167 0.785789 
