2.8537 3.16927 3.62082 3.85354 4.17679 4.63161 6.56608 6.85953 7.07557 8.1925 
2.8537 3.14765 3.16927 3.62082 3.85354 3.92922 4.17679 4.32787 4.63161 6.56608 
2.8537 3.14765 3.16927 3.62082 3.85354 3.92922 4.07129 4.13356 4.17679 4.32787 
2.80857 2.8537 3.14765 3.16927 3.62082 3.85354 3.85409 3.92922 4.07129 4.13356 
2.80857 2.8537 3.14765 3.16927 3.24703 3.62082 3.85354 3.85409 3.92922 4.07129 
2.80857 2.8537 3.14765 3.16927 3.24703 3.62082 3.85354 3.85409 3.86836 3.92922 
2.80857 2.8537 3.14765 3.16927 3.24703 3.62082 3.85354 3.85409 3.86836 3.92922 
2.80857 2.8537 3.14765 3.16927 3.24703 3.62082 3.85354 3.85409 3.86836 3.92922 
2.80857 2.8537 3.14765 3.16927 3.24703 3.33159 3.34052 3.62082 3.85354 3.85409 
2.80857 2.8537 3.14765 3.16927 3.24703 3.33159 3.34052 3.62082 3.85354 3.85409 
2.80857 2.8537 3.14765 3.16927 3.24703 3.33159 3.34052 3.61278 3.62082 3.85354 
2.79482 2.80857 2.8537 3.14765 3.16927 3.24703 3.33159 3.34052 3.61278 3.62082 
2.79482 2.80857 2.8537 3.14765 3.16927 3.24703 3.33159 3.34052 3.61278 3.62082 
2.79482 2.80857 2.8537 3.14765 3.16927 3.22429 3.24703 3.33159 3.34052 3.61278 
2.46409 2.79482 2.80857 2.82681 2.8537 3.11374 3.14765 3.16927 3.22429 3.24703 
2.46409 2.66066 2.79482 2.80857 2.82681 2.8537 3.11374 3.14765 3.16927 3.22429 
0.5593 2.46409 2.66066 2.79482 2.80857 2.82681 2.8537 2.89122 3.10928 3.11374 
0.5593 1.52106 2.46409 2.66066 2.79482 2.80857 2.82681 2.8537 2.89122 3.10928 
0.5593 1.22232 1.52106 1.99242 2.46409 2.66066 2.66388 2.79482 2.80857 2.82681 
0.5593 1.22232 1.52106 1.67755 1.99242 2.05509 2.46409 2.66066 2.66388 2.79482 
0.519628 0.5593 1.22232 1.52106 1.67755 1.77695 1.99242 2.05509 2.46409 2.66066 
0.187445 0.519628 0.5593 1.22232 1.52106 1.67755 1.77695 1.99242 2.05509 2.11026 
0.187445 0.519628 0.5593 1.12538 1.22232 1.52106 1.67755 1.77695 1.99242 2.05509 
0.187445 0.519628 0.5593 1.12538 1.22232 1.52106 1.67755 1.77695 1.99242 2.05509 
0.187445 0.35504 0.519628 0.5593 1.12538 1.22232 1.50939 1.52106 1.67755 1.77695 
0.187445 0.35504 0.477218 0.519628 0.5593 1.12538 1.22232 1.35224 1.50939 1.52106 
0.187445 0.35504 0.477218 0.519628 0.5593 1.12538 1.22232 1.35224 1.47595 1.50939 
0.187445 0.35504 0.477218 0.519628 0.5593 1.12538 1.22232 1.35224 1.47595 1.50939 
0.187445 0.35504 0.477218 0.519628 0.5593 1.12538 1.22232 1.35224 1.47595 1.50939 
0.187445 0.35504 0.477218 0.519628 0.5593 1.12538 1.22232 1.35224 1.426 1.47595 
0.187445 0.27503 0.35504 0.477218 0.519628 0.5593 1.12538 1.22232 1.35224 1.426 
0.187445 0.27503 0.35504 0.477218 0.519628 0.5593 1.12538 1.22232 1.35224 1.426 
0.187445 0.27503 0.35504 0.477218 0.519628 0.5593 0.669005 1.12538 1.22232 1.35224 
0.187445 0.27503 0.35504 0.477218 0.519628 0.5593 0.669005 1.12538 1.22232 1.35224 
0.187445 0.27503 0.35504 0.477218 0.519628 0.5593 0.669005 1.12538 1.22232 1.35224 
0.187445 0.27503 0.35504 0.477218 0.519628 0.5593 0.669005 1.12538 1.22232 1.35224 
0.187445 0.27503 0.35504 0.477218 0.519628 0.5593 0.669005 1.0755 1.12538 1.22232 
0.187445 0.27503 0.35504 0.477218 0.519628 0.5593 0.669005 1.03329 1.0755 1.12538 
0.187445 0.27503 0.35504 0.477218 0.519628 0.5593 0.669005 1.03329 1.0755 1.12538 
0.187445 0.27503 0.35504 0.477218 0.519628 0.5593 0.669005 0.706702 1.03329 1.0755 
0.187445 0.27503 0.35504 0.477218 0.519628 0.5593 0.669005 0.706702 1.03329 1.0755 
0.187445 0.27503 0.35504 0.477218 0.519628 0.5593 0.669005 0.706702 1.03329 1.0755 
0.187445 0.27503 0.35504 0.477218 0.519628 0.5593 0.669005 0.706702 1.03329 1.0755 
0.187445 0.27503 0.35504 0.477218 0.519628 0.5593 0.669005 0.706702 1.03329 1.0755 
0.187445 0.27503 0.35504 0.477218 0.519628 0.5593 0.669005 0.706702 1.03329 1.0755 
0.187445 0.27503 0.35504 0.477218 0.519628 0.5593 0.669005 0.706702 1.03329 1.0755 
0.187445 0.27503 0.35504 0.477218 0.519628 0.5593 0.669005 0.706702 1.03329 1.0755 
0.187445 0.27503 0.35504 0.477218 0.519628 0.5593 0.669005 0.706702 1.03329 1.0755 
0.187445 0.27503 0.35504 0.477218 0.519628 0.5593 0.669005 0.706702 1.03329 1.0755 
0.187445 0.27503 0.35504 0.477218 0.519628 0.5593 0.669005 0.706702 1.03329 1.0755 
0.187445 0.27503 0.35504 0.477218 0.519628 0.5593 0.669005 0.706702 1.03329 1.0755 
0.187445 0.27503 0.35504 0.477218 0.519628 0.5593 0.669005 0.706702 1.03329 1.0755 
0.187445 0.27503 0.35504 0.477218 0.519628 0.5593 0.669005 0.706702 1.03329 1.0755 
0.187445 0.27503 0.35504 0.477218 0.519628 0.5593 0.669005 0.706702 1.03329 1.0755 
0.187445 0.27503 0.35504 0.477218 0.519628 0.5593 0.669005 0.706702 1.03329 1.0755 
0.187445 0.27503 0.35504 0.477218 0.519628 0.5593 0.669005 0.706702 1.03329 1.0755 
0.187445 0.27503 0.35504 0.477218 0.519628 0.5593 0.669005 0.706702 0.746841 1.03329 
0.187445 0.27503 0.35504 0.477218 0.519628 0.5593 0.669005 0.706702 0.746841 1.03329 
0.187445 0.27503 0.35504 0.477218 0.519628 0.5593 0.603599 0.669005 0.706702 0.746841 
0.187445 0.27503 0.35504 0.477218 0.519628 0.5593 0.603599 0.669005 0.706702 0.746841 
0.187445 0.27503 0.35504 0.477218 0.519628 0.5593 0.603599 0.669005 0.706702 0.746841 
0.187445 0.27503 0.35504 0.477218 0.519628 0.5593 0.603599 0.669005 0.706702 0.727614 
0.187445 0.27503 0.35504 0.477218 0.519628 0.5593 0.603599 0.669005 0.706702 0.727614 
0.187445 0.27503 0.35504 0.40683 0.477218 0.519628 0.5593 0.603599 0.669005 0.706702 
0.187445 0.27503 0.35504 0.40683 0.477218 0.519628 0.5593 0.603599 0.669005 0.673837 
0.187445 0.27503 0.35504 0.40683 0.477218 0.519628 0.5593 0.603599 0.607546 0.669005 
0.187445 0.27503 0.35504 0.3868 0.40683 0.477218 0.519628 0.5593 0.603599 0.606974 
0.187445 0.27503 0.35504 0.3868 0.40683 0.477218 0.519628 0.5593 0.559719 0.603599 
0.187445 0.27503 0.35504 0.3868 0.40683 0.477218 0.514029 0.519628 0.5593 0.559719 
0.187445 0.27503 0.35504 0.3868 0.40683 0.477218 0.514029 0.519628 0.5593 0.559719 
0.187445 0.27503 0.35504 0.3868 0.40683 0.477218 0.514029 0.519628 0.5593 0.559719 
0.187445 0.27503 0.35504 0.3868 0.40683 0.477218 0.514029 0.519628 0.5593 0.559719 
0.187445 0.244198 0.27503 0.35504 0.3868 0.40683 0.477218 0.514029 0.519628 0.5593 
0.187445 0.244198 0.27503 0.35504 0.3868 0.40683 0.477218 0.514029 0.519628 0.5593 
0.187445 0.244198 0.27503 0.321997 0.35504 0.373151 0.3868 0.40683 0.477218 0.514029 
0.187445 0.244198 0.273121 0.27503 0.312451 0.321997 0.35504 0.373151 0.375925 0.3868 
0.187445 0.217629 0.244198 0.273121 0.27503 0.312451 0.321997 0.35504 0.361568 0.373151 
0.187445 0.217629 0.244198 0.273121 0.27503 0.312451 0.317536 0.321997 0.35504 0.361568 
0.187445 0.217629 0.244198 0.273121 0.27503 0.312451 0.317536 0.318126 0.321997 0.35504 
0.187445 0.217629 0.244198 0.273121 0.27503 0.312451 0.317536 0.318126 0.321997 0.35504 
0.187445 0.217629 0.244198 0.273121 0.27503 0.312451 0.317536 0.318126 0.321997 0.35504 
0.187445 0.217629 0.244198 0.273121 0.27503 0.278464 0.312451 0.317536 0.318126 0.321997 
0.187445 0.217629 0.244198 0.273121 0.27503 0.278464 0.312451 0.317536 0.318126 0.321997 
0.187445 0.217629 0.244198 0.260213 0.273121 0.27503 0.278464 0.312451 0.317536 0.318126 
0.187445 0.217629 0.244198 0.260213 0.273121 0.27503 0.278464 0.312451 0.317536 0.318126 
0.187445 0.217629 0.244198 0.260213 0.273121 0.27503 0.278464 0.312451 0.317536 0.318126 
0.187445 0.202989 0.21727 0.217629 0.244198 0.260213 0.273121 0.27503 0.278464 0.312451 
0.187445 0.202989 0.21727 0.217629 0.244198 0.260213 0.273121 0.27503 0.278464 0.312451 
0.105201 0.187445 0.202989 0.21727 0.217629 0.230144 0.244198 0.260213 0.273121 0.27503 
0.105201 0.117744 0.187445 0.202989 0.21727 0.217629 0.230144 0.244198 0.260213 0.273121 
0.105201 0.117744 0.187445 0.202989 0.21727 0.217629 0.230144 0.244198 0.260213 0.273121 
0.0948436 0.0998297 0.105201 0.108749 0.117744 0.187445 0.202989 0.21727 0.217629 0.230144 
0.0948436 0.0998297 0.105201 0.108749 0.117744 0.187445 0.202989 0.21727 0.217629 0.230144 
0.0851937 0.0948436 0.0998297 0.105201 0.108749 0.117744 0.158675 0.187445 0.202989 0.21727 
0.0784596 0.0803466 0.0851937 0.0932192 0.0948436 0.0998297 0.105201 0.108749 0.117744 0.158675 
0.0784596 0.0803466 0.0851937 0.0932192 0.0948436 0.0998297 0.105201 0.108749 0.117744 0.158675 
0.0784596 0.0803466 0.0851937 0.0932192 0.0948436 0.0998297 0.105201 0.108749 0.117744 0.158675 
0.0784596 0.0803466 0.0851937 0.0932192 0.0948436 0.0998297 0.105201 0.108749 0.117744 0.158675 
0.0784596 0.0803466 0.0851937 0.0932192 0.0948436 0.0998297 0.105201 0.108749 0.117744 0.158675 
0.0784596 0.0803466 0.0851937 0.0932192 0.0948436 0.0998297 0.105201 0.108749 0.117744 0.14689 
