2.87629 3.8092 3.82291 4.04073 4.4048 6.41242 7.65111 7.98273 8.41222 8.54349 
2.87629 3.8092 3.82291 4.04073 4.2393 4.4048 6.41242 7.41671 7.65111 7.98273 
2.42625 2.42798 2.87629 3.8092 3.82291 4.04073 4.2393 4.4048 6.41242 6.9902 
2.42625 2.42798 2.87629 3.8092 3.81457 3.82291 4.04073 4.2393 4.4048 4.58647 
2.42625 2.42798 2.87629 3.7884 3.8092 3.81457 3.82291 4.04073 4.2393 4.4048 
2.42625 2.42798 2.87629 3.62257 3.7884 3.8092 3.81457 3.82291 4.04073 4.2393 
2.42625 2.42798 2.77188 2.87629 3.62257 3.7884 3.8092 3.81457 3.82291 4.04073 
2.42625 2.42798 2.66921 2.77188 2.78578 2.87629 3.62257 3.65839 3.7884 3.8092 
2.29551 2.42625 2.42798 2.66921 2.77188 2.78578 2.87629 3.40766 3.62257 3.65839 
2.29551 2.42625 2.42798 2.66921 2.77188 2.78578 2.87629 3.40766 3.62257 3.65839 
2.29551 2.42625 2.42798 2.66921 2.77188 2.78578 2.87629 3.16533 3.27999 3.40766 
1.90941 2.21741 2.29551 2.42625 2.42798 2.66921 2.77188 2.78578 2.87629 3.16533 
1.90941 2.21741 2.29551 2.31744 2.42625 2.42798 2.66921 2.77188 2.78578 2.87629 
1.90941 2.21741 2.29551 2.31744 2.42625 2.42798 2.66921 2.77188 2.78578 2.87629 
1.90941 2.21741 2.29551 2.31744 2.42625 2.42798 2.66921 2.77188 2.78158 2.78578 
1.90941 2.21741 2.22753 2.29551 2.31744 2.42625 2.42798 2.66921 2.77188 2.78158 
1.90941 2.21741 2.22753 2.29551 2.31744 2.42625 2.42798 2.66921 2.77188 2.78158 
1.90941 2.21741 2.22753 2.29551 2.31744 2.42625 2.42798 2.43205 2.66921 2.77188 
1.60501 1.90941 2.21741 2.22753 2.29551 2.31744 2.42625 2.42798 2.43205 2.66921 
1.60501 1.90941 2.21741 2.22753 2.29551 2.31744 2.41257 2.42625 2.42798 2.43205 
1.60501 1.90941 2.21741 2.22753 2.29551 2.31744 2.41257 2.42625 2.42798 2.43205 
1.60501 1.90941 2.18212 2.21741 2.22753 2.29551 2.31744 2.41257 2.42625 2.42798 
1.1144 1.60501 1.90941 2.18212 2.21741 2.22753 2.29551 2.31744 2.41257 2.42625 
1.1144 1.53174 1.60501 1.90941 2.04243 2.18212 2.21741 2.22753 2.29551 2.31744 
1.1144 1.18079 1.53174 1.60501 1.90941 2.04243 2.18212 2.21741 2.22753 2.29551 
0.772111 1.1144 1.18079 1.53174 1.60501 1.90941 2.04243 2.18212 2.21741 2.22753 
0.28712 0.772111 1.1144 1.18079 1.53174 1.60501 1.90941 2.04243 2.18212 2.21741 
0.28712 0.772111 0.92059 1.1144 1.18079 1.53174 1.60501 1.90941 2.04243 2.18212 
0.28712 0.439356 0.772111 0.92059 1.1144 1.18079 1.53174 1.60501 1.90941 2.04243 
0.28712 0.439356 0.772111 0.92059 1.1144 1.18079 1.53174 1.60501 1.90941 2.04243 
0.28712 0.439356 0.772111 0.92059 1.1144 1.18079 1.53174 1.60501 1.90941 2.04243 
0.28712 0.439356 0.661165 0.772111 0.92059 1.1144 1.18079 1.53174 1.60501 1.90941 
0.28712 0.439356 0.661165 0.772111 0.92059 1.1144 1.18079 1.53174 1.60501 1.89033 
0.28712 0.439356 0.661165 0.772111 0.92059 1.1144 1.18079 1.53174 1.5731 1.60501 
0.28712 0.439356 0.661165 0.772111 0.92059 0.989068 1.1144 1.18079 1.19291 1.53174 
0.28712 0.439356 0.661165 0.772111 0.92059 0.989068 1.1144 1.18079 1.19291 1.53174 
0.28712 0.439356 0.661165 0.772111 0.92059 0.989068 1.1144 1.18079 1.19291 1.53174 
0.28712 0.439356 0.661165 0.772111 0.92059 0.989068 1.1144 1.18079 1.19291 1.53174 
0.28712 0.439356 0.661165 0.772111 0.92059 0.989068 1.1144 1.18079 1.19291 1.53174 
0.28712 0.439356 0.661165 0.772111 0.92059 0.989068 1.1144 1.18079 1.19291 1.53174 
0.28712 0.439356 0.661165 0.772111 0.92059 0.989068 1.1144 1.18079 1.19291 1.53174 
0.28712 0.439356 0.661165 0.772111 0.92059 0.989068 1.1144 1.18079 1.19291 1.53174 
0.28712 0.439356 0.661165 0.772111 0.92059 0.989068 1.1144 1.18079 1.19291 1.53174 
0.28712 0.439356 0.661165 0.772111 0.92059 0.989068 1.1144 1.18079 1.19291 1.53174 
0.28712 0.439356 0.661165 0.772111 0.92059 0.989068 1.1144 1.18079 1.19291 1.53174 
0.28712 0.439356 0.661165 0.772111 0.92059 0.989068 1.1144 1.18079 1.19291 1.53174 
0.28712 0.439356 0.661165 0.772111 0.92059 0.989068 1.1144 1.18079 1.19291 1.53174 
0.28712 0.439356 0.661165 0.772111 0.92059 0.989068 1.1144 1.18079 1.19291 1.53174 
0.28712 0.439356 0.661165 0.772111 0.92059 0.989068 1.1144 1.18079 1.19291 1.53174 
0.28712 0.439356 0.661165 0.772111 0.92059 0.989068 1.1144 1.18079 1.19291 1.53174 
0.28712 0.439356 0.661165 0.772111 0.92059 0.989068 1.1144 1.18079 1.19291 1.53174 
0.28712 0.439356 0.661165 0.772111 0.92059 0.989068 1.1144 1.18079 1.19291 1.53174 
0.28712 0.439356 0.661165 0.772111 0.92059 0.989068 1.1144 1.18079 1.19291 1.53174 
0.28712 0.439356 0.661165 0.772111 0.92059 0.989068 1.1144 1.18079 1.19291 1.53174 
0.28712 0.439356 0.661165 0.772111 0.92059 0.989068 1.1144 1.18079 1.19291 1.53174 
0.28712 0.439356 0.661165 0.772111 0.92059 0.989068 1.1144 1.18079 1.19291 1.53174 
0.28712 0.439356 0.661165 0.772111 0.92059 0.989068 1.1144 1.18079 1.19291 1.53174 
0.28712 0.439356 0.661165 0.772111 0.92059 0.989068 1.1144 1.18079 1.19291 1.53174 
0.28712 0.439356 0.661165 0.772111 0.92059 0.989068 1.1144 1.18079 1.19291 1.53174 
0.28712 0.439356 0.661165 0.772111 0.92059 0.989068 1.1144 1.18079 1.19291 1.53174 
0.28712 0.439356 0.661165 0.772111 0.92059 0.989068 1.1144 1.18079 1.19291 1.53174 
0.28712 0.439356 0.661165 0.772111 0.92059 0.989068 1.1144 1.18079 1.19291 1.53174 
0.28712 0.439356 0.661165 0.772111 0.92059 0.989068 1.1144 1.18079 1.19291 1.53174 
0.28712 0.439356 0.661165 0.772111 0.92059 0.989068 1.1144 1.18079 1.19291 1.53174 
0.28712 0.439356 0.661165 0.772111 0.92059 0.989068 1.1144 1.18079 1.19291 1.53174 
0.28712 0.439356 0.661165 0.772111 0.92059 0.989068 1.1144 1.18079 1.19291 1.53174 
0.28712 0.439356 0.661165 0.772111 0.92059 0.989068 1.1144 1.18079 1.19291 1.53174 
0.28712 0.439356 0.661165 0.772111 0.92059 0.989068 1.1144 1.18079 1.19291 1.53174 
0.28712 0.439356 0.661165 0.772111 0.92059 0.989068 1.1144 1.18079 1.19291 1.53174 
0.28712 0.439356 0.661165 0.772111 0.92059 0.989068 1.1144 1.18079 1.19291 1.53174 
0.28712 0.439356 0.661165 0.772111 0.92059 0.989068 1.1144 1.18079 1.19291 1.53174 
0.28712 0.439356 0.661165 0.772111 0.92059 0.989068 1.1144 1.18079 1.19291 1.53174 
0.28712 0.439356 0.661165 0.772111 0.92059 0.989068 1.1144 1.18079 1.19291 1.53174 
0.28712 0.439356 0.661165 0.772111 0.92059 0.989068 1.1144 1.18079 1.19291 1.53174 
0.28712 0.439356 0.661165 0.772111 0.92059 0.989068 1.1144 1.18079 1.19291 1.53174 
0.28712 0.439356 0.661165 0.772111 0.92059 0.989068 1.1144 1.18079 1.19291 1.53174 
0.28712 0.439356 0.661165 0.772111 0.92059 0.989068 1.1144 1.18079 1.19291 1.53174 
0.28712 0.439356 0.661165 0.772111 0.92059 0.989068 1.1144 1.18079 1.19291 1.53174 
0.28712 0.439356 0.661165 0.772111 0.92059 0.989068 1.1144 1.18079 1.19291 1.53174 
0.28712 0.439356 0.661165 0.772111 0.92059 0.989068 1.1144 1.18079 1.19291 1.53174 
0.28712 0.439356 0.661165 0.772111 0.92059 0.989068 1.1144 1.18079 1.19291 1.53174 
0.28712 0.439356 0.661165 0.772111 0.92059 0.989068 1.1144 1.18079 1.19291 1.53174 
0.28712 0.439356 0.661165 0.772111 0.92059 0.989068 1.1144 1.18079 1.19291 1.53174 
0.28712 0.439356 0.661165 0.772111 0.92059 0.989068 1.1144 1.18079 1.19291 1.53174 
0.28712 0.439356 0.661165 0.772111 0.92059 0.989068 1.1144 1.18079 1.19291 1.53174 
0.28712 0.439356 0.661165 0.772111 0.92059 0.989068 1.1144 1.18079 1.19291 1.53174 
0.28712 0.439356 0.661165 0.772111 0.92059 0.989068 1.1144 1.18079 1.19291 1.53174 
0.28712 0.439356 0.661165 0.772111 0.92059 0.989068 1.1144 1.18079 1.19291 1.53174 
0.28712 0.439356 0.661165 0.772111 0.92059 0.989068 1.1144 1.18079 1.19291 1.53174 
0.28712 0.439356 0.661165 0.772111 0.92059 0.989068 1.1144 1.18079 1.19291 1.53174 
0.28712 0.439356 0.661165 0.772111 0.92059 0.989068 1.1144 1.18079 1.19291 1.53174 
0.28712 0.439356 0.661165 0.772111 0.92059 0.989068 1.1144 1.18079 1.19291 1.53174 
0.28712 0.439356 0.661165 0.772111 0.92059 0.989068 1.1144 1.18079 1.19291 1.53174 
0.28712 0.439356 0.661165 0.772111 0.92059 0.989068 1.1144 1.18079 1.19291 1.53174 
0.28712 0.439356 0.661165 0.772111 0.92059 0.989068 1.1144 1.18079 1.19291 1.53174 
0.28712 0.439356 0.661165 0.772111 0.92059 0.989068 1.1144 1.18079 1.19291 1.53174 
0.28712 0.439356 0.661165 0.772111 0.92059 0.989068 1.1144 1.18079 1.19291 1.53174 
0.28712 0.439356 0.661165 0.772111 0.92059 0.989068 1.1144 1.18079 1.19291 1.53174 
0.28712 0.439356 0.661165 0.772111 0.92059 0.989068 1.1144 1.18079 1.19291 1.53174 
0.28712 0.439356 0.661165 0.772111 0.92059 0.989068 1.1144 1.18079 1.19291 1.53174 
