4.12161 5.30394 6.17721 6.46453 6.97738 7.96196 8.51037 8.53133 8.95576 8.99067 
4.12161 5.30394 5.61266 6.17721 6.46453 6.66076 6.97738 7.62575 7.78327 7.86995 
4.12161 5.30394 5.61266 6.17721 6.46453 6.66076 6.97738 7.62575 7.78327 7.86995 
4.12161 5.30394 5.61266 6.17721 6.46453 6.66076 6.97738 7.62575 7.66335 7.78327 
4.12161 5.30394 5.61266 6.17721 6.46453 6.66076 6.97738 7.62575 7.66335 7.78327 
4.12161 5.30394 5.61266 6.17721 6.46453 6.66076 6.97738 7.62575 7.66335 7.78327 
4.12161 4.94339 5.30394 5.61266 6.17721 6.46453 6.66076 6.97738 7.62575 7.66335 
4.12161 4.94339 5.30394 5.61266 6.17721 6.46453 6.66076 6.97738 7.62575 7.66335 
3.98426 4.12161 4.94339 5.30394 5.61266 6.17721 6.46453 6.66076 6.97738 7.62575 
3.98426 4.12161 4.44801 4.94339 5.30394 5.61266 6.17721 6.46453 6.66076 6.97738 
3.19898 3.98426 4.12161 4.44801 4.94339 5.30394 5.61266 6.17721 6.46453 6.66076 
3.19898 3.98426 4.12161 4.44801 4.94339 5.30394 5.61266 6.17721 6.46453 6.66076 
3.19898 3.98426 4.12161 4.44801 4.48476 4.94339 5.30394 5.61266 6.17721 6.46453 
3.19898 3.98426 4.12161 4.44801 4.48476 4.64097 4.94339 5.30394 5.61266 6.15888 
2.42168 3.19898 3.21912 3.98426 4.12161 4.44801 4.48476 4.64097 4.94339 5.30394 
2.42168 3.19898 3.21912 3.97234 3.98426 4.12161 4.44801 4.48476 4.64097 4.94339 
2.42168 3.19898 3.21912 3.97234 3.98426 4.12161 4.44801 4.48476 4.64097 4.94339 
2.42168 3.19898 3.21912 3.97234 3.98426 4.06169 4.12161 4.44801 4.48476 4.64097 
2.42168 2.77194 3.19898 3.21912 3.97234 3.98426 4.06169 4.12161 4.44801 4.48476 
2.42168 2.77194 3.19898 3.21912 3.97234 3.98426 4.06169 4.12161 4.44801 4.48476 
2.42168 2.77194 3.19898 3.21912 3.97234 3.98426 4.06169 4.12161 4.44801 4.48476 
2.42168 2.77194 3.19898 3.21912 3.97234 3.98426 4.06169 4.12161 4.44801 4.48476 
2.27568 2.42168 2.77194 3.19898 3.21912 3.71906 3.97234 3.98426 3.99204 4.06169 
2.27568 2.42168 2.77194 3.19898 3.21912 3.71906 3.97234 3.98426 3.99204 4.06169 
2.16121 2.27568 2.42168 2.77194 3.19898 3.21912 3.71906 3.97234 3.98426 3.99204 
2.16121 2.27568 2.42168 2.77194 3.19898 3.21912 3.71906 3.97234 3.98426 3.99204 
2.16121 2.27568 2.42168 2.77194 3.19898 3.21912 3.71906 3.97234 3.98426 3.99204 
2.16121 2.27568 2.42168 2.77194 3.19898 3.21912 3.64615 3.71906 3.97234 3.98426 
2.04127 2.16121 2.27568 2.42168 2.77194 3.19898 3.21912 3.55561 3.64615 3.71906 
2.04127 2.16121 2.27568 2.42168 2.77194 3.19898 3.21912 3.55561 3.64615 3.71906 
2.04127 2.16121 2.27568 2.42168 2.46267 2.77194 3.19898 3.21912 3.55561 3.64615 
2.04127 2.16121 2.27568 2.42168 2.46267 2.77194 3.0084 3.19898 3.21912 3.55561 
2.04127 2.16121 2.27568 2.42168 2.46267 2.77194 3.0084 3.19898 3.21912 3.47394 
2.04127 2.16121 2.27568 2.42168 2.46267 2.77194 3.0084 3.19898 3.21912 3.47394 
2.04127 2.16121 2.27568 2.42168 2.46267 2.77194 3.0084 3.19898 3.21912 3.47394 
2.04127 2.16121 2.27568 2.42168 2.46267 2.77194 3.0084 3.19898 3.21912 3.47394 
2.04127 2.16121 2.27568 2.42168 2.46267 2.77194 3.0084 3.19898 3.21912 3.47394 
2.04127 2.16121 2.27568 2.42168 2.46267 2.77194 3.0084 3.19898 3.21912 3.47394 
2.04127 2.16121 2.27568 2.42168 2.46267 2.73455 2.77194 3.0084 3.19898 3.21912 
2.04127 2.16121 2.27568 2.42168 2.46267 2.73455 2.77194 3.0084 3.09983 3.19898 
2.04127 2.16121 2.27568 2.42168 2.46267 2.73455 2.77194 3.0084 3.09983 3.19898 
2.04127 2.16121 2.27568 2.42168 2.46267 2.73455 2.77194 3.0084 3.09983 3.19898 
2.04127 2.16121 2.27568 2.42168 2.46267 2.46454 2.73455 2.77194 3.0084 3.09983 
2.04127 2.16121 2.27568 2.42168 2.46267 2.46454 2.73455 2.77194 3.0084 3.09983 
2.04127 2.16121 2.27568 2.42168 2.46267 2.46454 2.73455 2.77194 3.0084 3.09983 
2.04127 2.16121 2.27568 2.42168 2.46267 2.46454 2.73455 2.77194 3.0084 3.09983 
2.04127 2.16121 2.27568 2.41969 2.42168 2.46267 2.46454 2.73455 2.77194 3.0084 
2.04127 2.16121 2.27568 2.41969 2.42168 2.46267 2.46454 2.73455 2.77194 3.0084 
2.04127 2.16121 2.27568 2.41969 2.42168 2.46267 2.46454 2.73455 2.77194 3.0084 
2.04127 2.16121 2.27568 2.41969 2.42168 2.46267 2.46454 2.73455 2.76728 2.77194 
2.04127 2.16121 2.27568 2.41969 2.42168 2.46267 2.46454 2.73455 2.76728 2.77194 
2.04127 2.16121 2.27568 2.41969 2.42168 2.46267 2.46454 2.73455 2.76728 2.77194 
2.04127 2.16121 2.27568 2.41969 2.42168 2.46267 2.46454 2.73455 2.76728 2.77194 
2.04127 2.16121 2.27568 2.41969 2.42168 2.46267 2.46454 2.73455 2.76728 2.77194 
2.04127 2.16121 2.27568 2.41969 2.42168 2.46267 2.46454 2.73455 2.76728 2.77194 
2.04127 2.16121 2.27568 2.41969 2.42168 2.46267 2.46454 2.73455 2.76728 2.77194 
2.04127 2.16121 2.27568 2.41969 2.42168 2.46267 2.46454 2.73455 2.76728 2.77194 
2.04127 2.16121 2.27568 2.41969 2.42168 2.46267 2.46454 2.73455 2.76728 2.77194 
2.04127 2.16121 2.27568 2.41969 2.42168 2.46267 2.46454 2.73455 2.76728 2.77194 
2.04127 2.16121 2.27568 2.41969 2.42168 2.46267 2.46454 2.73455 2.76728 2.77194 
2.04127 2.16121 2.27568 2.41969 2.42168 2.46267 2.46454 2.73455 2.76728 2.77194 
2.04127 2.16121 2.27568 2.41969 2.42168 2.46267 2.46454 2.73455 2.76728 2.77194 
2.04127 2.16121 2.27568 2.41969 2.42168 2.46267 2.46454 2.73455 2.76728 2.77194 
2.04127 2.16121 2.27568 2.41969 2.42168 2.46267 2.46454 2.73455 2.76728 2.77194 
1.89006 2.04127 2.16121 2.27568 2.41969 2.42168 2.46267 2.46454 2.73455 2.76728 
1.89006 2.04127 2.16121 2.27568 2.41969 2.42168 2.46267 2.46454 2.73455 2.76728 
1.89006 2.04127 2.16121 2.27568 2.41969 2.42168 2.46267 2.46454 2.73455 2.76728 
1.89006 2.04127 2.16121 2.27568 2.41969 2.42168 2.46267 2.46454 2.68488 2.73455 
1.89006 2.04127 2.16121 2.27568 2.41969 2.42168 2.46267 2.46454 2.68488 2.73455 
1.89006 2.04127 2.16121 2.27568 2.41969 2.42168 2.46267 2.46454 2.68488 2.73455 
1.89006 2.04127 2.16121 2.27568 2.41969 2.42168 2.46267 2.46454 2.68488 2.73455 
1.89006 2.04127 2.16121 2.27568 2.41969 2.42168 2.46267 2.46454 2.68488 2.73455 
1.89006 2.04127 2.16121 2.27568 2.41969 2.42168 2.46267 2.46454 2.68488 2.73455 
1.89006 2.04127 2.05862 2.16121 2.27568 2.41969 2.42168 2.46267 2.46454 2.68488 
1.89006 2.04127 2.05862 2.16121 2.27568 2.3259 2.41969 2.42168 2.46267 2.46454 
1.89006 2.04127 2.05862 2.16121 2.27568 2.3259 2.41969 2.42168 2.46267 2.46454 
1.89006 2.04127 2.05862 2.16121 2.27568 2.3259 2.41969 2.42168 2.46267 2.46454 
1.89006 2.04127 2.05862 2.16121 2.27568 2.3259 2.40895 2.41969 2.42168 2.46267 
1.07978 1.89006 2.04127 2.05862 2.16121 2.27568 2.3259 2.40895 2.41969 2.42168 
1.07978 1.89006 2.04127 2.05862 2.16121 2.27568 2.3259 2.40895 2.41969 2.42168 
1.07978 1.83528 1.86723 1.89006 2.04127 2.05862 2.16121 2.27568 2.3259 2.40895 
1.07978 1.83528 1.86723 1.89006 2.04127 2.05862 2.16121 2.27568 2.3259 2.40895 
1.07978 1.83528 1.86723 1.89006 2.04127 2.05862 2.15567 2.16121 2.27568 2.3259 
1.07978 1.83528 1.86723 1.89006 2.04127 2.05862 2.15567 2.16121 2.27568 2.3259 
1.07978 1.28304 1.83528 1.86723 1.89006 2.04127 2.05862 2.15567 2.16121 2.21422 
1.07978 1.28304 1.33139 1.80432 1.83528 1.86723 1.89006 2.04127 2.05862 2.11036 
1.07978 1.28304 1.33139 1.80432 1.83528 1.86723 1.89006 2.04127 2.05862 2.11036 
1.07059 1.07978 1.28304 1.33139 1.80432 1.83528 1.86723 1.89006 2.04127 2.05862 
1.07059 1.07978 1.28304 1.33139 1.80432 1.83528 1.86723 1.89006 2.04127 2.05862 
1.07059 1.07978 1.28304 1.33139 1.80432 1.83528 1.86723 1.89006 2.04127 2.05862 
0.897947 1.07059 1.07978 1.28304 1.33139 1.80432 1.83528 1.86723 1.89006 2.04127 
0.897947 1.07059 1.07978 1.28304 1.33139 1.46003 1.61887 1.80432 1.83528 1.86723 
0.897947 1.07059 1.07978 1.28304 1.33139 1.46003 1.6113 1.61887 1.80432 1.83528 
0.897947 1.07059 1.07978 1.15361 1.28304 1.33139 1.46003 1.6113 1.61887 1.80432 
0.897947 1.07059 1.07978 1.15361 1.19067 1.28304 1.33139 1.46003 1.59931 1.60112 
0.897947 1.07059 1.07978 1.15361 1.19067 1.26638 1.28304 1.33139 1.46003 1.59931 
0.897947 1.07059 1.07978 1.15361 1.19067 1.26638 1.28304 1.33139 1.46003 1.57359 
0.897947 1.07059 1.07978 1.15361 1.19067 1.26638 1.28304 1.33139 1.46003 1.57359 
0.897947 1.07059 1.07978 1.15361 1.19067 1.26638 1.28304 1.33139 1.46003 1.57359 
0.897947 1.02065 1.07059 1.07978 1.15361 1.19067 1.26638 1.28304 1.33139 1.46003 
