2.31211 2.7642 2.8065 2.98081 4.64282 5.76538 6.60363 7.17705 7.74357 7.85721 
2.31211 2.35021 2.7642 2.8065 2.98081 3.45895 4.00594 4.10898 4.58407 4.64282 
2.31211 2.35021 2.7642 2.8065 2.98081 3.45895 3.54916 4.00594 4.01892 4.10898 
2.31211 2.35021 2.7642 2.8065 2.91375 2.98081 3.45895 3.54916 4.00594 4.01892 
1.58631 2.31211 2.35021 2.7642 2.8065 2.91375 2.98081 3.45895 3.54916 3.7304 
1.58631 2.31211 2.35021 2.7642 2.8065 2.91375 2.98081 3.45895 3.54916 3.7304 
1.58631 2.31211 2.35021 2.7642 2.8065 2.91375 2.91739 2.98081 3.22129 3.45895 
1.58631 2.31211 2.35021 2.7642 2.8065 2.91375 2.91739 2.98081 3.22129 3.45895 
1.58631 2.31211 2.35021 2.7642 2.8065 2.91375 2.91739 2.98081 3.22129 3.45895 
1.58631 2.31211 2.35021 2.7642 2.8065 2.91375 2.91739 2.98081 3.20483 3.22129 
1.58631 2.021 2.31211 2.35021 2.7642 2.8065 2.91375 2.91739 2.98081 3.20483 
1.58631 2.021 2.31211 2.35021 2.7642 2.8065 2.91375 2.91739 2.98081 3.20483 
1.58631 2.021 2.31211 2.35021 2.7642 2.8065 2.91375 2.91739 2.98081 3.16291 
0.853937 1.58631 2.021 2.31211 2.35021 2.7642 2.8065 2.91375 2.91739 2.98081 
0.853937 0.96795 1.58631 2.021 2.31211 2.35021 2.7642 2.8065 2.82255 2.91375 
0.853937 0.96795 1.58631 2.021 2.31211 2.35021 2.7642 2.8065 2.82255 2.91375 
0.853937 0.96795 1.58631 2.021 2.31211 2.35021 2.7642 2.8065 2.82255 2.91375 
0.853937 0.96795 1.58631 2.021 2.31211 2.35021 2.7642 2.8065 2.82255 2.91375 
0.784854 0.853937 0.96795 1.58631 2.021 2.31211 2.35021 2.67559 2.7642 2.8065 
0.784854 0.853937 0.96795 1.06767 1.58631 2.021 2.31211 2.35021 2.67559 2.7642 
0.38908 0.784854 0.853937 0.96795 1.06767 1.58631 2.021 2.31211 2.35021 2.67559 
0.38908 0.784854 0.853937 0.96795 1.06767 1.58631 2.021 2.15165 2.31211 2.35021 
0.38908 0.784854 0.853937 0.96795 1.06767 1.58631 2.021 2.15165 2.31211 2.35021 
0.38908 0.784854 0.853937 0.96795 1.06767 1.58631 2.021 2.15165 2.31211 2.35021 
0.38908 0.784854 0.853937 0.96795 1.06767 1.30406 1.58631 2.021 2.15165 2.31211 
0.38908 0.570336 0.784854 0.853937 0.96795 1.06767 1.30406 1.58631 2.021 2.15165 
0.38908 0.570336 0.784854 0.853937 0.96795 1.06767 1.30406 1.58631 2.021 2.15165 
0.38908 0.529397 0.570336 0.784854 0.853937 0.96795 1.06767 1.30406 1.58631 1.78392 
0.38908 0.529397 0.570336 0.773551 0.784854 0.853937 0.893661 0.96795 1.06767 1.30406 
0.38908 0.529397 0.570336 0.773551 0.784854 0.853937 0.893661 0.96795 1.06767 1.30406 
0.38908 0.529397 0.570336 0.773551 0.784854 0.831745 0.853937 0.893661 0.96795 1.06767 
0.38908 0.529397 0.570336 0.773551 0.784854 0.831745 0.853937 0.893661 0.96795 1.06767 
0.38908 0.412323 0.529397 0.570336 0.773551 0.784854 0.831745 0.853937 0.893661 0.96795 
0.335819 0.38908 0.412323 0.529397 0.551558 0.570336 0.773551 0.784854 0.831745 0.853937 
0.335819 0.38908 0.412323 0.529397 0.551558 0.570336 0.773551 0.784854 0.831745 0.853937 
0.335819 0.38908 0.412323 0.529397 0.551558 0.570336 0.773551 0.784854 0.831745 0.853937 
0.335819 0.38908 0.412323 0.529397 0.551558 0.570336 0.632871 0.773551 0.784854 0.831745 
0.335819 0.38908 0.412323 0.529397 0.551558 0.570336 0.632871 0.738278 0.773551 0.784854 
0.335819 0.38908 0.412323 0.452941 0.529397 0.551558 0.570336 0.632871 0.738278 0.773551 
0.335819 0.38908 0.412323 0.452941 0.529397 0.551558 0.570336 0.632871 0.738278 0.773551 
0.335819 0.38908 0.412323 0.452941 0.529397 0.551558 0.570336 0.632871 0.738278 0.773551 
0.335819 0.38908 0.412323 0.452941 0.529397 0.551558 0.570336 0.632871 0.738278 0.773551 
0.335819 0.38908 0.412323 0.452941 0.529397 0.551558 0.570336 0.632871 0.738278 0.773551 
0.321271 0.335819 0.38908 0.412323 0.452941 0.529397 0.551558 0.570336 0.632871 0.738278 
0.321271 0.335819 0.38908 0.412323 0.452941 0.529397 0.551558 0.570336 0.632871 0.738278 
0.321271 0.335819 0.38908 0.412323 0.452941 0.529397 0.551558 0.570336 0.632871 0.738278 
0.321271 0.335819 0.38908 0.412323 0.452941 0.529397 0.551558 0.570336 0.632871 0.738278 
0.321271 0.335819 0.38908 0.412323 0.452941 0.529397 0.551558 0.570336 0.632871 0.738278 
0.321271 0.335819 0.38908 0.412323 0.452941 0.529397 0.551558 0.570336 0.632871 0.738278 
0.321271 0.335819 0.38908 0.412323 0.452941 0.529397 0.551558 0.570336 0.632871 0.738278 
0.321271 0.335819 0.38908 0.412323 0.452941 0.529397 0.551558 0.570336 0.632871 0.738278 
0.321271 0.335819 0.38908 0.412323 0.452941 0.529397 0.551558 0.570336 0.632871 0.738278 
0.321271 0.335819 0.38908 0.412323 0.452941 0.529397 0.551558 0.570336 0.632871 0.738278 
0.321271 0.335819 0.38908 0.412323 0.452941 0.529397 0.551558 0.570336 0.632871 0.738278 
0.321271 0.335819 0.38908 0.412323 0.452941 0.529397 0.551558 0.570336 0.632871 0.738278 
0.321271 0.335819 0.38908 0.412323 0.452941 0.529397 0.551558 0.570336 0.632871 0.738278 
0.321271 0.335819 0.38908 0.412323 0.452941 0.529397 0.551558 0.570336 0.632871 0.738278 
0.321271 0.335819 0.38908 0.412323 0.452941 0.529397 0.551558 0.570336 0.632871 0.738278 
0.321271 0.335819 0.38908 0.412323 0.452941 0.529397 0.551558 0.570336 0.632871 0.738278 
0.321271 0.335819 0.38908 0.412323 0.452941 0.529397 0.551558 0.570336 0.632871 0.738278 
0.321271 0.335819 0.38908 0.412323 0.452941 0.529397 0.551558 0.570336 0.632871 0.738278 
0.321271 0.335819 0.38908 0.412323 0.452941 0.529397 0.551558 0.570336 0.632871 0.738278 
0.321271 0.335819 0.38908 0.412323 0.452941 0.529397 0.551558 0.570336 0.632871 0.662663 
0.321271 0.335819 0.38908 0.412323 0.452941 0.529397 0.551558 0.570336 0.632871 0.662663 
0.321271 0.335819 0.38908 0.412323 0.452941 0.529397 0.531066 0.551558 0.570336 0.632871 
0.321271 0.335819 0.38908 0.412323 0.452941 0.529397 0.531066 0.551558 0.570336 0.632871 
0.321271 0.335819 0.38908 0.412323 0.452941 0.529397 0.531066 0.551558 0.570336 0.632871 
0.321271 0.335819 0.38908 0.412323 0.452941 0.529397 0.531066 0.551558 0.570336 0.632871 
0.321271 0.335819 0.38908 0.412323 0.452941 0.529397 0.531066 0.551558 0.570336 0.632871 
0.321271 0.335819 0.38908 0.412323 0.441515 0.452941 0.529397 0.531066 0.551558 0.570336 
0.321271 0.335819 0.38908 0.400433 0.412323 0.441515 0.452941 0.529397 0.531066 0.551558 
0.321271 0.335819 0.38908 0.400433 0.412323 0.426343 0.441515 0.452941 0.517497 0.518862 
0.321271 0.335819 0.38908 0.400433 0.412323 0.426343 0.441515 0.452941 0.517497 0.518862 
0.321271 0.335819 0.38908 0.400433 0.412323 0.426343 0.441515 0.452941 0.517497 0.518862 
0.321271 0.335819 0.38908 0.397711 0.400433 0.412323 0.426343 0.441515 0.452941 0.506669 
0.315775 0.321271 0.335819 0.38908 0.397711 0.400433 0.412323 0.426343 0.441515 0.452941 
0.315775 0.321271 0.328191 0.335819 0.38908 0.397711 0.400433 0.412323 0.426343 0.441515 
0.29705 0.315775 0.321271 0.328191 0.335819 0.38908 0.396767 0.397711 0.400433 0.412323 
0.29705 0.315775 0.321271 0.328191 0.335819 0.38908 0.396767 0.397711 0.400433 0.412323 
0.277721 0.29705 0.304508 0.310337 0.315775 0.321271 0.328191 0.335819 0.38908 0.396767 
0.277721 0.29705 0.304508 0.310337 0.315775 0.321271 0.328191 0.335819 0.346509 0.38908 
0.277721 0.29705 0.304508 0.308278 0.310337 0.315775 0.321271 0.328191 0.335819 0.346509 
0.243243 0.277721 0.29705 0.304508 0.308278 0.310337 0.315775 0.321271 0.328191 0.335819 
0.219404 0.243243 0.261038 0.277721 0.285927 0.29705 0.304508 0.308278 0.310337 0.315775 
0.219404 0.243243 0.261038 0.277721 0.285927 0.29705 0.304508 0.308278 0.310337 0.315775 
0.219404 0.243243 0.261038 0.277721 0.285927 0.29705 0.304508 0.308278 0.310337 0.315775 
0.219404 0.243243 0.261038 0.277721 0.279866 0.285927 0.296791 0.29705 0.304508 0.308278 
0.174141 0.193504 0.219404 0.243243 0.261038 0.277721 0.279866 0.285927 0.296791 0.29705 
0.174141 0.179489 0.193504 0.219404 0.243243 0.246228 0.261038 0.277721 0.279866 0.285927 
0.174141 0.179489 0.193504 0.217775 0.219404 0.243243 0.246228 0.261038 0.277721 0.279866 
0.174141 0.179489 0.193504 0.217775 0.219404 0.2355 0.243243 0.246228 0.261038 0.277721 
0.125107 0.174141 0.179489 0.193504 0.21171 0.214578 0.217775 0.219404 0.2355 0.243243 
0.121356 0.125107 0.174141 0.179489 0.193504 0.21171 0.214578 0.217775 0.219404 0.2355 
0.121356 0.125107 0.17059 0.174141 0.179489 0.193504 0.197735 0.21171 0.214578 0.217775 
0.0764711 0.0775663 0.121356 0.125107 0.136685 0.160043 0.17059 0.174141 0.179489 0.193504 
0.0764711 0.0775663 0.117448 0.121356 0.125107 0.136685 0.160043 0.17059 0.174141 0.179489 
0.0415306 0.0741507 0.0764711 0.0775663 0.0776242 0.0895269 0.0934858 0.117448 0.121356 0.125107 
0.0415306 0.0741507 0.0764711 0.0775663 0.0776242 0.0895269 0.0934858 0.117448 0.121356 0.125107 
0.0415306 0.0741507 0.0764711 0.0775663 0.0776242 0.0841901 0.0895269 0.0934858 0.117448 0.121356 
0.0415306 0.0741507 0.0762421 0.0764711 0.0775663 0.0776242 0.0841901 0.0895269 0.0934858 0.117448 
