4.14224 4.36895 4.51449 4.55292 4.62181 4.63829 7.47268 7.47515 7.65503 7.76735 
2.87681 3.56983 4.14224 4.36895 4.51449 4.55292 4.62181 4.63829 6.8161 7.32493 
2.87681 3.56983 4.14224 4.35007 4.36895 4.50802 4.51449 4.55006 4.55292 4.62181 
2.87681 2.90432 3.56983 4.14224 4.17077 4.35007 4.36895 4.50802 4.51449 4.55006 
2.86976 2.87681 2.90432 3.56983 4.14224 4.17077 4.35007 4.36895 4.50802 4.51449 
1.79452 2.86976 2.87681 2.90432 3.39647 3.56983 4.14224 4.17077 4.35007 4.35038 
1.79452 2.86976 2.87681 2.90432 3.39647 3.56983 4.14224 4.17077 4.25206 4.35007 
1.79452 2.48518 2.86976 2.87681 2.90432 3.39647 3.56983 4.14224 4.17077 4.25206 
1.79452 2.48518 2.86976 2.87681 2.90432 2.95647 3.21027 3.39647 3.56983 4.14224 
1.79452 2.48518 2.86976 2.87681 2.90432 2.95647 3.21027 3.39647 3.4938 3.56983 
1.23752 1.79452 2.48518 2.86976 2.87681 2.90432 2.95647 3.21027 3.34006 3.36733 
1.23752 1.79452 2.07798 2.48518 2.86976 2.87681 2.90432 2.95647 2.9883 3.21027 
1.23752 1.79452 1.93098 2.07798 2.33568 2.48518 2.86976 2.87681 2.90432 2.95647 
1.23752 1.79452 1.93098 2.07798 2.33568 2.48518 2.86976 2.87681 2.90432 2.9206 
1.23752 1.79452 1.93098 2.07798 2.33568 2.48518 2.86976 2.87681 2.90432 2.9206 
1.23752 1.79452 1.93098 2.06376 2.07798 2.28161 2.33568 2.48518 2.86976 2.87681 
1.23752 1.79452 1.93098 2.06376 2.07798 2.28089 2.28161 2.33568 2.48518 2.86976 
1.23752 1.79452 1.93098 2.06376 2.07798 2.28089 2.28161 2.33568 2.48518 2.86976 
1.23752 1.79452 1.93098 2.06376 2.07798 2.28089 2.28161 2.33568 2.48518 2.60455 
1.23752 1.79452 1.93098 2.06376 2.07798 2.28089 2.28161 2.33568 2.48518 2.60455 
1.23752 1.79452 1.93098 2.06376 2.07798 2.28089 2.28161 2.33568 2.48518 2.60455 
1.23752 1.79452 1.93098 2.06376 2.07798 2.28089 2.28161 2.33568 2.48518 2.60455 
1.23752 1.79452 1.93098 2.06376 2.07798 2.28089 2.28161 2.33568 2.48518 2.55357 
1.23752 1.79452 1.93098 2.06376 2.07798 2.28089 2.28161 2.33568 2.48518 2.49734 
1.23752 1.79452 1.93098 2.06376 2.07798 2.28089 2.28161 2.33568 2.48518 2.49734 
1.23752 1.79452 1.93098 2.06376 2.07798 2.28089 2.28161 2.33568 2.48518 2.49734 
0.255821 0.787042 1.23752 1.79452 1.93098 2.06376 2.07798 2.28089 2.28161 2.33568 
0.255821 0.787042 1.23752 1.79452 1.93098 2.06376 2.07798 2.14482 2.28089 2.28161 
0.255821 0.787042 1.0029 1.23752 1.79452 1.93098 1.98869 2.06376 2.07798 2.14482 
0.255821 0.787042 1.0029 1.04579 1.23752 1.79452 1.93098 1.98869 2.06376 2.07798 
0.255821 0.787042 1.0029 1.04579 1.23752 1.35211 1.79452 1.93098 1.98869 2.06376 
0.255821 0.278822 0.787042 1.0029 1.04579 1.23752 1.35211 1.79452 1.93098 1.98869 
0.255821 0.278822 0.787042 1.0029 1.01714 1.04579 1.23752 1.35211 1.62114 1.79452 
0.255821 0.278822 0.787042 1.0029 1.01714 1.04579 1.23752 1.35211 1.62114 1.79452 
0.255821 0.278822 0.656413 0.787042 1.0029 1.01714 1.04579 1.23752 1.35211 1.62114 
0.14292 0.255821 0.278822 0.656413 0.787042 1.0029 1.01714 1.04579 1.12003 1.23752 
0.14292 0.255821 0.278822 0.656413 0.763794 0.787042 1.0029 1.01714 1.04579 1.12003 
0.14292 0.255821 0.278822 0.656413 0.763794 0.787042 1.0029 1.01714 1.04579 1.12003 
0.14292 0.255821 0.278822 0.656413 0.763794 0.787042 1.0029 1.01714 1.04579 1.12003 
0.14292 0.255821 0.278822 0.656413 0.763794 0.787042 1.0029 1.01714 1.04579 1.05781 
0.14292 0.255821 0.278822 0.656413 0.763794 0.787042 1.0029 1.01714 1.04579 1.05781 
0.14292 0.255821 0.278822 0.656413 0.763794 0.787042 1.0029 1.01714 1.04579 1.05781 
0.14292 0.255821 0.278822 0.656413 0.763794 0.787042 1.0029 1.01714 1.04579 1.05781 
0.14292 0.255821 0.278822 0.336797 0.461539 0.656413 0.763794 0.787042 1.0029 1.01714 
0.14292 0.255821 0.278822 0.336797 0.461539 0.656413 0.763794 0.787042 1.0029 1.01714 
0.14292 0.255821 0.278822 0.336797 0.461539 0.656413 0.763794 0.787042 1.0029 1.01714 
0.14292 0.255821 0.278822 0.336797 0.461539 0.656413 0.763794 0.787042 1.0029 1.01714 
0.14292 0.255821 0.278822 0.336797 0.461539 0.656413 0.763794 0.787042 1.0029 1.01714 
0.14292 0.255821 0.278822 0.336797 0.461539 0.656413 0.763794 0.787042 1.0029 1.01714 
0.14292 0.255821 0.278822 0.336797 0.461539 0.656413 0.763794 0.787042 1.0029 1.01714 
0.14292 0.255821 0.278822 0.336797 0.461539 0.656413 0.763794 0.787042 1.0029 1.01714 
0.14292 0.255821 0.278822 0.336797 0.461539 0.656413 0.763794 0.787042 1.0029 1.01714 
0.14292 0.255821 0.278822 0.336797 0.461539 0.656413 0.763794 0.787042 1.0029 1.01714 
0.14292 0.255821 0.278822 0.336797 0.461539 0.656413 0.763794 0.787042 1.0029 1.01714 
0.14292 0.255821 0.278822 0.336797 0.461539 0.656413 0.763794 0.787042 1.0029 1.01714 
0.14292 0.255821 0.278822 0.336797 0.461539 0.656413 0.763794 0.787042 1.0029 1.01714 
0.14292 0.255821 0.278822 0.336797 0.461539 0.656413 0.763794 0.787042 1.0029 1.01714 
0.14292 0.255821 0.278822 0.336797 0.461539 0.656413 0.763794 0.787042 1.0029 1.01714 
0.14292 0.255821 0.278822 0.336797 0.461539 0.656413 0.763794 0.787042 1.0029 1.01714 
0.14292 0.255821 0.278822 0.336797 0.461539 0.656413 0.763794 0.787042 1.0029 1.01714 
0.14292 0.255821 0.278822 0.336797 0.461539 0.656413 0.763794 0.787042 1.0029 1.01714 
0.14292 0.255821 0.278822 0.336797 0.461539 0.656413 0.763794 0.787042 1.0029 1.01714 
0.14292 0.255821 0.278822 0.336797 0.461539 0.656413 0.763794 0.787042 1.0029 1.01714 
0.14292 0.255821 0.278822 0.336797 0.461539 0.656413 0.763794 0.787042 1.0029 1.01714 
0.14292 0.255821 0.278822 0.336797 0.461539 0.656413 0.763794 0.787042 1.0029 1.01714 
0.14292 0.255821 0.278822 0.336797 0.461539 0.656413 0.763794 0.787042 1.0029 1.01714 
0.14292 0.255821 0.278822 0.336797 0.461539 0.656413 0.763794 0.787042 1.0029 1.01714 
0.14292 0.255821 0.278822 0.336797 0.461539 0.656413 0.763794 0.787042 1.0029 1.01714 
0.14292 0.255821 0.278822 0.336797 0.461539 0.656413 0.763794 0.787042 1.0029 1.01714 
0.14292 0.255821 0.278822 0.336797 0.461539 0.656413 0.763794 0.787042 1.0029 1.01714 
0.14292 0.255821 0.278822 0.336797 0.461539 0.656413 0.763794 0.787042 1.0029 1.01714 
0.14292 0.255821 0.278822 0.336797 0.461539 0.656413 0.763794 0.787042 1.0029 1.01714 
0.14292 0.255821 0.278822 0.336797 0.461539 0.656413 0.763794 0.787042 1.0029 1.01714 
0.14292 0.255821 0.278822 0.336797 0.461539 0.656413 0.763794 0.787042 1.0029 1.01714 
0.14292 0.255821 0.278822 0.336797 0.461539 0.656413 0.763794 0.787042 1.0029 1.01714 
0.14292 0.255821 0.278822 0.336797 0.461539 0.656413 0.763794 0.787042 1.0029 1.01714 
0.14292 0.255821 0.278822 0.336797 0.461539 0.656413 0.763794 0.787042 1.0029 1.01714 
0.14292 0.255821 0.278822 0.336797 0.461539 0.656413 0.763794 0.787042 1.0029 1.01714 
0.14292 0.255821 0.278822 0.336797 0.461539 0.656413 0.763794 0.787042 1.0029 1.01714 
0.14292 0.255821 0.278822 0.336797 0.461539 0.656413 0.763794 0.787042 1.0029 1.01714 
0.14292 0.255821 0.278822 0.336797 0.461539 0.656413 0.763794 0.787042 1.0029 1.01714 
0.14292 0.255821 0.278822 0.336797 0.461539 0.656413 0.763794 0.787042 1.0029 1.01714 
0.14292 0.255821 0.278822 0.336797 0.461539 0.656413 0.763794 0.787042 1.0029 1.01714 
0.14292 0.255821 0.278822 0.336797 0.461539 0.656413 0.763794 0.787042 1.0029 1.01714 
0.14292 0.255821 0.278822 0.336797 0.461539 0.656413 0.763794 0.787042 1.0029 1.01714 
0.14292 0.255821 0.278822 0.336797 0.461539 0.656413 0.763794 0.787042 1.0029 1.01714 
0.14292 0.255821 0.278822 0.336797 0.461539 0.656413 0.763794 0.787042 1.0029 1.01714 
0.14292 0.255821 0.278822 0.336797 0.461539 0.656413 0.763794 0.787042 1.0029 1.01714 
0.14292 0.255821 0.278822 0.336797 0.461539 0.656413 0.763794 0.787042 1.0029 1.01714 
0.14292 0.255821 0.278822 0.336797 0.461539 0.656413 0.763794 0.787042 1.0029 1.01714 
0.14292 0.255821 0.278822 0.336797 0.461539 0.656413 0.763794 0.787042 1.0029 1.01714 
0.14292 0.255821 0.278822 0.336797 0.461539 0.656413 0.763794 0.787042 1.0029 1.01714 
0.14292 0.255821 0.278822 0.336797 0.461539 0.656413 0.763794 0.787042 1.0029 1.01714 
0.14292 0.255821 0.278822 0.336797 0.461539 0.656413 0.763794 0.787042 1.0029 1.01714 
0.14292 0.255821 0.278822 0.336797 0.461539 0.656413 0.763794 0.787042 1.0029 1.01714 
0.14292 0.255821 0.278822 0.336797 0.461539 0.656413 0.763794 0.787042 1.0029 1.01714 
0.14292 0.255821 0.278822 0.336797 0.461539 0.656413 0.763794 0.787042 1.0029 1.01714 
0.14292 0.255821 0.278822 0.336797 0.461539 0.656413 0.763794 0.787042 1.0029 1.01714 
0.14292 0.255821 0.278822 0.336797 0.461539 0.656413 0.763794 0.787042 1.0029 1.01714 
0.14292 0.255821 0.278822 0.336797 0.461539 0.656413 0.763794 0.787042 1.0029 1.01714 
