3.01284 3.92991 4.04575 4.04947 4.48574 4.50622 5.97443 6.39941 7.12266 8.10105 
3.01284 3.92991 3.99809 4.04575 4.04947 4.48574 4.50622 5.97443 6.39941 6.88514 
2.76367 3.01284 3.82577 3.92991 3.99809 4.04575 4.04947 4.42 4.48574 4.50622 
2.48561 2.76367 3.01284 3.62368 3.78958 3.82577 3.92991 3.99809 4.04575 4.04947 
2.48561 2.76367 3.01284 3.61994 3.62368 3.78958 3.82577 3.92991 3.99809 4.04575 
2.48561 2.76367 3.01284 3.61994 3.62368 3.78958 3.82577 3.83951 3.92991 3.99809 
1.67731 2.48561 2.76367 3.01284 3.61994 3.62368 3.78958 3.82577 3.83951 3.92991 
0.376659 1.67731 2.48561 2.76367 3.01284 3.61994 3.62368 3.78958 3.82577 3.83951 
0.376659 1.67731 2.48561 2.76367 3.01284 3.43979 3.61994 3.62368 3.78958 3.82577 
0.376659 1.67731 2.48561 2.76367 2.93131 3.01284 3.43979 3.61994 3.62368 3.78958 
0.376659 1.67731 2.48561 2.58322 2.76367 2.93131 3.01284 3.43979 3.61994 3.62368 
0.376659 1.67731 2.41508 2.48561 2.58322 2.76367 2.93131 3.01284 3.43979 3.61994 
0.376659 1.67731 2.34598 2.41508 2.47273 2.48561 2.58322 2.76367 2.93131 3.01284 
0.376659 1.67731 2.34598 2.41508 2.47273 2.48561 2.58322 2.76367 2.93131 2.98062 
0.376659 1.67731 2.34598 2.41508 2.47273 2.48561 2.58322 2.7483 2.76367 2.93131 
0.376659 1.67731 2.34598 2.41508 2.47273 2.48561 2.58322 2.7483 2.76367 2.93131 
0.376659 0.69366 1.67731 2.34598 2.41508 2.47273 2.48561 2.58322 2.7483 2.76367 
0.376659 0.69366 1.67731 1.76065 2.08113 2.34598 2.41508 2.47273 2.48561 2.58322 
0.376659 0.69366 1.67731 1.76065 2.08113 2.08133 2.34598 2.41508 2.47273 2.48561 
0.312382 0.376659 0.69366 1.67731 1.76065 2.08113 2.08133 2.34598 2.41508 2.47273 
0.312382 0.376659 0.492866 0.69366 1.67731 1.76065 1.83511 2.08113 2.08133 2.34598 
0.312382 0.376659 0.492866 0.69366 0.703471 1.67731 1.76065 1.83511 2.08113 2.08133 
0.312382 0.376659 0.492866 0.69366 0.703471 1.1055 1.67731 1.76065 1.83511 2.08113 
0.312382 0.376659 0.492866 0.69366 0.703471 1.1055 1.11272 1.67731 1.76065 1.83511 
0.312382 0.376659 0.492866 0.69366 0.703471 1.1055 1.11272 1.67731 1.76065 1.83511 
0.281646 0.312382 0.376659 0.492866 0.69366 0.703471 1.03645 1.1055 1.11272 1.67731 
0.281646 0.312382 0.376659 0.492866 0.69366 0.703471 1.03645 1.1055 1.11272 1.67731 
0.281646 0.312382 0.376659 0.492866 0.69366 0.703471 1.03645 1.1055 1.11272 1.36998 
0.281646 0.312382 0.376659 0.476357 0.492866 0.69366 0.703471 1.03645 1.1055 1.11272 
0.281646 0.312382 0.376659 0.476357 0.492866 0.69366 0.703471 1.03645 1.1055 1.11272 
0.281646 0.312382 0.376659 0.476357 0.492866 0.69366 0.703471 1.03645 1.1055 1.11272 
0.281646 0.312382 0.376659 0.476357 0.492866 0.69366 0.703471 1.03645 1.1055 1.11272 
0.281646 0.312382 0.376659 0.476357 0.492866 0.69366 0.703471 1.03645 1.1055 1.11272 
0.281646 0.312382 0.376659 0.476357 0.492866 0.69366 0.703471 1.03645 1.1055 1.11272 
0.262494 0.281646 0.312382 0.376659 0.476357 0.492866 0.69366 0.703471 1.03645 1.1055 
0.262494 0.281646 0.312382 0.376659 0.476357 0.492866 0.69366 0.703471 1.03645 1.1055 
0.262494 0.281646 0.312382 0.376659 0.476357 0.492866 0.655068 0.69366 0.703471 1.03645 
0.262494 0.281646 0.312382 0.376659 0.476357 0.492866 0.655068 0.69366 0.703471 1.02212 
0.262494 0.281646 0.312382 0.376659 0.476357 0.492866 0.655068 0.69366 0.703471 1.02212 
0.262494 0.281646 0.312382 0.376659 0.476357 0.492866 0.655068 0.69366 0.703471 1.02212 
0.262494 0.281646 0.312382 0.376659 0.476357 0.492866 0.655068 0.69366 0.703471 1.02212 
0.262494 0.281646 0.312382 0.376659 0.476357 0.492866 0.655068 0.69366 0.703471 1.02212 
0.262494 0.281646 0.312382 0.376659 0.476357 0.492866 0.655068 0.69366 0.703471 1.02212 
0.262494 0.281646 0.312382 0.376659 0.476357 0.492866 0.655068 0.69366 0.703471 1.02212 
0.262494 0.281646 0.312382 0.376659 0.476357 0.492866 0.655068 0.69366 0.703471 1.02212 
0.262494 0.281646 0.312382 0.376659 0.476357 0.492866 0.655068 0.69366 0.703471 1.02212 
0.262494 0.281646 0.312382 0.376659 0.476357 0.492866 0.655068 0.69366 0.703471 1.02212 
0.262494 0.281646 0.312382 0.376659 0.476357 0.492866 0.655068 0.69366 0.703471 1.02212 
0.262494 0.281646 0.312382 0.376659 0.476357 0.492866 0.655068 0.69366 0.703471 1.02212 
0.262494 0.281646 0.312382 0.376659 0.476357 0.492866 0.655068 0.69366 0.703471 1.02212 
0.262494 0.281646 0.312382 0.376659 0.476357 0.492866 0.655068 0.69366 0.703471 1.02212 
0.262494 0.281646 0.312382 0.376659 0.476357 0.492866 0.655068 0.69366 0.703471 1.02212 
0.262494 0.281646 0.312382 0.376659 0.476357 0.492866 0.655068 0.69366 0.703471 1.02212 
0.262494 0.281646 0.312382 0.376659 0.476357 0.492866 0.655068 0.69366 0.703471 1.02212 
0.262494 0.281646 0.312382 0.376659 0.476357 0.492866 0.655068 0.69366 0.703471 1.02212 
0.262494 0.281646 0.312382 0.376659 0.476357 0.492866 0.655068 0.69366 0.703471 1.02212 
0.262494 0.281646 0.312382 0.376659 0.476357 0.492866 0.655068 0.69366 0.703471 1.02212 
0.262494 0.281646 0.312382 0.376659 0.476357 0.492866 0.655068 0.69366 0.703471 1.02212 
0.262494 0.281646 0.312382 0.376659 0.476357 0.492866 0.655068 0.69366 0.703471 1.02212 
0.262494 0.281646 0.312382 0.376659 0.476357 0.492866 0.655068 0.69366 0.703471 1.02212 
0.262494 0.281646 0.312382 0.376659 0.476357 0.492866 0.655068 0.69366 0.703471 1.02212 
0.262494 0.281646 0.312382 0.376659 0.476357 0.492866 0.655068 0.69366 0.703471 1.02212 
0.262494 0.281646 0.312382 0.376659 0.476357 0.492866 0.655068 0.69366 0.703471 1.02212 
0.262494 0.281646 0.312382 0.376659 0.476357 0.492866 0.655068 0.69366 0.703471 1.02212 
0.262494 0.281646 0.312382 0.376659 0.476357 0.492866 0.655068 0.69366 0.703471 1.02212 
0.262494 0.281646 0.312382 0.376659 0.476357 0.492866 0.655068 0.69366 0.703471 1.02212 
0.262494 0.281646 0.312382 0.376659 0.476357 0.492866 0.655068 0.69366 0.703471 1.02212 
0.262494 0.281646 0.312382 0.376659 0.476357 0.492866 0.655068 0.69366 0.703471 1.02212 
0.262494 0.281646 0.312382 0.376659 0.476357 0.492866 0.655068 0.69366 0.703471 1.02212 
0.262494 0.281646 0.312382 0.376659 0.476357 0.492866 0.655068 0.69366 0.703471 1.02212 
0.262494 0.281646 0.312382 0.376659 0.476357 0.492866 0.655068 0.69366 0.703471 1.02212 
0.262494 0.281646 0.312382 0.376659 0.476357 0.492866 0.655068 0.69366 0.703471 1.02212 
0.262494 0.281646 0.312382 0.376659 0.476357 0.492866 0.655068 0.69366 0.703471 1.02212 
0.262494 0.281646 0.312382 0.376659 0.476357 0.492866 0.655068 0.69366 0.703471 1.02212 
0.262494 0.281646 0.312382 0.376659 0.476357 0.492866 0.655068 0.69366 0.703471 1.02212 
0.262494 0.281646 0.312382 0.376659 0.476357 0.492866 0.655068 0.69366 0.703471 1.02212 
0.262494 0.281646 0.312382 0.376659 0.476357 0.492866 0.655068 0.69366 0.703471 1.02212 
0.262494 0.281646 0.312382 0.376659 0.476357 0.492866 0.655068 0.69366 0.703471 1.02212 
0.262494 0.281646 0.312382 0.376659 0.476357 0.492866 0.655068 0.69366 0.703471 1.02212 
0.262494 0.281646 0.312382 0.376659 0.476357 0.492866 0.655068 0.69366 0.703471 1.02212 
0.262494 0.281646 0.312382 0.376659 0.476357 0.492866 0.655068 0.69366 0.703471 1.02212 
0.262494 0.281646 0.312382 0.376659 0.476357 0.492866 0.655068 0.69366 0.703471 1.02212 
0.262494 0.281646 0.312382 0.376659 0.476357 0.492866 0.655068 0.69366 0.703471 1.02212 
0.262494 0.281646 0.312382 0.376659 0.476357 0.492866 0.655068 0.69366 0.703471 1.02212 
0.262494 0.281646 0.312382 0.376659 0.476357 0.492866 0.655068 0.69366 0.703471 1.02212 
0.262494 0.281646 0.312382 0.376659 0.476357 0.492866 0.655068 0.69366 0.703471 1.02212 
0.262494 0.281646 0.312382 0.376659 0.476357 0.492866 0.655068 0.69366 0.703471 1.02212 
0.262494 0.281646 0.312382 0.376659 0.476357 0.492866 0.655068 0.69366 0.703471 1.02212 
0.262494 0.281646 0.312382 0.376659 0.476357 0.492866 0.655068 0.69366 0.703471 1.02212 
0.262494 0.281646 0.312382 0.376659 0.476357 0.492866 0.655068 0.69366 0.703471 1.02212 
0.262494 0.281646 0.312382 0.376659 0.476357 0.492866 0.655068 0.69366 0.703471 1.02212 
0.262494 0.281646 0.312382 0.376659 0.476357 0.492866 0.655068 0.69366 0.703471 1.02212 
0.262494 0.281646 0.312382 0.376659 0.476357 0.492866 0.655068 0.69366 0.703471 1.02212 
0.262494 0.281646 0.312382 0.376659 0.476357 0.492866 0.655068 0.69366 0.703471 1.02212 
0.262494 0.281646 0.312382 0.376659 0.476357 0.492866 0.655068 0.69366 0.703471 1.02212 
0.262494 0.281646 0.312382 0.376659 0.476357 0.492866 0.655068 0.69366 0.703471 1.02212 
0.262494 0.281646 0.312382 0.376659 0.476357 0.492866 0.655068 0.69366 0.703471 1.02212 
0.262494 0.281646 0.312382 0.376659 0.476357 0.492866 0.655068 0.69366 0.703471 1.02212 
0.262494 0.281646 0.312382 0.376659 0.476357 0.492866 0.655068 0.69366 0.703471 1.02212 
0.262494 0.281646 0.312382 0.376659 0.476357 0.492866 0.655068 0.69366 0.703471 1.02212 
