2.1721 3.29278 3.48079 4.04922 4.25191 7.21738 7.86502 7.87606 8.16493 8.33998 
2.1721 3.29278 3.39394 3.42219 3.48079 4.04922 4.08003 4.25191 4.57834 5.33293 
1.58891 2.1721 3.29278 3.39394 3.42219 3.48079 4.04922 4.08003 4.12503 4.13984 
1.58891 2.1721 3.01858 3.29278 3.39394 3.42219 3.48079 3.75671 4.04922 4.08003 
1.58891 2.1721 3.01858 3.29278 3.39394 3.42219 3.48079 3.7286 3.75671 4.02656 
1.58891 2.1721 3.01858 3.25317 3.29278 3.39394 3.42219 3.48079 3.7286 3.75671 
1.58891 2.1721 3.01858 3.25317 3.29278 3.39394 3.42219 3.48079 3.7286 3.75671 
1.58891 1.66901 2.1721 2.95721 3.01858 3.25317 3.29278 3.39394 3.42219 3.48079 
0.755309 1.58891 1.66901 2.1721 2.95721 3.01858 3.25317 3.29278 3.39394 3.42219 
0.755309 1.58891 1.66901 2.1721 2.18743 2.95721 3.01858 3.19454 3.25317 3.29278 
0.755309 1.58891 1.66901 1.80071 2.1721 2.18743 2.44004 2.95721 3.01858 3.19454 
0.755309 1.58891 1.66901 1.80071 2.1721 2.18743 2.44004 2.95721 3.01858 3.19454 
0.302221 0.755309 1.58891 1.66901 1.80071 2.1721 2.18743 2.44004 2.74099 2.85212 
0.302221 0.755309 1.58891 1.66901 1.80071 1.84092 2.1721 2.18743 2.44004 2.74099 
0.302221 0.755309 1.58891 1.66901 1.80071 1.84092 2.1721 2.18743 2.44004 2.47507 
0.302221 0.755309 1.58891 1.66901 1.80071 1.84092 2.1721 2.18743 2.32953 2.44004 
0.302221 0.755309 1.58891 1.66901 1.80071 1.84092 2.1721 2.18743 2.32953 2.44004 
0.302221 0.66646 0.755309 1.58891 1.66901 1.80071 1.84092 2.1721 2.18743 2.32953 
0.302221 0.66646 0.755309 1.58891 1.66901 1.80071 1.84092 1.95125 2.1721 2.18743 
0.302221 0.66646 0.755309 1.58891 1.66901 1.80071 1.84092 1.95125 2.1721 2.18743 
0.302221 0.66646 0.755309 1.58891 1.66901 1.77441 1.80071 1.84092 1.95125 1.98071 
0.302221 0.57396 0.66646 0.755309 1.03161 1.58891 1.66901 1.77441 1.80071 1.84092 
0.302221 0.57396 0.66646 0.755309 1.03161 1.58891 1.66901 1.77441 1.80071 1.84092 
0.302221 0.57396 0.66646 0.755309 1.03161 1.58891 1.66901 1.77441 1.80071 1.84092 
0.302221 0.57396 0.66646 0.755309 1.03161 1.58891 1.66901 1.77441 1.80071 1.84092 
0.302221 0.57396 0.66646 0.755309 1.03161 1.58891 1.66901 1.77441 1.80071 1.84092 
0.302221 0.57396 0.66646 0.755309 1.03161 1.58891 1.66901 1.77441 1.80071 1.84092 
0.302221 0.57396 0.66646 0.755309 1.03161 1.52788 1.58891 1.66901 1.77441 1.80071 
0.302221 0.57396 0.66646 0.755309 1.03161 1.52788 1.58891 1.66901 1.77441 1.80071 
0.302221 0.57396 0.66646 0.755309 1.03161 1.52788 1.58891 1.66901 1.77441 1.80071 
0.302221 0.57396 0.66646 0.755309 1.03161 1.52788 1.58891 1.66901 1.77441 1.80071 
0.302221 0.57396 0.66646 0.755309 1.03161 1.52788 1.58891 1.66901 1.77441 1.80071 
0.302221 0.57396 0.66646 0.755309 1.03161 1.52788 1.58891 1.66901 1.77441 1.80071 
0.302221 0.57396 0.66646 0.755309 1.03161 1.32095 1.52788 1.58891 1.66901 1.77441 
0.302221 0.57396 0.66646 0.755309 1.03161 1.32095 1.52788 1.58891 1.66901 1.77441 
0.302221 0.57396 0.66646 0.755309 1.03161 1.32095 1.52788 1.58891 1.66901 1.75247 
0.302221 0.57396 0.66646 0.755309 1.02906 1.03161 1.32095 1.52788 1.58891 1.66901 
0.302221 0.57396 0.66646 0.755309 1.02906 1.03161 1.32095 1.52788 1.58891 1.66901 
0.302221 0.57396 0.66646 0.755309 1.02906 1.03161 1.32095 1.52788 1.58891 1.66901 
0.302221 0.57396 0.66646 0.755309 1.02906 1.03161 1.32095 1.52788 1.58891 1.66901 
0.302221 0.57396 0.66646 0.755309 1.02906 1.03161 1.16293 1.32095 1.52788 1.58891 
0.302221 0.57396 0.66646 0.755309 1.02906 1.03161 1.16293 1.32095 1.52788 1.58891 
0.302221 0.57396 0.66646 0.755309 1.02906 1.03161 1.16293 1.32095 1.52788 1.58891 
0.302221 0.57396 0.66646 0.755309 1.02906 1.03161 1.0716 1.16293 1.32095 1.52788 
0.302221 0.57396 0.66646 0.755309 1.02906 1.03161 1.0716 1.16293 1.32095 1.52788 
0.302221 0.57396 0.66646 0.755309 1.02906 1.03161 1.0716 1.16293 1.23828 1.32095 
0.302221 0.57396 0.66646 0.755309 1.02906 1.03161 1.0716 1.16293 1.23828 1.32095 
0.302221 0.57396 0.66646 0.755309 1.02906 1.03161 1.06955 1.0716 1.16293 1.23828 
0.302221 0.57396 0.66646 0.755309 1.02906 1.03161 1.06955 1.0716 1.16293 1.23828 
0.302221 0.57396 0.66646 0.755309 1.02906 1.03161 1.06955 1.07065 1.0716 1.16293 
0.302221 0.57396 0.66646 0.755309 0.879146 0.890474 1.02906 1.03161 1.06955 1.07065 
0.302221 0.57396 0.66646 0.755309 0.879146 0.890474 1.02906 1.03161 1.06955 1.07065 
0.302221 0.57396 0.66646 0.755309 0.879146 0.890474 1.02906 1.03161 1.06955 1.07065 
0.302221 0.57396 0.66646 0.755309 0.879146 0.890474 1.02906 1.03161 1.06955 1.07065 
0.302221 0.57396 0.66646 0.755309 0.879146 0.879633 0.890474 1.02906 1.03161 1.06955 
0.302221 0.57396 0.6111 0.66646 0.755309 0.879146 0.879633 0.890474 1.02906 1.03161 
0.302221 0.57396 0.6111 0.66646 0.755309 0.879146 0.879633 0.890474 1.02906 1.03161 
0.302221 0.57396 0.6111 0.66646 0.755309 0.879146 0.879633 0.890474 1.02906 1.03161 
0.302221 0.557404 0.57396 0.6111 0.634854 0.66646 0.755309 0.879146 0.879633 0.890474 
0.302221 0.557404 0.57396 0.6111 0.634854 0.66646 0.755309 0.879146 0.879633 0.890474 
0.302221 0.557404 0.561318 0.57396 0.6111 0.634854 0.66646 0.755309 0.879146 0.879633 
0.302221 0.557404 0.561318 0.57396 0.6111 0.634854 0.66646 0.755309 0.761882 0.879146 
0.302221 0.557404 0.561318 0.57396 0.6111 0.634854 0.66646 0.755309 0.761882 0.879146 
0.302221 0.364408 0.557404 0.561318 0.57396 0.6111 0.634854 0.66646 0.755309 0.761882 
0.302221 0.364408 0.557404 0.561318 0.57396 0.6111 0.634854 0.66646 0.755309 0.761882 
0.302221 0.364408 0.557404 0.561318 0.57396 0.6111 0.634854 0.66646 0.755309 0.761882 
0.267916 0.302221 0.347636 0.364408 0.557404 0.561318 0.57396 0.6111 0.634854 0.66646 
0.267916 0.302221 0.329717 0.335562 0.347636 0.364408 0.557404 0.561318 0.57396 0.610752 
0.190552 0.215186 0.267916 0.302221 0.329717 0.335562 0.347636 0.364408 0.557404 0.561318 
0.190552 0.215186 0.267916 0.302221 0.329717 0.335562 0.347636 0.364408 0.557404 0.561318 
0.190552 0.215186 0.267916 0.302221 0.329717 0.335562 0.347636 0.364408 0.475984 0.557404 
0.190552 0.215186 0.237812 0.267916 0.302221 0.329717 0.335562 0.347636 0.364408 0.475984 
0.190552 0.215186 0.237812 0.267916 0.302221 0.329717 0.335562 0.347636 0.364408 0.475984 
0.155862 0.190552 0.215186 0.237812 0.267916 0.302221 0.329717 0.335562 0.347636 0.364408 
0.155862 0.190552 0.215186 0.237812 0.267916 0.302221 0.329717 0.335562 0.347636 0.364408 
0.135453 0.155862 0.169608 0.190552 0.215186 0.237812 0.267916 0.302221 0.329717 0.335562 
0.112053 0.132475 0.135453 0.147762 0.155862 0.169608 0.190552 0.215186 0.237812 0.267916 
0.112053 0.132475 0.135453 0.147762 0.155862 0.169608 0.190552 0.215186 0.237812 0.267916 
0.112053 0.132475 0.135453 0.147762 0.155862 0.162897 0.169608 0.190552 0.215186 0.237812 
0.112053 0.132475 0.135453 0.147762 0.155862 0.162897 0.169608 0.190552 0.215186 0.237812 
0.112053 0.132475 0.135453 0.147762 0.155862 0.162897 0.169608 0.190552 0.215186 0.237812 
0.0621458 0.0850713 0.0923375 0.112053 0.132475 0.135453 0.147762 0.155862 0.162897 0.169608 
0.0621458 0.0850713 0.0923375 0.112053 0.132475 0.135453 0.147762 0.155862 0.162897 0.169608 
0.0621458 0.0674916 0.0850713 0.0923375 0.112053 0.132475 0.135453 0.147762 0.155862 0.162897 
0.0621458 0.0674916 0.0850713 0.0923375 0.112053 0.132475 0.135453 0.147762 0.155862 0.162897 
0.0356729 0.0621458 0.0674916 0.0850713 0.0923375 0.112053 0.132475 0.133095 0.135453 0.147762 
0.0356729 0.0621458 0.0674916 0.0850713 0.0923375 0.112053 0.128627 0.132475 0.133095 0.135453 
0.0356729 0.0595532 0.0621458 0.0674916 0.0850713 0.0923375 0.112053 0.128627 0.132475 0.133095 
0.0250694 0.0356729 0.0504159 0.0595532 0.0621458 0.0674916 0.0850713 0.0923375 0.112053 0.128627 
0.0250694 0.0356729 0.0504159 0.0595532 0.0621458 0.0674916 0.0850713 0.0923375 0.112053 0.128627 
0.0250694 0.0356729 0.0504159 0.0595532 0.0621458 0.0649185 0.0674916 0.0850713 0.0923375 0.112053 
0.0250694 0.0295736 0.0356729 0.0504159 0.0595532 0.0621458 0.0649185 0.0674916 0.0850713 0.0923375 
0.0250694 0.0295736 0.0356729 0.0504159 0.0595532 0.0621458 0.0649185 0.0674916 0.0680645 0.0850713 
0.0250694 0.0295736 0.0356729 0.0504159 0.0595532 0.0621458 0.0649185 0.0674916 0.0680645 0.0850713 
0.0250694 0.0295736 0.0356729 0.0504159 0.0558615 0.0595532 0.0621458 0.0649185 0.0674916 0.0680645 
0.0141354 0.0250694 0.0295736 0.0356729 0.0361837 0.0504159 0.0558615 0.0595532 0.0621458 0.0649185 
0.0141354 0.0182038 0.0229753 0.0250694 0.0295736 0.0356729 0.0361837 0.0504159 0.0558615 0.0595532 
0.0141354 0.0182038 0.0186936 0.022471 0.0229753 0.0250694 0.0295736 0.0356729 0.0361837 0.0418448 
0.0141354 0.0177898 0.0182038 0.0186936 0.022471 0.0229753 0.0250694 0.0295736 0.0356729 0.0361837 
0.0141354 0.0177898 0.0182038 0.0186936 0.022471 0.0229753 0.0250694 0.0284594 0.0295736 0.0356729 
