5.21257 5.47304 5.82784 6.19716 7.6058 7.96802 8.16258 8.55118 9.22349 9.5346 
5.21257 5.47304 5.82784 6.19716 6.23205 6.60219 7.30695 7.6058 7.96802 8.16258 
3.81604 4.54648 4.57191 5.21257 5.47304 5.82784 6.19716 6.23205 6.60219 6.74324 
3.81604 4.54648 4.57191 5.21257 5.28934 5.47304 5.82784 6.19716 6.23205 6.60219 
3.81604 4.54648 4.57191 5.21257 5.28934 5.47304 5.82784 6.19716 6.23205 6.60219 
3.81604 4.31967 4.54648 4.57191 5.21257 5.28934 5.47304 5.82784 6.19716 6.23205 
3.81604 4.31967 4.53876 4.54648 4.57191 5.21257 5.28934 5.47304 5.82784 6.19716 
0.825495 3.81604 4.31967 4.35732 4.53876 4.54648 4.57191 5.21257 5.28934 5.47304 
0.825495 0.87543 3.81604 4.04641 4.31967 4.35732 4.53876 4.54648 4.57191 5.21257 
0.825495 0.87543 3.62224 3.81604 4.04641 4.31967 4.35732 4.53876 4.54648 4.57191 
0.825495 0.87543 3.60874 3.62224 3.68102 3.81604 4.04641 4.31967 4.35732 4.43976 
0.825495 0.87543 3.34514 3.60874 3.62224 3.68102 3.81604 4.04641 4.31967 4.33038 
0.825495 0.87543 3.12514 3.34514 3.60874 3.62224 3.68102 3.81604 4.04641 4.31967 
0.825495 0.87543 2.7391 3.12514 3.34514 3.60874 3.62224 3.68102 3.81604 4.04641 
0.825495 0.87543 2.46818 2.7391 3.12514 3.29712 3.34514 3.60874 3.62224 3.68102 
0.825495 0.87543 0.888268 2.46818 2.7391 3.12514 3.29712 3.34514 3.60874 3.62224 
0.825495 0.87543 0.888268 2.46818 2.7391 3.12514 3.29712 3.34514 3.60874 3.62224 
0.825495 0.87543 0.888268 2.46818 2.7391 3.12514 3.29712 3.34514 3.60874 3.62224 
0.825495 0.87543 0.888268 2.46818 2.7391 2.94252 3.12514 3.29712 3.34514 3.60874 
0.825495 0.87543 0.888268 2.46818 2.7391 2.94252 3.06653 3.12514 3.29712 3.34514 
0.825495 0.87543 0.888268 2.46818 2.7391 2.94252 3.06653 3.12514 3.29712 3.34514 
0.825495 0.87543 0.888268 2.46818 2.7391 2.94252 3.06653 3.12514 3.29712 3.31074 
0.825495 0.87543 0.888268 2.46818 2.64213 2.7391 2.91861 2.94252 3.06653 3.12514 
0.825495 0.87543 0.888268 2.46818 2.64213 2.7391 2.91861 2.94252 3.06653 3.12514 
0.825495 0.87543 0.888268 2.46818 2.64213 2.7391 2.91861 2.94252 3.06653 3.12514 
0.825495 0.87543 0.888268 2.46818 2.62549 2.64213 2.7391 2.91861 2.94252 3.06653 
0.825495 0.87543 0.888268 1.23446 2.46818 2.62549 2.64213 2.7391 2.91861 2.94252 
0.825495 0.87543 0.888268 1.23446 2.46818 2.62549 2.64213 2.7391 2.91861 2.94252 
0.825495 0.87543 0.888268 1.23446 2.46818 2.62549 2.64213 2.7391 2.91861 2.94252 
0.825495 0.87543 0.888268 1.23446 1.28083 2.46818 2.62549 2.64213 2.7391 2.91861 
0.825495 0.87543 0.888268 1.23446 1.28083 2.46818 2.62549 2.64213 2.7391 2.91861 
0.348405 0.825495 0.87543 0.888268 1.23446 1.28083 2.46818 2.62549 2.64213 2.7391 
0.348405 0.825495 0.87543 0.888268 1.23446 1.28083 2.41984 2.46818 2.61395 2.62549 
0.348405 0.825495 0.87543 0.888268 1.23446 1.28083 2.41984 2.46818 2.61395 2.62549 
0.348405 0.825495 0.87543 0.888268 1.23446 1.28083 2.41984 2.46818 2.61395 2.62549 
0.348405 0.825495 0.87543 0.888268 1.23446 1.28083 2.35145 2.37017 2.41984 2.46818 
0.348405 0.825495 0.87543 0.888268 1.23446 1.28083 2.35145 2.37017 2.41984 2.46818 
0.348405 0.825495 0.87543 0.888268 1.23446 1.28083 2.35145 2.37017 2.41984 2.46818 
0.348405 0.825495 0.87543 0.888268 1.23446 1.28083 2.35145 2.37017 2.41984 2.46057 
0.348405 0.825495 0.87543 0.888268 1.23446 1.28083 2.02671 2.35145 2.37017 2.41984 
0.348405 0.558 0.825495 0.87543 0.888268 0.928895 1.23446 1.28083 2.00264 2.02671 
0.348405 0.558 0.825495 0.87543 0.888268 0.928895 1.23446 1.28083 2.00264 2.02671 
0.348405 0.558 0.825495 0.87543 0.888268 0.928895 1.23446 1.28083 1.54225 2.00264 
0.348405 0.558 0.825495 0.87543 0.888268 0.928895 1.23446 1.28083 1.54225 1.6417 
0.348405 0.558 0.825495 0.87543 0.888268 0.928895 1.23446 1.28083 1.54225 1.6417 
0.20024 0.348405 0.558 0.825495 0.87543 0.888268 0.928895 1.23446 1.28083 1.54225 
0.20024 0.348405 0.435861 0.558 0.801839 0.825495 0.87543 0.888268 0.928895 1.23446 
0.20024 0.348405 0.435861 0.558 0.801839 0.825495 0.87543 0.888268 0.928895 1.23446 
0.20024 0.348405 0.435861 0.458811 0.558 0.801839 0.825495 0.87543 0.888268 0.928895 
0.20024 0.348405 0.435861 0.458811 0.558 0.801839 0.825495 0.87543 0.888268 0.928895 
0.20024 0.348405 0.435861 0.458811 0.558 0.801839 0.825495 0.87543 0.888268 0.928895 
0.20024 0.348405 0.435861 0.458811 0.558 0.801839 0.825495 0.87543 0.888268 0.928895 
0.20024 0.348405 0.435861 0.458811 0.558 0.801839 0.825495 0.87543 0.888268 0.928895 
0.20024 0.348405 0.435861 0.458811 0.558 0.801839 0.825495 0.87543 0.888268 0.928895 
0.20024 0.348405 0.435861 0.458811 0.558 0.801839 0.825495 0.87543 0.888268 0.928895 
0.20024 0.348405 0.435861 0.458811 0.558 0.801839 0.825495 0.87543 0.888268 0.899414 
0.20024 0.348405 0.435861 0.458811 0.558 0.801839 0.825495 0.87543 0.888268 0.899414 
0.20024 0.302577 0.348405 0.435861 0.458811 0.558 0.801839 0.825495 0.87543 0.888268 
0.20024 0.302577 0.348405 0.435861 0.458811 0.558 0.801839 0.825495 0.87543 0.888268 
0.20024 0.302577 0.348405 0.435861 0.458811 0.558 0.801839 0.825495 0.87543 0.888268 
0.20024 0.302577 0.348405 0.435861 0.458811 0.558 0.801839 0.825495 0.87543 0.888268 
0.20024 0.302577 0.348405 0.435861 0.458811 0.558 0.801839 0.825495 0.87543 0.888268 
0.20024 0.302577 0.348405 0.435861 0.458811 0.558 0.801839 0.825495 0.87543 0.888268 
0.20024 0.302577 0.348405 0.435861 0.458811 0.558 0.801839 0.825495 0.87543 0.888268 
0.20024 0.302577 0.348405 0.435861 0.458811 0.558 0.801839 0.825495 0.87543 0.888268 
0.20024 0.302577 0.348405 0.435861 0.458811 0.558 0.801839 0.825495 0.87543 0.888268 
0.20024 0.302577 0.348405 0.435861 0.458811 0.558 0.801839 0.825495 0.87543 0.888268 
0.20024 0.302577 0.348405 0.435861 0.458811 0.558 0.801839 0.825495 0.87543 0.888268 
0.20024 0.302577 0.348405 0.435861 0.458811 0.558 0.801839 0.825495 0.87543 0.888268 
0.20024 0.302577 0.348405 0.435861 0.458811 0.558 0.801839 0.825495 0.87543 0.888268 
0.20024 0.302577 0.348405 0.435861 0.458811 0.558 0.801839 0.825495 0.87543 0.888268 
0.20024 0.302577 0.348405 0.435861 0.458811 0.558 0.801839 0.825495 0.87543 0.888268 
0.20024 0.302577 0.348405 0.435861 0.458811 0.558 0.801839 0.825495 0.87543 0.888268 
0.20024 0.302577 0.348405 0.435861 0.458811 0.558 0.801839 0.825495 0.87543 0.888268 
0.20024 0.302577 0.348405 0.435861 0.458811 0.558 0.801839 0.825495 0.87543 0.888268 
0.20024 0.302577 0.348405 0.435861 0.458811 0.558 0.801839 0.825495 0.87543 0.888268 
0.20024 0.302577 0.348405 0.435861 0.458811 0.558 0.801839 0.825495 0.87543 0.888268 
0.20024 0.302577 0.348405 0.435861 0.458811 0.558 0.801839 0.825495 0.87543 0.888268 
0.20024 0.302577 0.348405 0.435861 0.458811 0.558 0.801839 0.825495 0.87543 0.888268 
0.20024 0.302577 0.348405 0.435861 0.458811 0.558 0.801839 0.825495 0.87543 0.888268 
0.20024 0.302577 0.348405 0.435861 0.458811 0.558 0.801839 0.825495 0.87543 0.888268 
0.20024 0.302577 0.348405 0.435861 0.458811 0.558 0.801839 0.825495 0.87543 0.888268 
0.20024 0.302577 0.348405 0.435861 0.458811 0.558 0.801839 0.825495 0.87543 0.888268 
0.20024 0.302577 0.348405 0.435861 0.458811 0.558 0.801839 0.825495 0.87543 0.888268 
0.20024 0.302577 0.348405 0.435861 0.458811 0.558 0.801839 0.825495 0.87543 0.888268 
0.20024 0.302577 0.348405 0.435861 0.458811 0.558 0.801839 0.825495 0.87543 0.888268 
0.20024 0.302577 0.348405 0.435861 0.458811 0.558 0.801839 0.825495 0.87543 0.888268 
0.20024 0.302577 0.348405 0.435861 0.458811 0.558 0.801839 0.825495 0.87543 0.888268 
0.20024 0.302577 0.348405 0.435861 0.458811 0.558 0.801839 0.825495 0.87543 0.888268 
0.20024 0.302577 0.348405 0.435861 0.458811 0.558 0.801839 0.825495 0.87543 0.888268 
0.20024 0.302577 0.348405 0.435861 0.458811 0.558 0.801839 0.825495 0.87543 0.888268 
0.20024 0.302577 0.348405 0.435861 0.458811 0.558 0.801839 0.825495 0.87543 0.888268 
0.20024 0.302577 0.348405 0.435861 0.458811 0.558 0.801839 0.825495 0.87543 0.888268 
0.20024 0.302577 0.348405 0.435861 0.458811 0.558 0.801839 0.825495 0.87543 0.888268 
0.20024 0.302577 0.348405 0.435861 0.458811 0.558 0.801839 0.825495 0.87543 0.888268 
0.20024 0.302577 0.348405 0.435861 0.458811 0.558 0.801839 0.825495 0.87543 0.888268 
0.20024 0.302577 0.348405 0.435861 0.458811 0.558 0.801839 0.825495 0.87543 0.888268 
0.20024 0.302577 0.348405 0.435861 0.458811 0.558 0.801839 0.825495 0.87543 0.888268 
0.20024 0.302577 0.348405 0.435861 0.458811 0.558 0.801839 0.825495 0.87543 0.888268 
0.20024 0.302577 0.348405 0.435861 0.458811 0.558 0.801839 0.825495 0.87543 0.888268 
