4.18624 4.48935 4.52968 8.65402 9.06652 10.1241 10.4934 10.5185 10.915 10.9916 
4.18624 4.48935 4.52968 5.77108 7.70421 8.62494 8.65402 8.7763 8.83524 9.06652 
4.18624 4.48935 4.52968 5.77108 6.52895 6.5514 7.66116 7.70421 8.53926 8.62494 
3.61146 4.18624 4.48935 4.52968 5.77108 6.52895 6.5514 7.66116 7.70421 8.53926 
3.61146 4.18624 4.48935 4.52968 5.6216 5.77108 6.52895 6.5514 7.66116 7.70421 
3.61146 4.18624 4.48935 4.52968 5.6216 5.77108 6.52895 6.5514 7.66116 7.70421 
3.61146 4.18624 4.48935 4.52968 5.6216 5.77108 6.52895 6.5514 7.66116 7.70421 
3.61146 4.18624 4.48935 4.52968 5.6216 5.77108 6.52895 6.5514 7.66116 7.70421 
3.61146 4.18624 4.48935 4.52968 5.6216 5.77108 6.52895 6.5514 7.66116 7.70421 
3.20424 3.61146 4.18624 4.48935 4.52968 5.6216 5.77108 6.52895 6.5514 7.66116 
3.20424 3.61146 4.18624 4.48935 4.52968 5.6216 5.77108 6.52895 6.5514 7.66116 
3.20424 3.61146 4.18624 4.48935 4.52968 5.6216 5.77108 6.52895 6.5514 7.66116 
3.20424 3.61146 4.18624 4.48935 4.52968 5.6216 5.77108 6.52895 6.5514 7.66116 
2.8951 3.20424 3.61146 4.18624 4.48935 4.52968 5.6216 5.77108 6.52895 6.5514 
2.8951 3.20424 3.61146 4.18624 4.48935 4.52968 5.6216 5.77108 6.52895 6.5514 
2.8951 3.20424 3.61146 4.18624 4.48935 4.52968 5.6216 5.77108 6.52895 6.5514 
2.8951 3.20424 3.61146 4.18624 4.48935 4.52968 5.6216 5.77108 6.52895 6.5514 
2.8951 3.20424 3.61146 4.18624 4.48935 4.52968 5.6216 5.77108 6.52895 6.5514 
2.8951 3.20424 3.22296 3.61146 4.18624 4.48935 4.52968 5.6216 5.77108 6.52895 
2.8951 3.20424 3.22296 3.61146 4.18624 4.48935 4.52968 5.6216 5.77108 6.52895 
2.8951 3.20424 3.22296 3.61146 4.18624 4.48935 4.52968 5.6216 5.77108 6.52895 
2.8951 3.01787 3.20424 3.22296 3.61146 4.18624 4.48935 4.52968 5.6216 5.77108 
2.8951 3.01787 3.20424 3.22296 3.61146 4.18624 4.48935 4.52968 5.6216 5.77108 
2.8951 3.01787 3.20424 3.22296 3.61146 4.18624 4.48935 4.52968 5.6216 5.77108 
2.8951 3.01787 3.20424 3.22296 3.61146 4.18624 4.48935 4.52968 5.6216 5.77108 
2.8951 3.01787 3.20424 3.22296 3.61146 4.18624 4.48935 4.52968 5.6216 5.77108 
2.8951 3.01787 3.20424 3.22296 3.61146 4.18624 4.48935 4.52968 5.6216 5.77108 
2.8951 3.01787 3.20424 3.22296 3.61146 4.18624 4.48935 4.52968 5.6216 5.77108 
2.8951 3.01787 3.20424 3.22296 3.61146 4.18624 4.48935 4.52968 5.6216 5.77108 
0.971286 2.8951 3.01787 3.20424 3.22296 3.61146 4.18624 4.48935 4.52968 5.6216 
0.971286 2.8951 3.01787 3.20424 3.22296 3.61146 4.18624 4.48935 4.52968 5.6216 
0.971286 2.86027 2.8951 3.01787 3.20424 3.22296 3.61146 4.18624 4.48935 4.52968 
0.971286 2.86027 2.8951 3.01787 3.20424 3.22296 3.61146 4.18624 4.48935 4.52968 
0.971286 2.86027 2.8951 3.01787 3.20424 3.22296 3.61146 4.18624 4.48935 4.52968 
0.971286 2.86027 2.8951 3.01787 3.20424 3.22296 3.61146 4.18624 4.48935 4.52968 
0.971286 2.86027 2.8951 3.01787 3.20424 3.22296 3.61146 4.18624 4.48935 4.52968 
0.971286 2.86027 2.8951 3.01787 3.20424 3.22296 3.61146 4.18624 4.48935 4.52968 
0.971286 2.86027 2.8951 3.01787 3.20424 3.22296 3.61146 4.18624 4.48935 4.52968 
0.971286 2.86027 2.8951 3.01787 3.20424 3.22296 3.61146 4.18624 4.48935 4.52968 
0.971286 2.86027 2.8951 3.01787 3.20424 3.22296 3.61146 4.18624 4.48935 4.52968 
0.971286 2.86027 2.8951 3.01787 3.20424 3.22296 3.61146 4.18624 4.48935 4.52968 
0.971286 2.86027 2.8951 3.01787 3.20424 3.22296 3.61146 4.18624 4.48935 4.52968 
0.971286 2.86027 2.8951 3.01787 3.20424 3.22296 3.61146 4.18624 4.48935 4.52968 
0.971286 2.86027 2.8951 3.01787 3.20424 3.22296 3.61146 4.18624 4.48935 4.52968 
0.971286 2.86027 2.8951 3.01787 3.20424 3.22296 3.61146 4.18624 4.48935 4.52968 
0.971286 2.86027 2.8951 3.01787 3.20424 3.22296 3.61146 4.18624 4.48935 4.52968 
0.971286 2.86027 2.8951 3.01787 3.20424 3.22296 3.61146 4.18624 4.48935 4.52968 
0.971286 2.86027 2.8951 3.01787 3.20424 3.22296 3.61146 4.18624 4.48935 4.52968 
0.971286 2.86027 2.8951 3.01787 3.20424 3.22296 3.61146 4.18624 4.48935 4.52968 
0.971286 2.86027 2.8951 3.01787 3.20424 3.22296 3.61146 4.18624 4.48935 4.52968 
0.971286 2.86027 2.8951 3.01787 3.20424 3.22296 3.61146 4.18624 4.48935 4.52968 
0.971286 2.86027 2.8951 3.01787 3.20424 3.22296 3.61146 4.18624 4.48935 4.52968 
0.971286 2.86027 2.8951 3.01787 3.20424 3.22296 3.61146 4.18624 4.48935 4.52968 
0.971286 2.86027 2.8951 3.01787 3.20424 3.22296 3.61146 4.18624 4.48935 4.52968 
0.971286 2.86027 2.8951 3.01787 3.20424 3.22296 3.61146 4.18624 4.48935 4.52968 
0.971286 2.86027 2.8951 3.01787 3.20424 3.22296 3.61146 4.18624 4.48935 4.52968 
0.971286 2.86027 2.8951 3.01787 3.20424 3.22296 3.61146 4.18624 4.48935 4.52968 
0.971286 2.86027 2.8951 3.01787 3.20424 3.22296 3.61146 4.18624 4.48935 4.52968 
0.971286 2.86027 2.8951 3.01787 3.20424 3.22296 3.61146 4.18624 4.48935 4.52968 
0.971286 2.86027 2.8951 3.01787 3.20424 3.22296 3.61146 4.18624 4.48935 4.52968 
0.971286 2.86027 2.8951 3.01787 3.20424 3.22296 3.61146 4.18624 4.48935 4.52968 
0.971286 2.86027 2.8951 3.01787 3.20424 3.22296 3.61146 4.18624 4.48935 4.52968 
0.971286 2.86027 2.8951 3.01787 3.20424 3.22296 3.61146 4.18624 4.48935 4.52968 
0.971286 2.86027 2.8951 3.01787 3.20424 3.22296 3.61146 4.18624 4.48935 4.52968 
0.971286 2.86027 2.8951 3.01787 3.20424 3.22296 3.61146 4.18624 4.48935 4.52968 
0.971286 2.86027 2.8951 3.01787 3.20424 3.22296 3.61146 4.18624 4.48935 4.52968 
0.971286 2.86027 2.8951 3.01787 3.20424 3.22296 3.61146 4.18624 4.48935 4.52968 
0.971286 2.86027 2.8951 3.01787 3.20424 3.22296 3.61146 4.18624 4.48935 4.52968 
0.971286 2.86027 2.8951 3.01787 3.20424 3.22296 3.61146 4.18624 4.48935 4.52968 
0.971286 2.86027 2.8951 3.01787 3.20424 3.22296 3.61146 4.18624 4.48935 4.52968 
0.971286 2.86027 2.8951 3.01787 3.20424 3.22296 3.61146 4.18624 4.48935 4.52968 
0.971286 2.86027 2.8951 3.01787 3.20424 3.22296 3.61146 4.18624 4.48935 4.52968 
0.971286 2.86027 2.8951 3.01787 3.20424 3.22296 3.61146 4.18624 4.48935 4.52968 
0.971286 2.86027 2.8951 3.01787 3.20424 3.22296 3.61146 4.18624 4.48935 4.52968 
0.971286 2.86027 2.8951 3.01787 3.20424 3.22296 3.61146 4.18624 4.48935 4.52968 
0.971286 2.86027 2.8951 3.01787 3.20424 3.22296 3.61146 4.18624 4.48935 4.52968 
0.971286 2.86027 2.8951 3.01787 3.20424 3.22296 3.61146 4.18624 4.48935 4.52968 
0.971286 2.86027 2.8951 3.01787 3.20424 3.22296 3.61146 4.18624 4.48935 4.52968 
0.971286 2.86027 2.8951 3.01787 3.20424 3.22296 3.61146 4.18624 4.48935 4.52968 
0.971286 2.86027 2.8951 3.01787 3.20424 3.22296 3.61146 4.18624 4.48935 4.52968 
0.971286 2.86027 2.8951 3.01787 3.20424 3.22296 3.61146 4.18624 4.48935 4.52968 
0.971286 2.86027 2.8951 3.01787 3.20424 3.22296 3.61146 4.18624 4.48935 4.52968 
0.971286 2.86027 2.8951 3.01787 3.20424 3.22296 3.61146 4.18624 4.48935 4.52968 
0.971286 2.86027 2.8951 3.01787 3.20424 3.22296 3.61146 4.18624 4.48935 4.52968 
0.971286 2.86027 2.8951 3.01787 3.20424 3.22296 3.61146 4.18624 4.48935 4.52968 
0.971286 2.86027 2.8951 3.01787 3.20424 3.22296 3.61146 4.18624 4.48935 4.52968 
0.971286 2.86027 2.8951 3.01787 3.20424 3.22296 3.61146 4.18624 4.48935 4.52968 
0.971286 2.86027 2.8951 3.01787 3.20424 3.22296 3.61146 4.18624 4.48935 4.52968 
0.971286 2.86027 2.8951 3.01787 3.20424 3.22296 3.61146 4.18624 4.48935 4.52968 
0.971286 2.86027 2.8951 3.01787 3.20424 3.22296 3.61146 4.18624 4.48935 4.52968 
0.971286 2.86027 2.8951 3.01787 3.20424 3.22296 3.61146 4.18624 4.48935 4.52968 
0.971286 2.86027 2.8951 3.01787 3.20424 3.22296 3.61146 4.18624 4.48935 4.52968 
0.971286 2.86027 2.8951 3.01787 3.20424 3.22296 3.61146 4.18624 4.48935 4.52968 
0.971286 2.86027 2.8951 3.01787 3.20424 3.22296 3.61146 4.18624 4.48935 4.52968 
0.971286 2.86027 2.8951 3.01787 3.20424 3.22296 3.61146 4.18624 4.48935 4.52968 
0.971286 2.86027 2.8951 3.01787 3.20424 3.22296 3.61146 4.18624 4.48935 4.52968 
0.971286 2.86027 2.8951 3.01787 3.20424 3.22296 3.61146 4.18624 4.48935 4.52968 
0.971286 2.86027 2.8951 3.01787 3.20424 3.22296 3.61146 4.18624 4.48935 4.52968 
0.971286 2.86027 2.8951 3.01787 3.20424 3.22296 3.61146 4.18624 4.48935 4.52968 
0.971286 2.86027 2.8951 3.01787 3.20424 3.22296 3.61146 4.18624 4.48935 4.52968 
