6.89217 8.46527 8.64106 9.41908 9.67764 9.70716 10.3743 11.3578 11.383 11.5727 
4.44586 6.89217 7.64723 7.74085 8.02668 8.41214 8.46527 8.64106 8.88241 9.41908 
4.44586 6.89217 7.64723 7.69046 7.7121 7.74085 8.02668 8.41214 8.46527 8.64106 
4.44586 6.89217 7.64723 7.69046 7.7121 7.74085 8.02668 8.41214 8.46527 8.64106 
4.44586 6.89217 7.64723 7.69046 7.7121 7.74085 8.02668 8.41214 8.46527 8.64106 
4.44586 6.89217 7.64723 7.69046 7.7121 7.74085 8.02668 8.24049 8.41214 8.46527 
4.44586 6.89217 7.56536 7.64723 7.69046 7.7121 7.74085 8.02668 8.24049 8.41214 
4.44586 6.88483 6.89217 7.09803 7.56536 7.64723 7.69046 7.7121 7.74085 8.02668 
4.44586 5.91298 6.88483 6.89217 7.09803 7.56536 7.64723 7.69046 7.7121 7.74085 
3.6155 4.44586 5.77813 5.91298 6.88483 6.89217 7.09803 7.56536 7.64723 7.69046 
3.6155 4.44586 5.77813 5.91298 6.88483 6.89217 7.09803 7.56536 7.64723 7.69046 
3.6155 3.89343 4.44586 5.77813 5.91298 6.88483 6.89217 7.09803 7.56536 7.64723 
3.6155 3.89343 4.44586 5.77813 5.91298 6.88483 6.89217 7.09803 7.56536 7.64723 
1.07804 3.6155 3.89343 4.44586 5.77813 5.91298 6.88483 6.89217 7.09803 7.56536 
1.07804 3.6155 3.89343 4.44586 5.77813 5.91298 6.88483 6.89217 7.09803 7.56536 
1.07804 3.6155 3.89343 4.44586 5.77813 5.91298 6.88483 6.89217 7.09803 7.56536 
1.07804 3.6155 3.89343 4.44586 5.77813 5.91298 6.88483 6.89217 7.09803 7.56536 
1.07804 3.6155 3.89343 4.44586 5.77813 5.91298 6.88483 6.89217 7.09803 7.56536 
1.07804 3.31096 3.6155 3.89343 4.44586 5.77813 5.91298 6.88483 6.89217 7.09803 
1.07804 3.31096 3.6155 3.89343 4.44586 5.77813 5.91298 6.62373 6.88483 6.89217 
1.07804 3.31096 3.6155 3.89343 4.44586 5.77813 5.91298 6.62373 6.88483 6.89217 
1.07804 3.31096 3.6155 3.89343 4.44586 5.77813 5.91298 6.62373 6.88483 6.89217 
1.07804 3.31096 3.6155 3.89343 4.44586 5.77813 5.91298 6.62373 6.88483 6.89217 
1.07804 3.31096 3.6155 3.89343 4.44586 5.77813 5.91298 6.62373 6.88483 6.89217 
1.07804 3.31096 3.37994 3.6155 3.89343 4.44586 5.77813 5.91298 6.62373 6.88483 
1.07804 1.46194 3.31096 3.37994 3.6155 3.89343 4.44586 5.77813 5.91298 6.62373 
1.07804 1.46194 3.31096 3.37994 3.6155 3.89343 4.44586 5.77813 5.91298 6.62373 
1.07804 1.46194 3.31096 3.37994 3.6155 3.89343 4.44586 5.77813 5.91298 6.62373 
1.07804 1.46194 3.31096 3.37994 3.6155 3.89343 4.44586 5.77813 5.91298 6.62373 
1.07804 1.46194 3.31096 3.37994 3.6155 3.89343 4.44586 5.77813 5.91298 6.62373 
1.07804 1.46194 3.31096 3.37994 3.6155 3.89343 4.44586 5.77813 5.91298 6.62373 
1.07804 1.46194 3.31096 3.37994 3.6155 3.89343 4.44586 5.77813 5.91298 6.62373 
1.07804 1.46194 3.31096 3.37994 3.6155 3.89343 4.44586 5.77813 5.91298 6.62373 
1.07804 1.46194 3.31096 3.37994 3.6155 3.89343 4.44586 5.77813 5.91298 6.62373 
1.07804 1.46194 3.2646 3.31096 3.37994 3.6155 3.89343 4.44586 5.77813 5.91298 
1.07804 1.46194 3.2646 3.31096 3.37994 3.6155 3.89343 4.44586 5.77813 5.91298 
1.07804 1.46194 3.2646 3.31096 3.37994 3.6155 3.89343 4.44586 5.77813 5.91298 
1.07804 1.46194 3.2646 3.31096 3.37994 3.6155 3.89343 4.44586 5.77813 5.91298 
1.07804 1.46194 3.2646 3.31096 3.37994 3.6155 3.89343 4.44586 5.77813 5.91298 
1.07804 1.46194 2.94191 3.2646 3.31096 3.37994 3.6155 3.89343 4.44586 5.77813 
1.07804 1.46194 1.84959 2.94191 3.2646 3.31096 3.37994 3.6155 3.89343 4.44586 
1.07804 1.46194 1.84959 2.94191 3.2646 3.31096 3.37994 3.6155 3.89343 4.44586 
1.07804 1.46194 1.84959 2.94191 3.2646 3.31096 3.37994 3.6155 3.89343 4.44586 
1.07804 1.46194 1.84959 2.94191 3.2646 3.31096 3.37994 3.6155 3.89343 4.44586 
1.07804 1.46194 1.84959 2.94191 3.2646 3.31096 3.37994 3.6155 3.89343 4.44586 
1.07804 1.46194 1.84959 2.94191 3.2646 3.31096 3.37994 3.6155 3.89343 4.44586 
1.07804 1.46194 1.84959 2.94191 3.2646 3.31096 3.37994 3.6155 3.89343 4.44586 
1.07804 1.46194 1.84959 2.94191 3.2646 3.31096 3.37994 3.6155 3.89343 4.44586 
1.07804 1.46194 1.84959 2.94191 3.2646 3.31096 3.37994 3.6155 3.89343 4.44586 
1.07804 1.46194 1.84959 2.94191 3.2646 3.31096 3.37994 3.6155 3.89343 4.44586 
1.07804 1.46194 1.84959 2.94191 3.2646 3.31096 3.37994 3.6155 3.89343 4.44586 
1.07804 1.46194 1.84959 2.94191 3.2646 3.31096 3.37994 3.6155 3.89343 4.44586 
1.07804 1.46194 1.84959 2.94191 3.2646 3.31096 3.37994 3.6155 3.89343 4.44586 
1.07804 1.46194 1.84959 2.94191 3.2646 3.31096 3.37994 3.6155 3.89343 4.44586 
1.07804 1.46194 1.84959 2.94191 3.2646 3.31096 3.37994 3.6155 3.89343 4.44586 
1.07804 1.46194 1.84959 2.94191 3.2646 3.31096 3.37994 3.6155 3.89343 4.44586 
1.07804 1.46194 1.84959 2.94191 3.2646 3.31096 3.37994 3.6155 3.89343 4.44586 
1.07804 1.46194 1.84959 2.94191 3.2646 3.31096 3.37994 3.6155 3.89343 4.44586 
1.07804 1.46194 1.84959 2.94191 3.2646 3.31096 3.37994 3.6155 3.89343 4.44586 
1.07804 1.46194 1.84959 2.94191 3.2646 3.31096 3.37994 3.6155 3.89343 4.44586 
0.990839 1.07804 1.46194 1.84959 2.94191 3.2646 3.31096 3.37994 3.6155 3.89343 
0.990839 1.07804 1.46194 1.84959 2.94191 3.2646 3.31096 3.37994 3.6155 3.89343 
0.990839 1.07804 1.46194 1.84959 2.94191 3.2646 3.31096 3.37994 3.6155 3.89343 
0.990839 1.07804 1.46194 1.84959 2.94191 3.2646 3.31096 3.37994 3.6155 3.89343 
0.990839 1.07804 1.46194 1.84959 2.94191 3.2646 3.31096 3.37994 3.6155 3.89343 
0.990839 1.07804 1.46194 1.84959 2.94191 3.2646 3.31096 3.37994 3.6155 3.89343 
0.990839 1.07804 1.46194 1.84959 2.94191 3.2646 3.31096 3.37994 3.6155 3.89343 
0.990839 1.07804 1.46194 1.84959 2.94191 3.2646 3.31096 3.37994 3.6155 3.89343 
0.597502 0.990839 1.07804 1.46194 1.84959 2.94191 3.2646 3.31096 3.37994 3.6155 
0.597502 0.990839 1.07804 1.46194 1.84959 2.94191 3.2646 3.31096 3.37994 3.6155 
0.597502 0.990839 1.07804 1.46194 1.84959 2.94191 3.2646 3.31096 3.37994 3.6155 
0.597502 0.990839 1.07804 1.46194 1.84959 2.94191 3.2646 3.31096 3.37994 3.6155 
0.597502 0.990839 1.07804 1.46194 1.84959 2.94191 3.2646 3.31096 3.37994 3.6155 
0.597502 0.990839 1.07804 1.46194 1.84959 2.94191 3.2646 3.31096 3.37994 3.6155 
0.597502 0.990839 1.07804 1.46194 1.84959 2.94191 3.2646 3.31096 3.37994 3.6155 
0.597502 0.990839 1.07804 1.46194 1.84959 2.94191 3.2646 3.31096 3.37994 3.6155 
0.49403 0.597502 0.990839 1.07804 1.46194 1.84959 2.94191 3.2646 3.31096 3.37994 
0.49403 0.597502 0.990839 1.07804 1.46194 1.84959 2.94191 3.2646 3.31096 3.37994 
0.49403 0.597502 0.990839 1.07804 1.46194 1.84959 2.94191 3.2646 3.31096 3.37994 
0.49403 0.597502 0.990839 1.07804 1.46194 1.84959 2.94191 3.2646 3.31096 3.37994 
0.49403 0.597502 0.990839 1.07804 1.46194 1.84959 2.94191 3.2646 3.31096 3.37994 
0.49403 0.597502 0.642115 0.990839 1.07804 1.46194 1.84959 2.94191 3.2646 3.31096 
0.49403 0.597502 0.642115 0.990839 1.07804 1.46194 1.84959 2.94191 3.2646 3.31096 
0.49403 0.597502 0.642115 0.990839 1.07804 1.46194 1.84959 2.94191 3.2646 3.31096 
0.49403 0.597502 0.642115 0.990839 1.07804 1.46194 1.84959 2.94191 3.2646 3.31096 
0.49403 0.597502 0.642115 0.990839 1.07804 1.46194 1.84959 2.94191 3.2646 3.31096 
0.49403 0.597502 0.642115 0.990839 1.07804 1.46194 1.84959 2.94191 3.2646 3.31096 
0.49403 0.597502 0.642115 0.990839 1.07804 1.46194 1.84959 2.94191 3.2646 3.31096 
0.49403 0.597502 0.642115 0.990839 1.07804 1.46194 1.84959 2.94191 3.2646 3.31096 
0.49403 0.597502 0.642115 0.990839 1.07804 1.46194 1.84959 2.94191 3.2646 3.31096 
0.49403 0.597502 0.642115 0.990839 1.07804 1.46194 1.84959 2.94191 3.2646 3.31096 
0.49403 0.597502 0.642115 0.990839 1.07804 1.46194 1.84959 2.94191 3.2646 3.31096 
0.49403 0.597502 0.642115 0.990839 1.07804 1.46194 1.84959 2.94191 3.2646 3.31096 
0.49403 0.597502 0.642115 0.990839 1.07804 1.46194 1.84959 2.94191 3.2646 3.31096 
0.49403 0.597502 0.642115 0.990839 1.07804 1.46194 1.84959 2.94191 3.2646 3.31096 
0.49403 0.597502 0.642115 0.990839 1.07804 1.46194 1.84959 2.94191 3.2646 3.31096 
0.49403 0.597502 0.642115 0.990839 1.07804 1.46194 1.84959 2.94191 3.2646 3.31096 
0.49403 0.597502 0.642115 0.990839 1.07804 1.46194 1.84959 2.94191 3.2646 3.31096 
0.49403 0.597502 0.642115 0.990839 1.07804 1.46194 1.84959 2.94191 3.2646 3.31096 
0.49403 0.597502 0.642115 0.990839 1.07804 1.46194 1.84959 2.94191 3.2646 3.31096 
