6.44523 6.63289 7.99783 8.14625 8.50284 9.66192 9.91613 10.803 10.9429 11.1881 
5.21941 5.82496 6.44523 6.63289 7.99783 8.12226 8.14625 8.50284 8.59678 8.78441 
3.60599 4.4859 5.21941 5.82496 6.44523 6.63289 7.99783 8.01616 8.12226 8.14625 
3.60599 4.23547 4.41405 4.4859 4.60538 5.21941 5.56614 5.82496 6.15471 6.44523 
3.60599 4.23547 4.41405 4.4859 4.60538 5.21941 5.56614 5.82496 6.15471 6.44523 
3.60599 4.23547 4.41405 4.4859 4.60538 5.21941 5.30042 5.56614 5.82496 5.84483 
3.60599 4.23547 4.41405 4.4859 4.60538 5.21941 5.30042 5.56614 5.82496 5.84483 
3.43868 3.60599 4.23547 4.41405 4.4859 4.5768 4.60538 5.21941 5.30042 5.56614 
3.43868 3.60599 3.7555 4.23547 4.41405 4.4859 4.5768 4.60538 5.21941 5.30042 
3.08829 3.43868 3.60599 3.7555 4.23547 4.41405 4.4859 4.5768 4.60538 5.21941 
3.08829 3.43868 3.60599 3.7555 4.23547 4.41405 4.4859 4.5768 4.60538 5.21941 
3.08829 3.43868 3.60599 3.7555 4.23547 4.41405 4.4859 4.5768 4.60538 5.21941 
3.08829 3.43868 3.60599 3.7555 3.95138 4.23547 4.41405 4.4859 4.5768 4.60538 
3.08829 3.43868 3.60599 3.7555 3.95138 4.23547 4.41405 4.4859 4.5768 4.60538 
3.08829 3.43868 3.60599 3.7555 3.95138 4.23547 4.41405 4.4859 4.5768 4.60538 
2.64488 3.08829 3.43868 3.60599 3.7555 3.95138 4.23547 4.41405 4.4859 4.5768 
2.64488 3.08829 3.43868 3.60599 3.7555 3.95138 4.23547 4.41405 4.4859 4.5768 
2.64488 2.68486 3.08829 3.43868 3.60599 3.7555 3.95138 4.23547 4.41405 4.4859 
2.64488 2.68486 3.08829 3.43868 3.60599 3.7555 3.95138 4.23547 4.25632 4.41405 
2.64488 2.68486 2.81758 3.08829 3.43868 3.60599 3.7555 3.95138 4.23547 4.25632 
2.64488 2.68486 2.81758 2.87669 3.08829 3.43868 3.60599 3.7555 3.95138 4.23547 
2.64488 2.68486 2.81758 2.87669 3.08829 3.43868 3.60599 3.7555 3.76905 3.95138 
1.90051 2.64488 2.68486 2.81758 2.87669 3.08829 3.43868 3.60599 3.7555 3.76905 
1.74883 1.90051 2.64488 2.68486 2.81758 2.87669 3.08829 3.43868 3.60599 3.7555 
1.74883 1.90051 2.64488 2.68486 2.81758 2.87669 3.08829 3.43868 3.60599 3.7555 
1.74883 1.90051 2.64488 2.68486 2.81758 2.87669 3.08829 3.43868 3.60599 3.69297 
1.74883 1.90051 2.64488 2.68486 2.81758 2.87669 3.08829 3.43868 3.60599 3.69297 
1.74883 1.90051 2.64488 2.68486 2.81758 2.87669 3.08829 3.43868 3.60599 3.69297 
1.74883 1.90051 2.64488 2.68486 2.81758 2.87669 3.08829 3.43868 3.46841 3.60599 
1.74883 1.90051 2.64488 2.68486 2.81758 2.87669 3.08829 3.43868 3.46841 3.60599 
1.74883 1.90051 2.64488 2.68486 2.81758 2.87669 3.08829 3.43868 3.46841 3.60599 
1.74883 1.90051 2.64488 2.68486 2.81758 2.87669 3.08829 3.43868 3.46841 3.60599 
1.74883 1.90051 2.64488 2.68486 2.75988 2.80787 2.81758 2.87669 3.08829 3.43868 
1.74883 1.90051 2.64488 2.68486 2.75988 2.80787 2.81758 2.87669 3.08829 3.43868 
1.74883 1.90051 2.64488 2.68486 2.75988 2.80787 2.81758 2.87669 3.08829 3.43868 
1.74883 1.90051 2.64488 2.68486 2.75988 2.80787 2.81758 2.87669 3.08829 3.43868 
1.74883 1.90051 2.64488 2.68486 2.75988 2.80787 2.81758 2.87669 3.08829 3.43868 
1.74883 1.90051 2.64488 2.68486 2.75988 2.80787 2.81758 2.87669 3.08829 3.43868 
1.74883 1.90051 2.64488 2.68486 2.75988 2.80787 2.81758 2.87669 3.08829 3.43868 
1.74883 1.90051 2.64488 2.68486 2.75988 2.80787 2.81758 2.87669 3.08829 3.31301 
1.74883 1.90051 2.64488 2.68486 2.75988 2.80787 2.81758 2.87669 3.08829 3.31301 
1.74883 1.90051 2.64488 2.68486 2.75988 2.80787 2.81758 2.87669 3.08829 3.31301 
1.74883 1.90051 2.64488 2.68486 2.75988 2.80787 2.81758 2.87669 3.08829 3.31301 
1.74883 1.90051 2.64488 2.68486 2.75988 2.80787 2.81758 2.87669 3.08829 3.31301 
1.74883 1.90051 2.64488 2.68486 2.75988 2.80787 2.81758 2.87669 3.08829 3.31301 
1.74883 1.90051 2.64488 2.68486 2.75988 2.80787 2.81758 2.87669 3.08829 3.31301 
1.74883 1.90051 2.64488 2.68486 2.75988 2.80787 2.81758 2.87669 3.08829 3.31301 
1.74883 1.90051 2.64488 2.68486 2.75988 2.80787 2.81758 2.87669 3.08829 3.31301 
1.74883 1.90051 2.64488 2.67443 2.68486 2.75988 2.80787 2.81758 2.87669 3.08829 
1.74883 1.90051 2.64488 2.67443 2.68486 2.75988 2.80787 2.81758 2.87669 3.08829 
1.74883 1.90051 2.64488 2.67443 2.68486 2.75988 2.80787 2.81758 2.87669 3.08829 
1.74883 1.90051 2.64488 2.67443 2.68486 2.75988 2.80787 2.81758 2.87669 3.08829 
1.74883 1.90051 2.64488 2.67443 2.68486 2.75988 2.80787 2.81758 2.87669 3.08829 
1.74883 1.90051 2.64488 2.67443 2.68486 2.75988 2.80787 2.81758 2.87669 3.08829 
1.74883 1.82921 1.90051 2.64488 2.67443 2.68486 2.75988 2.80787 2.81758 2.87669 
1.74883 1.82921 1.90051 2.64488 2.67443 2.68486 2.75988 2.80787 2.81758 2.87669 
1.74883 1.82921 1.90051 2.64488 2.66361 2.67443 2.68486 2.75988 2.80787 2.81758 
1.74883 1.82921 1.90051 2.64488 2.66361 2.67443 2.68486 2.75988 2.80787 2.81758 
1.74883 1.82921 1.90051 2.64488 2.66361 2.67443 2.68486 2.75988 2.80787 2.81758 
1.74883 1.82921 1.90051 2.64488 2.66361 2.67443 2.68486 2.75988 2.80787 2.81758 
1.74883 1.82921 1.90051 2.64488 2.66361 2.67443 2.68486 2.75988 2.80787 2.81758 
1.74883 1.82921 1.90051 2.64488 2.66361 2.67443 2.68486 2.75988 2.80787 2.81758 
1.74883 1.82921 1.90051 2.64488 2.66361 2.67443 2.68486 2.75988 2.80787 2.81758 
1.74883 1.82921 1.90051 2.64488 2.66361 2.67443 2.68486 2.75988 2.80787 2.81758 
1.74883 1.82921 1.90051 2.64488 2.66361 2.67443 2.68486 2.75988 2.80787 2.81758 
1.74883 1.82921 1.90051 2.64488 2.66361 2.67443 2.68486 2.75988 2.80787 2.81758 
1.74883 1.82921 1.90051 2.64488 2.66361 2.67443 2.68486 2.75988 2.80787 2.81758 
1.74883 1.82921 1.90051 2.64488 2.66361 2.67443 2.68486 2.75988 2.80787 2.81758 
1.74883 1.82921 1.90051 2.64488 2.66361 2.67443 2.68486 2.75988 2.80787 2.81758 
1.74883 1.82921 1.90051 2.64488 2.66361 2.67443 2.68486 2.75988 2.80787 2.81758 
1.74883 1.82921 1.90051 2.64488 2.66361 2.67443 2.68486 2.75988 2.80787 2.81758 
1.74883 1.82921 1.90051 2.64488 2.66361 2.67443 2.68486 2.75988 2.80787 2.81758 
1.74883 1.82921 1.90051 2.64488 2.66361 2.67443 2.68486 2.75988 2.80787 2.81758 
1.74883 1.82921 1.90051 2.64488 2.66361 2.67443 2.68486 2.75988 2.80787 2.81758 
1.74883 1.82921 1.90051 2.64488 2.66361 2.67443 2.68486 2.75988 2.80787 2.81758 
1.74883 1.82921 1.90051 2.64488 2.66361 2.67443 2.68486 2.75988 2.80787 2.81758 
1.74883 1.82921 1.90051 2.64488 2.66361 2.67443 2.68486 2.75988 2.80787 2.81758 
1.74883 1.82921 1.90051 2.64488 2.66361 2.67443 2.68486 2.75988 2.80787 2.81758 
1.74883 1.82921 1.90051 2.64488 2.66361 2.67443 2.68486 2.75988 2.80787 2.81758 
1.74883 1.82921 1.90051 2.64488 2.66361 2.67443 2.68486 2.75988 2.80787 2.81758 
1.74883 1.82921 1.90051 2.64488 2.66361 2.67443 2.68486 2.75988 2.80787 2.81758 
1.74883 1.82921 1.90051 2.64488 2.66361 2.67443 2.68486 2.75988 2.80787 2.81758 
1.74883 1.82921 1.90051 2.64488 2.66361 2.67443 2.68486 2.75988 2.80787 2.81758 
1.74883 1.82921 1.90051 2.64488 2.66361 2.67443 2.68486 2.75988 2.80787 2.81758 
1.74883 1.82921 1.90051 2.64488 2.66361 2.67443 2.68486 2.75988 2.80787 2.81758 
1.74883 1.82921 1.90051 2.64488 2.66361 2.67443 2.68486 2.75988 2.80787 2.81758 
1.74883 1.82921 1.90051 2.64488 2.66361 2.67443 2.68486 2.75988 2.80787 2.81758 
1.74883 1.82921 1.90051 2.64488 2.66361 2.67443 2.68486 2.75988 2.80787 2.81758 
1.74883 1.82921 1.90051 2.64488 2.66361 2.67443 2.68486 2.75988 2.80787 2.81758 
1.74883 1.82921 1.90051 2.64488 2.66361 2.67443 2.68486 2.75988 2.80787 2.81758 
1.74883 1.82921 1.90051 2.64488 2.66361 2.67443 2.68486 2.75988 2.80787 2.81758 
1.74883 1.82921 1.90051 2.64488 2.66361 2.67443 2.68486 2.75988 2.80787 2.81758 
1.74883 1.82921 1.90051 2.64488 2.66361 2.67443 2.68486 2.75988 2.80787 2.81758 
1.74883 1.82921 1.90051 2.64488 2.66361 2.67443 2.68486 2.75988 2.80787 2.81758 
1.74883 1.82921 1.90051 2.64488 2.66361 2.67443 2.68486 2.75988 2.80787 2.81758 
1.74883 1.82921 1.90051 2.64488 2.66361 2.67443 2.68486 2.75988 2.80787 2.81758 
1.74883 1.82921 1.90051 2.64488 2.66361 2.67443 2.68486 2.75988 2.80787 2.81758 
1.74883 1.82921 1.90051 2.64488 2.66361 2.67443 2.68486 2.75988 2.80787 2.81758 
1.74883 1.82921 1.90051 2.64488 2.66361 2.67443 2.68486 2.75988 2.80787 2.81758 
1.74883 1.82921 1.90051 2.64488 2.66361 2.67443 2.68486 2.75988 2.80787 2.81758 
