3.84716 6.25923 6.49094 7.40765 7.63745 7.98317 8.06708 8.43866 10.497 11.138 
3.84716 4.75393 6.25923 6.49094 7.40765 7.63745 7.72156 7.91753 7.98317 8.06708 
3.84716 4.25303 4.36706 4.75393 5.78869 6.25923 6.49094 6.63409 6.66594 7.40765 
3.84716 4.12164 4.25303 4.36706 4.75393 5.78869 6.25923 6.49094 6.63409 6.66594 
3.84716 4.12164 4.25303 4.36706 4.75393 5.78869 6.25923 6.30729 6.49094 6.63409 
3.84716 4.12164 4.25303 4.27373 4.36706 4.75393 5.78869 6.25923 6.30729 6.49094 
3.84716 4.12164 4.25303 4.27373 4.36706 4.75393 5.78869 6.25923 6.30729 6.49094 
3.84716 4.12164 4.25303 4.27373 4.36706 4.75393 5.78869 6.25923 6.30729 6.49094 
3.84716 4.12164 4.25303 4.27373 4.36706 4.75393 5.78869 6.25923 6.30729 6.49094 
3.84716 4.12164 4.25303 4.27373 4.36706 4.75393 5.78869 6.25923 6.30729 6.49094 
3.84716 4.12164 4.25303 4.27373 4.36706 4.75393 5.78869 6.25923 6.30729 6.49094 
3.84716 4.12164 4.25303 4.27373 4.36706 4.75393 5.78869 6.25923 6.30729 6.49094 
3.84716 4.12164 4.25303 4.27373 4.36706 4.75393 5.78869 6.25923 6.30729 6.49094 
3.84716 4.12164 4.25303 4.27373 4.36706 4.75393 5.78869 6.25923 6.30729 6.49094 
3.84716 4.12164 4.25303 4.27373 4.36706 4.75393 5.78869 6.25923 6.30729 6.49094 
3.84716 4.12164 4.25303 4.27373 4.36706 4.75393 5.78869 6.25923 6.30729 6.49094 
3.84716 4.12164 4.25303 4.27373 4.36706 4.75393 5.78869 6.25923 6.30729 6.49094 
3.84716 4.12164 4.25303 4.27373 4.36706 4.75393 5.78869 6.25923 6.30729 6.49094 
3.84716 4.12164 4.25303 4.27373 4.36706 4.75393 5.78869 6.25923 6.30729 6.49094 
3.84716 4.12164 4.25303 4.27373 4.36706 4.75393 5.78869 6.25923 6.30729 6.49094 
3.84716 4.12164 4.25303 4.27373 4.36706 4.75393 5.78869 6.25923 6.30729 6.49094 
3.84402 3.84716 4.12164 4.25303 4.27373 4.36706 4.75393 5.78869 6.25923 6.30729 
3.84402 3.84716 4.12164 4.25303 4.27373 4.36706 4.75393 5.78869 6.25923 6.30729 
3.84402 3.84716 4.12164 4.25303 4.27373 4.36706 4.75393 5.78869 6.25923 6.30729 
3.84402 3.84716 4.12164 4.25303 4.27373 4.36706 4.75393 5.78869 6.25923 6.30729 
3.84402 3.84716 4.12164 4.25303 4.27373 4.36706 4.75393 5.78869 6.25923 6.30729 
3.84402 3.84716 4.12164 4.25303 4.27373 4.36706 4.75393 5.78869 6.25923 6.30729 
3.84402 3.84716 4.12164 4.25303 4.27373 4.36706 4.75393 5.78869 6.25923 6.30729 
3.84402 3.84716 4.12164 4.25303 4.27373 4.36706 4.75393 5.78869 6.25923 6.30729 
3.84402 3.84716 4.12164 4.22742 4.25303 4.27373 4.36706 4.75393 5.78869 6.25923 
3.84402 3.84716 4.12164 4.22742 4.25303 4.27373 4.36706 4.75393 5.78869 6.25923 
3.84402 3.84716 4.12164 4.22742 4.25303 4.27373 4.36706 4.75393 5.78869 6.25923 
3.84402 3.84716 4.12164 4.22742 4.25303 4.27373 4.36706 4.75393 5.78869 6.25923 
3.84402 3.84716 3.89042 4.12164 4.22742 4.25303 4.27373 4.36706 4.75393 5.78869 
3.84402 3.84716 3.89042 4.12164 4.22742 4.25303 4.27373 4.36706 4.75393 5.78869 
3.84402 3.84716 3.89042 4.12164 4.22742 4.25303 4.27373 4.36706 4.75393 5.78869 
3.84402 3.84716 3.89042 4.12164 4.22742 4.25303 4.27373 4.36706 4.75393 5.78869 
3.84402 3.84716 3.89042 4.12164 4.22742 4.25303 4.27373 4.36706 4.75393 5.78869 
3.84402 3.84716 3.89042 4.12164 4.22742 4.25303 4.27373 4.36706 4.75393 5.78869 
3.84402 3.84716 3.89042 4.12164 4.22742 4.25303 4.27373 4.36706 4.75393 5.78869 
3.84402 3.84716 3.89042 4.12164 4.22742 4.25303 4.27373 4.36706 4.75393 5.78869 
3.84402 3.84716 3.89042 4.12164 4.22742 4.25303 4.27373 4.36706 4.75393 5.78869 
3.84402 3.84716 3.89042 4.12164 4.22742 4.25303 4.27373 4.36706 4.75393 5.78869 
3.84402 3.84716 3.89042 4.12164 4.22742 4.25303 4.27373 4.36706 4.75393 5.78869 
3.84402 3.84716 3.89042 4.12164 4.22742 4.25303 4.27373 4.36706 4.75393 5.78869 
3.84402 3.84716 3.89042 4.12164 4.22742 4.25303 4.27373 4.36706 4.75393 5.78869 
3.84402 3.84716 3.89042 4.12164 4.22742 4.25303 4.27373 4.36706 4.75393 5.78869 
3.84402 3.84716 3.89042 4.12164 4.22742 4.25303 4.27373 4.36706 4.75393 5.78869 
3.84402 3.84716 3.89042 4.12164 4.22742 4.25303 4.27373 4.36706 4.75393 5.78869 
3.84402 3.84716 3.89042 4.12164 4.22742 4.25303 4.27373 4.36706 4.75393 5.78869 
3.84402 3.84716 3.89042 4.12164 4.22742 4.25303 4.27373 4.36706 4.75393 5.78869 
3.84402 3.84716 3.89042 4.12164 4.22742 4.25303 4.27373 4.36706 4.75393 5.78869 
3.84402 3.84716 3.89042 4.12164 4.22742 4.25303 4.27373 4.36706 4.75393 5.78869 
3.84402 3.84716 3.89042 4.12164 4.22742 4.25303 4.27373 4.36706 4.75393 5.78869 
3.84402 3.84716 3.89042 4.12164 4.22742 4.25303 4.27373 4.36706 4.75393 5.78869 
3.84402 3.84716 3.89042 4.12164 4.22742 4.25303 4.27373 4.36706 4.75393 5.78869 
3.84402 3.84716 3.89042 4.12164 4.22742 4.25303 4.27373 4.36706 4.75393 5.78869 
3.84402 3.84716 3.89042 4.12164 4.22742 4.25303 4.27373 4.36706 4.75393 5.78869 
3.84402 3.84716 3.89042 4.12164 4.22742 4.25303 4.27373 4.36706 4.75393 5.78869 
3.84402 3.84716 3.89042 4.12164 4.22742 4.25303 4.27373 4.36706 4.75393 5.78869 
3.84402 3.84716 3.89042 4.12164 4.22742 4.25303 4.27373 4.36706 4.75393 5.78869 
3.84402 3.84716 3.89042 4.12164 4.22742 4.25303 4.27373 4.36706 4.75393 5.78869 
3.84402 3.84716 3.89042 4.12164 4.22742 4.25303 4.27373 4.36706 4.75393 5.78869 
3.84402 3.84716 3.89042 4.12164 4.22742 4.25303 4.27373 4.36706 4.75393 5.78869 
3.84402 3.84716 3.89042 4.12164 4.22742 4.25303 4.27373 4.36706 4.75393 5.78869 
3.84402 3.84716 3.89042 4.12164 4.22742 4.25303 4.27373 4.36706 4.75393 5.78869 
3.84402 3.84716 3.89042 4.12164 4.22742 4.25303 4.27373 4.36706 4.75393 5.78869 
3.84402 3.84716 3.89042 4.12164 4.22742 4.25303 4.27373 4.36706 4.75393 5.78869 
3.84402 3.84716 3.89042 4.12164 4.22742 4.25303 4.27373 4.36706 4.75393 5.78869 
3.84402 3.84716 3.89042 4.12164 4.22742 4.25303 4.27373 4.36706 4.75393 5.78869 
3.84402 3.84716 3.89042 4.12164 4.22742 4.25303 4.27373 4.36706 4.75393 5.78869 
3.84402 3.84716 3.89042 4.12164 4.22742 4.25303 4.27373 4.36706 4.75393 5.78869 
3.84402 3.84716 3.89042 4.12164 4.22742 4.25303 4.27373 4.36706 4.75393 5.78869 
3.84402 3.84716 3.89042 4.12164 4.22742 4.25303 4.27373 4.36706 4.75393 5.78869 
3.84402 3.84716 3.89042 4.12164 4.22742 4.25303 4.27373 4.36706 4.75393 5.78869 
3.84402 3.84716 3.89042 4.12164 4.22742 4.25303 4.27373 4.36706 4.75393 5.78869 
3.84402 3.84716 3.89042 4.12164 4.22742 4.25303 4.27373 4.36706 4.75393 5.78869 
3.84402 3.84716 3.89042 4.12164 4.22742 4.25303 4.27373 4.36706 4.75393 5.78869 
3.84402 3.84716 3.89042 4.12164 4.22742 4.25303 4.27373 4.36706 4.75393 5.78869 
3.84402 3.84716 3.89042 4.12164 4.22742 4.25303 4.27373 4.36706 4.75393 5.78869 
3.84402 3.84716 3.89042 4.12164 4.22742 4.25303 4.27373 4.36706 4.75393 5.78869 
3.84402 3.84716 3.89042 4.12164 4.22742 4.25303 4.27373 4.36706 4.75393 5.78869 
3.84402 3.84716 3.89042 4.12164 4.22742 4.25303 4.27373 4.36706 4.75393 5.78869 
3.84402 3.84716 3.89042 4.12164 4.22742 4.25303 4.27373 4.36706 4.75393 5.78869 
3.84402 3.84716 3.89042 4.12164 4.22742 4.25303 4.27373 4.36706 4.75393 5.78869 
3.84402 3.84716 3.89042 4.12164 4.22742 4.25303 4.27373 4.36706 4.75393 5.78869 
3.84402 3.84716 3.89042 4.12164 4.22742 4.25303 4.27373 4.36706 4.75393 5.78869 
3.84402 3.84716 3.89042 4.12164 4.22742 4.25303 4.27373 4.36706 4.75393 5.78869 
3.84402 3.84716 3.89042 4.12164 4.22742 4.25303 4.27373 4.36706 4.75393 5.78869 
3.84402 3.84716 3.89042 4.12164 4.22742 4.25303 4.27373 4.36706 4.75393 5.78869 
3.84402 3.84716 3.89042 4.12164 4.22742 4.25303 4.27373 4.36706 4.75393 5.78869 
3.84402 3.84716 3.89042 4.12164 4.22742 4.25303 4.27373 4.36706 4.75393 5.78869 
3.84402 3.84716 3.89042 4.12164 4.22742 4.25303 4.27373 4.36706 4.75393 5.78869 
3.84402 3.84716 3.89042 4.12164 4.22742 4.25303 4.27373 4.36706 4.75393 5.78869 
3.84402 3.84716 3.89042 4.12164 4.22742 4.25303 4.27373 4.36706 4.75393 5.78869 
3.84402 3.84716 3.89042 4.12164 4.22742 4.25303 4.27373 4.36706 4.75393 5.78869 
3.84402 3.84716 3.89042 4.12164 4.22742 4.25303 4.27373 4.36706 4.75393 5.78869 
3.84402 3.84716 3.89042 4.12164 4.22742 4.25303 4.27373 4.36706 4.75393 5.78869 
3.84402 3.84716 3.89042 4.12164 4.22742 4.25303 4.27373 4.36706 4.75393 5.78869 
3.84402 3.84716 3.89042 4.12164 4.22742 4.25303 4.27373 4.36706 4.75393 5.78869 
