3.01865 3.75702 4.40836 5.51228 6.36887 6.53707 7.53859 9.02797 10.3423 10.3886 
3.01865 3.16103 3.75702 4.40836 5.51228 6.36887 6.53707 7.53859 8.7818 9.02797 
2.63087 3.01865 3.16103 3.75702 4.40836 5.51228 6.27699 6.36887 6.53707 7.53859 
1.68319 2.63087 3.01865 3.16103 3.75702 4.40836 5.51228 6.27699 6.36887 6.53707 
1.68319 2.63087 2.86606 3.01865 3.16103 3.75702 4.40836 5.51228 6.27699 6.36887 
1.68319 2.63087 2.86606 3.01865 3.16103 3.75702 4.40836 5.51228 6.27699 6.36887 
1.68319 2.63087 2.86606 3.01865 3.16103 3.75702 4.40836 5.51228 6.27699 6.36887 
1.68319 2.63087 2.8587 2.86606 3.01865 3.16103 3.75702 4.40836 5.03709 5.51228 
1.68319 2.63087 2.8587 2.86606 3.01865 3.16103 3.75702 4.40836 5.03709 5.51228 
1.68319 2.63087 2.8587 2.86606 3.01865 3.16103 3.75702 4.40836 5.03709 5.51228 
1.68319 2.63087 2.8587 2.86606 3.01865 3.16103 3.75702 4.40836 5.03709 5.51228 
1.68319 2.63087 2.8587 2.86606 3.01865 3.16103 3.75702 4.40836 5.03709 5.51228 
1.61848 1.68319 2.18558 2.63087 2.8587 2.86606 3.01865 3.16103 3.75702 4.40836 
1.61848 1.68319 2.18558 2.63087 2.8587 2.86606 3.01865 3.16103 3.75702 4.40836 
1.61848 1.68319 2.18558 2.63087 2.8587 2.86606 3.01865 3.16103 3.75702 4.40836 
1.61848 1.68319 2.18558 2.63087 2.8587 2.86606 3.01865 3.16103 3.75702 4.40836 
1.61848 1.68319 2.18558 2.63087 2.8587 2.86606 3.01865 3.16103 3.75702 4.40836 
1.61848 1.68319 2.18558 2.63087 2.8587 2.86606 3.01865 3.16103 3.75702 4.40836 
0.778849 1.61848 1.68319 2.18558 2.63087 2.8587 2.86606 3.01865 3.16103 3.75702 
0.778849 1.61848 1.68319 2.18558 2.63087 2.8587 2.86606 3.01865 3.16103 3.75702 
0.778849 1.61848 1.68319 2.18558 2.63087 2.8587 2.86606 3.01865 3.16103 3.75702 
0.778849 1.61848 1.68319 2.18558 2.63087 2.8587 2.86606 3.01865 3.16103 3.75702 
0.778849 1.61848 1.68319 2.18558 2.63087 2.8587 2.86606 3.01865 3.16103 3.75702 
0.778849 1.61848 1.68319 2.18558 2.63087 2.8587 2.86606 3.01865 3.16103 3.75702 
0.778849 1.61848 1.68319 2.18558 2.63087 2.8587 2.86606 3.01865 3.16103 3.75702 
0.778849 1.61848 1.68319 2.18558 2.63087 2.8587 2.86606 3.01865 3.16103 3.75702 
0.778849 1.61848 1.68319 2.18558 2.63087 2.8587 2.86606 3.01865 3.16103 3.75702 
0.778849 1.61848 1.68319 2.18558 2.63087 2.8587 2.86606 3.01865 3.16103 3.75702 
0.778849 1.61848 1.68319 2.18558 2.63087 2.8587 2.86606 3.01865 3.16103 3.75702 
0.778849 1.61848 1.63285 1.68319 2.18558 2.63087 2.8587 2.86606 3.01865 3.16103 
0.778849 1.61848 1.63285 1.68319 2.18558 2.63087 2.8587 2.86606 3.01865 3.16103 
0.778849 1.61848 1.63285 1.68319 2.18558 2.63087 2.8587 2.86606 3.01865 3.16103 
0.778849 1.61848 1.63285 1.68319 2.18558 2.63087 2.8587 2.86606 3.01865 3.16103 
0.778849 1.61848 1.63285 1.68319 2.18558 2.63087 2.8587 2.86606 3.01865 3.16103 
0.778849 1.61848 1.63285 1.68319 2.18558 2.63087 2.8587 2.86606 3.01865 3.16103 
0.778849 1.61848 1.63285 1.68319 2.18558 2.63087 2.8587 2.86606 3.01865 3.16103 
0.778849 1.61848 1.63285 1.68319 2.18558 2.63087 2.8587 2.86606 3.01865 3.16103 
0.778849 1.61848 1.63285 1.68319 2.18558 2.63087 2.8587 2.86606 3.01865 3.16103 
0.778849 1.61848 1.63285 1.68319 2.18558 2.63087 2.8587 2.86606 3.01865 3.16103 
0.778849 1.61848 1.63285 1.68319 2.18558 2.63087 2.8587 2.86606 3.01865 3.16103 
0.778849 1.61848 1.63285 1.68319 2.18558 2.63087 2.8587 2.86606 3.01865 3.16103 
0.778849 1.61848 1.63285 1.68319 2.18558 2.63087 2.8587 2.86606 3.01865 3.16103 
0.778849 1.61848 1.63285 1.68319 2.18558 2.63087 2.8587 2.86606 3.01865 3.16103 
0.778849 1.61848 1.63285 1.68319 2.18558 2.63087 2.8587 2.86606 3.01865 3.16103 
0.778849 1.61848 1.63285 1.68319 2.18558 2.63087 2.8587 2.86606 3.01865 3.16103 
0.778849 1.61848 1.63285 1.68319 2.18558 2.63087 2.8587 2.86606 3.01865 3.16103 
0.778849 1.61848 1.63285 1.68319 2.18558 2.63087 2.8587 2.86606 3.01865 3.16103 
0.778849 1.61848 1.63285 1.68319 2.18558 2.63087 2.8587 2.86606 3.01865 3.16103 
0.778849 1.61848 1.63285 1.68319 2.18558 2.63087 2.8587 2.86606 3.01865 3.16103 
0.778849 1.61848 1.63285 1.68319 2.18558 2.63087 2.8587 2.86606 3.01865 3.16103 
0.778849 1.61848 1.63285 1.68319 2.18558 2.63087 2.8587 2.86606 3.01865 3.16103 
0.778849 1.61848 1.63285 1.68319 2.18558 2.63087 2.8587 2.86606 3.01865 3.16103 
0.778849 1.61848 1.63285 1.68319 2.18558 2.63087 2.8587 2.86606 3.01865 3.16103 
0.778849 1.61848 1.63285 1.68319 2.18558 2.63087 2.8587 2.86606 3.01865 3.16103 
0.778849 1.61848 1.63285 1.68319 2.18558 2.63087 2.8587 2.86606 3.01865 3.16103 
0.778849 1.61848 1.63285 1.68319 2.18558 2.63087 2.8587 2.86606 3.01865 3.16103 
0.778849 1.61848 1.63285 1.68319 2.18558 2.63087 2.8587 2.86606 3.01865 3.16103 
0.778849 1.61848 1.63285 1.68319 2.18558 2.63087 2.8587 2.86606 3.01865 3.16103 
0.778849 1.61848 1.63285 1.68319 2.18558 2.63087 2.8587 2.86606 3.01865 3.16103 
0.778849 1.61848 1.63285 1.68319 2.18558 2.63087 2.8587 2.86606 3.01865 3.16103 
0.778849 1.61848 1.63285 1.68319 2.18558 2.63087 2.8587 2.86606 3.01865 3.16103 
0.778849 1.61848 1.63285 1.68319 2.18558 2.63087 2.8587 2.86606 3.01865 3.16103 
0.778849 1.61848 1.63285 1.68319 2.18558 2.63087 2.8587 2.86606 3.01865 3.16103 
0.778849 1.61848 1.63285 1.68319 2.18558 2.63087 2.8587 2.86606 3.01865 3.16103 
0.778849 1.61848 1.63285 1.68319 2.18558 2.63087 2.8587 2.86606 3.01865 3.16103 
0.778849 1.61848 1.63285 1.68319 2.18558 2.63087 2.8587 2.86606 3.01865 3.16103 
0.778849 1.61848 1.63285 1.68319 2.18558 2.63087 2.8587 2.86606 3.01865 3.16103 
0.778849 1.61848 1.63285 1.68319 2.18558 2.63087 2.8587 2.86606 3.01865 3.16103 
0.778849 1.61848 1.63285 1.68319 2.18558 2.63087 2.8587 2.86606 3.01865 3.16103 
0.778849 1.61848 1.63285 1.68319 2.18558 2.63087 2.8587 2.86606 3.01865 3.16103 
0.778849 1.61848 1.63285 1.68319 2.18558 2.63087 2.8587 2.86606 3.01865 3.16103 
0.778849 1.61848 1.63285 1.68319 2.18558 2.63087 2.8587 2.86606 3.01865 3.16103 
0.778849 1.61848 1.63285 1.68319 2.18558 2.63087 2.8587 2.86606 3.01865 3.16103 
0.778849 1.61848 1.63285 1.68319 2.18558 2.63087 2.8587 2.86606 3.01865 3.16103 
0.778849 1.61848 1.63285 1.68319 2.18558 2.63087 2.8587 2.86606 3.01865 3.16103 
0.778849 1.61848 1.63285 1.68319 2.18558 2.63087 2.8587 2.86606 3.01865 3.16103 
0.778849 1.61848 1.63285 1.68319 2.18558 2.63087 2.8587 2.86606 3.01865 3.16103 
0.778849 1.61848 1.63285 1.68319 2.18558 2.63087 2.8587 2.86606 3.01865 3.16103 
0.778849 1.61848 1.63285 1.68319 2.18558 2.63087 2.8587 2.86606 3.01865 3.16103 
0.778849 1.61848 1.63285 1.68319 2.18558 2.63087 2.8587 2.86606 3.01865 3.16103 
0.778849 1.61848 1.63285 1.68319 2.18558 2.63087 2.8587 2.86606 3.01865 3.16103 
0.778849 1.61848 1.63285 1.68319 2.18558 2.63087 2.8587 2.86606 3.01865 3.16103 
0.778849 1.61848 1.63285 1.68319 2.18558 2.63087 2.8587 2.86606 3.01865 3.16103 
0.778849 1.61848 1.63285 1.68319 2.18558 2.63087 2.8587 2.86606 3.01865 3.16103 
0.778849 1.61848 1.63285 1.68319 2.18558 2.63087 2.8587 2.86606 3.01865 3.16103 
0.778849 1.61848 1.63285 1.68319 2.18558 2.63087 2.8587 2.86606 3.01865 3.16103 
0.778849 1.61848 1.63285 1.68319 2.18558 2.63087 2.8587 2.86606 3.01865 3.16103 
0.778849 1.61848 1.63285 1.68319 2.18558 2.63087 2.8587 2.86606 3.01865 3.16103 
0.778849 1.61848 1.63285 1.68319 2.18558 2.63087 2.8587 2.86606 3.01865 3.16103 
0.778849 1.61848 1.63285 1.68319 2.18558 2.63087 2.8587 2.86606 3.01865 3.16103 
0.778849 1.61848 1.63285 1.68319 2.18558 2.63087 2.8587 2.86606 3.01865 3.16103 
0.778849 1.61848 1.63285 1.68319 2.18558 2.63087 2.8587 2.86606 3.01865 3.16103 
0.778849 1.61848 1.63285 1.68319 2.18558 2.63087 2.8587 2.86606 3.01865 3.16103 
0.778849 1.61848 1.63285 1.68319 2.18558 2.63087 2.8587 2.86606 3.01865 3.16103 
0.778849 1.61848 1.63285 1.68319 2.18558 2.63087 2.8587 2.86606 3.01865 3.16103 
0.778849 1.61848 1.63285 1.68319 2.18558 2.63087 2.8587 2.86606 3.01865 3.16103 
0.778849 1.61848 1.63285 1.68319 2.18558 2.63087 2.8587 2.86606 3.01865 3.16103 
0.778849 1.61848 1.63285 1.68319 2.18558 2.63087 2.8587 2.86606 3.01865 3.16103 
0.778849 1.61848 1.63285 1.68319 2.18558 2.63087 2.8587 2.86606 3.01865 3.16103 
0.778849 1.61848 1.63285 1.68319 2.18558 2.63087 2.8587 2.86606 3.01865 3.16103 
