5.85612 6.12755 8.3408 9.09649 9.21724 9.62106 10.1416 10.1945 10.7902 11.0453 
5.85612 6.12755 6.56636 6.79279 8.3408 8.84955 9.09649 9.21724 9.40789 9.62106 
0.488185 5.6139 5.85612 6.12755 6.56636 6.79279 8.12439 8.3408 8.84955 9.09649 
0.488185 5.6139 5.85612 6.12755 6.56636 6.79279 8.12439 8.3408 8.84955 9.09649 
0.488185 5.6139 5.85612 6.12755 6.24919 6.56636 6.79279 8.12439 8.3408 8.75161 
0.488185 5.6139 5.85612 6.12755 6.24919 6.56636 6.79279 8.12439 8.3408 8.75161 
0.488185 5.6139 5.85612 6.12755 6.24919 6.56636 6.79279 8.12439 8.3408 8.75161 
0.488185 5.6139 5.85612 6.12755 6.24919 6.56636 6.79279 7.79571 8.12439 8.3408 
0.488185 5.6139 5.85612 6.12755 6.24919 6.56636 6.79279 6.85033 7.79571 8.12439 
0.488185 3.45346 5.6139 5.85612 6.12755 6.24919 6.56636 6.79279 6.85033 7.79571 
0.488185 3.45346 4.25924 5.6139 5.85612 6.12755 6.24919 6.56636 6.79279 6.85033 
0.488185 3.45346 4.25924 5.6139 5.85612 6.12755 6.24919 6.56636 6.79279 6.85033 
0.488185 3.45346 4.25924 5.6139 5.85612 6.12755 6.24919 6.56636 6.79279 6.85033 
0.488185 3.45346 4.25924 5.6139 5.85612 6.12755 6.24919 6.56636 6.79279 6.85033 
0.488185 3.45346 4.25924 5.6139 5.85612 6.12755 6.24919 6.56636 6.79279 6.85033 
0.488185 3.45346 4.25924 5.6139 5.85612 6.12755 6.24919 6.56636 6.79279 6.85033 
0.488185 3.45346 4.25924 5.6139 5.85612 6.12755 6.24919 6.56636 6.79279 6.85033 
0.488185 3.45346 4.25924 5.6139 5.85612 6.12755 6.24919 6.56636 6.79279 6.85033 
0.488185 3.45346 4.25924 5.6139 5.85612 6.12755 6.24919 6.56636 6.79279 6.85033 
0.488185 3.45346 4.25924 5.6139 5.85612 6.12755 6.24919 6.56636 6.79279 6.85033 
0.488185 3.45346 4.25924 5.6139 5.85612 6.12755 6.24919 6.56636 6.79279 6.85033 
0.488185 3.45346 4.25924 5.6139 5.85612 6.12755 6.24919 6.56636 6.79279 6.85033 
0.488185 3.45346 4.25924 5.6139 5.85612 6.12755 6.24919 6.56636 6.79279 6.85033 
0.488185 3.45346 4.25924 5.6139 5.85612 6.12755 6.24919 6.56636 6.79279 6.85033 
0.488185 3.45346 4.25924 5.6139 5.85612 6.12755 6.24919 6.56636 6.79279 6.85033 
0.488185 3.45346 4.25924 5.6139 5.85612 6.12755 6.24919 6.56636 6.79279 6.85033 
0.488185 3.45346 4.25924 5.6139 5.85612 6.12755 6.24919 6.56636 6.79279 6.85033 
0.488185 3.45346 4.25924 5.6139 5.85612 6.12755 6.24919 6.56636 6.79279 6.85033 
0.488185 3.45346 4.25924 5.6139 5.85612 6.12755 6.24919 6.56636 6.79279 6.85033 
0.488185 3.45346 4.25924 5.6139 5.85612 6.12755 6.24919 6.56636 6.79279 6.85033 
0.488185 3.45346 4.25924 5.6139 5.85612 6.12755 6.24919 6.56636 6.74823 6.79279 
0.488185 3.45346 4.25924 5.6139 5.85612 6.12755 6.24919 6.56636 6.74823 6.79279 
0.488185 3.45346 4.25924 5.6139 5.85612 6.12755 6.24919 6.56636 6.665 6.74823 
0.488185 3.45346 4.25924 5.6139 5.85612 6.12755 6.24919 6.56636 6.665 6.74823 
0.488185 3.45346 3.78431 4.25924 5.6139 5.85612 6.12755 6.24919 6.56636 6.665 
0.488185 3.45346 3.78431 4.25924 5.6139 5.85612 6.12755 6.24919 6.54295 6.56636 
0.488185 3.45346 3.78431 4.25924 5.6139 5.85612 6.12755 6.24919 6.54295 6.56636 
0.488185 3.45346 3.78431 4.25924 5.6139 5.85612 6.12755 6.24919 6.54295 6.56636 
0.488185 3.45346 3.78431 4.25924 5.6139 5.85612 6.12755 6.24919 6.54295 6.56636 
0.488185 3.45346 3.78431 4.25924 5.10972 5.6139 5.85612 6.12755 6.24919 6.54295 
0.488185 3.45346 3.78431 4.25924 5.10972 5.6139 5.85612 6.12755 6.24919 6.54295 
0.488185 3.45346 3.78431 4.25924 5.10972 5.6139 5.85612 6.12755 6.24919 6.54295 
0.488185 3.45346 3.78431 3.98827 4.25924 5.10972 5.6139 5.85612 6.12755 6.24919 
0.488185 3.45346 3.78431 3.98827 4.25924 5.10972 5.491 5.6139 5.85612 6.12755 
0.488185 3.45346 3.78431 3.98827 4.25924 5.10972 5.491 5.6139 5.85612 6.12755 
0.488185 3.45346 3.78431 3.98827 4.25924 5.10972 5.491 5.6139 5.85612 6.12755 
0.488185 3.45346 3.78431 3.98827 4.25924 5.10972 5.491 5.6139 5.85612 6.12755 
0.488185 3.45346 3.78431 3.98827 4.25924 5.10972 5.491 5.6139 5.85612 6.12755 
0.488185 3.45346 3.78431 3.98827 4.25924 5.10972 5.491 5.6139 5.85612 6.12755 
0.488185 3.45346 3.78431 3.98827 4.25924 5.10972 5.491 5.6139 5.85612 6.12755 
0.488185 3.45346 3.78431 3.98827 4.25924 5.10972 5.491 5.6139 5.85612 6.12755 
0.488185 3.45346 3.78431 3.98827 4.25924 5.10972 5.491 5.6139 5.85612 6.12755 
0.488185 3.45346 3.78431 3.98827 4.25924 5.10972 5.491 5.6139 5.85612 6.12755 
0.488185 3.45346 3.78431 3.98827 4.25924 5.10972 5.491 5.6139 5.85612 6.12755 
0.488185 3.45346 3.78431 3.98827 4.25924 5.10972 5.491 5.6139 5.85612 6.12755 
0.488185 3.45346 3.78431 3.98827 4.25924 5.10972 5.491 5.6139 5.85612 6.12755 
0.488185 3.45346 3.78431 3.98827 4.25924 5.10972 5.491 5.6139 5.85612 6.12755 
0.488185 3.45346 3.78431 3.98827 4.25924 5.10972 5.491 5.6139 5.85612 6.12755 
0.488185 3.45346 3.78431 3.98827 4.25924 5.10972 5.491 5.6139 5.85612 6.12755 
0.488185 3.45346 3.78431 3.98827 4.25924 5.10972 5.491 5.6139 5.85612 6.12755 
0.488185 3.45346 3.78431 3.98827 4.25924 5.10972 5.491 5.6139 5.85612 6.12755 
0.488185 3.45346 3.78431 3.98827 4.25924 5.10972 5.491 5.6139 5.85612 6.12755 
0.488185 3.45346 3.78431 3.98827 4.25924 5.10972 5.491 5.6139 5.85612 6.12755 
0.488185 3.45346 3.78431 3.98827 4.25924 5.10972 5.491 5.6139 5.85612 6.12755 
0.488185 3.45346 3.78431 3.98827 4.25924 5.10972 5.491 5.6139 5.85612 6.12755 
0.488185 3.45346 3.78431 3.98827 4.25924 5.10972 5.491 5.6139 5.85612 6.12755 
0.488185 3.45346 3.78431 3.98827 4.25924 5.10972 5.491 5.6139 5.85612 6.12755 
0.488185 3.45346 3.78431 3.98827 4.25924 5.10972 5.491 5.6139 5.85612 6.12755 
0.488185 3.45346 3.78431 3.98827 4.25924 5.10972 5.491 5.6139 5.85612 6.12755 
0.488185 3.45346 3.78431 3.98827 4.25924 5.10972 5.491 5.6139 5.85612 6.12755 
0.488185 3.45346 3.78431 3.98827 4.25924 5.10972 5.491 5.6139 5.85612 6.12755 
0.488185 3.45346 3.78431 3.98827 4.25924 5.10972 5.491 5.6139 5.85612 6.12755 
0.488185 3.45346 3.78431 3.98827 4.25924 5.10972 5.491 5.6139 5.85612 6.12755 
0.488185 3.45346 3.78431 3.98827 4.25924 5.10972 5.491 5.6139 5.85612 6.12755 
0.488185 3.45346 3.78431 3.98827 4.25924 5.10972 5.491 5.6139 5.85612 6.12755 
0.488185 3.45346 3.78431 3.98827 4.25924 5.10972 5.491 5.6139 5.85612 6.12755 
0.488185 3.45346 3.78431 3.98827 4.25924 5.10972 5.491 5.6139 5.85612 6.12755 
0.488185 3.45346 3.78431 3.98827 4.25924 5.10972 5.491 5.6139 5.85612 6.12755 
0.488185 3.45346 3.78431 3.98827 4.25924 5.10972 5.491 5.6139 5.85612 6.12755 
0.488185 3.45346 3.78431 3.98827 4.25924 5.10972 5.491 5.6139 5.85612 6.12755 
0.488185 3.45346 3.78431 3.98827 4.25924 5.10972 5.491 5.6139 5.85612 6.12755 
0.488185 3.45346 3.78431 3.98827 4.25924 5.10972 5.491 5.6139 5.85612 6.12755 
0.488185 3.45346 3.78431 3.98827 4.25924 5.10972 5.491 5.6139 5.85612 6.12755 
0.488185 3.45346 3.78431 3.98827 4.25924 5.10972 5.491 5.6139 5.85612 6.12755 
0.488185 3.45346 3.78431 3.98827 4.25924 5.10972 5.491 5.6139 5.85612 6.12755 
0.488185 3.45346 3.78431 3.98827 4.25924 5.10972 5.491 5.6139 5.85612 6.12755 
0.488185 3.45346 3.78431 3.98827 4.25924 5.10972 5.491 5.6139 5.85612 6.12755 
0.488185 3.45346 3.78431 3.98827 4.25924 5.10972 5.491 5.6139 5.85612 6.12755 
0.488185 3.45346 3.78431 3.98827 4.25924 5.10972 5.491 5.6139 5.85612 6.12755 
0.488185 3.45346 3.78431 3.98827 4.25924 5.10972 5.491 5.6139 5.85612 6.12755 
0.488185 3.45346 3.78431 3.98827 4.25924 5.10972 5.491 5.6139 5.85612 6.12755 
0.488185 3.45346 3.78431 3.98827 4.25924 5.10972 5.491 5.6139 5.85612 6.12755 
0.488185 3.45346 3.78431 3.98827 4.25924 5.10972 5.491 5.6139 5.85612 6.12755 
0.488185 3.45346 3.78431 3.98827 4.25924 5.10972 5.491 5.6139 5.85612 6.12755 
0.488185 3.45346 3.78431 3.98827 4.25924 5.10972 5.491 5.6139 5.85612 6.12755 
0.488185 3.45346 3.78431 3.98827 4.25924 5.10972 5.491 5.6139 5.85612 6.12755 
0.488185 3.45346 3.78431 3.98827 4.25924 5.10972 5.491 5.6139 5.85612 6.12755 
0.488185 3.45346 3.78431 3.98827 4.25924 5.10972 5.491 5.6139 5.85612 6.12755 
0.488185 3.45346 3.78431 3.98827 4.25924 5.10972 5.491 5.6139 5.85612 6.12755 
0.488185 3.45346 3.78431 3.98827 4.25924 5.10972 5.491 5.6139 5.85612 6.12755 
