2.10295 3.78111 4.57223 5.61985 6.33792 7.4212 7.49067 7.54427 10.2139 12.1165 
2.10295 3.15946 3.60998 3.78111 4.57223 5.61985 6.33792 6.46674 7.104 7.4212 
0.26527 2.10295 3.15946 3.60998 3.78111 4.57223 5.61985 6.28416 6.33792 6.46674 
0.26527 2.10295 3.15946 3.60998 3.78111 4.57223 5.61985 6.28416 6.33792 6.34979 
0.26527 2.10295 3.15946 3.60998 3.78111 4.57223 5.61985 6.28416 6.33792 6.34979 
0.26527 2.10295 3.15946 3.60998 3.78111 4.57223 5.61985 6.28416 6.33792 6.34979 
0.26527 2.10295 2.26172 3.15946 3.60998 3.78111 4.57223 5.61985 6.28416 6.33792 
0.26527 2.10295 2.26172 3.15946 3.60998 3.78111 4.57223 5.61985 6.28416 6.33792 
0.26527 2.10295 2.26172 3.15946 3.60998 3.78111 4.57223 5.61985 5.96408 6.28416 
0.26527 2.10295 2.26172 3.15946 3.60998 3.78111 4.57223 5.61985 5.96408 6.28416 
0.26527 2.10295 2.26172 3.15946 3.60998 3.78111 4.57223 5.61985 5.96408 6.28416 
0.26527 2.10295 2.26172 3.15946 3.60998 3.78111 4.57223 5.61985 5.75631 5.96408 
0.26527 2.10295 2.26172 3.15946 3.60998 3.78111 4.57223 5.61985 5.75631 5.96408 
0.26527 2.10295 2.26172 3.15946 3.60998 3.78111 4.57223 5.61985 5.75631 5.96408 
0.26527 2.10295 2.26172 3.15946 3.60998 3.78111 4.57223 5.61985 5.75631 5.96408 
0.26527 2.10295 2.26172 3.15946 3.60998 3.78111 4.57223 5.61985 5.75631 5.96408 
0.26527 2.10295 2.26172 3.15946 3.60998 3.78111 4.57223 5.61985 5.75631 5.96408 
0.26527 2.10295 2.26172 3.15946 3.60998 3.78111 4.57223 5.61985 5.75631 5.96408 
0.26527 2.10295 2.26172 3.15946 3.60998 3.78111 4.57223 5.61985 5.75631 5.96408 
0.26527 2.10295 2.26172 3.15946 3.60998 3.78111 4.57223 5.61985 5.75631 5.96408 
0.26527 2.10295 2.26172 3.15946 3.60998 3.78111 4.57223 5.61985 5.75631 5.96408 
0.26527 2.10295 2.26172 3.15946 3.60998 3.78111 4.57223 5.61985 5.75631 5.96408 
0.26527 2.10295 2.26172 3.15946 3.60998 3.78111 4.57223 5.61985 5.75631 5.96408 
0.26527 2.03042 2.10295 2.26172 3.15946 3.60998 3.78111 4.57223 5.61985 5.75631 
0.26527 2.03042 2.10295 2.26172 3.15946 3.60998 3.78111 4.57223 5.61985 5.75631 
0.26527 2.03042 2.10295 2.26172 3.15946 3.60998 3.78111 4.57223 5.61985 5.75631 
0.26527 2.03042 2.10295 2.26172 3.15946 3.60998 3.78111 4.57223 5.61985 5.75631 
0.26527 2.03042 2.10295 2.26172 3.15946 3.60998 3.78111 4.57223 5.61985 5.75631 
0.26527 2.03042 2.10295 2.26172 3.15946 3.60998 3.78111 4.57223 5.61985 5.75631 
0.26527 1.19837 2.03042 2.10295 2.26172 3.15946 3.60998 3.78111 4.57223 5.61985 
0.26527 1.19837 2.03042 2.10295 2.26172 3.15946 3.60998 3.78111 4.57223 5.61985 
0.26527 1.19837 2.03042 2.10295 2.26172 3.15946 3.60998 3.78111 4.57223 5.61985 
0.26527 1.19837 2.03042 2.10295 2.26172 3.15946 3.60998 3.78111 4.57223 5.61985 
0.26527 1.19837 2.03042 2.10295 2.26172 3.15946 3.60998 3.78111 4.57223 5.61985 
0.26527 1.19837 2.03042 2.10295 2.26172 3.15946 3.60998 3.78111 4.57223 5.61985 
0.26527 1.19837 2.03042 2.10295 2.26172 3.15946 3.60998 3.78111 4.57223 5.61985 
0.26527 1.19837 2.03042 2.10295 2.26172 3.15946 3.60998 3.78111 4.57223 5.61985 
0.26527 1.19837 2.03042 2.10295 2.26172 3.15946 3.60998 3.78111 4.57223 5.61985 
0.26527 1.19837 2.03042 2.10295 2.26172 3.15946 3.60998 3.78111 4.57223 5.61985 
0.26527 1.19837 2.03042 2.10295 2.26172 3.15946 3.60998 3.78111 4.57223 5.61985 
0.26527 1.19837 2.03042 2.10295 2.26172 3.15946 3.60998 3.78111 4.57223 5.61985 
0.26527 1.19837 2.03042 2.10295 2.26172 3.15946 3.60998 3.78111 4.57223 5.61985 
0.26527 1.19837 2.03042 2.10295 2.26172 3.15946 3.60998 3.78111 4.57223 5.61985 
0.26527 1.19837 2.03042 2.10295 2.26172 3.15946 3.60998 3.78111 4.57223 5.61985 
0.26527 1.19837 2.03042 2.10295 2.26172 3.15946 3.60998 3.78111 4.57223 5.61985 
0.26527 1.19837 2.03042 2.10295 2.26172 3.15946 3.60998 3.78111 4.57223 5.61985 
0.26527 1.19837 2.03042 2.10295 2.26172 3.15946 3.60998 3.78111 4.57223 5.61985 
0.26527 1.19837 2.03042 2.10295 2.26172 3.15946 3.60998 3.78111 4.57223 5.61985 
0.26527 1.19837 2.03042 2.10295 2.26172 3.15946 3.60998 3.78111 4.57223 5.61985 
0.26527 1.19837 2.03042 2.10295 2.26172 3.15946 3.60998 3.78111 4.57223 5.61985 
0.26527 1.19837 2.03042 2.10295 2.26172 3.15946 3.60998 3.78111 4.57223 5.61985 
0.26527 1.19837 2.03042 2.10295 2.26172 3.15946 3.60998 3.78111 4.57223 5.61985 
0.26527 1.19837 2.03042 2.10295 2.26172 3.15946 3.60998 3.78111 4.57223 5.61985 
0.26527 1.19837 2.03042 2.10295 2.26172 3.15946 3.60998 3.78111 4.57223 5.61985 
0.26527 1.19837 2.03042 2.10295 2.26172 3.15946 3.60998 3.78111 4.57223 5.61985 
0.26527 1.19837 2.03042 2.10295 2.26172 3.15946 3.60998 3.78111 4.57223 5.61985 
0.26527 1.19837 2.03042 2.10295 2.26172 3.15946 3.60998 3.78111 4.57223 5.61985 
0.26527 1.19837 2.03042 2.10295 2.26172 3.15946 3.60998 3.78111 4.57223 5.61985 
0.26527 1.19837 1.69715 2.03042 2.10295 2.26172 3.15946 3.60998 3.78111 4.57223 
0.26527 1.19837 1.69715 2.03042 2.10295 2.26172 3.15946 3.60998 3.78111 4.57223 
0.26527 1.19837 1.69715 2.03042 2.10295 2.26172 3.15946 3.60998 3.78111 4.57223 
0.26527 1.19837 1.69715 2.03042 2.10295 2.26172 3.15946 3.60998 3.78111 4.57223 
0.26527 1.19837 1.69715 2.03042 2.10295 2.26172 3.15946 3.60998 3.78111 4.57223 
0.26527 1.19837 1.69715 2.03042 2.10295 2.26172 3.15946 3.60998 3.78111 4.57223 
0.26527 1.19837 1.69715 2.03042 2.10295 2.26172 3.15946 3.60998 3.78111 4.57223 
0.26527 1.19837 1.69715 2.03042 2.10295 2.26172 3.15946 3.60998 3.78111 4.57223 
0.26527 1.19837 1.69715 2.03042 2.10295 2.26172 3.15946 3.60998 3.78111 4.57223 
0.26527 1.19837 1.69715 2.03042 2.10295 2.26172 3.15946 3.60998 3.78111 4.57223 
0.26527 1.19837 1.69715 2.03042 2.10295 2.26172 3.15946 3.60998 3.78111 4.57223 
0.26527 1.19837 1.69715 2.03042 2.10295 2.26172 3.15946 3.60998 3.78111 4.57223 
0.26527 1.19837 1.69715 2.03042 2.10295 2.26172 3.15946 3.60998 3.78111 4.57223 
0.26527 1.19837 1.69715 2.03042 2.10295 2.26172 3.15946 3.60998 3.78111 4.57223 
0.26527 1.19837 1.69715 2.03042 2.10295 2.26172 3.15946 3.60998 3.78111 4.57223 
0.26527 1.19837 1.69715 2.03042 2.10295 2.26172 3.15946 3.60998 3.78111 4.57223 
0.26527 1.19837 1.69715 2.03042 2.10295 2.26172 3.15946 3.60998 3.78111 4.57223 
0.26527 1.19837 1.69715 2.03042 2.10295 2.26172 3.15946 3.60998 3.78111 4.57223 
0.26527 1.19837 1.69715 2.03042 2.10295 2.26172 3.15946 3.60998 3.78111 4.57223 
0.26527 1.19837 1.69715 2.03042 2.10295 2.26172 3.15946 3.60998 3.78111 4.57223 
0.26527 1.19837 1.69715 2.03042 2.10295 2.26172 3.15946 3.60998 3.78111 4.57223 
0.26527 1.19837 1.69715 2.03042 2.10295 2.26172 3.15946 3.60998 3.78111 4.57223 
0.26527 1.19837 1.69715 2.03042 2.10295 2.26172 3.15946 3.60998 3.78111 4.57223 
0.26527 1.19837 1.69715 2.03042 2.10295 2.26172 3.15946 3.60998 3.78111 4.57223 
0.26527 1.19837 1.69715 2.03042 2.10295 2.26172 3.15946 3.60998 3.78111 4.57223 
0.26527 1.19837 1.69715 2.03042 2.10295 2.26172 3.15946 3.60998 3.78111 4.57223 
0.26527 1.19837 1.69715 2.03042 2.10295 2.26172 3.15946 3.60998 3.78111 4.57223 
0.26527 1.19837 1.69715 2.03042 2.10295 2.26172 3.15946 3.60998 3.78111 4.57223 
0.26527 1.19837 1.69715 2.03042 2.10295 2.26172 3.15946 3.60998 3.78111 4.57223 
0.26527 1.19837 1.69715 2.03042 2.10295 2.26172 3.15946 3.60998 3.78111 4.57223 
0.26527 1.19837 1.69715 2.03042 2.10295 2.26172 3.15946 3.60998 3.78111 4.57223 
0.26527 1.19837 1.69715 2.03042 2.10295 2.26172 3.15946 3.60998 3.78111 4.57223 
0.26527 1.19837 1.69715 2.03042 2.10295 2.26172 3.15946 3.60998 3.78111 4.57223 
0.26527 1.19837 1.69715 2.03042 2.10295 2.26172 3.15946 3.60998 3.78111 4.57223 
0.26527 1.19837 1.69715 2.03042 2.10295 2.26172 3.15946 3.60998 3.78111 4.57223 
0.26527 1.19837 1.69715 2.03042 2.10295 2.26172 3.15946 3.60998 3.78111 4.57223 
0.26527 1.19837 1.69715 2.03042 2.10295 2.26172 3.15946 3.60998 3.78111 4.57223 
0.26527 1.19837 1.69715 2.03042 2.10295 2.26172 3.15946 3.60998 3.78111 4.57223 
0.26527 1.19837 1.69715 2.03042 2.10295 2.26172 3.15946 3.60998 3.78111 4.57223 
0.26527 1.19837 1.69715 2.03042 2.10295 2.26172 3.15946 3.60998 3.78111 4.57223 
0.26527 1.19837 1.69715 2.03042 2.10295 2.26172 3.15946 3.60998 3.78111 4.57223 
0.26527 1.19837 1.69715 2.03042 2.10295 2.26172 3.15946 3.60998 3.78111 4.57223 
