4.49216 4.63398 5.51422 6.04328 6.18474 6.58337 8.28775 8.52691 9.0713 9.6535 
4.49216 4.63398 5.04414 5.51422 5.6548 6.04328 6.18474 6.58337 8.28775 8.51812 
3.91249 4.49216 4.63398 4.91392 5.04414 5.51422 5.6548 5.92083 6.04328 6.18474 
2.79964 3.91249 4.49216 4.63398 4.91392 5.04414 5.51422 5.6548 5.92083 6.04328 
2.79964 3.91249 4.49216 4.52977 4.63398 4.6655 4.91392 5.04414 5.42265 5.51422 
2.79964 3.91249 4.49216 4.52977 4.63398 4.6655 4.91392 5.02457 5.04414 5.35785 
2.79964 3.91249 4.49216 4.52977 4.63398 4.6655 4.91392 5.02457 5.04414 5.35785 
2.79964 3.16176 3.91249 4.49216 4.52977 4.5893 4.63398 4.6655 4.72053 4.91392 
2.79964 3.16176 3.91249 4.49216 4.52977 4.5893 4.63398 4.6655 4.72053 4.91392 
2.79964 3.16176 3.91249 4.49216 4.52977 4.5893 4.63398 4.6655 4.72053 4.91392 
2.79964 3.16176 3.17093 3.91249 3.97241 4.49216 4.52977 4.5893 4.63398 4.6655 
1.90858 2.79964 3.16176 3.17093 3.74298 3.91249 3.97241 4.49216 4.52977 4.54889 
1.90858 2.23024 2.79964 3.16176 3.17093 3.74298 3.91249 3.97241 4.49216 4.52977 
1.90858 2.23024 2.79964 3.16176 3.17093 3.66458 3.74298 3.91249 3.97241 4.49216 
1.90858 2.23024 2.79964 3.02777 3.16176 3.17093 3.66458 3.74298 3.91249 3.97241 
1.90858 2.23024 2.79964 3.02777 3.16176 3.17093 3.41682 3.66458 3.74298 3.91249 
1.90858 2.23024 2.79964 3.02777 3.16176 3.17093 3.41682 3.66458 3.74298 3.91249 
1.90858 2.23024 2.79964 3.02777 3.16176 3.17093 3.41682 3.66458 3.74298 3.91249 
1.90858 2.23024 2.79964 3.02777 3.16176 3.17093 3.2498 3.41682 3.66458 3.74298 
1.90858 2.23024 2.79964 3.02777 3.16176 3.17093 3.2498 3.41682 3.66458 3.74298 
1.90858 2.23024 2.79964 3.02777 3.15773 3.16176 3.17093 3.2498 3.41682 3.66458 
1.90858 2.23024 2.79964 3.02777 3.15773 3.16176 3.17093 3.2498 3.41682 3.66458 
1.90858 2.23024 2.79964 3.02777 3.15773 3.16176 3.17093 3.2498 3.41682 3.66458 
1.90858 2.23024 2.79964 3.02777 3.15773 3.16176 3.17093 3.2498 3.41682 3.66458 
1.90858 2.23024 2.79964 3.02777 3.15773 3.16176 3.17093 3.2498 3.41682 3.66458 
1.90858 2.23024 2.79964 3.02777 3.15773 3.16176 3.17093 3.2498 3.41682 3.66286 
1.90858 2.23024 2.79964 3.02777 3.15773 3.16176 3.17093 3.2498 3.41682 3.66286 
1.90858 2.23024 2.79964 3.02777 3.15773 3.16176 3.17093 3.2498 3.41682 3.66286 
1.90858 2.23024 2.79964 3.02777 3.15773 3.16176 3.17093 3.2498 3.41682 3.66286 
1.90858 2.23024 2.41968 2.79964 3.02777 3.15773 3.16176 3.17093 3.2498 3.41682 
1.90858 2.23024 2.41968 2.79964 3.02777 3.15773 3.16176 3.17093 3.2498 3.41682 
1.90858 2.23024 2.41968 2.79964 3.02777 3.15773 3.16176 3.17093 3.2498 3.41682 
1.90858 2.23024 2.41968 2.79964 3.02777 3.15773 3.16176 3.17093 3.2498 3.41682 
1.90858 2.23024 2.41968 2.79964 3.02777 3.15773 3.16176 3.17093 3.2498 3.41682 
1.90858 2.23024 2.41968 2.79964 2.97613 3.02777 3.15773 3.16176 3.17093 3.2498 
1.90858 2.23024 2.41968 2.79964 2.97613 3.02777 3.15773 3.16176 3.17093 3.2498 
1.90858 2.23024 2.41968 2.79964 2.97613 3.02777 3.15773 3.16176 3.17093 3.2498 
1.90858 2.23024 2.41968 2.79964 2.97613 3.02777 3.15773 3.16176 3.17093 3.2498 
1.90858 2.23024 2.41968 2.79964 2.97613 3.02777 3.15773 3.16176 3.17093 3.2498 
1.90858 2.23024 2.41968 2.79964 2.97613 3.02777 3.15773 3.16176 3.17093 3.2498 
1.90858 2.23024 2.41968 2.79964 2.97613 3.02777 3.15773 3.16176 3.17093 3.2498 
1.90858 2.23024 2.41968 2.79964 2.97613 3.02777 3.15773 3.16176 3.17093 3.2498 
1.90858 2.23024 2.41968 2.79964 2.97613 3.02777 3.15773 3.16176 3.17093 3.2498 
1.90858 2.23024 2.41968 2.79964 2.97613 3.02777 3.15773 3.16176 3.17093 3.2498 
1.90858 2.23024 2.41968 2.79964 2.97613 3.02777 3.15773 3.16176 3.17093 3.2498 
1.90858 2.23024 2.41968 2.79964 2.97613 3.02777 3.15773 3.16176 3.17093 3.2498 
1.90858 2.23024 2.41968 2.79964 2.97613 3.02777 3.15773 3.16176 3.17093 3.2498 
1.90858 2.23024 2.41968 2.79964 2.97613 3.02777 3.15773 3.16176 3.17093 3.2498 
1.90858 2.23024 2.41968 2.79964 2.97613 3.02777 3.15773 3.16176 3.17093 3.2498 
1.90858 2.23024 2.41968 2.79964 2.97613 3.02777 3.15773 3.16176 3.17093 3.2498 
1.90858 2.23024 2.41968 2.79964 2.97613 3.02777 3.15773 3.16176 3.17093 3.2498 
1.90858 2.23024 2.41968 2.79964 2.97613 3.02777 3.15773 3.16176 3.17093 3.2498 
1.90858 2.23024 2.41968 2.79964 2.97613 3.02777 3.15773 3.16176 3.17093 3.2498 
1.90858 2.23024 2.41968 2.79964 2.97613 3.02777 3.15773 3.16176 3.17093 3.2498 
1.90858 2.23024 2.41968 2.79964 2.97613 3.02777 3.15773 3.16176 3.17093 3.2498 
1.90858 2.23024 2.41968 2.79964 2.97613 3.02777 3.15773 3.16176 3.17093 3.2498 
1.90858 2.23024 2.41968 2.79964 2.97613 3.02777 3.15773 3.16176 3.17093 3.2498 
1.90858 2.23024 2.41968 2.79964 2.97613 3.02777 3.15773 3.16176 3.17093 3.2498 
1.90858 2.23024 2.41968 2.79964 2.97613 3.02777 3.15773 3.16176 3.17093 3.2498 
1.90858 2.23024 2.41968 2.79964 2.97613 3.02777 3.15773 3.16176 3.17093 3.2498 
1.90858 2.23024 2.41968 2.79964 2.97613 3.02777 3.15773 3.16176 3.17093 3.2498 
1.90858 2.23024 2.41968 2.79964 2.97613 3.02777 3.15773 3.16176 3.17093 3.2498 
1.90858 2.23024 2.41968 2.79964 2.97613 3.02777 3.15773 3.16176 3.17093 3.2498 
1.90858 2.23024 2.41968 2.79964 2.97613 3.02777 3.15773 3.16176 3.17093 3.2498 
1.90858 2.23024 2.41968 2.79964 2.97613 3.02777 3.15773 3.16176 3.17093 3.2498 
1.90858 2.23024 2.41968 2.79964 2.97613 3.02777 3.15773 3.16176 3.17093 3.2498 
1.90858 2.23024 2.41968 2.79964 2.97613 3.02777 3.15773 3.16176 3.17093 3.2498 
1.90858 2.23024 2.41968 2.79964 2.97613 3.02777 3.15773 3.16176 3.17093 3.2498 
1.90858 2.23024 2.41968 2.79964 2.97613 3.02777 3.15773 3.16176 3.17093 3.2498 
1.90858 2.23024 2.41968 2.79964 2.97613 3.02777 3.15773 3.16176 3.17093 3.2498 
1.90858 2.23024 2.41968 2.79964 2.97613 3.02777 3.15773 3.16176 3.17093 3.2498 
1.90858 2.23024 2.41968 2.79964 2.97613 3.02777 3.15773 3.16176 3.17093 3.2498 
1.90858 2.23024 2.41968 2.79964 2.97613 3.02777 3.15773 3.16176 3.17093 3.2498 
1.90858 2.23024 2.41968 2.79964 2.97613 3.02777 3.15773 3.16176 3.17093 3.2498 
1.90858 2.23024 2.41968 2.79964 2.97613 3.02777 3.15773 3.16176 3.17093 3.2498 
1.90858 2.23024 2.41968 2.79964 2.97613 3.02777 3.15773 3.16176 3.17093 3.2498 
1.90858 2.23024 2.41968 2.79964 2.97613 3.02777 3.15773 3.16176 3.17093 3.2498 
1.90858 2.23024 2.41968 2.79964 2.97613 3.02777 3.15773 3.16176 3.17093 3.2498 
1.90858 2.23024 2.41968 2.79964 2.97613 3.02777 3.15773 3.16176 3.17093 3.2498 
1.90858 2.23024 2.41968 2.79964 2.97613 3.02777 3.15773 3.16176 3.17093 3.2498 
1.90858 2.23024 2.41968 2.79964 2.97613 3.02777 3.15773 3.16176 3.17093 3.2498 
1.90858 2.23024 2.41968 2.79964 2.97613 3.02777 3.15773 3.16176 3.17093 3.2498 
1.90858 2.23024 2.41968 2.79964 2.97613 3.02777 3.15773 3.16176 3.17093 3.2498 
1.90858 2.23024 2.41968 2.79964 2.97613 3.02777 3.15773 3.16176 3.17093 3.2498 
1.90858 2.23024 2.41968 2.79964 2.97613 3.02777 3.15773 3.16176 3.17093 3.2498 
1.90858 2.23024 2.41968 2.79964 2.97613 3.02777 3.15773 3.16176 3.17093 3.2498 
1.90858 2.23024 2.41968 2.79964 2.97613 3.02777 3.15773 3.16176 3.17093 3.2498 
1.90858 2.23024 2.41968 2.79964 2.97613 3.02777 3.15773 3.16176 3.17093 3.2498 
1.90858 2.23024 2.41968 2.79964 2.97613 3.02777 3.15773 3.16176 3.17093 3.2498 
1.90858 2.23024 2.41968 2.79964 2.97613 3.02777 3.15773 3.16176 3.17093 3.2498 
1.90858 2.23024 2.41968 2.79964 2.97613 3.02777 3.15773 3.16176 3.17093 3.2498 
1.90858 2.23024 2.41968 2.79964 2.97613 3.02777 3.15773 3.16176 3.17093 3.2498 
1.90858 2.23024 2.41968 2.79964 2.97613 3.02777 3.15773 3.16176 3.17093 3.2498 
1.90858 2.23024 2.41968 2.79964 2.97613 3.02777 3.15773 3.16176 3.17093 3.2498 
1.90858 2.23024 2.41968 2.79964 2.97613 3.02777 3.15773 3.16176 3.17093 3.2498 
1.90858 2.23024 2.41968 2.79964 2.97613 3.02777 3.15773 3.16176 3.17093 3.2498 
1.90858 2.23024 2.41968 2.79964 2.97613 3.02777 3.15773 3.16176 3.17093 3.2498 
1.90858 2.23024 2.41968 2.79964 2.97613 3.02777 3.15773 3.16176 3.17093 3.2498 
1.90858 2.23024 2.41968 2.79964 2.97613 3.02777 3.15773 3.16176 3.17093 3.2498 
1.90858 2.23024 2.41968 2.79964 2.97613 3.02777 3.15773 3.16176 3.17093 3.2498 
