2.64593 2.67353 3.36574 6.77529 6.96088 8.11093 8.77396 9.06486 9.27456 11.2173 
2.64593 2.67353 3.36574 6.77529 6.96088 7.65131 8.11093 8.2769 8.46778 8.77396 
2.17865 2.64593 2.65256 2.67353 3.36574 3.61273 3.74829 3.83825 3.87309 6.13861 
2.17865 2.64593 2.65256 2.67353 3.20829 3.36574 3.61273 3.74829 3.83825 3.87309 
2.17865 2.64593 2.65256 2.67353 3.20829 3.36574 3.61273 3.74829 3.83825 3.87309 
2.17865 2.64593 2.65256 2.67353 2.84818 3.20829 3.36574 3.61273 3.74829 3.83825 
2.17865 2.64593 2.65256 2.67353 2.84818 3.20829 3.36574 3.61273 3.74829 3.83825 
2.17865 2.64593 2.65256 2.67353 2.84818 3.20829 3.36574 3.61273 3.74829 3.83825 
2.17865 2.64593 2.65256 2.67353 2.84818 3.20829 3.36574 3.59263 3.61273 3.74829 
2.17865 2.64593 2.65256 2.67353 2.84818 3.20829 3.36574 3.59263 3.61273 3.74829 
1.89117 2.10423 2.17865 2.64593 2.65256 2.67353 2.84818 3.20829 3.36574 3.59263 
1.89117 2.10423 2.17865 2.64593 2.65256 2.67353 2.84818 3.20829 3.36574 3.59263 
0.506308 1.89117 2.10423 2.17865 2.64593 2.65256 2.67353 2.84818 3.20829 3.36574 
0.506308 1.89117 2.10423 2.17865 2.64593 2.65256 2.67353 2.84818 3.20829 3.36574 
0.506308 1.89117 2.10423 2.17865 2.64593 2.65256 2.67353 2.84818 3.20829 3.36574 
0.506308 1.89117 2.10423 2.17865 2.64593 2.65256 2.67353 2.84818 3.20829 3.36574 
0.506308 1.89117 2.10423 2.17865 2.64593 2.65256 2.67353 2.84818 3.20829 3.36574 
0.469447 0.506308 1.89117 2.10423 2.17865 2.64593 2.65256 2.67353 2.84818 3.20829 
0.469447 0.506308 1.69387 1.89117 2.10423 2.17865 2.64593 2.65256 2.67353 2.84818 
0.469447 0.506308 1.69387 1.89117 2.10423 2.17865 2.64593 2.65256 2.67353 2.84818 
0.469447 0.506308 1.69387 1.89117 2.10423 2.17865 2.64593 2.65256 2.67353 2.84818 
0.469447 0.506308 1.69387 1.89117 2.10423 2.17865 2.64593 2.65256 2.67353 2.84818 
0.469447 0.506308 0.713228 1.69387 1.89117 2.10423 2.17865 2.64593 2.65256 2.67353 
0.469447 0.506308 0.713228 1.69387 1.89117 2.10423 2.17865 2.64593 2.65256 2.67353 
0.469447 0.506308 0.713228 1.69387 1.89117 2.10423 2.17865 2.64593 2.65256 2.67353 
0.469447 0.506308 0.713228 1.69387 1.89117 2.10423 2.17865 2.64593 2.65256 2.67353 
0.469447 0.506308 0.713228 1.69387 1.89117 2.10423 2.17865 2.64593 2.65256 2.67353 
0.469447 0.506308 0.713228 1.69387 1.89117 2.10423 2.17865 2.64593 2.65256 2.67353 
0.469447 0.506308 0.713228 1.69387 1.89117 2.10423 2.17865 2.64593 2.65256 2.67353 
0.469447 0.506308 0.713228 1.69387 1.89117 2.10423 2.17865 2.64593 2.65256 2.67353 
0.469447 0.506308 0.713228 1.69387 1.89117 2.10423 2.17865 2.64593 2.65256 2.67353 
0.469447 0.506308 0.713228 1.69387 1.89117 2.10423 2.17865 2.64593 2.65256 2.67353 
0.469447 0.506308 0.713228 1.69387 1.89117 2.10423 2.17865 2.64593 2.65256 2.67353 
0.469447 0.506308 0.713228 1.69387 1.89117 2.10423 2.17865 2.64593 2.65256 2.67353 
0.469447 0.506308 0.713228 1.69387 1.89117 2.10423 2.17865 2.64593 2.65256 2.67353 
0.469447 0.506308 0.713228 1.69387 1.89117 2.10423 2.17865 2.64593 2.65256 2.67353 
0.469447 0.506308 0.713228 1.69387 1.89117 2.10423 2.17865 2.64593 2.65256 2.67353 
0.469447 0.506308 0.713228 1.69387 1.89117 2.10423 2.17865 2.64593 2.65256 2.67353 
0.469447 0.506308 0.713228 1.69387 1.89117 2.10423 2.17865 2.64593 2.65256 2.67353 
0.469447 0.506308 0.713228 1.69387 1.89117 2.10423 2.17865 2.64593 2.65256 2.67353 
0.469447 0.506308 0.713228 1.69387 1.89117 2.10423 2.17865 2.64593 2.65256 2.67353 
0.469447 0.506308 0.713228 1.69387 1.89117 2.10423 2.17865 2.64593 2.65256 2.67353 
0.469447 0.506308 0.713228 1.69387 1.89117 2.10423 2.17865 2.64593 2.65256 2.67353 
0.469447 0.506308 0.713228 1.69387 1.89117 2.10423 2.17865 2.64593 2.65256 2.67353 
0.469447 0.506308 0.713228 1.69387 1.89117 2.10423 2.17865 2.64593 2.65256 2.67353 
0.469447 0.506308 0.713228 1.69387 1.89117 2.10423 2.17865 2.64593 2.65256 2.67353 
0.469447 0.506308 0.713228 1.69387 1.89117 2.10423 2.17865 2.64593 2.65256 2.67353 
0.469447 0.506308 0.713228 1.69387 1.89117 2.10423 2.17865 2.64593 2.65256 2.67353 
0.469447 0.506308 0.713228 1.69387 1.89117 2.10423 2.17865 2.64593 2.65256 2.67353 
0.469447 0.506308 0.713228 1.69387 1.89117 2.10423 2.17865 2.64593 2.65256 2.67353 
0.469447 0.506308 0.713228 1.69387 1.89117 2.10423 2.17865 2.64593 2.65256 2.67353 
0.469447 0.506308 0.713228 1.69387 1.89117 2.10423 2.17865 2.64593 2.65256 2.67353 
0.469447 0.506308 0.713228 1.69387 1.89117 2.10423 2.17865 2.64593 2.65256 2.67353 
0.469447 0.506308 0.713228 1.69387 1.89117 2.10423 2.17865 2.64593 2.65256 2.67353 
0.469447 0.506308 0.713228 1.69387 1.89117 2.10423 2.17865 2.64593 2.65256 2.67353 
0.469447 0.506308 0.713228 1.69387 1.89117 2.10423 2.17865 2.64593 2.65256 2.67353 
0.469447 0.506308 0.713228 1.69387 1.89117 2.10423 2.17865 2.64593 2.65256 2.67353 
0.469447 0.506308 0.713228 1.69387 1.89117 2.10423 2.17865 2.64593 2.65256 2.67353 
0.469447 0.506308 0.713228 1.69387 1.89117 2.10423 2.17865 2.64593 2.65256 2.67353 
0.469447 0.506308 0.713228 1.69387 1.89117 2.10423 2.17865 2.64593 2.65256 2.67353 
0.469447 0.506308 0.713228 1.69387 1.89117 2.10423 2.17865 2.64593 2.65256 2.67353 
0.469447 0.506308 0.713228 1.69387 1.89117 2.10423 2.17865 2.64593 2.65256 2.67353 
0.469447 0.506308 0.713228 1.69387 1.89117 2.10423 2.17865 2.64593 2.65256 2.67353 
0.469447 0.506308 0.713228 1.69387 1.89117 2.10423 2.17865 2.64593 2.65256 2.67353 
0.469447 0.506308 0.713228 1.69387 1.89117 2.10423 2.17865 2.64593 2.65256 2.67353 
0.469447 0.506308 0.713228 1.69387 1.89117 2.10423 2.17865 2.64593 2.65256 2.67353 
0.469447 0.506308 0.713228 1.69387 1.89117 2.10423 2.17865 2.64593 2.65256 2.67353 
0.469447 0.506308 0.713228 1.69387 1.89117 2.10423 2.17865 2.64593 2.65256 2.67353 
0.469447 0.506308 0.713228 1.69387 1.89117 2.10423 2.17865 2.64593 2.65256 2.67353 
0.469447 0.506308 0.713228 1.69387 1.89117 2.10423 2.17865 2.64593 2.65256 2.67353 
0.469447 0.506308 0.713228 1.69387 1.89117 2.10423 2.17865 2.64593 2.65256 2.67353 
0.469447 0.506308 0.713228 1.69387 1.89117 2.10423 2.17865 2.64593 2.65256 2.67353 
0.469447 0.506308 0.713228 1.69387 1.89117 2.10423 2.17865 2.64593 2.65256 2.67353 
0.469447 0.506308 0.713228 1.69387 1.89117 2.10423 2.17865 2.64593 2.65256 2.67353 
0.469447 0.506308 0.713228 1.69387 1.89117 2.10423 2.17865 2.64593 2.65256 2.67353 
0.469447 0.506308 0.713228 1.69387 1.89117 2.10423 2.17865 2.64593 2.65256 2.67353 
0.469447 0.506308 0.713228 1.69387 1.89117 2.10423 2.17865 2.64593 2.65256 2.67353 
0.469447 0.506308 0.713228 1.69387 1.89117 2.10423 2.17865 2.64593 2.65256 2.67353 
0.469447 0.506308 0.713228 1.69387 1.89117 2.10423 2.17865 2.64593 2.65256 2.67353 
0.469447 0.506308 0.713228 1.69387 1.89117 2.10423 2.17865 2.64593 2.65256 2.67353 
0.469447 0.506308 0.713228 1.69387 1.89117 2.10423 2.17865 2.64593 2.65256 2.67353 
0.469447 0.506308 0.713228 1.69387 1.89117 2.10423 2.17865 2.64593 2.65256 2.67353 
0.469447 0.506308 0.713228 1.69387 1.89117 2.10423 2.17865 2.64593 2.65256 2.67353 
0.469447 0.506308 0.713228 1.69387 1.89117 2.10423 2.17865 2.64593 2.65256 2.67353 
0.469447 0.506308 0.713228 1.69387 1.89117 2.10423 2.17865 2.64593 2.65256 2.67353 
0.469447 0.506308 0.713228 1.69387 1.89117 2.10423 2.17865 2.64593 2.65256 2.67353 
0.469447 0.506308 0.713228 1.69387 1.89117 2.10423 2.17865 2.64593 2.65256 2.67353 
0.469447 0.506308 0.713228 1.69387 1.89117 2.10423 2.17865 2.64593 2.65256 2.67353 
0.469447 0.506308 0.713228 1.69387 1.89117 2.10423 2.17865 2.64593 2.65256 2.67353 
0.469447 0.506308 0.713228 1.69387 1.89117 2.10423 2.17865 2.64593 2.65256 2.67353 
0.469447 0.506308 0.713228 1.69387 1.89117 2.10423 2.17865 2.64593 2.65256 2.67353 
0.469447 0.506308 0.713228 1.69387 1.89117 2.10423 2.17865 2.64593 2.65256 2.67353 
0.469447 0.506308 0.713228 1.69387 1.89117 2.10423 2.17865 2.64593 2.65256 2.67353 
0.469447 0.506308 0.713228 1.69387 1.89117 2.10423 2.17865 2.64593 2.65256 2.67353 
0.469447 0.506308 0.713228 1.69387 1.89117 2.10423 2.17865 2.64593 2.65256 2.67353 
0.469447 0.506308 0.713228 1.69387 1.89117 2.10423 2.17865 2.64593 2.65256 2.67353 
0.469447 0.506308 0.713228 1.69387 1.89117 2.10423 2.17865 2.64593 2.65256 2.67353 
0.469447 0.506308 0.713228 1.69387 1.89117 2.10423 2.17865 2.64593 2.65256 2.67353 
0.469447 0.506308 0.713228 1.69387 1.89117 2.10423 2.17865 2.64593 2.65256 2.67353 
0.469447 0.506308 0.713228 1.69387 1.89117 2.10423 2.17865 2.64593 2.65256 2.67353 
