3.19922 4.4263 4.65985 7.00116 7.0026 7.65485 8.23087 8.56092 9.92466 11.4459 
2.25868 3.19111 3.19922 4.4263 4.65985 7.00116 7.0026 7.01968 7.38768 7.65485 
2.13496 2.25868 3.19111 3.19922 4.4263 4.65985 7.00116 7.0026 7.01968 7.38768 
2.13496 2.25868 3.03667 3.19111 3.19922 4.4263 4.65985 7.00116 7.0026 7.01968 
2.13496 2.25868 3.03667 3.19111 3.19922 4.4263 4.65985 7.00116 7.0026 7.01968 
2.13496 2.25868 3.03667 3.19111 3.19922 4.4263 4.65985 7.00116 7.0026 7.01968 
1.32261 2.13496 2.25868 3.03667 3.19111 3.19922 4.4263 4.65985 6.65657 7.00116 
0.71223 1.32261 2.13496 2.25868 3.03667 3.19111 3.19922 4.4263 4.65985 6.42245 
0.71223 1.31058 1.32261 2.13496 2.25868 3.03667 3.19111 3.19922 4.4263 4.65985 
0.71223 1.31058 1.32261 2.13496 2.25868 3.03667 3.19111 3.19922 4.4263 4.65985 
0.71223 0.989157 1.31058 1.32261 2.13496 2.25868 3.03667 3.19111 3.19922 4.4263 
0.71223 0.989157 1.31058 1.32261 2.13496 2.25868 3.03667 3.19111 3.19922 4.4263 
0.71223 0.989157 1.31058 1.32261 2.13496 2.25868 3.03667 3.19111 3.19922 4.4263 
0.71223 0.989157 1.31058 1.32261 2.13496 2.25868 3.03667 3.19111 3.19922 4.4263 
0.71223 0.989157 1.31058 1.32261 2.13496 2.25868 3.03667 3.19111 3.19922 4.4263 
0.71223 0.989157 1.31058 1.32261 2.13496 2.25868 3.03667 3.19111 3.19922 4.4263 
0.71223 0.989157 1.31058 1.32261 2.13496 2.25868 3.03667 3.19111 3.19922 4.4263 
0.71223 0.989157 1.31058 1.32261 2.13496 2.25868 3.03667 3.19111 3.19922 4.4263 
0.71223 0.989157 1.31058 1.32261 2.13496 2.25868 3.03667 3.19111 3.19922 4.4263 
0.581724 0.71223 0.989157 1.31058 1.32261 2.13496 2.25868 3.03667 3.19111 3.19922 
0.581724 0.71223 0.989157 1.31058 1.32261 2.13496 2.25868 3.03667 3.19111 3.19922 
0.581724 0.71223 0.989157 1.31058 1.32261 2.13496 2.25868 3.03667 3.19111 3.19922 
0.581724 0.71223 0.989157 1.31058 1.32261 2.13496 2.25868 3.03667 3.19111 3.19922 
0.581724 0.71223 0.989157 1.31058 1.32261 2.13496 2.25868 3.03667 3.19111 3.19922 
0.581724 0.71223 0.989157 1.31058 1.32261 2.13496 2.25868 3.03667 3.19111 3.19922 
0.581724 0.71223 0.989157 1.31058 1.32261 2.13496 2.25868 3.03667 3.19111 3.19922 
0.581724 0.71223 0.989157 1.31058 1.32261 2.13496 2.25868 3.03667 3.19111 3.19922 
0.548198 0.581724 0.71223 0.989157 1.31058 1.32261 2.13496 2.25868 3.03667 3.19111 
0.548198 0.581724 0.71223 0.989157 1.31058 1.32261 2.13496 2.25868 3.03667 3.19111 
0.548198 0.581724 0.70975 0.71223 0.989157 1.31058 1.32261 2.13496 2.25868 3.03667 
0.548198 0.581724 0.70975 0.71223 0.989157 1.31058 1.32261 2.13496 2.25868 3.03667 
0.548198 0.581724 0.70975 0.71223 0.989157 1.31058 1.32261 2.13496 2.25868 3.03667 
0.548198 0.581724 0.70975 0.71223 0.989157 1.31058 1.32261 2.13496 2.25868 3.03667 
0.10086 0.548198 0.581724 0.70975 0.71223 0.989157 1.31058 1.32261 2.13496 2.25868 
0.10086 0.548198 0.581724 0.70975 0.71223 0.989157 1.31058 1.32261 2.13496 2.25868 
0.10086 0.548198 0.581724 0.70975 0.71223 0.989157 1.31058 1.32261 2.13496 2.25868 
0.10086 0.548198 0.581724 0.70975 0.71223 0.989157 1.31058 1.32261 2.13496 2.25868 
0.10086 0.264196 0.548198 0.581724 0.70975 0.71223 0.989157 1.31058 1.32261 2.13496 
0.10086 0.264196 0.366269 0.548198 0.581724 0.70975 0.71223 0.989157 1.31058 1.32261 
0.10086 0.264196 0.366269 0.548198 0.581724 0.70975 0.71223 0.989157 1.31058 1.32261 
0.10086 0.264196 0.366269 0.548198 0.581724 0.70975 0.71223 0.989157 1.31058 1.32261 
0.10086 0.264196 0.366269 0.548198 0.581724 0.70975 0.71223 0.989157 1.31058 1.32261 
0.10086 0.264196 0.366269 0.548198 0.581724 0.70975 0.71223 0.989157 1.31058 1.32261 
0.10086 0.264196 0.366269 0.548198 0.581724 0.70975 0.71223 0.989157 1.31058 1.32261 
0.10086 0.264196 0.366269 0.548198 0.581724 0.70975 0.71223 0.989157 1.31058 1.32261 
0.10086 0.264196 0.366269 0.548198 0.581724 0.70975 0.71223 0.989157 1.31058 1.32261 
0.10086 0.264196 0.366269 0.548198 0.581724 0.70975 0.71223 0.989157 1.31058 1.32261 
0.10086 0.264196 0.366269 0.548198 0.581724 0.70975 0.71223 0.989157 1.31058 1.32261 
0.10086 0.264196 0.366269 0.548198 0.581724 0.70975 0.71223 0.989157 1.31058 1.32261 
0.10086 0.264196 0.366269 0.548198 0.581724 0.70975 0.71223 0.989157 1.31058 1.32261 
0.10086 0.264196 0.366269 0.548198 0.581724 0.70975 0.71223 0.989157 1.31058 1.32261 
0.10086 0.264196 0.366269 0.548198 0.581724 0.70975 0.71223 0.989157 1.31058 1.32261 
0.10086 0.264196 0.366269 0.548198 0.581724 0.70975 0.71223 0.989157 1.31058 1.32261 
0.10086 0.264196 0.366269 0.548198 0.581724 0.70975 0.71223 0.989157 1.31058 1.32261 
0.10086 0.264196 0.366269 0.548198 0.581724 0.70975 0.71223 0.989157 1.31058 1.32261 
0.10086 0.264196 0.366269 0.548198 0.581724 0.70975 0.71223 0.989157 1.31058 1.32261 
0.10086 0.264196 0.366269 0.548198 0.581724 0.70975 0.71223 0.989157 1.31058 1.32261 
0.10086 0.264196 0.366269 0.548198 0.581724 0.70975 0.71223 0.989157 1.31058 1.32261 
0.10086 0.264196 0.366269 0.548198 0.581724 0.70975 0.71223 0.989157 1.31058 1.32261 
0.10086 0.264196 0.366269 0.548198 0.581724 0.70975 0.71223 0.989157 1.31058 1.32261 
0.10086 0.264196 0.366269 0.548198 0.581724 0.70975 0.71223 0.989157 1.31058 1.32261 
0.10086 0.264196 0.366269 0.548198 0.581724 0.70975 0.71223 0.989157 1.31058 1.32261 
0.10086 0.264196 0.366269 0.548198 0.581724 0.70975 0.71223 0.989157 1.31058 1.32261 
0.10086 0.264196 0.366269 0.548198 0.581724 0.70975 0.71223 0.989157 1.31058 1.32261 
0.10086 0.264196 0.366269 0.548198 0.581724 0.70975 0.71223 0.989157 1.31058 1.32261 
0.10086 0.264196 0.366269 0.548198 0.581724 0.70975 0.71223 0.989157 1.31058 1.32261 
0.10086 0.264196 0.366269 0.548198 0.581724 0.70975 0.71223 0.989157 1.31058 1.32261 
0.10086 0.264196 0.366269 0.548198 0.581724 0.70975 0.71223 0.989157 1.31058 1.32261 
0.10086 0.264196 0.366269 0.548198 0.581724 0.70975 0.71223 0.989157 1.31058 1.32261 
0.10086 0.264196 0.366269 0.548198 0.581724 0.70975 0.71223 0.989157 1.31058 1.32261 
0.10086 0.264196 0.366269 0.548198 0.581724 0.70975 0.71223 0.989157 1.31058 1.32261 
0.10086 0.264196 0.366269 0.548198 0.581724 0.70975 0.71223 0.989157 1.31058 1.32261 
0.10086 0.264196 0.366269 0.548198 0.581724 0.70975 0.71223 0.989157 1.31058 1.32261 
0.10086 0.264196 0.366269 0.548198 0.581724 0.70975 0.71223 0.989157 1.31058 1.32261 
0.10086 0.264196 0.366269 0.548198 0.581724 0.70975 0.71223 0.989157 1.31058 1.32261 
0.10086 0.264196 0.366269 0.548198 0.581724 0.70975 0.71223 0.989157 1.31058 1.32261 
0.10086 0.264196 0.366269 0.548198 0.581724 0.70975 0.71223 0.989157 1.31058 1.32261 
0.10086 0.264196 0.366269 0.548198 0.581724 0.70975 0.71223 0.989157 1.31058 1.32261 
0.10086 0.264196 0.366269 0.548198 0.581724 0.70975 0.71223 0.989157 1.31058 1.32261 
0.10086 0.264196 0.366269 0.548198 0.581724 0.70975 0.71223 0.989157 1.31058 1.32261 
0.10086 0.264196 0.366269 0.548198 0.581724 0.70975 0.71223 0.989157 1.31058 1.32261 
0.10086 0.264196 0.366269 0.548198 0.581724 0.70975 0.71223 0.989157 1.31058 1.32261 
0.10086 0.264196 0.366269 0.548198 0.581724 0.70975 0.71223 0.989157 1.31058 1.32261 
0.10086 0.264196 0.366269 0.548198 0.581724 0.70975 0.71223 0.989157 1.31058 1.32261 
0.10086 0.264196 0.366269 0.548198 0.581724 0.70975 0.71223 0.989157 1.31058 1.32261 
0.10086 0.264196 0.366269 0.548198 0.581724 0.70975 0.71223 0.989157 1.31058 1.32261 
0.10086 0.264196 0.366269 0.548198 0.581724 0.70975 0.71223 0.989157 1.31058 1.32261 
0.10086 0.264196 0.366269 0.548198 0.581724 0.70975 0.71223 0.989157 1.31058 1.32261 
0.10086 0.264196 0.366269 0.548198 0.581724 0.70975 0.71223 0.989157 1.31058 1.32261 
0.10086 0.264196 0.366269 0.548198 0.581724 0.70975 0.71223 0.989157 1.31058 1.32261 
0.10086 0.264196 0.366269 0.548198 0.581724 0.70975 0.71223 0.989157 1.31058 1.32261 
0.10086 0.264196 0.366269 0.548198 0.581724 0.70975 0.71223 0.989157 1.31058 1.32261 
0.10086 0.264196 0.366269 0.548198 0.581724 0.70975 0.71223 0.989157 1.31058 1.32261 
0.10086 0.264196 0.366269 0.548198 0.581724 0.70975 0.71223 0.989157 1.31058 1.32261 
0.10086 0.264196 0.366269 0.548198 0.581724 0.70975 0.71223 0.989157 1.31058 1.32261 
0.10086 0.264196 0.366269 0.548198 0.581724 0.70975 0.71223 0.989157 1.31058 1.32261 
0.10086 0.264196 0.366269 0.548198 0.581724 0.70975 0.71223 0.989157 1.31058 1.32261 
0.10086 0.264196 0.366269 0.548198 0.581724 0.70975 0.71223 0.989157 1.31058 1.32261 
0.10086 0.264196 0.366269 0.548198 0.581724 0.70975 0.71223 0.989157 1.31058 1.32261 
0.10086 0.264196 0.366269 0.548198 0.581724 0.70975 0.71223 0.989157 1.31058 1.32261 
