4.37849 4.79347 8.26578 8.51466 8.93224 8.93615 9.55911 9.78693 10.0183 10.2619 
4.37849 4.79347 5.89944 6.55658 7.57017 8.26578 8.51466 8.93224 8.93615 9.55911 
2.58197 4.28566 4.37849 4.79347 5.78573 5.89944 6.55658 7.57017 8.26578 8.38193 
2.58197 4.28566 4.37849 4.79347 5.78573 5.89944 6.55658 7.57017 8.26578 8.38193 
2.58197 4.28566 4.37849 4.79347 5.78573 5.89944 6.55658 7.57017 8.26578 8.38193 
2.58197 4.28566 4.37849 4.79347 5.78573 5.89944 6.55658 7.57017 8.26578 8.38193 
2.58197 4.28566 4.37849 4.79347 5.78573 5.89944 6.55658 7.57017 8.26578 8.38193 
2.58197 3.73784 4.28566 4.37849 4.79347 5.78573 5.89944 6.55658 7.57017 8.26578 
2.58197 3.73784 4.28566 4.37849 4.79347 5.78573 5.89944 6.55658 7.57017 8.26578 
2.58197 3.73784 4.28566 4.37849 4.79347 5.78573 5.89944 6.55658 7.57017 8.26578 
2.58197 3.73784 4.28566 4.37849 4.79347 5.78573 5.89944 6.55658 7.57017 8.26578 
2.58197 3.73784 4.28566 4.37849 4.79347 5.78573 5.89944 6.55658 7.57017 8.26578 
2.58197 3.73784 4.28566 4.37849 4.79347 5.78573 5.89944 6.55658 7.57017 8.26578 
2.58197 3.73784 4.28566 4.37849 4.79347 5.78573 5.89944 6.55658 7.57017 8.26578 
2.58197 3.73784 4.28566 4.37849 4.79347 5.78573 5.89944 6.55658 7.57017 8.26578 
2.58197 3.73784 4.28566 4.37849 4.79347 5.78573 5.89944 6.55658 7.57017 8.26578 
2.58197 3.73784 4.28566 4.37849 4.79347 5.78573 5.89944 6.55658 7.57017 8.26578 
2.58197 3.73784 4.28566 4.37849 4.79347 5.78573 5.89944 6.55658 7.57017 8.26578 
2.58197 3.73784 4.28566 4.37849 4.79347 5.78573 5.89944 6.55658 7.57017 8.26578 
2.58197 3.73784 4.22849 4.28566 4.37849 4.79347 5.78573 5.89944 6.55658 7.57017 
2.58197 3.73784 4.22849 4.28566 4.37849 4.79347 5.78573 5.89944 6.55658 7.57017 
2.58197 3.73784 4.22849 4.28566 4.37849 4.79347 5.78573 5.89944 6.55658 7.57017 
2.58197 3.73784 4.22849 4.28566 4.37849 4.79347 5.78573 5.89944 6.55658 7.57017 
2.58197 3.73784 4.22849 4.28566 4.37849 4.79347 5.78573 5.89944 6.55658 7.57017 
2.58197 3.73784 4.22849 4.28566 4.37849 4.79347 5.78573 5.89944 6.55658 7.57017 
2.58197 3.73784 4.22849 4.28566 4.37849 4.79347 5.78573 5.89944 6.55658 7.57017 
2.58197 3.73784 4.22849 4.28566 4.37849 4.79347 5.78573 5.89944 6.55658 7.57017 
2.58197 3.73784 4.22849 4.28566 4.37849 4.79347 5.78573 5.89944 6.55658 7.57017 
2.58197 3.73784 3.75059 3.84123 4.22849 4.28566 4.37849 4.79347 5.78573 5.89944 
2.58197 3.73784 3.75059 3.84123 4.22849 4.28566 4.37849 4.79347 5.78573 5.89944 
2.58197 3.73784 3.75059 3.84123 4.22849 4.28566 4.37849 4.79347 5.78573 5.89944 
2.58197 3.73784 3.75059 3.84123 4.22849 4.28566 4.37849 4.79347 5.78573 5.89944 
2.58197 2.95127 3.73784 3.75059 3.84123 4.22849 4.28566 4.37849 4.79347 5.78573 
2.58197 2.95127 3.73784 3.75059 3.84123 4.22849 4.28566 4.37849 4.79347 5.78573 
2.58197 2.95127 3.73784 3.75059 3.84123 4.22849 4.28566 4.37849 4.79347 5.78573 
2.58197 2.95127 3.73784 3.75059 3.84123 4.22849 4.28566 4.37849 4.79347 5.78573 
2.58197 2.95127 3.73784 3.75059 3.84123 4.22849 4.28566 4.37849 4.79347 5.78573 
2.58197 2.95127 3.73784 3.75059 3.84123 4.22849 4.28566 4.37849 4.79347 5.78573 
2.58197 2.95127 3.73784 3.75059 3.84123 4.22849 4.28566 4.37849 4.79347 5.78573 
2.58197 2.95127 3.73784 3.75059 3.84123 4.22849 4.28566 4.37849 4.79347 5.78573 
2.58197 2.95127 3.20595 3.73784 3.75059 3.84123 4.22849 4.28566 4.37849 4.79347 
2.58197 2.95127 3.20595 3.73784 3.75059 3.84123 4.22849 4.28566 4.37849 4.79347 
2.58197 2.95127 3.20595 3.73784 3.75059 3.84123 4.22849 4.28566 4.37849 4.79347 
2.58197 2.95127 3.20595 3.73784 3.75059 3.84123 4.22849 4.28566 4.37849 4.79347 
2.58197 2.95127 3.20595 3.73784 3.75059 3.84123 4.22849 4.28566 4.37849 4.79347 
2.58197 2.95127 3.20595 3.73784 3.75059 3.84123 4.22849 4.28566 4.37849 4.79347 
2.58197 2.95127 3.20595 3.73784 3.75059 3.84123 4.22849 4.28566 4.37849 4.79347 
2.58197 2.95127 3.20595 3.73784 3.75059 3.84123 4.22849 4.28566 4.37849 4.79347 
2.58197 2.95127 3.20595 3.73784 3.75059 3.84123 4.22849 4.28566 4.37849 4.79347 
2.58197 2.95127 3.20595 3.22353 3.73784 3.75059 3.84123 4.22849 4.28566 4.37849 
2.58197 2.95127 3.20595 3.22353 3.73784 3.75059 3.84123 4.22849 4.28566 4.37849 
2.58197 2.95127 3.20595 3.22353 3.73784 3.75059 3.84123 4.22849 4.28566 4.37849 
2.58197 2.95127 3.20595 3.22353 3.73784 3.75059 3.84123 4.22849 4.28566 4.37849 
0.550668 2.58197 2.95127 3.20595 3.22353 3.73784 3.75059 3.84123 4.22849 4.28566 
0.550668 2.58197 2.95127 3.20595 3.22353 3.73784 3.75059 3.84123 4.22849 4.28566 
0.550668 2.58197 2.95127 3.20595 3.22353 3.73784 3.75059 3.84123 4.22849 4.28566 
0.550668 2.58197 2.95127 3.20595 3.22353 3.73784 3.75059 3.84123 4.22849 4.28566 
0.550668 2.58197 2.95127 3.20595 3.22353 3.73784 3.75059 3.84123 4.22849 4.28566 
0.550668 2.58197 2.95127 3.20595 3.22353 3.73784 3.75059 3.84123 4.22849 4.28566 
0.550668 2.58197 2.95127 3.20595 3.22353 3.73784 3.75059 3.84123 4.22849 4.28566 
0.550668 2.58197 2.95127 3.20595 3.22353 3.73784 3.75059 3.84123 4.22849 4.28566 
0.550668 2.58197 2.95127 3.20595 3.22353 3.73784 3.75059 3.84123 4.22849 4.28566 
0.550668 2.58197 2.95127 3.03836 3.20595 3.22353 3.73784 3.75059 3.84123 4.22849 
0.550668 2.58197 2.5955 2.95127 3.03836 3.20595 3.22353 3.73784 3.75059 3.84123 
0.550668 2.58197 2.5955 2.95127 3.03836 3.20595 3.22353 3.73784 3.75059 3.84123 
0.550668 2.58197 2.5955 2.95127 3.03836 3.20595 3.22353 3.73784 3.75059 3.84123 
0.550668 2.58197 2.5955 2.95127 3.03836 3.20595 3.22353 3.73784 3.75059 3.84123 
0.550668 2.58197 2.5955 2.95127 3.03836 3.20595 3.22353 3.73784 3.75059 3.84123 
0.550668 2.58197 2.5955 2.95127 3.03836 3.20595 3.22353 3.73784 3.75059 3.84123 
0.550668 2.58197 2.5955 2.95127 3.03836 3.20595 3.22353 3.73784 3.75059 3.84123 
0.550668 2.58197 2.5955 2.95127 3.03836 3.20595 3.22353 3.73784 3.75059 3.84123 
0.550668 2.58197 2.5955 2.95127 3.03836 3.20595 3.22353 3.73784 3.75059 3.84123 
0.550668 2.58197 2.5955 2.95127 3.03836 3.20595 3.22353 3.73784 3.75059 3.84123 
0.550668 2.58197 2.5955 2.95127 3.03836 3.20595 3.22353 3.73784 3.75059 3.84123 
0.550668 2.58197 2.5955 2.95127 3.03836 3.20595 3.22353 3.73784 3.75059 3.84123 
0.550668 2.58197 2.5955 2.95127 3.03836 3.20595 3.22353 3.73784 3.75059 3.84123 
0.550668 2.58197 2.5955 2.95127 3.03836 3.20595 3.22353 3.73784 3.75059 3.84123 
0.550668 2.58197 2.5955 2.95127 3.03836 3.20595 3.22353 3.73784 3.75059 3.84123 
0.550668 1.9606 2.58197 2.5955 2.95127 3.03836 3.20595 3.22353 3.73784 3.75059 
0.550668 1.9606 2.58197 2.5955 2.95127 3.03836 3.20595 3.22353 3.73784 3.75059 
0.550668 1.9606 2.58197 2.5955 2.95127 3.03836 3.20595 3.22353 3.73784 3.75059 
0.550668 1.9606 2.58197 2.5955 2.95127 3.03836 3.20595 3.22353 3.73784 3.75059 
0.550668 1.9606 2.58197 2.5955 2.95127 3.03836 3.20595 3.22353 3.73784 3.75059 
0.550668 1.9606 2.58197 2.5955 2.95127 3.03836 3.20595 3.22353 3.73784 3.75059 
0.550668 1.9606 2.58197 2.5955 2.95127 3.03836 3.20595 3.22353 3.73784 3.75059 
0.550668 1.9606 2.58197 2.5955 2.95127 3.03836 3.20595 3.22353 3.73784 3.75059 
0.550668 1.9606 2.58197 2.5955 2.95127 3.03836 3.20595 3.22353 3.73784 3.75059 
0.550668 1.9606 2.58197 2.5955 2.95127 3.03836 3.20595 3.22353 3.73784 3.75059 
0.550668 1.9606 2.58197 2.5955 2.95127 3.03836 3.20595 3.22353 3.73784 3.75059 
0.550668 1.9606 2.58197 2.5955 2.95127 3.03836 3.20595 3.22353 3.73784 3.75059 
0.550668 1.9606 2.58197 2.5955 2.95127 3.03836 3.20595 3.22353 3.73784 3.75059 
0.550668 1.9606 2.58197 2.5955 2.95127 3.03836 3.20595 3.22353 3.73784 3.75059 
0.550668 1.9606 2.58197 2.5955 2.95127 3.03836 3.20595 3.22353 3.73784 3.75059 
0.550668 1.9606 2.58197 2.5955 2.95127 3.03836 3.20595 3.22353 3.73784 3.75059 
0.550668 1.9606 2.58197 2.5955 2.95127 3.03836 3.20595 3.22353 3.73784 3.75059 
0.550668 1.9606 2.58197 2.5955 2.95127 3.03836 3.20595 3.22353 3.73784 3.75059 
0.550668 1.9606 2.58197 2.5955 2.95127 3.03836 3.20595 3.22353 3.73784 3.75059 
0.550668 1.9606 2.58197 2.5955 2.95127 3.03836 3.20595 3.22353 3.73784 3.75059 
0.550668 1.9606 2.58197 2.5955 2.95127 3.03836 3.20595 3.22353 3.73784 3.75059 
0.550668 1.9606 2.58197 2.5955 2.95127 3.03836 3.20595 3.22353 3.73784 3.75059 
