3.91256 3.97312 4.42838 6.59831 7.7638 7.78002 8.29397 8.31315 9.24207 11.9541 
3.19663 3.2246 3.76364 3.91256 3.97312 4.42838 6.59831 7.53978 7.7638 7.78002 
2.35386 3.08276 3.19663 3.2246 3.29948 3.57072 3.76364 3.82282 3.91256 3.97312 
2.35386 3.08276 3.19663 3.2246 3.29948 3.57072 3.76364 3.82282 3.91256 3.97312 
0.664673 2.35386 2.67756 3.08276 3.19663 3.2246 3.29948 3.57072 3.76364 3.82282 
0.664673 2.35386 2.67756 3.08276 3.19663 3.2246 3.29948 3.57072 3.76364 3.82282 
0.664673 2.35386 2.67756 3.08276 3.19663 3.2246 3.29948 3.57072 3.76364 3.82282 
0.664673 2.35386 2.67756 3.08276 3.19663 3.2246 3.29948 3.57072 3.76364 3.82282 
0.664673 2.35386 2.67756 3.08276 3.19663 3.2246 3.29948 3.57072 3.76364 3.82282 
0.664673 2.20799 2.35386 2.67756 3.08276 3.19663 3.2246 3.29948 3.57072 3.76364 
0.664673 1.71392 2.20799 2.35386 2.67756 3.08276 3.19663 3.2246 3.29948 3.57072 
0.664673 1.71392 2.20799 2.35386 2.67756 3.08276 3.19663 3.2246 3.29948 3.57072 
0.664673 1.71392 2.20799 2.35386 2.67756 3.08276 3.19663 3.2246 3.29948 3.57072 
0.664673 1.71392 2.20799 2.35386 2.67756 3.08276 3.19663 3.2246 3.29948 3.57072 
0.664673 1.71392 2.20799 2.35386 2.67756 3.08276 3.19663 3.2246 3.29948 3.57072 
0.664673 1.71392 2.20799 2.35386 2.67756 3.08276 3.19663 3.2246 3.29948 3.57072 
0.664673 1.71392 2.20799 2.35386 2.67756 3.08276 3.19663 3.2246 3.29948 3.57072 
0.664673 1.71392 2.20799 2.35386 2.67756 3.08276 3.19663 3.2246 3.29948 3.57072 
0.664673 1.71392 2.20799 2.35386 2.67756 3.08276 3.19663 3.2246 3.29948 3.57072 
0.664673 1.71392 2.20799 2.35386 2.67756 3.08276 3.19663 3.2246 3.29948 3.57072 
0.664673 1.71392 2.20799 2.35386 2.67756 3.08276 3.19663 3.2246 3.29948 3.57072 
0.664673 1.71392 2.20799 2.35386 2.67756 3.08276 3.19663 3.2246 3.29948 3.57072 
0.664673 1.71392 2.20799 2.35386 2.67756 3.08276 3.19663 3.2246 3.29948 3.57072 
0.664673 1.71392 2.20799 2.35386 2.67756 3.08276 3.19663 3.2246 3.29948 3.57072 
0.664673 1.71392 2.20799 2.35386 2.67756 3.08276 3.19663 3.2246 3.29948 3.57072 
0.664673 1.71392 2.20799 2.35386 2.67756 3.08276 3.19663 3.2246 3.29948 3.57072 
0.664673 1.71392 2.20799 2.35386 2.67756 3.08276 3.19663 3.2246 3.29948 3.57072 
0.664673 1.71392 2.20799 2.35386 2.67756 3.08276 3.19663 3.2246 3.29948 3.57072 
0.664673 1.71392 2.20799 2.35386 2.67756 3.08276 3.19663 3.2246 3.29948 3.57072 
0.664673 1.71392 2.20799 2.35386 2.67756 3.08276 3.19663 3.2246 3.29948 3.57072 
0.664673 1.71392 2.20799 2.35386 2.67756 3.08276 3.19663 3.2246 3.29948 3.57072 
0.664673 1.71392 2.20799 2.35386 2.67756 3.08276 3.19663 3.2246 3.29948 3.57072 
0.664673 1.71392 2.20799 2.35386 2.67756 3.08276 3.19663 3.2246 3.29948 3.57072 
0.664673 1.71392 2.20799 2.35386 2.67756 3.08276 3.19663 3.2246 3.29948 3.57072 
0.664673 1.71392 2.20799 2.35386 2.67756 3.08276 3.19663 3.2246 3.29948 3.57072 
0.664673 1.71392 2.20799 2.35386 2.67756 3.08276 3.19663 3.2246 3.29948 3.57072 
0.664673 1.71392 2.20799 2.35386 2.67756 3.08276 3.19663 3.2246 3.29948 3.57072 
0.664673 1.71392 2.20799 2.35386 2.67756 3.08276 3.19663 3.2246 3.29948 3.57072 
0.664673 1.71392 2.20799 2.35386 2.67756 3.08276 3.19663 3.2246 3.29948 3.57072 
0.664673 1.71392 2.20799 2.35386 2.67756 3.08276 3.19663 3.2246 3.29948 3.57072 
0.664673 1.71392 2.20799 2.35386 2.67756 3.08276 3.19663 3.2246 3.29948 3.57072 
0.664673 1.71392 2.20799 2.35386 2.67756 3.08276 3.19663 3.2246 3.29948 3.57072 
0.664673 1.71392 2.20799 2.35386 2.67756 3.08276 3.19663 3.2246 3.29948 3.57072 
0.664673 1.71392 2.20799 2.35386 2.67756 3.08276 3.19663 3.2246 3.29948 3.57072 
0.664673 1.71392 2.20799 2.35386 2.67756 3.08276 3.19663 3.2246 3.29948 3.57072 
0.664673 1.71392 2.20799 2.35386 2.67756 3.08276 3.19663 3.2246 3.29948 3.57072 
0.664673 1.71392 2.20799 2.35386 2.67756 3.08276 3.19663 3.2246 3.29948 3.57072 
0.664673 1.71392 2.20799 2.35386 2.67756 3.08276 3.19663 3.2246 3.29948 3.57072 
0.664673 1.71392 2.20799 2.35386 2.67756 3.08276 3.19663 3.2246 3.29948 3.57072 
0.664673 1.71392 2.20799 2.35386 2.67756 3.08276 3.19663 3.2246 3.29948 3.57072 
0.664673 1.71392 2.20799 2.35386 2.67756 3.08276 3.19663 3.2246 3.29948 3.57072 
0.664673 1.71392 2.20799 2.35386 2.67756 3.08276 3.19663 3.2246 3.29948 3.57072 
0.664673 1.71392 2.20799 2.35386 2.67756 3.08276 3.19663 3.2246 3.29948 3.57072 
0.664673 1.71392 2.20799 2.35386 2.67756 3.08276 3.19663 3.2246 3.29948 3.57072 
0.664673 1.71392 2.20799 2.35386 2.67756 3.08276 3.19663 3.2246 3.29948 3.57072 
0.664673 1.71392 2.20799 2.35386 2.67756 3.08276 3.19663 3.2246 3.29948 3.57072 
0.664673 1.71392 2.20799 2.35386 2.67756 3.08276 3.19663 3.2246 3.29948 3.57072 
0.664673 1.71392 2.20799 2.35386 2.57131 2.67756 3.08276 3.19663 3.2246 3.29948 
0.664673 1.71392 2.20799 2.35386 2.57131 2.67756 2.86736 3.08276 3.19663 3.2246 
0.664673 1.71392 2.20799 2.35386 2.57131 2.67756 2.86736 2.95771 3.08276 3.19663 
0.664673 1.71392 2.20799 2.35386 2.57131 2.67756 2.86736 2.95771 3.08276 3.19663 
0.664673 1.71392 2.20799 2.35386 2.57131 2.67756 2.86736 2.95771 3.08276 3.19663 
0.664673 1.71392 2.20799 2.35386 2.57131 2.67756 2.86736 2.95771 3.08276 3.19663 
0.664673 1.71392 2.20799 2.35386 2.57131 2.67756 2.86736 2.95771 3.08276 3.19663 
0.664673 1.71392 2.20799 2.35386 2.57131 2.67756 2.75873 2.86736 2.95771 3.08276 
0.664673 1.71392 2.20799 2.35386 2.57131 2.67756 2.75873 2.86736 2.95771 3.08276 
0.664673 1.71392 2.20799 2.35386 2.57131 2.67756 2.75873 2.86736 2.95771 3.08276 
0.664673 1.71392 2.20799 2.35386 2.57131 2.67756 2.75873 2.86736 2.95771 3.08276 
0.664673 1.71392 2.20799 2.35386 2.57131 2.67756 2.75873 2.86736 2.95771 3.08276 
0.664673 1.71392 2.20799 2.35386 2.57131 2.67756 2.75873 2.86736 2.95771 3.08276 
0.664673 1.71392 2.20799 2.35386 2.57131 2.67756 2.75873 2.86736 2.95771 3.08276 
0.664673 1.71392 2.20799 2.35386 2.57131 2.67756 2.75873 2.86736 2.95771 3.08276 
0.664673 1.71392 2.20799 2.35386 2.57131 2.67756 2.75873 2.86736 2.95771 3.08276 
0.664673 1.71392 2.20799 2.35386 2.57131 2.67756 2.75873 2.86736 2.95771 3.08276 
0.664673 1.71392 2.20799 2.35386 2.57131 2.67756 2.75873 2.86736 2.95771 3.08276 
0.664673 1.71392 2.20799 2.35386 2.57131 2.67756 2.75873 2.86736 2.95771 3.08276 
0.664673 1.71392 2.20799 2.35386 2.57131 2.67756 2.75873 2.86736 2.95771 3.08276 
0.664673 1.71392 2.20799 2.35386 2.57131 2.67756 2.75873 2.86736 2.95771 3.08276 
0.664673 1.71392 2.20799 2.35386 2.57131 2.67756 2.75873 2.86736 2.95771 3.08276 
0.664673 1.71392 2.20799 2.35386 2.57131 2.67756 2.75873 2.86736 2.95771 3.08276 
0.664673 1.71392 2.20799 2.35386 2.57131 2.67756 2.75873 2.86736 2.95771 3.08276 
0.664673 1.71392 2.20799 2.35386 2.57131 2.67756 2.75873 2.86736 2.95771 3.08276 
0.664673 1.71392 2.20799 2.35386 2.57131 2.67756 2.75873 2.86736 2.95771 3.08276 
0.664673 1.71392 2.20799 2.35386 2.57131 2.67756 2.75873 2.86736 2.95771 3.08276 
0.664673 1.71392 2.20799 2.35386 2.57131 2.67756 2.75873 2.86736 2.95771 3.08276 
0.664673 1.71392 2.20799 2.35386 2.57131 2.67756 2.75873 2.86736 2.95771 3.08276 
0.664673 1.71392 2.20799 2.35386 2.57131 2.67756 2.75873 2.86736 2.95771 3.08276 
0.664673 1.71392 2.20799 2.35386 2.57131 2.67756 2.75873 2.86736 2.95771 3.08276 
0.664673 1.71392 2.20799 2.35386 2.57131 2.67756 2.75873 2.86736 2.95771 3.08276 
0.664673 1.71392 2.20799 2.35386 2.57131 2.67756 2.75873 2.86736 2.95771 3.08276 
0.664673 1.71392 2.20799 2.35386 2.57131 2.67756 2.75873 2.86736 2.95771 3.08276 
0.664673 1.71392 2.20799 2.35386 2.57131 2.67756 2.75873 2.86736 2.95771 3.08276 
0.664673 1.71392 2.20799 2.35386 2.57131 2.67756 2.75873 2.86736 2.95771 3.08276 
0.664673 1.71392 2.20799 2.35386 2.57131 2.67756 2.75873 2.86736 2.95771 3.08276 
0.664673 1.71392 2.20799 2.35386 2.57131 2.67756 2.75873 2.86736 2.95771 3.08276 
0.664673 1.71392 2.20799 2.35386 2.57131 2.67756 2.75873 2.86736 2.95771 3.08276 
0.664673 1.71392 2.20799 2.35386 2.57131 2.67756 2.75873 2.86736 2.95771 3.08276 
0.664673 1.71392 2.20799 2.35386 2.57131 2.67756 2.75873 2.86736 2.95771 3.08276 
0.664673 1.71392 2.20799 2.35386 2.57131 2.67756 2.75873 2.86736 2.95771 3.08276 
0.664673 1.71392 2.20799 2.35386 2.57131 2.67756 2.75873 2.86736 2.95771 3.08276 
