2.19152 6.60661 6.62637 7.65453 8.25759 8.40157 
2.19152 3.49227 6.60661 6.62637 7.65453 8.25759 
2.19152 3.49227 5.77132 6.60661 6.62637 7.65453 
2.19152 3.49227 5.77132 6.60661 6.62637 7.65453 
2.19152 3.49227 5.77132 6.60661 6.62637 7.41709 
2.19152 3.49227 5.77132 6.60661 6.62637 7.41709 
2.19152 3.49227 3.64109 5.77132 6.08371 6.60661 
2.19152 2.70365 3.49227 3.64109 5.77132 6.08371 
2.19152 2.70365 3.49227 3.64109 5.77132 5.83771 
2.19152 2.70365 3.49227 3.64109 3.89603 5.77132 
2.19152 2.70365 3.49227 3.64109 3.89603 5.77132 
2.19152 2.70365 3.49227 3.64109 3.89603 5.77132 
2.19152 2.70365 3.49227 3.64109 3.89603 4.05231 
2.19152 2.70365 3.49227 3.62019 3.64109 3.89603 
2.19152 2.70365 3.49227 3.62019 3.64109 3.89603 
2.19152 2.70365 3.49227 3.62019 3.64109 3.89603 
2.19152 2.70365 3.49227 3.62019 3.64109 3.89603 
2.19152 2.70365 3.49227 3.62019 3.64109 3.89603 
2.19152 2.70365 3.49227 3.62019 3.64109 3.89603 
2.19152 2.70365 3.49227 3.51126 3.62019 3.64109 
2.19152 2.70365 3.24796 3.49227 3.51126 3.62019 
2.19152 2.70365 3.24796 3.49227 3.51126 3.62019 
2.19152 2.70365 3.24796 3.49227 3.51126 3.62019 
2.18623 2.19152 2.70365 3.24796 3.49227 3.51126 
2.18623 2.19152 2.67215 2.70365 3.24796 3.49227 
2.18623 2.19152 2.67215 2.70365 3.14983 3.24796 
2.18623 2.19152 2.61327 2.67215 2.70365 3.14983 
2.18623 2.19152 2.61327 2.67215 2.70365 3.14925 
2.18623 2.19152 2.61327 2.67215 2.70365 3.14925 
2.18623 2.19152 2.61327 2.67215 2.70365 3.14925 
2.18623 2.19152 2.61327 2.67215 2.70365 3.14925 
0.447788 2.18623 2.19152 2.61327 2.67215 2.70365 
0.447788 2.18623 2.19152 2.61327 2.67215 2.70365 
0.447788 2.18623 2.19152 2.61327 2.67215 2.70365 
0.447788 2.18623 2.19152 2.61327 2.67215 2.70365 
0.447788 2.18623 2.19152 2.53138 2.61327 2.67215 
0.447788 0.943211 2.18623 2.19152 2.53138 2.61327 
0.447788 0.943211 2.18623 2.19152 2.53138 2.61327 
0.447788 0.943211 2.18623 2.19152 2.53138 2.61327 
0.447788 0.943211 2.18623 2.19152 2.53138 2.61327 
0.447788 0.943211 2.18623 2.19152 2.53138 2.59626 
0.447788 0.943211 2.18623 2.19152 2.53138 2.59626 
0.447788 0.943211 2.18623 2.19152 2.53138 2.59626 
0.447788 0.943211 2.18623 2.19152 2.53138 2.59626 
0.447788 0.943211 2.18623 2.19152 2.53138 2.59626 
0.447788 0.943211 1.17199 2.18623 2.19152 2.53138 
0.447788 0.943211 1.17199 2.18623 2.19152 2.53138 
0.422249 0.447788 0.943211 1.17199 2.18623 2.19152 
0.422249 0.447788 0.943211 1.17199 2.18623 2.19152 
0.422249 0.447788 0.943211 1.17199 1.53827 2.18623 
0.422249 0.447788 0.943211 1.17199 1.53827 2.18623 
0.422249 0.447788 0.943211 1.17199 1.53827 2.18623 
0.422249 0.447788 0.943211 1.17199 1.53827 2.18623 
0.422249 0.447788 0.943211 1.17199 1.53827 2.18623 
0.422249 0.447788 0.943211 1.17199 1.53827 2.18623 
0.422249 0.447788 0.943211 1.17199 1.53827 2.18623 
0.422249 0.447788 0.943211 1.17199 1.53827 2.18623 
0.422249 0.447788 0.943211 1.17199 1.53827 2.18623 
0.422249 0.447788 0.943211 1.17199 1.53827 2.18623 
0.422249 0.447788 0.943211 1.17199 1.53827 2.18623 
0.422249 0.447788 0.943211 1.17199 1.53827 2.18623 
0.422249 0.447788 0.943211 1.17199 1.53827 2.18623 
0.422249 0.447788 0.943211 1.17199 1.53827 2.18623 
0.422249 0.447788 0.943211 1.17199 1.53827 2.18623 
0.422249 0.447788 0.943211 1.17199 1.53827 2.18623 
0.422249 0.447788 0.943211 1.17199 1.53827 2.18623 
0.422249 0.447788 0.943211 1.17199 1.53827 2.18623 
0.422249 0.447788 0.943211 1.17199 1.53827 2.18623 
0.422249 0.447788 0.943211 1.17199 1.53827 2.18623 
0.422249 0.447788 0.943211 1.17199 1.53827 2.18623 
0.422249 0.447788 0.943211 1.17199 1.53827 2.18623 
0.422249 0.447788 0.943211 1.17199 1.53827 2.18623 
0.422249 0.447788 0.943211 1.17199 1.53827 2.18623 
0.422249 0.447788 0.943211 1.17199 1.53827 2.18623 
0.422249 0.447788 0.943211 1.17199 1.53827 2.18623 
0.422249 0.447788 0.943211 1.17199 1.53827 2.18623 
0.422249 0.447788 0.943211 1.17199 1.53827 2.18545 
0.422249 0.447788 0.943211 1.17199 1.53827 2.18545 
0.422249 0.447788 0.943211 1.17199 1.53827 2.18545 
0.422249 0.447788 0.943211 1.17199 1.53827 2.00289 
0.422249 0.447788 0.943211 1.17199 1.53827 1.90711 
0.422249 0.447788 0.943211 1.17199 1.53827 1.9037 
0.422249 0.447788 0.943211 1.17199 1.26303 1.53827 
0.422249 0.447788 0.943211 1.17199 1.26303 1.53827 
0.422249 0.447788 0.943211 1.17199 1.26303 1.53827 
0.422249 0.447788 0.943211 1.17199 1.26303 1.53827 
0.422249 0.447788 0.943211 1.17199 1.26303 1.53827 
0.422249 0.447788 0.943211 1.17199 1.26303 1.53827 
0.422249 0.447788 0.943211 0.989828 1.17199 1.21136 
0.422249 0.447788 0.943211 0.989828 1.17199 1.21136 
0.422249 0.447788 0.943211 0.989828 1.17199 1.21136 
0.422249 0.447788 0.943211 0.989828 1.17199 1.21136 
0.422249 0.447788 0.943211 0.989828 1.17199 1.21136 
0.422249 0.447788 0.943211 0.989828 1.17199 1.21136 
0.422249 0.447788 0.943211 0.989828 1.17199 1.21136 
0.422249 0.447788 0.943211 0.989828 1.17199 1.21136 
0.422249 0.447788 0.837031 0.943211 0.989828 1.1013 
0.422249 0.447788 0.83206 0.837031 0.943211 0.989828 
0.422249 0.447788 0.83206 0.837031 0.943211 0.989828 
0.422249 0.447788 0.83206 0.837031 0.943211 0.989828 
