3.78734 4.06304 4.45194 5.86553 5.95597 6.19041 
3.44923 3.78734 4.06304 4.31499 4.45194 5.2196 
3.44923 3.78734 4.06304 4.23253 4.31499 4.45194 
3.24669 3.44923 3.78734 4.06304 4.23253 4.26426 
3.24669 3.44923 3.78734 4.06304 4.23253 4.26426 
3.24669 3.44923 3.61539 3.78734 4.06304 4.23253 
3.0671 3.24669 3.44923 3.61539 3.78734 4.06304 
3.0671 3.24669 3.44923 3.61539 3.78734 3.89592 
1.98121 3.0671 3.24669 3.44923 3.61539 3.78734 
1.98121 2.83356 3.0671 3.24669 3.44923 3.45539 
1.98121 2.83356 3.0671 3.24669 3.44923 3.45539 
1.98121 2.83356 3.0671 3.24669 3.35309 3.39624 
1.98121 2.83356 3.0671 3.24669 3.35309 3.39624 
1.98121 2.83356 3.0671 3.24669 3.35309 3.39624 
1.98121 2.83356 3.0671 3.24669 3.35309 3.39624 
1.98121 2.83356 3.0671 3.24669 3.26555 3.35309 
1.98121 2.83356 3.0671 3.24669 3.26555 3.34713 
0.883639 1.31638 1.98121 2.83356 3.0671 3.16372 
0.883639 1.31638 1.98121 2.75117 2.83356 3.0671 
0.883639 1.25795 1.31638 1.98121 2.75117 2.83356 
0.883639 1.25795 1.31638 1.98121 2.10373 2.75117 
0.883639 1.25795 1.31638 1.98121 2.10373 2.75117 
0.883639 1.25795 1.31638 1.93922 1.98121 2.10373 
0.883639 1.25795 1.31638 1.93922 1.98121 2.10373 
0.883639 1.25795 1.31638 1.93922 1.98121 2.10373 
0.617492 0.883639 1.25795 1.31638 1.93922 1.98121 
0.617492 0.883639 1.25795 1.31638 1.93922 1.98121 
0.617492 0.883639 1.25795 1.31638 1.74931 1.93922 
0.617492 0.883639 1.25795 1.31638 1.74931 1.93922 
0.617492 0.883639 1.25795 1.31638 1.40397 1.74931 
0.353416 0.617492 0.883639 1.25795 1.31638 1.40397 
0.353416 0.617492 0.883639 1.12086 1.25795 1.31638 
0.353416 0.617492 0.883639 1.12086 1.25795 1.31638 
0.166198 0.353416 0.617492 0.883639 1.12086 1.25795 
0.166198 0.353416 0.617492 0.883639 1.12086 1.25795 
0.166198 0.353416 0.617492 0.883639 1.12086 1.25795 
0.166198 0.353416 0.617492 0.883639 1.12086 1.25795 
0.166198 0.353416 0.617492 0.883639 0.899305 0.932759 
0.166198 0.353416 0.617492 0.883639 0.899305 0.917328 
0.166198 0.353416 0.617492 0.697972 0.883639 0.899305 
0.166198 0.353416 0.617492 0.697972 0.857997 0.883639 
0.166198 0.353416 0.617492 0.697972 0.857997 0.883639 
0.166198 0.353416 0.617492 0.697972 0.798972 0.857997 
0.166198 0.353416 0.617492 0.697972 0.798972 0.857997 
0.166198 0.353416 0.48587 0.617492 0.697972 0.798972 
0.166198 0.353416 0.48587 0.617492 0.697972 0.798972 
0.166198 0.353416 0.48587 0.617492 0.697972 0.798972 
0.166198 0.353416 0.48587 0.617492 0.697972 0.798972 
0.166198 0.353416 0.48587 0.617492 0.697972 0.798972 
0.166198 0.353416 0.48587 0.617492 0.697972 0.783693 
0.166198 0.353416 0.48587 0.617492 0.697972 0.783693 
0.166198 0.353416 0.48587 0.617492 0.697972 0.783693 
0.166198 0.353416 0.48587 0.617492 0.697972 0.783693 
0.166198 0.353416 0.48587 0.617492 0.697972 0.783693 
0.166198 0.353416 0.48587 0.617492 0.697972 0.783693 
0.166198 0.353416 0.48587 0.617492 0.697972 0.783693 
0.166198 0.353416 0.48587 0.617492 0.697972 0.783693 
0.166198 0.353416 0.48587 0.617492 0.697972 0.783693 
0.166198 0.353416 0.48587 0.617492 0.697972 0.783693 
0.166198 0.353416 0.48587 0.617492 0.697972 0.783693 
0.166198 0.353416 0.48587 0.617492 0.697972 0.783693 
0.166198 0.353416 0.48587 0.617492 0.697972 0.783693 
0.166198 0.353416 0.48587 0.617492 0.697972 0.783693 
0.166198 0.353416 0.48587 0.617492 0.697972 0.783693 
0.166198 0.353416 0.48587 0.617492 0.697972 0.783693 
0.166198 0.353416 0.48587 0.617492 0.697972 0.783693 
0.166198 0.353416 0.48587 0.617492 0.697972 0.783693 
0.166198 0.353416 0.48587 0.617492 0.697972 0.783693 
0.166198 0.353416 0.48587 0.617492 0.697972 0.783693 
0.166198 0.353416 0.48587 0.617492 0.697972 0.783693 
0.166198 0.353416 0.48587 0.617492 0.697972 0.783693 
0.166198 0.353416 0.48587 0.617492 0.697972 0.783693 
0.166198 0.353416 0.48587 0.617492 0.697972 0.783693 
0.166198 0.353416 0.48587 0.617492 0.697972 0.783693 
0.166198 0.353416 0.48587 0.617492 0.697972 0.783693 
0.166198 0.353416 0.48587 0.617492 0.697972 0.783693 
0.166198 0.353416 0.48587 0.617492 0.697972 0.783693 
0.166198 0.353416 0.48587 0.617492 0.697972 0.783693 
0.166198 0.353416 0.48587 0.617492 0.697972 0.783693 
0.166198 0.353416 0.48587 0.617492 0.697972 0.783693 
0.166198 0.353416 0.48587 0.617492 0.697972 0.783693 
0.166198 0.353416 0.48587 0.617492 0.697972 0.783693 
0.166198 0.353416 0.48587 0.617492 0.697972 0.783693 
0.166198 0.353416 0.48587 0.617492 0.697972 0.783693 
0.166198 0.353416 0.48587 0.617492 0.697972 0.783693 
0.166198 0.353416 0.48587 0.617492 0.697972 0.783693 
0.166198 0.353416 0.48587 0.617492 0.697972 0.783693 
0.166198 0.353416 0.48587 0.617492 0.697972 0.783693 
0.166198 0.353416 0.48587 0.617492 0.697972 0.783693 
0.166198 0.353416 0.48587 0.617492 0.697972 0.783693 
0.166198 0.353416 0.48587 0.617492 0.697972 0.783693 
0.166198 0.353416 0.48587 0.617492 0.697972 0.783693 
0.166198 0.353416 0.48587 0.617492 0.697972 0.783693 
0.166198 0.353416 0.48587 0.617492 0.697972 0.783693 
0.166198 0.353416 0.48587 0.617492 0.697972 0.783693 
0.166198 0.353416 0.48587 0.617492 0.697972 0.783693 
0.166198 0.353416 0.48587 0.617492 0.697972 0.783693 
0.166198 0.353416 0.48587 0.617492 0.697972 0.783693 
0.166198 0.353416 0.48587 0.617492 0.697972 0.783693 
0.166198 0.353416 0.48587 0.617492 0.697972 0.783693 
