5.92534 7.0086 7.71114 7.77444 7.84361 8.22503 
4.13881 4.34599 4.6025 5.92534 7.0086 7.71114 
4.13881 4.34599 4.6025 5.92534 7.0086 7.54841 
4.13881 4.34599 4.6025 5.92534 6.50978 7.0086 
4.13881 4.34599 4.6025 5.92534 6.50978 7.0086 
4.13881 4.34599 4.6025 5.92534 6.35936 6.50978 
4.13881 4.34599 4.6025 5.72506 5.92534 6.06861 
4.13881 4.29657 4.34599 4.6025 5.72506 5.92534 
4.13881 4.29657 4.34599 4.6025 5.72506 5.92534 
4.13881 4.29657 4.34599 4.6025 4.79541 5.72506 
3.29425 4.13881 4.29657 4.34599 4.6025 4.60286 
3.29425 4.13881 4.29657 4.34599 4.6025 4.60286 
3.29425 4.13881 4.29657 4.34599 4.6025 4.60286 
2.69835 3.29425 4.13881 4.29657 4.34599 4.6025 
2.69835 3.29425 3.55085 4.13881 4.29657 4.34599 
2.69835 3.29425 3.55085 4.13881 4.29657 4.34599 
2.69835 3.29425 3.55085 4.13881 4.29657 4.31443 
2.69835 3.29425 3.55085 3.8294 4.13881 4.29657 
2.69835 3.29425 3.55085 3.8294 4.13881 4.29657 
2.69835 3.18709 3.29425 3.55085 3.8294 4.13881 
2.69835 3.18709 3.29425 3.55085 3.8294 4.13881 
2.69835 3.18709 3.29425 3.55085 3.8294 4.13881 
2.69835 3.18709 3.27295 3.29425 3.46032 3.55085 
2.69835 3.18709 3.27295 3.29425 3.46032 3.55085 
2.69835 2.96469 3.04373 3.18709 3.26606 3.27295 
2.69835 2.96469 3.04373 3.18709 3.26606 3.27295 
1.24142 2.68977 2.69835 2.96469 2.97788 3.04373 
1.24142 2.68977 2.69835 2.96469 2.97788 3.04373 
1.24142 2.68977 2.69835 2.96469 2.97788 3.04373 
1.24142 2.68977 2.69835 2.94298 2.96469 2.97788 
1.24142 2.68977 2.69835 2.94298 2.96469 2.97788 
1.24142 2.68977 2.69835 2.94298 2.96469 2.97788 
1.24142 2.68977 2.69835 2.94298 2.96469 2.97788 
1.1781 1.24142 2.68977 2.69835 2.94298 2.96469 
1.1781 1.24142 2.68977 2.69835 2.91061 2.94298 
0.260844 1.1781 1.24142 2.68977 2.69835 2.91061 
0.260844 1.1781 1.24142 2.68977 2.69835 2.91061 
0.260844 1.1781 1.24142 2.68977 2.69835 2.91061 
0.260844 1.1781 1.24142 2.68977 2.69835 2.91061 
0.260844 1.1781 1.24142 2.68977 2.69835 2.91061 
0.260844 1.1781 1.24142 2.68977 2.69835 2.91061 
0.260844 1.1781 1.24142 2.63282 2.68977 2.69835 
0.260844 1.1781 1.24142 2.63282 2.68977 2.69835 
0.260844 1.1781 1.24142 2.63282 2.68977 2.69835 
0.260844 1.1781 1.24142 2.63282 2.68977 2.69835 
0.260844 1.1781 1.24142 2.63282 2.68977 2.69835 
0.260844 1.1781 1.24142 2.63282 2.68977 2.69835 
0.260844 1.1781 1.24142 2.63282 2.68977 2.69835 
0.260844 1.1781 1.24142 2.63282 2.68977 2.69835 
0.260844 1.1781 1.24142 2.63282 2.68977 2.69835 
0.260844 0.980013 1.1781 1.24142 2.63282 2.68977 
0.260844 0.980013 1.1781 1.24142 2.55639 2.63282 
0.260844 0.980013 1.1781 1.24142 2.55639 2.63282 
0.260844 0.980013 1.1781 1.24142 2.55639 2.63282 
0.260844 0.980013 1.1781 1.24142 2.46923 2.55639 
0.260844 0.980013 1.02399 1.1781 1.24142 2.17716 
0.260844 0.980013 1.02399 1.1781 1.24142 2.17716 
0.260844 0.980013 1.02399 1.1781 1.24142 2.17716 
0.260844 0.980013 1.02399 1.1781 1.24142 2.17716 
0.260844 0.980013 1.02399 1.1781 1.24142 2.17716 
0.260844 0.980013 1.02399 1.1781 1.24142 2.17716 
0.260844 0.980013 1.02399 1.1781 1.24142 2.17716 
0.260844 0.980013 1.02399 1.1781 1.24142 2.17716 
0.260844 0.980013 1.02399 1.1781 1.24142 2.17716 
0.260844 0.980013 1.02399 1.1781 1.24142 2.17716 
0.260844 0.980013 1.02399 1.1781 1.24142 2.17716 
0.260844 0.980013 1.02399 1.1781 1.24142 2.17716 
0.260844 0.895513 0.980013 1.02399 1.1781 1.24142 
0.260844 0.895513 0.980013 1.02399 1.1781 1.24142 
0.260844 0.895513 0.980013 1.02399 1.1781 1.24142 
0.260844 0.895513 0.980013 1.02399 1.1781 1.24142 
0.260844 0.895513 0.980013 1.02399 1.1781 1.24142 
0.260844 0.895513 0.980013 1.02399 1.1781 1.24142 
0.260844 0.895513 0.980013 1.02399 1.1781 1.24142 
0.260844 0.895513 0.980013 1.02399 1.1781 1.21039 
0.260844 0.776919 0.895513 0.980013 1.02399 1.1781 
0.260844 0.776919 0.895513 0.980013 1.02399 1.1781 
0.260844 0.776919 0.895513 0.980013 1.02399 1.1781 
0.260844 0.776919 0.895513 0.980013 1.02399 1.1536 
0.260844 0.776919 0.895513 0.980013 1.02399 1.1536 
0.260844 0.776919 0.895513 0.980013 1.02399 1.1536 
0.260844 0.776919 0.895513 0.980013 1.02399 1.1536 
0.260844 0.776919 0.895513 0.980013 1.02399 1.1536 
0.260844 0.776919 0.895513 0.980013 1.02399 1.1536 
0.260844 0.776919 0.895513 0.980013 1.02399 1.1536 
0.260844 0.776919 0.895513 0.980013 1.02399 1.1536 
0.260844 0.776919 0.895513 0.980013 1.02399 1.1536 
0.260844 0.776919 0.895513 0.980013 1.02399 1.1536 
0.260844 0.776919 0.895513 0.980013 1.02399 1.1536 
0.260844 0.776919 0.895513 0.980013 1.02399 1.1536 
0.260844 0.776919 0.895513 0.980013 1.02399 1.1536 
0.260844 0.776919 0.895513 0.980013 1.02399 1.1536 
0.260844 0.776919 0.895513 0.980013 1.02399 1.1536 
0.260844 0.776919 0.895513 0.980013 1.02399 1.1536 
0.260844 0.776919 0.895513 0.980013 1.02399 1.1536 
0.260844 0.776919 0.881332 0.895513 0.980013 1.02399 
0.260844 0.776919 0.881332 0.895513 0.980013 1.02399 
0.260844 0.776919 0.881332 0.895513 0.980013 1.02399 
0.260844 0.776919 0.829254 0.881332 0.895513 0.980013 
0.260844 0.776919 0.829254 0.841432 0.881332 0.895513 
