4.70606 4.93916 6.75392 8.02455 8.88381 9.16751 
1.57378 4.70606 4.93916 6.75392 7.55502 8.02455 
1.57378 3.24481 4.70606 4.93916 6.75392 7.03874 
1.57378 3.24481 3.27111 4.70606 4.93916 5.47869 
1.57378 3.24481 3.27111 4.47015 4.70606 4.83359 
1.57378 3.24481 3.27111 4.47015 4.70606 4.83359 
1.57378 3.24481 3.27111 4.47015 4.70606 4.83359 
1.57378 3.24481 3.27111 4.47015 4.70606 4.83359 
1.57378 3.24481 3.27111 4.06209 4.47015 4.64101 
1.57378 3.01165 3.24481 3.27111 4.06209 4.15032 
1.57378 3.01165 3.24481 3.27111 4.06209 4.15032 
1.57378 3.01165 3.24481 3.27111 4.06209 4.15032 
1.57378 3.01165 3.24481 3.27111 3.69833 3.71346 
1.57378 2.93194 3.01165 3.24481 3.27111 3.69833 
1.57378 2.93194 3.01165 3.24481 3.27111 3.48276 
1.57378 2.93194 3.01165 3.24481 3.27111 3.48276 
1.57378 2.93194 3.01165 3.11156 3.24481 3.27063 
1.57378 2.93194 2.9838 3.01165 3.03365 3.11156 
1.57378 2.93194 2.9838 3.01165 3.03365 3.11156 
1.57378 2.93194 2.9838 3.01165 3.03365 3.11156 
1.57378 2.93194 2.9838 3.01165 3.03365 3.08346 
1.57378 2.93194 2.9838 3.01165 3.03365 3.08346 
0.320563 1.57378 2.93194 2.9838 3.01165 3.03365 
0.320563 1.57378 2.93194 2.9838 3.01165 3.03365 
0.320563 1.57378 2.40893 2.93194 2.9838 3.01165 
0.320563 1.57378 2.40893 2.70763 2.93194 2.96721 
0.320563 1.57378 2.40893 2.61577 2.70763 2.93194 
0.320563 1.57378 2.40893 2.61577 2.70763 2.93194 
0.320563 1.57378 2.3136 2.40893 2.61577 2.70763 
0.320563 1.57378 2.3136 2.40893 2.61577 2.70763 
0.320563 1.57378 2.3136 2.40893 2.61577 2.70763 
0.320563 1.57378 2.3136 2.40893 2.61577 2.70763 
0.320563 1.57378 2.3136 2.40893 2.61577 2.70763 
0.320563 1.57378 2.05531 2.3136 2.40893 2.41851 
0.320563 1.57378 2.05531 2.3136 2.40893 2.41851 
0.320563 1.57378 2.05531 2.3136 2.40893 2.41851 
0.320563 1.57378 2.05531 2.3136 2.40893 2.41851 
0.320563 1.45504 1.57378 2.05531 2.3136 2.40893 
0.0253548 0.320563 1.45504 1.57378 2.05531 2.3136 
0.0253548 0.320563 1.45504 1.57378 2.05531 2.3136 
0.0253548 0.320563 1.45504 1.57378 2.05531 2.3136 
0.0253548 0.320563 1.45504 1.57378 2.05531 2.3136 
0.0253548 0.320563 1.45504 1.57378 1.96823 2.05531 
0.0253548 0.320563 0.344256 1.45504 1.57378 1.96823 
0.0253548 0.320563 0.344256 1.45504 1.57378 1.96823 
0.0253548 0.320563 0.341179 0.344256 1.45504 1.48037 
0.0253548 0.320563 0.341179 0.344256 1.45504 1.48037 
0.0253548 0.320563 0.341179 0.344256 1.45504 1.48037 
0.0253548 0.320563 0.341179 0.344256 1.45504 1.48037 
0.0253548 0.320563 0.341179 0.344256 1.45504 1.48037 
0.0253548 0.320563 0.341179 0.344256 1.45504 1.48037 
0.0253548 0.320563 0.341179 0.344256 0.549782 0.65969 
0.0253548 0.320563 0.341179 0.344256 0.549782 0.65969 
0.0253548 0.320563 0.341179 0.344256 0.549782 0.574762 
0.0253548 0.320563 0.341179 0.344256 0.549782 0.574762 
0.0253548 0.320563 0.341179 0.344256 0.426003 0.549782 
0.0253548 0.320563 0.341179 0.344256 0.426003 0.549782 
0.0253548 0.320563 0.341179 0.344256 0.426003 0.549782 
0.0253548 0.320563 0.341179 0.344256 0.426003 0.549782 
0.0253548 0.310149 0.320563 0.341179 0.344256 0.426003 
0.0253548 0.310149 0.320563 0.341179 0.344256 0.426003 
0.0253548 0.310149 0.320563 0.341179 0.344256 0.426003 
0.0253548 0.310149 0.320563 0.341179 0.344256 0.426003 
0.0253548 0.310149 0.320563 0.341179 0.344256 0.426003 
0.0253548 0.310149 0.320563 0.341179 0.344256 0.426003 
0.0253548 0.310149 0.320563 0.341179 0.344256 0.426003 
0.0253548 0.310149 0.320563 0.341179 0.344256 0.426003 
0.0253548 0.310149 0.320563 0.341179 0.344256 0.426003 
0.0253548 0.310149 0.320563 0.341179 0.344256 0.426003 
0.0253548 0.310149 0.320563 0.341179 0.344256 0.426003 
0.0253548 0.310149 0.320563 0.341179 0.344256 0.426003 
0.0253548 0.310149 0.320563 0.341179 0.344256 0.426003 
0.0253548 0.310149 0.320563 0.341179 0.344256 0.426003 
0.0253548 0.310149 0.320563 0.341179 0.344256 0.426003 
0.0253548 0.310149 0.320563 0.341179 0.344256 0.426003 
0.0253548 0.310149 0.320563 0.341179 0.344256 0.426003 
0.0253548 0.310149 0.320563 0.341179 0.344256 0.426003 
0.0253548 0.310149 0.320563 0.341179 0.344256 0.426003 
0.0253548 0.310149 0.320563 0.341179 0.344256 0.426003 
0.0253548 0.310149 0.320563 0.341179 0.344256 0.426003 
0.0253548 0.310149 0.320563 0.341179 0.344256 0.426003 
0.0253548 0.310149 0.320563 0.341179 0.344256 0.426003 
0.0253548 0.310149 0.320563 0.341179 0.344256 0.426003 
0.0253548 0.310149 0.320563 0.341179 0.344256 0.426003 
0.0253548 0.310149 0.320563 0.341179 0.344256 0.426003 
0.0253548 0.310149 0.320563 0.341179 0.344256 0.426003 
0.0253548 0.310149 0.320563 0.341179 0.344256 0.426003 
0.0253548 0.310149 0.320563 0.341179 0.344256 0.426003 
0.0253548 0.310149 0.320563 0.341179 0.344256 0.426003 
0.0253548 0.310149 0.320563 0.341179 0.344256 0.426003 
0.0253548 0.310149 0.320563 0.341179 0.344256 0.426003 
0.0253548 0.310149 0.320563 0.341179 0.344256 0.426003 
0.0253548 0.310149 0.320563 0.341179 0.344256 0.426003 
0.0253548 0.310149 0.320563 0.341179 0.344256 0.426003 
0.0253548 0.310149 0.320563 0.341179 0.344256 0.426003 
0.0253548 0.310149 0.320563 0.341179 0.344256 0.426003 
0.0253548 0.310149 0.320563 0.341179 0.344256 0.426003 
0.0253548 0.310149 0.320563 0.341179 0.344256 0.426003 
0.0253548 0.310149 0.320563 0.341179 0.344256 0.426003 
0.0253548 0.310149 0.320563 0.341179 0.344256 0.426003 
