2.0288 4.28721 4.37676 4.82879 5.06225 5.5639 
2.0288 3.23459 3.84009 4.28721 4.37676 4.82879 
2.0288 3.23459 3.84009 4.25814 4.28721 4.37676 
2.0288 3.23459 3.84009 4.25814 4.28721 4.37676 
0.30185 2.0288 3.23459 3.66788 3.84009 4.25814 
0.30185 2.0288 3.00944 3.23459 3.24377 3.66788 
0.30185 2.0288 2.85607 3.00944 3.23459 3.24377 
0.30185 2.0288 2.85607 3.00944 3.14852 3.23459 
0.30185 2.0288 2.16779 2.85607 3.00944 3.14852 
0.30185 2.0288 2.16779 2.83766 2.85607 3.00944 
0.30185 2.0288 2.16779 2.83766 2.85607 3.00944 
0.30185 2.0288 2.16779 2.83766 2.85607 3.00944 
0.30185 2.02272 2.0288 2.16779 2.83766 2.85607 
0.30185 2.02272 2.0288 2.16779 2.83766 2.85607 
0.30185 2.02272 2.0288 2.16779 2.78706 2.83766 
0.30185 2.02272 2.0288 2.16779 2.78706 2.83766 
0.30185 2.02272 2.0288 2.16779 2.69264 2.78706 
0.30185 2.02272 2.0288 2.16779 2.69264 2.78706 
0.30185 2.02272 2.0288 2.16779 2.64849 2.69264 
0.30185 2.02272 2.0288 2.16779 2.60407 2.61971 
0.30185 0.90603 2.02272 2.0288 2.16779 2.60407 
0.30185 0.90603 2.02272 2.0288 2.16779 2.60407 
0.30185 0.90603 2.02272 2.0288 2.16779 2.60407 
0.30185 0.90603 2.02272 2.0288 2.16779 2.60407 
0.30185 0.90603 2.00669 2.02272 2.0288 2.16779 
0.30185 0.90603 2.00669 2.02272 2.0288 2.16779 
0.30185 0.467172 0.90603 0.940774 2.00669 2.02272 
0.30185 0.467172 0.90603 0.940774 2.00669 2.02272 
0.30185 0.467172 0.90603 0.940774 1.98624 2.00669 
0.30185 0.467172 0.90603 0.940774 1.11132 1.62507 
0.200351 0.30185 0.467172 0.90603 0.940774 1.11132 
0.200351 0.30185 0.467172 0.507801 0.90603 0.940774 
0.200351 0.30185 0.467172 0.507801 0.90603 0.940774 
0.200351 0.210034 0.30185 0.467172 0.507801 0.545157 
0.200351 0.210034 0.30185 0.467172 0.507801 0.545157 
0.200351 0.210034 0.30185 0.467172 0.507801 0.545157 
0.200351 0.210034 0.30185 0.467172 0.507801 0.545157 
0.200351 0.210034 0.30185 0.467172 0.507801 0.545157 
0.200351 0.210034 0.30185 0.467172 0.507801 0.545157 
0.200351 0.210034 0.30185 0.467172 0.507801 0.545157 
0.200351 0.210034 0.30185 0.467172 0.507801 0.545157 
0.200351 0.210034 0.30185 0.399784 0.467172 0.507801 
0.200351 0.210034 0.30185 0.399784 0.467172 0.507801 
0.200351 0.210034 0.30185 0.399784 0.467172 0.507801 
0.200351 0.210034 0.30185 0.399784 0.467172 0.507801 
0.200351 0.210034 0.30185 0.399784 0.467172 0.507801 
0.200351 0.210034 0.30185 0.399784 0.467172 0.507801 
0.200351 0.210034 0.30185 0.399784 0.467172 0.507801 
0.200351 0.210034 0.30185 0.399784 0.467172 0.507801 
0.200351 0.210034 0.30185 0.399784 0.467172 0.507801 
0.200351 0.210034 0.30185 0.399784 0.467172 0.507801 
0.200351 0.210034 0.30185 0.399784 0.467172 0.507801 
0.200351 0.210034 0.30185 0.399784 0.467172 0.507801 
0.200351 0.210034 0.30185 0.399784 0.467172 0.507801 
0.200351 0.210034 0.30185 0.399784 0.467172 0.507801 
0.200351 0.210034 0.30185 0.399784 0.467172 0.507801 
0.200351 0.210034 0.30185 0.399784 0.467172 0.507801 
0.200351 0.210034 0.30185 0.399784 0.467172 0.507801 
0.200351 0.210034 0.30185 0.399784 0.467172 0.507801 
0.200351 0.210034 0.30185 0.399784 0.467172 0.507801 
0.200351 0.210034 0.30185 0.399784 0.467172 0.507801 
0.200351 0.210034 0.30185 0.399784 0.467172 0.507801 
0.200351 0.210034 0.30185 0.399784 0.467172 0.507801 
0.200351 0.210034 0.30185 0.399784 0.467172 0.507801 
0.200351 0.210034 0.30185 0.399784 0.467172 0.507801 
0.200351 0.210034 0.30185 0.399784 0.467172 0.507801 
0.200351 0.210034 0.30185 0.399784 0.467172 0.507801 
0.200351 0.210034 0.30185 0.399784 0.467172 0.507801 
0.200351 0.210034 0.30185 0.399784 0.467172 0.507801 
0.200351 0.210034 0.30185 0.399784 0.467172 0.507801 
0.200351 0.210034 0.30185 0.399784 0.467172 0.507801 
0.200351 0.210034 0.30185 0.399784 0.467172 0.507801 
0.200351 0.210034 0.30185 0.399784 0.467172 0.507801 
0.200351 0.210034 0.30185 0.399784 0.467172 0.507801 
0.200351 0.210034 0.30185 0.399784 0.467172 0.507801 
0.200351 0.210034 0.30185 0.399784 0.467172 0.507801 
0.200351 0.210034 0.30185 0.399784 0.467172 0.507801 
0.200351 0.210034 0.30185 0.399784 0.467172 0.507801 
0.200351 0.210034 0.30185 0.399784 0.467172 0.507801 
0.200351 0.210034 0.30185 0.399784 0.467172 0.507801 
0.200351 0.210034 0.30185 0.399784 0.467172 0.507801 
0.200351 0.210034 0.30185 0.399784 0.467172 0.507801 
0.200351 0.210034 0.30185 0.399784 0.467172 0.507801 
0.200351 0.210034 0.30185 0.399784 0.467172 0.507801 
0.200351 0.210034 0.30185 0.399784 0.467172 0.507801 
0.200351 0.210034 0.30185 0.399784 0.467172 0.507801 
0.200351 0.210034 0.30185 0.399784 0.467172 0.507801 
0.200351 0.210034 0.30185 0.399784 0.467172 0.507801 
0.200351 0.210034 0.30185 0.399784 0.467172 0.507801 
0.200351 0.210034 0.30185 0.399784 0.467172 0.507801 
0.200351 0.210034 0.30185 0.399784 0.467172 0.507801 
0.200351 0.210034 0.30185 0.399784 0.467172 0.507801 
0.200351 0.210034 0.30185 0.399784 0.467172 0.507801 
0.200351 0.210034 0.30185 0.399784 0.467172 0.507801 
0.200351 0.210034 0.30185 0.399784 0.467172 0.507801 
0.200351 0.210034 0.30185 0.399784 0.467172 0.507801 
0.200351 0.210034 0.30185 0.399784 0.467172 0.507801 
0.200351 0.210034 0.30185 0.399784 0.467172 0.507801 
0.200351 0.210034 0.30185 0.399784 0.467172 0.507801 
0.200351 0.210034 0.30185 0.399784 0.467172 0.507801 
