3.77888 4.83896 6.33005 6.67002 7.20223 7.53149 
2.9921 3.77888 4.83896 6.32325 6.33005 6.67002 
2.63755 2.9921 3.77888 4.83896 6.32325 6.33005 
2.63755 2.9921 3.77888 4.51854 4.83896 6.32325 
2.63755 2.9921 3.77888 4.51854 4.83896 6.32325 
2.63755 2.9921 3.77888 4.51854 4.83896 6.07585 
2.63755 2.9921 3.11544 3.77888 4.51854 4.83896 
2.63755 2.9921 3.11544 3.77888 4.51854 4.59064 
2.63755 2.9921 3.11544 3.77888 4.51854 4.59064 
2.63755 2.9921 3.11544 3.77888 4.51854 4.59064 
2.63755 2.9921 3.11544 3.77888 4.51854 4.59064 
2.63755 2.9921 3.11544 3.77888 4.06858 4.51854 
2.63755 2.9921 3.11544 3.77888 4.06858 4.51854 
2.63755 2.9921 3.11544 3.77888 4.06858 4.51854 
2.63755 2.9921 3.11544 3.77888 4.06858 4.50113 
2.63755 2.9921 3.11544 3.75602 3.77888 4.06858 
2.63755 2.9921 3.11544 3.75602 3.77888 4.06858 
2.63755 2.9921 3.11544 3.59475 3.75602 3.77888 
2.63755 2.9921 3.11544 3.59475 3.75602 3.77888 
2.63755 2.9921 3.11544 3.57526 3.59475 3.75602 
2.63755 2.9921 3.11544 3.57526 3.59475 3.75602 
2.14557 2.63755 2.9921 3.11544 3.57526 3.59475 
2.14557 2.63755 2.91111 2.9921 3.11544 3.57526 
2.14557 2.63755 2.91111 2.9921 3.11544 3.56763 
2.14557 2.63755 2.91111 2.9921 3.11544 3.56763 
2.14557 2.63755 2.91111 2.9921 3.11544 3.56763 
2.14557 2.63755 2.91111 2.9921 3.11544 3.56763 
2.14557 2.63755 2.91111 2.9921 3.11544 3.56763 
2.14557 2.63755 2.91111 2.9921 3.11544 3.34598 
2.14557 2.63755 2.91111 2.9921 3.11544 3.34598 
2.14557 2.63755 2.91111 2.9921 3.11544 3.34598 
0.500901 2.14557 2.63755 2.91111 2.9921 3.11544 
0.500901 2.14557 2.46467 2.63755 2.91111 2.98596 
0.500901 1.11117 2.14557 2.46467 2.63755 2.91111 
0.500901 1.11117 2.14557 2.46467 2.63755 2.7671 
0.500901 1.11117 2.14557 2.46467 2.63755 2.7671 
0.500901 1.11117 2.14557 2.46467 2.63755 2.7671 
0.500901 1.11117 2.14557 2.46467 2.63755 2.64681 
0.500901 1.11117 2.14557 2.46467 2.63755 2.64681 
0.500901 1.11117 2.14557 2.46467 2.63755 2.64681 
0.500901 1.11117 2.14557 2.46467 2.63755 2.64681 
0.500901 1.11117 2.14557 2.46467 2.63755 2.64681 
0.500901 1.11117 2.14557 2.46467 2.63755 2.64681 
0.500901 1.11117 1.26016 2.14557 2.46467 2.63755 
0.500901 1.11117 1.26016 2.14557 2.46467 2.63755 
0.500901 1.11117 1.26016 2.14557 2.46467 2.63755 
0.500901 1.11117 1.26016 2.14557 2.46467 2.63755 
0.500901 1.11117 1.26016 2.14557 2.46467 2.63755 
0.500901 1.11117 1.26016 2.14557 2.46467 2.63755 
0.500901 1.11117 1.26016 2.14557 2.46467 2.63755 
0.500901 1.11117 1.26016 1.37225 2.14557 2.46467 
0.500901 1.11117 1.26016 1.37225 1.59553 2.14557 
0.500901 1.11117 1.26016 1.37225 1.59553 2.14557 
0.500901 1.11117 1.26016 1.37225 1.59553 2.14557 
0.500901 1.11117 1.26016 1.37225 1.59553 2.14557 
0.500901 1.11117 1.26016 1.37225 1.43957 1.59553 
0.500901 1.11117 1.26016 1.37225 1.43957 1.59553 
0.500901 1.11117 1.26016 1.37225 1.43957 1.59553 
0.500901 1.11117 1.26016 1.37225 1.43957 1.59553 
0.500901 1.11117 1.26016 1.37225 1.43957 1.59553 
0.310195 0.500901 1.11117 1.26016 1.37225 1.43957 
0.310195 0.500901 1.11117 1.26016 1.37225 1.43957 
0.310195 0.500901 1.11117 1.26016 1.37225 1.43957 
0.310195 0.500901 1.11117 1.26016 1.32631 1.37225 
0.310195 0.500901 1.11117 1.26016 1.32631 1.37225 
0.310195 0.500901 1.11117 1.26016 1.32631 1.37225 
0.310195 0.500901 0.582281 1.11117 1.26016 1.32631 
0.310195 0.500901 0.582281 1.11117 1.26016 1.32631 
0.310195 0.500901 0.582281 1.11117 1.26016 1.32631 
0.310195 0.500901 0.582281 1.06752 1.11117 1.20041 
0.310195 0.500901 0.582281 1.06752 1.11117 1.20041 
0.310195 0.500901 0.582281 1.06752 1.11117 1.20041 
0.310195 0.500901 0.582281 1.06752 1.11117 1.20041 
0.310195 0.500901 0.582281 1.0656 1.06752 1.11117 
0.310195 0.500901 0.582281 1.0656 1.06752 1.11117 
0.310195 0.500901 0.582281 1.0656 1.06752 1.11117 
0.310195 0.500901 0.582281 1.0656 1.06752 1.11117 
0.310195 0.500901 0.582281 0.72164 1.0656 1.06752 
0.310195 0.491365 0.500901 0.582281 0.72164 1.0656 
0.310195 0.491365 0.500901 0.582281 0.69198 0.72164 
0.310195 0.491365 0.500901 0.582281 0.69198 0.72164 
0.310195 0.491365 0.500901 0.582281 0.69198 0.72164 
0.310195 0.491365 0.500901 0.582281 0.69198 0.72164 
0.310195 0.491365 0.500901 0.582281 0.69198 0.72164 
0.310195 0.491365 0.500901 0.582281 0.69198 0.72164 
0.310195 0.491365 0.500901 0.582281 0.69198 0.72164 
0.310195 0.491365 0.500901 0.582281 0.69198 0.72164 
0.252691 0.310195 0.491365 0.500901 0.582281 0.69198 
0.252691 0.310195 0.491365 0.500901 0.582281 0.69198 
0.252691 0.310195 0.491365 0.500901 0.582281 0.69198 
0.252691 0.310195 0.491365 0.500901 0.582281 0.69198 
0.252691 0.310195 0.491365 0.500901 0.582281 0.656177 
0.252691 0.284804 0.310195 0.491365 0.500901 0.582281 
0.252691 0.284804 0.310195 0.427925 0.491365 0.500901 
0.252691 0.284804 0.310195 0.427925 0.491365 0.500901 
0.252691 0.284804 0.310195 0.427925 0.491365 0.500901 
0.252691 0.284804 0.310195 0.427925 0.491365 0.500901 
0.252691 0.284804 0.310195 0.427925 0.491365 0.500901 
0.252691 0.284804 0.310195 0.359203 0.427925 0.491365 
0.252691 0.284804 0.310195 0.359203 0.427925 0.491365 
