2.76547 3.09069 3.51796 4.23293 4.55434 5.68258 
2.76547 3.09069 3.17429 3.51796 3.86512 4.23293 
2.76547 2.79012 3.09069 3.17429 3.51796 3.86512 
2.76547 2.79012 3.09069 3.17429 3.48366 3.51796 
2.76547 2.79012 3.09069 3.17429 3.48366 3.51796 
2.76547 2.79012 3.09069 3.17429 3.48366 3.51796 
2.76547 2.79012 3.09069 3.17429 3.48366 3.51796 
2.61345 2.76547 2.79012 3.09069 3.17429 3.21757 
2.61345 2.76547 2.79012 2.86648 3.09069 3.17429 
2.61345 2.70356 2.76547 2.79012 2.86648 3.09069 
2.61345 2.70356 2.76547 2.79012 2.86648 3.09069 
2.5807 2.61345 2.70356 2.76547 2.79012 2.86648 
1.72771 2.5807 2.61345 2.70356 2.76547 2.79012 
0.380491 1.72771 2.5807 2.61345 2.70356 2.76547 
0.380491 1.72771 2.5807 2.61345 2.70356 2.76547 
0.380491 1.72771 2.5807 2.61345 2.70356 2.76547 
0.380491 0.734266 1.72771 2.5807 2.61345 2.70356 
0.380491 0.734266 1.72771 2.5807 2.61345 2.70356 
0.380491 0.734266 1.72771 2.17105 2.5807 2.61345 
0.380491 0.734266 1.72771 1.8614 2.17105 2.5807 
0.269755 0.380491 0.734266 1.72771 1.8614 2.05084 
0.269755 0.380491 0.734266 1.72771 1.8614 2.05084 
0.269755 0.380491 0.734266 1.1776 1.72771 1.8614 
0.269755 0.380491 0.734266 1.1776 1.72771 1.8614 
0.269755 0.380491 0.734266 1.1776 1.72771 1.8021 
0.269755 0.380491 0.734266 1.1776 1.72771 1.8021 
0.269755 0.380491 0.734266 1.1776 1.72771 1.8021 
0.156501 0.269755 0.380491 0.734266 1.1776 1.56065 
0.156501 0.269755 0.380491 0.734266 1.1776 1.56065 
0.156501 0.269755 0.380491 0.734266 1.1776 1.56065 
0.156501 0.269755 0.380491 0.734266 1.1776 1.56065 
0.156501 0.269755 0.380491 0.734266 1.1776 1.27991 
0.156501 0.269755 0.380491 0.734266 1.11347 1.1776 
0.156501 0.269755 0.380491 0.734266 1.11347 1.1776 
0.156501 0.269755 0.380491 0.734266 1.11347 1.1776 
0.156501 0.269755 0.380491 0.734266 1.11347 1.1776 
0.156501 0.269755 0.380491 0.642381 0.734266 1.11347 
0.156501 0.269755 0.380491 0.642381 0.734266 1.11347 
0.156501 0.269755 0.380491 0.642381 0.734266 1.11347 
0.156501 0.269755 0.380491 0.642381 0.734266 1.11347 
0.156501 0.269755 0.380491 0.642381 0.734266 1.10252 
0.156501 0.269755 0.380491 0.642381 0.734266 1.10252 
0.156501 0.269755 0.380491 0.642381 0.734266 1.10252 
0.156501 0.269755 0.380491 0.642381 0.734266 1.10252 
0.156501 0.269755 0.380491 0.642381 0.734266 1.10252 
0.156501 0.269755 0.380491 0.642381 0.734266 1.10252 
0.156501 0.269755 0.380491 0.642381 0.734266 1.10252 
0.156501 0.269755 0.380491 0.642381 0.734266 1.10252 
0.156501 0.269755 0.380491 0.642381 0.734266 1.10252 
0.156501 0.269755 0.380491 0.642381 0.734266 1.10252 
0.156501 0.269755 0.380491 0.642381 0.734266 1.10252 
0.156501 0.269755 0.380491 0.642381 0.734266 1.10252 
0.156501 0.269755 0.380491 0.642381 0.734266 1.10252 
0.156501 0.269755 0.380491 0.642381 0.734266 1.10252 
0.156501 0.269755 0.380491 0.642381 0.734266 1.10252 
0.156501 0.269755 0.380491 0.642381 0.734266 1.10252 
0.156501 0.269755 0.380491 0.642381 0.734266 1.10252 
0.156501 0.269755 0.380491 0.642381 0.734266 1.10252 
0.156501 0.269755 0.380491 0.642381 0.734266 1.10252 
0.156501 0.269755 0.380491 0.642381 0.734266 1.10252 
0.156501 0.269755 0.380491 0.642381 0.734266 1.10252 
0.156501 0.269755 0.380491 0.642381 0.734266 1.10252 
0.156501 0.269755 0.380491 0.642381 0.734266 1.10252 
0.156501 0.269755 0.380491 0.642381 0.734266 1.10252 
0.156501 0.269755 0.380491 0.642381 0.734266 1.10252 
0.156501 0.269755 0.380491 0.642381 0.734266 1.10252 
0.156501 0.269755 0.380491 0.642381 0.734266 1.10252 
0.156501 0.269755 0.380491 0.642381 0.734266 1.10252 
0.156501 0.269755 0.380491 0.642381 0.734266 1.10252 
0.156501 0.269755 0.380491 0.642381 0.734266 1.10252 
0.156501 0.269755 0.380491 0.642381 0.734266 1.10252 
0.156501 0.269755 0.380491 0.642381 0.734266 1.10252 
0.156501 0.269755 0.380491 0.642381 0.734266 1.10252 
0.156501 0.269755 0.380491 0.642381 0.734266 1.10252 
0.156501 0.269755 0.380491 0.642381 0.734266 1.10252 
0.156501 0.269755 0.380491 0.642381 0.734266 1.10252 
0.156501 0.269755 0.380491 0.642381 0.734266 1.10252 
0.156501 0.269755 0.380491 0.642381 0.734266 1.10252 
0.156501 0.269755 0.380491 0.642381 0.734266 1.10252 
0.156501 0.269755 0.380491 0.642381 0.734266 1.10252 
0.156501 0.269755 0.380491 0.642381 0.734266 1.10252 
0.156501 0.269755 0.380491 0.642381 0.734266 1.10252 
0.156501 0.269755 0.380491 0.642381 0.734266 1.10252 
0.156501 0.269755 0.380491 0.642381 0.734266 1.10252 
0.156501 0.269755 0.380491 0.642381 0.734266 1.10252 
0.156501 0.269755 0.380491 0.642381 0.734266 1.10252 
0.156501 0.269755 0.380491 0.642381 0.734266 1.10252 
0.156501 0.269755 0.380491 0.642381 0.734266 1.10252 
0.156501 0.269755 0.380491 0.642381 0.734266 1.10252 
0.156501 0.269755 0.380491 0.642381 0.734266 1.10252 
0.156501 0.269755 0.380491 0.642381 0.734266 1.10252 
0.156501 0.269755 0.380491 0.642381 0.734266 1.10252 
0.156501 0.269755 0.380491 0.642381 0.734266 1.10252 
0.156501 0.269755 0.380491 0.642381 0.734266 1.10252 
0.156501 0.269755 0.380491 0.642381 0.734266 1.10252 
0.156501 0.269755 0.380491 0.642381 0.734266 1.10252 
0.156501 0.269755 0.380491 0.642381 0.734266 1.10252 
0.156501 0.269755 0.380491 0.642381 0.734266 1.10252 
0.156501 0.269755 0.380491 0.642381 0.734266 1.10252 
0.156501 0.269755 0.380491 0.642381 0.734266 1.10252 
