2.7753 3.07971 4.17388 4.292 4.6733 5.16354 
2.7753 3.07971 3.19231 4.17388 4.292 4.39774 
2.39581 2.7753 2.81035 3.07971 3.19231 3.90982 
2.39581 2.7753 2.81035 3.07971 3.19231 3.39324 
0.777996 2.39581 2.7753 2.81035 3.07971 3.19231 
0.777996 2.39581 2.68362 2.7753 2.81035 3.07971 
0.777996 2.39581 2.68362 2.7753 2.81035 3.07971 
0.777996 2.39581 2.68362 2.7753 2.81035 3.07971 
0.777996 2.39581 2.68362 2.7753 2.81035 3.07971 
0.777996 2.39581 2.68362 2.7753 2.81035 3.07971 
0.777996 2.39581 2.68362 2.7753 2.81035 3.07971 
0.777996 2.39581 2.68362 2.70157 2.73471 2.7753 
0.777996 1.95965 2.39581 2.68362 2.70157 2.73471 
0.777996 1.95965 2.39581 2.68362 2.70157 2.73471 
0.777996 1.95965 2.39581 2.68362 2.70157 2.73471 
0.777996 1.95965 2.39581 2.68362 2.70157 2.73471 
0.777996 1.95965 2.39581 2.68362 2.70157 2.73471 
0.777996 1.95965 2.39581 2.68362 2.70157 2.73471 
0.777996 1.95965 2.39581 2.68362 2.70157 2.73471 
0.777996 1.59437 1.63196 1.95965 2.39581 2.68362 
0.777996 1.59437 1.63196 1.95965 2.37105 2.39581 
0.777996 1.59437 1.63196 1.95965 2.37105 2.39581 
0.777996 1.59437 1.63196 1.93085 1.95965 2.37105 
0.777996 1.59437 1.63196 1.93085 1.95965 2.37105 
0.777996 1.59437 1.63196 1.93085 1.95965 2.09473 
0.777996 1.59437 1.63196 1.93085 1.95965 2.09473 
0.777996 1.59437 1.63196 1.90157 1.93085 1.95965 
0.777996 0.798626 1.59437 1.63196 1.90157 1.93085 
0.777996 0.798626 1.59437 1.63196 1.90157 1.91112 
0.334693 0.777996 0.798626 1.59437 1.63196 1.90157 
0.334693 0.777996 0.798626 1.41365 1.59437 1.63196 
0.334693 0.777996 0.798626 1.41365 1.59437 1.63196 
0.334693 0.777996 0.798626 1.41365 1.59437 1.63196 
0.334693 0.777996 0.798626 0.98144 1.41365 1.59437 
0.147596 0.334693 0.363673 0.777996 0.798626 0.98144 
0.147596 0.334693 0.363673 0.777996 0.798626 0.98144 
0.147596 0.334693 0.363673 0.777996 0.798626 0.98144 
0.147596 0.334693 0.363673 0.777996 0.798626 0.98144 
0.0604692 0.147596 0.334693 0.363673 0.777996 0.798626 
0.0604692 0.147596 0.334693 0.363673 0.777996 0.798626 
0.0604692 0.147596 0.334693 0.363673 0.777996 0.798626 
0.0604692 0.147596 0.334693 0.363673 0.777996 0.798626 
0.0604692 0.147596 0.334693 0.363673 0.616851 0.777996 
0.0604692 0.147596 0.334693 0.363673 0.616851 0.774892 
0.0604692 0.147596 0.334693 0.363673 0.456821 0.520052 
0.0604692 0.147596 0.334693 0.363673 0.456821 0.485483 
0.0604692 0.147596 0.334693 0.363673 0.456821 0.485483 
0.0604692 0.147596 0.334693 0.363673 0.456821 0.485483 
0.0604692 0.147596 0.334693 0.363673 0.456821 0.485483 
0.0604692 0.147596 0.334693 0.363673 0.456821 0.485483 
0.0604692 0.147596 0.334693 0.363673 0.456821 0.485483 
0.0604692 0.147596 0.334693 0.363673 0.456821 0.485483 
0.0604692 0.147596 0.334693 0.363673 0.456821 0.485483 
0.0604692 0.147596 0.334693 0.363673 0.456821 0.485483 
0.0604692 0.147596 0.334693 0.363673 0.456821 0.485483 
0.0604692 0.147596 0.334693 0.363673 0.456821 0.485483 
0.0604692 0.147596 0.334693 0.363673 0.456821 0.485483 
0.0604692 0.147596 0.334693 0.363673 0.456821 0.485483 
0.0604692 0.147596 0.334693 0.363673 0.456821 0.485483 
0.0604692 0.147596 0.334693 0.363673 0.456821 0.485483 
0.0604692 0.147596 0.334693 0.363673 0.456821 0.485483 
0.0604692 0.147596 0.334693 0.363673 0.456821 0.485483 
0.0604692 0.147596 0.334693 0.363673 0.456821 0.485483 
0.0604692 0.147596 0.334693 0.363673 0.456821 0.485483 
0.0604692 0.147596 0.334693 0.363673 0.456821 0.485483 
0.0604692 0.147596 0.334693 0.363673 0.456821 0.485483 
0.0604692 0.147596 0.334693 0.363673 0.456821 0.485483 
0.0604692 0.147596 0.334693 0.363673 0.456821 0.485483 
0.0604692 0.147596 0.334693 0.363673 0.456821 0.485483 
0.0604692 0.147596 0.334693 0.363673 0.456821 0.485483 
0.0604692 0.147596 0.334693 0.363673 0.456821 0.485483 
0.0604692 0.147596 0.334693 0.363673 0.456821 0.485483 
0.0604692 0.147596 0.334693 0.363673 0.456821 0.485483 
0.0604692 0.147596 0.334693 0.363673 0.456821 0.485483 
0.0604692 0.147596 0.334693 0.363673 0.456821 0.485483 
0.0604692 0.147596 0.334693 0.363673 0.456821 0.485483 
0.0604692 0.147596 0.334693 0.363673 0.456821 0.485483 
0.0604692 0.147596 0.334693 0.363673 0.456821 0.485483 
0.0604692 0.147596 0.334693 0.363673 0.456821 0.485483 
0.0604692 0.147596 0.334693 0.363673 0.456821 0.485483 
0.0604692 0.147596 0.334693 0.363673 0.456821 0.485483 
0.0604692 0.147596 0.334693 0.363673 0.456821 0.485483 
0.0604692 0.147596 0.334693 0.363673 0.456821 0.485483 
0.0604692 0.147596 0.334693 0.363673 0.456821 0.485483 
0.0604692 0.147596 0.334693 0.363673 0.416532 0.456821 
0.0604692 0.147596 0.334693 0.363673 0.416532 0.456821 
0.0604692 0.147596 0.334693 0.363673 0.416532 0.456821 
0.0604692 0.147596 0.334693 0.363673 0.416532 0.456821 
0.0604692 0.147596 0.334693 0.363673 0.416532 0.456821 
0.0604692 0.147596 0.334693 0.363673 0.395101 0.416532 
0.0604692 0.147596 0.334693 0.363342 0.363673 0.395101 
0.0604692 0.147596 0.307212 0.334693 0.363342 0.363673 
0.0604692 0.147596 0.307212 0.334693 0.363342 0.363673 
0.0604692 0.147596 0.307212 0.334693 0.363342 0.363673 
0.0604692 0.147596 0.307212 0.334693 0.363342 0.363673 
0.0604692 0.147596 0.307212 0.334693 0.363342 0.363673 
0.0604692 0.147596 0.307212 0.334693 0.363342 0.363673 
0.0604692 0.147596 0.26039 0.307212 0.334693 0.363342 
0.0604692 0.147596 0.26039 0.307212 0.334693 0.363342 
0.0604692 0.147596 0.26039 0.307212 0.334693 0.363342 
