4.07541 4.18726 6.80354 6.86628 8.13951 8.33117 
4.07541 4.14027 4.18726 6.80354 6.86628 7.78386 
4.07541 4.14027 4.18726 6.80354 6.86628 7.78386 
4.07541 4.14027 4.18726 6.21236 6.80354 6.86628 
3.25342 4.07541 4.14027 4.16263 4.18726 5.51642 
3.04189 3.25342 4.07541 4.14027 4.16263 4.18726 
3.04189 3.25342 3.8671 4.07541 4.14027 4.16263 
3.04189 3.25342 3.8671 4.07541 4.14027 4.16263 
3.04189 3.05303 3.25342 3.27835 3.8671 4.07541 
3.04189 3.05303 3.25342 3.27835 3.8671 4.07541 
3.04189 3.05303 3.25342 3.27835 3.86177 3.8671 
3.04189 3.05303 3.25342 3.27835 3.86177 3.8671 
3.04189 3.05303 3.13892 3.25342 3.27835 3.72911 
3.04189 3.05303 3.13892 3.25342 3.27835 3.37454 
3.04189 3.05303 3.13892 3.25342 3.27835 3.35883 
2.66797 3.04189 3.05303 3.13892 3.25342 3.27835 
2.66797 3.04189 3.05303 3.13892 3.25342 3.27835 
2.66797 3.04189 3.05303 3.13892 3.25342 3.27835 
2.66797 2.92988 3.04189 3.05303 3.13892 3.25342 
2.66797 2.92988 3.04189 3.05303 3.07494 3.13892 
2.66797 2.6761 2.92988 3.04189 3.05303 3.07494 
0.755367 2.66797 2.6761 2.92988 3.04189 3.05303 
0.755367 2.66797 2.6761 2.89791 2.92988 3.04189 
0.755367 2.66797 2.6761 2.89791 2.92988 2.99612 
0.755367 2.66797 2.6761 2.89791 2.92988 2.99612 
0.755367 2.29585 2.66797 2.6761 2.89791 2.92988 
0.755367 2.29585 2.66797 2.6761 2.85645 2.89791 
0.755367 2.29585 2.66797 2.6761 2.84375 2.85645 
0.755367 1.66969 1.90167 2.29585 2.66797 2.6761 
0.755367 1.20216 1.48548 1.66969 1.70035 1.90167 
0.755367 1.20216 1.48548 1.66969 1.70035 1.90167 
0.755367 1.20216 1.48548 1.5065 1.66969 1.70035 
0.755367 1.20216 1.48548 1.5065 1.66969 1.70035 
0.755367 1.20216 1.48548 1.5065 1.53237 1.66969 
0.755367 1.20216 1.48548 1.5065 1.53237 1.66969 
0.755367 1.20216 1.48548 1.5065 1.53237 1.66969 
0.755367 1.20216 1.48548 1.5065 1.53237 1.66969 
0.755367 1.20216 1.48548 1.5065 1.53237 1.66969 
0.755367 1.20216 1.48548 1.5065 1.53237 1.66969 
0.755367 1.18118 1.20216 1.48548 1.5065 1.53237 
0.755367 1.18118 1.20216 1.48548 1.5065 1.53237 
0.755367 1.18118 1.20216 1.48548 1.5065 1.53237 
0.755367 1.18118 1.2013 1.20216 1.48548 1.5065 
0.755367 1.18118 1.2013 1.20216 1.48548 1.5065 
0.0387728 0.755367 1.18118 1.2013 1.20216 1.48548 
0.0387728 0.755367 1.18118 1.2013 1.20216 1.48548 
0.0387728 0.755367 1.18118 1.2013 1.20216 1.48548 
0.0387728 0.755367 1.18118 1.2013 1.20216 1.48548 
0.0387728 0.755367 1.18118 1.2013 1.20216 1.48548 
0.0387728 0.755367 1.18118 1.2013 1.20216 1.48548 
0.0387728 0.755367 1.18118 1.2013 1.20216 1.26024 
0.0387728 0.755367 1.18118 1.2013 1.20216 1.26024 
0.0387728 0.755367 1.18118 1.2013 1.20216 1.26024 
0.0387728 0.755367 1.18118 1.18824 1.2013 1.20216 
0.0387728 0.755367 1.18118 1.18824 1.2013 1.20216 
0.0387728 0.276503 0.755367 1.09517 1.18118 1.18824 
0.0387728 0.276503 0.616569 0.755367 1.09517 1.18118 
0.0387728 0.276503 0.616569 0.755367 1.09517 1.18118 
0.0387728 0.276503 0.616569 0.755367 1.0061 1.09517 
0.0387728 0.276503 0.616569 0.755367 1.0061 1.09517 
0.0387728 0.276503 0.616569 0.755367 1.0061 1.09517 
0.0387728 0.276503 0.616569 0.755367 1.0061 1.09517 
0.0387728 0.276503 0.616569 0.755367 1.0061 1.09517 
0.0387728 0.276503 0.616569 0.755367 1.0061 1.09517 
0.0387728 0.276503 0.616569 0.755367 1.0061 1.09517 
0.0387728 0.138259 0.276503 0.616569 0.755367 1.0061 
0.0387728 0.138259 0.276503 0.616569 0.755367 1.0061 
0.0387728 0.138259 0.276503 0.616569 0.732841 0.755367 
0.0387728 0.138259 0.276503 0.616569 0.732841 0.755367 
0.0387728 0.138259 0.276503 0.616569 0.732841 0.755367 
0.0387728 0.138259 0.276503 0.616569 0.732841 0.755367 
0.0387728 0.138259 0.276503 0.616569 0.732841 0.755367 
0.0387728 0.138259 0.276503 0.616569 0.732841 0.755367 
0.0387728 0.138259 0.276503 0.616569 0.732841 0.755367 
0.0387728 0.138259 0.276503 0.616569 0.732841 0.755367 
0.0387728 0.138259 0.276503 0.616569 0.732841 0.755367 
0.0387728 0.138259 0.276503 0.616569 0.732841 0.755367 
0.0387728 0.138259 0.276503 0.616569 0.732841 0.755367 
0.0387728 0.138259 0.276503 0.616569 0.732841 0.755367 
0.0387728 0.138259 0.276503 0.616569 0.732841 0.755367 
0.0387728 0.138259 0.276503 0.616569 0.732841 0.755367 
0.0387728 0.138259 0.276503 0.616569 0.732841 0.755367 
0.0387728 0.138259 0.276503 0.616569 0.732841 0.755367 
0.0387728 0.138259 0.276503 0.616569 0.732841 0.755367 
0.0387728 0.138259 0.276503 0.616569 0.732841 0.755367 
0.0387728 0.138259 0.276503 0.616569 0.732841 0.755367 
0.0387728 0.138259 0.276503 0.616569 0.732841 0.755367 
0.0387728 0.138259 0.276503 0.616569 0.732841 0.755367 
0.0387728 0.138259 0.276503 0.616569 0.732841 0.755367 
0.0387728 0.138259 0.276503 0.616569 0.732841 0.755367 
0.0387728 0.138259 0.276503 0.616569 0.732841 0.755367 
0.0387728 0.138259 0.276503 0.616569 0.732841 0.755367 
0.0387728 0.138259 0.276503 0.616569 0.732841 0.755367 
0.0387728 0.138259 0.276503 0.616569 0.732841 0.755367 
0.0387728 0.138259 0.276503 0.616569 0.732841 0.755367 
0.0387728 0.138259 0.276503 0.616569 0.732841 0.755367 
0.0387728 0.138259 0.276503 0.616569 0.732841 0.755367 
0.0387728 0.138259 0.276503 0.616569 0.732841 0.755367 
0.0387728 0.138259 0.276503 0.616569 0.732841 0.755367 
0.0387728 0.138259 0.276503 0.616569 0.732841 0.755367 
