3.33558 4.44026 4.47892 5.72374 7.50141 7.65983 
3.33558 4.44026 4.47892 4.577 5.04801 5.72374 
3.33558 4.44026 4.47892 4.577 5.04801 5.72374 
3.33558 4.44026 4.47892 4.577 5.04801 5.72374 
3.33558 4.44026 4.47892 4.577 5.04801 5.72374 
3.33558 4.30511 4.44026 4.47892 4.577 5.04801 
3.33558 4.30511 4.44026 4.47892 4.577 5.04801 
3.33558 4.30511 4.44026 4.47892 4.577 5.04801 
3.33558 4.30511 4.44026 4.47892 4.577 5.04801 
2.97356 3.33558 4.26001 4.30511 4.44026 4.47892 
2.97356 3.33558 4.26001 4.30511 4.44026 4.47892 
2.97356 3.15994 3.33558 4.26001 4.30511 4.44026 
2.97356 3.15994 3.33558 4.26001 4.30511 4.44026 
2.97356 3.15994 3.33558 4.26001 4.30511 4.44026 
2.97356 3.15994 3.33558 4.10194 4.1921 4.26001 
2.97356 3.15994 3.33558 4.10194 4.1921 4.26001 
2.97356 3.15994 3.33558 4.10194 4.1921 4.26001 
2.97356 3.15994 3.33558 4.10194 4.1921 4.26001 
2.97356 3.15994 3.33558 4.10194 4.1921 4.26001 
2.97356 3.15994 3.33558 4.10194 4.1921 4.26001 
0.885346 2.97356 3.15994 3.33558 4.10194 4.1921 
0.885346 2.97356 3.15994 3.33558 3.34037 4.10194 
0.885346 2.97356 3.15994 3.33558 3.34037 3.37654 
0.885346 2.97356 3.15994 3.33558 3.34037 3.37654 
0.885346 2.97356 3.15994 3.21417 3.33558 3.34037 
0.885346 2.97356 3.15994 3.21417 3.33558 3.34037 
0.885346 2.97356 3.1594 3.15994 3.21417 3.33558 
0.885346 2.97356 3.14086 3.1594 3.15994 3.21417 
0.885346 2.97356 3.14086 3.1594 3.15994 3.21417 
0.885346 2.97356 3.11199 3.14086 3.1594 3.15994 
0.885346 2.57542 2.81866 2.97356 3.11199 3.14086 
0.885346 2.57542 2.64014 2.81866 2.97356 3.11199 
0.885346 2.57542 2.64014 2.81866 2.97356 3.11199 
0.885346 2.48115 2.57542 2.64014 2.81866 2.97356 
0.885346 2.48115 2.57542 2.64014 2.73451 2.81866 
0.885346 2.48115 2.57542 2.64014 2.73451 2.81866 
0.885346 1.6162 1.82874 2.48115 2.57542 2.64014 
0.885346 1.47739 1.6162 1.82874 2.12823 2.48115 
0.885346 1.47739 1.6162 1.82874 2.12823 2.48115 
0.885346 1.47739 1.6162 1.82874 2.12823 2.48115 
0.885346 1.47739 1.5814 1.6162 1.82874 2.12823 
0.485541 0.885346 1.47739 1.5814 1.6162 1.82874 
0.485541 0.885346 1.47739 1.5814 1.6162 1.82874 
0.485541 0.885346 1.47739 1.5814 1.6162 1.82874 
0.485541 0.885346 1.47739 1.5814 1.6162 1.82874 
0.485541 0.885346 1.47739 1.5814 1.6162 1.82874 
0.485541 0.885346 1.47739 1.5814 1.6162 1.82874 
0.485541 0.885346 1.47739 1.5814 1.6162 1.82874 
0.485541 0.885346 1.47739 1.5814 1.6162 1.82874 
0.485541 0.885346 1.47739 1.5814 1.6162 1.82874 
0.485541 0.885346 1.20376 1.47739 1.5814 1.6162 
0.485541 0.885346 1.20376 1.47739 1.5814 1.6162 
0.485541 0.885346 1.20376 1.47739 1.5814 1.6162 
0.485541 0.885346 1.20376 1.47739 1.5814 1.6162 
0.485541 0.885346 1.20376 1.47739 1.5814 1.6162 
0.485541 0.885346 1.20376 1.47739 1.5814 1.6162 
0.485541 0.885346 1.20376 1.47739 1.5814 1.6162 
0.485541 0.885346 1.20376 1.47739 1.5814 1.6162 
0.485541 0.885346 1.20376 1.47739 1.5814 1.6162 
0.485541 0.885346 1.20376 1.47739 1.5814 1.6162 
0.485541 0.885346 1.20376 1.47739 1.5814 1.6162 
0.485541 0.885346 1.20376 1.47739 1.5814 1.6162 
0.485541 0.885346 1.20376 1.3806 1.47739 1.5814 
0.485541 0.885346 1.20376 1.3806 1.47739 1.5814 
0.485541 0.885346 1.20376 1.3806 1.47739 1.5814 
0.485541 0.885346 1.20376 1.3806 1.47739 1.5814 
0.485541 0.885346 1.20376 1.3806 1.47739 1.5814 
0.485541 0.885346 1.20376 1.3806 1.47739 1.5814 
0.485541 0.885346 1.20376 1.26052 1.3806 1.47739 
0.485541 0.885346 1.20376 1.26052 1.3806 1.47739 
0.485541 0.885346 1.20376 1.26052 1.3806 1.47739 
0.485541 0.885346 1.20376 1.26052 1.3806 1.47739 
0.485541 0.885346 1.20376 1.26052 1.3806 1.47739 
0.485541 0.885346 1.20376 1.26052 1.3806 1.47739 
0.485541 0.885346 1.20376 1.26052 1.3806 1.47739 
0.485541 0.885346 1.20376 1.26052 1.3806 1.47739 
0.485541 0.885346 1.20376 1.26052 1.3806 1.47739 
0.485541 0.885346 1.20376 1.26052 1.3806 1.47739 
0.485541 0.885346 1.20376 1.26052 1.3806 1.47739 
0.485541 0.885346 1.20376 1.26052 1.3806 1.46175 
0.485541 0.885346 1.20376 1.26052 1.3806 1.46175 
0.485541 0.885346 1.20376 1.26052 1.3806 1.46175 
0.485541 0.885346 1.20376 1.26052 1.3806 1.46175 
0.485541 0.885346 1.20376 1.26052 1.3806 1.46175 
0.485541 0.885346 1.20376 1.26052 1.3806 1.46175 
0.485541 0.885346 1.20376 1.26052 1.3806 1.46175 
0.485541 0.885346 1.20376 1.26052 1.3806 1.46175 
0.485541 0.885346 1.20376 1.26052 1.3806 1.46175 
0.485541 0.885346 1.20376 1.26052 1.3806 1.39599 
0.485541 0.885346 1.20376 1.26052 1.3806 1.39599 
0.485541 0.885346 1.20376 1.26052 1.37245 1.3806 
0.485541 0.885346 1.03989 1.04603 1.20376 1.24451 
0.485541 0.885346 1.03989 1.04603 1.14125 1.20376 
0.485541 0.885346 1.03989 1.04603 1.14125 1.20376 
0.485541 0.885346 1.03989 1.04603 1.14125 1.20376 
0.485541 0.885346 1.03989 1.04603 1.14125 1.20376 
0.485541 0.860759 0.885346 1.03989 1.04603 1.14125 
0.485541 0.860759 0.885346 1.03989 1.04603 1.14125 
0.485541 0.860759 0.885346 1.03989 1.04603 1.14125 
0.485541 0.860759 0.885346 1.03989 1.04603 1.14125 
