3.73905 5.7241 6.51712 7.87581 7.88265 8.82267 
3.73905 5.7241 6.38618 6.51712 6.67149 7.59248 
3.62014 3.73905 5.7241 6.38618 6.51712 6.67149 
3.62014 3.73905 5.7241 6.02543 6.38618 6.51712 
3.62014 3.73905 5.7241 6.02543 6.38618 6.51712 
3.62014 3.73905 5.7241 6.02543 6.23597 6.38618 
2.95923 3.62014 3.73905 5.7241 6.02543 6.23597 
2.95923 3.62014 3.73905 5.7241 5.89248 6.02543 
2.95923 3.10515 3.62014 3.73905 5.48802 5.7241 
2.25501 2.95923 3.10515 3.62014 3.73905 5.31143 
2.25501 2.95923 3.10515 3.62014 3.73905 4.81314 
2.25501 2.95923 3.10515 3.62014 3.73905 4.81314 
2.25501 2.95923 3.10515 3.62014 3.73905 4.81314 
2.25501 2.95923 3.10515 3.62014 3.73905 4.49534 
2.25501 2.95923 3.10515 3.62014 3.73905 4.49534 
2.25501 2.95923 3.10515 3.29669 3.62014 3.73905 
2.25501 2.93597 2.95923 3.10515 3.29669 3.62014 
2.25501 2.93597 2.95923 3.10515 3.29669 3.62014 
2.25501 2.93597 2.95923 3.10515 3.29669 3.62014 
2.25501 2.93597 2.95923 3.10515 3.29669 3.62014 
2.25501 2.93597 2.95923 3.10515 3.29669 3.62014 
2.25501 2.79586 2.93597 2.95923 3.00329 3.10515 
2.25501 2.79586 2.93597 2.95923 3.00329 3.10515 
1.83912 2.25501 2.79586 2.93597 2.95923 3.00329 
1.83912 1.96841 2.25501 2.79586 2.93597 2.95923 
0.0621883 1.83912 1.96841 2.25501 2.79586 2.93597 
0.0621883 1.83912 1.96841 2.25501 2.50484 2.79586 
0.0621883 1.83912 1.96841 2.25501 2.50484 2.79586 
0.0621883 1.83912 1.96841 2.25501 2.50484 2.79586 
0.0621883 1.83912 1.96841 2.25501 2.50484 2.79586 
0.0621883 0.886966 1.83912 1.96841 2.25501 2.50484 
0.0621883 0.886966 1.83912 1.96841 2.25501 2.50484 
0.0621883 0.886966 1.83912 1.96841 2.25501 2.50484 
0.0621883 0.886966 1.83912 1.96841 2.25501 2.34776 
0.0621883 0.886966 1.59565 1.83912 1.96841 2.25501 
0.0621883 0.886966 1.49289 1.59565 1.83912 1.96841 
0.0621883 0.886966 1.25127 1.49289 1.59565 1.83912 
0.0621883 0.886966 1.25127 1.49289 1.59565 1.83912 
0.0621883 0.886966 1.25127 1.49289 1.59565 1.83912 
0.0621883 0.886966 1.25127 1.49289 1.59565 1.83912 
0.0621883 0.886966 1.25127 1.49289 1.59565 1.83912 
0.0621883 0.886966 0.892462 1.25127 1.49289 1.59565 
0.0621883 0.886966 0.892462 1.25127 1.49289 1.59565 
0.0621883 0.886966 0.892462 1.25127 1.49289 1.59565 
0.0621883 0.886966 0.892462 1.25127 1.49289 1.59565 
0.0621883 0.886966 0.892462 1.25127 1.49289 1.59565 
0.0621883 0.857652 0.886966 0.892462 1.06618 1.25127 
0.0621883 0.857652 0.886966 0.892462 1.06618 1.25127 
0.0621883 0.857652 0.886966 0.892462 1.06618 1.25127 
0.0621883 0.857652 0.886966 0.892462 1.06618 1.25127 
0.0621883 0.857652 0.886966 0.892462 1.06618 1.25127 
0.0621883 0.857652 0.886966 0.892462 1.06618 1.25127 
0.0621883 0.857652 0.886966 0.892462 1.06618 1.25127 
0.0621883 0.857652 0.886966 0.892462 1.06618 1.25127 
0.0621883 0.857652 0.886966 0.892462 1.06618 1.25127 
0.0621883 0.857652 0.886966 0.892462 1.06618 1.25127 
0.0621883 0.857652 0.886966 0.892462 1.06618 1.25127 
0.0621883 0.857652 0.886966 0.892462 1.06618 1.25127 
0.0621883 0.857652 0.886966 0.892462 1.06618 1.25127 
0.0621883 0.857652 0.886966 0.892462 1.06618 1.25127 
0.0621883 0.857652 0.886966 0.892462 1.06618 1.25127 
0.0621883 0.857652 0.886966 0.892462 1.06618 1.25127 
0.0621883 0.857652 0.886966 0.892462 1.06618 1.25127 
0.0621883 0.857652 0.886966 0.892462 1.06618 1.25127 
0.0621883 0.706493 0.857652 0.886966 0.892462 1.06618 
0.0621883 0.706493 0.857652 0.886966 0.892462 1.06618 
0.0621883 0.706493 0.857652 0.886966 0.892462 1.06618 
0.0621883 0.706493 0.857652 0.886966 0.892462 1.06618 
0.0621883 0.706493 0.857652 0.886966 0.892462 1.06618 
0.0621883 0.706493 0.857652 0.886966 0.892462 1.06618 
0.0621883 0.706493 0.857652 0.886966 0.892462 1.06618 
0.0621883 0.706493 0.857652 0.886966 0.892462 1.06618 
0.0621883 0.706493 0.857652 0.886966 0.892462 1.06618 
0.0621883 0.706493 0.857652 0.886966 0.892462 1.06618 
0.0621883 0.706493 0.857652 0.886966 0.892462 1.06618 
0.0621883 0.706493 0.857652 0.886966 0.892462 1.06618 
0.0621883 0.706493 0.857652 0.886966 0.892462 1.06618 
0.0621883 0.706493 0.857652 0.886966 0.892462 1.06618 
0.0621883 0.706493 0.857652 0.886966 0.892462 1.01253 
0.0621883 0.706493 0.857652 0.886966 0.892462 1.01253 
0.0621883 0.706493 0.857652 0.886966 0.892462 1.01253 
0.0621883 0.706493 0.857652 0.886966 0.892462 1.01253 
0.0621883 0.706493 0.857652 0.886966 0.892462 1.01253 
0.0621883 0.706493 0.857652 0.886966 0.892462 1.01253 
0.0621883 0.706493 0.757067 0.857652 0.886966 0.892462 
0.0621883 0.706493 0.757067 0.857652 0.886966 0.892462 
0.0621883 0.706493 0.757067 0.857652 0.886966 0.892462 
0.0621883 0.706493 0.718534 0.757067 0.857652 0.886966 
0.0621883 0.706493 0.718534 0.757067 0.857652 0.886966 
0.0621883 0.420525 0.540156 0.706493 0.718534 0.757067 
0.0621883 0.420525 0.540156 0.706493 0.718534 0.757067 
0.0621883 0.420525 0.540156 0.706493 0.718534 0.757067 
0.0621883 0.420525 0.540156 0.706493 0.718534 0.757067 
0.0621883 0.420525 0.540156 0.706493 0.718534 0.757067 
0.0621883 0.420525 0.540156 0.706493 0.718534 0.757067 
0.0621883 0.420525 0.540156 0.706493 0.718534 0.757067 
0.0621883 0.420525 0.540156 0.706493 0.715421 0.718534 
0.0621883 0.240638 0.420525 0.540156 0.706493 0.715421 
0.0621883 0.240638 0.420525 0.540156 0.706493 0.715421 
0.0621883 0.240638 0.420525 0.540156 0.706493 0.715421 
