3.48284 3.59375 3.90567 4.3941 4.74931 5.04103 
3.48284 3.59375 3.84902 3.90567 3.9761 4.3941 
3.48284 3.59375 3.6239 3.84902 3.90567 3.9761 
3.25826 3.48284 3.59375 3.6239 3.84902 3.90567 
3.25826 3.3118 3.48284 3.59375 3.6239 3.65195 
3.25826 3.3118 3.48284 3.59375 3.6239 3.65195 
3.25826 3.3118 3.48284 3.57201 3.59375 3.6239 
1.48705 3.25826 3.3118 3.48284 3.57201 3.59375 
1.48705 3.16669 3.25826 3.3118 3.48284 3.57201 
1.48705 3.16669 3.25826 3.3118 3.48284 3.57201 
1.48705 3.16669 3.25826 3.3118 3.3554 3.48284 
1.36998 1.48705 3.16669 3.25826 3.3118 3.3554 
1.36998 1.48705 3.16669 3.25826 3.3118 3.3554 
1.36998 1.48705 1.77463 3.09324 3.16669 3.2378 
1.36998 1.48705 1.77463 2.3854 3.09324 3.16669 
1.36998 1.48705 1.77463 2.3854 3.09324 3.11215 
1.36998 1.48705 1.77463 2.3854 3.09324 3.11215 
1.36998 1.48705 1.77463 2.3854 2.60615 3.09324 
1.36998 1.48705 1.77463 2.3854 2.60615 2.8184 
1.36998 1.48705 1.77463 2.3854 2.53746 2.60615 
1.36998 1.48705 1.77463 1.81668 2.3854 2.51487 
1.18795 1.36998 1.48705 1.77463 1.81668 2.3854 
1.18795 1.36998 1.48705 1.77463 1.81668 1.85861 
1.18795 1.36998 1.48705 1.77463 1.81668 1.85861 
1.18795 1.36998 1.48705 1.77463 1.81668 1.85861 
1.18795 1.36998 1.48705 1.77463 1.81668 1.85861 
1.03384 1.18795 1.36998 1.48705 1.77463 1.81668 
1.03384 1.18795 1.36998 1.48705 1.77463 1.81668 
1.03384 1.18795 1.36998 1.48705 1.77463 1.81668 
1.03384 1.18795 1.36998 1.45675 1.48705 1.77463 
1.03384 1.18795 1.36998 1.45675 1.48705 1.50547 
1.03384 1.18795 1.36998 1.45675 1.48705 1.50547 
1.03384 1.18795 1.36998 1.45675 1.48705 1.50547 
1.03384 1.18795 1.36998 1.45675 1.48705 1.50547 
1.03384 1.18795 1.36998 1.45675 1.48705 1.50547 
1.03384 1.18795 1.36998 1.45675 1.48705 1.50547 
1.03384 1.18795 1.36998 1.45675 1.48705 1.50547 
1.03384 1.18795 1.36998 1.45675 1.48705 1.50547 
1.03384 1.18795 1.36998 1.45675 1.48705 1.50547 
1.03384 1.18795 1.36998 1.45675 1.48705 1.50547 
1.03384 1.18795 1.36998 1.45675 1.48705 1.50547 
1.03384 1.18795 1.36998 1.45675 1.48705 1.50547 
1.03384 1.18795 1.36998 1.45675 1.48705 1.50547 
1.03384 1.18795 1.36998 1.45675 1.48705 1.50547 
1.03384 1.18795 1.36998 1.45675 1.48705 1.50547 
1.03384 1.18795 1.36998 1.45675 1.48705 1.50547 
1.03384 1.18795 1.36998 1.45675 1.48705 1.50547 
1.03384 1.18795 1.36998 1.45675 1.48705 1.50547 
1.03384 1.18795 1.36998 1.45675 1.48705 1.50547 
1.03384 1.18795 1.36998 1.45675 1.48705 1.50547 
1.03384 1.18795 1.36998 1.45675 1.48705 1.50547 
1.03384 1.18795 1.36998 1.45675 1.48705 1.50547 
1.03384 1.18795 1.36998 1.45675 1.48705 1.50547 
1.03384 1.18795 1.36998 1.45675 1.48705 1.50547 
1.03384 1.18795 1.36998 1.45675 1.48705 1.50547 
1.03384 1.18795 1.36998 1.45675 1.48705 1.50547 
1.03384 1.18795 1.36998 1.45675 1.48705 1.50547 
1.03384 1.18795 1.36998 1.45675 1.48705 1.50547 
1.03384 1.18795 1.36998 1.45675 1.48705 1.50547 
1.03384 1.18795 1.36998 1.45675 1.48705 1.50547 
1.03384 1.18795 1.36998 1.42715 1.45675 1.48073 
1.03384 1.18795 1.36998 1.42715 1.45675 1.48073 
1.03384 1.18795 1.36998 1.42715 1.45675 1.48073 
1.03384 1.18795 1.36998 1.42715 1.45675 1.48073 
1.03384 1.18795 1.36998 1.42715 1.45675 1.48073 
1.03384 1.18795 1.36998 1.42715 1.45675 1.48073 
1.03384 1.18795 1.36998 1.37626 1.39193 1.42715 
1.03384 1.18795 1.36998 1.37626 1.39193 1.42715 
1.03384 1.11423 1.18795 1.32414 1.36998 1.37626 
1.03384 1.11423 1.18795 1.30927 1.32414 1.36998 
1.03384 1.08227 1.11423 1.18795 1.30927 1.32414 
1.03384 1.08227 1.11423 1.18795 1.30927 1.32414 
1.03384 1.08227 1.11423 1.18795 1.30927 1.32414 
0.918628 1.03384 1.08227 1.11423 1.18795 1.30582 
0.918628 1.03384 1.08227 1.11423 1.18795 1.18846 
0.918628 1.03384 1.08227 1.11423 1.18795 1.18846 
0.918628 0.952019 1.03384 1.08032 1.08227 1.11423 
0.838572 0.918628 0.952019 1.03384 1.08032 1.08227 
0.838572 0.918628 0.952019 1.03384 1.08032 1.08227 
0.838572 0.918628 0.952019 1.03384 1.08032 1.08227 
0.838572 0.918628 0.952019 1.03384 1.08032 1.08227 
0.606362 0.838572 0.918628 0.952019 1.03384 1.08032 
0.606362 0.838572 0.843046 0.918628 0.952019 1.0056 
0.606362 0.838572 0.843046 0.863842 0.918628 0.952019 
0.606362 0.838572 0.843046 0.862709 0.863842 0.918628 
0.606362 0.838572 0.843046 0.862709 0.863842 0.918628 
0.462557 0.606362 0.838572 0.843046 0.862709 0.863842 
0.462557 0.606362 0.838572 0.843046 0.862709 0.863842 
0.462557 0.606362 0.838572 0.843046 0.862709 0.863842 
0.389924 0.462557 0.606362 0.838572 0.843046 0.862709 
0.389924 0.462557 0.606362 0.838572 0.843046 0.862709 
0.352816 0.389924 0.462557 0.606362 0.838572 0.843046 
0.352816 0.389924 0.397741 0.462557 0.606362 0.838572 
0.352816 0.389924 0.397741 0.462557 0.606362 0.658673 
0.352816 0.389924 0.397741 0.462557 0.533894 0.606362 
0.352816 0.389924 0.397741 0.462557 0.520166 0.533894 
0.352816 0.389924 0.397741 0.462557 0.520166 0.533894 
0.352816 0.389924 0.397741 0.462557 0.520166 0.533894 
0.304354 0.352816 0.389924 0.397741 0.462557 0.520166 
0.304354 0.352816 0.389924 0.397741 0.462557 0.520166 
