2.87948 6.19517 6.50086 6.74712 7.42077 7.56038 
2.87948 5.16911 6.18055 6.19517 6.32167 6.50086 
2.87948 5.16911 6.18055 6.19517 6.32167 6.50086 
2.87948 3.6851 4.25947 5.16911 6.18055 6.19517 
2.87948 3.6851 3.7739 4.25947 5.16911 6.18055 
2.87948 3.6851 3.7739 4.25947 5.16911 6.18055 
2.87948 3.23934 3.6851 3.7739 4.25947 5.16911 
2.87948 3.23934 3.6851 3.7739 4.25947 5.16911 
2.87948 3.23934 3.6851 3.7739 4.25947 5.16911 
2.87948 3.23934 3.6851 3.7739 3.84983 4.25947 
2.87948 3.23934 3.6851 3.7739 3.84983 4.25947 
2.87948 3.23934 3.6851 3.7739 3.84983 4.25947 
2.87948 3.23934 3.6851 3.7739 3.84983 4.25947 
2.87948 3.23934 3.6851 3.7739 3.84983 4.25947 
2.87948 3.23934 3.39066 3.6851 3.7739 3.84983 
2.87948 3.16513 3.23934 3.39066 3.6851 3.7739 
2.87948 3.16513 3.23934 3.39066 3.6851 3.7739 
2.87948 3.16513 3.23934 3.39066 3.6851 3.7739 
2.87948 3.16513 3.23934 3.3379 3.39066 3.6851 
2.87948 3.07461 3.16513 3.23934 3.3379 3.39066 
2.87948 3.07461 3.16513 3.23934 3.3379 3.39066 
2.87948 3.07461 3.16513 3.23934 3.3379 3.39066 
2.85308 2.87948 3.07461 3.16513 3.23934 3.27009 
2.85308 2.87948 3.07461 3.16513 3.23934 3.27009 
2.59424 2.85308 2.87948 3.0643 3.07461 3.16513 
2.59424 2.85308 2.87948 3.0643 3.07461 3.16513 
2.59424 2.85308 2.87948 3.0643 3.07461 3.16513 
2.59424 2.85308 2.87948 3.0643 3.07461 3.16513 
2.59424 2.83709 2.85308 2.87948 3.0643 3.07461 
1.72575 2.59424 2.83709 2.85308 2.87948 3.0643 
1.72575 2.59424 2.83709 2.85308 2.87948 3.0643 
1.72575 2.59424 2.83709 2.85308 2.87948 3.0643 
1.72575 2.59424 2.83709 2.85308 2.87948 3.0643 
1.72575 2.53585 2.59424 2.7901 2.83709 2.85308 
1.72575 2.53585 2.59424 2.6369 2.7901 2.83709 
1.72575 2.53585 2.59424 2.6369 2.7901 2.83709 
1.04738 1.72575 2.53585 2.59424 2.6369 2.7901 
1.04738 1.72575 2.53585 2.59424 2.6369 2.7663 
1.04738 1.72575 2.53585 2.59424 2.6369 2.7663 
1.04738 1.72575 2.53585 2.59424 2.6369 2.7663 
1.04738 1.72575 2.53585 2.59424 2.6369 2.7663 
1.04738 1.72575 2.53585 2.59424 2.6369 2.7663 
1.04738 1.72575 2.53585 2.59424 2.6369 2.7663 
1.04738 1.72575 2.53585 2.59424 2.6369 2.7663 
1.04738 1.72575 2.53585 2.59424 2.6369 2.7663 
1.04738 1.72575 2.53585 2.59424 2.6369 2.7663 
1.04738 1.72575 2.53585 2.59424 2.6369 2.7663 
1.04738 1.72575 2.53585 2.59424 2.6369 2.7663 
1.04738 1.72575 1.74819 2.53585 2.59424 2.6369 
1.04738 1.32453 1.72575 1.74819 2.53585 2.59424 
1.04738 1.32453 1.4373 1.72575 1.74819 1.87076 
1.04738 1.32453 1.4373 1.72575 1.74819 1.87076 
1.04738 1.32453 1.4373 1.72575 1.74819 1.87076 
1.04738 1.32453 1.4373 1.72575 1.74819 1.87076 
1.04738 1.32453 1.4373 1.72575 1.74819 1.87076 
1.04738 1.32453 1.4373 1.72575 1.74819 1.79071 
1.04738 1.32453 1.4373 1.72575 1.74819 1.79071 
1.04738 1.32453 1.4373 1.72575 1.74819 1.79071 
1.04738 1.32453 1.4373 1.72575 1.74819 1.79071 
1.04738 1.32453 1.4373 1.72575 1.74819 1.79071 
1.04738 1.32453 1.4373 1.72575 1.74819 1.79071 
1.04738 1.32453 1.4373 1.72575 1.74819 1.79071 
1.04738 1.32453 1.4373 1.72575 1.74819 1.79071 
1.04738 1.32453 1.4373 1.72575 1.74819 1.79071 
1.04738 1.32453 1.4373 1.72575 1.74819 1.79071 
1.04738 1.32453 1.4373 1.72575 1.74819 1.79071 
1.04738 1.32453 1.4373 1.72575 1.74819 1.79071 
1.04738 1.32453 1.4373 1.72575 1.74819 1.79071 
1.04738 1.32453 1.4373 1.72575 1.74819 1.79071 
1.04738 1.32453 1.4373 1.72575 1.74819 1.79071 
1.04738 1.32453 1.4373 1.72575 1.74819 1.79071 
1.04738 1.32453 1.4373 1.72575 1.74819 1.79071 
1.04738 1.32453 1.4373 1.72575 1.74819 1.79071 
1.04738 1.32453 1.4373 1.72575 1.74819 1.79071 
1.04738 1.32453 1.4373 1.72575 1.74819 1.79071 
1.04738 1.32453 1.4373 1.72575 1.74819 1.79071 
1.04738 1.32453 1.4373 1.72575 1.74819 1.79071 
1.04738 1.32453 1.4373 1.72575 1.74819 1.79071 
1.04738 1.32453 1.4373 1.72575 1.74819 1.79071 
1.04738 1.32453 1.4373 1.72575 1.74819 1.79071 
1.04738 1.32453 1.4373 1.72575 1.74819 1.79071 
1.04738 1.32453 1.4373 1.72575 1.74819 1.79071 
1.04738 1.32453 1.4373 1.72575 1.74819 1.79071 
1.04738 1.32453 1.4373 1.55073 1.72575 1.74819 
1.04738 1.32453 1.4373 1.55073 1.72575 1.74819 
1.04738 1.32453 1.4373 1.55073 1.72575 1.74819 
1.04738 1.32453 1.4373 1.55073 1.72575 1.74819 
1.04738 1.32453 1.4373 1.55073 1.72575 1.7272 
1.04738 1.32453 1.4373 1.55073 1.72575 1.7272 
1.04738 1.32453 1.4373 1.55073 1.72575 1.7272 
0.72415 1.04738 1.20972 1.32453 1.4373 1.55073 
0.72415 1.04738 1.20972 1.32453 1.37 1.39183 
0.72415 1.04738 1.20972 1.32453 1.37 1.39183 
0.72415 1.04738 1.20972 1.32453 1.37 1.39183 
0.72415 1.04738 1.19053 1.20972 1.32453 1.37 
0.72415 1.04738 1.19053 1.20972 1.32453 1.37 
0.72415 1.04738 1.19053 1.20972 1.32453 1.37 
0.72415 1.04738 1.19053 1.20972 1.32453 1.37 
0.72415 1.04738 1.19053 1.20972 1.25216 1.32453 
0.72415 1.04738 1.19053 1.20972 1.25216 1.32453 
