2.88214 3.70054 3.75371 4.26079 4.31914 4.93314 
2.88214 3.70054 3.75371 3.87668 4.26079 4.28406 
2.88214 2.88814 3.70054 3.75371 3.87668 4.26079 
2.88214 2.88814 3.70054 3.70669 3.75371 3.87668 
2.88214 2.88814 3.70054 3.70669 3.75371 3.87668 
2.88214 2.88814 3.70054 3.70669 3.75371 3.76518 
2.11296 2.88214 2.88814 3.22197 3.70054 3.70669 
0.672943 2.11296 2.88214 2.88814 2.88908 3.22197 
0.672943 2.11296 2.59071 2.88214 2.88814 2.88908 
0.672943 2.11296 2.59071 2.88214 2.88814 2.88908 
0.672943 2.11296 2.49676 2.59071 2.88214 2.88814 
0.672943 2.11296 2.49676 2.59071 2.88214 2.88814 
0.312161 0.672943 2.11296 2.49676 2.59071 2.85037 
0.312161 0.672943 2.11296 2.49676 2.59071 2.85037 
0.312161 0.672943 2.11296 2.49676 2.59071 2.85037 
0.312161 0.672943 2.11296 2.49676 2.59071 2.85037 
0.312161 0.672943 1.33888 2.11296 2.49676 2.59071 
0.312161 0.672943 1.33888 1.94735 2.11296 2.49676 
0.312161 0.672943 1.33888 1.94735 2.11296 2.49676 
0.312161 0.672943 0.718298 1.33888 1.94735 2.11296 
0.312161 0.672943 0.718298 1.33888 1.94735 2.11296 
0.312161 0.672943 0.718298 1.10755 1.33888 1.94735 
0.312161 0.672943 0.718298 1.10755 1.33888 1.57747 
0.312161 0.672943 0.718298 1.10755 1.33888 1.50682 
0.312161 0.672943 0.718298 1.10755 1.33888 1.50682 
0.312161 0.672943 0.718298 1.10755 1.33888 1.50682 
0.312161 0.672943 0.718298 1.10755 1.33888 1.50682 
0.312161 0.672943 0.718298 1.10755 1.30064 1.33888 
0.312161 0.672943 0.718298 1.10755 1.30064 1.33888 
0.312161 0.672943 0.718298 1.10755 1.30064 1.33888 
0.312161 0.672943 0.718298 1.10755 1.30064 1.33888 
0.312161 0.672943 0.718298 1.10755 1.30064 1.33888 
0.312161 0.672943 0.718298 1.10755 1.30064 1.33888 
0.312161 0.672943 0.718298 1.10755 1.30064 1.33888 
0.312161 0.672943 0.718298 1.10755 1.30064 1.33888 
0.312161 0.672943 0.718298 1.10755 1.30064 1.33888 
0.312161 0.672943 0.718298 1.10755 1.30064 1.33888 
0.312161 0.672943 0.718298 1.10755 1.30064 1.33888 
0.312161 0.672943 0.718298 1.10755 1.30064 1.33888 
0.312161 0.672943 0.718298 1.10755 1.30064 1.33888 
0.312161 0.672943 0.718298 1.10755 1.30064 1.33888 
0.312161 0.672943 0.718298 1.10755 1.30064 1.33888 
0.312161 0.672943 0.718298 1.10755 1.30064 1.33888 
0.312161 0.672943 0.718298 1.10755 1.30064 1.33888 
0.312161 0.672943 0.718298 1.10755 1.30064 1.33888 
0.312161 0.672943 0.718298 1.10755 1.30064 1.33888 
0.312161 0.672943 0.718298 1.10755 1.30064 1.33888 
0.312161 0.672943 0.718298 1.10755 1.30064 1.33888 
0.312161 0.672943 0.718298 1.10755 1.30064 1.33888 
0.312161 0.672943 0.718298 1.10755 1.30064 1.33888 
0.312161 0.672943 0.718298 1.10755 1.30064 1.33888 
0.312161 0.672943 0.718298 1.10755 1.30064 1.33888 
0.312161 0.672943 0.718298 1.10755 1.30064 1.33888 
0.312161 0.672943 0.718298 1.10755 1.30064 1.33888 
0.312161 0.672943 0.718298 1.10755 1.30064 1.33888 
0.312161 0.672943 0.718298 1.10755 1.30064 1.33888 
0.312161 0.672943 0.718298 1.10755 1.30064 1.33888 
0.312161 0.672943 0.718298 1.10755 1.30064 1.33888 
0.312161 0.672943 0.718298 1.10755 1.30064 1.33888 
0.312161 0.672943 0.718298 1.10755 1.30064 1.33888 
0.312161 0.672943 0.718298 1.10755 1.30064 1.33888 
0.312161 0.672943 0.718298 1.10755 1.30064 1.33888 
0.312161 0.672943 0.718298 1.10755 1.30064 1.33888 
0.312161 0.672943 0.718298 1.10755 1.30064 1.33888 
0.312161 0.672943 0.718298 1.10755 1.30064 1.33888 
0.312161 0.672943 0.718298 1.03165 1.10755 1.30064 
0.312161 0.672943 0.718298 0.99163 1.03165 1.10755 
0.312161 0.672943 0.718298 0.764594 0.99163 1.03165 
0.312161 0.672943 0.718298 0.764594 0.99163 1.03165 
0.312161 0.672943 0.718298 0.764594 0.99163 1.03165 
0.312161 0.672943 0.718298 0.764594 0.955867 0.99163 
0.312161 0.672943 0.718298 0.764594 0.955867 0.99163 
0.312161 0.574802 0.672943 0.718298 0.764594 0.955867 
0.312161 0.574802 0.672943 0.718298 0.764594 0.955867 
0.312161 0.574802 0.672943 0.718298 0.764594 0.955867 
0.312161 0.574802 0.672943 0.718298 0.764594 0.955867 
0.312161 0.540855 0.574802 0.672943 0.718298 0.764594 
0.312161 0.540855 0.574802 0.672943 0.718298 0.764594 
0.312161 0.540855 0.574802 0.672943 0.718298 0.764594 
0.312161 0.540855 0.574802 0.672943 0.718298 0.764594 
0.312161 0.540855 0.574802 0.672943 0.718298 0.764594 
0.312161 0.540855 0.574802 0.672943 0.718298 0.764594 
0.312161 0.540855 0.574802 0.672943 0.718298 0.734621 
0.312161 0.540855 0.574802 0.672943 0.718298 0.734621 
0.312161 0.374234 0.540855 0.574802 0.672943 0.718298 
0.312161 0.374234 0.540855 0.574802 0.672943 0.718298 
0.312161 0.374234 0.540855 0.574802 0.672943 0.718298 
0.286036 0.312161 0.347874 0.348114 0.374234 0.452407 
0.286036 0.312161 0.347874 0.348114 0.374234 0.452407 
0.286036 0.312161 0.347874 0.348114 0.374234 0.452407 
0.279916 0.286036 0.312161 0.347874 0.348114 0.374234 
0.279916 0.286036 0.312161 0.347874 0.348114 0.374234 
0.279916 0.286036 0.29415 0.312161 0.347874 0.348114 
0.279916 0.286036 0.29415 0.312161 0.347874 0.348114 
0.259288 0.279916 0.286036 0.29415 0.303351 0.312161 
0.244754 0.259288 0.279916 0.286036 0.29415 0.303351 
0.244754 0.259288 0.279916 0.286036 0.29415 0.303351 
0.244754 0.246804 0.259288 0.279916 0.286036 0.28627 
0.224799 0.244754 0.246804 0.259288 0.279916 0.286036 
0.222062 0.224799 0.244754 0.24678 0.246804 0.259288 
