3.52313 3.64883 3.85127 4.2302 4.6711 5.17598 
3.52313 3.61124 3.64883 3.85127 3.85594 4.2302 
3.52313 3.61124 3.64883 3.85127 3.85594 4.12983 
1.21856 3.52313 3.61124 3.64883 3.65214 3.85127 
1.21856 3.48739 3.52313 3.61124 3.64883 3.65214 
1.21856 3.48739 3.52313 3.61124 3.64883 3.65214 
1.21856 3.19976 3.46728 3.48739 3.51502 3.52313 
1.21856 3.19976 3.46728 3.48739 3.51502 3.52313 
1.21856 3.14923 3.19976 3.46728 3.48739 3.51502 
1.21856 3.14923 3.19976 3.46728 3.48739 3.51502 
1.21856 2.64471 2.90494 3.14923 3.19976 3.46728 
1.21856 2.64471 2.86019 2.90494 3.11563 3.14923 
1.21856 2.64471 2.86019 2.86131 2.90494 3.11563 
1.21856 2.64471 2.83298 2.86019 2.86131 2.90494 
0.268089 1.21856 2.64471 2.83298 2.86019 2.86131 
0.268089 1.21856 2.64471 2.83298 2.86019 2.86131 
0.268089 1.21856 2.64471 2.83298 2.86019 2.86131 
0.268089 1.21856 2.50153 2.61538 2.64471 2.83298 
0.268089 1.21856 1.92369 2.50153 2.61538 2.64471 
0.268089 1.21856 1.92369 2.47498 2.50153 2.61538 
0.268089 1.21856 1.6636 1.74972 1.92369 2.47498 
0.268089 1.21856 1.6636 1.74972 1.92369 2.08765 
0.268089 1.21856 1.6636 1.74972 1.92369 2.08765 
0.268089 1.21856 1.6636 1.74972 1.92369 2.08765 
0.268089 1.21856 1.6636 1.74972 1.92369 2.08765 
0.268089 1.21856 1.6636 1.74972 1.92369 2.08765 
0.268089 1.21856 1.6636 1.74972 1.92369 2.08765 
0.268089 1.21856 1.6636 1.74972 1.92369 2.08765 
0.268089 1.21856 1.6636 1.74972 1.92369 2.08765 
0.268089 1.21856 1.6636 1.74972 1.89447 1.92369 
0.268089 1.21856 1.6636 1.74972 1.89447 1.92369 
0.268089 0.550617 0.892896 1.21856 1.6636 1.74972 
0.268089 0.550617 0.892896 1.21856 1.6636 1.67501 
0.0411999 0.268089 0.550617 0.892896 1.21856 1.6636 
0.0411999 0.268089 0.550617 0.892896 1.21856 1.6636 
0.0411999 0.268089 0.506476 0.550617 0.892896 1.21856 
0.0411999 0.268089 0.506476 0.550617 0.892896 1.21856 
0.0411999 0.268089 0.506476 0.550617 0.892896 1.21856 
0.0411999 0.268089 0.506476 0.550617 0.892896 1.21856 
0.0411999 0.268089 0.506476 0.550617 0.892896 1.21856 
0.0411999 0.268089 0.506476 0.550617 0.892896 1.21856 
0.0411999 0.268089 0.506476 0.550617 0.892896 1.21856 
0.0411999 0.268089 0.506476 0.550617 0.892896 1.21856 
0.0411999 0.268089 0.506476 0.550617 0.892896 1.21856 
0.0411999 0.268089 0.506476 0.550617 0.892896 1.21856 
0.0411999 0.268089 0.506476 0.550617 0.892896 1.21856 
0.0411999 0.268089 0.506476 0.550617 0.892896 1.21856 
0.0411999 0.268089 0.506476 0.550617 0.892896 1.21856 
0.0411999 0.268089 0.506476 0.550617 0.892896 1.21856 
0.0411999 0.268089 0.506476 0.550617 0.892896 1.21856 
0.0411999 0.268089 0.506476 0.550617 0.892896 1.21856 
0.0411999 0.268089 0.506476 0.550617 0.892896 1.21856 
0.0411999 0.268089 0.506476 0.550617 0.892896 1.21856 
0.0411999 0.268089 0.506476 0.550617 0.892896 1.21856 
0.0411999 0.268089 0.506476 0.550617 0.892896 1.21856 
0.0411999 0.268089 0.506476 0.550617 0.892896 1.21856 
0.0411999 0.268089 0.506476 0.550617 0.892896 1.21856 
0.0411999 0.268089 0.506476 0.550617 0.892896 1.21856 
0.0411999 0.268089 0.506476 0.550617 0.892896 1.21856 
0.0411999 0.268089 0.506476 0.550617 0.892896 1.21856 
0.0411999 0.268089 0.506476 0.550617 0.892896 1.21856 
0.0411999 0.268089 0.506476 0.550617 0.805206 0.892896 
0.0411999 0.268089 0.506476 0.550617 0.805206 0.892896 
0.0411999 0.268089 0.506476 0.550617 0.805206 0.892896 
0.0411999 0.268089 0.506476 0.550617 0.805206 0.892896 
0.0411999 0.268089 0.506476 0.550617 0.779983 0.805206 
0.0411999 0.268089 0.506476 0.550617 0.779983 0.805206 
0.0411999 0.268089 0.506476 0.550617 0.717063 0.779983 
0.0411999 0.268089 0.506476 0.550617 0.717063 0.724553 
0.0411999 0.268089 0.506476 0.550617 0.717063 0.724553 
0.0411999 0.268089 0.506476 0.550617 0.717063 0.724553 
0.0411999 0.268089 0.392709 0.506476 0.550617 0.661907 
0.0411999 0.268089 0.392709 0.407405 0.431841 0.506476 
0.0411999 0.268089 0.343166 0.392709 0.407405 0.431841 
0.0411999 0.268089 0.343166 0.392709 0.407405 0.431841 
0.0411999 0.268089 0.343166 0.348691 0.370737 0.392709 
0.0411999 0.268089 0.343166 0.348691 0.370737 0.392709 
0.0411999 0.206098 0.268089 0.343166 0.348691 0.370737 
0.0411999 0.206098 0.268089 0.343166 0.348691 0.357022 
0.0411999 0.206098 0.268089 0.343166 0.348691 0.357022 
0.0411999 0.175125 0.206098 0.268089 0.343166 0.348691 
0.0411999 0.152281 0.169298 0.173569 0.175125 0.206098 
0.0411999 0.152281 0.169298 0.173569 0.175125 0.175535 
0.0411999 0.152281 0.169298 0.173569 0.175125 0.175535 
0.0411999 0.108861 0.152281 0.169298 0.173569 0.175125 
0.0411999 0.105736 0.108861 0.152281 0.169298 0.173569 
0.0411999 0.105736 0.108861 0.152281 0.169298 0.173569 
0.0411999 0.105736 0.108861 0.152281 0.168248 0.169298 
0.0411999 0.105736 0.108861 0.152281 0.168248 0.169298 
0.0411999 0.105736 0.108861 0.152281 0.168248 0.169298 
0.0411999 0.105736 0.108861 0.152281 0.168248 0.169298 
0.0411999 0.0461504 0.105736 0.108861 0.152281 0.168248 
0.0411999 0.0461504 0.105736 0.108861 0.152281 0.156777 
0.0411999 0.0461504 0.105736 0.108861 0.152281 0.156777 
0.0411999 0.0461504 0.0984873 0.105736 0.108861 0.141808 
0.0411999 0.0461504 0.0917118 0.0984873 0.105736 0.108532 
0.0300793 0.0411999 0.0461504 0.0917118 0.0984873 0.105736 
0.0300793 0.0411999 0.0461504 0.0917118 0.0984873 0.105736 
0.0300793 0.0411999 0.0461504 0.086064 0.0917118 0.0984873 
0.0300793 0.0411999 0.0461504 0.086064 0.0917118 0.0946087 
