3.46074 3.76561 4.1157 4.56058 5.06387 5.81444 
3.46074 3.76561 4.1157 4.28178 4.56058 5.06387 
3.46074 3.76561 4.07531 4.1157 4.28178 4.56058 
3.46074 3.76561 4.07531 4.1157 4.28178 4.56058 
3.46074 3.76561 4.07531 4.1157 4.28178 4.56058 
3.46074 3.4842 3.76561 4.07531 4.1157 4.28178 
3.46074 3.4842 3.65096 3.76561 4.07531 4.1157 
3.46074 3.4842 3.65096 3.76561 4.07531 4.1157 
3.46074 3.4842 3.65096 3.76561 4.07531 4.1157 
3.46074 3.4842 3.65096 3.76561 4.07531 4.1157 
3.28338 3.46074 3.4842 3.65096 3.76561 4.07531 
3.13701 3.28338 3.46074 3.4842 3.65096 3.76561 
3.09856 3.13701 3.28338 3.46074 3.4842 3.65096 
3.09856 3.13701 3.28338 3.46074 3.4842 3.65096 
3.09856 3.13701 3.28338 3.46074 3.4842 3.65096 
3.09856 3.13701 3.28338 3.46074 3.4842 3.65096 
3.09856 3.13701 3.28338 3.46074 3.4842 3.65096 
2.62726 3.09856 3.13701 3.27946 3.28338 3.46074 
2.62726 3.09856 3.13701 3.17255 3.27946 3.28338 
2.62726 3.09856 3.13701 3.17255 3.27946 3.28338 
2.62726 3.09856 3.13701 3.17255 3.27946 3.28338 
2.62726 2.66033 3.09856 3.13701 3.17255 3.27946 
2.62726 2.66033 3.09856 3.13701 3.17255 3.27946 
1.88255 2.62726 2.66033 3.09856 3.13701 3.17255 
1.88255 2.62726 2.66033 2.93156 3.09856 3.13701 
1.88255 2.62726 2.66033 2.93156 3.09856 3.13701 
1.88255 2.62726 2.66033 2.93156 3.09856 3.13701 
1.88255 2.62726 2.66033 2.79105 2.80107 2.93156 
1.88255 2.62726 2.66033 2.79105 2.80107 2.86369 
1.21899 1.34104 1.88255 2.62726 2.66033 2.79105 
0.35102 1.21899 1.34104 1.88255 2.62726 2.66033 
0.35102 1.21899 1.34104 1.88255 2.62726 2.66033 
0.294259 0.35102 1.21899 1.34104 1.88255 2.62726 
0.294259 0.35102 1.21899 1.34104 1.88255 2.0074 
0.294259 0.35102 1.21899 1.29336 1.34104 1.88255 
0.294259 0.35102 1.0402 1.21899 1.29336 1.34104 
0.294259 0.35102 1.0402 1.21899 1.29336 1.34104 
0.294259 0.35102 1.0402 1.21899 1.29336 1.34104 
0.294259 0.35102 1.0402 1.21899 1.29336 1.34104 
0.294259 0.35102 1.0402 1.21899 1.29336 1.34104 
0.294259 0.35102 1.0402 1.21899 1.29336 1.34104 
0.294259 0.35102 1.0402 1.21899 1.29336 1.34104 
0.294259 0.35102 1.0402 1.21899 1.29336 1.34104 
0.294259 0.35102 0.423445 1.0402 1.21899 1.29336 
0.294259 0.35102 0.423445 1.0402 1.21899 1.29336 
0.294259 0.35102 0.423445 1.0402 1.21899 1.29336 
0.294259 0.35102 0.423445 1.0402 1.13516 1.21899 
0.294259 0.35102 0.423445 1.0402 1.07834 1.13516 
0.294259 0.35102 0.423445 1.0402 1.07834 1.13516 
0.294259 0.35102 0.423445 1.0402 1.07834 1.13516 
0.294259 0.35102 0.423445 1.0402 1.07834 1.13516 
0.294259 0.35102 0.423445 1.0402 1.07834 1.13516 
0.294259 0.35102 0.423445 1.0402 1.07834 1.13516 
0.294259 0.35102 0.423445 0.995754 1.0402 1.07834 
0.294259 0.35102 0.423445 0.995754 1.0402 1.07834 
0.294259 0.35102 0.423445 0.995754 1.0402 1.07834 
0.294259 0.35102 0.423445 0.995754 1.0402 1.07834 
0.294259 0.35102 0.423445 0.995754 1.0402 1.07834 
0.294259 0.35102 0.423445 0.995754 1.0402 1.07834 
0.294259 0.35102 0.423445 0.995754 1.0402 1.07834 
0.294259 0.35102 0.423445 0.995754 1.0402 1.07834 
0.294259 0.35102 0.423445 0.995754 1.0402 1.07834 
0.294259 0.35102 0.423445 0.995754 1.0402 1.07834 
0.294259 0.35102 0.423445 0.995754 1.0402 1.07834 
0.294259 0.35102 0.423445 0.995754 1.0402 1.07834 
0.294259 0.35102 0.423445 0.995754 1.0402 1.07834 
0.294259 0.35102 0.423445 0.995754 1.0402 1.07834 
0.294259 0.35102 0.423445 0.995754 1.0402 1.07834 
0.294259 0.35102 0.423445 0.995754 1.0402 1.07834 
0.294259 0.35102 0.423445 0.995754 1.0402 1.07834 
0.294259 0.35102 0.423445 0.995754 1.0402 1.07834 
0.294259 0.35102 0.423445 0.995754 1.0402 1.07834 
0.294259 0.35102 0.423445 0.995754 1.0402 1.07834 
0.294259 0.35102 0.423445 0.995754 1.0402 1.07834 
0.294259 0.35102 0.423445 0.995754 1.0402 1.07834 
0.294259 0.35102 0.423445 0.995754 1.0402 1.07834 
0.294259 0.35102 0.423445 0.995754 1.0402 1.07834 
0.294259 0.35102 0.423445 0.995754 1.0402 1.07834 
0.294259 0.35102 0.423445 0.995754 1.0402 1.07834 
0.294259 0.35102 0.423445 0.995754 1.0402 1.07834 
0.294259 0.35102 0.423445 0.995754 1.0402 1.07834 
0.294259 0.35102 0.423445 0.995754 1.0402 1.07834 
0.294259 0.35102 0.423445 0.995754 1.0402 1.07834 
0.294259 0.35102 0.423445 0.995754 1.0402 1.07834 
0.294259 0.35102 0.423445 0.995754 1.0402 1.07834 
0.294259 0.35102 0.423445 0.995754 1.0402 1.07834 
0.294259 0.35102 0.423445 0.995754 1.0402 1.07834 
0.294259 0.35102 0.423445 0.995754 1.0402 1.07834 
0.294259 0.35102 0.423445 0.995754 1.0402 1.07834 
0.294259 0.35102 0.423445 0.995754 1.0402 1.07834 
0.294259 0.35102 0.423445 0.995754 1.0402 1.07834 
0.294259 0.35102 0.423445 0.995754 1.0402 1.07834 
0.294259 0.35102 0.423445 0.995754 1.0402 1.07834 
0.294259 0.35102 0.423445 0.995754 1.0402 1.07834 
0.294259 0.35102 0.423445 0.995754 1.0402 1.07834 
0.294259 0.35102 0.423445 0.995754 1.0402 1.07834 
0.294259 0.35102 0.423445 0.995754 1.0402 1.07834 
0.294259 0.35102 0.423445 0.995754 1.0402 1.07834 
0.294259 0.35102 0.423445 0.995754 1.0402 1.07834 
0.294259 0.35102 0.423445 0.995754 1.0402 1.07834 
