2.02184 3.2243 3.25655 3.52897 4.01183 4.36928 
2.02184 3.13689 3.2243 3.25655 3.52897 3.60526 
2.02184 3.13689 3.2243 3.25655 3.52897 3.60526 
2.02184 3.13689 3.2243 3.25655 3.46712 3.52897 
1.57354 2.02184 3.13689 3.2243 3.25655 3.46712 
1.57354 1.91822 2.02184 3.13689 3.2243 3.25655 
1.57354 1.91822 2.02184 3.13689 3.2243 3.25655 
1.57354 1.91822 2.02184 3.13689 3.2243 3.25655 
1.41073 1.57354 1.91822 2.02184 3.13689 3.2243 
1.41073 1.57354 1.91822 2.02184 3.13689 3.2243 
1.41073 1.57354 1.91822 2.02184 3.13689 3.2243 
1.41073 1.57354 1.91822 2.02184 3.13689 3.2243 
1.41073 1.57354 1.91822 2.02184 2.82507 3.10594 
1.41073 1.57354 1.91822 2.02184 2.82507 3.10594 
1.41073 1.57354 1.91822 2.02184 2.82507 3.10594 
1.41073 1.57354 1.91822 2.02184 2.82507 3.10594 
1.41073 1.57354 1.91822 2.02184 2.38197 2.82507 
1.41073 1.57354 1.91822 2.02184 2.38197 2.82507 
1.41073 1.57354 1.91822 2.02184 2.38197 2.55617 
1.41073 1.45436 1.57354 1.91822 2.02184 2.38197 
1.10388 1.41073 1.45436 1.57354 1.91822 2.02184 
1.10388 1.41073 1.45436 1.57354 1.91822 2.02184 
1.10388 1.41073 1.45436 1.57354 1.91822 2.02184 
1.10388 1.34627 1.41073 1.45436 1.57354 1.91822 
0.215284 1.10388 1.34627 1.41073 1.45436 1.57354 
0.215284 1.10388 1.34627 1.41073 1.45436 1.57354 
0.215284 1.10388 1.34627 1.41073 1.45436 1.57354 
0.215284 1.10388 1.34627 1.41073 1.45436 1.57354 
0.215284 1.10388 1.34627 1.41073 1.45436 1.57354 
0.215284 1.10388 1.34627 1.41073 1.45436 1.57354 
0.215284 1.10388 1.34627 1.41073 1.45436 1.57354 
0.215284 1.10388 1.34627 1.41073 1.45436 1.57354 
0.215284 1.10388 1.34627 1.41073 1.45436 1.57354 
0.215284 1.04485 1.10388 1.34627 1.41073 1.45436 
0.215284 1.04485 1.10388 1.34627 1.41073 1.45436 
0.215284 0.626522 1.04485 1.10388 1.34627 1.41073 
0.215284 0.626522 1.04485 1.10388 1.34627 1.41073 
0.215284 0.626522 1.04485 1.10388 1.34627 1.41073 
0.215284 0.536518 0.626522 1.04485 1.10388 1.34627 
0.215284 0.536518 0.626522 1.04485 1.10388 1.34627 
0.215284 0.536518 0.626522 1.04485 1.10388 1.34627 
0.215284 0.536518 0.626522 1.04485 1.10388 1.34627 
0.215284 0.536518 0.626522 1.04485 1.10388 1.34627 
0.215284 0.536518 0.626522 1.04485 1.10388 1.34627 
0.215284 0.536518 0.626522 1.04485 1.10388 1.34627 
0.215284 0.536518 0.626522 1.04485 1.10388 1.34627 
0.215284 0.536518 0.626522 1.04485 1.10388 1.34627 
0.215284 0.536518 0.626522 1.04485 1.10388 1.34627 
0.215284 0.536518 0.626522 1.04485 1.10388 1.34627 
0.215284 0.536518 0.626522 1.04485 1.10388 1.34627 
0.215284 0.536518 0.626522 1.04485 1.10388 1.34627 
0.215284 0.536518 0.626522 1.04485 1.10388 1.34627 
0.215284 0.536518 0.626522 1.04485 1.10388 1.34627 
0.215284 0.536518 0.626522 1.04485 1.10388 1.34627 
0.215284 0.536518 0.626522 1.04485 1.10388 1.34627 
0.215284 0.536518 0.626522 1.04485 1.10388 1.34627 
0.215284 0.536518 0.626522 1.04485 1.10388 1.34627 
0.215284 0.536518 0.626522 1.04485 1.10388 1.34627 
0.215284 0.536518 0.626522 1.04485 1.10388 1.16432 
0.215284 0.536518 0.626522 1.04485 1.10388 1.16432 
0.215284 0.536518 0.626522 1.04485 1.10388 1.16432 
0.215284 0.536518 0.626522 1.04485 1.08704 1.10388 
0.215284 0.536518 0.626522 0.933852 1.04485 1.08704 
0.215284 0.536518 0.626522 0.933852 1.04485 1.08704 
0.215284 0.536518 0.626522 0.933852 1.04485 1.08704 
0.215284 0.536518 0.626522 0.933852 1.04485 1.08704 
0.215284 0.536518 0.626522 0.933852 1.04485 1.08704 
0.215284 0.536518 0.626522 0.933852 1.04485 1.08704 
0.215284 0.536518 0.586263 0.626522 0.933852 1.04485 
0.215284 0.536518 0.586263 0.626522 0.933852 1.04485 
0.215284 0.536518 0.586263 0.626522 0.816821 0.933852 
0.215284 0.536066 0.536518 0.586263 0.626522 0.816821 
0.215284 0.536066 0.536518 0.586263 0.626522 0.816821 
0.215284 0.536066 0.536518 0.586263 0.626522 0.816821 
0.215284 0.536066 0.536518 0.586263 0.626522 0.816821 
0.215284 0.536066 0.536518 0.586263 0.626522 0.816821 
0.215284 0.446362 0.536066 0.536518 0.586263 0.626522 
0.215284 0.446362 0.522931 0.536066 0.536518 0.586263 
0.215284 0.446362 0.522931 0.536066 0.536518 0.586263 
0.215284 0.314501 0.446362 0.460556 0.47492 0.522931 
0.215284 0.314501 0.366292 0.446362 0.460556 0.47492 
0.215284 0.294937 0.314501 0.366292 0.446362 0.460556 
0.215284 0.294937 0.314501 0.324326 0.366292 0.38384 
0.215284 0.294937 0.301527 0.314501 0.324326 0.354195 
0.215284 0.24335 0.294937 0.301527 0.314501 0.324326 
0.215284 0.24335 0.276194 0.29007 0.294937 0.301527 
0.215284 0.24335 0.276194 0.29007 0.294937 0.301527 
0.160757 0.215284 0.24335 0.276194 0.29007 0.294937 
0.160757 0.199973 0.215284 0.24335 0.276194 0.29007 
0.160757 0.199973 0.215284 0.232579 0.24335 0.276194 
0.160757 0.199973 0.215284 0.232579 0.24335 0.276194 
0.160757 0.17272 0.199973 0.215284 0.232579 0.24335 
0.160757 0.17272 0.199973 0.215284 0.232579 0.24335 
0.134294 0.160757 0.170116 0.17272 0.199973 0.215284 
0.134294 0.160757 0.170116 0.17272 0.199973 0.215284 
0.134294 0.160757 0.170116 0.17272 0.17876 0.199973 
0.126306 0.134294 0.160757 0.170116 0.17272 0.17876 
0.126306 0.134294 0.152262 0.160757 0.165331 0.170116 
0.126306 0.134294 0.152262 0.160757 0.165331 0.170116 
0.126306 0.134294 0.152262 0.156414 0.160757 0.165331 
