2.80758 3.09922 3.90977 4.34593 5.01454 5.15081 
2.80758 3.09922 3.90977 4.16715 4.34593 4.54992 
2.80758 2.80854 3.09922 3.31584 3.90977 3.99296 
2.80758 2.80854 3.09922 3.31584 3.90977 3.99296 
2.80758 2.80854 3.09922 3.31584 3.90977 3.99296 
2.80758 2.80854 3.09922 3.31584 3.90977 3.99296 
2.80758 2.80854 3.09922 3.31584 3.43668 3.90977 
2.80758 2.80854 3.09922 3.31584 3.43668 3.63304 
2.64602 2.80758 2.80854 3.09922 3.31584 3.43668 
2.64602 2.80758 2.80854 3.09922 3.31584 3.43668 
2.64602 2.80758 2.80854 3.09922 3.31584 3.43668 
2.64602 2.80758 2.80854 3.09922 3.31584 3.43668 
1.31594 2.64602 2.80758 2.80854 2.93275 3.09922 
1.31594 2.64602 2.80758 2.80854 2.93275 3.09922 
1.31594 2.64602 2.80758 2.80854 2.93275 3.09922 
1.31594 2.64602 2.68301 2.80758 2.80854 2.88823 
1.31594 2.64602 2.68301 2.80758 2.80854 2.88823 
1.31594 2.64602 2.68301 2.80758 2.80854 2.88823 
1.31594 2.64602 2.68301 2.80758 2.80854 2.88823 
0.756864 1.31594 2.64602 2.68301 2.79795 2.80758 
0.756864 0.85754 1.31594 2.64602 2.68301 2.79795 
0.756864 0.85754 1.31594 2.08545 2.64602 2.68301 
0.756864 0.85754 1.31594 2.08545 2.51217 2.64602 
0.756864 0.85754 1.31594 2.08545 2.51217 2.64602 
0.756864 0.85754 1.31594 1.85814 2.08545 2.51217 
0.756864 0.85754 1.31594 1.60531 1.85814 2.08545 
0.351995 0.756864 0.85754 1.31594 1.60531 1.85814 
0.351995 0.630093 0.756864 0.85754 1.31594 1.60531 
0.150971 0.351995 0.630093 0.756864 0.85754 1.31594 
0.150971 0.351995 0.630093 0.756864 0.85754 1.31594 
0.150971 0.351995 0.630093 0.756864 0.85754 0.925729 
0.150971 0.351995 0.630093 0.756864 0.85754 0.925729 
0.0668265 0.150971 0.351995 0.630093 0.756864 0.85754 
0.0668265 0.150971 0.351995 0.630093 0.756864 0.85754 
0.0668265 0.150971 0.351995 0.630093 0.756864 0.85754 
0.0668265 0.150971 0.351995 0.630093 0.708198 0.756864 
0.0668265 0.150971 0.351995 0.630093 0.708198 0.756864 
0.0668265 0.150971 0.351995 0.630093 0.708198 0.756864 
0.0668265 0.150971 0.351995 0.630093 0.708198 0.756864 
0.0668265 0.150971 0.351995 0.630093 0.708198 0.756864 
0.0668265 0.150971 0.351995 0.630093 0.708198 0.756864 
0.0668265 0.150971 0.351995 0.630093 0.708198 0.756864 
0.0668265 0.150971 0.351995 0.630093 0.708198 0.756864 
0.0668265 0.150971 0.351995 0.630093 0.708198 0.756864 
0.0668265 0.150971 0.351995 0.630093 0.708198 0.756864 
0.0668265 0.150971 0.351995 0.630093 0.708198 0.756864 
0.0668265 0.150971 0.351995 0.630093 0.708198 0.756864 
0.0668265 0.150971 0.351995 0.630093 0.708198 0.756864 
0.0668265 0.150971 0.351995 0.630093 0.708198 0.756864 
0.0668265 0.150971 0.351995 0.630093 0.708198 0.756864 
0.0668265 0.150971 0.351995 0.630093 0.708198 0.756864 
0.0668265 0.150971 0.351995 0.630093 0.708198 0.756864 
0.0668265 0.150971 0.351995 0.630093 0.708198 0.756864 
0.0668265 0.150971 0.351995 0.630093 0.708198 0.756864 
0.0668265 0.150971 0.351995 0.630093 0.708198 0.756864 
0.0668265 0.150971 0.351995 0.630093 0.708198 0.756864 
0.0668265 0.150971 0.351995 0.630093 0.708198 0.756864 
0.0668265 0.150971 0.351995 0.630093 0.708198 0.756864 
0.0668265 0.150971 0.351995 0.630093 0.708198 0.756864 
0.0668265 0.150971 0.351995 0.630093 0.708198 0.756864 
0.0668265 0.150971 0.351995 0.630093 0.708198 0.756864 
0.0668265 0.150971 0.351995 0.630093 0.708198 0.756864 
0.0668265 0.150971 0.351995 0.630093 0.708198 0.756864 
0.0668265 0.150971 0.351995 0.630093 0.708198 0.756864 
0.0668265 0.150971 0.351995 0.630093 0.708198 0.756864 
0.0668265 0.150971 0.351995 0.630093 0.708198 0.756864 
0.0668265 0.150971 0.351995 0.630093 0.708198 0.756864 
0.0668265 0.150971 0.351995 0.630093 0.708198 0.756864 
0.0668265 0.150971 0.351995 0.630093 0.708198 0.756864 
0.0668265 0.150971 0.351995 0.630093 0.708198 0.756864 
0.0668265 0.150971 0.351995 0.630093 0.708198 0.756864 
0.0668265 0.150971 0.351995 0.630093 0.708198 0.756864 
0.0668265 0.150971 0.351995 0.630093 0.708198 0.756864 
0.0668265 0.150971 0.351995 0.630093 0.708198 0.756864 
0.0668265 0.150971 0.351995 0.630093 0.708198 0.756864 
0.0668265 0.150971 0.351995 0.630093 0.708198 0.756864 
0.0668265 0.150971 0.351995 0.630093 0.708198 0.756864 
0.0668265 0.150971 0.351995 0.630093 0.708198 0.756864 
0.0668265 0.150971 0.351995 0.630093 0.708198 0.756864 
0.0668265 0.150971 0.351995 0.630093 0.708198 0.756864 
0.0668265 0.150971 0.351995 0.630093 0.708198 0.756864 
0.0668265 0.150971 0.351995 0.630093 0.708198 0.756864 
0.0668265 0.150971 0.351995 0.630093 0.708198 0.756864 
0.0668265 0.150971 0.351995 0.630093 0.708198 0.756864 
0.0668265 0.150971 0.351995 0.630093 0.708198 0.756864 
0.0668265 0.150971 0.351995 0.630093 0.708198 0.756864 
0.0668265 0.150971 0.351995 0.630093 0.708198 0.756864 
0.0668265 0.150971 0.351995 0.630093 0.708198 0.756864 
0.0668265 0.150971 0.351995 0.630093 0.708198 0.756864 
0.0668265 0.150971 0.351995 0.630093 0.708198 0.756864 
0.0668265 0.150971 0.351995 0.630093 0.708198 0.756864 
0.0668265 0.150971 0.351995 0.630093 0.708198 0.756864 
0.0668265 0.150971 0.351995 0.630093 0.708198 0.756864 
0.0668265 0.150971 0.351995 0.630093 0.708198 0.756864 
0.0668265 0.150971 0.351995 0.630093 0.708198 0.756864 
0.0668265 0.150971 0.351995 0.630093 0.708198 0.756864 
0.0668265 0.150971 0.351995 0.630093 0.708198 0.756864 
0.0668265 0.150971 0.351995 0.630093 0.708198 0.756864 
0.0668265 0.150971 0.351995 0.630093 0.708198 0.756864 
0.0668265 0.150971 0.351995 0.630093 0.708198 0.756864 
