4.35208 6.21124 6.29324 7.01845 7.52095 8.10963 
4.35208 6.21124 6.23793 6.29324 6.3816 6.44453 
4.35208 6.14282 6.21124 6.23793 6.29324 6.3816 
4.35208 6.14282 6.21124 6.23793 6.29324 6.3816 
4.35208 6.14282 6.21124 6.23793 6.29324 6.3816 
4.35208 6.14282 6.21124 6.23793 6.29324 6.3816 
4.35208 6.14282 6.21124 6.23793 6.29324 6.3816 
4.35208 4.41612 4.42832 5.37442 6.14282 6.21124 
4.35208 4.41612 4.42832 5.37442 6.14282 6.21124 
4.35208 4.41612 4.42832 5.37442 6.14282 6.21124 
4.35208 4.41612 4.42832 5.37442 6.14282 6.21124 
4.35208 4.41612 4.42832 5.37442 6.09074 6.14282 
3.69965 3.79601 4.35208 4.41612 4.42832 5.37442 
3.69965 3.79601 4.35208 4.41612 4.42832 4.55366 
3.69965 3.79601 4.35208 4.41612 4.42832 4.55366 
3.69965 3.79601 4.35208 4.41612 4.42832 4.55366 
3.69965 3.79601 4.23325 4.35208 4.41612 4.42832 
3.69965 3.79601 4.23325 4.35208 4.41612 4.42832 
3.69965 3.79601 4.09409 4.23325 4.35208 4.41612 
3.69965 3.72918 3.79601 4.09409 4.23325 4.35208 
3.48752 3.69965 3.72918 3.79601 4.09409 4.1012 
3.48752 3.69965 3.72918 3.79601 4.09409 4.1012 
3.34213 3.48752 3.69965 3.72918 3.79601 4.09409 
3.34213 3.34832 3.48752 3.69965 3.72918 3.79601 
1.21369 3.34213 3.34832 3.48752 3.69965 3.72918 
1.21369 3.34213 3.34832 3.48752 3.69965 3.72918 
1.21369 3.34213 3.34832 3.48752 3.69965 3.72918 
1.21369 3.34213 3.34832 3.48752 3.69965 3.72918 
1.21369 3.34213 3.34832 3.48752 3.69965 3.72918 
1.21369 2.81342 3.34213 3.34832 3.48752 3.69965 
1.21369 2.81342 3.34213 3.34832 3.48752 3.69965 
1.21369 2.81342 3.34213 3.34832 3.48752 3.69965 
1.21369 2.81342 3.34213 3.34832 3.48752 3.69965 
1.21369 2.81342 3.1323 3.34213 3.34832 3.48752 
1.21369 2.81342 3.1323 3.34213 3.34832 3.48752 
1.21369 2.81342 3.1323 3.34213 3.34832 3.48752 
1.21369 2.81342 3.1323 3.34213 3.34832 3.48752 
1.21369 2.61043 2.81342 3.1323 3.34213 3.34832 
1.21369 2.61043 2.81342 3.1323 3.34213 3.34832 
1.21369 2.61043 2.81342 3.1323 3.34213 3.34832 
0.216544 1.21369 2.61043 2.81342 3.1323 3.34213 
0.216544 1.21369 2.15969 2.61043 2.81342 3.1323 
0.216544 0.61018 1.21369 2.15969 2.61043 2.81342 
0.216544 0.61018 1.21369 2.15969 2.61043 2.65032 
0.216544 0.61018 1.21369 2.15969 2.61043 2.65032 
0.216544 0.61018 1.21369 2.15969 2.61043 2.65032 
0.216544 0.61018 1.21369 2.15969 2.21431 2.61043 
0.216544 0.61018 1.21369 2.15969 2.21431 2.61043 
0.216544 0.61018 1.21369 2.15969 2.21431 2.61043 
0.216544 0.61018 1.21369 2.15969 2.21431 2.61043 
0.216544 0.61018 1.21369 2.15969 2.21431 2.61043 
0.216544 0.61018 1.21369 2.15969 2.21431 2.61043 
0.216544 0.61018 1.21369 2.15969 2.21431 2.61043 
0.216544 0.61018 1.21369 2.15969 2.21431 2.61043 
0.216544 0.61018 1.21369 2.15969 2.21431 2.61043 
0.216544 0.61018 1.21369 2.15969 2.21431 2.61043 
0.216544 0.61018 1.21369 2.15969 2.21431 2.61043 
0.216544 0.61018 1.21369 2.15969 2.21431 2.61043 
0.216544 0.61018 1.21369 2.15969 2.21431 2.61043 
0.216544 0.61018 1.21369 2.15969 2.21431 2.61043 
0.216544 0.61018 1.21369 2.15969 2.21431 2.61043 
0.216544 0.61018 1.21369 2.15969 2.21431 2.61043 
0.216544 0.61018 1.21369 2.15969 2.21431 2.61043 
0.216544 0.61018 1.21369 2.15969 2.21431 2.61043 
0.216544 0.61018 1.21369 2.15969 2.21431 2.61043 
0.216544 0.61018 1.21369 2.15969 2.21431 2.61043 
0.216544 0.61018 1.21369 2.15969 2.21431 2.61043 
0.216544 0.61018 1.21369 2.15969 2.21431 2.61043 
0.216544 0.61018 1.21369 2.15969 2.21431 2.61043 
0.216544 0.61018 1.21369 2.15969 2.21431 2.61043 
0.216544 0.61018 1.21369 2.15969 2.21431 2.61043 
0.216544 0.61018 1.21369 2.15969 2.21431 2.61043 
0.216544 0.61018 1.21369 2.15969 2.21431 2.61043 
0.216544 0.61018 1.21369 2.15969 2.21431 2.61043 
0.216544 0.61018 1.21369 2.15969 2.21431 2.61043 
0.216544 0.61018 1.21369 2.15969 2.21431 2.61043 
0.216544 0.61018 1.21369 2.15969 2.21431 2.56877 
0.216544 0.61018 1.21369 2.15969 2.21431 2.5636 
0.216544 0.61018 1.21369 1.88503 2.15969 2.21431 
0.216544 0.61018 1.21369 1.88503 2.15969 2.21431 
0.216544 0.61018 1.21369 1.88503 2.15969 2.21431 
0.216544 0.61018 1.21369 1.88503 2.15969 2.21431 
0.216544 0.61018 1.21369 1.61097 1.71191 1.88503 
0.216544 0.61018 1.21369 1.43919 1.61097 1.71191 
0.216544 0.61018 1.21369 1.43919 1.61097 1.71191 
0.216544 0.61018 1.21369 1.43919 1.61097 1.71191 
0.216544 0.61018 1.21369 1.43919 1.61097 1.71191 
0.216544 0.61018 1.21369 1.43919 1.61097 1.71191 
0.216544 0.61018 1.21369 1.23769 1.43919 1.61097 
0.216544 0.61018 0.887062 1.21369 1.23769 1.43919 
0.216544 0.61018 0.887062 1.21369 1.23769 1.34318 
0.216544 0.61018 0.887062 1.01224 1.21369 1.23769 
0.216544 0.61018 0.887062 1.01224 1.21369 1.23769 
0.216544 0.61018 0.887062 1.01224 1.21369 1.23769 
0.216544 0.61018 0.887062 1.01224 1.21369 1.23769 
0.216544 0.61018 0.887062 1.01224 1.03704 1.21369 
0.216544 0.61018 0.684144 0.887062 1.01224 1.03704 
0.216544 0.61018 0.684144 0.887062 1.01224 1.03704 
0.216544 0.61018 0.684144 0.74812 0.887062 1.01224 
0.216544 0.61018 0.684144 0.74812 0.887062 1.01224 
