2.79855 3.36327 3.93982 4.40855 5.18082 5.42368 
2.79855 3.36327 3.79649 3.93982 4.27316 4.40855 
2.79855 3.36327 3.79649 3.93982 4.27316 4.40855 
2.79855 3.2307 3.36327 3.79649 3.93982 4.27316 
2.78916 2.79855 3.2307 3.36327 3.79649 3.93982 
2.78916 2.79855 3.2307 3.36327 3.40546 3.79649 
2.78916 2.79855 3.2307 3.25106 3.32666 3.36327 
2.78916 2.79855 3.10596 3.2307 3.25106 3.32666 
2.78916 2.79855 3.10596 3.2307 3.25106 3.32666 
2.66343 2.78916 2.79855 3.10596 3.2307 3.25106 
1.70877 2.66287 2.66343 2.78916 2.79855 3.10596 
1.70877 2.66287 2.66343 2.78916 2.79855 3.10596 
1.70877 2.66287 2.66343 2.78916 2.79855 3.10596 
1.70877 2.66287 2.66343 2.78916 2.79855 3.10596 
1.70877 2.66287 2.66343 2.77844 2.78916 2.79855 
1.59581 1.70877 2.66287 2.66343 2.77844 2.78916 
0.750029 1.59581 1.70877 2.66287 2.66343 2.77844 
0.750029 1.59581 1.70877 2.40811 2.66287 2.66343 
0.750029 1.59581 1.70877 2.01807 2.40811 2.66287 
0.750029 1.59581 1.70877 2.01807 2.36608 2.40811 
0.750029 1.59581 1.70877 2.01807 2.36608 2.40811 
0.750029 1.59581 1.70877 2.01807 2.36608 2.40811 
0.750029 1.54521 1.59581 1.64082 1.70877 2.01807 
0.750029 1.54521 1.59581 1.64082 1.70877 2.01807 
0.750029 1.19455 1.54521 1.59581 1.64082 1.70877 
0.750029 1.14694 1.19455 1.54521 1.59581 1.64082 
0.750029 1.14694 1.19455 1.54521 1.59581 1.64082 
0.750029 1.14694 1.19455 1.54521 1.59581 1.64082 
0.750029 1.14694 1.19455 1.22654 1.54521 1.59581 
0.750029 1.14694 1.19455 1.22654 1.54521 1.59581 
0.750029 1.14694 1.19455 1.22654 1.54521 1.59581 
0.750029 1.14694 1.19455 1.22654 1.54521 1.59581 
0.643434 0.750029 0.939244 1.14694 1.19455 1.22654 
0.643434 0.750029 0.939244 1.14694 1.19455 1.22654 
0.643434 0.750029 0.939244 1.14694 1.19455 1.22654 
0.643434 0.750029 0.939244 1.14694 1.19455 1.22654 
0.364379 0.643434 0.750029 0.939244 1.14694 1.19455 
0.364379 0.643434 0.750029 0.939244 1.14694 1.19455 
0.364379 0.643434 0.750029 0.939244 1.14694 1.19455 
0.364379 0.643434 0.750029 0.939244 1.14694 1.19455 
0.364379 0.643434 0.750029 0.939244 1.14694 1.19455 
0.364379 0.643434 0.750029 0.939244 1.14694 1.19455 
0.364379 0.643434 0.750029 0.939244 1.14694 1.19455 
0.364379 0.643434 0.750029 0.939244 1.14694 1.19455 
0.364379 0.643434 0.750029 0.939244 1.14694 1.19455 
0.364379 0.643434 0.750029 0.939244 1.14694 1.19455 
0.364379 0.643434 0.750029 0.939244 1.14694 1.19455 
0.364379 0.643434 0.750029 0.939244 1.14694 1.19455 
0.364379 0.643434 0.750029 0.939244 1.14694 1.19455 
0.364379 0.643434 0.750029 0.939244 1.14694 1.19455 
0.364379 0.643434 0.750029 0.939244 1.14694 1.19455 
0.364379 0.643434 0.750029 0.939244 1.14694 1.19455 
0.364379 0.643434 0.750029 0.939244 1.14694 1.19455 
0.364379 0.643434 0.750029 0.939244 1.08828 1.14694 
0.364379 0.643434 0.750029 0.939244 1.08828 1.14694 
0.364379 0.643434 0.750029 0.939244 1.08828 1.14694 
0.364379 0.643434 0.750029 0.939244 1.08828 1.14694 
0.364379 0.643434 0.750029 0.939244 1.08828 1.14694 
0.364379 0.643434 0.750029 0.939244 1.08828 1.14694 
0.364379 0.643434 0.750029 0.939244 1.08828 1.14694 
0.364379 0.643434 0.750029 0.939244 1.08828 1.14694 
0.364379 0.643434 0.750029 0.939244 1.08828 1.14694 
0.364379 0.643434 0.750029 0.939244 1.08828 1.14694 
0.364379 0.643434 0.750029 0.939244 1.01942 1.08828 
0.364379 0.643434 0.750029 0.939244 1.01942 1.08828 
0.364379 0.607751 0.643434 0.750029 0.939244 1.01942 
0.364379 0.607751 0.643434 0.750029 0.939244 1.01942 
0.364379 0.595373 0.607751 0.643434 0.750029 0.770033 
0.364379 0.474928 0.595373 0.603156 0.607751 0.643434 
0.364379 0.474928 0.549664 0.595373 0.603156 0.607751 
0.364379 0.474928 0.53256 0.549664 0.595373 0.603156 
0.364379 0.474928 0.492269 0.53256 0.549664 0.595373 
0.364379 0.474928 0.492269 0.53256 0.549664 0.595373 
0.364379 0.474928 0.483776 0.492269 0.53256 0.549664 
0.235029 0.364379 0.474928 0.483776 0.491899 0.492269 
0.235029 0.364379 0.457676 0.474928 0.483776 0.491899 
0.235029 0.364379 0.438163 0.443181 0.457676 0.474928 
0.235029 0.26138 0.364379 0.368313 0.438163 0.443181 
0.235029 0.26138 0.302156 0.306919 0.345751 0.364379 
0.202374 0.235029 0.26138 0.302156 0.306216 0.306919 
0.202374 0.235029 0.26138 0.262172 0.302156 0.306216 
0.202374 0.235029 0.243725 0.26138 0.262172 0.299018 
0.202374 0.235029 0.243725 0.26138 0.262172 0.299018 
0.180126 0.202374 0.235029 0.243725 0.26138 0.262172 
0.180126 0.202374 0.235029 0.243725 0.26138 0.262172 
0.180126 0.202374 0.235029 0.243725 0.26138 0.262172 
0.180126 0.202374 0.22861 0.235029 0.243725 0.26138 
0.180126 0.202374 0.22861 0.235029 0.243725 0.26138 
0.180126 0.202374 0.22861 0.235029 0.243725 0.26138 
0.180126 0.18148 0.202374 0.22861 0.235029 0.243725 
0.180126 0.18148 0.202374 0.22861 0.235029 0.243725 
0.0753197 0.180126 0.18148 0.202374 0.22861 0.235029 
0.0753197 0.145047 0.180126 0.18148 0.202374 0.22861 
0.0753197 0.145047 0.158671 0.180126 0.18148 0.202374 
0.0753197 0.0773366 0.104681 0.129958 0.145047 0.158671 
0.0753197 0.0773366 0.088262 0.0945004 0.104681 0.126435 
0.0753197 0.0773366 0.088262 0.0945004 0.104681 0.126435 
0.0753197 0.0773366 0.088262 0.0945004 0.104681 0.126435 
0.0753197 0.0773366 0.088262 0.0945004 0.104681 0.126435 
0.0702516 0.0753197 0.0773366 0.088262 0.0945004 0.104681 
