3.66753 4.24437 5.40339 6.37893 6.63476 6.76408 
3.66753 4.24437 5.40339 6.37893 6.63476 6.76408 
3.66753 4.11379 4.11648 4.24437 5.40339 6.35894 
3.66753 4.11379 4.11648 4.24437 5.25261 5.40339 
3.66753 4.11379 4.11648 4.24437 5.25261 5.40339 
3.66753 4.11379 4.11648 4.24437 4.60552 5.25261 
3.66753 4.11379 4.11648 4.24437 4.55667 4.60552 
3.66753 4.11379 4.11648 4.24437 4.55667 4.60552 
3.3825 3.66753 4.11379 4.11648 4.24437 4.55667 
3.3825 3.66753 4.11379 4.11648 4.12234 4.24437 
3.3825 3.3971 3.66753 4.11379 4.11648 4.12234 
1.81691 3.3825 3.3971 3.66753 4.11379 4.11648 
1.81691 3.3825 3.3971 3.66753 4.11379 4.11648 
1.81691 3.3825 3.3971 3.66753 4.11379 4.11648 
1.81691 3.3825 3.3971 3.66753 4.11379 4.11648 
1.81691 3.3825 3.3971 3.66753 3.87396 4.11379 
1.81691 3.3825 3.3971 3.66753 3.87396 4.0564 
1.81691 3.3825 3.3971 3.66753 3.87396 4.0564 
1.81691 2.87121 3.3825 3.3971 3.66753 3.87396 
1.50677 1.81691 2.87121 3.23225 3.3825 3.3971 
1.50677 1.81691 2.87121 3.23225 3.3825 3.3971 
1.50677 1.81691 2.80941 2.87121 3.02965 3.1303 
1.50677 1.81691 2.80941 2.87121 3.02965 3.1303 
1.50677 1.81691 2.16991 2.80941 2.87121 3.02965 
1.50677 1.81691 2.16991 2.80941 2.87121 3.02965 
1.50677 1.81691 2.16991 2.66792 2.80941 2.87121 
1.50677 1.81691 2.16991 2.66792 2.80941 2.87121 
1.50677 1.81691 2.16991 2.66792 2.80941 2.87121 
1.46326 1.50677 1.81691 2.16991 2.66792 2.80941 
1.46326 1.50677 1.81691 2.16991 2.66792 2.80941 
1.46326 1.50677 1.81691 2.16991 2.66792 2.80941 
1.46326 1.50677 1.81691 2.16991 2.66792 2.80941 
1.46326 1.50677 1.81691 2.16991 2.66792 2.80941 
1.46326 1.50677 1.81691 2.16991 2.58604 2.66792 
1.46326 1.50677 1.81691 2.16991 2.58604 2.66792 
0.428438 1.46326 1.50677 1.81691 2.16991 2.58604 
0.428438 1.20749 1.30034 1.46326 1.50677 1.81691 
0.428438 1.20749 1.30034 1.46326 1.50677 1.81691 
0.428438 1.20749 1.30034 1.46326 1.50677 1.81691 
0.428438 1.20749 1.30034 1.46326 1.50677 1.81691 
0.428438 1.20749 1.27078 1.30034 1.46326 1.50677 
0.428438 1.20749 1.27078 1.30034 1.46326 1.50677 
0.428438 0.977222 1.20749 1.27078 1.30034 1.46326 
0.188775 0.428438 0.560855 0.977222 1.20749 1.27078 
0.188775 0.428438 0.560855 0.977222 1.20749 1.27078 
0.188775 0.389656 0.428438 0.560855 0.977222 1.20749 
0.188775 0.389656 0.428438 0.560855 0.977222 1.20749 
0.188775 0.389656 0.428438 0.560855 0.977222 1.20749 
0.188775 0.389656 0.428438 0.560855 0.977222 1.20749 
0.188775 0.389656 0.428438 0.560855 0.977222 1.20749 
0.188775 0.389656 0.428438 0.560855 0.977222 1.20749 
0.188775 0.389656 0.428438 0.560855 0.977222 1.20749 
0.188775 0.389656 0.428438 0.560855 0.977222 1.20749 
0.188775 0.389656 0.428438 0.560855 0.977222 1.20749 
0.188775 0.389656 0.428438 0.560855 0.977222 1.20749 
0.188775 0.389656 0.428438 0.560855 0.977222 1.20749 
0.188775 0.389656 0.428438 0.560855 0.977222 1.20749 
0.188775 0.389656 0.428438 0.560855 0.949692 0.977222 
0.188775 0.389656 0.428438 0.560855 0.949692 0.977222 
0.188775 0.389656 0.428438 0.560855 0.949692 0.977222 
0.188775 0.389656 0.428438 0.560855 0.949692 0.977222 
0.188775 0.389656 0.428438 0.560855 0.949692 0.977222 
0.188775 0.389656 0.428438 0.560855 0.949692 0.977222 
0.188775 0.389656 0.428438 0.560855 0.949692 0.977222 
0.188775 0.389656 0.428438 0.560855 0.949692 0.977222 
0.188775 0.389656 0.428438 0.560855 0.949692 0.977222 
0.188775 0.389656 0.428438 0.560855 0.949692 0.977222 
0.188775 0.389656 0.428438 0.560855 0.949692 0.977222 
0.188775 0.389656 0.428438 0.560855 0.949692 0.977222 
0.188775 0.389656 0.428438 0.560855 0.949692 0.977222 
0.188775 0.389656 0.428438 0.560855 0.949692 0.977222 
0.188775 0.389656 0.428438 0.560855 0.949692 0.977222 
0.188775 0.389656 0.428438 0.560855 0.949692 0.977222 
0.188775 0.389656 0.428438 0.560855 0.949692 0.977222 
0.188775 0.389656 0.428438 0.560855 0.949692 0.977222 
0.188775 0.389656 0.428438 0.560855 0.949692 0.977222 
0.188775 0.389656 0.428438 0.560855 0.949692 0.977222 
0.188775 0.389656 0.428438 0.560855 0.949692 0.977222 
0.188775 0.389656 0.428438 0.560855 0.949692 0.977222 
0.188775 0.389656 0.428438 0.560855 0.949692 0.977222 
0.188775 0.389656 0.428438 0.560855 0.949692 0.977222 
0.188775 0.389656 0.428438 0.560855 0.949692 0.977222 
0.188775 0.389656 0.428438 0.560855 0.949692 0.977222 
0.188775 0.389656 0.428438 0.560855 0.949692 0.977222 
0.188775 0.389656 0.428438 0.560855 0.949692 0.977222 
0.188775 0.389656 0.428438 0.560855 0.949692 0.977222 
0.188775 0.389656 0.428438 0.560855 0.949692 0.977222 
0.188775 0.389656 0.428438 0.560855 0.949692 0.977222 
0.188775 0.389656 0.428438 0.560855 0.949692 0.977222 
0.188775 0.389656 0.428438 0.560855 0.949692 0.977222 
0.188775 0.389656 0.428438 0.560855 0.949692 0.977222 
0.188775 0.389656 0.428438 0.560855 0.949692 0.977222 
0.188775 0.389656 0.428438 0.560855 0.949692 0.977222 
0.188775 0.389656 0.428438 0.560855 0.949692 0.977222 
0.188775 0.389656 0.428438 0.560855 0.949692 0.977222 
0.188775 0.389656 0.428438 0.560855 0.949692 0.977222 
0.188775 0.389656 0.428438 0.560855 0.949692 0.977222 
0.188775 0.389656 0.428438 0.560855 0.949692 0.977222 
0.188775 0.389656 0.428438 0.560855 0.949692 0.977222 
0.188775 0.389656 0.428438 0.560855 0.949692 0.977222 
