5.52188 6.60407 7.08295 7.19262 8.28173 8.31221 
3.44411 4.03006 4.32719 5.52188 6.25498 6.60407 
3.44411 4.03006 4.32719 5.52188 6.25498 6.60407 
3.44411 4.03006 4.32719 5.52188 6.25498 6.36689 
3.44411 4.03006 4.32719 5.52188 6.25498 6.36689 
3.44411 4.03006 4.32719 5.52188 6.25498 6.36689 
3.42041 3.44411 4.03006 4.32719 5.52188 5.94958 
3.42041 3.44411 4.03006 4.32719 5.52188 5.94958 
3.42041 3.44411 4.03006 4.32719 5.52188 5.94958 
3.42041 3.44411 3.61866 4.03006 4.32719 5.52188 
3.42041 3.44411 3.61866 4.03006 4.32719 5.11656 
3.42041 3.44411 3.61866 4.03006 4.32719 4.53625 
3.42041 3.44411 3.61866 4.03006 4.32719 4.53625 
2.90286 3.42041 3.44411 3.61866 4.03006 4.32719 
2.90286 3.42041 3.44411 3.61866 4.03006 4.18153 
2.90286 3.42041 3.44411 3.61866 4.03006 4.18153 
2.90286 3.42041 3.44411 3.61866 4.03006 4.18153 
2.90286 3.30099 3.42041 3.44411 3.61866 4.03006 
2.90286 3.30099 3.42041 3.44411 3.61866 4.03006 
2.90286 3.30099 3.42041 3.44411 3.61866 3.81079 
2.90286 3.30099 3.42041 3.44411 3.61866 3.81079 
2.90286 3.30099 3.42041 3.44411 3.61866 3.81079 
2.90286 3.30099 3.42041 3.44411 3.61866 3.81079 
2.90286 3.30099 3.42041 3.44411 3.61866 3.81079 
2.90286 3.30099 3.42041 3.44411 3.61866 3.81079 
2.90286 3.30099 3.42041 3.44411 3.61866 3.81079 
2.90286 3.30099 3.42041 3.44411 3.61866 3.81079 
2.90286 3.01074 3.30099 3.42041 3.44411 3.61866 
2.90286 3.01074 3.30099 3.42041 3.44411 3.61866 
2.90286 3.01074 3.30099 3.42041 3.44411 3.61866 
1.77998 2.90286 3.01074 3.30099 3.42041 3.44411 
1.77998 2.90286 3.01074 3.30099 3.42041 3.44411 
1.77998 2.90286 3.01074 3.30099 3.42041 3.44411 
1.77998 2.90286 3.01074 3.30099 3.42041 3.44411 
1.77998 2.20445 2.90286 3.01074 3.30099 3.36283 
1.77998 2.20445 2.90286 3.01074 3.30099 3.36283 
1.77998 2.06427 2.20445 2.90286 3.01074 3.30099 
1.77998 2.06427 2.20445 2.90286 3.01074 3.30099 
1.77998 2.06427 2.20445 2.90286 3.01074 3.30099 
1.77998 2.06427 2.20445 2.90286 3.01074 3.24275 
1.77998 2.06427 2.20445 2.90286 3.01074 3.24275 
1.77998 2.06427 2.20445 2.90286 3.01074 3.24275 
1.77998 2.06427 2.20445 2.90286 3.01074 3.24275 
1.77998 2.06427 2.20445 2.90286 3.01074 3.24275 
1.77998 2.06427 2.20445 2.63527 2.90286 3.01074 
1.77998 2.06427 2.20445 2.63527 2.90286 3.01074 
1.77998 2.06427 2.20445 2.63527 2.90286 3.01074 
1.77998 2.06427 2.20445 2.63527 2.6481 2.90286 
1.77998 2.06427 2.20445 2.63527 2.6481 2.90286 
1.77998 2.06427 2.20445 2.63527 2.6481 2.90286 
1.77998 2.06427 2.20445 2.63527 2.6481 2.90286 
1.77998 2.06427 2.20445 2.63527 2.6481 2.90286 
1.77998 2.06427 2.20445 2.63527 2.6481 2.90286 
1.77998 2.06427 2.20445 2.63527 2.6481 2.90286 
1.77998 2.06427 2.20445 2.63527 2.6481 2.90286 
1.77998 2.06427 2.20445 2.63527 2.6481 2.90286 
1.77998 2.06427 2.20445 2.63527 2.6481 2.90286 
1.77998 2.06427 2.20445 2.63527 2.6481 2.90286 
1.77998 2.06427 2.20445 2.63527 2.6481 2.90286 
1.77998 2.06427 2.20445 2.63527 2.6481 2.87215 
1.77998 2.06427 2.20445 2.63527 2.6481 2.87215 
1.77998 2.06427 2.20445 2.63527 2.6481 2.87215 
1.77998 2.06427 2.20445 2.63527 2.6481 2.73831 
1.77998 2.06427 2.20445 2.63527 2.6481 2.73831 
1.77998 2.06427 2.20445 2.63527 2.6481 2.73831 
1.77998 2.06427 2.20445 2.63527 2.6481 2.73831 
1.77998 2.06427 2.20445 2.63527 2.6481 2.73831 
1.77998 2.06427 2.20445 2.63527 2.6481 2.73831 
1.77998 2.06427 2.20445 2.63527 2.6481 2.73831 
1.77998 2.06427 2.20445 2.29086 2.63527 2.6481 
1.77998 2.06427 2.20445 2.29086 2.63527 2.6481 
1.77998 2.04906 2.06427 2.20445 2.29086 2.63527 
1.77998 2.04906 2.06427 2.20445 2.29086 2.39741 
1.77998 2.04906 2.06427 2.20445 2.29086 2.39741 
1.77998 1.85462 2.04906 2.06427 2.20445 2.2904 
1.76652 1.77998 1.85462 2.04906 2.06427 2.20445 
1.76652 1.77998 1.85462 2.04906 2.06427 2.20445 
1.76652 1.77998 1.85462 2.04906 2.06427 2.20445 
1.48214 1.76652 1.77998 1.85462 2.04906 2.06427 
1.48214 1.76652 1.77998 1.85462 2.04906 2.06427 
1.48214 1.76652 1.77998 1.82302 1.85462 2.04906 
1.48214 1.76652 1.77998 1.82302 1.85462 2.04906 
1.43523 1.48214 1.63213 1.76652 1.77998 1.82302 
1.43523 1.48214 1.63213 1.76652 1.77998 1.82302 
1.43523 1.48214 1.63213 1.76652 1.77998 1.82302 
1.43523 1.48214 1.63213 1.76652 1.77998 1.82302 
1.43523 1.48214 1.63213 1.76652 1.77998 1.82302 
1.19606 1.43523 1.48214 1.63213 1.76652 1.77998 
1.19606 1.43523 1.48214 1.63213 1.76652 1.77998 
1.19606 1.35552 1.41395 1.43523 1.48214 1.63213 
1.19606 1.35552 1.41395 1.43523 1.48214 1.5125 
1.19606 1.35552 1.41395 1.43523 1.48214 1.5125 
1.19606 1.35552 1.41395 1.43523 1.48214 1.5125 
0.281613 0.305873 0.780481 0.870601 1.19606 1.35552 
0.281613 0.305873 0.780481 0.870601 1.19606 1.35552 
0.281613 0.305873 0.743244 0.780481 0.870601 1.06083 
0.281613 0.305873 0.589228 0.743244 0.780481 0.870601 
0.166852 0.281613 0.305873 0.589228 0.632453 0.743244 
0.166852 0.281613 0.305873 0.589228 0.632453 0.743244 
0.166852 0.26133 0.281613 0.305873 0.393529 0.589228 
