3.50516 6.07337 6.94849 7.47802 7.84067 8.54148 
3.36442 3.50516 6.07337 6.51693 6.94849 7.47802 
3.36442 3.50516 5.84122 6.07337 6.51693 6.94849 
3.36442 3.50516 5.84122 6.07337 6.44371 6.51693 
3.36442 3.50516 5.84122 6.07337 6.44371 6.51693 
3.36442 3.50516 5.84122 6.07337 6.44371 6.51693 
3.0612 3.36442 3.50516 5.84122 6.07337 6.44371 
2.59965 3.0612 3.19085 3.36442 3.50516 4.00522 
2.59965 3.0612 3.19085 3.36442 3.50516 4.00522 
2.59965 3.0612 3.19085 3.36442 3.50516 4.00522 
2.59965 3.0612 3.19085 3.36442 3.50516 4.00522 
2.59965 2.95633 3.0612 3.19085 3.36442 3.50516 
1.42972 2.59965 2.95633 3.0612 3.19085 3.36442 
1.42972 2.59965 2.95633 3.0612 3.19085 3.36442 
1.42972 2.32416 2.59965 2.74161 2.95633 3.0612 
1.42972 2.32416 2.59965 2.74161 2.95633 3.0612 
1.42972 2.32416 2.59965 2.74161 2.95633 3.0612 
1.42972 2.32416 2.59965 2.74161 2.95633 3.0612 
1.42972 2.32416 2.59965 2.74161 2.95633 3.0612 
1.42972 2.32416 2.59965 2.69095 2.74161 2.89803 
1.42972 1.55232 2.32416 2.59965 2.69095 2.74161 
1.42972 1.55232 2.32416 2.59965 2.69095 2.74161 
1.42972 1.55232 2.32416 2.59965 2.69095 2.74161 
1.42972 1.55232 2.12828 2.32416 2.59965 2.69095 
1.42972 1.55232 2.12828 2.32416 2.59965 2.69095 
1.42972 1.55232 2.12828 2.32416 2.59965 2.69095 
1.42972 1.55232 2.12828 2.32416 2.59965 2.69095 
1.42972 1.55232 2.12828 2.16878 2.32416 2.59965 
1.42972 1.55232 2.12828 2.16878 2.32416 2.59965 
1.12458 1.42972 1.55232 2.12828 2.16878 2.32416 
1.12458 1.42972 1.55232 2.12828 2.16878 2.32416 
1.12458 1.42972 1.55232 2.12828 2.16878 2.32416 
1.11345 1.12458 1.42972 1.55232 1.95801 2.12828 
0.947162 1.11345 1.12458 1.42972 1.55232 1.95801 
0.947162 1.11345 1.12458 1.42972 1.55232 1.95801 
0.947162 1.11345 1.12458 1.42972 1.55232 1.95801 
0.947162 1.11345 1.12458 1.35857 1.42972 1.55232 
0.947162 1.11345 1.12458 1.35857 1.42972 1.55232 
0.947162 1.11345 1.12458 1.35857 1.38777 1.42972 
0.947162 0.94847 1.11345 1.12458 1.35857 1.38777 
0.671954 0.947162 0.94847 1.11345 1.12458 1.35857 
0.671954 0.947162 0.94847 1.11345 1.12458 1.35857 
0.671954 0.947162 0.94847 1.11345 1.12458 1.35857 
0.671954 0.947162 0.94847 1.11345 1.12458 1.35857 
0.671954 0.947162 0.94847 1.11345 1.12458 1.21305 
0.671954 0.947162 0.94847 1.11345 1.12458 1.21305 
0.524947 0.671954 0.947162 0.94847 1.11345 1.12458 
0.524947 0.671954 0.947162 0.94847 1.11345 1.12458 
0.39547 0.524947 0.671954 0.947162 0.94847 0.996633 
0.39547 0.524947 0.671954 0.947162 0.94847 0.996633 
0.39547 0.524947 0.671954 0.947162 0.94847 0.996633 
0.39547 0.524947 0.671954 0.947162 0.94847 0.996633 
0.39547 0.524947 0.671954 0.947162 0.94847 0.996633 
0.34413 0.39547 0.524947 0.671954 0.947162 0.94847 
0.34413 0.39547 0.524947 0.671954 0.947162 0.94847 
0.34413 0.39547 0.524947 0.671954 0.947162 0.94847 
0.34413 0.39547 0.524947 0.671954 0.947162 0.94847 
0.34413 0.39547 0.524947 0.671954 0.947162 0.94847 
0.34413 0.39547 0.524947 0.671954 0.947162 0.94847 
0.34413 0.39547 0.524947 0.671954 0.947162 0.94847 
0.34413 0.39547 0.524947 0.671954 0.947162 0.94847 
0.34413 0.39547 0.524947 0.671954 0.947162 0.94847 
0.34413 0.39547 0.524947 0.671954 0.947162 0.94847 
0.34413 0.39547 0.524947 0.671954 0.947162 0.94847 
0.34413 0.39547 0.524947 0.671954 0.947162 0.94847 
0.34413 0.39547 0.524947 0.671954 0.947162 0.94847 
0.34413 0.39547 0.524947 0.671954 0.947162 0.94847 
0.34413 0.39547 0.524947 0.671954 0.947162 0.94847 
0.34413 0.39547 0.524947 0.671954 0.947162 0.94847 
0.34413 0.39547 0.524947 0.671954 0.947162 0.94847 
0.34413 0.39547 0.524947 0.671954 0.947162 0.94847 
0.34413 0.39547 0.524947 0.671954 0.947162 0.94847 
0.34413 0.39547 0.524947 0.671954 0.947162 0.94847 
0.34413 0.39547 0.524947 0.671954 0.947162 0.94847 
0.34413 0.39547 0.524947 0.671954 0.947162 0.94847 
0.34413 0.39547 0.524947 0.671954 0.947162 0.94847 
0.34413 0.39547 0.524947 0.671954 0.947162 0.94847 
0.34413 0.39547 0.524947 0.671954 0.947162 0.94847 
0.34413 0.39547 0.524947 0.671954 0.947162 0.94847 
0.34413 0.39547 0.524947 0.671954 0.947162 0.94847 
0.34413 0.39547 0.524947 0.671954 0.947162 0.94847 
0.34413 0.39547 0.524947 0.671954 0.947162 0.94847 
0.34413 0.39547 0.524947 0.671954 0.947162 0.94847 
0.34413 0.39547 0.524947 0.671954 0.947162 0.94847 
0.34413 0.39547 0.524947 0.671954 0.947162 0.94847 
0.34413 0.39547 0.524947 0.671954 0.947162 0.94847 
0.34413 0.39547 0.524947 0.671954 0.947162 0.94847 
0.34413 0.39547 0.524947 0.671954 0.947162 0.94847 
0.34413 0.39547 0.524947 0.671954 0.947162 0.94847 
0.34413 0.39547 0.524947 0.671954 0.947162 0.94847 
0.34413 0.39547 0.524947 0.671954 0.947162 0.94847 
0.34413 0.39547 0.524947 0.671954 0.947162 0.94847 
0.34413 0.39547 0.524947 0.671954 0.947162 0.94847 
0.34413 0.39547 0.524947 0.671954 0.947162 0.94847 
0.34413 0.39547 0.524947 0.671954 0.947162 0.94847 
0.34413 0.39547 0.524947 0.671954 0.947162 0.94847 
0.34413 0.39547 0.524947 0.671954 0.947162 0.94847 
0.34413 0.39547 0.524947 0.671954 0.947162 0.94847 
0.34413 0.39547 0.524947 0.671954 0.947162 0.94847 
0.34413 0.39547 0.524947 0.671954 0.947162 0.94847 
