2.39942 2.8856 4.03584 4.55395 5.04295 5.47423 
2.39942 2.8856 4.03584 4.3126 4.37429 4.55395 
2.39942 2.8856 4.03584 4.29093 4.3126 4.37429 
2.39942 2.8856 4.03584 4.29093 4.3126 4.37429 
2.39942 2.8856 3.19489 3.67292 3.79717 4.03584 
1.92549 2.39942 2.8856 3.19489 3.67292 3.79717 
1.92549 2.39942 2.74844 2.8856 3.19489 3.67292 
1.92549 2.39942 2.74844 2.8856 2.90737 3.09296 
1.92549 2.39942 2.74844 2.8856 2.90737 2.93157 
1.92549 2.39942 2.673 2.74844 2.8856 2.90737 
1.92549 2.39942 2.673 2.74844 2.8856 2.90737 
1.54112 1.92549 2.39942 2.673 2.74844 2.8856 
1.54112 1.92549 2.39942 2.673 2.74844 2.8856 
1.54112 1.92549 2.39942 2.673 2.74844 2.8856 
1.19942 1.54112 1.92549 1.93143 2.39942 2.673 
1.19942 1.54112 1.92549 1.93143 2.39942 2.673 
1.19942 1.54112 1.92549 1.93143 2.199 2.39942 
1.19942 1.54112 1.92549 1.93143 2.199 2.39942 
1.19942 1.54112 1.92549 1.93143 2.199 2.39942 
1.19942 1.54112 1.92549 1.93143 2.199 2.39942 
1.19942 1.54112 1.92549 1.93143 2.199 2.39942 
1.1737 1.19942 1.54112 1.92549 1.93143 2.199 
1.1737 1.19942 1.25955 1.54112 1.92549 1.93143 
1.1737 1.19942 1.25955 1.54112 1.92549 1.93143 
1.1737 1.19942 1.25955 1.54112 1.92549 1.93143 
1.1737 1.19942 1.25955 1.54112 1.92549 1.93143 
1.1737 1.19942 1.25955 1.54112 1.82427 1.92549 
1.1737 1.19942 1.25955 1.54112 1.82427 1.92549 
1.1737 1.19942 1.25955 1.54112 1.82427 1.92549 
0.182726 1.1737 1.19942 1.25955 1.54112 1.82427 
0.182726 1.1737 1.19942 1.25955 1.54112 1.82427 
0.182726 1.1737 1.19942 1.25955 1.54112 1.82427 
0.182726 1.1737 1.19942 1.25955 1.54112 1.82427 
0.182726 1.1737 1.19942 1.25955 1.54112 1.82427 
0.182726 1.1737 1.19942 1.25955 1.54112 1.82427 
0.182726 1.1737 1.19942 1.25955 1.54112 1.82427 
0.182726 1.1737 1.19942 1.25955 1.54112 1.82427 
0.182726 1.1737 1.19942 1.25955 1.54112 1.82427 
0.182726 1.1737 1.19942 1.25955 1.54112 1.82427 
0.182726 1.1737 1.19942 1.25955 1.54112 1.82427 
0.182726 1.1737 1.19942 1.25955 1.54112 1.82427 
0.182726 1.1737 1.19942 1.25955 1.54112 1.82427 
0.182726 1.1737 1.19942 1.25955 1.54112 1.82427 
0.182726 1.1737 1.19942 1.25955 1.54112 1.82427 
0.182726 1.1737 1.19942 1.25955 1.54112 1.82427 
0.182726 1.1737 1.19942 1.25955 1.54112 1.82427 
0.182726 1.1737 1.19942 1.25955 1.54112 1.82427 
0.182726 1.1737 1.19942 1.25955 1.54112 1.82427 
0.182726 1.1737 1.19942 1.25955 1.54112 1.82427 
0.182726 1.1737 1.19942 1.25955 1.54112 1.82427 
0.182726 1.1737 1.19942 1.25955 1.54112 1.82427 
0.182726 1.1737 1.19942 1.25955 1.54112 1.70808 
0.182726 1.1737 1.19942 1.25955 1.54112 1.70808 
0.182726 1.1737 1.19942 1.25955 1.54112 1.62474 
0.182726 1.1737 1.19942 1.25955 1.54112 1.62474 
0.182726 1.1737 1.19942 1.25955 1.54112 1.62474 
0.182726 1.1737 1.19942 1.25955 1.54112 1.62474 
0.182726 1.1737 1.19942 1.25955 1.54112 1.62474 
0.182726 1.1737 1.19942 1.22899 1.25955 1.54112 
0.182726 1.13567 1.1737 1.19942 1.22899 1.25955 
0.182726 0.812715 1.13567 1.1737 1.19942 1.22899 
0.182726 0.812715 1.13567 1.1737 1.19942 1.22899 
0.182726 0.812715 0.882333 1.13567 1.1708 1.1737 
0.182726 0.812715 0.882333 1.13567 1.1708 1.1737 
0.182726 0.812715 0.882333 1.13567 1.1708 1.1737 
0.182726 0.812715 0.882333 0.935743 1.05502 1.07677 
0.182726 0.812715 0.882333 0.935743 1.05502 1.07677 
0.182726 0.812715 0.882333 0.927308 0.935743 1.05502 
0.182726 0.812715 0.882333 0.927308 0.935743 1.05502 
0.182726 0.812715 0.882333 0.927308 0.935743 1.05502 
0.182726 0.812715 0.882333 0.927308 0.935743 1.05502 
0.182726 0.766359 0.793449 0.812715 0.882333 0.927308 
0.182726 0.592463 0.616683 0.766359 0.793449 0.812715 
0.182726 0.592463 0.616683 0.766359 0.793449 0.812715 
0.182726 0.365071 0.592463 0.616683 0.656011 0.740626 
0.182726 0.365071 0.592463 0.616683 0.656011 0.740626 
0.182726 0.271914 0.365071 0.592463 0.616683 0.656011 
0.182726 0.271914 0.365071 0.592463 0.616683 0.616915 
0.182726 0.271914 0.365071 0.592463 0.616683 0.616915 
0.182726 0.271914 0.365071 0.592463 0.616683 0.616915 
0.182726 0.271914 0.365071 0.488496 0.592463 0.606015 
0.182726 0.271914 0.365071 0.365529 0.377523 0.385021 
0.182726 0.271914 0.35222 0.365071 0.365529 0.377523 
0.182726 0.271914 0.295274 0.317108 0.321385 0.35222 
0.182726 0.18814 0.20375 0.2473 0.271914 0.295274 
0.182726 0.18814 0.20375 0.2473 0.271914 0.295274 
0.182726 0.18814 0.20375 0.2473 0.271914 0.295274 
0.182726 0.18814 0.193011 0.20375 0.2473 0.271914 
0.182726 0.18814 0.193011 0.20375 0.2473 0.271914 
0.176699 0.182726 0.18814 0.193011 0.20375 0.234774 
0.176699 0.182726 0.18814 0.193011 0.20375 0.234774 
0.176699 0.182726 0.18814 0.193011 0.201631 0.20375 
0.140716 0.176699 0.182726 0.18814 0.193011 0.201631 
0.140716 0.159769 0.176699 0.182726 0.18814 0.188725 
0.12761 0.140716 0.159769 0.176699 0.182726 0.18814 
0.12761 0.140716 0.159769 0.176699 0.182726 0.18814 
0.0896621 0.0908708 0.0936654 0.12761 0.140716 0.159769 
0.0896621 0.0908708 0.0936654 0.102998 0.12761 0.140716 
0.0896621 0.0908708 0.0936654 0.099764 0.102998 0.110202 
0.0896621 0.0908708 0.0936654 0.099764 0.102998 0.110202 
