5.95916 6.33876 6.77215 7.11584 8.3682 8.55594 
2.58437 5.95916 6.33876 6.77215 6.99298 7.11584 
2.58437 5.74769 5.95916 6.24727 6.33876 6.77215 
2.58437 3.61153 3.8518 5.74769 5.95916 6.24727 
2.58437 3.61153 3.8518 5.74769 5.95916 6.24727 
2.58437 3.61153 3.8518 5.74769 5.95916 5.98413 
2.58437 3.61153 3.8518 5.74769 5.95916 5.98413 
2.58437 3.61153 3.70719 3.8518 5.18989 5.74769 
2.58437 3.61153 3.70719 3.8518 5.17161 5.18989 
2.58437 2.99758 3.33973 3.61153 3.68851 3.70719 
2.08467 2.58437 2.74983 2.7844 2.99758 3.33973 
2.08467 2.58437 2.74983 2.7844 2.99758 3.33973 
2.08467 2.58437 2.74983 2.7844 2.99758 3.33973 
2.08467 2.58437 2.74983 2.7844 2.90038 2.99758 
2.08467 2.58437 2.74983 2.7844 2.90038 2.99758 
2.08467 2.58437 2.74983 2.7844 2.90038 2.99758 
2.08467 2.58437 2.74983 2.7844 2.90038 2.99758 
2.08467 2.58437 2.74983 2.7844 2.90038 2.99758 
2.08467 2.58437 2.74983 2.7844 2.90038 2.99758 
2.08467 2.58437 2.74983 2.7844 2.90038 2.99758 
2.08467 2.58437 2.74983 2.7844 2.90038 2.99758 
2.08467 2.58437 2.74983 2.7844 2.90038 2.99758 
2.08467 2.58437 2.74983 2.7844 2.90038 2.99758 
2.08467 2.58437 2.74983 2.7844 2.90038 2.99758 
2.08467 2.58437 2.74983 2.7844 2.90038 2.95069 
2.08467 2.58437 2.74983 2.7844 2.90038 2.95069 
2.08467 2.58437 2.74983 2.76171 2.7844 2.90038 
2.08467 2.58437 2.74983 2.76171 2.7844 2.90038 
2.08467 2.58437 2.74983 2.76171 2.7844 2.90038 
2.08467 2.58437 2.60672 2.74983 2.76171 2.7844 
1.39339 2.08467 2.58437 2.60672 2.74983 2.76171 
1.39339 2.08467 2.58437 2.60672 2.74983 2.76171 
1.39339 2.08467 2.58437 2.60672 2.73669 2.74983 
1.39339 2.08467 2.58437 2.60672 2.73669 2.74983 
1.39339 2.08467 2.58437 2.60672 2.73669 2.74983 
1.39339 2.08467 2.58437 2.60672 2.73669 2.74983 
1.39339 2.08467 2.58437 2.60672 2.73669 2.74983 
1.38332 1.39339 2.08467 2.58437 2.60672 2.73669 
1.38332 1.39339 2.08467 2.58437 2.60672 2.73669 
0.628447 1.38332 1.39339 2.08467 2.58437 2.60672 
0.628447 0.661392 1.38332 1.39339 2.08467 2.58437 
0.628447 0.661392 1.38332 1.39339 2.08467 2.58437 
0.628447 0.661392 1.38332 1.39339 1.55179 2.08467 
0.628447 0.661392 1.38332 1.39339 1.55179 2.08467 
0.628447 0.661392 1.38332 1.39339 1.55179 2.08467 
0.628447 0.661392 1.38332 1.39339 1.55179 2.08467 
0.628447 0.661392 1.38332 1.39339 1.55179 2.08467 
0.628447 0.661392 1.38332 1.39339 1.55179 2.08467 
0.628447 0.661392 1.38332 1.39339 1.55179 2.08467 
0.628447 0.661392 1.38332 1.39339 1.55179 2.08467 
0.628447 0.661392 1.38332 1.39339 1.55179 2.08467 
0.628447 0.661392 1.38332 1.39339 1.55179 2.08467 
0.628447 0.661392 1.38332 1.39339 1.55179 2.08467 
0.628447 0.661392 1.38332 1.39339 1.55179 2.08467 
0.628447 0.661392 1.38332 1.39339 1.55179 2.08467 
0.628447 0.661392 1.38332 1.39339 1.55179 2.08467 
0.628447 0.661392 1.38332 1.39339 1.55179 2.08467 
0.628447 0.661392 1.38332 1.39339 1.55179 2.08467 
0.628447 0.661392 1.38332 1.39339 1.55179 2.08467 
0.628447 0.661392 1.38332 1.39339 1.55179 2.08467 
0.628447 0.661392 1.38332 1.39339 1.55179 2.08467 
0.628447 0.661392 1.38332 1.39339 1.55179 2.08467 
0.628447 0.661392 1.38332 1.39339 1.55179 2.08467 
0.628447 0.661392 1.38332 1.39339 1.55179 2.08467 
0.628447 0.661392 1.38332 1.39339 1.55179 2.08467 
0.628447 0.661392 1.38332 1.39339 1.55179 2.08467 
0.628447 0.661392 1.38332 1.39339 1.55179 2.08467 
0.628447 0.661392 1.38332 1.39339 1.55179 2.08467 
0.628447 0.661392 1.38332 1.39339 1.55179 2.08467 
0.628447 0.661392 1.38332 1.39339 1.55179 2.08467 
0.628447 0.661392 1.38332 1.39339 1.55179 2.08467 
0.628447 0.661392 1.38332 1.39339 1.55179 2.08467 
0.628447 0.661392 1.38332 1.39339 1.55179 2.08467 
0.628447 0.661392 1.38332 1.39339 1.55179 2.08467 
0.628447 0.661392 1.38332 1.39339 1.55179 2.08467 
0.628447 0.661392 1.38332 1.39339 1.55179 2.08467 
0.628447 0.661392 1.38332 1.39339 1.55179 2.08467 
0.628447 0.661392 1.38332 1.39339 1.55179 2.08467 
0.628447 0.661392 1.38332 1.39339 1.55179 2.08467 
0.628447 0.661392 1.38332 1.39339 1.55179 2.08467 
0.628447 0.661392 1.38332 1.39339 1.55179 2.08467 
0.628447 0.661392 1.38332 1.39339 1.55179 2.08467 
0.628447 0.661392 1.38332 1.39339 1.55179 2.08467 
0.628447 0.661392 1.38332 1.39339 1.55179 2.08467 
0.628447 0.661392 1.38332 1.39339 1.55179 2.08467 
0.628447 0.661392 1.38332 1.39339 1.55179 2.08467 
0.628447 0.661392 1.38332 1.39339 1.55179 2.08467 
0.628447 0.661392 1.38332 1.39339 1.55179 2.08467 
0.628447 0.661392 1.38332 1.39339 1.55179 2.08467 
0.628447 0.661392 1.38332 1.39339 1.55179 2.08467 
0.628447 0.661392 1.38332 1.39339 1.55179 2.08467 
0.628447 0.661392 1.38332 1.39339 1.55179 2.08467 
0.628447 0.661392 1.38332 1.39339 1.55179 2.08467 
0.628447 0.661392 1.38332 1.39339 1.55179 2.08467 
0.628447 0.661392 1.38332 1.39339 1.55179 2.08467 
0.628447 0.661392 1.38332 1.39339 1.55179 2.08467 
0.628447 0.661392 1.38332 1.39339 1.55179 2.08467 
0.628447 0.661392 1.38332 1.39339 1.55179 2.08467 
0.628447 0.661392 1.38332 1.39339 1.55179 2.08467 
0.628447 0.661392 1.38332 1.39339 1.55179 2.08467 
