4.0456 4.41816 4.58839 4.7868 6.03534 6.32096 
1.3895 2.96521 3.09988 3.72555 4.0456 4.41816 
1.3895 2.96521 3.09988 3.42149 3.59145 3.72555 
1.3895 2.96521 3.09988 3.42149 3.59145 3.72555 
1.3895 2.96521 3.09988 3.42149 3.47642 3.59145 
1.3895 2.96521 3.09988 3.42149 3.47642 3.59145 
1.3895 2.96521 3.09988 3.17912 3.20565 3.42149 
1.3895 2.72575 2.96521 3.09988 3.17912 3.20565 
1.3895 2.62673 2.71543 2.72575 2.96521 3.09988 
1.3895 2.62673 2.71543 2.72575 2.96521 3.09988 
1.3895 2.62673 2.67331 2.71543 2.72575 2.96521 
1.3895 2.25394 2.62673 2.67331 2.71543 2.72575 
1.3895 2.25394 2.62673 2.67331 2.71543 2.72575 
1.3895 2.25394 2.62673 2.67331 2.71543 2.72575 
1.3895 2.25394 2.62673 2.67331 2.71543 2.72575 
1.3895 2.25394 2.62673 2.67331 2.71543 2.72575 
1.3895 1.57986 2.25394 2.62673 2.67331 2.71543 
1.3895 1.57986 2.25394 2.62673 2.67331 2.71543 
1.3895 1.57986 2.25394 2.62673 2.67331 2.68457 
1.3895 1.57986 2.25394 2.531 2.62673 2.67331 
0.671826 0.738303 1.3895 1.57986 2.25394 2.531 
0.671826 0.738303 1.3895 1.57986 2.25394 2.531 
0.671826 0.738303 1.3895 1.57986 2.25394 2.531 
0.671826 0.738303 1.3895 1.57986 2.25394 2.531 
0.671826 0.738303 1.3895 1.42027 1.57986 2.25394 
0.671826 0.738303 1.3895 1.42027 1.57986 2.25394 
0.671826 0.738303 0.905948 1.3895 1.42027 1.57986 
0.671826 0.738303 0.905948 1.3895 1.42027 1.57986 
0.671826 0.738303 0.905948 1.3895 1.42027 1.57986 
0.671826 0.738303 0.905948 1.3895 1.42027 1.57986 
0.671826 0.738303 0.905948 1.3895 1.42027 1.57986 
0.266226 0.671826 0.738303 0.905948 1.37453 1.3895 
0.266226 0.671826 0.738303 0.905948 1.37453 1.3895 
0.266226 0.671826 0.738303 0.905948 1.30533 1.37453 
0.266226 0.671826 0.738303 0.905948 1.30533 1.37453 
0.266226 0.671826 0.738303 0.753479 0.905948 1.30533 
0.262597 0.266226 0.658619 0.671826 0.738303 0.753479 
0.262597 0.266226 0.658619 0.671826 0.738303 0.753479 
0.262597 0.266226 0.658619 0.671826 0.722983 0.738303 
0.262597 0.266226 0.658619 0.671826 0.722983 0.738303 
0.0814168 0.262597 0.266226 0.658619 0.671826 0.722983 
0.0814168 0.262597 0.266226 0.301715 0.658619 0.671826 
0.0814168 0.262597 0.266226 0.301715 0.658619 0.671826 
0.0814168 0.262597 0.266226 0.301715 0.658619 0.671826 
0.0814168 0.262597 0.266226 0.301715 0.658619 0.671826 
0.0814168 0.262597 0.266226 0.301715 0.658619 0.671826 
0.0814168 0.262597 0.266226 0.301715 0.658619 0.671826 
0.0814168 0.262597 0.266226 0.301715 0.658619 0.671826 
0.0814168 0.262597 0.266226 0.301715 0.658619 0.671826 
0.0814168 0.262597 0.266226 0.301715 0.658619 0.671826 
0.0814168 0.262597 0.266226 0.301715 0.658619 0.671826 
0.0814168 0.262597 0.266226 0.301715 0.658619 0.671826 
0.0814168 0.262597 0.266226 0.301715 0.658619 0.671826 
0.0814168 0.262597 0.266226 0.301715 0.658619 0.671826 
0.0814168 0.262597 0.266226 0.301715 0.658619 0.671826 
0.0814168 0.262597 0.266226 0.301715 0.658619 0.671826 
0.0814168 0.262597 0.266226 0.301715 0.658619 0.671826 
0.0814168 0.262597 0.266226 0.301715 0.658619 0.671826 
0.0814168 0.262597 0.266226 0.301715 0.658619 0.671826 
0.0814168 0.262597 0.266226 0.301715 0.658619 0.671826 
0.0814168 0.262597 0.266226 0.301715 0.658619 0.671826 
0.0814168 0.262597 0.266226 0.301715 0.658619 0.671826 
0.0814168 0.262597 0.266226 0.301715 0.658619 0.671826 
0.0814168 0.262597 0.266226 0.301715 0.658619 0.671826 
0.0814168 0.262597 0.266226 0.301715 0.658619 0.671826 
0.0814168 0.262597 0.266226 0.301715 0.658619 0.671826 
0.0814168 0.262597 0.266226 0.301715 0.658619 0.671826 
0.0814168 0.262597 0.266226 0.301715 0.658619 0.671826 
0.0814168 0.262597 0.266226 0.301715 0.658619 0.671826 
0.0814168 0.262597 0.266226 0.301715 0.658619 0.671826 
0.0814168 0.262597 0.266226 0.301715 0.658619 0.671826 
0.0814168 0.262597 0.266226 0.301715 0.658619 0.671826 
0.0814168 0.262597 0.266226 0.301715 0.658619 0.671826 
0.0814168 0.262597 0.266226 0.301715 0.658619 0.671826 
0.0814168 0.262597 0.266226 0.301715 0.658619 0.671826 
0.0814168 0.262597 0.266226 0.301715 0.588218 0.658619 
0.0814168 0.262597 0.266226 0.301715 0.588218 0.658619 
0.0814168 0.262597 0.266226 0.301715 0.588218 0.658619 
0.0814168 0.262597 0.266226 0.301715 0.588218 0.658619 
0.0814168 0.262597 0.266226 0.301715 0.499123 0.588218 
0.0814168 0.262597 0.266226 0.301715 0.499123 0.588218 
0.0814168 0.262597 0.266226 0.301715 0.499123 0.588218 
0.0814168 0.262597 0.266226 0.301715 0.499123 0.588218 
0.0814168 0.262597 0.266226 0.301715 0.499123 0.588218 
0.0814168 0.262597 0.266226 0.301715 0.499123 0.588218 
0.0814168 0.262597 0.266226 0.301715 0.499123 0.588218 
0.0814168 0.262597 0.266226 0.301715 0.499123 0.588218 
0.0814168 0.262597 0.266226 0.301715 0.499123 0.588218 
0.0814168 0.262597 0.266226 0.301715 0.499123 0.588218 
0.0814168 0.262597 0.266226 0.301715 0.448801 0.499123 
0.0814168 0.262597 0.266226 0.301715 0.353284 0.421789 
0.0814168 0.262597 0.266226 0.301715 0.315008 0.353284 
0.0814168 0.262597 0.266226 0.301715 0.315008 0.353284 
0.0814168 0.262597 0.266226 0.287725 0.301715 0.313269 
0.0814168 0.262597 0.266226 0.287725 0.301715 0.313269 
0.0814168 0.262597 0.266226 0.287725 0.301715 0.313269 
0.0814168 0.262597 0.266226 0.287725 0.301715 0.313269 
0.0814168 0.262597 0.266226 0.287725 0.301715 0.313269 
0.0814168 0.262597 0.266226 0.287725 0.301715 0.313269 
0.0814168 0.262597 0.266226 0.287725 0.301715 0.313269 
