2.67191 3.20064 4.17055 4.29205 4.49639 4.83067 
2.67191 3.20064 4.17055 4.29205 4.49639 4.83067 
2.67191 3.20064 4.17055 4.29205 4.49639 4.83067 
2.67191 3.20064 3.27471 3.9545 4.17055 4.29205 
2.67191 3.20064 3.27471 3.77958 3.9545 4.17055 
2.67191 3.20064 3.24477 3.27471 3.77958 3.78143 
2.67191 3.20064 3.24477 3.27471 3.37738 3.77958 
2.67191 3.17564 3.20064 3.24477 3.25008 3.27471 
2.67191 3.17564 3.20064 3.24477 3.25008 3.27471 
2.67191 3.07357 3.17564 3.20064 3.24477 3.25008 
2.67191 3.07357 3.17564 3.20064 3.24477 3.25008 
0.472484 2.67191 3.07357 3.17564 3.20064 3.24477 
0.472484 2.67191 3.06339 3.07357 3.17564 3.20064 
0.472484 2.67191 3.06339 3.07357 3.17564 3.20064 
0.472484 1.46016 2.67191 3.06339 3.07357 3.12727 
0.472484 1.46016 2.67191 3.06339 3.07357 3.12727 
0.472484 1.46016 2.67191 2.68016 3.06339 3.07357 
0.472484 1.46016 2.67191 2.68016 3.06339 3.07357 
0.472484 1.46016 1.5895 2.67191 2.68016 3.06339 
0.472484 1.46016 1.5895 2.67191 2.68016 2.85434 
0.472484 1.46016 1.5895 2.53746 2.6509 2.67191 
0.472484 1.46016 1.5895 2.32203 2.53746 2.6509 
0.472484 1.46016 1.5895 2.32203 2.53746 2.6509 
0.472484 0.870978 1.46016 1.5895 2.32203 2.53746 
0.472484 0.870978 0.969509 1.46016 1.5895 2.32203 
0.472484 0.870978 0.969509 1.46016 1.5895 2.32203 
0.472484 0.870978 0.969509 1.46016 1.5895 2.32203 
0.472484 0.870978 0.969509 1.46016 1.5895 1.99569 
0.472484 0.641083 0.870978 0.969509 1.46016 1.5895 
0.472484 0.641083 0.870978 0.969509 1.46016 1.5895 
0.472484 0.641083 0.870978 0.969509 1.46016 1.5895 
0.472484 0.641083 0.870978 0.969509 1.46016 1.5895 
0.472484 0.641083 0.870978 0.926888 0.969509 1.46016 
0.472484 0.641083 0.870978 0.926888 0.969509 1.29534 
0.472484 0.641083 0.870978 0.926888 0.969509 1.29534 
0.472484 0.641083 0.870978 0.926888 0.969509 1.29534 
0.472484 0.641083 0.870978 0.926888 0.969509 1.29534 
0.472484 0.641083 0.870978 0.926888 0.969509 1.29534 
0.472484 0.641083 0.870978 0.926888 0.969509 1.29534 
0.472484 0.641083 0.870978 0.926888 0.969509 1.29534 
0.472484 0.641083 0.870978 0.926888 0.969509 1.29534 
0.472484 0.641083 0.870978 0.926888 0.969509 1.29534 
0.472484 0.641083 0.870978 0.926888 0.969509 1.29534 
0.472484 0.641083 0.870978 0.926888 0.969509 1.29534 
0.472484 0.641083 0.870978 0.926888 0.969509 1.29534 
0.472484 0.641083 0.870978 0.926888 0.969509 1.29534 
0.472484 0.641083 0.870978 0.926888 0.969509 1.29534 
0.472484 0.641083 0.870978 0.926888 0.969509 1.29534 
0.472484 0.641083 0.870978 0.926888 0.969509 1.29534 
0.472484 0.641083 0.870978 0.926888 0.969509 1.29534 
0.472484 0.641083 0.870978 0.926888 0.969509 1.29534 
0.472484 0.641083 0.870978 0.926888 0.969509 1.29534 
0.472484 0.641083 0.870978 0.926888 0.969509 1.29534 
0.472484 0.641083 0.870978 0.926888 0.969509 1.29534 
0.472484 0.641083 0.870978 0.926888 0.969509 1.29534 
0.472484 0.641083 0.870978 0.926888 0.969509 1.29534 
0.472484 0.641083 0.870978 0.926888 0.969509 1.29534 
0.472484 0.641083 0.870978 0.926888 0.969509 1.29534 
0.472484 0.641083 0.870978 0.926888 0.969509 1.29534 
0.472484 0.641083 0.870978 0.926888 0.969509 1.29534 
0.472484 0.641083 0.870978 0.926888 0.969509 1.29534 
0.472484 0.641083 0.870978 0.926888 0.969509 1.29534 
0.472484 0.641083 0.870978 0.926888 0.969509 1.29534 
0.472484 0.641083 0.870978 0.926888 0.969509 1.29534 
0.472484 0.641083 0.870978 0.926888 0.969509 1.29534 
0.472484 0.641083 0.870978 0.926888 0.969509 1.29534 
0.472484 0.641083 0.870978 0.926888 0.969509 1.29534 
0.472484 0.641083 0.870978 0.926888 0.969509 1.29534 
0.472484 0.641083 0.870978 0.926888 0.969509 1.29534 
0.472484 0.641083 0.870978 0.926888 0.969509 1.29534 
0.472484 0.641083 0.870978 0.926888 0.969509 1.29534 
0.472484 0.641083 0.870978 0.926888 0.969509 1.29534 
0.472484 0.641083 0.870978 0.926888 0.969509 1.29534 
0.472484 0.641083 0.870978 0.926888 0.969509 1.29534 
0.472484 0.641083 0.870978 0.926888 0.969509 1.29534 
0.472484 0.641083 0.870978 0.926888 0.969509 1.29534 
0.472484 0.641083 0.870978 0.926888 0.969509 1.29534 
0.472484 0.641083 0.870978 0.926888 0.969509 1.29534 
0.472484 0.641083 0.870978 0.926888 0.969509 1.29534 
0.472484 0.641083 0.870978 0.926888 0.969509 1.29534 
0.472484 0.641083 0.870978 0.926888 0.969509 1.29534 
0.472484 0.641083 0.870978 0.926888 0.969509 1.29534 
0.472484 0.641083 0.870978 0.926888 0.969509 1.29534 
0.472484 0.641083 0.870978 0.926888 0.969509 1.29534 
0.472484 0.641083 0.870978 0.926888 0.969509 1.29534 
0.472484 0.641083 0.870978 0.926888 0.969509 1.29534 
0.472484 0.641083 0.870978 0.926888 0.969509 1.29534 
0.472484 0.641083 0.870978 0.926888 0.969509 1.29534 
0.472484 0.641083 0.870978 0.926888 0.969509 1.29534 
0.472484 0.641083 0.870978 0.926888 0.969509 1.29534 
0.472484 0.641083 0.870978 0.926888 0.969509 1.29534 
0.472484 0.641083 0.870978 0.926888 0.969509 1.29534 
0.472484 0.641083 0.870978 0.926888 0.969509 1.29534 
0.472484 0.641083 0.870978 0.926888 0.969509 1.29534 
0.472484 0.641083 0.870978 0.926888 0.969509 1.29534 
0.472484 0.641083 0.870978 0.926888 0.969509 1.29534 
0.472484 0.641083 0.870978 0.926888 0.969509 1.29534 
0.472484 0.641083 0.870978 0.926888 0.969509 1.29534 
0.472484 0.641083 0.870978 0.926888 0.969509 1.29534 
0.472484 0.641083 0.870978 0.926888 0.969509 1.29534 
