3.92211 6.32005 6.58378 7.40975 7.56772 9.36554 
3.92211 6.17468 6.32005 6.58378 7.1061 7.40975 
3.92211 4.95754 6.09567 6.17468 6.32005 6.58378 
2.16937 3.92211 4.56869 4.95754 5.87725 6.09567 
2.16937 3.92211 4.56869 4.95754 5.87725 6.09567 
2.16937 3.83074 3.92211 4.56869 4.95754 5.87725 
2.16937 3.83074 3.92211 4.56869 4.95754 5.87725 
2.16937 3.83074 3.92211 4.01183 4.56869 4.95754 
2.16937 3.36209 3.62896 3.83074 3.92211 4.01183 
2.16937 3.36209 3.62896 3.83074 3.92211 4.01183 
2.16937 3.36209 3.62896 3.83074 3.92211 4.01183 
2.16937 3.36209 3.62896 3.83074 3.92211 4.01183 
2.16937 2.63021 3.03083 3.20239 3.32132 3.36209 
2.16937 2.63021 3.03083 3.20239 3.32132 3.36209 
2.16937 2.63021 3.03083 3.20239 3.32132 3.36209 
2.16937 2.63021 3.03083 3.20239 3.32132 3.36209 
2.16937 2.63021 3.03083 3.20239 3.32132 3.36209 
2.16937 2.63021 3.03083 3.20239 3.32132 3.36209 
2.16937 2.63021 3.03083 3.20239 3.32132 3.36209 
2.16937 2.63021 3.03083 3.20239 3.32132 3.36209 
2.16937 2.63021 3.03083 3.20239 3.32132 3.36209 
2.16937 2.63021 3.03083 3.20239 3.32132 3.36209 
2.16937 2.63021 3.03083 3.20239 3.32132 3.36209 
2.16937 2.63021 3.03083 3.20239 3.32132 3.36209 
2.16937 2.63021 2.96207 3.03083 3.20239 3.32132 
2.16937 2.63021 2.96207 3.03083 3.20239 3.32132 
2.16937 2.63021 2.96207 3.03083 3.20239 3.32132 
2.16937 2.63021 2.96207 3.03083 3.20239 3.32132 
2.16937 2.63021 2.96207 3.03083 3.20239 3.32132 
2.16937 2.63021 2.96207 3.03083 3.14737 3.20239 
2.16937 2.63021 2.96207 3.03083 3.14737 3.20239 
2.16937 2.63021 2.96207 3.02814 3.03083 3.13481 
1.40966 2.16937 2.63021 2.86258 2.96207 3.02814 
1.40966 2.16937 2.63021 2.86258 2.96207 3.02814 
1.24842 1.40966 2.16937 2.63021 2.86258 2.96207 
1.24842 1.40966 2.16937 2.63021 2.86258 2.89314 
1.24842 1.40966 2.07054 2.16937 2.63021 2.86258 
1.24842 1.40966 2.07054 2.16937 2.63021 2.86258 
1.24842 1.40966 2.07054 2.16937 2.63021 2.86258 
1.24842 1.40966 2.07054 2.16937 2.63021 2.86258 
1.20828 1.24842 1.40966 2.07054 2.16937 2.63021 
1.20828 1.24842 1.40966 2.07054 2.16937 2.26246 
0.445259 1.20828 1.24842 1.40966 2.07054 2.16937 
0.445259 1.20828 1.24842 1.40966 2.07054 2.16937 
0.445259 1.20828 1.24842 1.40966 2.07054 2.16937 
0.445259 1.20828 1.24842 1.40966 2.07054 2.16937 
0.445259 1.20828 1.24842 1.40966 2.07054 2.16937 
0.445259 1.20828 1.24842 1.40966 1.5117 2.07054 
0.445259 1.20828 1.24842 1.40966 1.5117 2.07054 
0.445259 1.20828 1.24842 1.40966 1.5117 1.68679 
0.445259 1.20828 1.24842 1.40966 1.5117 1.68679 
0.445259 1.20828 1.24842 1.40966 1.5117 1.63656 
0.445259 1.20828 1.24842 1.40966 1.5117 1.63656 
0.445259 1.20828 1.24842 1.40966 1.5117 1.63656 
0.445259 1.20828 1.24842 1.40966 1.44143 1.5117 
0.445259 1.20828 1.24842 1.40966 1.44143 1.5117 
0.445259 0.472963 1.20828 1.24842 1.40966 1.44143 
0.219904 0.445259 0.472963 1.20828 1.24842 1.40966 
0.219904 0.445259 0.472963 1.20828 1.24842 1.40966 
0.219904 0.445259 0.472963 1.20828 1.24842 1.40966 
0.219904 0.445259 0.472963 1.20828 1.24842 1.40966 
0.219904 0.445259 0.472963 1.20828 1.24842 1.40966 
0.219904 0.445259 0.472963 1.20828 1.24842 1.40966 
0.219904 0.445259 0.472963 1.20828 1.24842 1.40966 
0.219904 0.445259 0.472963 1.20828 1.24842 1.40966 
0.219904 0.445259 0.472963 1.20828 1.24842 1.40966 
0.219904 0.445259 0.472963 1.20828 1.24842 1.40966 
0.219904 0.445259 0.472963 1.20828 1.24842 1.40966 
0.219904 0.445259 0.472963 1.20828 1.24842 1.40966 
0.219904 0.445259 0.472963 1.20828 1.24842 1.40966 
0.219904 0.445259 0.472963 1.20828 1.24842 1.40966 
0.219904 0.445259 0.472963 1.20828 1.24842 1.40966 
0.219904 0.445259 0.472963 1.20828 1.24842 1.40966 
0.219904 0.445259 0.472963 1.20828 1.24842 1.40966 
0.219904 0.445259 0.472963 1.20828 1.24842 1.40966 
0.219904 0.445259 0.472963 1.20828 1.24842 1.40966 
0.219904 0.445259 0.472963 1.20828 1.24842 1.40966 
0.219904 0.445259 0.472963 1.20828 1.24842 1.40966 
0.219904 0.445259 0.472963 1.20828 1.24842 1.40966 
0.219904 0.445259 0.472963 1.20828 1.24842 1.40966 
0.219904 0.445259 0.472963 1.20828 1.24842 1.40966 
0.219904 0.445259 0.472963 1.20828 1.24842 1.40966 
0.219904 0.445259 0.472963 1.20828 1.24842 1.40966 
0.219904 0.445259 0.472963 1.20828 1.24842 1.40966 
0.219904 0.445259 0.472963 1.20828 1.24842 1.40966 
0.219904 0.445259 0.472963 1.20828 1.24842 1.40966 
0.219904 0.445259 0.472963 1.20828 1.24842 1.40966 
0.219904 0.445259 0.472963 1.20828 1.24842 1.40966 
0.219904 0.445259 0.472963 1.20828 1.24842 1.40966 
0.219904 0.445259 0.472963 1.20828 1.24842 1.40966 
0.219904 0.445259 0.472963 1.20828 1.24842 1.40966 
0.219904 0.445259 0.472963 1.20828 1.24842 1.40966 
0.219904 0.445259 0.472963 1.20828 1.24842 1.40966 
0.219904 0.445259 0.472963 1.20828 1.24842 1.40966 
0.219904 0.445259 0.472963 1.20828 1.24842 1.40966 
0.219904 0.445259 0.472963 1.20828 1.24842 1.40966 
0.219904 0.445259 0.472963 1.20828 1.24842 1.40966 
0.219904 0.445259 0.472963 1.20828 1.24842 1.40966 
0.219904 0.445259 0.472963 1.20828 1.24842 1.40966 
0.219904 0.445259 0.472963 1.20828 1.24842 1.40966 
