1.26589 5.83002 5.94716 8.48355 8.55321 9.25331 
1.26589 5.42516 5.48304 5.83002 5.94716 6.25029 
1.26589 4.53273 4.68664 5.42516 5.48304 5.83002 
1.26589 4.53273 4.68664 5.42516 5.48304 5.83002 
1.26589 4.53273 4.68664 5.42516 5.48304 5.83002 
1.26589 2.69464 4.53273 4.68664 5.42516 5.48304 
1.26589 2.69464 4.53273 4.68664 5.42516 5.48304 
1.26589 2.69464 4.53273 4.68664 5.42516 5.48304 
1.26589 2.69464 4.53273 4.68664 5.42516 5.48304 
1.26589 2.69464 4.53273 4.68664 5.42516 5.48304 
1.26589 2.69464 3.67077 4.38587 4.46771 4.53273 
1.26589 2.69464 3.4231 3.67077 4.38587 4.46771 
1.26589 2.69464 3.4231 3.67077 4.38587 4.46771 
1.26589 2.69464 3.4231 3.67077 4.38587 4.46771 
1.26589 2.69464 3.4231 3.67077 4.38587 4.46771 
1.26589 2.69464 3.4231 3.67077 4.38587 4.46771 
1.26589 2.69464 3.23751 3.4231 3.67077 4.38587 
1.26589 2.69464 3.23751 3.4231 3.67077 4.38587 
1.26589 2.69464 3.23751 3.4231 3.67077 4.38587 
1.26589 2.69464 3.23751 3.4231 3.67077 4.38587 
1.26589 2.69464 3.23751 3.4231 3.67077 4.38587 
1.26589 2.69464 3.23751 3.4231 3.67077 4.06101 
1.26589 2.69464 3.23751 3.4231 3.65357 3.67077 
1.26589 2.69464 3.23751 3.4231 3.65357 3.67077 
1.26589 2.69464 3.23751 3.4231 3.65357 3.67077 
1.26589 2.69464 2.9321 3.23751 3.4231 3.48468 
1.26589 2.69464 2.9321 2.95216 3.23751 3.4231 
1.26589 2.69464 2.9321 2.95216 3.23751 3.4231 
1.26589 2.69464 2.9321 2.95216 3.23751 3.4231 
1.26589 1.70763 2.3422 2.69464 2.9321 2.95216 
1.26589 1.70763 2.3422 2.69464 2.9321 2.95216 
1.26589 1.70763 2.3422 2.69464 2.9321 2.95216 
0.858292 1.26589 1.70763 2.3422 2.69464 2.9321 
0.858292 1.26589 1.70763 2.3422 2.69464 2.9321 
0.858292 1.12741 1.26589 1.70763 2.3422 2.69464 
0.858292 1.12741 1.26589 1.67863 1.70763 2.3422 
0.858292 1.08106 1.12741 1.26589 1.67863 1.70763 
0.858292 1.08106 1.12741 1.26589 1.53005 1.67863 
0.858292 1.08106 1.12741 1.26589 1.53005 1.67863 
0.858292 1.08106 1.12741 1.26589 1.53005 1.67863 
0.858292 1.08106 1.12741 1.26589 1.53005 1.67863 
0.0137126 0.858292 1.08106 1.12741 1.26589 1.53005 
0.0137126 0.858292 1.08106 1.12741 1.26589 1.53005 
0.0137126 0.858292 1.08106 1.12741 1.26589 1.53005 
0.0137126 0.858292 1.08106 1.12741 1.26589 1.53005 
0.0137126 0.858292 1.08106 1.12741 1.26589 1.53005 
0.0137126 0.858292 1.08106 1.12741 1.26589 1.53005 
0.0137126 0.858292 1.08106 1.12741 1.26589 1.53005 
0.0137126 0.858292 1.08106 1.12741 1.26589 1.53005 
0.0137126 0.578185 0.858292 1.08106 1.12741 1.26589 
0.0137126 0.578185 0.858292 1.08106 1.12741 1.26589 
0.0137126 0.578185 0.858292 1.08106 1.12741 1.26589 
0.0137126 0.374496 0.578185 0.858292 1.08106 1.12741 
0.0137126 0.374496 0.578185 0.858292 1.08106 1.12741 
0.0137126 0.374496 0.578185 0.858292 1.08106 1.12741 
0.0137126 0.374496 0.578185 0.858292 1.08106 1.12741 
0.0137126 0.374496 0.578185 0.858292 1.08106 1.12741 
0.0137126 0.374496 0.578185 0.858292 1.08106 1.12741 
0.0137126 0.374496 0.578185 0.858292 1.08106 1.12741 
0.0137126 0.374496 0.578185 0.858292 1.08106 1.12741 
0.0137126 0.374496 0.578185 0.858292 1.08106 1.12741 
0.0137126 0.374496 0.578185 0.858292 1.08106 1.12741 
0.0137126 0.374496 0.578185 0.858292 1.08106 1.12741 
0.0137126 0.374496 0.578185 0.858292 1.08106 1.12741 
0.0137126 0.374496 0.578185 0.858292 1.08106 1.12741 
0.0137126 0.374496 0.578185 0.858292 1.08106 1.12741 
0.0137126 0.374496 0.578185 0.858292 1.08106 1.12741 
0.0137126 0.374496 0.578185 0.858292 1.08106 1.12741 
0.0137126 0.351887 0.374496 0.578185 0.858292 1.08106 
0.0137126 0.351887 0.374496 0.399425 0.578185 0.858292 
0.0137126 0.351887 0.374496 0.399425 0.578185 0.858292 
0.0137126 0.351887 0.374496 0.399425 0.578185 0.858292 
0.0137126 0.351887 0.374496 0.399425 0.578185 0.858292 
0.0137126 0.351887 0.374496 0.399425 0.578185 0.858292 
0.0137126 0.351887 0.374496 0.399425 0.578185 0.858292 
0.0137126 0.351887 0.374496 0.399425 0.578185 0.858292 
0.0137126 0.351887 0.374496 0.399425 0.578185 0.858292 
0.0137126 0.351887 0.374496 0.399425 0.578185 0.858292 
0.0137126 0.351887 0.374496 0.399425 0.578185 0.858292 
0.0137126 0.351887 0.374496 0.399425 0.578185 0.858292 
0.0137126 0.351887 0.374496 0.399425 0.578185 0.858292 
0.0137126 0.351887 0.374496 0.399425 0.578185 0.858292 
0.0137126 0.351887 0.374496 0.399425 0.578185 0.858292 
0.0137126 0.351887 0.374496 0.399425 0.578185 0.858292 
0.0137126 0.351887 0.374496 0.399425 0.578185 0.858292 
0.0137126 0.351887 0.374496 0.399425 0.578185 0.858292 
0.0137126 0.351887 0.374496 0.399425 0.504431 0.578185 
0.0137126 0.351887 0.374496 0.399425 0.504431 0.578185 
0.0137126 0.351887 0.374496 0.399425 0.504431 0.578185 
0.0137126 0.351887 0.374496 0.399425 0.504431 0.578185 
0.0137126 0.351887 0.374496 0.399425 0.504431 0.578185 
0.0137126 0.351887 0.374496 0.399425 0.504431 0.578185 
0.0137126 0.351887 0.374496 0.399425 0.504431 0.578185 
0.0137126 0.351887 0.374496 0.399425 0.504431 0.578185 
0.0137126 0.351887 0.374496 0.399425 0.504431 0.578185 
0.0137126 0.351887 0.374496 0.399425 0.504431 0.578185 
0.0137126 0.351887 0.374496 0.399425 0.504431 0.578185 
0.0137126 0.351887 0.374496 0.399425 0.504431 0.578185 
0.0137126 0.351887 0.374496 0.399425 0.504431 0.578185 
0.0137126 0.351887 0.374496 0.399425 0.504431 0.578185 
