2.94865 6.18637 6.20225 7.75575 9.35724 9.85974 
2.94865 4.52766 4.97141 6.18637 6.20225 7.52201 
2.94865 4.52766 4.97141 5.71982 5.87566 5.93564 
2.94865 4.52766 4.97141 5.71982 5.87566 5.93564 
2.94865 4.52766 4.97141 5.71982 5.87566 5.88067 
2.94865 4.52766 4.97141 5.71982 5.87566 5.88067 
2.94865 4.52766 4.97141 5.71982 5.87566 5.88067 
2.94865 4.52766 4.97141 5.51831 5.71982 5.87566 
2.94865 4.52766 4.97141 5.51831 5.67837 5.71982 
2.94865 4.52766 4.97141 5.51831 5.67837 5.71982 
2.94865 3.2471 4.52766 4.58411 4.97141 5.25518 
2.94865 3.2471 4.3873 4.52766 4.58411 4.97141 
2.94865 3.2471 4.3873 4.52766 4.58411 4.97141 
2.94865 3.2471 4.04811 4.3873 4.52766 4.58411 
2.94865 3.2471 3.43779 4.04811 4.12043 4.3873 
2.94865 3.2471 3.43779 4.04811 4.12043 4.3873 
2.94865 3.2471 3.43779 4.04811 4.12043 4.3873 
2.94865 3.2471 3.43779 3.84922 4.04811 4.12043 
2.94543 2.94865 3.2471 3.43779 3.84922 4.04811 
2.94543 2.94865 3.2471 3.43779 3.72828 3.84922 
2.94543 2.94865 3.2471 3.33226 3.43779 3.72828 
2.94543 2.94865 3.2471 3.33226 3.43779 3.72828 
2.94543 2.94865 3.2471 3.33226 3.43779 3.72828 
2.94543 2.94865 3.2471 3.33226 3.43779 3.72828 
2.94543 2.94865 3.2471 3.33226 3.43779 3.72828 
1.07457 2.94543 2.94865 3.2471 3.33226 3.34001 
1.07457 2.94543 2.94865 3.2471 3.33226 3.34001 
1.07457 2.94543 2.94865 3.2471 3.33226 3.34001 
1.07457 2.94543 2.94865 3.2471 3.33226 3.34001 
1.07457 2.94543 2.94865 3.2471 3.33226 3.34001 
1.07457 2.94543 2.94865 3.2471 3.33226 3.34001 
1.07457 2.94543 2.94865 3.2471 3.33226 3.34001 
1.07457 2.94543 2.94865 3.2471 3.33226 3.34001 
1.07457 2.85031 2.94543 2.94865 3.2471 3.33226 
1.07457 2.85031 2.94543 2.94865 3.2471 3.33226 
1.07457 2.85031 2.94543 2.94865 3.2471 3.33226 
1.07457 2.85031 2.94543 2.94865 3.2471 3.33226 
1.07457 2.85031 2.94543 2.94865 3.2471 3.33226 
1.07457 2.85031 2.94543 2.94865 3.2471 3.33226 
1.07457 2.85031 2.94543 2.94865 3.2471 3.33226 
1.07457 2.85031 2.94543 2.94865 2.97564 3.2471 
1.07457 2.85031 2.94543 2.94865 2.97564 3.2471 
1.07457 2.85031 2.94543 2.94865 2.97564 3.2471 
1.07457 2.85031 2.94543 2.94865 2.97564 3.2471 
1.07457 2.85031 2.94543 2.94865 2.97564 3.2471 
1.07457 2.85031 2.94543 2.94865 2.97564 3.2471 
1.07457 2.85031 2.94543 2.94865 2.97564 3.2471 
1.07457 2.85031 2.94543 2.94865 2.97564 3.2471 
1.07457 2.85031 2.94543 2.94865 2.97564 3.2471 
1.07457 2.85031 2.94543 2.94865 2.97564 3.2471 
1.07457 2.85031 2.94543 2.94865 2.97564 3.2471 
1.07457 2.85031 2.94543 2.94865 2.97564 3.2471 
1.07457 2.85031 2.94543 2.94865 2.97564 3.2471 
1.07457 2.85031 2.94543 2.94865 2.97564 3.2471 
1.07457 2.85031 2.94543 2.94865 2.97564 3.2471 
1.07457 2.85031 2.94543 2.94865 2.97564 3.2471 
1.07457 2.85031 2.94543 2.94865 2.97564 3.2471 
1.07457 2.85031 2.94543 2.94865 2.97564 3.2471 
1.07457 2.85031 2.94543 2.94865 2.97564 3.2471 
1.07457 2.85031 2.94543 2.94865 2.97564 3.2471 
1.07457 2.85031 2.94543 2.94865 2.97564 3.2471 
1.07457 2.85031 2.94543 2.94865 2.97564 3.2471 
1.07457 2.85031 2.94543 2.94865 2.97564 3.2471 
1.07457 1.78517 2.85031 2.94543 2.94865 2.97564 
1.07457 1.78517 2.85031 2.94543 2.94865 2.97564 
1.07457 1.78517 2.85031 2.94543 2.94865 2.97564 
1.07457 1.78517 2.85031 2.94543 2.94865 2.97564 
1.07457 1.78517 2.85031 2.94543 2.94865 2.97564 
1.07457 1.78517 2.85031 2.94543 2.94865 2.97564 
1.07457 1.78517 2.85031 2.94543 2.94865 2.97564 
1.07457 1.78517 2.85031 2.94543 2.94865 2.97564 
1.07457 1.78517 2.85031 2.94543 2.94865 2.97564 
1.07457 1.78517 2.85031 2.94543 2.94865 2.97564 
1.07457 1.78517 2.85031 2.94543 2.94865 2.97564 
1.07457 1.78517 2.85031 2.94543 2.94865 2.97564 
1.07457 1.78517 2.85031 2.94543 2.94865 2.97564 
1.07457 1.78517 2.85031 2.94543 2.94865 2.97564 
1.07457 1.78517 2.85031 2.94543 2.94865 2.97564 
1.07457 1.78517 2.85031 2.94543 2.94865 2.97564 
1.07457 1.78517 2.85031 2.94543 2.94865 2.97564 
1.07457 1.78517 2.85031 2.94543 2.94865 2.97564 
1.07457 1.78517 2.85031 2.94543 2.94865 2.97564 
1.07457 1.78517 2.85031 2.94543 2.94865 2.97564 
1.07457 1.78517 2.85031 2.94543 2.94865 2.97564 
1.07457 1.78517 2.85031 2.94543 2.94865 2.97564 
1.07457 1.78517 2.85031 2.92335 2.94543 2.94865 
1.07457 1.09069 1.78517 2.85031 2.92335 2.94543 
1.07457 1.09069 1.78517 2.85031 2.92335 2.94543 
1.07457 1.09069 1.78517 2.85031 2.92335 2.94543 
1.07457 1.09069 1.78517 2.85031 2.92335 2.94543 
1.07457 1.09069 1.78517 2.85031 2.92335 2.94543 
1.07457 1.09069 1.78517 2.85031 2.92335 2.94543 
1.07457 1.09069 1.78517 2.85031 2.92335 2.92566 
1.07457 1.09069 1.78517 2.85031 2.92335 2.92566 
1.07457 1.09069 1.78517 2.85031 2.92335 2.92566 
1.07457 1.09069 1.78517 2.85031 2.92335 2.92566 
1.07457 1.09069 1.78517 2.85031 2.92335 2.92566 
1.07457 1.09069 1.78517 2.85031 2.92335 2.92566 
1.07457 1.09069 1.78517 2.85031 2.92335 2.92566 
1.07457 1.09069 1.78517 2.85031 2.92335 2.92566 
