6.3071 6.5277 8.41728 8.65444 9.94333 10.0699 
4.48076 6.3071 6.5277 6.56593 8.15201 8.41728 
4.24376 4.48076 6.3071 6.5277 6.56593 7.05724 
2.82905 4.24376 4.48076 5.49534 5.88936 6.3071 
2.82905 4.24376 4.48076 5.49534 5.88936 6.3071 
2.82905 4.07606 4.24376 4.48076 5.49534 5.86906 
2.82905 4.07606 4.24376 4.48076 5.49534 5.86906 
2.82905 4.07606 4.24376 4.48076 5.36697 5.49534 
2.82905 4.07606 4.24376 4.48076 4.91661 5.36697 
2.82905 4.07606 4.24376 4.48076 4.91661 5.36697 
2.82905 3.73083 4.07606 4.14762 4.24376 4.48076 
2.82905 3.73083 4.07606 4.14762 4.24376 4.30885 
2.82905 3.45318 3.73083 4.07606 4.12321 4.14762 
2.82905 3.45318 3.73083 4.07606 4.12321 4.14762 
2.82905 3.45318 3.73083 4.07606 4.12321 4.14762 
2.82905 3.45318 3.73083 3.74621 4.07606 4.12321 
2.82905 3.45318 3.73083 3.74621 4.07606 4.12321 
2.82905 3.11832 3.45318 3.73083 3.74621 4.07606 
2.82905 3.11832 3.45318 3.73083 3.74621 4.07606 
2.82905 3.11832 3.12795 3.45318 3.73083 3.74621 
2.82905 3.11832 3.12795 3.45318 3.60731 3.73083 
2.82905 3.11832 3.12795 3.45318 3.60731 3.73083 
2.82905 3.11832 3.12795 3.29685 3.45318 3.60731 
2.82905 3.11832 3.12795 3.29685 3.45318 3.60731 
2.82905 3.11832 3.12795 3.29685 3.40345 3.45318 
2.82905 3.11832 3.12795 3.29685 3.40345 3.45318 
1.94788 2.82905 3.11832 3.12795 3.29685 3.40345 
1.79578 1.94788 2.82905 3.11832 3.12795 3.29685 
0.983036 1.79578 1.94788 2.82905 3.11832 3.12795 
0.983036 1.79578 1.94788 2.82905 3.11832 3.12795 
0.983036 1.79578 1.94788 2.82905 3.11832 3.12795 
0.983036 1.79578 1.94788 2.55666 2.75161 2.82905 
0.983036 1.79578 1.94788 2.55666 2.75161 2.82905 
0.983036 1.79578 1.94788 2.55666 2.75161 2.82905 
0.983036 1.79578 1.94788 2.55666 2.73096 2.75161 
0.983036 1.15843 1.79578 1.94788 2.55666 2.73096 
0.983036 1.15843 1.79578 1.94788 2.55666 2.73096 
0.983036 1.15843 1.79578 1.94788 2.40592 2.55666 
0.983036 1.15843 1.79578 1.94788 2.40592 2.55666 
0.983036 1.15843 1.75198 1.79578 1.94788 2.40592 
0.983036 1.15843 1.20523 1.75198 1.79578 1.94788 
0.983036 1.15843 1.20523 1.75198 1.79578 1.94788 
0.983036 1.15843 1.20523 1.75198 1.79578 1.94788 
0.983036 1.15843 1.20523 1.75198 1.79578 1.94788 
0.983036 1.15843 1.20523 1.75198 1.79578 1.94788 
0.983036 1.15843 1.20523 1.75198 1.79578 1.85516 
0.983036 1.15843 1.20523 1.75198 1.79578 1.85516 
0.983036 1.15843 1.20523 1.75198 1.79578 1.85516 
0.983036 1.15843 1.20523 1.75198 1.79578 1.85516 
0.983036 1.15843 1.20523 1.75198 1.79578 1.85516 
0.983036 1.15843 1.20523 1.75198 1.79578 1.85516 
0.983036 1.15843 1.20523 1.75198 1.79578 1.85516 
0.983036 1.15843 1.20523 1.75198 1.79578 1.85516 
0.983036 1.15843 1.20523 1.75198 1.79578 1.85516 
0.983036 1.15843 1.20523 1.75198 1.79578 1.85516 
0.983036 1.15843 1.20523 1.75198 1.79578 1.85516 
0.983036 1.15843 1.20523 1.75198 1.79578 1.85516 
0.894126 0.983036 1.15843 1.20523 1.75198 1.79578 
0.894126 0.983036 1.15843 1.20523 1.75198 1.79578 
0.894126 0.983036 1.15843 1.20523 1.75198 1.79578 
0.894126 0.983036 1.15843 1.20523 1.75198 1.79578 
0.894126 0.983036 1.15843 1.20523 1.75198 1.79578 
0.894126 0.983036 1.15843 1.20523 1.75198 1.79578 
0.894126 0.983036 1.15843 1.20523 1.75198 1.79578 
0.894126 0.983036 1.15843 1.20523 1.75198 1.79578 
0.894126 0.983036 1.15843 1.20523 1.75198 1.79578 
0.894126 0.983036 1.15843 1.20523 1.75198 1.79578 
0.894126 0.983036 1.15843 1.20523 1.75198 1.79578 
0.894126 0.983036 1.15843 1.20523 1.75198 1.79578 
0.894126 0.983036 1.15843 1.20523 1.75198 1.79578 
0.894126 0.983036 1.15843 1.20523 1.58314 1.75198 
0.894126 0.983036 1.15843 1.20523 1.58314 1.75198 
0.894126 0.983036 1.15843 1.20523 1.58314 1.75198 
0.894126 0.983036 1.15843 1.20523 1.58314 1.6448 
0.894126 0.964838 0.983036 1.15843 1.20523 1.58314 
0.842527 0.894126 0.964838 0.983036 1.15843 1.20523 
0.643472 0.842527 0.894126 0.964838 0.983036 1.15843 
0.643472 0.842527 0.894126 0.964838 0.983036 1.15843 
0.643472 0.842527 0.894126 0.964838 0.983036 1.15843 
0.643472 0.842527 0.894126 0.964838 0.983036 1.15843 
0.643472 0.842527 0.894126 0.964838 0.983036 1.15843 
0.643472 0.842527 0.894126 0.964838 0.983036 1.15843 
0.643472 0.842527 0.894126 0.964838 0.983036 1.15843 
0.643472 0.842527 0.894126 0.964838 0.983036 1.15843 
0.643472 0.842527 0.894126 0.964838 0.983036 1.15843 
0.0280961 0.643472 0.842527 0.894126 0.964838 0.983036 
0.0280961 0.07088 0.643472 0.842527 0.894126 0.964838 
0.0280961 0.07088 0.643472 0.842527 0.894126 0.964838 
0.0280961 0.07088 0.643472 0.842527 0.894126 0.964838 
0.0280961 0.07088 0.643472 0.842527 0.894126 0.964838 
0.0280961 0.07088 0.643472 0.842527 0.894126 0.964838 
0.0280961 0.07088 0.588628 0.643472 0.842527 0.894126 
0.0280961 0.07088 0.588628 0.643472 0.842527 0.894126 
0.0280961 0.07088 0.588628 0.643472 0.842527 0.894126 
0.0280961 0.07088 0.588628 0.643472 0.842527 0.894126 
0.0280961 0.07088 0.588628 0.643472 0.842527 0.894126 
0.0280961 0.07088 0.588628 0.643472 0.842527 0.894126 
0.0280961 0.07088 0.588628 0.643472 0.842527 0.894126 
0.0280961 0.07088 0.588628 0.643472 0.842527 0.894126 
0.0280961 0.07088 0.588628 0.643472 0.842527 0.894126 
