4.29778 6.02897 6.15133 6.20294 6.43806 6.89932 
3.97866 4.29778 6.0152 6.02897 6.05297 6.15133 
3.97866 4.29778 4.36615 4.4068 6.0152 6.02897 
2.83394 3.97866 4.29778 4.36615 4.4068 6.0152 
2.83394 3.91742 3.97866 4.29778 4.36615 4.4068 
1.75479 2.83394 3.57968 3.91742 3.97866 4.29778 
1.75479 2.83394 3.57968 3.91742 3.97866 4.29778 
1.75479 2.83394 3.57968 3.91742 3.97866 4.29778 
1.75479 2.83394 3.37756 3.57968 3.88096 3.91742 
1.75479 2.83394 3.37756 3.57968 3.88096 3.91742 
1.75479 2.83394 3.37756 3.57968 3.88096 3.91742 
1.75479 2.83394 3.37756 3.57968 3.86009 3.88096 
1.75479 2.83394 3.31768 3.37756 3.57968 3.86009 
1.75479 2.83394 3.31768 3.37756 3.57968 3.86009 
1.75479 2.83394 3.31768 3.37756 3.57968 3.86009 
1.75479 2.83394 3.09743 3.31768 3.37756 3.57968 
1.75479 2.83394 3.09743 3.31768 3.37756 3.57968 
1.00732 1.75479 1.77027 2.83394 3.09743 3.31768 
1.00732 1.24277 1.75479 1.77027 2.66237 2.83394 
1.00732 1.24277 1.75479 1.77027 2.2915 2.66237 
1.00732 1.24277 1.75479 1.77027 2.12346 2.2915 
1.00732 1.24277 1.39213 1.75479 1.77027 2.12346 
1.00732 1.24277 1.25035 1.39213 1.75479 1.77027 
1.00732 1.24277 1.25035 1.39213 1.75479 1.77027 
1.00732 1.24277 1.25035 1.39213 1.75479 1.77027 
0.0989424 1.00732 1.24277 1.25035 1.39213 1.75479 
0.0989424 1.00732 1.24277 1.25035 1.39213 1.75479 
0.0989424 0.689111 1.00732 1.24277 1.25035 1.39213 
0.0989424 0.689111 1.00732 1.24277 1.25035 1.39213 
0.0989424 0.689111 1.00732 1.24277 1.25035 1.39213 
0.0989424 0.613302 0.689111 1.00732 1.24277 1.25035 
0.0989424 0.613302 0.689111 1.00732 1.24277 1.25035 
0.0989424 0.613302 0.689111 1.00732 1.05799 1.24277 
0.0989424 0.613302 0.689111 1.00732 1.05799 1.24277 
0.0989424 0.613302 0.689111 1.00732 1.05799 1.24277 
0.0989424 0.613302 0.689111 1.00732 1.05799 1.24277 
0.0989424 0.613302 0.689111 1.00732 1.05799 1.24277 
0.0989424 0.613302 0.689111 0.926367 1.00732 1.05799 
0.0989424 0.613302 0.689111 0.926367 1.00732 1.05799 
0.0989424 0.613302 0.689111 0.926367 1.00732 1.05799 
0.0989424 0.398419 0.613302 0.689111 0.926367 1.00732 
0.0989424 0.398419 0.613302 0.689111 0.926367 1.00732 
0.0989424 0.350287 0.398419 0.613302 0.689111 0.926367 
0.0989424 0.350287 0.398419 0.52701 0.613302 0.689111 
0.0989424 0.350287 0.398419 0.52701 0.613302 0.689111 
0.0989424 0.350287 0.398419 0.52701 0.613302 0.689111 
0.0989424 0.350287 0.398419 0.52701 0.613302 0.689111 
0.0989424 0.350287 0.398419 0.52701 0.613302 0.689111 
0.0989424 0.350287 0.398419 0.52701 0.613302 0.689111 
0.0989424 0.350287 0.398419 0.52701 0.613302 0.689111 
0.0989424 0.350287 0.398419 0.52701 0.613302 0.689111 
0.0989424 0.350287 0.398419 0.52701 0.613302 0.689111 
0.0989424 0.350287 0.398419 0.52701 0.613302 0.689111 
0.0989424 0.350287 0.398419 0.52701 0.613302 0.689111 
0.0989424 0.350287 0.398419 0.52701 0.613302 0.689111 
0.0989424 0.350287 0.398419 0.52701 0.613302 0.689111 
0.0989424 0.350287 0.398419 0.52701 0.613302 0.689111 
0.0989424 0.350287 0.398419 0.52701 0.613302 0.689111 
0.0989424 0.350287 0.398419 0.52701 0.613302 0.689111 
0.0989424 0.350287 0.398419 0.52701 0.613302 0.689111 
0.0989424 0.350287 0.398419 0.52701 0.613302 0.689111 
0.0989424 0.350287 0.398419 0.52701 0.613302 0.689111 
0.0989424 0.350287 0.398419 0.52701 0.613302 0.689111 
0.0989424 0.350287 0.398419 0.52701 0.613302 0.689111 
0.0989424 0.350287 0.398419 0.52701 0.613302 0.689111 
0.0989424 0.350287 0.398419 0.52701 0.613302 0.689111 
0.0989424 0.350287 0.398419 0.52701 0.613302 0.689111 
0.0989424 0.350287 0.398419 0.52701 0.613302 0.689111 
0.0989424 0.350287 0.398419 0.52701 0.613302 0.689111 
0.0989424 0.350287 0.398419 0.52701 0.613302 0.689111 
0.0989424 0.350287 0.398419 0.52701 0.613302 0.689111 
0.0989424 0.350287 0.398419 0.52701 0.613302 0.689111 
0.0989424 0.350287 0.398419 0.52701 0.613302 0.689111 
0.0989424 0.350287 0.398419 0.52701 0.613302 0.689111 
0.0989424 0.350287 0.398419 0.52701 0.613302 0.689111 
0.0989424 0.350287 0.398419 0.52701 0.613302 0.689111 
0.0989424 0.350287 0.398419 0.52701 0.613302 0.689111 
0.0989424 0.350287 0.398419 0.52701 0.613302 0.689111 
0.0989424 0.350287 0.398419 0.52701 0.613302 0.689111 
0.0989424 0.350287 0.398419 0.52701 0.613302 0.689111 
0.0989424 0.350287 0.398419 0.52701 0.613302 0.689111 
0.0989424 0.350287 0.398419 0.52701 0.613302 0.689111 
0.0989424 0.350287 0.398419 0.52701 0.613302 0.689111 
0.0989424 0.350287 0.398419 0.52701 0.613302 0.689111 
0.0989424 0.350287 0.398419 0.52701 0.613302 0.689111 
0.0989424 0.350287 0.398419 0.52701 0.613302 0.689111 
0.0989424 0.350287 0.398419 0.52701 0.613302 0.689111 
0.0989424 0.350287 0.398419 0.52701 0.613302 0.689111 
0.0989424 0.350287 0.398419 0.52701 0.613302 0.689111 
0.0989424 0.350287 0.398419 0.52701 0.613302 0.689111 
0.0989424 0.350287 0.398419 0.52701 0.613302 0.689111 
0.0989424 0.350287 0.398419 0.52701 0.613302 0.689111 
0.0989424 0.350287 0.398419 0.52701 0.613302 0.689111 
0.0989424 0.350287 0.398419 0.52701 0.613302 0.689111 
0.0989424 0.350287 0.398419 0.52701 0.613302 0.689111 
0.0989424 0.350287 0.398419 0.52701 0.613302 0.689111 
0.0989424 0.350287 0.398419 0.52701 0.613302 0.689111 
0.0989424 0.350287 0.398419 0.52701 0.613302 0.689111 
0.0989424 0.350287 0.398419 0.52701 0.613302 0.689111 
0.0989424 0.350287 0.398419 0.52701 0.613302 0.689111 
