2.8721 3.68155 4.60388 5.51345 5.9761 8.83012 
2.8721 3.68155 4.60388 5.11624 5.25186 5.51345 
0.529808 2.8721 3.34245 3.68155 4.11764 4.60388 
0.529808 2.8634 2.8721 3.34245 3.68155 4.11764 
0.529808 2.8634 2.8721 3.34245 3.52693 3.68155 
0.529808 2.8634 2.86699 2.8721 3.34245 3.52693 
0.529808 2.8634 2.86699 2.8721 3.29407 3.34245 
0.529808 2.8634 2.86699 2.8721 3.29407 3.34245 
0.529808 1.54756 2.8634 2.86699 2.8721 3.29407 
0.529808 1.54756 2.8634 2.86699 2.8721 3.29407 
0.529808 1.54756 2.8634 2.86699 2.8721 3.29407 
0.529808 1.45248 1.54756 2.8634 2.86699 2.8721 
0.529808 1.45248 1.54756 2.8634 2.86699 2.8721 
0.529808 1.45248 1.54756 2.8634 2.86699 2.8721 
0.529808 1.45248 1.54756 1.97921 2.8634 2.86699 
0.529808 1.45248 1.54756 1.97921 2.8634 2.86699 
0.529808 1.45248 1.54756 1.97921 2.8634 2.86699 
0.529808 1.45248 1.54756 1.97921 1.99734 2.8634 
0.529808 1.45248 1.54756 1.97921 1.99734 2.8634 
0.529808 1.45248 1.54756 1.97921 1.99734 2.8634 
0.529808 1.45248 1.54756 1.97921 1.99734 2.8634 
0.529808 1.45248 1.54756 1.97921 1.99734 2.8634 
0.529808 1.45248 1.54756 1.97921 1.99734 2.8634 
0.529808 1.45248 1.54756 1.97921 1.99734 2.8634 
0.529808 1.45248 1.54756 1.97921 1.99734 2.8634 
0.529808 1.45248 1.54756 1.97921 1.99734 2.8634 
0.284552 0.529808 1.45248 1.54756 1.97921 1.99734 
0.284552 0.529808 1.45248 1.54756 1.97921 1.99734 
0.284552 0.529808 1.45248 1.54756 1.97921 1.99734 
0.284552 0.529808 1.45248 1.54756 1.97921 1.99734 
0.284552 0.529808 1.45248 1.54756 1.97921 1.99734 
0.284552 0.529808 1.45248 1.54756 1.97921 1.99734 
0.284552 0.529808 0.587972 1.45248 1.54756 1.97921 
0.284552 0.529808 0.587972 1.45248 1.54756 1.97921 
0.196288 0.284552 0.529808 0.587972 1.36788 1.45248 
0.196288 0.284552 0.529808 0.587972 1.19176 1.36788 
0.196288 0.284552 0.529808 0.587972 1.19176 1.36788 
0.196288 0.284552 0.529808 0.587972 1.19176 1.36788 
0.196288 0.284552 0.529808 0.587972 0.896894 1.19176 
0.164507 0.196288 0.284552 0.529808 0.587972 0.896894 
0.164507 0.196288 0.284552 0.529808 0.587972 0.896894 
0.164507 0.196288 0.284552 0.529808 0.587972 0.896894 
0.164507 0.196288 0.284552 0.529808 0.587972 0.896894 
0.164507 0.196288 0.284552 0.529808 0.587972 0.896894 
0.164507 0.196288 0.284552 0.529808 0.587972 0.896894 
0.164507 0.196288 0.284552 0.529808 0.587972 0.896894 
0.164507 0.196288 0.284552 0.423416 0.529808 0.587972 
0.164507 0.196288 0.284552 0.423416 0.529808 0.587972 
0.164507 0.196288 0.284552 0.384142 0.423416 0.529808 
0.164507 0.196288 0.284552 0.384142 0.423416 0.529808 
0.00842538 0.164507 0.196288 0.284552 0.384142 0.423416 
0.00842538 0.0622115 0.164507 0.196288 0.284552 0.384142 
0.00842538 0.0622115 0.164507 0.196288 0.284552 0.384142 
0.00842538 0.0622115 0.164507 0.196288 0.284552 0.384142 
0.00842538 0.0622115 0.164507 0.196288 0.284552 0.384142 
0.00842538 0.0622115 0.164507 0.196288 0.284552 0.384142 
0.00842538 0.0622115 0.164507 0.196288 0.284552 0.384142 
0.00842538 0.0622115 0.164507 0.196288 0.284552 0.384142 
0.00842538 0.0622115 0.164507 0.196288 0.284552 0.384142 
0.00842538 0.0622115 0.164507 0.196288 0.284552 0.384142 
0.00842538 0.0622115 0.164507 0.196288 0.284552 0.384142 
0.00842538 0.0622115 0.164507 0.196288 0.284552 0.384142 
0.00842538 0.0622115 0.164507 0.196288 0.284552 0.384142 
0.00842538 0.0622115 0.164507 0.196288 0.284552 0.384142 
0.00842538 0.0622115 0.164507 0.196288 0.284552 0.384142 
0.00842538 0.0622115 0.164507 0.196288 0.284552 0.384142 
0.00842538 0.0622115 0.164507 0.196288 0.284552 0.384142 
0.00842538 0.0622115 0.164507 0.196288 0.284552 0.384142 
0.00842538 0.0622115 0.164507 0.196288 0.284552 0.384142 
0.00842538 0.0622115 0.164507 0.196288 0.284552 0.384142 
0.00842538 0.0622115 0.164507 0.196288 0.284552 0.384142 
0.00842538 0.0622115 0.164507 0.196288 0.284552 0.384142 
0.00842538 0.0622115 0.164507 0.196288 0.284552 0.384142 
0.00842538 0.0622115 0.164507 0.196288 0.284552 0.384142 
0.00842538 0.0622115 0.164507 0.196288 0.284552 0.384142 
0.00842538 0.0622115 0.164507 0.196288 0.284552 0.384142 
0.00842538 0.0622115 0.164507 0.196288 0.284552 0.384142 
0.00842538 0.0622115 0.164507 0.196288 0.284552 0.384142 
0.00842538 0.0622115 0.164507 0.196288 0.284552 0.384142 
0.00842538 0.0622115 0.164507 0.196288 0.284552 0.384142 
0.00842538 0.0622115 0.164507 0.196288 0.284552 0.384142 
0.00842538 0.0622115 0.164507 0.196288 0.284552 0.384142 
0.00842538 0.0622115 0.164507 0.196288 0.284552 0.384142 
0.00842538 0.0622115 0.164507 0.196288 0.284552 0.384142 
0.00842538 0.0622115 0.164507 0.196288 0.284552 0.384142 
0.00842538 0.0622115 0.164507 0.196288 0.284552 0.384142 
0.00842538 0.0622115 0.164507 0.196288 0.284552 0.384142 
0.00842538 0.0622115 0.164507 0.196288 0.284552 0.384142 
0.00842538 0.0622115 0.164507 0.196288 0.284552 0.384142 
0.00842538 0.0622115 0.164507 0.196288 0.284552 0.384142 
0.00842538 0.0622115 0.164507 0.196288 0.284552 0.384142 
0.00842538 0.0622115 0.164507 0.196288 0.284552 0.384142 
0.00842538 0.0622115 0.164507 0.196288 0.284552 0.384142 
0.00842538 0.0622115 0.164507 0.196288 0.284552 0.384142 
0.00842538 0.0622115 0.164507 0.196288 0.284552 0.384142 
0.00842538 0.0622115 0.164507 0.196288 0.284552 0.384142 
0.00842538 0.0622115 0.164507 0.196288 0.284552 0.384142 
0.00842538 0.0622115 0.164507 0.196288 0.284552 0.384142 
0.00842538 0.0622115 0.164507 0.196288 0.284552 0.384142 
0.00842538 0.0622115 0.164507 0.196288 0.284552 0.384142 
