1.94105 4.54335 4.59415 4.75177 6.42227 10.1128 
1.94105 3.00297 4.54335 4.59415 4.75177 6.42227 
1.94105 3.00297 4.4828 4.54335 4.59415 4.75177 
1.94105 3.00297 4.08257 4.28364 4.33253 4.39 
1.94105 2.74797 3.00297 4.08257 4.28104 4.28364 
1.94105 2.74797 3.00297 4.08257 4.24167 4.28104 
1.94105 2.74797 3.00297 3.11913 3.32866 4.08257 
1.94105 2.74797 3.00297 3.11913 3.32866 4.08257 
1.94105 2.74797 3.00297 3.11913 3.32866 4.08257 
1.94105 2.60738 2.74797 3.00297 3.11913 3.32866 
1.94105 2.60738 2.74797 2.87814 3.00297 3.11913 
1.94105 2.60738 2.74797 2.87814 3.00297 3.11913 
1.94105 2.60738 2.74797 2.87814 3.00297 3.11913 
1.94105 2.60738 2.74797 2.87814 3.00297 3.11913 
1.94105 2.60738 2.63706 2.74797 2.87814 3.00297 
1.94105 2.60738 2.63706 2.74797 2.87814 3.00297 
1.94105 2.60738 2.63706 2.74797 2.87814 3.00297 
1.54348 1.94105 2.60738 2.63706 2.74797 2.87814 
1.54348 1.94105 2.60738 2.63706 2.74797 2.87814 
1.54348 1.94105 2.60738 2.63706 2.74797 2.87814 
1.54348 1.94105 2.30743 2.60738 2.63706 2.74797 
1.54348 1.94105 2.30743 2.60738 2.63706 2.74797 
1.54348 1.94105 2.30743 2.60738 2.63706 2.74797 
0.169654 1.54348 1.94105 2.30743 2.60738 2.63706 
0.169654 1.54348 1.94105 2.30743 2.39005 2.60738 
0.169654 0.933135 1.54348 1.94105 2.18472 2.30743 
0.169654 0.933135 1.54348 1.84818 1.94105 2.18472 
0.169654 0.698384 0.933135 1.54348 1.84818 1.94105 
0.169654 0.698384 0.933135 1.54348 1.84818 1.94105 
0.169654 0.698384 0.933135 1.54348 1.84818 1.94105 
0.169654 0.698384 0.933135 1.54348 1.84818 1.94105 
0.169654 0.698384 0.732369 0.933135 1.54348 1.84818 
0.169654 0.698384 0.732369 0.933135 1.54348 1.84818 
0.169654 0.698384 0.722528 0.732369 0.933135 1.54348 
0.169654 0.698384 0.722528 0.732369 0.789716 0.933135 
0.169654 0.520973 0.698384 0.722528 0.732369 0.789716 
0.169654 0.520973 0.698384 0.722528 0.732369 0.789716 
0.169654 0.520973 0.698384 0.722528 0.732369 0.789716 
0.169654 0.520973 0.698384 0.714672 0.722528 0.732369 
0.169654 0.520973 0.698384 0.714672 0.722528 0.732369 
0.169654 0.520973 0.698384 0.714672 0.722528 0.732369 
0.169654 0.520973 0.698384 0.714672 0.722528 0.732369 
0.169654 0.520973 0.698384 0.714672 0.722528 0.732369 
0.169654 0.36204 0.520973 0.698384 0.714672 0.722528 
0.169654 0.36204 0.520973 0.698384 0.714672 0.722528 
0.169654 0.36204 0.520973 0.698384 0.714672 0.722528 
0.169654 0.36204 0.520973 0.698384 0.714672 0.722528 
0.169654 0.36204 0.520973 0.698384 0.714672 0.722528 
0.169654 0.36204 0.520973 0.698384 0.714672 0.722528 
0.169654 0.36204 0.520973 0.698384 0.714672 0.722528 
0.169654 0.36204 0.520973 0.698384 0.714672 0.722528 
0.169654 0.36204 0.520973 0.698384 0.714672 0.722528 
0.169654 0.36204 0.520973 0.698384 0.714672 0.722528 
0.169654 0.36204 0.520973 0.698384 0.714672 0.722528 
0.169654 0.36204 0.520973 0.698384 0.714672 0.722528 
0.169654 0.36204 0.520973 0.698384 0.714672 0.722528 
0.169654 0.36204 0.520973 0.698384 0.714672 0.722528 
0.169654 0.36204 0.520973 0.698384 0.714672 0.722528 
0.169654 0.36204 0.520973 0.698384 0.714672 0.722528 
0.169654 0.36204 0.520973 0.698384 0.714672 0.722528 
0.169654 0.36204 0.520973 0.698384 0.714672 0.722528 
0.169654 0.36204 0.520973 0.698384 0.714672 0.722528 
0.169654 0.36204 0.520973 0.698384 0.714672 0.722528 
0.169654 0.36204 0.520973 0.698384 0.714672 0.722528 
0.169654 0.36204 0.520973 0.698384 0.714672 0.722528 
0.169654 0.36204 0.520973 0.698384 0.714672 0.722528 
0.169654 0.36204 0.520973 0.698384 0.714672 0.722528 
0.169654 0.36204 0.520973 0.698384 0.714672 0.722528 
0.169654 0.36204 0.520973 0.698384 0.714672 0.722528 
0.169654 0.36204 0.520973 0.698384 0.714672 0.722528 
0.169654 0.36204 0.520973 0.698384 0.714672 0.722528 
0.169654 0.36204 0.520973 0.698384 0.714672 0.722528 
0.169654 0.36204 0.520973 0.698384 0.714672 0.722528 
0.169654 0.36204 0.520973 0.698384 0.714672 0.722528 
0.169654 0.36204 0.520973 0.698384 0.714672 0.722528 
0.169654 0.36204 0.520973 0.698384 0.714672 0.722528 
0.169654 0.36204 0.520973 0.698384 0.714672 0.722528 
0.169654 0.36204 0.520973 0.698384 0.714672 0.722528 
0.169654 0.36204 0.520973 0.698384 0.714672 0.722528 
0.169654 0.36204 0.520973 0.698384 0.714672 0.722528 
0.169654 0.36204 0.520973 0.698384 0.714672 0.722528 
0.169654 0.36204 0.520973 0.698384 0.714672 0.722528 
0.169654 0.36204 0.520973 0.698384 0.714672 0.722528 
0.169654 0.36204 0.520973 0.698384 0.714672 0.722528 
0.169654 0.36204 0.520973 0.637584 0.698384 0.714672 
0.169654 0.36204 0.520973 0.637584 0.698384 0.714672 
0.169654 0.36204 0.520973 0.56199 0.637584 0.698384 
0.169654 0.36204 0.491168 0.520973 0.56199 0.637584 
0.169654 0.36204 0.491168 0.520973 0.56199 0.637584 
0.169654 0.36204 0.491168 0.520973 0.56199 0.637584 
0.169654 0.36204 0.491168 0.520973 0.56199 0.637584 
0.169654 0.36204 0.467488 0.491168 0.520973 0.56199 
0.169654 0.36204 0.467488 0.491168 0.520973 0.56199 
0.169654 0.36204 0.467488 0.491168 0.520973 0.56199 
0.169654 0.36204 0.467488 0.491168 0.520973 0.56199 
0.169654 0.36204 0.434072 0.467488 0.491168 0.520973 
0.169654 0.268325 0.36204 0.434072 0.467488 0.491168 
0.169654 0.268325 0.36204 0.434072 0.467488 0.491168 
0.169654 0.268325 0.36204 0.363297 0.371943 0.434072 
0.169654 0.207679 0.268325 0.36204 0.363297 0.371943 
