9.09743 9.32525 9.90598 10.0983 10.6457 10.6911 
4.40922 6.20256 6.55772 8.64248 9.09743 9.32525 
4.40922 6.20256 6.55772 6.82194 6.99998 7.3875 
4.40922 6.20256 6.55772 6.82194 6.99998 7.3875 
4.40922 6.20256 6.55772 6.76788 6.82194 6.99998 
3.19771 4.40922 5.78266 6.20256 6.55772 6.76788 
3.19771 4.40922 5.78266 6.20256 6.55772 6.76788 
3.19771 4.40922 5.78266 6.20256 6.55772 6.76788 
3.19771 4.40922 5.59436 5.78266 6.20256 6.55772 
3.19771 3.49121 4.40922 5.59436 5.78266 6.20256 
3.19771 3.49121 4.40922 5.59436 5.78266 6.20256 
3.19771 3.49121 4.40922 5.59436 5.78266 6.20256 
3.19771 3.49121 4.40922 5.59436 5.78266 6.20256 
3.19771 3.49121 4.0066 4.40922 4.54698 5.59436 
3.19771 3.37664 3.49121 4.0066 4.40922 4.54698 
3.19771 3.37664 3.49121 3.57296 4.0066 4.40922 
3.19771 3.37664 3.49121 3.57296 4.0066 4.40922 
3.16294 3.19771 3.37664 3.49121 3.57296 4.0066 
3.16294 3.19771 3.37664 3.49121 3.57296 4.0066 
3.16294 3.19771 3.37664 3.49121 3.57296 4.0066 
3.16294 3.19771 3.37664 3.49121 3.57296 4.0066 
3.16294 3.19771 3.37664 3.49121 3.57296 4.0066 
3.16294 3.19771 3.37664 3.49121 3.57296 4.0066 
3.16294 3.19771 3.35816 3.37664 3.49121 3.57296 
3.16294 3.19771 3.35816 3.37664 3.49121 3.57296 
2.81387 3.16294 3.19771 3.35816 3.37664 3.39685 
2.81387 3.16294 3.19771 3.35816 3.37664 3.39685 
2.2566 2.81387 3.16294 3.19771 3.35816 3.37664 
2.2566 2.75907 2.81387 3.16294 3.19771 3.35816 
2.2566 2.75907 2.81387 3.16294 3.19771 3.35816 
2.2566 2.75907 2.81387 3.10814 3.16294 3.19771 
2.2566 2.75907 2.81387 3.10814 3.16294 3.19771 
2.2566 2.75907 2.81387 3.10814 3.13122 3.16294 
2.2566 2.75156 2.75907 2.81387 3.10814 3.13122 
2.2566 2.75156 2.75907 2.81387 3.10814 3.13122 
2.2566 2.75156 2.75907 2.81387 3.10814 3.13122 
2.2566 2.75156 2.75907 2.81387 3.10814 3.13122 
2.2566 2.75156 2.75907 2.81387 3.10814 3.13122 
2.2566 2.56648 2.75156 2.75907 2.81387 3.10814 
2.2566 2.56648 2.75156 2.75907 2.81387 3.10814 
2.2566 2.56648 2.75156 2.75907 2.81387 3.10814 
2.18002 2.2566 2.56648 2.75156 2.75907 2.81387 
2.18002 2.2566 2.56648 2.75156 2.75907 2.81387 
2.18002 2.2566 2.56648 2.75156 2.75907 2.81387 
2.05175 2.18002 2.2566 2.56648 2.75156 2.75907 
2.05175 2.18002 2.2566 2.56648 2.75156 2.75907 
2.05175 2.18002 2.2566 2.56648 2.59823 2.75156 
2.05175 2.18002 2.2566 2.56648 2.59823 2.75156 
2.05175 2.14374 2.14979 2.18002 2.2566 2.56648 
2.05175 2.14374 2.14979 2.18002 2.2566 2.56648 
0.592279 2.05175 2.14374 2.14979 2.18002 2.2566 
0.592279 2.05175 2.14374 2.14979 2.18002 2.2566 
0.592279 1.25581 2.05175 2.14374 2.14979 2.18002 
0.592279 1.25581 2.05175 2.14374 2.14979 2.18002 
0.592279 1.25581 2.05175 2.14374 2.14979 2.18002 
0.592279 1.25581 2.05175 2.14374 2.14979 2.18002 
0.592279 1.25581 2.05175 2.14374 2.14979 2.18002 
0.592279 1.25581 2.05175 2.14374 2.14979 2.18002 
0.592279 1.25581 2.05175 2.14374 2.14979 2.18002 
0.592279 1.25581 2.05175 2.14374 2.14979 2.18002 
0.592279 1.25581 2.05175 2.14374 2.14979 2.18002 
0.592279 1.25581 2.05175 2.14374 2.14979 2.18002 
0.592279 1.25581 2.05175 2.14374 2.14979 2.18002 
0.592279 1.25581 2.05175 2.14374 2.14979 2.18002 
0.592279 1.25581 2.05175 2.14374 2.14979 2.18002 
0.592279 1.25581 2.05175 2.14374 2.14979 2.18002 
0.592279 1.25581 2.05175 2.14374 2.14979 2.18002 
0.592279 1.25581 2.05175 2.14374 2.14979 2.18002 
0.592279 1.25581 2.05175 2.14374 2.14979 2.18002 
0.592279 1.25581 2.05175 2.14374 2.14979 2.18002 
0.592279 1.25581 2.05175 2.14374 2.14979 2.18002 
0.592279 1.25581 2.05175 2.14374 2.14979 2.18002 
0.592279 1.25581 2.05175 2.14374 2.14979 2.18002 
0.592279 1.25581 2.05175 2.14374 2.14979 2.18002 
0.592279 1.25581 2.05175 2.14374 2.14979 2.18002 
0.592279 1.25581 2.05175 2.14374 2.14979 2.18002 
0.592279 1.25581 2.05175 2.14374 2.14979 2.18002 
0.592279 1.25581 2.05175 2.14374 2.14979 2.18002 
0.592279 1.25581 2.05175 2.14374 2.14979 2.18002 
0.592279 1.25581 2.05175 2.14374 2.14979 2.18002 
0.592279 1.25581 2.05175 2.14374 2.14979 2.18002 
0.592279 1.25581 2.05175 2.14374 2.14979 2.18002 
0.592279 1.25581 2.05175 2.14374 2.144 2.14979 
0.592279 1.25581 2.05175 2.14374 2.144 2.14979 
0.592279 1.25581 2.05175 2.14374 2.144 2.14979 
0.592279 1.25581 2.05175 2.14374 2.144 2.14979 
0.592279 1.25581 2.05175 2.14374 2.144 2.14979 
0.592279 1.25581 2.05175 2.14374 2.144 2.14979 
0.592279 1.25581 2.05175 2.14374 2.144 2.14979 
0.592279 1.25581 2.05175 2.14374 2.144 2.14979 
0.592279 1.25581 2.05175 2.14374 2.144 2.14979 
0.592279 1.25581 2.05175 2.07313 2.14374 2.144 
0.592279 1.25581 2.05175 2.07313 2.14374 2.144 
0.592279 1.25581 2.05175 2.07313 2.14374 2.144 
0.592279 1.25581 2.05175 2.07313 2.14374 2.144 
0.592279 1.25581 2.05175 2.07313 2.14374 2.144 
0.592279 1.25581 2.05175 2.07313 2.14374 2.144 
0.592279 1.25581 2.05175 2.07313 2.14374 2.144 
0.592279 1.25581 2.05175 2.07313 2.14374 2.144 
0.592279 1.25581 2.05175 2.07313 2.14374 2.144 
