3.27545 3.86952 4.24256 4.56251 6.84762 8.42395 
3.27545 3.29404 3.86952 4.24256 4.46462 4.56251 
1.96624 3.27545 3.29404 3.86952 4.24256 4.46462 
1.96624 2.90592 3.27545 3.29404 3.5337 3.86952 
1.96624 2.90592 3.27545 3.29404 3.53028 3.5337 
0.69001 1.96624 2.90592 3.12189 3.27545 3.29404 
0.69001 1.96624 2.90592 3.12189 3.12716 3.27545 
0.69001 1.96624 2.90592 3.07422 3.12189 3.12716 
0.69001 1.49599 1.96624 2.90592 3.07422 3.12189 
0.430056 0.69001 1.49599 1.96624 2.90592 3.07422 
0.430056 0.69001 1.49599 1.64249 1.96624 2.90592 
0.430056 0.69001 1.49599 1.64249 1.96624 2.90592 
0.430056 0.69001 1.49599 1.64249 1.96624 2.90592 
0.430056 0.69001 1.49599 1.64249 1.96624 2.90592 
0.430056 0.69001 1.49599 1.64249 1.96624 2.90592 
0.430056 0.69001 1.49599 1.64249 1.95751 1.96624 
0.430056 0.69001 1.49599 1.64249 1.95751 1.96624 
0.430056 0.69001 1.49599 1.64249 1.95751 1.96624 
0.430056 0.69001 1.49599 1.64249 1.7149 1.95751 
0.430056 0.69001 1.49599 1.64249 1.7149 1.95751 
0.430056 0.69001 1.49599 1.64249 1.7149 1.95751 
0.430056 0.69001 1.49599 1.64249 1.7149 1.95751 
0.430056 0.69001 1.49599 1.64249 1.7149 1.95751 
0.430056 0.69001 1.49599 1.64249 1.7149 1.95751 
0.430056 0.69001 1.49599 1.64249 1.7149 1.95751 
0.430056 0.69001 1.49599 1.62085 1.64249 1.7149 
0.430056 0.69001 1.49599 1.62085 1.64249 1.7149 
0.430056 0.69001 1.49599 1.62085 1.64249 1.7149 
0.430056 0.69001 1.49599 1.62085 1.64249 1.7149 
0.430056 0.69001 1.49599 1.62085 1.64249 1.7149 
0.430056 0.69001 1.45778 1.48238 1.49599 1.62085 
0.430056 0.69001 1.45778 1.48238 1.49599 1.62085 
0.430056 0.69001 1.45778 1.48238 1.49599 1.62085 
0.430056 0.69001 1.45778 1.48238 1.49599 1.62085 
0.430056 0.69001 1.45778 1.48238 1.49599 1.62085 
0.430056 0.69001 1.22844 1.45778 1.48238 1.49599 
0.377612 0.430056 0.69001 1.22844 1.45778 1.48238 
0.377612 0.430056 0.69001 1.22844 1.45778 1.48238 
0.377612 0.430056 0.524605 0.69001 1.22844 1.45778 
0.377612 0.430056 0.524605 0.69001 1.22844 1.45778 
0.377612 0.430056 0.524605 0.69001 0.740345 1.22844 
0.377612 0.430056 0.524605 0.69001 0.740345 1.22844 
0.377612 0.430056 0.524605 0.69001 0.740345 1.22844 
0.377612 0.430056 0.524605 0.69001 0.740345 1.22844 
0.377612 0.430056 0.524605 0.69001 0.740345 1.22844 
0.377612 0.430056 0.519436 0.524605 0.69001 0.740345 
0.349295 0.377612 0.430056 0.519436 0.524605 0.69001 
0.208507 0.349295 0.377612 0.430056 0.519436 0.524605 
0.208507 0.349295 0.377612 0.430056 0.519436 0.524605 
0.208507 0.349295 0.377612 0.430056 0.519436 0.524605 
0.208507 0.349295 0.377612 0.430056 0.519436 0.524605 
0.208507 0.349295 0.377612 0.430056 0.469538 0.519436 
0.114809 0.208507 0.349295 0.377612 0.430056 0.469538 
0.114809 0.206099 0.208507 0.282724 0.349295 0.377612 
0.114809 0.206099 0.208507 0.282724 0.349295 0.377612 
0.114809 0.206099 0.208507 0.282724 0.349295 0.377612 
0.114809 0.201524 0.206099 0.208507 0.282724 0.349295 
0.114809 0.201524 0.206099 0.208507 0.282724 0.349295 
0.114809 0.201524 0.206099 0.208507 0.282724 0.349295 
0.114809 0.201524 0.206099 0.208507 0.282724 0.349295 
0.114809 0.201524 0.206099 0.208507 0.282724 0.349295 
0.114809 0.201524 0.206099 0.208507 0.282724 0.349295 
0.114809 0.201524 0.206099 0.208507 0.282724 0.349295 
0.114809 0.201524 0.206099 0.208507 0.282724 0.349295 
0.114809 0.201524 0.206099 0.208507 0.282724 0.349295 
0.114809 0.201524 0.206099 0.208507 0.282724 0.349295 
0.114809 0.201524 0.206099 0.208507 0.282724 0.349295 
0.114809 0.201524 0.206099 0.208507 0.282724 0.349295 
0.114809 0.201524 0.206099 0.208507 0.282724 0.349295 
0.114809 0.201524 0.206099 0.208507 0.282724 0.349295 
0.114809 0.201524 0.206099 0.208507 0.282724 0.349295 
0.114809 0.201524 0.206099 0.208507 0.282724 0.349295 
0.114809 0.201524 0.206099 0.208507 0.282724 0.349295 
0.114809 0.201524 0.206099 0.208507 0.282724 0.349295 
0.114809 0.201524 0.206099 0.208507 0.282724 0.349295 
0.114809 0.201524 0.206099 0.208507 0.282724 0.349295 
0.114809 0.201524 0.206099 0.208507 0.282724 0.349295 
0.114809 0.201524 0.206099 0.208507 0.282724 0.349295 
0.114809 0.201524 0.206099 0.208507 0.282724 0.349295 
0.114809 0.201524 0.206099 0.208507 0.282724 0.349295 
0.114809 0.201524 0.206099 0.208507 0.282724 0.349295 
0.114809 0.201524 0.206099 0.208507 0.282724 0.349295 
0.114809 0.201524 0.206099 0.208507 0.282724 0.349295 
0.114809 0.201524 0.206099 0.208507 0.282724 0.349295 
0.114809 0.201524 0.206099 0.208507 0.282724 0.349295 
0.114809 0.201524 0.206099 0.208507 0.282724 0.349295 
0.114809 0.201524 0.206099 0.208507 0.282724 0.349295 
0.114809 0.201524 0.206099 0.208507 0.282724 0.349295 
0.114809 0.201524 0.206099 0.208507 0.282724 0.349295 
0.114809 0.201524 0.206099 0.208507 0.282724 0.349295 
0.114809 0.201524 0.206099 0.208507 0.282724 0.349295 
0.114809 0.201524 0.206099 0.208507 0.282724 0.349295 
0.114809 0.201524 0.206099 0.208507 0.282724 0.317604 
0.114809 0.201524 0.206099 0.208507 0.282724 0.317604 
0.114809 0.201524 0.206099 0.208507 0.282724 0.317604 
0.114809 0.201524 0.206099 0.208507 0.282724 0.317604 
0.114809 0.201524 0.206099 0.208507 0.282724 0.317604 
0.114809 0.201524 0.206099 0.208507 0.282724 0.317604 
0.114809 0.201524 0.206099 0.208507 0.282724 0.317604 
0.114809 0.201524 0.206099 0.208507 0.269843 0.282724 
