1.67375 2.41001 4.27661 5.60443 7.41685 8.46911 
1.67375 2.41001 4.27661 4.89402 5.60443 6.9826 
1.67375 2.41001 4.27661 4.89402 5.60443 5.69383 
1.67375 2.41001 4.27661 4.89402 5.60443 5.69383 
1.67375 2.41001 4.27661 4.89402 5.60443 5.69383 
1.67375 2.41001 4.27661 4.89402 5.60443 5.69383 
1.67375 2.41001 4.27661 4.89402 5.60443 5.69383 
1.67375 2.41001 4.27661 4.89402 5.60443 5.69383 
1.67375 2.41001 4.27661 4.89402 5.60443 5.69383 
1.67375 2.41001 4.27661 4.89402 5.60443 5.69383 
1.67375 2.41001 3.94159 4.27661 4.89402 5.60443 
1.67375 2.41001 3.94159 4.27661 4.37827 4.58422 
1.67375 2.41001 3.94159 4.27661 4.37827 4.58422 
1.67375 2.41001 3.94159 4.27661 4.37827 4.58422 
1.67375 2.41001 3.94159 4.27661 4.37827 4.58422 
1.67375 2.41001 3.94159 4.27661 4.37827 4.58422 
1.67375 2.41001 3.94159 4.27661 4.37827 4.58422 
1.67375 2.41001 3.94159 4.27661 4.37827 4.58422 
1.67375 2.41001 3.94159 4.27661 4.37827 4.58422 
1.67375 2.41001 3.94159 4.27661 4.37827 4.58422 
1.67375 2.41001 3.94159 4.27661 4.37827 4.58422 
1.67375 2.41001 3.94159 4.27661 4.37827 4.58422 
1.67375 2.41001 3.94159 4.27661 4.37827 4.58422 
1.67375 2.41001 3.94159 4.06235 4.27661 4.37827 
1.67375 2.41001 3.94159 4.06235 4.27661 4.37827 
1.67375 2.41001 3.94159 4.06235 4.27661 4.37827 
1.67375 2.41001 3.94159 4.06235 4.27661 4.37827 
1.67375 2.41001 3.94159 4.06235 4.27661 4.37827 
1.67375 2.41001 3.94159 4.06235 4.21196 4.27661 
1.67375 2.41001 3.94159 4.06235 4.21196 4.27661 
1.67375 2.41001 3.94159 4.06235 4.21196 4.27661 
1.67375 2.41001 3.94159 4.06235 4.21196 4.27661 
1.67375 2.41001 3.94159 4.06235 4.21196 4.27661 
1.67375 2.41001 3.94159 4.06235 4.21196 4.27661 
1.67375 2.41001 3.94159 4.06235 4.21196 4.27661 
1.67375 2.41001 3.94159 4.04818 4.06235 4.21196 
1.67375 2.41001 3.94159 4.04818 4.06235 4.21196 
1.67375 2.41001 3.94159 4.04818 4.06235 4.21196 
1.67375 2.41001 3.94159 4.04818 4.06235 4.21196 
1.67375 2.41001 3.94159 4.04818 4.06235 4.21196 
1.67375 2.41001 3.94159 4.04818 4.06235 4.21196 
1.67375 2.41001 3.94159 4.04818 4.06235 4.21196 
1.67375 2.41001 3.94159 4.04818 4.06235 4.21196 
1.67375 2.41001 3.94159 4.04818 4.06235 4.21196 
1.67375 2.41001 3.94159 4.04818 4.06235 4.21196 
1.67375 2.41001 3.93669 3.94159 4.04818 4.06235 
1.67375 2.41001 3.93669 3.94159 4.04818 4.06235 
1.67375 2.41001 3.93669 3.94159 4.04818 4.06235 
1.67375 2.41001 3.93669 3.94159 4.04818 4.06235 
1.67375 2.41001 3.93669 3.94159 4.04818 4.06235 
1.67375 2.41001 3.89851 3.93669 3.94159 4.04818 
1.67375 2.41001 3.89851 3.93669 3.94159 4.04818 
1.67375 2.41001 3.89851 3.93669 3.94159 4.04818 
1.67375 2.41001 3.89851 3.93669 3.94159 4.04818 
1.67375 2.41001 3.89851 3.93669 3.94159 4.04818 
1.67375 2.41001 3.89851 3.93669 3.94159 4.04818 
1.67375 2.41001 3.12289 3.78193 3.89851 3.93669 
1.67375 2.41001 3.12289 3.14693 3.78193 3.89851 
1.67375 2.41001 3.12289 3.14693 3.78193 3.89851 
1.67375 2.41001 3.12289 3.14693 3.78193 3.89851 
1.67375 2.41001 3.12289 3.14693 3.78193 3.89851 
1.67375 2.41001 2.83367 3.12289 3.14693 3.78193 
1.67375 2.41001 2.83367 3.12289 3.14693 3.78193 
1.67375 2.41001 2.83367 3.12289 3.14693 3.78193 
1.67375 2.41001 2.83367 3.12289 3.14693 3.78193 
1.67375 2.41001 2.83367 3.12289 3.14693 3.78193 
1.67375 2.41001 2.83367 3.12289 3.14693 3.78193 
1.67375 2.41001 2.83367 3.12289 3.14693 3.3075 
1.67375 2.41001 2.83367 3.12289 3.14693 3.3075 
1.67375 2.41001 2.83367 3.12289 3.14693 3.3075 
1.67375 2.41001 2.83367 3.12289 3.14693 3.3075 
1.67375 2.41001 2.83367 3.12289 3.14693 3.3075 
1.67375 2.41001 2.83367 3.12289 3.14693 3.3075 
1.67375 2.41001 2.83367 3.12289 3.14693 3.3075 
1.67375 2.41001 2.83367 3.12289 3.14693 3.3075 
1.67375 2.41001 2.83367 3.12289 3.14693 3.3075 
1.67375 2.41001 2.82626 2.83367 3.12289 3.14693 
1.67375 2.41001 2.82626 2.83367 3.12289 3.14693 
1.67375 2.41001 2.82626 2.83367 3.12289 3.14693 
1.67375 2.41001 2.82626 2.83367 3.12289 3.14693 
1.67375 2.17665 2.41001 2.82626 2.83367 3.12289 
1.67375 2.17665 2.41001 2.82626 2.83367 3.12289 
1.67375 2.17665 2.41001 2.82626 2.83367 3.12289 
1.67375 2.17665 2.41001 2.82626 2.83367 3.12289 
1.67375 2.17665 2.41001 2.82626 2.83367 3.12289 
1.67375 2.17665 2.41001 2.82626 2.83367 3.12289 
1.67375 1.98767 2.17665 2.41001 2.82626 2.83367 
1.67375 1.98767 2.17665 2.41001 2.82626 2.83367 
1.67375 1.89015 1.98767 2.17665 2.41001 2.82626 
1.67375 1.89015 1.98767 2.17665 2.41001 2.82626 
1.67375 1.89015 1.98767 2.17665 2.41001 2.82626 
1.67375 1.89015 1.98767 2.17665 2.41001 2.82626 
1.67375 1.89015 1.98767 2.17665 2.41001 2.82626 
1.67375 1.89015 1.98767 2.17665 2.41001 2.59248 
1.67375 1.89015 1.98767 2.17665 2.41001 2.59248 
1.67375 1.89015 1.98767 2.17665 2.41001 2.59248 
1.67375 1.89015 1.98767 2.17665 2.41001 2.59248 
1.67375 1.89015 1.98767 2.17665 2.41001 2.59248 
1.67375 1.89015 1.98767 2.17665 2.41001 2.59248 
1.00537 1.67375 1.89015 1.98767 2.17665 2.41001 
