6.39768 6.47583 7.0454 8.16438 8.28692 8.33536 
6.31421 6.35712 6.39768 6.47583 7.0454 7.31289 
4.56078 6.19929 6.31421 6.35712 6.39768 6.47583 
4.56078 5.32041 6.0268 6.19929 6.31421 6.35712 
2.47662 4.56078 5.32041 6.0268 6.19929 6.31421 
2.47662 4.40754 4.56078 5.32041 6.0268 6.19929 
2.47662 2.86052 4.40754 4.56078 5.32041 5.7207 
2.47662 2.86052 3.31609 4.40754 4.56078 4.70292 
2.21592 2.47662 2.86052 3.31609 4.40754 4.56078 
2.21592 2.47662 2.86052 3.31609 3.89196 4.40754 
2.21592 2.47662 2.86052 3.31609 3.75909 3.89196 
2.21592 2.47662 2.86052 3.31609 3.75909 3.89196 
2.21592 2.47662 2.86052 3.31609 3.75909 3.89196 
2.21592 2.47662 2.86052 3.31609 3.75909 3.89196 
2.21592 2.47662 2.86052 3.31609 3.75909 3.89196 
2.21592 2.47662 2.86052 3.31609 3.61926 3.75909 
2.21592 2.35015 2.47662 2.86052 3.31609 3.61926 
2.21592 2.35015 2.47662 2.86052 3.31609 3.61926 
2.21592 2.35015 2.47662 2.86052 3.31609 3.61926 
2.21592 2.35015 2.47662 2.86052 3.31609 3.61926 
1.49705 2.21592 2.35015 2.47662 2.86052 3.31609 
1.49705 2.21592 2.35015 2.47662 2.86052 3.31609 
1.49705 2.21592 2.35015 2.47662 2.86052 3.31609 
1.49705 2.21592 2.35015 2.47662 2.86052 3.31609 
1.49705 2.21592 2.35015 2.47662 2.49607 2.86052 
1.49705 2.21592 2.35015 2.47662 2.49607 2.86052 
1.49705 1.56022 2.21592 2.35015 2.47662 2.49607 
1.49705 1.56022 2.21592 2.35015 2.47662 2.49607 
1.49705 1.56022 2.21592 2.35015 2.47662 2.49607 
1.49705 1.56022 1.82695 2.21592 2.35015 2.47662 
1.49705 1.56022 1.82695 2.21592 2.35015 2.47662 
1.49705 1.56022 1.82695 2.21592 2.35015 2.42717 
1.49705 1.56022 1.82695 2.21592 2.35015 2.42717 
1.49705 1.56022 1.82695 2.21592 2.35015 2.42717 
1.49705 1.56022 1.82695 2.21592 2.31766 2.35015 
1.49705 1.56022 1.82695 2.21592 2.31766 2.35015 
1.49705 1.56022 1.82695 1.89607 2.21592 2.31766 
1.49705 1.56022 1.82695 1.89607 2.21592 2.31766 
1.49705 1.56022 1.82695 1.89607 2.21592 2.31766 
1.49705 1.56022 1.82695 1.89607 2.21592 2.31766 
0.886453 1.49705 1.56022 1.82695 1.89607 2.21592 
0.886453 1.49705 1.56022 1.82695 1.89607 2.21592 
0.886453 1.49705 1.56022 1.82695 1.89607 2.21592 
0.886453 1.49705 1.56022 1.82695 1.89607 2.21592 
0.886453 1.49705 1.56022 1.82695 1.89607 2.032 
0.886453 1.49705 1.56022 1.82695 1.89607 2.032 
0.886453 1.49705 1.56022 1.82695 1.89607 2.032 
0.886453 1.49705 1.56022 1.82695 1.89607 2.032 
0.886453 1.49705 1.56022 1.82695 1.89607 2.032 
0.886453 1.49705 1.56022 1.82695 1.89607 2.032 
0.886453 1.49705 1.56022 1.82695 1.89607 2.032 
0.886453 1.49705 1.56022 1.82695 1.89607 2.032 
0.886453 1.49705 1.56022 1.82695 1.89607 2.032 
0.886453 1.49705 1.56022 1.82695 1.89607 2.032 
0.886453 1.49705 1.56022 1.82695 1.89607 2.032 
0.886453 1.49705 1.56022 1.82695 1.89607 2.032 
0.886453 1.49705 1.56022 1.82695 1.89607 2.032 
0.886453 1.49705 1.56022 1.82695 1.89607 2.032 
0.886453 1.49705 1.56022 1.82695 1.89607 2.032 
0.886453 1.49705 1.56022 1.82695 1.89607 2.032 
0.886453 1.49705 1.56022 1.82695 1.89607 2.032 
0.886453 1.49705 1.56022 1.82695 1.89607 2.032 
0.886453 1.49705 1.56022 1.82695 1.89607 2.032 
0.886453 1.49705 1.56022 1.82695 1.89607 2.032 
0.886453 1.49705 1.56022 1.82695 1.89607 2.032 
0.886453 1.49705 1.56022 1.82695 1.89607 2.032 
0.886453 1.49705 1.56022 1.82695 1.89607 2.032 
0.886453 1.49705 1.56022 1.82695 1.89607 2.032 
0.886453 1.49705 1.56022 1.82695 1.89607 2.032 
0.886453 1.49705 1.56022 1.82695 1.89607 2.032 
0.886453 1.49705 1.56022 1.82695 1.89607 2.032 
0.886453 1.49705 1.56022 1.82695 1.89607 2.032 
0.886453 1.49705 1.56022 1.82695 1.89607 2.032 
0.886453 1.49705 1.56022 1.82695 1.89607 2.032 
0.886453 1.49705 1.56022 1.82695 1.89607 2.032 
0.886453 1.49705 1.56022 1.82695 1.89607 2.032 
0.886453 1.49705 1.56022 1.82695 1.89607 2.032 
0.886453 1.49705 1.56022 1.82695 1.89607 2.032 
0.886453 1.49705 1.56022 1.82695 1.89607 2.032 
0.886453 1.49705 1.56022 1.82695 1.89607 2.032 
0.886453 1.49705 1.56022 1.82695 1.89607 2.032 
0.886453 1.49705 1.56022 1.82695 1.89607 2.032 
0.886453 1.49705 1.56022 1.82695 1.89607 2.032 
0.886453 1.49705 1.56022 1.82695 1.89607 2.032 
0.886453 1.49705 1.56022 1.82695 1.89607 2.032 
0.886453 1.49705 1.56022 1.82695 1.89607 2.032 
0.886453 1.49705 1.56022 1.82695 1.89607 2.032 
0.886453 1.49705 1.56022 1.82695 1.89607 2.032 
0.886453 1.49705 1.56022 1.82695 1.89607 2.032 
0.886453 1.49705 1.56022 1.82695 1.89607 2.032 
0.886453 1.49705 1.56022 1.82695 1.89607 2.032 
0.886453 1.49705 1.56022 1.82695 1.89607 2.032 
0.886453 1.49705 1.56022 1.82695 1.89607 2.032 
0.886453 1.49705 1.56022 1.82695 1.89607 2.032 
0.886453 1.49705 1.56022 1.82695 1.89607 2.032 
0.886453 1.49705 1.56022 1.82695 1.89607 2.032 
0.886453 1.49705 1.56022 1.82695 1.89607 2.032 
0.886453 1.49705 1.56022 1.82695 1.89607 2.032 
0.886453 1.49705 1.56022 1.82695 1.89607 2.032 
0.886453 1.49705 1.56022 1.82695 1.89607 2.032 
