5.14901 6.27618 7.48507 7.86991 7.98143 8.19249 
2.58593 5.14901 6.06725 6.27618 7.48507 7.86991 
2.58593 5.14901 5.56256 6.06725 6.16873 6.19421 
2.58593 5.14901 5.56256 5.80298 6.06725 6.16873 
2.58593 5.14901 5.56256 5.80298 6.06725 6.16873 
2.58593 5.14901 5.56256 5.80298 6.06725 6.16873 
2.58593 5.14901 5.5025 5.56256 5.80298 6.06725 
2.58593 4.54775 5.14901 5.5025 5.56256 5.80298 
2.58593 4.54775 5.14901 5.5025 5.56256 5.80298 
2.58593 4.54775 5.14901 5.5025 5.56256 5.80298 
2.58593 4.54775 5.14901 5.5025 5.56256 5.80298 
0.259773 2.58593 4.54775 5.14901 5.5025 5.56256 
0.259773 2.58593 4.54775 5.14901 5.5025 5.56256 
0.259773 2.58593 4.54775 5.11025 5.14901 5.5025 
0.259773 2.58593 4.54775 5.11025 5.14901 5.5025 
0.259773 2.58593 3.89379 4.54775 5.11025 5.14901 
0.259773 2.58593 3.89379 4.54775 5.11025 5.14901 
0.259773 2.58593 3.89379 4.54775 5.11025 5.14901 
0.259773 2.58593 3.89379 4.54775 5.11025 5.14901 
0.259773 2.58593 3.89379 4.54775 4.59563 5.11025 
0.259773 2.58593 3.89379 4.54775 4.59563 5.11025 
0.259773 2.58593 3.89379 4.54775 4.59563 5.11025 
0.259773 2.58593 3.89379 4.54775 4.59563 5.11025 
0.259773 2.58593 3.89379 4.54775 4.59563 5.11025 
0.259773 2.58593 3.89379 4.54775 4.59563 5.11025 
0.259773 2.58593 3.89379 4.54775 4.59563 5.11025 
0.259773 2.58593 3.89379 4.54775 4.59563 5.11025 
0.259773 2.58593 3.89379 4.54775 4.59563 5.11025 
0.259773 2.58593 3.89379 4.54775 4.59563 5.11025 
0.259773 2.58593 3.89379 4.06967 4.54775 4.59563 
0.259773 2.58593 3.89379 4.06967 4.54775 4.59563 
0.259773 2.58593 3.89379 4.06967 4.54775 4.59563 
0.259773 2.58593 3.89379 4.06967 4.54775 4.59563 
0.259773 2.58593 3.89379 4.06967 4.54775 4.59563 
0.259773 2.58593 3.89379 4.06967 4.54775 4.59563 
0.259773 2.58593 3.89379 4.06967 4.54775 4.59563 
0.259773 2.58593 3.77039 3.89379 4.06967 4.54775 
0.259773 2.58593 3.77039 3.89379 4.06967 4.54775 
0.259773 2.58593 3.77039 3.89379 4.06967 4.54775 
0.259773 2.58593 3.77039 3.89379 4.06967 4.54775 
0.259773 2.58593 3.77039 3.89379 4.06967 4.54775 
0.259773 2.58593 3.77039 3.89379 4.06967 4.54775 
0.259773 2.58593 3.77039 3.89379 4.06967 4.54775 
0.259773 2.58593 3.77039 3.89379 4.06967 4.54775 
0.259773 2.58593 3.77039 3.89379 4.06967 4.54775 
0.259773 2.58593 3.77039 3.89379 4.06967 4.54775 
0.259773 2.58593 3.77039 3.89379 4.06967 4.54775 
0.259773 2.58593 3.77039 3.8301 3.85228 3.89379 
0.259773 2.58593 3.77039 3.8301 3.85228 3.89379 
0.259773 2.58593 3.58842 3.77039 3.8301 3.85228 
0.259773 2.58593 3.58842 3.77039 3.8301 3.85228 
0.259773 2.58593 3.58842 3.77039 3.8301 3.85228 
0.259773 2.58593 3.58842 3.77039 3.8301 3.85228 
0.259773 2.58593 3.58842 3.77039 3.8301 3.85228 
0.259773 2.58593 3.58842 3.77039 3.8301 3.85228 
0.259773 2.58593 3.58842 3.77039 3.8301 3.85228 
0.259773 2.58593 3.58842 3.77039 3.8301 3.85228 
0.259773 2.58593 3.58842 3.77039 3.8301 3.85228 
0.259773 2.58593 3.58842 3.77039 3.8301 3.85228 
0.259773 2.58593 3.58842 3.77039 3.8301 3.85228 
0.259773 2.58593 3.58842 3.77039 3.8301 3.85228 
0.259773 2.58593 3.58842 3.77039 3.8301 3.85228 
0.259773 2.58593 3.58842 3.77039 3.8301 3.85228 
0.259773 2.58593 3.58842 3.77039 3.8301 3.85228 
0.259773 2.58593 3.58842 3.74888 3.77039 3.8301 
0.259773 2.58593 3.57461 3.58842 3.63296 3.74888 
0.259773 2.58593 3.57461 3.58842 3.63296 3.74888 
0.259773 2.58593 3.57461 3.58842 3.63296 3.74888 
0.259773 2.58593 3.57461 3.58842 3.63296 3.74888 
0.259773 2.58593 3.27053 3.57461 3.58842 3.63296 
0.259773 2.58593 3.27053 3.57461 3.58842 3.63296 
0.259773 2.58593 3.19587 3.27053 3.57461 3.58842 
0.259773 2.58593 3.19587 3.27053 3.57461 3.58842 
0.259773 2.58593 3.19587 3.27053 3.49194 3.57461 
0.259773 2.58593 3.19587 3.27053 3.49194 3.57461 
0.259773 2.58593 3.19587 3.27053 3.41852 3.49194 
0.259773 1.66014 2.58593 3.19587 3.27053 3.41852 
0.259773 1.66014 2.58593 3.00739 3.19587 3.27053 
0.259773 1.66014 2.58593 3.00739 3.19587 3.27053 
0.259773 1.66014 2.58593 3.00739 3.19587 3.27053 
0.259773 1.66014 2.58593 3.00739 3.19587 3.27053 
0.259773 1.66014 2.58593 2.93495 3.00739 3.19587 
0.259773 1.66014 2.58593 2.93495 3.00739 3.19587 
0.259773 1.66014 2.58593 2.93495 3.00739 3.19587 
0.259773 1.66014 2.58593 2.93495 3.00739 3.19587 
0.259773 1.66014 2.58593 2.93495 3.00739 3.19587 
0.259773 1.66014 2.58593 2.93495 3.00739 3.19587 
0.259773 1.66014 2.58593 2.93495 3.00739 3.19587 
0.259773 1.66014 2.58593 2.93495 3.00739 3.19587 
0.259773 1.66014 2.58593 2.93495 3.00739 3.19587 
0.259773 1.66014 2.58593 2.93495 3.00739 3.19587 
0.259773 1.66014 2.58593 2.93495 3.00739 3.19587 
0.259773 1.66014 2.58593 2.93495 3.00739 3.19587 
0.259773 1.66014 2.58593 2.93495 3.00739 3.19587 
0.259773 1.66014 2.58593 2.93495 3.00739 3.19587 
0.259773 1.66014 2.58593 2.93495 3.00739 3.19587 
0.259773 1.66014 2.58593 2.93495 3.00739 3.19587 
0.259773 1.66014 2.58593 2.93495 3.00739 3.19587 
0.259773 1.66014 2.58593 2.93495 3.00739 3.19587 
0.259773 1.66014 2.58593 2.93495 3.00739 3.19587 
