5.87888 6.76427 7.13862 7.5001 9.09966 10.0373 
5.87888 6.41316 6.76427 7.13862 7.5001 7.98292 
4.55155 5.87888 6.41316 6.61697 6.76427 7.13862 
4.55155 5.87888 6.41316 6.61697 6.76427 7.13862 
4.55155 5.87888 6.08892 6.41316 6.61697 6.76427 
4.55155 5.79907 5.87888 6.08892 6.27408 6.41316 
3.60644 4.01462 4.55155 5.38586 5.79907 5.87888 
3.42234 3.60644 4.01462 4.55155 5.38586 5.79907 
3.42234 3.60644 4.01462 4.27504 4.55155 5.38586 
3.42234 3.60644 4.01462 4.27504 4.55155 5.38586 
3.42234 3.60644 4.01462 4.27504 4.55155 5.38586 
3.42234 3.60644 4.01462 4.27504 4.55155 5.38586 
2.38512 3.42234 3.60644 4.01462 4.27504 4.55155 
2.38512 3.42234 3.60644 4.01462 4.27504 4.55155 
2.38512 2.74543 3.42234 3.60644 4.01462 4.27504 
2.38512 2.74543 3.42234 3.60644 4.01462 4.27504 
2.38512 2.74543 3.42234 3.49458 3.60644 4.01462 
2.38512 2.57214 2.74543 3.42234 3.49458 3.60644 
2.38512 2.57214 2.74543 3.42234 3.49458 3.60644 
2.38512 2.57214 2.74543 3.42234 3.49458 3.60644 
2.38512 2.57214 2.74543 3.42234 3.49458 3.60644 
2.38512 2.57214 2.74543 3.19227 3.42234 3.49458 
2.38512 2.57214 2.74543 3.19227 3.42234 3.49458 
2.38512 2.57214 2.74543 3.19227 3.42234 3.49458 
2.3454 2.38512 2.57214 2.74543 3.19227 3.42234 
2.3454 2.38512 2.57214 2.74543 3.19227 3.42234 
1.48574 2.3454 2.38512 2.57214 2.74543 3.19227 
1.48574 1.77101 2.3454 2.38512 2.57214 2.74543 
1.48574 1.77101 2.3454 2.38512 2.57214 2.74543 
1.48574 1.77101 2.3454 2.38512 2.57214 2.74543 
1.48574 1.77101 2.3454 2.38512 2.57214 2.74543 
1.48574 1.77101 2.3454 2.38512 2.57214 2.74543 
1.48574 1.77101 2.3454 2.38512 2.57214 2.74543 
1.48574 1.77101 2.3454 2.38512 2.57214 2.74543 
1.48574 1.77101 2.3454 2.38512 2.57214 2.74543 
1.48574 1.77101 2.3454 2.38512 2.57214 2.74543 
1.48574 1.77101 2.3454 2.38512 2.57214 2.74543 
1.48574 1.77101 1.93422 2.3454 2.38512 2.57214 
1.48574 1.77101 1.93422 2.3454 2.38512 2.57214 
1.48574 1.77101 1.93422 1.98732 2.3454 2.38512 
1.48574 1.77101 1.93422 1.98732 2.3454 2.38512 
1.48574 1.77101 1.93422 1.98732 2.3454 2.38512 
1.48574 1.77101 1.93422 1.98732 2.3454 2.38512 
1.48574 1.77101 1.93422 1.98732 2.3454 2.38512 
1.07331 1.48574 1.77101 1.93422 1.98732 2.3454 
1.07331 1.48574 1.77101 1.93422 1.98732 2.3454 
1.07331 1.48574 1.77101 1.93422 1.98732 2.3454 
1.07331 1.48574 1.77101 1.93422 1.98732 2.3454 
1.07331 1.25525 1.48574 1.77101 1.93422 1.98732 
1.07331 1.25525 1.48574 1.77101 1.93422 1.98732 
1.07331 1.25525 1.48574 1.77101 1.93422 1.98732 
1.07331 1.25525 1.48574 1.77101 1.93422 1.98732 
1.07331 1.25525 1.48574 1.77101 1.93422 1.98732 
0.784674 1.07331 1.25525 1.48574 1.77101 1.93422 
0.784674 1.07331 1.25525 1.48574 1.77101 1.93422 
0.784674 1.07331 1.25525 1.48574 1.77101 1.93422 
0.784674 1.07331 1.25525 1.48574 1.77101 1.93422 
0.784674 1.07331 1.25525 1.48574 1.77101 1.93422 
0.784674 1.07331 1.25525 1.48574 1.77101 1.93422 
0.784674 1.07331 1.25525 1.48574 1.77101 1.93422 
0.784674 1.07331 1.25525 1.27088 1.48574 1.77101 
0.784674 0.912234 1.07331 1.25525 1.27088 1.48574 
0.784674 0.912234 1.07331 1.25525 1.27088 1.48574 
0.784674 0.912234 1.07331 1.25525 1.27088 1.48574 
0.784674 0.912234 1.07331 1.25525 1.27088 1.48574 
0.784674 0.912234 1.07331 1.25525 1.27088 1.48574 
0.784674 0.912234 1.07331 1.25525 1.27088 1.48574 
0.784674 0.912234 1.07331 1.25525 1.27088 1.48574 
0.784674 0.912234 1.07331 1.25525 1.27088 1.48574 
0.784674 0.912234 1.07331 1.25525 1.27088 1.48574 
0.784674 0.912234 1.07331 1.25525 1.27088 1.48574 
0.784674 0.912234 1.07331 1.25525 1.27088 1.48574 
0.784674 0.912234 1.07331 1.25525 1.27088 1.48574 
0.784674 0.912234 1.07331 1.25525 1.27088 1.48574 
0.784674 0.912234 1.07331 1.25525 1.27088 1.48574 
0.784674 0.912234 1.07331 1.25525 1.27088 1.48574 
0.784674 0.912234 1.07331 1.25525 1.27088 1.48574 
0.784674 0.912234 1.07331 1.25525 1.27088 1.48574 
0.784674 0.912234 1.07331 1.25525 1.27088 1.48574 
0.784674 0.912234 1.07331 1.25525 1.27088 1.48574 
0.784674 0.912234 1.07331 1.25525 1.27088 1.48574 
0.784674 0.912234 1.07331 1.25525 1.27088 1.48574 
0.784674 0.912234 1.07331 1.25525 1.27088 1.48574 
0.784674 0.912234 1.07331 1.25525 1.27088 1.48574 
0.784674 0.912234 1.07331 1.25525 1.27088 1.48574 
0.784674 0.912234 1.07331 1.25525 1.27088 1.48574 
0.784674 0.912234 1.07331 1.25525 1.27088 1.48574 
0.784674 0.912234 1.07331 1.25525 1.27088 1.48574 
0.569121 0.784674 0.912234 1.07331 1.25525 1.27088 
0.569121 0.784674 0.912234 1.07331 1.25525 1.27088 
0.569121 0.784674 0.912234 1.07331 1.25525 1.27088 
0.569121 0.783038 0.784674 0.912234 1.07331 1.25525 
0.569121 0.783038 0.784674 0.912234 1.07331 1.25525 
0.569121 0.783038 0.784674 0.912234 1.07331 1.25525 
0.569121 0.783038 0.784674 0.912234 1.07331 1.25525 
0.569121 0.783038 0.784674 0.898522 0.912234 1.07331 
0.569121 0.783038 0.784674 0.898522 0.912234 1.07331 
0.569121 0.783038 0.784674 0.898522 0.912234 1.07331 
0.569121 0.783038 0.784674 0.898522 0.912234 1.07331 
0.569121 0.783038 0.784674 0.898522 0.912234 1.04784 
