4.01765 4.55398 4.60006 6.24872 7.34559 7.38547 
4.01765 4.03552 4.55398 4.60006 5.95735 6.24872 
4.01765 4.03552 4.55398 4.60006 4.6971 5.95735 
3.65327 3.96485 4.01765 4.03552 4.55398 4.60006 
3.33057 3.65327 3.96485 4.01765 4.03552 4.55398 
3.27201 3.33057 3.38673 3.65327 3.87542 3.96485 
3.26901 3.27201 3.33057 3.38673 3.52367 3.65327 
3.26901 3.27201 3.33057 3.38673 3.52367 3.65327 
2.59389 3.26901 3.27201 3.33057 3.38673 3.52367 
2.59389 2.82885 3.26901 3.27201 3.33057 3.38673 
2.59389 2.82885 3.26901 3.27201 3.33057 3.38673 
2.59389 2.82885 3.26901 3.27201 3.33057 3.38673 
2.59389 2.82885 3.26901 3.27201 3.33057 3.38673 
2.59389 2.82885 2.9944 3.09846 3.26901 3.27201 
2.59389 2.82885 2.9944 3.09846 3.26901 3.27201 
2.45808 2.59389 2.82885 2.9944 3.09846 3.26901 
1.37484 2.45808 2.59389 2.82885 2.87957 2.9944 
1.37484 2.45808 2.59389 2.82885 2.87957 2.9944 
1.37484 2.45808 2.59389 2.82885 2.87957 2.9944 
1.37484 2.45808 2.59389 2.82885 2.87957 2.9944 
1.37484 2.45808 2.59389 2.82885 2.87957 2.9944 
0.987263 1.37484 2.45808 2.59389 2.82885 2.87957 
0.987263 1.37484 2.45808 2.59389 2.82885 2.87957 
0.449651 0.987263 1.37484 2.00316 2.45808 2.59389 
0.449651 0.987263 1.37484 2.00316 2.45808 2.59389 
0.449651 0.987263 1.37484 2.00316 2.11965 2.45808 
0.449651 0.987263 0.989272 1.37484 2.00316 2.11965 
0.449651 0.987263 0.989272 1.37484 2.00316 2.11965 
0.449651 0.987263 0.989272 1.37484 2.00126 2.00316 
0.449651 0.987263 0.989272 1.37484 2.00126 2.00316 
0.449651 0.987263 0.989272 1.37484 2.00126 2.00316 
0.449651 0.987263 0.989272 1.37484 2.00126 2.00316 
0.449651 0.987263 0.989272 1.37484 2.00126 2.00316 
0.449651 0.897076 0.987263 0.989272 1.37484 2.00126 
0.449651 0.897076 0.987263 0.989272 1.37484 2.00126 
0.449651 0.897076 0.987263 0.989272 1.37484 2.00126 
0.412961 0.449651 0.897076 0.987263 0.989272 1.37484 
0.412961 0.449651 0.897076 0.987263 0.989272 1.37484 
0.412961 0.449651 0.897076 0.987263 0.989272 1.37484 
0.412961 0.449651 0.512022 0.897076 0.987263 0.989272 
0.412961 0.449651 0.512022 0.897076 0.987263 0.989272 
0.412961 0.449651 0.512022 0.897076 0.987263 0.989272 
0.412961 0.449651 0.512022 0.897076 0.987263 0.989272 
0.412961 0.449651 0.512022 0.897076 0.987263 0.989272 
0.412961 0.449651 0.512022 0.666871 0.897076 0.987263 
0.412961 0.449651 0.512022 0.666871 0.897076 0.987263 
0.412961 0.449651 0.512022 0.666871 0.897076 0.987263 
0.412961 0.449651 0.512022 0.546301 0.666871 0.897076 
0.412961 0.449651 0.512022 0.546301 0.666871 0.897076 
0.412961 0.449651 0.512022 0.546301 0.666871 0.897076 
0.271051 0.412961 0.449651 0.512022 0.546301 0.666871 
0.271051 0.412961 0.449651 0.512022 0.546301 0.666871 
0.271051 0.412961 0.449651 0.512022 0.546301 0.666871 
0.271051 0.412961 0.449651 0.512022 0.546301 0.666871 
0.271051 0.412961 0.449651 0.512022 0.546301 0.666871 
0.271051 0.412961 0.449651 0.512022 0.546301 0.666871 
0.271051 0.412961 0.449651 0.512022 0.546301 0.666871 
0.271051 0.412961 0.449651 0.512022 0.546301 0.666871 
0.271051 0.412961 0.449651 0.512022 0.546301 0.666871 
0.271051 0.412961 0.449651 0.512022 0.546301 0.666871 
0.271051 0.412961 0.449651 0.512022 0.546301 0.666871 
0.271051 0.412961 0.449651 0.512022 0.546301 0.666871 
0.271051 0.412961 0.449651 0.512022 0.546301 0.666871 
0.271051 0.412961 0.449651 0.512022 0.546301 0.666871 
0.271051 0.412961 0.449651 0.512022 0.546301 0.666871 
0.271051 0.412961 0.449651 0.512022 0.546301 0.666871 
0.271051 0.412961 0.449651 0.512022 0.546301 0.666871 
0.271051 0.412961 0.449651 0.512022 0.546301 0.666871 
0.271051 0.412961 0.449651 0.512022 0.546301 0.666871 
0.271051 0.412961 0.449651 0.512022 0.546301 0.666871 
0.271051 0.412961 0.449651 0.512022 0.546301 0.666871 
0.271051 0.412961 0.449651 0.512022 0.546301 0.666871 
0.271051 0.412961 0.449651 0.512022 0.546301 0.666871 
0.271051 0.412961 0.449651 0.512022 0.546301 0.666871 
0.271051 0.412961 0.449651 0.512022 0.546301 0.666871 
0.271051 0.412961 0.449651 0.512022 0.546301 0.666871 
0.271051 0.412961 0.449651 0.512022 0.546301 0.666871 
0.271051 0.412961 0.449651 0.512022 0.546301 0.666871 
0.271051 0.412961 0.449651 0.512022 0.546301 0.666871 
0.271051 0.412961 0.449651 0.512022 0.546301 0.666871 
0.271051 0.412961 0.449651 0.512022 0.546301 0.666871 
0.271051 0.412961 0.449651 0.512022 0.546301 0.666871 
0.271051 0.412961 0.449651 0.512022 0.546301 0.666871 
0.271051 0.412961 0.449651 0.512022 0.546301 0.666871 
0.271051 0.412961 0.449651 0.512022 0.546301 0.666871 
0.271051 0.412961 0.449651 0.512022 0.546301 0.666871 
0.271051 0.412961 0.449651 0.512022 0.546301 0.666871 
0.271051 0.412961 0.449651 0.512022 0.546301 0.666871 
0.271051 0.412961 0.449651 0.512022 0.546301 0.666871 
0.271051 0.412961 0.449651 0.512022 0.546301 0.666871 
0.271051 0.412961 0.449651 0.512022 0.546301 0.666871 
0.271051 0.412961 0.449651 0.512022 0.546301 0.666871 
0.271051 0.412961 0.449651 0.512022 0.546301 0.666871 
0.271051 0.412961 0.449651 0.512022 0.546301 0.666871 
0.271051 0.412961 0.449651 0.512022 0.546301 0.666871 
0.271051 0.412961 0.449651 0.512022 0.546301 0.666871 
0.271051 0.412961 0.449651 0.512022 0.546301 0.666871 
0.271051 0.412961 0.449651 0.512022 0.546301 0.666871 
0.271051 0.412961 0.449651 0.512022 0.546301 0.666871 
0.271051 0.412961 0.449651 0.512022 0.546301 0.666871 
