3.97749 4.46047 5.56899 5.93532 5.9919 9.96604 
3.97749 4.46047 5.56899 5.93532 5.9919 9.39404 
3.41921 3.97749 3.9969 4.46047 4.64913 5.16564 
3.41921 3.70226 3.77008 3.97749 3.9969 4.46047 
2.65149 3.01407 3.11714 3.41921 3.63031 3.70226 
2.65149 3.01407 3.11714 3.41921 3.63031 3.70226 
2.65149 3.01407 3.11714 3.41921 3.50512 3.63031 
2.65149 3.01407 3.11714 3.41921 3.50512 3.63031 
2.65149 3.01407 3.11714 3.30158 3.41921 3.50512 
2.65149 3.01407 3.11714 3.30158 3.41921 3.50512 
0.202321 2.38208 2.65149 3.01407 3.11714 3.30158 
0.202321 2.38208 2.65149 3.01407 3.11714 3.30158 
0.202321 0.527706 2.38208 2.65149 3.01407 3.11714 
0.202321 0.527706 2.02465 2.38208 2.65149 3.01407 
0.202321 0.527706 1.96617 2.02465 2.38208 2.65149 
0.202321 0.527706 1.96617 2.02465 2.38208 2.65149 
0.202321 0.527706 1.96617 2.02465 2.38208 2.65149 
0.202321 0.527706 1.01256 1.96617 2.02465 2.38208 
0.202321 0.527706 1.01256 1.96617 2.02465 2.38208 
0.202321 0.527706 1.01256 1.27699 1.96617 2.02465 
0.202321 0.527706 1.01256 1.27699 1.96617 2.02465 
0.202321 0.395824 0.527706 1.01256 1.27699 1.96617 
0.202321 0.395824 0.527706 1.01256 1.27699 1.96617 
0.202321 0.395824 0.527706 1.01256 1.27699 1.96617 
0.202321 0.395824 0.527706 1.01256 1.27699 1.96617 
0.202321 0.395824 0.527706 1.01256 1.27699 1.96617 
0.202321 0.395824 0.527706 1.01256 1.27699 1.96617 
0.202321 0.395824 0.527706 1.01256 1.27699 1.96617 
0.202321 0.395824 0.527706 1.01256 1.27699 1.96617 
0.202321 0.395824 0.527706 1.01256 1.27699 1.96617 
0.202321 0.395824 0.527706 0.755575 0.920984 1.01256 
0.202321 0.395824 0.527706 0.755575 0.920984 1.01256 
0.202321 0.395824 0.527706 0.755575 0.920984 1.01256 
0.202321 0.367936 0.395824 0.527706 0.755575 0.920984 
0.202321 0.367936 0.395824 0.527706 0.755575 0.920984 
0.202321 0.367936 0.395824 0.446372 0.527706 0.755575 
0.202321 0.367936 0.395824 0.446372 0.527706 0.755575 
0.202321 0.367936 0.395824 0.446372 0.527706 0.755575 
0.202321 0.367936 0.395824 0.446372 0.527706 0.755575 
0.202321 0.367936 0.395824 0.446372 0.527706 0.755575 
0.202321 0.367936 0.395824 0.446372 0.527706 0.755575 
0.202321 0.367936 0.395824 0.446372 0.527706 0.755575 
0.202321 0.367936 0.395824 0.446372 0.527706 0.755575 
0.202321 0.367936 0.395824 0.446372 0.527706 0.755575 
0.202321 0.367936 0.395824 0.446372 0.527706 0.755575 
0.202321 0.367936 0.395824 0.446372 0.527706 0.755575 
0.202321 0.367936 0.395824 0.446372 0.527706 0.755575 
0.202321 0.367936 0.395824 0.446372 0.527706 0.755575 
0.202321 0.367936 0.395824 0.446372 0.527706 0.755575 
0.202321 0.367936 0.395824 0.446372 0.527706 0.755575 
0.202321 0.367936 0.395824 0.446372 0.527706 0.755575 
0.202321 0.367936 0.395824 0.446372 0.527706 0.755575 
0.202321 0.367936 0.395824 0.446372 0.527706 0.755575 
0.202321 0.367936 0.395824 0.446372 0.527706 0.755575 
0.202321 0.367936 0.395824 0.446372 0.527706 0.755575 
0.202321 0.367936 0.395824 0.446372 0.527706 0.755575 
0.202321 0.367936 0.395824 0.446372 0.527706 0.755575 
0.202321 0.367936 0.395824 0.446372 0.527706 0.755575 
0.202321 0.367936 0.395824 0.446372 0.527706 0.755575 
0.202321 0.367936 0.395824 0.446372 0.527706 0.755575 
0.202321 0.367936 0.395824 0.446372 0.527706 0.755575 
0.202321 0.367936 0.395824 0.446372 0.527706 0.755575 
0.202321 0.367936 0.395824 0.446372 0.527706 0.755575 
0.202321 0.367936 0.395824 0.446372 0.527706 0.755575 
0.202321 0.367936 0.395824 0.446372 0.527706 0.755575 
0.202321 0.367936 0.395824 0.446372 0.527706 0.755575 
0.202321 0.367936 0.395824 0.446372 0.527706 0.755575 
0.202321 0.367936 0.395824 0.446372 0.527706 0.755575 
0.202321 0.367936 0.395824 0.446372 0.527706 0.755575 
0.202321 0.367936 0.395824 0.446372 0.527706 0.755575 
0.202321 0.367936 0.395824 0.446372 0.527706 0.755575 
0.202321 0.367936 0.395824 0.446372 0.527706 0.755575 
0.202321 0.367936 0.395824 0.446372 0.527706 0.755575 
0.202321 0.367936 0.395824 0.446372 0.527706 0.755575 
0.202321 0.367936 0.395824 0.446372 0.527706 0.727397 
0.202321 0.367936 0.395824 0.446372 0.527706 0.727397 
0.202321 0.367936 0.395824 0.446372 0.527706 0.727397 
0.202321 0.367936 0.395824 0.446372 0.527706 0.727397 
0.202321 0.367936 0.395824 0.446372 0.527706 0.703992 
0.202321 0.367936 0.395824 0.446372 0.527706 0.703992 
0.202321 0.367936 0.395824 0.446372 0.527706 0.703992 
0.202321 0.367936 0.395824 0.446372 0.527706 0.703992 
0.202321 0.367936 0.395824 0.446372 0.527706 0.703992 
0.202321 0.367936 0.395824 0.446372 0.497047 0.527706 
0.202321 0.367936 0.395824 0.446372 0.497047 0.527706 
0.202321 0.367936 0.395824 0.446372 0.497047 0.527706 
0.202321 0.367936 0.395824 0.446372 0.452036 0.497047 
0.202321 0.367936 0.395824 0.446372 0.452036 0.497047 
0.202321 0.367936 0.395824 0.446372 0.452036 0.497047 
0.202321 0.367936 0.395824 0.412388 0.446372 0.452036 
0.202321 0.367936 0.395824 0.412388 0.446372 0.452036 
0.202321 0.367936 0.395824 0.412388 0.446372 0.452036 
0.202321 0.367936 0.395824 0.40642 0.412388 0.446372 
0.202321 0.367936 0.395824 0.40642 0.412388 0.446372 
0.202321 0.367936 0.395824 0.40642 0.412388 0.446372 
0.202321 0.367936 0.395824 0.40642 0.412388 0.434355 
0.202321 0.294545 0.367936 0.395824 0.40642 0.412388 
0.202321 0.294545 0.367936 0.395824 0.40642 0.412388 
0.202321 0.294545 0.367936 0.395824 0.40642 0.412388 
0.202321 0.294545 0.331275 0.367936 0.395824 0.40642 
