3.92254 3.98546 4.35428 5.76051 6.45868 8.86119 
2.9921 3.44385 3.92254 3.98546 4.35428 5.76051 
1.14108 2.30879 2.9921 3.44385 3.92254 3.98546 
1.14108 2.30879 2.9921 3.44385 3.92254 3.98546 
1.14108 2.30879 2.9921 3.44385 3.92254 3.98546 
0.791784 1.14108 2.30879 2.9921 3.44385 3.92254 
0.791784 1.14108 2.30879 2.42665 2.9921 3.44385 
0.791784 1.14108 2.30879 2.42665 2.9921 3.3245 
0.791784 1.14108 2.30879 2.42665 2.9921 3.3245 
0.791784 1.14108 2.30879 2.42665 2.9921 3.3245 
0.791784 0.841104 1.14108 2.30879 2.42665 2.9921 
0.791784 0.841104 1.14108 2.30879 2.42665 2.9921 
0.791784 0.841104 1.14108 2.30879 2.42665 2.9921 
0.791784 0.841104 1.14108 2.30879 2.42665 2.9921 
0.791784 0.841104 1.14108 2.30879 2.42665 2.9921 
0.791784 0.841104 1.14108 1.26568 2.30879 2.42665 
0.791784 0.841104 1.14108 1.26568 2.30879 2.42665 
0.791784 0.841104 1.14108 1.26568 1.88126 2.30879 
0.791784 0.841104 1.14108 1.26568 1.88126 2.30879 
0.791784 0.841104 1.14108 1.26568 1.88126 2.30879 
0.791784 0.841104 1.14108 1.26568 1.88126 2.30879 
0.791784 0.841104 1.14108 1.26568 1.88126 2.30879 
0.791784 0.841104 1.14108 1.26568 1.66191 1.88126 
0.791784 0.841104 1.14108 1.26568 1.66191 1.88126 
0.791784 0.841104 1.14108 1.26568 1.66191 1.88126 
0.791784 0.841104 1.12794 1.14108 1.26568 1.66191 
0.791784 0.841104 1.12794 1.14108 1.26568 1.66191 
0.791784 0.841104 1.12794 1.14108 1.26568 1.66191 
0.791784 0.841104 0.918148 1.12794 1.14108 1.26568 
0.791784 0.841104 0.918148 1.12794 1.14108 1.26568 
0.791784 0.841104 0.918148 1.12794 1.14108 1.26568 
0.761201 0.791784 0.841104 0.918148 1.12794 1.14108 
0.761201 0.791784 0.841104 0.918148 1.12794 1.14108 
0.761201 0.791784 0.841104 0.918148 1.12794 1.14108 
0.761201 0.791784 0.841104 0.918148 1.12794 1.14108 
0.761201 0.791784 0.841104 0.918148 1.12794 1.14108 
0.734745 0.761201 0.791784 0.841104 0.918148 1.12794 
0.193356 0.734745 0.761201 0.791784 0.841104 0.918148 
0.193356 0.734745 0.761201 0.791784 0.841104 0.918148 
0.193356 0.734745 0.761201 0.791784 0.841104 0.918148 
0.193356 0.734745 0.761201 0.791784 0.841104 0.918148 
0.193356 0.734745 0.761201 0.791784 0.841104 0.918148 
0.193356 0.734745 0.761201 0.791784 0.841104 0.918148 
0.193356 0.734745 0.761201 0.791784 0.841104 0.918148 
0.193356 0.734745 0.761201 0.791784 0.841104 0.918148 
0.193356 0.734745 0.761201 0.791784 0.841104 0.918148 
0.193356 0.734745 0.761201 0.791784 0.841104 0.918148 
0.193356 0.734745 0.761201 0.791784 0.841104 0.918148 
0.193356 0.734745 0.761201 0.791784 0.841104 0.918148 
0.193356 0.734745 0.761201 0.791784 0.841104 0.918148 
0.193356 0.734745 0.761201 0.791784 0.841104 0.918148 
0.193356 0.734745 0.761201 0.791784 0.841104 0.918148 
0.193356 0.369189 0.734745 0.761201 0.791784 0.841104 
0.137747 0.193356 0.369189 0.734745 0.761201 0.791784 
0.137747 0.193356 0.369189 0.734745 0.761201 0.791784 
0.137747 0.193356 0.369189 0.734745 0.761201 0.791784 
0.137747 0.193356 0.369189 0.734745 0.761201 0.791784 
0.137747 0.193356 0.369189 0.734745 0.761201 0.791784 
0.137747 0.193356 0.369189 0.734745 0.761201 0.791784 
0.137747 0.193356 0.369189 0.734745 0.761201 0.791784 
0.137747 0.193356 0.369189 0.445409 0.734745 0.761201 
0.137747 0.193356 0.369189 0.445409 0.734745 0.761201 
0.137747 0.193356 0.369189 0.442072 0.445409 0.734745 
0.137747 0.193356 0.369189 0.442072 0.445409 0.734745 
0.137747 0.193356 0.290156 0.369189 0.442072 0.445409 
0.137747 0.193356 0.290156 0.369189 0.442072 0.445409 
0.137747 0.193356 0.290156 0.369189 0.442072 0.445409 
0.137747 0.193356 0.290156 0.369189 0.442072 0.445409 
0.137747 0.193356 0.290156 0.369189 0.442072 0.445409 
0.137747 0.193356 0.290156 0.369189 0.442072 0.445409 
0.137747 0.193356 0.290156 0.369189 0.442072 0.445409 
0.137747 0.193356 0.290156 0.369189 0.442072 0.445409 
0.137747 0.193356 0.290156 0.369189 0.442072 0.445409 
0.137747 0.193356 0.290156 0.369189 0.442072 0.445409 
0.137747 0.193356 0.290156 0.369189 0.442072 0.445409 
0.137747 0.193356 0.290156 0.369189 0.442072 0.445409 
0.137747 0.193356 0.290156 0.369189 0.442072 0.445409 
0.137747 0.193356 0.290156 0.369189 0.442072 0.445409 
0.137747 0.193356 0.290156 0.369189 0.442072 0.445409 
0.137747 0.193356 0.290156 0.369189 0.442072 0.445409 
0.137747 0.193356 0.290156 0.369189 0.442072 0.445409 
0.137747 0.193356 0.290156 0.369189 0.442072 0.445409 
0.137747 0.193356 0.290156 0.369189 0.442072 0.445409 
0.137747 0.193356 0.290156 0.369189 0.442072 0.445409 
0.137747 0.193356 0.290156 0.369189 0.442072 0.445409 
0.137747 0.193356 0.290156 0.369189 0.442072 0.445409 
0.137747 0.193356 0.290156 0.369189 0.442072 0.445409 
0.137747 0.193356 0.290156 0.369189 0.442072 0.445409 
0.137747 0.193356 0.290156 0.369189 0.442072 0.445409 
0.137747 0.193356 0.290156 0.369189 0.442072 0.445409 
0.137747 0.193356 0.290156 0.369189 0.442072 0.445409 
0.137747 0.193356 0.290156 0.369189 0.442072 0.445409 
0.137747 0.193356 0.290156 0.369189 0.442072 0.445409 
0.137747 0.193356 0.290156 0.369189 0.442072 0.445409 
0.137747 0.193356 0.290156 0.369189 0.442072 0.445409 
0.137747 0.193356 0.290156 0.369189 0.442072 0.445409 
0.137747 0.193356 0.290156 0.369189 0.442072 0.445409 
0.137747 0.193356 0.290156 0.351626 0.369189 0.442072 
0.137747 0.193356 0.290156 0.351626 0.369189 0.442072 
0.137747 0.193356 0.290156 0.351626 0.369189 0.442072 
