0.173733 3.55585 5.87846 7.31451 8.09384 8.6181 
0.173733 3.55585 5.87846 7.10557 7.31451 7.79383 
0.173733 3.55585 3.70676 4.85725 5.87846 7.10557 
0.173733 3.55585 3.70676 4.31083 4.85725 5.87846 
0.173733 3.55585 3.70676 4.31083 4.85725 4.99932 
0.173733 3.55585 3.70676 4.31083 4.5005 4.85725 
0.173733 3.55585 3.70676 4.31083 4.5005 4.57341 
0.173733 3.55585 3.70676 3.91554 4.31083 4.5005 
0.173733 3.55585 3.70676 3.91554 4.31083 4.5005 
0.173733 3.55585 3.70676 3.91554 4.31083 4.5005 
0.173733 3.55585 3.70676 3.91554 4.31083 4.5005 
0.173733 2.96626 3.55585 3.70676 3.91554 4.31083 
0.173733 2.96626 3.55585 3.70676 3.91554 4.31083 
0.173733 2.95911 2.96626 3.55585 3.70676 3.91554 
0.173733 2.95911 2.96626 3.55585 3.70676 3.91554 
0.173733 2.95911 2.96626 3.55585 3.70676 3.91554 
0.173733 2.95911 2.96626 3.55585 3.70676 3.91554 
0.173733 2.95911 2.96626 3.27823 3.55585 3.70676 
0.173733 2.95911 2.96626 3.27823 3.4278 3.55585 
0.173733 2.95911 2.96626 3.16255 3.23838 3.27823 
0.173733 2.95911 2.96626 3.07607 3.16255 3.23838 
0.173733 2.85568 2.95911 2.96626 3.07607 3.16255 
0.173733 2.85568 2.95911 2.96626 3.07607 3.16255 
0.173733 2.85568 2.95911 2.96626 2.96991 3.07607 
0.173733 2.85568 2.95911 2.96626 2.96991 3.07607 
0.173733 2.69593 2.85568 2.95911 2.96626 2.96991 
0.173733 2.68371 2.69593 2.85568 2.95911 2.96626 
0.173733 2.58881 2.68371 2.69593 2.85568 2.95911 
0.173733 2.58881 2.68371 2.69593 2.85568 2.95911 
0.173733 2.58881 2.68371 2.69593 2.85568 2.95911 
0.173733 2.58881 2.68371 2.69593 2.85104 2.85568 
0.173733 1.24923 1.52033 2.58881 2.68371 2.69593 
0.173733 1.24923 1.52033 2.58881 2.68371 2.69593 
0.173733 1.24923 1.52033 2.58881 2.68371 2.69593 
0.173733 1.24923 1.52033 2.58881 2.68371 2.69593 
0.173733 1.24923 1.52033 2.58881 2.68371 2.69593 
0.173733 1.24923 1.52033 2.25845 2.58881 2.68371 
0.173733 1.24923 1.52033 1.53099 2.25845 2.58881 
0.173733 1.24923 1.52033 1.53099 2.25845 2.58881 
0.173733 1.24923 1.52033 1.53099 1.62513 2.25845 
0.173733 1.24923 1.52033 1.53099 1.62513 2.25845 
0.173733 1.24923 1.52033 1.53099 1.62513 2.25845 
0.173733 1.24923 1.52033 1.53099 1.62513 2.25845 
0.173733 1.17287 1.24923 1.52033 1.53099 1.62513 
0.173733 1.17287 1.18352 1.24923 1.52033 1.53099 
0.173733 1.17287 1.18352 1.24923 1.27355 1.52033 
0.173733 1.17287 1.18352 1.24923 1.27355 1.52033 
0.173733 1.17287 1.18352 1.24923 1.27355 1.52033 
0.173733 1.17287 1.18352 1.24923 1.27355 1.52033 
0.173733 1.17287 1.18352 1.24923 1.27355 1.52033 
0.173733 1.17287 1.18352 1.24923 1.27355 1.52033 
0.173733 1.17287 1.18352 1.24923 1.27355 1.52033 
0.173733 1.17287 1.18352 1.24923 1.27355 1.52033 
0.173733 1.06048 1.17287 1.18352 1.24923 1.27355 
0.173733 1.06048 1.06583 1.17287 1.18352 1.24923 
0.173733 1.06048 1.06583 1.17287 1.18352 1.24923 
0.173733 1.06048 1.06583 1.17287 1.18352 1.24923 
0.173733 1.06048 1.06583 1.17287 1.18352 1.24923 
0.173733 1.06048 1.06583 1.17287 1.18352 1.24923 
0.173733 1.06048 1.06583 1.17287 1.18352 1.24923 
0.173733 1.06048 1.06583 1.17287 1.18352 1.24923 
0.173733 1.06048 1.06583 1.17287 1.18352 1.24923 
0.173733 1.06048 1.06583 1.17287 1.18352 1.24923 
0.173733 1.06048 1.06583 1.17287 1.18352 1.24923 
0.173733 1.06048 1.06583 1.17287 1.18352 1.24923 
0.173733 1.06048 1.06583 1.17287 1.18352 1.24923 
0.173733 1.06048 1.06583 1.17287 1.18352 1.24923 
0.173733 1.06048 1.06583 1.17287 1.18352 1.24923 
0.173733 1.06048 1.06583 1.17287 1.18352 1.24923 
0.173733 1.06048 1.06583 1.17287 1.18352 1.24923 
0.173733 1.06048 1.06583 1.17287 1.18352 1.24923 
0.173733 1.06048 1.06583 1.17287 1.18352 1.24923 
0.173733 1.06048 1.06583 1.17287 1.18352 1.24923 
0.173733 1.06048 1.06583 1.17287 1.18352 1.24923 
0.173733 1.06048 1.06583 1.17287 1.18352 1.24923 
0.173733 1.06048 1.06583 1.17287 1.18352 1.24923 
0.173733 1.06048 1.06583 1.17287 1.18352 1.24923 
0.173733 1.06048 1.06583 1.17287 1.18352 1.24923 
0.173733 1.06048 1.06583 1.17287 1.18352 1.24923 
0.173733 1.06048 1.06583 1.17287 1.18352 1.24923 
0.173733 1.06048 1.06583 1.17287 1.18352 1.24923 
0.173733 1.06048 1.06583 1.17287 1.18352 1.24923 
0.173733 1.06048 1.06583 1.17287 1.18352 1.24923 
0.173733 1.06048 1.06583 1.17287 1.18352 1.24923 
0.173733 1.06048 1.06583 1.17287 1.18352 1.24923 
0.173733 1.06048 1.06583 1.17287 1.18352 1.24923 
0.173733 1.06048 1.06583 1.17287 1.18352 1.24923 
0.173733 1.06048 1.06583 1.17287 1.18352 1.24923 
0.173733 1.06048 1.06583 1.17287 1.18352 1.24923 
0.173733 1.06048 1.06583 1.17287 1.18352 1.24923 
0.173733 1.06048 1.06583 1.17287 1.18352 1.24923 
0.173733 1.06048 1.06583 1.17287 1.18352 1.24923 
0.173733 1.06048 1.06583 1.17287 1.18352 1.24923 
0.173733 1.06048 1.06583 1.17287 1.18352 1.24923 
0.173733 1.06048 1.06583 1.17287 1.18352 1.24923 
0.173733 1.06048 1.06583 1.17287 1.18352 1.24923 
0.173733 1.06048 1.06583 1.17287 1.18352 1.24923 
0.173733 1.06048 1.06583 1.17287 1.18352 1.24923 
0.173733 1.06048 1.06583 1.17287 1.18352 1.24923 
0.173733 1.06048 1.06583 1.17287 1.18352 1.24923 
