5.88604 5.89039 8.31564 8.3229 9.16694 9.5439 
5.88604 5.89039 6.89024 7.48961 8.31564 8.3229 
5.88604 5.89039 6.20252 6.89024 7.48961 8.31564 
3.90282 5.88604 5.89039 6.20252 6.89024 7.48961 
3.90282 5.88604 5.89039 6.20252 6.89024 7.08653 
3.90282 5.88604 5.89039 6.20252 6.89024 7.08653 
3.90282 5.88604 5.89039 6.20252 6.89024 7.08653 
3.90282 5.88604 5.89039 6.20252 6.36277 6.89024 
3.90282 5.88604 5.89039 6.11566 6.20252 6.36277 
3.90282 5.81356 5.88604 5.89039 6.11566 6.20252 
3.87213 3.90282 5.77786 5.81356 5.88604 5.89039 
2.82222 3.87213 3.90282 4.44789 5.77786 5.81356 
2.82222 3.34866 3.56953 3.87213 3.90282 4.44789 
2.82222 3.2503 3.34866 3.56953 3.87213 3.90282 
2.82222 3.2503 3.34866 3.56953 3.87213 3.90282 
2.82222 3.2503 3.34866 3.42638 3.56953 3.87213 
2.82222 3.2503 3.34866 3.42638 3.56953 3.87213 
2.66892 2.82222 3.2503 3.34866 3.42638 3.56953 
2.66892 2.82222 3.2503 3.34866 3.42638 3.56953 
1.37273 2.66892 2.82222 3.2303 3.2503 3.34866 
1.37273 2.66892 2.82222 3.2303 3.2503 3.34866 
1.37273 2.66892 2.82222 3.2303 3.2503 3.34866 
1.37273 2.66892 2.82222 3.2303 3.2503 3.34866 
1.37273 2.66892 2.82222 3.2303 3.2503 3.34866 
1.37273 2.66892 2.82222 3.00943 3.20241 3.2303 
1.37273 2.58248 2.66892 2.72487 2.82222 3.00943 
1.37273 2.58248 2.66892 2.72487 2.82222 3.00943 
1.37273 2.58248 2.62241 2.66892 2.72487 2.82222 
1.37273 2.58248 2.62241 2.66892 2.72487 2.82222 
1.37273 2.58248 2.62241 2.66892 2.72487 2.73753 
1.37273 2.58248 2.62241 2.66892 2.72487 2.73753 
1.37273 2.58248 2.62241 2.66892 2.72487 2.73753 
1.03916 1.37273 2.58248 2.62241 2.66892 2.72487 
1.03916 1.37273 2.58248 2.62241 2.66892 2.69481 
1.03916 1.37273 2.58248 2.62241 2.66892 2.69481 
1.03916 1.37273 2.58248 2.62241 2.66892 2.69481 
1.03916 1.37273 2.58248 2.62241 2.66479 2.66892 
1.03916 1.37273 2.58248 2.62241 2.66479 2.66892 
1.03916 1.37273 2.58248 2.62241 2.66479 2.66892 
1.03916 1.37273 2.58248 2.62241 2.66479 2.66892 
1.03916 1.37273 2.58248 2.62241 2.66479 2.66892 
1.03916 1.37273 2.58248 2.62241 2.66479 2.66892 
1.03916 1.37273 2.54115 2.58248 2.62241 2.66479 
1.03916 1.37273 2.17311 2.54115 2.58248 2.62241 
1.03916 1.37273 2.17311 2.54115 2.58248 2.62241 
1.03916 1.37273 2.17311 2.54115 2.58248 2.62241 
1.03916 1.37273 1.39694 2.17311 2.54115 2.58248 
1.03916 1.37273 1.39694 2.17311 2.41684 2.54115 
1.03916 1.37273 1.39694 2.17311 2.33238 2.41684 
1.03916 1.37273 1.39694 2.17311 2.33238 2.41684 
1.03916 1.37273 1.39694 2.17311 2.33238 2.41684 
1.03916 1.37273 1.39694 2.17311 2.33238 2.41684 
1.03916 1.37273 1.39694 2.17311 2.33238 2.41684 
1.03916 1.37273 1.39694 2.17311 2.33238 2.41684 
1.03916 1.37273 1.39694 2.17311 2.33238 2.41684 
0.564047 1.03916 1.37273 1.39694 2.17311 2.33238 
0.564047 1.03916 1.37273 1.39694 2.17311 2.33238 
0.564047 1.03916 1.37273 1.39694 2.17311 2.33238 
0.564047 1.03916 1.37273 1.39694 1.46104 2.17311 
0.564047 1.03916 1.24418 1.37273 1.39694 1.46104 
0.564047 1.03916 1.07125 1.24418 1.37273 1.39694 
0.564047 1.03916 1.06666 1.07125 1.24418 1.37273 
0.564047 1.03916 1.06666 1.07125 1.24418 1.37273 
0.564047 1.03916 1.06666 1.07125 1.24418 1.37273 
0.564047 1.03916 1.06666 1.07125 1.24418 1.35675 
0.564047 1.03916 1.06666 1.07125 1.24418 1.35675 
0.564047 1.03916 1.06666 1.07125 1.24418 1.35675 
0.564047 1.03916 1.06666 1.07125 1.24418 1.35675 
0.564047 1.03916 1.06666 1.07125 1.24418 1.35675 
0.564047 0.714818 1.03916 1.06666 1.07125 1.24418 
0.564047 0.714818 1.03916 1.06666 1.07125 1.24418 
0.51837 0.564047 0.714818 1.03916 1.06666 1.07125 
0.42464 0.494204 0.51837 0.53991 0.564047 0.714818 
0.42464 0.494204 0.51837 0.53991 0.564047 0.714818 
0.168368 0.42464 0.494204 0.51837 0.53991 0.564047 
0.168368 0.42464 0.494204 0.51837 0.53991 0.564047 
0.168368 0.42464 0.494204 0.51837 0.53991 0.564047 
0.168368 0.42464 0.494204 0.51837 0.53991 0.564047 
0.168368 0.42464 0.494204 0.51837 0.53991 0.564047 
0.168368 0.42464 0.494204 0.51837 0.53991 0.564047 
0.168368 0.42464 0.494204 0.51837 0.53991 0.564047 
0.168368 0.42464 0.494204 0.51837 0.53991 0.564047 
0.168368 0.42464 0.494204 0.51837 0.53991 0.564047 
0.168368 0.42464 0.494204 0.51837 0.53991 0.564047 
0.168368 0.42464 0.494204 0.51837 0.53991 0.564047 
0.168368 0.42464 0.494204 0.51837 0.53991 0.564047 
0.168368 0.42464 0.494204 0.51837 0.53991 0.564047 
0.168368 0.42464 0.494204 0.51837 0.53991 0.564047 
0.168368 0.42464 0.494204 0.51837 0.53991 0.564047 
0.168368 0.42464 0.494204 0.51837 0.53991 0.564047 
0.168368 0.42464 0.494204 0.51837 0.53991 0.564047 
0.168368 0.42464 0.494204 0.51837 0.53991 0.564047 
0.168368 0.42464 0.494204 0.51837 0.53991 0.564047 
0.168368 0.42464 0.494204 0.51837 0.53991 0.564047 
0.168368 0.42464 0.494204 0.51837 0.53991 0.564047 
0.168368 0.42464 0.494204 0.51837 0.53991 0.564047 
0.168368 0.42464 0.494204 0.51837 0.53991 0.564047 
0.168368 0.42464 0.494204 0.51837 0.53991 0.564047 
0.168368 0.42464 0.494204 0.51837 0.53991 0.564047 
0.168368 0.42464 0.494204 0.51837 0.53991 0.564047 
