4.2671 4.53931 5.69391 5.96846 6.39497 8.1519 
1.61573 2.89554 3.90813 4.2671 4.53931 5.69391 
1.61573 2.71864 2.89554 3.90813 4.2671 4.53931 
1.61573 2.71864 2.89554 3.90813 4.2671 4.53931 
1.61573 2.71864 2.89554 3.90813 4.25362 4.2671 
1.61573 2.71864 2.89554 3.38859 3.90813 4.25362 
1.61573 2.71864 2.89554 3.38859 3.90813 3.98138 
1.61573 2.71864 2.89554 3.21735 3.38859 3.90813 
1.61573 2.71864 2.89554 2.93458 3.21735 3.38859 
1.61573 2.71864 2.89554 2.93458 3.21735 3.38859 
1.61573 2.71864 2.89554 2.93458 3.21735 3.38859 
1.61573 2.71864 2.89554 2.93458 3.21735 3.38859 
1.61573 2.71864 2.89554 2.93458 3.21735 3.38859 
1.61573 2.63766 2.71864 2.89554 2.93458 3.21735 
1.61573 2.63766 2.71864 2.73437 2.89554 2.93458 
1.61573 2.63766 2.71864 2.73437 2.89554 2.90222 
1.61573 2.63766 2.71864 2.73437 2.89554 2.90222 
1.61573 2.56113 2.63766 2.71864 2.73437 2.87008 
1.61573 2.56113 2.63766 2.71864 2.73437 2.87008 
1.61573 2.56113 2.63766 2.71864 2.73437 2.87008 
0.302768 1.61573 2.56113 2.63766 2.71864 2.73437 
0.302768 1.61573 2.56113 2.63766 2.71864 2.73437 
0.302768 1.61573 2.56113 2.63766 2.71864 2.73437 
0.302768 0.618447 1.61573 2.56113 2.63766 2.71864 
0.302768 0.618447 1.61573 2.56113 2.63766 2.71864 
0.302768 0.618447 1.61573 2.56113 2.63766 2.71864 
0.302768 0.618447 1.61573 2.56113 2.63766 2.67648 
0.302768 0.618447 1.61573 2.56113 2.63766 2.67648 
0.302768 0.618447 1.61573 2.56113 2.63766 2.67648 
0.302768 0.618447 1.61573 2.56113 2.63766 2.67648 
0.302768 0.618447 1.61573 2.56113 2.63766 2.67648 
0.302768 0.618447 1.61573 1.65928 2.04441 2.56113 
0.302768 0.618447 1.61573 1.65928 2.04441 2.56113 
0.302768 0.618447 1.61573 1.65928 2.04441 2.56113 
0.302768 0.618447 1.61573 1.65928 1.85001 2.04441 
0.302768 0.618447 1.61573 1.65928 1.85001 2.04441 
0.302768 0.618447 1.61573 1.65928 1.85001 2.04441 
0.302768 0.618447 1.61573 1.65928 1.85001 2.04441 
0.302768 0.618447 1.61573 1.65928 1.85001 2.04441 
0.302768 0.618447 1.61573 1.65928 1.85001 2.04441 
0.302768 0.618447 1.61573 1.65928 1.85001 2.04441 
0.302768 0.618447 1.61573 1.65928 1.85001 2.04441 
0.302768 0.618447 1.61573 1.65928 1.85001 2.04441 
0.302768 0.618447 1.61573 1.65928 1.85001 2.04441 
0.302768 0.618447 1.61573 1.65928 1.85001 2.04441 
0.302768 0.618447 1.61573 1.65928 1.85001 2.04441 
0.302768 0.618447 1.61573 1.65928 1.85001 2.04441 
0.302768 0.618447 1.61573 1.65928 1.85001 2.04441 
0.302768 0.618447 1.61573 1.65928 1.85001 2.04441 
0.302768 0.618447 1.61573 1.65928 1.85001 2.04441 
0.302768 0.618447 1.61573 1.65928 1.85001 2.04441 
0.302768 0.618447 1.61573 1.65928 1.85001 2.04441 
0.302768 0.618447 1.61573 1.65928 1.85001 2.04441 
0.302768 0.618447 1.44436 1.61573 1.65928 1.85001 
0.302768 0.618447 1.44436 1.5428 1.61573 1.65928 
0.302768 0.618447 1.44436 1.5428 1.61573 1.65928 
0.302768 0.618447 1.44436 1.5428 1.61573 1.65928 
0.302768 0.618447 1.44436 1.5428 1.61573 1.65928 
0.302768 0.618447 1.44436 1.5428 1.61573 1.65928 
0.302768 0.618447 1.12979 1.44436 1.5428 1.61573 
0.302768 0.618447 1.12979 1.44436 1.5428 1.61573 
0.302768 0.618447 1.12979 1.44436 1.5428 1.61573 
0.302768 0.618447 1.12979 1.44436 1.5428 1.61573 
0.302768 0.618447 1.12979 1.44436 1.5428 1.61573 
0.302768 0.618447 1.12979 1.44436 1.5428 1.61573 
0.302768 0.618447 1.12979 1.44436 1.5428 1.61573 
0.302768 0.618447 0.813499 1.05464 1.12979 1.44436 
0.302768 0.618447 0.813499 1.05464 1.12979 1.44436 
0.302768 0.618447 0.813499 1.05464 1.12979 1.44436 
0.302768 0.618447 0.813499 1.05464 1.12979 1.44436 
0.302768 0.618447 0.813499 1.05464 1.12979 1.44436 
0.302768 0.618447 0.813499 1.05464 1.12979 1.44436 
0.302768 0.618447 0.813499 0.868498 1.05464 1.12979 
0.302768 0.618447 0.813499 0.868498 1.05464 1.12979 
0.302768 0.618447 0.813499 0.868498 1.05464 1.12979 
0.302768 0.618447 0.813499 0.868498 1.01269 1.05464 
0.302768 0.618447 0.813499 0.868498 0.953701 1.01269 
0.302768 0.34469 0.454061 0.514249 0.618447 0.813499 
0.302768 0.34469 0.454061 0.470548 0.514249 0.618447 
0.302768 0.34469 0.454061 0.470548 0.514249 0.618447 
0.302768 0.34469 0.454061 0.470548 0.514249 0.618447 
0.302768 0.34469 0.454061 0.470548 0.514249 0.618447 
0.302768 0.34469 0.454061 0.470548 0.514249 0.618447 
0.269649 0.302768 0.34469 0.454061 0.470548 0.514249 
0.269649 0.302768 0.34469 0.454061 0.470548 0.514249 
0.269649 0.302768 0.34469 0.454061 0.470548 0.487532 
0.269649 0.302768 0.34469 0.454061 0.470548 0.487532 
0.269649 0.295269 0.302768 0.34469 0.454061 0.470548 
0.268454 0.269649 0.295269 0.302768 0.34469 0.454061 
0.268454 0.269649 0.295269 0.302768 0.34469 0.454061 
0.268454 0.269649 0.295269 0.302768 0.34469 0.437681 
0.268454 0.269649 0.278767 0.295269 0.302768 0.34469 
0.238485 0.268454 0.269649 0.278767 0.295269 0.302768 
0.238485 0.268454 0.269649 0.278767 0.295269 0.302768 
0.238485 0.268454 0.269649 0.278767 0.295269 0.302768 
0.238485 0.268454 0.269649 0.278767 0.295269 0.302768 
0.194047 0.238485 0.268454 0.269649 0.278767 0.295269 
0.165224 0.194047 0.20105 0.238485 0.268454 0.269649 
0.165224 0.194047 0.20105 0.222686 0.238485 0.268454 
0.165224 0.194047 0.20105 0.222686 0.238485 0.268454 
