4.28883 6.27711 6.2944 7.42805 7.62615 9.11505 
4.28883 6.27711 6.2944 6.41664 7.42805 7.62615 
4.28883 6.27711 6.2944 6.41664 6.66291 7.42805 
4.28883 6.27711 6.2944 6.41664 6.66291 7.42805 
4.28883 6.27711 6.2944 6.41664 6.66291 7.42805 
4.28883 6.27711 6.2944 6.41664 6.66291 7.42805 
4.28883 6.27711 6.2944 6.41664 6.66291 7.42805 
4.28883 4.68688 6.27711 6.2944 6.41664 6.66291 
3.68668 4.28883 4.68688 6.27711 6.2944 6.41664 
3.68668 4.16893 4.28883 4.68688 6.27711 6.2944 
3.68668 4.16893 4.28883 4.68688 6.27711 6.2944 
3.68668 4.16893 4.28883 4.68688 5.49088 6.27711 
3.68668 4.16893 4.28883 4.68688 5.49088 6.27711 
3.68668 4.16893 4.28883 4.68688 5.49088 5.89461 
3.68668 4.16893 4.28883 4.68688 5.49088 5.89461 
1.86619 3.68668 4.16893 4.28883 4.68688 5.49088 
1.86619 3.19867 3.68668 4.16893 4.28883 4.32929 
1.86619 3.19867 3.68668 4.16893 4.28883 4.32929 
1.86619 3.19867 3.68668 4.16893 4.28883 4.32929 
1.86619 3.19867 3.55734 3.68668 4.16893 4.28883 
1.86619 3.19867 3.55734 3.68668 4.16893 4.28883 
1.86619 3.18429 3.19867 3.24221 3.55734 3.68668 
1.86619 3.18429 3.19867 3.24221 3.55734 3.68668 
1.86619 3.18429 3.19867 3.24221 3.55734 3.68668 
1.86619 3.18429 3.19867 3.24221 3.55734 3.68668 
1.86619 3.18429 3.19867 3.21939 3.24221 3.55734 
1.86619 3.18429 3.19867 3.21939 3.24221 3.35513 
1.86619 3.18429 3.19867 3.21939 3.24221 3.35513 
1.86619 3.18429 3.19867 3.21939 3.2203 3.24221 
1.86619 3.18429 3.19867 3.21939 3.2203 3.24221 
1.86619 3.18429 3.19867 3.21939 3.2203 3.24221 
1.86619 2.64864 3.18429 3.19867 3.21939 3.2203 
1.86619 2.64864 3.18429 3.19867 3.21939 3.2203 
1.86619 2.64864 2.71625 2.99352 3.18429 3.19867 
1.86619 2.64864 2.71625 2.99352 3.18429 3.19867 
1.86619 2.64864 2.71625 2.99352 3.18429 3.19867 
1.86619 2.09672 2.64864 2.71625 2.99352 3.18429 
1.86619 2.09672 2.64864 2.71625 2.99352 3.18429 
1.86619 2.09672 2.64864 2.71625 2.99352 3.18429 
1.86619 2.09672 2.64864 2.71625 2.86529 2.99352 
1.86619 2.09672 2.64864 2.71625 2.86529 2.99352 
1.86619 2.09672 2.64864 2.71625 2.86529 2.99352 
1.86619 2.09672 2.64864 2.71625 2.80076 2.86529 
1.86619 2.09672 2.64864 2.71625 2.80076 2.86529 
1.86619 2.09672 2.64864 2.71625 2.80076 2.86529 
1.86619 2.09672 2.64864 2.71625 2.80076 2.86529 
1.86619 2.09672 2.64864 2.71625 2.80076 2.86529 
1.86619 2.09672 2.64864 2.71625 2.80076 2.86529 
1.86619 2.09672 2.64864 2.71625 2.80076 2.86529 
1.86619 2.09672 2.64864 2.71625 2.80076 2.86529 
1.86619 2.09672 2.64864 2.71625 2.80076 2.86529 
1.86619 2.09672 2.64864 2.71625 2.80076 2.86529 
1.86619 2.09672 2.64864 2.71625 2.80076 2.86529 
1.86619 2.09672 2.64864 2.71625 2.80076 2.86529 
1.86619 2.09672 2.64864 2.71625 2.80076 2.86529 
1.86619 2.09672 2.64864 2.71625 2.80076 2.86529 
1.86619 2.09672 2.64864 2.71625 2.80076 2.86529 
1.86619 2.09672 2.64864 2.71625 2.80076 2.86529 
1.86619 2.09672 2.61564 2.64864 2.71625 2.80076 
1.86619 2.09672 2.61564 2.64864 2.71625 2.80076 
1.86619 2.09672 2.61564 2.64864 2.71625 2.80076 
1.86619 2.09672 2.61564 2.64864 2.71625 2.80076 
1.86619 2.09672 2.61564 2.64864 2.71625 2.80076 
1.86619 2.09672 2.61564 2.64864 2.71625 2.80076 
1.86619 2.09672 2.61564 2.64864 2.71625 2.80076 
1.86619 2.09672 2.61564 2.64864 2.71625 2.80076 
1.86619 2.09672 2.61564 2.64864 2.71625 2.80076 
1.86619 2.09672 2.61564 2.64864 2.71625 2.80076 
1.86619 2.09672 2.61564 2.64864 2.71625 2.80076 
1.86619 2.09672 2.61564 2.64864 2.71625 2.80076 
1.86619 2.09672 2.61564 2.64864 2.71625 2.80076 
1.86619 2.09672 2.61564 2.64864 2.71625 2.80076 
1.86619 2.09672 2.61564 2.64864 2.71625 2.80076 
1.86619 2.09672 2.61564 2.64864 2.71625 2.80076 
1.86619 2.09672 2.61564 2.64864 2.71625 2.80076 
1.86619 2.09672 2.52247 2.61564 2.64864 2.71625 
1.86619 2.09672 2.52247 2.61564 2.64864 2.71625 
1.86619 2.08844 2.09672 2.52247 2.61564 2.64864 
1.86619 2.08844 2.09672 2.52247 2.61564 2.64864 
1.41958 1.85534 1.86619 2.08844 2.09672 2.52247 
1.41958 1.85534 1.86619 2.08844 2.09672 2.52247 
1.41958 1.85534 1.86619 2.08844 2.09672 2.52247 
1.41958 1.85534 1.86619 2.08844 2.09672 2.52247 
1.41958 1.85534 1.86619 2.08844 2.09672 2.52247 
1.41958 1.78332 1.85534 1.86619 2.08844 2.09672 
0.378015 1.41958 1.78332 1.85534 1.86619 2.08844 
0.378015 1.41958 1.78332 1.85534 1.86619 2.08844 
0.378015 1.00435 1.06217 1.41958 1.78332 1.85534 
0.378015 1.00435 1.06217 1.41958 1.78332 1.85534 
0.378015 1.00435 1.06217 1.41958 1.49528 1.78332 
0.378015 1.00435 1.06217 1.41958 1.49528 1.78332 
0.378015 1.00435 1.06217 1.41958 1.49528 1.78332 
0.378015 1.00435 1.06217 1.41958 1.49528 1.78332 
0.378015 0.843637 1.00435 1.06217 1.41958 1.49528 
0.378015 0.843637 1.00435 1.06217 1.41958 1.49528 
0.378015 0.843637 1.00435 1.06217 1.41958 1.49528 
0.378015 0.542116 0.843637 1.00435 1.03629 1.06217 
0.378015 0.457068 0.542116 0.843637 1.00435 1.03629 
0.378015 0.457068 0.542116 0.799988 0.843637 1.00435 
0.378015 0.457068 0.542116 0.799988 0.843637 1.00435 
