2.73801 3.88631 4.58117 6.11565 6.28508 6.35192 
2.73801 3.57127 3.88631 4.49325 4.58117 5.07619 
2.73801 2.98512 3.57127 3.88631 4.14541 4.49325 
2.73801 2.98512 3.57127 3.88631 3.93289 4.09746 
2.73801 2.98512 3.10849 3.57127 3.88631 3.93289 
2.73801 2.98512 3.10849 3.47412 3.57127 3.88631 
1.7569 2.73801 2.98512 3.10849 3.47412 3.57127 
1.7569 2.63872 2.73801 2.98512 3.10849 3.36409 
1.7569 2.63872 2.73801 2.98512 3.10849 3.29731 
1.7569 2.63872 2.73801 2.81094 2.98512 3.10849 
1.7569 2.63872 2.73801 2.81094 2.98512 3.10849 
1.44841 1.7569 1.93592 2.63872 2.73801 2.81094 
1.44841 1.7569 1.93592 2.21905 2.63872 2.73801 
1.05706 1.44841 1.7569 1.93592 2.21905 2.63872 
1.05706 1.44841 1.7569 1.93592 2.1979 2.21905 
1.05706 1.44841 1.7569 1.93592 2.1979 2.21905 
1.05706 1.44841 1.7569 1.93592 2.1979 2.21905 
0.726773 1.05706 1.44841 1.7569 1.93592 2.1979 
0.658886 0.726773 1.05706 1.44841 1.7569 1.93592 
0.658886 0.726773 1.05706 1.44841 1.7569 1.93592 
0.658886 0.726773 1.01365 1.05706 1.44841 1.7569 
0.658886 0.726773 1.01365 1.05706 1.06257 1.44841 
0.658886 0.726773 1.01365 1.05706 1.06257 1.44841 
0.658886 0.726773 1.01365 1.05706 1.06257 1.44841 
0.429662 0.658886 0.726773 1.01365 1.05706 1.06257 
0.429662 0.658886 0.726773 1.01365 1.05706 1.06257 
0.429662 0.658886 0.726773 1.01365 1.05706 1.06257 
0.429662 0.658886 0.726773 1.01365 1.05706 1.06257 
0.429662 0.658886 0.726773 1.01365 1.05706 1.06257 
0.429662 0.658886 0.726773 1.01365 1.05706 1.06257 
0.429662 0.658886 0.726773 1.01365 1.05706 1.06257 
0.429662 0.658886 0.726773 1.01365 1.05706 1.06257 
0.429662 0.658886 0.726773 1.01365 1.05706 1.06257 
0.429662 0.658886 0.726773 0.864576 1.01365 1.05706 
0.0934491 0.429662 0.658886 0.726773 0.864576 1.01365 
0.0934491 0.429662 0.658886 0.726773 0.864576 1.01365 
0.0934491 0.429662 0.658886 0.726773 0.864576 1.01365 
0.0934491 0.429662 0.658886 0.726773 0.864576 1.01365 
0.0934491 0.429662 0.658886 0.726773 0.864576 1.01365 
0.0934491 0.429662 0.658886 0.726773 0.864576 1.01365 
0.0934491 0.429662 0.658886 0.726773 0.864576 1.01365 
0.0934491 0.429662 0.658886 0.726773 0.864576 1.01365 
0.0934491 0.429662 0.658886 0.726773 0.864576 1.01365 
0.0934491 0.429662 0.658886 0.726773 0.864576 1.01365 
0.0934491 0.429662 0.658886 0.726773 0.864576 1.01365 
0.0934491 0.429662 0.658886 0.726773 0.864576 1.01365 
0.0934491 0.429662 0.658886 0.726773 0.864576 1.01365 
0.0934491 0.429662 0.658886 0.726773 0.864576 1.01365 
0.0934491 0.429662 0.658886 0.726773 0.864576 1.01365 
0.0934491 0.429662 0.658886 0.726773 0.864576 1.01365 
0.0934491 0.429662 0.658886 0.726773 0.864576 1.01365 
0.0934491 0.429662 0.658886 0.726773 0.864576 1.01365 
0.0934491 0.429662 0.658886 0.726773 0.864576 1.01365 
0.0934491 0.429662 0.658886 0.726773 0.864576 1.01365 
0.0934491 0.429662 0.658886 0.726773 0.864576 1.01365 
0.0934491 0.429662 0.658886 0.726773 0.864576 1.01365 
0.0934491 0.429662 0.658886 0.726773 0.864576 1.01365 
0.0934491 0.429662 0.658886 0.726773 0.864576 1.01365 
0.0934491 0.429662 0.658886 0.726773 0.864576 1.01365 
0.0934491 0.429662 0.658886 0.726773 0.864576 1.01365 
0.0934491 0.429662 0.658886 0.726773 0.864576 1.01365 
0.0934491 0.429662 0.658886 0.726773 0.864576 1.01365 
0.0934491 0.429662 0.658886 0.726773 0.864576 1.01365 
0.0934491 0.429662 0.658886 0.726773 0.864576 1.01365 
0.0934491 0.429662 0.658886 0.726773 0.864576 1.01365 
0.0934491 0.429662 0.658886 0.726773 0.864576 1.01365 
0.0934491 0.429662 0.658886 0.726773 0.864576 0.889483 
0.0934491 0.429662 0.658886 0.726773 0.864576 0.889483 
0.0934491 0.429662 0.658886 0.726773 0.864576 0.889483 
0.0934491 0.429662 0.658886 0.726773 0.864576 0.889483 
0.0934491 0.429662 0.658886 0.726773 0.864576 0.889483 
0.0934491 0.429662 0.658886 0.726773 0.864576 0.889483 
0.0934491 0.429662 0.658886 0.726773 0.864576 0.889483 
0.0934491 0.429662 0.63806 0.658886 0.726773 0.864576 
0.0934491 0.429662 0.63806 0.658886 0.726773 0.740543 
0.0934491 0.370449 0.429662 0.63806 0.658886 0.726773 
0.0934491 0.370449 0.429662 0.63806 0.658886 0.726773 
0.0934491 0.370449 0.429662 0.493156 0.63806 0.658886 
0.0934491 0.370449 0.429662 0.493156 0.52174 0.63806 
0.0934491 0.370449 0.429662 0.493156 0.52174 0.63806 
0.0934491 0.370449 0.429662 0.493156 0.52174 0.63806 
0.0934491 0.370449 0.399154 0.425534 0.429662 0.493156 
0.0934491 0.370449 0.399154 0.425534 0.429662 0.43448 
0.0934491 0.370449 0.399154 0.425534 0.429662 0.43448 
0.0934491 0.370449 0.399154 0.425534 0.429662 0.43448 
0.0934491 0.306273 0.370449 0.399154 0.425534 0.429662 
0.0934491 0.306273 0.370449 0.399154 0.425534 0.429662 
0.0934491 0.306273 0.307535 0.31122 0.370449 0.399154 
0.0934491 0.267281 0.306273 0.307535 0.31122 0.337592 
0.0934491 0.267281 0.306273 0.307535 0.31122 0.337592 
0.0934491 0.199324 0.267281 0.306273 0.307535 0.31122 
0.0934491 0.124029 0.199324 0.267281 0.306273 0.307535 
0.0934491 0.124029 0.194328 0.199324 0.267281 0.292796 
0.0934491 0.124029 0.162255 0.194328 0.199324 0.267281 
0.0934491 0.124029 0.162255 0.194328 0.199324 0.267281 
0.0934491 0.124029 0.162255 0.194328 0.199324 0.219122 
0.0934491 0.124029 0.162255 0.165685 0.194328 0.199324 
0.0934491 0.124029 0.146211 0.162255 0.165685 0.194328 
0.0934491 0.124029 0.146211 0.162255 0.165685 0.194328 
0.0739445 0.0934491 0.124029 0.146211 0.162255 0.165685 
