3.13511 4.55092 5.58647 6.15338 6.35891 6.70714 
3.13511 4.00067 4.55092 5.58647 5.76704 6.15338 
3.13511 4.00067 4.55092 5.58647 5.76704 6.15338 
3.13511 3.45443 4.00067 4.34742 4.55092 5.58647 
3.13511 3.45443 4.00067 4.07852 4.34742 4.55092 
2.99245 3.13511 3.45443 4.00067 4.07852 4.10148 
2.99245 3.13511 3.45443 4.00067 4.07852 4.10148 
2.99245 3.13511 3.45443 4.00067 4.07852 4.10148 
2.99245 3.13511 3.45443 3.51181 4.00067 4.07852 
2.99245 3.13511 3.45443 3.51181 4.00067 4.07852 
2.99245 3.13511 3.45443 3.51181 3.88205 4.00067 
2.48529 2.99245 3.13511 3.45443 3.51181 3.88205 
2.48529 2.99245 3.13511 3.45443 3.51181 3.88205 
2.48529 2.99245 3.13511 3.23414 3.45443 3.51181 
2.48529 2.99245 3.10944 3.13511 3.18412 3.23414 
2.48529 2.73649 2.99245 3.10944 3.13511 3.18412 
0.550118 2.48529 2.73649 2.99245 3.10944 3.13511 
0.550118 2.48529 2.73649 2.99245 3.10944 3.13511 
0.550118 2.48529 2.73649 2.99245 3.10944 3.13511 
0.550118 1.81338 2.48529 2.73649 2.99245 3.10944 
0.550118 1.81338 2.48529 2.73649 2.99245 3.10944 
0.550118 1.22847 1.81338 2.48529 2.73649 2.99245 
0.550118 1.05527 1.22847 1.81338 2.48529 2.73649 
0.550118 1.05527 1.22847 1.81338 2.48529 2.73649 
0.550118 1.05527 1.22847 1.81338 2.48529 2.73649 
0.550118 1.05527 1.22847 1.81338 2.08763 2.48529 
0.550118 1.05527 1.22847 1.81338 2.08763 2.48529 
0.550118 1.05527 1.22847 1.81338 2.08763 2.48529 
0.550118 1.05527 1.22847 1.81338 2.08763 2.48529 
0.550118 1.05527 1.22847 1.81338 2.08763 2.48529 
0.550118 1.05527 1.22847 1.81338 2.08763 2.48529 
0.550118 0.957545 1.05527 1.22847 1.73003 1.81338 
0.550118 0.957545 1.05527 1.22847 1.73003 1.81338 
0.550118 0.957545 1.05527 1.22847 1.54891 1.73003 
0.385371 0.550118 0.957545 1.05527 1.22847 1.54891 
0.385371 0.550118 0.957545 1.05527 1.22847 1.54891 
0.385371 0.550118 0.957545 1.05527 1.22212 1.22847 
0.385371 0.550118 0.957545 1.05527 1.22212 1.22847 
0.385371 0.550118 0.957545 1.05527 1.22212 1.22847 
0.385371 0.550118 0.632221 0.957545 1.05527 1.22212 
0.385371 0.550118 0.632221 0.957545 1.01245 1.05527 
0.385371 0.550118 0.632221 0.957545 1.01245 1.05527 
0.385371 0.550118 0.632221 0.957545 1.01245 1.05527 
0.385371 0.550118 0.632221 0.957545 1.01245 1.05527 
0.183815 0.385371 0.391856 0.550118 0.632221 0.957545 
0.183815 0.385371 0.391856 0.550118 0.632221 0.957545 
0.183815 0.385371 0.391856 0.550118 0.632221 0.957545 
0.183815 0.385371 0.391856 0.550118 0.632221 0.957545 
0.183815 0.385371 0.391856 0.550118 0.632221 0.957545 
0.183815 0.385371 0.391856 0.550118 0.632221 0.957545 
0.183815 0.385371 0.391856 0.550118 0.632221 0.957545 
0.183815 0.385371 0.391856 0.550118 0.574188 0.632221 
0.183815 0.385371 0.391856 0.550118 0.574188 0.632221 
0.183815 0.385371 0.391856 0.550118 0.574188 0.632221 
0.183815 0.385371 0.391856 0.550118 0.574188 0.632221 
0.183815 0.385371 0.391856 0.550118 0.574188 0.632221 
0.183815 0.385371 0.391856 0.550118 0.574188 0.632221 
0.183815 0.385371 0.391856 0.550118 0.574188 0.632221 
0.183815 0.385371 0.391856 0.550118 0.574188 0.632221 
0.183815 0.385371 0.391856 0.550118 0.574188 0.632221 
0.183815 0.385371 0.391856 0.550118 0.574188 0.632221 
0.183815 0.385371 0.391856 0.550118 0.574188 0.632221 
0.183815 0.385371 0.391856 0.550118 0.574188 0.632221 
0.183815 0.385371 0.391856 0.550118 0.574188 0.632221 
0.183815 0.385371 0.391856 0.550118 0.574188 0.632221 
0.183815 0.385371 0.391856 0.550118 0.574188 0.632221 
0.183815 0.385371 0.391856 0.550118 0.574188 0.632221 
0.183815 0.385371 0.391856 0.550118 0.574188 0.632221 
0.183815 0.385371 0.391856 0.550118 0.574188 0.632221 
0.183815 0.385371 0.391856 0.550118 0.574188 0.632221 
0.183815 0.385371 0.391856 0.550118 0.574188 0.632221 
0.183815 0.385371 0.391856 0.550118 0.574188 0.632221 
0.183815 0.385371 0.391856 0.550118 0.574188 0.632221 
0.183815 0.385371 0.391856 0.550118 0.574188 0.632221 
0.183815 0.385371 0.391856 0.550118 0.574188 0.632221 
0.183815 0.385371 0.391856 0.550118 0.574188 0.632221 
0.183815 0.385371 0.391856 0.550118 0.574188 0.632221 
0.183815 0.385371 0.391856 0.550118 0.574188 0.632221 
0.183815 0.385371 0.391856 0.403227 0.550118 0.574188 
0.183815 0.328068 0.385371 0.391856 0.403227 0.550118 
0.183815 0.328068 0.385371 0.391856 0.403227 0.550118 
0.183815 0.328068 0.385371 0.391856 0.403227 0.550118 
0.183815 0.328068 0.385371 0.391856 0.403227 0.550118 
0.183815 0.328068 0.362548 0.385371 0.391856 0.403227 
0.183815 0.289425 0.328068 0.362548 0.385371 0.391856 
0.183815 0.223793 0.289425 0.328068 0.362548 0.385371 
0.183815 0.223793 0.289425 0.328068 0.362548 0.385371 
0.183815 0.223793 0.268565 0.289425 0.328068 0.362548 
0.183815 0.223793 0.268565 0.289425 0.328068 0.362548 
0.183815 0.223793 0.239126 0.268565 0.289425 0.328068 
0.183815 0.223793 0.239126 0.268565 0.289425 0.328068 
0.183815 0.223793 0.239126 0.268565 0.289425 0.328068 
0.183815 0.223793 0.239126 0.268565 0.289425 0.328068 
0.183815 0.208524 0.223793 0.239126 0.268565 0.289425 
0.183815 0.208524 0.223793 0.239126 0.268565 0.289425 
0.1541 0.183815 0.194733 0.208524 0.221948 0.223793 
0.1541 0.183173 0.183815 0.194733 0.208524 0.221948 
0.138037 0.1541 0.183173 0.183815 0.187517 0.194733 
0.138037 0.149853 0.1541 0.157517 0.183173 0.183815 
0.120472 0.138037 0.149853 0.1541 0.157517 0.17218 
