1.42681 4.2279 4.57336 5.91746 9.59192 10.3122 
1.42681 4.2279 4.24279 4.57336 5.91746 6.45553 
1.42681 4.2279 4.24279 4.57336 5.87046 5.91746 
1.42681 4.2279 4.24279 4.57336 4.7034 5.87046 
1.42681 3.45713 4.2279 4.24279 4.322 4.57336 
1.42681 2.90379 3.45713 4.2279 4.24279 4.322 
1.42681 2.58366 2.90379 3.45713 4.2279 4.24279 
1.42681 2.58366 2.90379 3.45713 3.65532 3.81725 
1.42681 2.58366 2.90379 3.45713 3.65532 3.6876 
1.42681 2.58366 2.90379 3.25176 3.45713 3.65532 
1.42681 2.58366 2.90379 3.25176 3.45713 3.65532 
1.42681 2.58366 2.90379 2.92536 3.25176 3.45713 
1.42681 2.58366 2.71754 2.90379 2.92536 3.25176 
1.42681 2.58366 2.71754 2.90379 2.92536 3.25176 
1.42681 1.68249 2.502 2.58366 2.71754 2.90379 
1.42681 1.68249 2.502 2.58366 2.71754 2.90379 
1.42681 1.68249 2.502 2.58366 2.71754 2.75227 
1.275 1.42681 1.68249 2.502 2.58366 2.71754 
1.275 1.42681 1.68249 2.502 2.58366 2.71754 
1.275 1.42681 1.68249 2.502 2.58366 2.71754 
1.275 1.42681 1.68249 2.502 2.58366 2.68673 
1.275 1.42681 1.68249 2.502 2.58366 2.68673 
1.275 1.42681 1.68249 2.502 2.58366 2.68673 
1.275 1.42681 1.68249 2.502 2.58366 2.68673 
1.275 1.42681 1.68249 2.25034 2.502 2.58366 
0.66462 1.2679 1.275 1.42681 1.68249 2.25034 
0.66462 1.2679 1.275 1.42681 1.68249 2.25034 
0.66462 1.2679 1.275 1.42681 1.68249 2.25034 
0.66462 1.2679 1.275 1.42681 1.68249 2.25034 
0.064298 0.66462 1.2679 1.275 1.31762 1.42681 
0.064298 0.631045 0.66462 1.2679 1.275 1.31762 
0.064298 0.257073 0.631045 0.66462 1.2679 1.275 
0.064298 0.257073 0.631045 0.66462 1.2679 1.275 
0.064298 0.257073 0.631045 0.66462 1.2679 1.275 
0.064298 0.257073 0.631045 0.66462 1.2679 1.275 
0.064298 0.257073 0.631045 0.66462 1.2679 1.275 
0.064298 0.257073 0.631045 0.66462 1.2679 1.275 
0.064298 0.257073 0.631045 0.66462 1.2679 1.275 
0.064298 0.257073 0.631045 0.66462 1.2679 1.275 
0.064298 0.257073 0.631045 0.66462 1.2679 1.275 
0.064298 0.257073 0.631045 0.66462 1.2679 1.275 
0.064298 0.257073 0.631045 0.66462 1.2679 1.275 
0.064298 0.257073 0.631045 0.66462 1.2679 1.275 
0.064298 0.257073 0.631045 0.66462 0.872669 1.2679 
0.064298 0.257073 0.631045 0.66462 0.872669 0.97125 
0.064298 0.257073 0.482667 0.631045 0.66462 0.872669 
0.064298 0.257073 0.482667 0.631045 0.66462 0.872669 
0.064298 0.11506 0.257073 0.424656 0.482667 0.631045 
0.064298 0.11506 0.257073 0.424656 0.482667 0.631045 
0.064298 0.11506 0.257073 0.424656 0.434739 0.482667 
0.064298 0.11506 0.257073 0.424656 0.434739 0.482667 
0.064298 0.11506 0.257073 0.424656 0.434739 0.482667 
0.064298 0.11506 0.257073 0.424656 0.434739 0.482667 
0.064298 0.11506 0.230487 0.257073 0.424656 0.434739 
0.064298 0.11506 0.230487 0.257073 0.424656 0.434739 
0.064298 0.11506 0.230487 0.257073 0.341885 0.424656 
0.064298 0.11506 0.230487 0.257073 0.341885 0.424656 
0.064298 0.11506 0.230487 0.257073 0.341885 0.424656 
0.064298 0.11506 0.230487 0.257073 0.341885 0.424656 
0.064298 0.11506 0.230487 0.257073 0.341885 0.424656 
0.064298 0.11506 0.230487 0.257073 0.331506 0.341885 
0.064298 0.11506 0.230487 0.257073 0.331506 0.341885 
0.064298 0.11506 0.230487 0.257073 0.331506 0.341885 
0.064298 0.11506 0.230487 0.257073 0.331506 0.341885 
0.064298 0.11506 0.230487 0.257073 0.331506 0.341885 
0.064298 0.11506 0.230487 0.248537 0.257073 0.331506 
0.064298 0.11506 0.230487 0.248537 0.257073 0.331506 
0.064298 0.11506 0.230487 0.248537 0.257073 0.331506 
0.064298 0.11506 0.230487 0.248537 0.257073 0.331506 
0.064298 0.11506 0.230487 0.248537 0.257073 0.331506 
0.064298 0.11506 0.230487 0.248537 0.257073 0.331506 
0.064298 0.11506 0.230487 0.248537 0.257073 0.331506 
0.064298 0.11506 0.230487 0.248537 0.257073 0.331506 
0.064298 0.11506 0.230487 0.248537 0.257073 0.331506 
0.064298 0.11506 0.230487 0.248537 0.257073 0.331506 
0.064298 0.11506 0.230487 0.248537 0.257073 0.331506 
0.064298 0.11506 0.230487 0.248537 0.257073 0.262572 
0.064298 0.11506 0.230487 0.248537 0.257073 0.262572 
0.064298 0.11506 0.230487 0.248537 0.257073 0.262572 
0.064298 0.11506 0.230487 0.248537 0.257073 0.262572 
0.064298 0.11506 0.230487 0.248537 0.257073 0.262572 
0.064298 0.11506 0.230487 0.248537 0.257073 0.262572 
0.064298 0.11506 0.230487 0.248537 0.257073 0.262572 
0.064298 0.11506 0.230487 0.248537 0.257073 0.262572 
0.064298 0.11506 0.230487 0.248537 0.257073 0.262572 
0.064298 0.11506 0.230487 0.248537 0.257073 0.262572 
0.064298 0.11506 0.230487 0.248537 0.257073 0.262572 
0.064298 0.11506 0.230487 0.248537 0.257073 0.262572 
0.064298 0.11506 0.230487 0.248537 0.257073 0.262572 
0.064298 0.11506 0.230487 0.248537 0.257073 0.262572 
0.064298 0.11506 0.230487 0.248537 0.257073 0.262572 
0.064298 0.11506 0.230487 0.248537 0.257073 0.262572 
0.064298 0.11506 0.230487 0.248537 0.257073 0.262572 
0.064298 0.11506 0.230487 0.248537 0.257073 0.262572 
0.064298 0.11506 0.230487 0.248537 0.257073 0.262572 
0.064298 0.11506 0.230487 0.248537 0.257073 0.262572 
0.064298 0.11506 0.230487 0.248537 0.257073 0.262572 
0.064298 0.11506 0.230487 0.248537 0.257073 0.262572 
0.064298 0.11506 0.230487 0.248537 0.257073 0.262572 
0.064298 0.11506 0.230487 0.248537 0.257073 0.262572 
