1.76649 4.03985 4.20285 4.28687 5.65489 6.47938 
1.76649 3.14158 3.38015 3.79933 4.03985 4.20285 
1.76649 3.14158 3.38015 3.79933 4.03985 4.20285 
1.76649 3.14158 3.14994 3.37557 3.38015 3.79917 
1.76649 2.64831 2.93045 3.14158 3.14994 3.37557 
1.76649 2.64831 2.93045 3.14158 3.14994 3.1559 
1.76649 2.64831 2.93045 3.14158 3.14994 3.1559 
1.76649 2.64831 2.82898 2.93045 3.14158 3.14994 
1.76649 2.03334 2.64831 2.82898 2.93045 3.14158 
1.76649 2.03334 2.64831 2.82898 2.93045 3.14158 
0.196274 1.76649 2.03334 2.64831 2.82898 2.93045 
0.196274 1.76649 2.03334 2.64831 2.82898 2.93045 
0.196274 1.76649 2.03334 2.63961 2.64831 2.82898 
0.196274 1.76649 2.03334 2.63961 2.64831 2.82898 
0.196274 1.76649 2.03334 2.63961 2.64831 2.82898 
0.196274 1.76649 2.03334 2.63961 2.64831 2.82898 
0.196274 1.76649 2.03334 2.63961 2.64831 2.82898 
0.196274 1.76649 2.03334 2.63961 2.64831 2.82898 
0.196274 1.76649 2.03334 2.63961 2.64831 2.82898 
0.196274 1.76649 2.03334 2.63961 2.64831 2.82898 
0.196274 1.76649 2.03334 2.63961 2.64831 2.82898 
0.196274 1.76649 2.03334 2.63961 2.64831 2.82898 
0.196274 1.76649 2.02668 2.03334 2.63961 2.64831 
0.196274 1.76649 2.02668 2.03334 2.63961 2.64831 
0.196274 1.76649 2.02668 2.03334 2.2677 2.63961 
0.196274 1.3204 1.76649 1.87297 2.02668 2.03334 
0.196274 1.3204 1.76649 1.87297 2.02668 2.03334 
0.196274 1.3204 1.52531 1.76649 1.87297 2.02668 
0.196274 1.3204 1.52531 1.76649 1.87297 1.96291 
0.196274 1.3204 1.52531 1.76649 1.87297 1.96291 
0.196274 1.3204 1.52531 1.76649 1.87297 1.96291 
0.196274 1.3204 1.52531 1.76649 1.87297 1.96291 
0.196274 1.3204 1.45777 1.52531 1.76649 1.87297 
0.196274 1.3204 1.45777 1.52531 1.76649 1.87297 
0.196274 0.785945 1.3204 1.45777 1.52531 1.76649 
0.196274 0.785945 1.29337 1.3204 1.45777 1.52531 
0.196274 0.210523 0.785945 1.29337 1.3204 1.45777 
0.196274 0.210523 0.785945 1.29337 1.3204 1.45777 
0.196274 0.210523 0.651471 0.785945 1.29337 1.3204 
0.196274 0.210523 0.651471 0.785945 1.29337 1.3204 
0.196274 0.210523 0.651471 0.785945 1.29337 1.3204 
0.196274 0.210523 0.651471 0.785945 0.967912 1.29337 
0.196274 0.210523 0.651471 0.785945 0.967912 1.29337 
0.196274 0.210523 0.651471 0.785945 0.967912 1.29337 
0.196274 0.210523 0.651471 0.785945 0.967912 1.29337 
0.196274 0.210523 0.651471 0.785945 0.967912 1.29337 
0.196274 0.210523 0.651471 0.785945 0.967912 1.29337 
0.196274 0.210523 0.651471 0.785945 0.967912 1.29337 
0.196274 0.210523 0.651471 0.785945 0.967912 1.29337 
0.196274 0.210523 0.651471 0.785945 0.967912 1.29337 
0.196274 0.210523 0.651471 0.785945 0.967912 1.29337 
0.196274 0.210523 0.651471 0.785945 0.967912 1.29337 
0.196274 0.210523 0.651471 0.785945 0.967912 1.29337 
0.196274 0.210523 0.651471 0.785945 0.967912 1.29337 
0.196274 0.210523 0.651471 0.785945 0.967912 1.29337 
0.196274 0.210523 0.651471 0.785945 0.967912 1.29337 
0.196274 0.210523 0.651471 0.785945 0.967912 1.29337 
0.196274 0.210523 0.651471 0.785945 0.967912 1.29337 
0.196274 0.210523 0.651471 0.785945 0.967912 1.29337 
0.196274 0.210523 0.651471 0.785945 0.967912 1.29337 
0.196274 0.210523 0.651471 0.785945 0.967912 1.29337 
0.196274 0.210523 0.651471 0.785945 0.967912 1.29337 
0.196274 0.210523 0.651471 0.785945 0.967912 1.29337 
0.196274 0.210523 0.651471 0.785945 0.967912 1.29337 
0.196274 0.210523 0.651471 0.785945 0.967912 1.29337 
0.196274 0.210523 0.651471 0.785945 0.967912 1.29337 
0.196274 0.210523 0.651471 0.785945 0.967912 1.29337 
0.196274 0.210523 0.651471 0.785945 0.967912 1.29337 
0.196274 0.210523 0.651471 0.785945 0.967912 1.29337 
0.196274 0.210523 0.651471 0.785945 0.967912 1.29337 
0.196274 0.210523 0.651471 0.785945 0.967912 1.29337 
0.196274 0.210523 0.651471 0.785945 0.967912 1.29337 
0.196274 0.210523 0.651471 0.785945 0.967912 1.29337 
0.196274 0.210523 0.651471 0.785945 0.967912 1.29337 
0.196274 0.210523 0.651471 0.785945 0.967912 1.29337 
0.196274 0.210523 0.651471 0.785945 0.967912 1.29337 
0.196274 0.210523 0.651471 0.785945 0.967912 1.29337 
0.196274 0.210523 0.651471 0.785945 0.967912 1.29337 
0.196274 0.210523 0.651471 0.785945 0.967912 1.29337 
0.196274 0.210523 0.651471 0.785945 0.967912 1.29337 
0.196274 0.210523 0.651471 0.785945 0.967912 1.29337 
0.196274 0.210523 0.651471 0.785945 0.967912 1.29337 
0.196274 0.210523 0.651471 0.785945 0.967912 1.29337 
0.196274 0.210523 0.651471 0.785945 0.967912 1.29337 
0.196274 0.210523 0.651471 0.785945 0.967912 1.29337 
0.196274 0.210523 0.651471 0.785945 0.967912 1.29337 
0.196274 0.210523 0.651471 0.785945 0.967912 1.29337 
0.196274 0.210523 0.651471 0.785945 0.967912 1.29337 
0.196274 0.210523 0.651471 0.785945 0.967912 1.29337 
0.196274 0.210523 0.651471 0.785945 0.967912 1.29337 
0.196274 0.210523 0.651471 0.785945 0.967912 1.29337 
0.196274 0.210523 0.651471 0.785945 0.967912 1.29337 
0.196274 0.210523 0.651471 0.785945 0.967912 1.29337 
0.196274 0.210523 0.651471 0.785945 0.967912 1.29337 
0.196274 0.210523 0.651471 0.785945 0.967912 1.29337 
0.196274 0.210523 0.651471 0.785945 0.967912 1.29337 
0.196274 0.210523 0.651471 0.785945 0.967912 1.29337 
0.196274 0.210523 0.651471 0.785945 0.967912 1.29337 
0.196274 0.210523 0.651471 0.785945 0.967912 1.29337 
0.196274 0.210523 0.651471 0.785945 0.967912 1.29337 
