4.05304 7.30901 8.01094 8.15607 8.43144 8.64337 
4.05304 4.55749 7.30901 8.01094 8.15607 8.43144 
4.05304 4.55749 7.30901 8.01094 8.15607 8.43144 
4.05304 4.55749 7.30901 8.01094 8.15607 8.43144 
4.05304 4.55749 7.30901 8.01094 8.15607 8.43144 
4.05304 4.55749 7.30901 8.01094 8.15607 8.43144 
4.05304 4.55749 7.30901 8.01094 8.15607 8.43144 
4.05304 4.55749 7.30901 8.01094 8.15607 8.43144 
4.05304 4.55749 7.30901 8.01094 8.15607 8.43144 
4.05304 4.55749 7.30901 8.01094 8.15607 8.43144 
4.05304 4.55749 7.30901 7.67985 8.01094 8.15607 
4.05304 4.55749 6.56573 7.30901 7.67985 8.01094 
4.05304 4.55749 6.56573 7.30901 7.67985 8.01094 
4.05304 4.55749 6.56573 7.30901 7.67985 8.01094 
4.05304 4.55749 6.56573 7.30901 7.67985 7.78923 
4.05304 4.55749 6.56573 7.30901 7.62543 7.67985 
4.05304 4.55749 6.56573 7.30901 7.62543 7.67985 
4.05304 4.55749 6.56573 7.30901 7.62543 7.67985 
4.05304 4.55749 6.56573 7.30901 7.62543 7.67985 
4.05304 4.55749 6.56573 7.30901 7.62543 7.67985 
4.05304 4.55749 6.56573 7.30901 7.62543 7.67985 
4.05304 4.55749 6.56573 7.30901 7.62543 7.67985 
4.05304 4.55749 6.56573 7.30901 7.62543 7.67985 
3.61774 4.05304 4.55749 6.1507 6.56573 7.30901 
3.61774 4.05304 4.55749 6.1507 6.56573 7.30901 
3.61774 4.05304 4.55749 6.1507 6.56573 7.30901 
3.61774 4.05304 4.55749 6.1507 6.56573 7.30901 
3.61774 4.05304 4.55749 6.1507 6.56573 6.86702 
3.61774 4.05304 4.55749 6.1507 6.27554 6.56573 
3.61774 4.05304 4.55749 6.1507 6.27554 6.56573 
3.61774 4.05304 4.55749 6.1507 6.27554 6.56573 
3.61774 4.05304 4.55749 5.1299 6.1507 6.27554 
3.61774 4.05304 4.55749 5.1299 6.1507 6.27554 
3.61774 4.05304 4.55749 5.1299 6.1507 6.27554 
3.61774 4.05304 4.55736 4.55749 5.1299 6.1507 
3.61774 4.05304 4.55736 4.55749 5.1299 5.76077 
3.61774 4.05304 4.3048 4.55736 4.55749 5.1299 
3.61774 4.05304 4.3048 4.55736 4.55749 5.1299 
3.61774 4.05304 4.3048 4.55736 4.55749 5.1299 
3.61774 4.05304 4.3048 4.55736 4.55749 5.1299 
3.61774 4.05304 4.11307 4.3048 4.55736 4.55749 
3.61774 3.75939 4.05304 4.11307 4.3048 4.55231 
3.61774 3.75939 4.05304 4.11307 4.3048 4.55231 
3.61774 3.75939 3.85532 4.01524 4.05304 4.11307 
3.61774 3.75939 3.85532 4.01524 4.05304 4.11307 
3.61774 3.75939 3.85532 4.01524 4.05304 4.11307 
3.61774 3.75939 3.85532 4.01524 4.05304 4.11307 
3.61774 3.75939 3.85532 3.99258 4.01524 4.05304 
3.51319 3.61774 3.75939 3.85532 3.99258 4.01524 
3.51319 3.61774 3.75939 3.85532 3.99258 4.01524 
3.51319 3.61774 3.6858 3.75939 3.84546 3.85532 
3.51319 3.61774 3.6858 3.75939 3.84546 3.85532 
3.51319 3.61774 3.6858 3.75939 3.84546 3.85532 
2.86982 3.51319 3.61774 3.6858 3.75939 3.84546 
2.86982 3.04887 3.51319 3.61774 3.6858 3.75939 
2.86982 3.04887 3.51319 3.61774 3.6858 3.75939 
2.86982 3.04887 3.35301 3.51319 3.61774 3.6858 
2.86982 3.04887 3.35301 3.51319 3.61774 3.6858 
2.86982 3.04887 3.35301 3.51319 3.61774 3.6858 
2.86982 3.04887 3.35301 3.51319 3.61774 3.6858 
2.86982 3.04887 3.35301 3.51319 3.61774 3.6858 
2.86982 3.04887 3.26259 3.35301 3.51319 3.61774 
2.86982 3.04887 3.26259 3.35301 3.51319 3.61774 
2.86982 3.04887 3.26259 3.35301 3.51319 3.61774 
2.86982 3.04887 3.26259 3.35301 3.51319 3.61774 
2.86982 3.04887 3.26259 3.35301 3.51319 3.61774 
2.86982 3.04887 3.21181 3.26259 3.35301 3.51319 
2.67633 2.86982 3.04887 3.21181 3.26259 3.35301 
1.56744 2.21601 2.67633 2.86982 3.04887 3.21181 
1.56744 2.21601 2.46286 2.67633 2.86982 3.04887 
1.56744 2.21601 2.29701 2.46286 2.67633 2.86982 
1.56744 1.96173 2.21601 2.29701 2.46286 2.67633 
1.56744 1.96173 2.21601 2.29701 2.46286 2.67633 
1.56744 1.83552 1.96173 2.21601 2.29701 2.46286 
1.56744 1.83552 1.96173 2.21601 2.29701 2.46286 
1.56744 1.83552 1.96173 2.21601 2.29701 2.46286 
1.56744 1.72264 1.83552 1.96173 2.04628 2.21601 
1.56744 1.69676 1.72264 1.83552 1.96173 2.04628 
1.56744 1.69676 1.72264 1.83552 1.96173 2.04628 
1.56744 1.68602 1.69676 1.72264 1.83552 1.96173 
1.56744 1.68602 1.69676 1.72264 1.83552 1.96173 
1.56744 1.68602 1.69676 1.72264 1.79821 1.83552 
1.15719 1.53042 1.56744 1.68602 1.69676 1.72264 
0.708313 1.15719 1.53042 1.56744 1.68602 1.69676 
0.708313 1.15719 1.53042 1.56744 1.68602 1.69676 
0.708313 1.15719 1.49008 1.53042 1.56744 1.68602 
0.708313 1.15719 1.47837 1.49008 1.53042 1.56744 
0.68509 0.708313 1.15719 1.47837 1.49008 1.53042 
0.68509 0.708313 1.15719 1.21541 1.47837 1.49008 
0.610669 0.68509 0.708313 1.15719 1.21541 1.35453 
0.610669 0.68509 0.708313 0.965484 1.15719 1.21541 
0.610669 0.68509 0.708313 0.965484 1.15719 1.16834 
0.610669 0.68509 0.708313 0.898774 0.965484 1.15719 
0.610669 0.68509 0.708313 0.898774 0.965484 1.00043 
0.610669 0.682988 0.68509 0.708313 0.898774 0.965484 
0.610669 0.682988 0.68509 0.708313 0.743677 0.898774 
0.32861 0.610669 0.682988 0.68509 0.708313 0.743677 
0.32861 0.610669 0.682988 0.68509 0.688157 0.708313 
0.32861 0.351351 0.610669 0.682988 0.68509 0.688157 
0.236296 0.32861 0.351351 0.610669 0.682988 0.68509 
