4.10537 4.23922 4.77189 5.57264 6.40932 9.84396 
4.10537 4.23922 4.77189 5.57264 6.38765 6.40932 
2.25746 3.07023 4.10537 4.23922 4.26867 4.77189 
2.25746 3.07023 4.05829 4.10537 4.23922 4.26867 
2.25746 3.07023 3.70864 4.05829 4.10537 4.16749 
2.25746 2.85786 3.07023 3.70864 4.05829 4.10537 
2.25746 2.85786 3.07023 3.70864 3.80745 3.93566 
2.25746 2.85786 3.07023 3.32868 3.70864 3.80745 
2.25746 2.85786 3.07023 3.32868 3.61548 3.70864 
2.25746 2.85786 3.07023 3.32868 3.61548 3.70864 
2.25746 2.85786 3.07023 3.22173 3.32868 3.61548 
2.25746 2.85786 3.07023 3.22173 3.32868 3.61548 
2.25746 2.85786 3.07023 3.22173 3.22475 3.32868 
2.25746 2.85786 2.98202 3.07023 3.22173 3.22475 
0.619855 2.25746 2.85786 2.98202 3.07023 3.21657 
0.619855 2.25746 2.70084 2.85786 2.98202 3.07023 
0.619855 2.25746 2.70084 2.85786 2.98202 3.07023 
0.619855 2.25746 2.70084 2.85786 2.98202 3.07023 
0.619855 2.25746 2.70084 2.85786 2.98202 3.07023 
0.619855 2.25746 2.70084 2.85786 2.87113 2.98202 
0.619855 2.25746 2.70084 2.85786 2.87113 2.98202 
0.619855 2.25746 2.70084 2.85786 2.87113 2.98202 
0.619855 2.25746 2.70084 2.78161 2.85786 2.87113 
0.619855 2.25746 2.70084 2.78161 2.85786 2.87113 
0.619855 2.0034 2.25746 2.70084 2.78161 2.85786 
0.619855 2.0034 2.25746 2.70084 2.78161 2.85786 
0.619855 2.0034 2.25746 2.70084 2.78161 2.85786 
0.619855 1.01802 2.0034 2.25746 2.70084 2.78161 
0.619855 1.01802 1.90667 2.0034 2.25746 2.70084 
0.619855 1.01802 1.90667 2.0034 2.25746 2.70084 
0.619855 1.01802 1.90667 2.0034 2.25746 2.70084 
0.619855 1.01802 1.20473 1.90667 2.0034 2.25746 
0.619855 1.01802 1.20473 1.90667 2.0034 2.25746 
0.619855 1.01802 1.20473 1.90667 2.0034 2.25746 
0.619855 1.01802 1.20473 1.90667 2.0034 2.25746 
0.619855 1.01802 1.20473 1.90667 2.0034 2.17928 
0.619855 1.01802 1.20473 1.90667 2.0034 2.17928 
0.619855 1.01802 1.20473 1.90667 2.0034 2.17928 
0.619855 1.01802 1.20473 1.90667 2.0034 2.17928 
0.619855 1.01802 1.20473 1.90667 2.0034 2.17928 
0.619855 1.01802 1.20473 1.90667 2.0034 2.07821 
0.619855 1.01802 1.20473 1.90667 2.0034 2.07821 
0.619855 1.01802 1.20473 1.90667 2.0034 2.07821 
0.619855 1.01802 1.20473 1.90667 2.0034 2.07821 
0.619855 1.01802 1.20473 1.90667 2.0034 2.07821 
0.619855 1.01802 1.20473 1.90667 2.0034 2.07821 
0.619855 1.01802 1.20473 1.90667 2.0034 2.07821 
0.619855 1.01802 1.20473 1.90667 2.0034 2.07821 
0.619855 1.01802 1.20473 1.90667 2.0034 2.07821 
0.619855 1.01802 1.20473 1.90667 2.0034 2.07821 
0.619855 1.01802 1.20473 1.90667 2.0034 2.07821 
0.619855 1.01802 1.20473 1.90667 2.0034 2.07821 
0.619855 1.01802 1.20473 1.90667 2.0034 2.07821 
0.619855 1.01802 1.20473 1.90667 2.0034 2.07821 
0.619855 1.01802 1.20473 1.90667 2.0034 2.07821 
0.619855 1.01802 1.20473 1.90667 2.0034 2.07821 
0.619855 1.01802 1.20473 1.90667 2.0034 2.07821 
0.619855 1.01802 1.20473 1.90667 2.0034 2.07821 
0.619855 1.01802 1.20473 1.90667 2.0034 2.07821 
0.619855 1.01802 1.20473 1.90667 2.0034 2.07821 
0.619855 1.01802 1.20473 1.90667 2.0034 2.07821 
0.619855 1.01802 1.20473 1.90667 2.0034 2.07821 
0.619855 1.01802 1.20473 1.90667 2.0034 2.07821 
0.619855 1.01802 1.20473 1.90667 2.0034 2.07821 
0.619855 1.01802 1.20473 1.90667 2.0034 2.07821 
0.619855 1.01802 1.20473 1.90667 2.0034 2.07821 
0.619855 1.01802 1.20473 1.90667 2.0034 2.07821 
0.619855 1.01802 1.20473 1.90667 2.0034 2.07821 
0.619855 1.01802 1.20473 1.90667 2.0034 2.07821 
0.619855 1.01802 1.20473 1.90667 2.0034 2.07821 
0.619855 1.01802 1.20473 1.90667 2.0034 2.07821 
0.619855 1.01802 1.20473 1.90667 2.0034 2.07821 
0.619855 1.01802 1.20473 1.90667 2.0034 2.07821 
0.619855 1.01802 1.20473 1.90667 2.0034 2.07821 
0.619855 1.01802 1.20473 1.90667 2.0034 2.07821 
0.619855 1.01802 1.20473 1.90667 2.0034 2.07821 
0.619855 1.01802 1.20473 1.90667 2.0034 2.07821 
0.619855 1.01802 1.20473 1.90667 2.0034 2.07821 
0.619855 1.01802 1.20473 1.90667 2.0034 2.07821 
0.619855 1.01802 1.20473 1.90667 2.0034 2.07821 
0.619855 1.01802 1.20473 1.90667 2.0034 2.07821 
0.619855 1.01802 1.20473 1.90667 2.0034 2.07821 
0.619855 1.01802 1.20473 1.90667 2.0034 2.07821 
0.619855 1.01802 1.20473 1.90667 2.0034 2.07821 
0.619855 1.01802 1.20473 1.90667 2.0034 2.07821 
0.619855 1.01802 1.20473 1.90667 2.0034 2.07821 
0.619855 1.01802 1.20473 1.90667 2.0034 2.07821 
0.619855 1.01802 1.20473 1.90667 2.0034 2.07821 
0.619855 1.01802 1.20473 1.90667 2.0034 2.07821 
0.619855 1.01802 1.20473 1.90667 2.0034 2.07821 
0.619855 1.01802 1.20473 1.90667 2.0034 2.07821 
0.619855 1.01802 1.20473 1.90667 2.0034 2.07821 
0.619855 1.01802 1.20473 1.90667 2.0034 2.07821 
0.619855 1.01802 1.20473 1.90667 2.0034 2.07821 
0.619855 1.01802 1.20473 1.90667 2.0034 2.07821 
0.619855 1.01802 1.20473 1.90667 2.0034 2.07821 
0.619855 1.01802 1.20473 1.90667 2.0034 2.07821 
0.619855 1.01802 1.20473 1.90667 2.0034 2.07821 
0.619855 1.01802 1.20473 1.90667 2.0034 2.07821 
0.619855 1.01802 1.20473 1.90667 2.0034 2.07821 
