1.53932 2.78955 9.06324 9.20072 9.29485 10.5628 
1.53932 2.78955 9.06324 9.20072 9.26952 9.29485 
1.53932 2.78955 5.67782 6.98078 8.47127 9.06324 
1.53932 2.78955 5.67782 6.98078 7.69595 8.416 
1.53932 2.78955 5.67782 5.68103 6.29487 6.98078 
1.53932 2.78955 5.67782 5.68103 6.29487 6.69799 
1.53932 2.66448 2.78955 5.10061 5.67782 5.68103 
1.53932 2.66448 2.78955 4.29813 5.10061 5.61175 
1.53932 2.66448 2.78955 4.29813 5.10061 5.51286 
1.53932 2.66448 2.78955 4.29813 4.58906 5.10061 
1.53932 2.66448 2.78955 4.29813 4.58906 4.69861 
1.53932 2.66448 2.78955 4.29813 4.51073 4.58906 
1.53932 2.66448 2.78955 4.29813 4.51073 4.58906 
1.53932 2.66448 2.78955 4.29813 4.51073 4.58906 
1.53932 2.66448 2.78955 4.29813 4.51073 4.58906 
1.53932 2.66448 2.78955 4.29813 4.51073 4.58906 
1.53932 2.66448 2.78955 2.87946 4.29813 4.51073 
1.53932 2.66448 2.78955 2.87946 4.29813 4.4754 
1.53932 2.66448 2.78955 2.87946 2.98669 4.29813 
1.53932 2.66448 2.78955 2.87946 2.98669 4.29813 
1.53932 1.57717 2.66448 2.78955 2.87946 2.98669 
1.53932 1.57717 2.66448 2.78955 2.87946 2.98669 
1.53932 1.57717 2.66448 2.78955 2.87946 2.98669 
1.53932 1.57717 2.66448 2.78955 2.87946 2.98669 
1.53932 1.57717 2.66448 2.78955 2.81388 2.87946 
1.53932 1.57717 2.66448 2.78955 2.81388 2.87946 
1.53932 1.57717 2.66448 2.78955 2.81388 2.87946 
1.53932 1.57717 2.66448 2.78955 2.81388 2.87946 
1.53932 1.57717 2.51694 2.66448 2.78955 2.81388 
1.53932 1.57717 2.51694 2.66448 2.78955 2.81388 
1.35244 1.53932 1.57717 2.51694 2.66448 2.78955 
1.35244 1.53932 1.57717 2.51694 2.66448 2.78955 
1.35244 1.53932 1.57717 2.51694 2.66448 2.78955 
1.35244 1.53932 1.57717 2.51694 2.66448 2.78955 
1.35244 1.53932 1.57717 2.51694 2.66448 2.78955 
1.35244 1.53932 1.57717 2.51694 2.66448 2.78955 
0.76864 1.17833 1.35244 1.53932 1.57717 2.51694 
0.76864 1.17833 1.35244 1.53932 1.57717 2.51694 
0.76864 1.17833 1.35244 1.53932 1.57717 2.51694 
0.76864 1.17833 1.35244 1.53932 1.57717 2.51694 
0.76864 1.17833 1.35244 1.53932 1.57717 2.43271 
0.76864 1.17833 1.35244 1.53932 1.57717 2.43271 
0.76864 1.17833 1.35244 1.53932 1.57717 2.43271 
0.76864 1.17833 1.35244 1.53932 1.57717 2.43271 
0.76864 1.17833 1.35244 1.53932 1.57717 2.43271 
0.76864 1.17833 1.35244 1.53932 1.57717 2.30532 
0.76864 1.17833 1.35244 1.53932 1.57717 2.30532 
0.76864 1.17833 1.35244 1.53932 1.57717 2.30532 
0.76864 1.17833 1.35244 1.53932 1.57717 2.30532 
0.76864 1.17833 1.35244 1.52147 1.53932 1.57717 
0.76864 1.17833 1.35244 1.52147 1.53932 1.57717 
0.76864 1.17833 1.35244 1.52147 1.53932 1.57717 
0.76864 1.17833 1.35244 1.52147 1.53932 1.57717 
0.76864 1.17833 1.35244 1.52147 1.53932 1.57717 
0.76864 1.11301 1.17833 1.35244 1.52147 1.53932 
0.436171 0.76864 1.11301 1.17833 1.35244 1.52147 
0.436171 0.76864 1.11301 1.17833 1.3229 1.35244 
0.433303 0.436171 0.76864 1.11301 1.17833 1.3229 
0.433303 0.436171 0.76864 1.11301 1.17833 1.3229 
0.433303 0.436171 0.76864 1.11301 1.17833 1.3229 
0.433303 0.436171 0.76864 1.11301 1.17833 1.3229 
0.433303 0.436171 0.76864 1.11301 1.17833 1.3229 
0.433303 0.436171 0.76864 1.11301 1.17833 1.3229 
0.433303 0.436171 0.76864 1.11301 1.17833 1.3229 
0.433303 0.436171 0.76864 1.11301 1.17833 1.3229 
0.433303 0.436171 0.76864 1.11301 1.17833 1.3229 
0.433303 0.436171 0.76864 1.11301 1.17833 1.3229 
0.433303 0.436171 0.76864 1.11301 1.17833 1.3229 
0.433303 0.436171 0.76864 1.11301 1.17833 1.3229 
0.433303 0.436171 0.76864 1.11301 1.17833 1.3229 
0.433303 0.436171 0.76864 1.11301 1.17833 1.3229 
0.433303 0.436171 0.76864 1.11301 1.17833 1.3229 
0.433303 0.436171 0.76864 1.11301 1.17833 1.3229 
0.433303 0.436171 0.76864 1.11301 1.17833 1.3229 
0.433303 0.436171 0.76864 1.11301 1.17833 1.3229 
0.433303 0.436171 0.76864 1.11301 1.17833 1.3229 
0.433303 0.436171 0.76864 1.11301 1.17833 1.3229 
0.433303 0.436171 0.76864 1.11301 1.17833 1.3229 
0.433303 0.436171 0.76864 1.11301 1.17833 1.3229 
0.433303 0.436171 0.76864 1.11301 1.17833 1.3229 
0.433303 0.436171 0.76864 1.11301 1.17833 1.3229 
0.433303 0.436171 0.76864 1.11301 1.17833 1.3229 
0.433303 0.436171 0.76864 1.11301 1.17833 1.3229 
0.433303 0.436171 0.76864 1.11301 1.17833 1.3229 
0.433303 0.436171 0.76864 1.11301 1.17833 1.3229 
0.433303 0.436171 0.76864 1.11301 1.17833 1.3229 
0.433303 0.436171 0.76864 1.11301 1.17833 1.3229 
0.433303 0.436171 0.76864 1.11301 1.17833 1.3229 
0.433303 0.436171 0.76864 1.11301 1.17833 1.3229 
0.433303 0.436171 0.76864 1.11301 1.17833 1.3229 
0.433303 0.436171 0.76864 1.11301 1.17833 1.3229 
0.433303 0.436171 0.76864 1.11301 1.17833 1.3229 
0.433303 0.436171 0.76864 1.11301 1.17833 1.3229 
0.433303 0.436171 0.76864 1.11301 1.17833 1.3229 
0.433303 0.436171 0.76864 1.11301 1.17833 1.3229 
0.433303 0.436171 0.76864 1.11301 1.17833 1.3229 
0.433303 0.436171 0.76864 1.11301 1.17833 1.3229 
0.433303 0.436171 0.76864 1.11301 1.17833 1.3229 
0.433303 0.436171 0.76864 1.11301 1.17833 1.3229 
0.433303 0.436171 0.76864 1.11301 1.17833 1.3229 
