6.08327 6.53819 7.16535 8.00197 8.4454 8.71473 
1.7479 6.08327 6.53819 7.16535 8.00197 8.4454 
1.7479 4.49492 5.55622 6.08327 6.53819 7.16535 
1.7479 4.49492 5.55622 6.08327 6.53819 7.16535 
1.7479 4.49492 5.55622 6.08327 6.2591 6.53819 
1.7479 4.49492 5.04441 5.55622 6.08327 6.2591 
1.7479 4.41092 4.4295 4.49492 5.04441 5.55622 
1.7479 4.41092 4.4295 4.49492 5.04441 5.55622 
1.7479 4.41092 4.4295 4.49492 5.04441 5.55622 
1.7479 4.41092 4.4295 4.49492 4.74416 5.04441 
1.7479 4.41092 4.4295 4.49492 4.74416 4.92168 
1.7479 4.41092 4.4295 4.49492 4.74416 4.92168 
1.7479 2.26461 4.41092 4.4295 4.49492 4.74416 
1.7479 2.26461 4.41092 4.4295 4.49492 4.49584 
1.7479 2.26461 3.18315 4.10889 4.41092 4.4295 
1.7479 2.26461 3.18315 3.98433 4.01653 4.10889 
1.7479 2.26461 3.18315 3.34268 3.98433 4.01653 
1.7479 2.26461 3.18315 3.34268 3.98433 4.01653 
1.7479 2.26461 3.18315 3.34268 3.36037 3.98433 
1.7479 2.26461 3.18315 3.2404 3.34268 3.36037 
1.37197 1.7479 2.26461 3.18315 3.2404 3.34268 
1.37197 1.7479 1.9786 2.26461 3.18315 3.2404 
1.37197 1.7479 1.9786 2.26461 3.18315 3.2404 
1.37197 1.7479 1.9786 2.26461 3.18315 3.2404 
1.37197 1.7479 1.9786 2.26461 3.18315 3.2404 
1.37197 1.7479 1.9786 2.26461 2.41621 3.18315 
1.37197 1.7479 1.9786 2.26461 2.41621 3.18315 
1.37197 1.7479 1.9786 2.26461 2.41621 3.18315 
1.37197 1.7479 1.9786 2.26461 2.41621 3.18315 
1.37197 1.7479 1.9786 2.26461 2.41621 2.64243 
1.37197 1.7479 1.9786 2.26461 2.41621 2.64243 
1.37197 1.7479 1.9786 2.26461 2.41621 2.64243 
1.37197 1.7479 1.9786 2.26461 2.41621 2.64243 
1.37197 1.7479 1.9786 2.26461 2.41621 2.64243 
1.37197 1.7479 1.9786 2.26461 2.41621 2.64243 
1.37197 1.7479 1.9786 2.26461 2.41621 2.64243 
1.37197 1.69053 1.7479 1.9786 2.26461 2.41621 
1.37197 1.69053 1.7479 1.9786 2.26461 2.41621 
1.12464 1.37197 1.69053 1.7479 1.9786 2.26461 
0.288906 1.12464 1.37197 1.69053 1.7479 1.9786 
0.288906 1.12464 1.37197 1.69053 1.7479 1.9786 
0.288906 1.12464 1.37197 1.69053 1.72028 1.7479 
0.288906 1.12464 1.37197 1.69053 1.72028 1.7479 
0.288906 1.12464 1.37197 1.69053 1.72028 1.7479 
0.288906 0.474342 1.12464 1.37197 1.69053 1.72028 
0.288906 0.474342 1.12464 1.37197 1.69053 1.72028 
0.288906 0.474342 1.12464 1.37197 1.69053 1.72028 
0.288906 0.474342 1.12464 1.37197 1.69053 1.72028 
0.288906 0.474342 1.12464 1.37197 1.47348 1.69053 
0.288906 0.474342 1.12464 1.37197 1.47348 1.69053 
0.288906 0.474342 1.12464 1.37197 1.47348 1.69053 
0.288906 0.474342 1.12464 1.37197 1.47348 1.69053 
0.288906 0.474342 1.12464 1.37197 1.47348 1.69053 
0.288906 0.474342 1.12464 1.37197 1.47348 1.69053 
0.288906 0.474342 1.12464 1.37197 1.47348 1.69053 
0.288906 0.474342 1.12464 1.37197 1.47348 1.69053 
0.288906 0.474342 1.12464 1.37197 1.47348 1.69053 
0.288906 0.474342 1.12464 1.37197 1.47348 1.69053 
0.288906 0.474342 1.12464 1.37197 1.47348 1.69053 
0.288906 0.474342 1.12464 1.37197 1.47348 1.69053 
0.288906 0.474342 1.12464 1.37197 1.47348 1.69053 
0.288906 0.474342 1.12464 1.37197 1.47348 1.69053 
0.288906 0.474342 1.12464 1.37197 1.47348 1.69053 
0.288906 0.474342 1.12464 1.37197 1.47348 1.69053 
0.288906 0.474342 1.12464 1.37197 1.47348 1.69053 
0.288906 0.474342 1.12464 1.37197 1.47348 1.69053 
0.288906 0.474342 1.12464 1.37197 1.47348 1.69053 
0.288906 0.474342 1.12464 1.37197 1.47348 1.69053 
0.288906 0.474342 1.12464 1.37197 1.47348 1.69053 
0.288906 0.474342 1.12464 1.37197 1.47348 1.69053 
0.288906 0.474342 1.12464 1.37197 1.47348 1.69053 
0.288906 0.474342 1.12464 1.37197 1.47348 1.69053 
0.288906 0.474342 1.12464 1.37197 1.47348 1.69053 
0.288906 0.474342 1.12464 1.37197 1.47348 1.69053 
0.288906 0.474342 1.12464 1.37197 1.47348 1.69053 
0.288906 0.474342 1.12464 1.37197 1.47348 1.69053 
0.288906 0.474342 1.12464 1.37197 1.47348 1.69053 
0.288906 0.474342 1.12464 1.37197 1.47348 1.69053 
0.288906 0.474342 1.12464 1.37197 1.47348 1.69053 
0.288906 0.474342 1.12464 1.37197 1.47348 1.69053 
0.288906 0.474342 1.12464 1.37197 1.47348 1.69053 
0.288906 0.474342 1.12464 1.37197 1.47348 1.69053 
0.288906 0.474342 1.12464 1.37197 1.47348 1.69053 
0.288906 0.474342 1.12464 1.37197 1.47348 1.69053 
0.288906 0.474342 1.12464 1.37197 1.47348 1.69053 
0.288906 0.474342 1.12464 1.37197 1.47348 1.69053 
0.288906 0.474342 1.12464 1.37197 1.47348 1.69053 
0.288906 0.474342 1.12464 1.37197 1.47348 1.69053 
0.288906 0.474342 1.12464 1.37197 1.47348 1.69053 
0.288906 0.474342 1.12464 1.37197 1.47348 1.69053 
0.288906 0.474342 1.12464 1.37197 1.47348 1.69053 
0.288906 0.474342 1.12464 1.37197 1.47348 1.69053 
0.288906 0.474342 1.12464 1.37197 1.47348 1.69053 
0.288906 0.474342 1.12464 1.37197 1.47348 1.69053 
0.288906 0.474342 1.12464 1.37197 1.47348 1.69053 
0.288906 0.474342 1.12464 1.37197 1.47348 1.69053 
0.288906 0.474342 1.12464 1.37197 1.47348 1.69053 
0.288906 0.474342 1.12464 1.37197 1.47348 1.69053 
0.288906 0.474342 1.12464 1.37197 1.47348 1.69053 
0.288906 0.474342 1.12464 1.37197 1.47348 1.69053 
