3.28435 6.28164 6.51747 7.55498 9.02811 9.88587 
3.28435 6.28164 6.51747 7.55498 9.02811 9.55027 
3.28435 6.28164 6.51747 6.84211 7.55498 8.01982 
3.28435 4.75243 6.28164 6.51747 6.84211 7.55498 
3.28435 4.75243 6.28164 6.51747 6.84211 7.24781 
2.90591 3.28435 3.59787 4.75243 6.28164 6.51747 
2.90591 3.28435 3.59787 3.86162 4.75243 6.28164 
2.90591 3.28435 3.59787 3.86162 4.25375 4.75243 
2.90591 3.28435 3.59787 3.86162 4.25375 4.75243 
2.90591 3.28435 3.59787 3.86162 4.25375 4.45412 
2.90591 3.28435 3.59787 3.66145 3.86162 4.25375 
1.77853 2.90591 3.28435 3.59787 3.66145 3.86162 
1.77853 2.90591 3.28435 3.59787 3.66145 3.86162 
1.77853 2.90591 3.28435 3.59787 3.60585 3.66145 
0.470788 1.77853 2.90591 3.28435 3.59787 3.60585 
0.470788 1.77853 2.90591 3.28435 3.59787 3.60585 
0.470788 1.77853 2.90591 3.28435 3.59787 3.60585 
0.470788 1.77853 2.90591 3.28435 3.45309 3.59787 
0.470788 1.77853 2.90591 3.28435 3.45309 3.59787 
0.470788 1.77853 2.90591 2.92161 3.28435 3.45309 
0.470788 1.77853 2.90591 2.92161 3.28435 3.45309 
0.470788 1.77853 2.90591 2.92161 3.28435 3.45309 
0.470788 1.77853 2.85443 2.90591 2.92161 3.28435 
0.470788 1.77853 2.85443 2.90591 2.92161 3.28435 
0.470788 1.77853 2.85443 2.90591 2.92161 3.28435 
0.470788 1.77853 2.85443 2.90591 2.92161 3.28435 
0.470788 1.77853 2.85443 2.90591 2.92161 3.28435 
0.470788 1.66663 1.77853 2.6358 2.85443 2.90591 
0.470788 1.66663 1.77853 2.39577 2.6358 2.85443 
0.470788 1.66663 1.77853 2.39577 2.6358 2.85443 
0.470788 1.66663 1.77853 2.36165 2.39577 2.6358 
0.470788 1.66663 1.77853 2.36165 2.39577 2.6358 
0.470788 1.66663 1.77853 2.36165 2.39577 2.6358 
0.470788 1.54566 1.66663 1.77853 2.36165 2.39577 
0.452696 0.470788 1.54566 1.66663 1.77853 1.9479 
0.452696 0.470788 1.54566 1.66663 1.77853 1.9479 
0.452696 0.470788 1.54566 1.66663 1.77853 1.9479 
0.452696 0.470788 1.32141 1.54566 1.66663 1.77853 
0.452696 0.470788 1.32141 1.54566 1.66663 1.77853 
0.452696 0.470788 1.32141 1.54566 1.66663 1.77853 
0.452696 0.470788 1.32141 1.54566 1.66663 1.77853 
0.452696 0.470788 1.32141 1.54566 1.66663 1.77853 
0.452696 0.470788 1.32141 1.54566 1.66663 1.77853 
0.452696 0.470788 1.32141 1.54566 1.66663 1.77853 
0.452696 0.470788 1.32141 1.54566 1.66663 1.77853 
0.407416 0.452696 0.470788 0.991145 1.32141 1.54566 
0.407416 0.452696 0.470788 0.991145 1.32141 1.54566 
0.407416 0.452696 0.470788 0.991145 1.32141 1.54566 
0.407416 0.452696 0.470788 0.991145 1.32141 1.40442 
0.407416 0.452696 0.470788 0.991145 1.32141 1.40442 
0.407416 0.452696 0.470788 0.991145 1.32141 1.40442 
0.407416 0.452696 0.470788 0.991145 1.32141 1.40442 
0.407416 0.452696 0.470788 0.991145 1.32141 1.40442 
0.407416 0.452696 0.470788 0.991145 1.32141 1.40442 
0.407416 0.452696 0.470788 0.991145 1.32141 1.40442 
0.338027 0.407416 0.452696 0.470788 0.991145 1.32141 
0.338027 0.407416 0.452696 0.470788 0.991145 1.32141 
0.338027 0.407416 0.452696 0.470788 0.991145 1.32141 
0.338027 0.407416 0.452696 0.470788 0.991145 1.32141 
0.338027 0.407416 0.452696 0.470788 0.991145 1.32141 
0.338027 0.407416 0.452696 0.470788 0.991145 1.32141 
0.338027 0.407416 0.452696 0.470788 0.991145 1.32141 
0.338027 0.407416 0.452696 0.470788 0.991145 1.32141 
0.338027 0.407416 0.452696 0.470788 0.991145 1.32141 
0.338027 0.407416 0.452696 0.470788 0.991145 1.32141 
0.338027 0.407416 0.452696 0.470788 0.991145 1.32141 
0.338027 0.407416 0.452696 0.470788 0.991145 1.32141 
0.338027 0.407416 0.452696 0.470788 0.991145 1.32141 
0.338027 0.407416 0.452696 0.470788 0.991145 1.32141 
0.338027 0.407416 0.452696 0.470788 0.991145 1.32141 
0.338027 0.407416 0.452696 0.470788 0.991145 1.32141 
0.338027 0.407416 0.452696 0.470788 0.991145 1.32141 
0.338027 0.407416 0.452696 0.470788 0.991145 1.32141 
0.338027 0.407416 0.452696 0.470788 0.991145 1.32141 
0.338027 0.407416 0.452696 0.470788 0.991145 1.32141 
0.338027 0.407416 0.452696 0.470788 0.991145 1.32141 
0.338027 0.407416 0.452696 0.470788 0.991145 1.32141 
0.338027 0.407416 0.452696 0.470788 0.991145 1.32141 
0.338027 0.407416 0.452696 0.470788 0.991145 1.32141 
0.338027 0.407416 0.452696 0.470788 0.991145 1.32141 
0.338027 0.407416 0.452696 0.470788 0.991145 1.32141 
0.338027 0.407416 0.452696 0.470788 0.991145 1.32141 
0.338027 0.407416 0.452696 0.470788 0.991145 1.32141 
0.338027 0.407416 0.452696 0.470788 0.991145 1.32141 
0.338027 0.407416 0.452696 0.470788 0.991145 1.32141 
0.338027 0.407416 0.452696 0.470788 0.991145 1.32141 
0.338027 0.407416 0.452696 0.470788 0.991145 1.32141 
0.338027 0.407416 0.452696 0.470788 0.991145 1.32141 
0.338027 0.407416 0.452696 0.470788 0.991145 1.32141 
0.338027 0.407416 0.452696 0.470788 0.991145 1.32141 
0.338027 0.407416 0.452696 0.470788 0.991145 1.32141 
0.338027 0.407416 0.452696 0.470788 0.991145 1.32141 
0.338027 0.407416 0.452696 0.470788 0.991145 1.32141 
0.338027 0.407416 0.452696 0.470788 0.991145 1.32141 
0.338027 0.407416 0.452696 0.470788 0.991145 1.32141 
0.338027 0.407416 0.452696 0.470788 0.991145 1.32141 
0.338027 0.407416 0.452696 0.470788 0.991145 1.32141 
0.338027 0.407416 0.452696 0.470788 0.991145 1.32141 
0.338027 0.407416 0.452696 0.470788 0.991145 1.32141 
0.338027 0.407416 0.452696 0.470788 0.991145 1.32141 
