3.34544 4.02686 5.19474 7.56564 9.19635 11.8281 
3.34544 3.36935 4.02686 5.19474 7.56564 8.95657 
3.25917 3.26962 3.34544 3.36935 4.02686 5.19474 
3.25917 3.26962 3.34544 3.36935 4.02686 5.19474 
3.25917 3.26962 3.34544 3.36935 4.02686 5.19474 
3.25917 3.26962 3.34544 3.36935 4.02686 5.19474 
3.25917 3.26962 3.34544 3.36935 4.02686 5.19474 
3.25917 3.26962 3.34544 3.36935 4.02686 5.19474 
1.59318 2.95824 3.25917 3.26962 3.34544 3.36935 
0.0874546 1.59318 2.95824 3.25917 3.26962 3.34544 
0.0874546 1.59318 2.95824 3.25917 3.26962 3.34544 
0.0874546 1.59318 2.95824 3.25917 3.26962 3.34544 
0.0874546 1.59318 2.67275 2.95824 3.25917 3.26962 
0.0874546 1.59318 2.67275 2.95824 3.25917 3.26962 
0.0874546 0.568976 1.59318 2.67275 2.95824 3.25917 
0.0874546 0.568976 1.59318 2.67275 2.95824 3.25917 
0.0874546 0.568976 1.59318 2.67275 2.95824 3.25917 
0.0874546 0.568976 1.59318 2.67275 2.95824 3.25917 
0.0874546 0.568976 1.59318 2.67275 2.95824 3.25917 
0.0874546 0.568976 1.59318 2.67275 2.95824 3.25917 
0.0874546 0.568976 1.59318 2.67275 2.95824 3.25917 
0.0874546 0.568976 1.59318 2.67275 2.95824 3.25917 
0.0874546 0.568976 1.59318 2.67275 2.95824 3.25917 
0.0874546 0.568976 1.59318 2.67275 2.95824 3.25917 
0.0874546 0.568976 1.59318 2.67275 2.95824 3.25917 
0.0874546 0.568976 1.59318 2.67275 2.95824 3.25917 
0.0874546 0.568976 1.59318 2.67275 2.95824 3.25917 
0.0874546 0.568976 1.59318 2.67275 2.95824 3.25917 
0.0874546 0.568976 1.59318 2.67275 2.95824 3.25917 
0.0874546 0.568976 1.59318 2.67275 2.95824 3.25917 
0.0874546 0.568976 1.24177 1.59318 2.67275 2.95824 
0.0874546 0.568976 1.24177 1.59318 2.67275 2.95824 
0.0874546 0.568976 1.24177 1.59318 2.67275 2.95824 
0.0874546 0.568976 1.24177 1.59318 2.67275 2.95824 
0.0874546 0.568976 1.24177 1.59318 2.67275 2.95824 
0.0874546 0.568976 1.24177 1.59318 2.67275 2.95824 
0.0874546 0.568976 1.24177 1.59318 2.67275 2.95824 
0.0874546 0.568976 1.24177 1.59318 2.67275 2.95824 
0.0874546 0.473572 0.568976 1.24177 1.59318 2.67275 
0.0874546 0.473572 0.568976 1.24177 1.59318 2.67275 
0.0874546 0.473572 0.568976 1.24177 1.59318 2.67275 
0.0874546 0.473572 0.568976 1.24177 1.59318 2.67275 
0.0874546 0.473572 0.568976 1.24177 1.59318 2.67275 
0.0874546 0.473572 0.568976 1.24177 1.59318 2.67275 
0.0874546 0.473572 0.568976 1.24177 1.59318 2.67275 
0.0874546 0.473572 0.568976 1.24177 1.59318 2.67275 
0.0874546 0.473572 0.568976 1.24177 1.59318 2.67275 
0.0874546 0.473572 0.568976 1.24177 1.59318 2.67275 
0.0874546 0.473572 0.568976 1.24177 1.59318 2.67275 
0.0874546 0.473572 0.568976 1.24177 1.59318 2.67275 
0.0874546 0.473572 0.568976 1.24177 1.59318 2.67275 
0.0874546 0.473572 0.568976 1.24177 1.59318 2.67275 
0.0874546 0.473572 0.568976 1.24177 1.59318 2.67275 
0.0874546 0.473572 0.568976 1.24177 1.59318 2.67275 
0.0874546 0.473572 0.568976 1.24177 1.59318 2.67275 
0.0874546 0.473572 0.568976 1.24177 1.59318 2.67275 
0.0874546 0.473572 0.568976 1.24177 1.59318 2.67275 
0.0874546 0.473572 0.568976 1.24177 1.59318 2.67275 
0.0874546 0.473572 0.568976 1.24177 1.59318 2.67275 
0.0874546 0.473572 0.568976 1.24177 1.59318 2.67275 
0.0874546 0.473572 0.568976 1.24177 1.59318 2.67275 
0.0874546 0.473572 0.568976 1.24177 1.59318 2.67275 
0.0874546 0.473572 0.568976 1.24177 1.59318 2.67275 
0.0874546 0.473572 0.568976 1.24177 1.59318 2.67275 
0.0874546 0.473572 0.568976 1.24177 1.59318 2.67275 
0.0874546 0.473572 0.568976 1.24177 1.59318 2.67275 
0.0874546 0.473572 0.568976 1.24177 1.59318 2.67275 
0.0874546 0.473572 0.568976 1.24177 1.59318 2.67275 
0.0874546 0.473572 0.568976 1.24177 1.59318 2.67275 
0.0874546 0.473572 0.568976 1.24177 1.59318 2.67275 
0.0874546 0.473572 0.568976 1.24177 1.59318 2.67275 
0.0874546 0.473572 0.568976 1.24177 1.59318 2.67275 
0.0874546 0.473572 0.568976 1.24177 1.59318 2.67275 
0.0874546 0.473572 0.568976 1.24177 1.59318 2.67275 
0.0874546 0.473572 0.568976 1.24177 1.59318 2.67275 
0.0874546 0.473572 0.568976 1.24177 1.59318 2.67275 
0.0874546 0.473572 0.568976 1.24177 1.59318 2.67275 
0.0874546 0.473572 0.568976 1.24177 1.59318 2.67275 
0.0874546 0.473572 0.568976 1.24177 1.59318 2.67275 
0.0874546 0.473572 0.568976 1.24177 1.59318 2.67275 
0.0874546 0.473572 0.568976 1.24177 1.59318 2.67275 
0.0874546 0.473572 0.568976 1.24177 1.59318 2.67275 
0.0874546 0.473572 0.568976 1.24177 1.59318 2.67275 
0.0874546 0.473572 0.568976 1.24177 1.59318 2.67275 
0.0874546 0.473572 0.568976 1.24177 1.59318 2.67275 
0.0874546 0.473572 0.568976 1.24177 1.59318 2.67275 
0.0874546 0.473572 0.568976 1.24177 1.59318 2.67275 
0.0874546 0.473572 0.568976 1.24177 1.59318 2.67275 
0.0874546 0.473572 0.568976 1.24177 1.59318 2.67275 
0.0874546 0.473572 0.568976 1.24177 1.59318 2.67275 
0.0874546 0.473572 0.568976 1.24177 1.59318 2.67275 
0.0874546 0.473572 0.568976 1.24177 1.59318 2.67275 
0.0874546 0.473572 0.568976 1.24177 1.59318 2.67275 
0.0874546 0.473572 0.568976 1.24177 1.59318 2.67275 
0.0874546 0.473572 0.568976 1.24177 1.59318 2.67275 
0.0874546 0.473572 0.568976 1.24177 1.59318 2.67275 
0.0874546 0.473572 0.568976 1.24177 1.59318 2.67275 
0.0874546 0.473572 0.568976 1.24177 1.59318 2.67275 
0.0874546 0.473572 0.568976 1.24177 1.59318 2.67275 
0.0874546 0.473572 0.568976 1.24177 1.59318 2.67275 
