3.61632 4.39961 5.36179 9.96908 10.1939 10.8383 
2.69234 3.61632 4.38666 4.39961 5.36179 9.96908 
2.69234 3.50698 3.61632 4.38666 4.39961 5.36179 
2.69234 3.50698 3.61632 4.38666 4.39961 5.36179 
2.69234 3.50698 3.61632 4.38666 4.39961 5.36179 
2.69234 3.50698 3.54776 3.61632 4.38666 4.39961 
2.69234 3.50698 3.54776 3.61632 4.38666 4.39961 
2.69234 3.50698 3.54776 3.61632 4.38666 4.39961 
2.69234 3.50698 3.54776 3.61632 4.38666 4.39961 
2.69234 3.50698 3.54776 3.61632 4.38666 4.39961 
2.69234 3.50698 3.54776 3.61632 4.38666 4.39961 
2.69234 3.50698 3.54776 3.61632 4.38666 4.39961 
2.69234 3.50698 3.54776 3.61632 4.38666 4.39961 
2.69234 3.50698 3.54776 3.61632 4.38666 4.39961 
2.69234 3.50698 3.54776 3.61632 4.38666 4.39961 
2.69234 3.50698 3.54776 3.61632 4.38666 4.39961 
2.69234 3.50698 3.54776 3.61632 4.38666 4.39961 
2.69234 3.50698 3.54776 3.61632 4.38666 4.39961 
2.69234 3.50698 3.54776 3.61632 4.38666 4.39961 
2.69234 2.70006 3.50698 3.54776 3.61632 4.38666 
2.69234 2.70006 3.50698 3.54776 3.61632 4.38666 
0.249294 0.933639 2.69234 2.70006 3.50698 3.54776 
0.249294 0.933639 2.69234 2.70006 3.50698 3.54776 
0.249294 0.933639 2.69234 2.70006 3.50698 3.54776 
0.249294 0.933639 2.69234 2.70006 3.50698 3.54776 
0.249294 0.933639 2.69234 2.70006 3.50698 3.54776 
0.249294 0.933639 2.69234 2.70006 3.50698 3.54776 
0.249294 0.933639 2.69234 2.70006 3.50698 3.54776 
0.249294 0.933639 2.69234 2.70006 3.50698 3.54776 
0.249294 0.933639 2.69234 2.70006 3.50698 3.54776 
0.249294 0.933639 2.69234 2.70006 3.50698 3.54776 
0.249294 0.933639 2.69234 2.70006 3.50698 3.54776 
0.249294 0.933639 2.69234 2.70006 3.50698 3.54776 
0.249294 0.933639 2.69234 2.70006 3.50698 3.54776 
0.249294 0.933639 2.69234 2.70006 3.50698 3.54776 
0.249294 0.933639 2.69234 2.70006 3.50698 3.54776 
0.249294 0.933639 2.69234 2.70006 3.50698 3.54776 
0.249294 0.933639 2.69234 2.70006 3.50698 3.54776 
0.249294 0.933639 2.69234 2.70006 3.50698 3.54776 
0.249294 0.933639 2.69234 2.70006 3.50698 3.54776 
0.249294 0.933639 2.69234 2.70006 3.50698 3.54776 
0.249294 0.933639 2.69234 2.70006 3.50698 3.54776 
0.249294 0.933639 2.69234 2.70006 3.50698 3.54776 
0.249294 0.933639 2.69234 2.70006 3.50698 3.54776 
0.249294 0.933639 2.69234 2.70006 3.50698 3.54776 
0.249294 0.933639 2.69234 2.70006 3.50698 3.54776 
0.249294 0.933639 2.69234 2.70006 3.50698 3.54776 
0.249294 0.933639 2.69234 2.70006 3.50698 3.54776 
0.249294 0.933639 2.69234 2.70006 3.50698 3.54776 
0.249294 0.933639 2.69234 2.70006 3.50698 3.54776 
0.249294 0.933639 2.69234 2.70006 3.50698 3.54776 
0.249294 0.933639 2.69234 2.70006 3.50698 3.54776 
0.249294 0.933639 2.69234 2.70006 3.50698 3.54776 
0.249294 0.933639 2.69234 2.70006 3.50698 3.54776 
0.249294 0.933639 2.69234 2.70006 3.50698 3.54776 
0.249294 0.933639 2.69234 2.70006 3.50698 3.54776 
0.249294 0.933639 2.69234 2.70006 3.50698 3.54776 
0.249294 0.933639 2.69234 2.70006 3.50698 3.54776 
0.249294 0.933639 2.69234 2.70006 3.50698 3.54776 
0.249294 0.933639 2.69234 2.70006 3.50698 3.54776 
0.249294 0.933639 2.69234 2.70006 3.50698 3.54776 
0.249294 0.933639 2.69234 2.70006 3.50698 3.54776 
0.249294 0.933639 2.69234 2.70006 3.50698 3.54776 
0.249294 0.933639 2.69234 2.70006 3.50698 3.54776 
0.249294 0.933639 2.69234 2.70006 3.50698 3.54776 
0.249294 0.933639 2.69234 2.70006 3.50698 3.54776 
0.249294 0.933639 2.69234 2.70006 3.50698 3.54776 
0.249294 0.933639 2.69234 2.70006 3.50698 3.54776 
0.249294 0.933639 2.69234 2.70006 3.50698 3.54776 
0.249294 0.933639 2.69234 2.70006 3.50698 3.54776 
0.249294 0.933639 2.69234 2.70006 3.50698 3.54776 
0.249294 0.933639 2.69234 2.70006 3.50698 3.54776 
0.249294 0.933639 2.69234 2.70006 3.50698 3.54776 
0.249294 0.933639 2.69234 2.70006 3.50698 3.54776 
0.249294 0.933639 2.69234 2.70006 3.50698 3.54776 
0.249294 0.933639 2.69234 2.70006 3.50698 3.54776 
0.249294 0.933639 2.69234 2.70006 3.50698 3.54776 
0.249294 0.933639 2.69234 2.70006 3.50698 3.54776 
0.249294 0.933639 2.69234 2.70006 3.50698 3.54776 
0.249294 0.933639 2.69234 2.70006 3.50698 3.54776 
0.249294 0.933639 2.69234 2.70006 3.50698 3.54776 
0.249294 0.933639 2.69234 2.70006 3.50698 3.54776 
0.249294 0.933639 2.69234 2.70006 3.50698 3.54776 
0.249294 0.933639 2.69234 2.70006 3.50698 3.54776 
0.249294 0.933639 2.69234 2.70006 3.50698 3.54776 
0.249294 0.933639 2.69234 2.70006 3.50698 3.54776 
0.249294 0.933639 2.69234 2.70006 3.50698 3.54776 
0.249294 0.933639 2.69234 2.70006 3.50698 3.54776 
0.249294 0.933639 2.69234 2.70006 3.50698 3.54776 
0.249294 0.933639 2.69234 2.70006 3.50698 3.54776 
0.249294 0.933639 2.69234 2.70006 3.50698 3.54776 
0.249294 0.933639 2.69234 2.70006 3.50698 3.54776 
0.249294 0.933639 2.69234 2.70006 3.50698 3.54776 
0.249294 0.933639 2.69234 2.70006 3.50698 3.54776 
0.249294 0.933639 2.69234 2.70006 3.50698 3.54776 
0.249294 0.933639 2.69234 2.70006 3.50698 3.54776 
0.249294 0.933639 2.69234 2.70006 3.50698 3.54776 
0.249294 0.933639 2.69234 2.70006 3.50698 3.54776 
0.249294 0.933639 2.69234 2.70006 3.50698 3.54776 
0.249294 0.933639 2.69234 2.70006 3.50698 3.54776 
