4.52229 6.96249 8.10156 8.34537 10.0389 10.3758 
4.52229 6.96249 8.00968 8.10156 8.34537 10.0389 
3.62229 4.52229 6.15687 6.96249 8.00968 8.10156 
3.62229 4.52229 5.81106 6.15687 6.96249 8.00968 
3.62229 4.15151 4.52229 5.81106 6.15687 6.96249 
3.62229 4.15151 4.52229 5.81106 6.15687 6.96249 
3.62229 4.15151 4.33939 4.52229 5.81106 6.15687 
3.62229 4.15151 4.33939 4.52229 5.81106 6.15687 
3.62229 3.70736 4.15151 4.33939 4.52229 5.81106 
3.62229 3.70736 4.15151 4.33939 4.52229 5.81106 
3.62229 3.70736 4.15151 4.33939 4.52229 5.81106 
3.62229 3.70736 4.15151 4.33939 4.52229 5.81106 
3.62229 3.70736 3.84099 4.15151 4.33939 4.52229 
3.62229 3.70736 3.84099 4.15151 4.33939 4.52229 
3.62229 3.70736 3.84099 4.15151 4.33939 4.52229 
3.62229 3.70736 3.84099 4.15151 4.33939 4.52229 
3.62229 3.70736 3.84099 4.15151 4.33939 4.52229 
3.62229 3.70736 3.84099 4.15151 4.33939 4.52229 
3.62229 3.70736 3.84099 4.15151 4.33939 4.52229 
3.62229 3.70736 3.84099 4.15151 4.33939 4.52229 
3.62229 3.70736 3.84099 4.15151 4.33939 4.52229 
3.62229 3.70736 3.84099 4.15151 4.33939 4.52229 
1.98844 3.62229 3.70736 3.84099 4.15151 4.33939 
1.98844 3.62229 3.70736 3.84099 4.15151 4.33939 
1.98844 3.62229 3.70736 3.84099 4.15151 4.33939 
1.98844 3.62229 3.70736 3.84099 4.15151 4.33939 
1.98844 3.62229 3.70736 3.84099 4.15151 4.33939 
1.98844 3.62229 3.70736 3.84099 4.15151 4.33939 
1.98844 3.62229 3.70736 3.84099 4.15151 4.33939 
1.98844 3.62229 3.70736 3.84099 4.15151 4.33939 
1.98844 2.83488 3.62229 3.70736 3.84099 4.15151 
1.98844 2.83488 3.62229 3.70736 3.84099 4.15151 
1.98844 2.83488 3.62229 3.70736 3.84099 4.15151 
1.98844 2.83488 3.62229 3.70736 3.84099 4.15151 
1.98844 2.83488 3.03281 3.62229 3.70736 3.84099 
1.98844 2.83488 3.03281 3.62229 3.70736 3.84099 
1.98844 2.83488 3.03281 3.62229 3.70736 3.84099 
1.98844 2.83488 3.03281 3.62229 3.70736 3.84099 
1.98844 2.83488 3.03281 3.62229 3.70736 3.84099 
1.98844 2.83488 3.03281 3.62229 3.70736 3.84099 
1.98844 2.83488 3.03281 3.62229 3.70736 3.84099 
1.98844 2.83488 3.03281 3.62229 3.70736 3.84099 
1.98844 2.83488 3.03281 3.62229 3.70736 3.84099 
1.98844 2.83488 3.03281 3.62229 3.70736 3.84099 
1.98844 2.83488 3.03281 3.62229 3.70736 3.84099 
1.98844 2.83488 3.03281 3.62229 3.70736 3.84099 
1.98844 2.83488 3.03281 3.62229 3.70736 3.84099 
1.98844 2.83488 3.03281 3.62229 3.70736 3.84099 
1.98844 2.83488 3.03281 3.62229 3.70736 3.84099 
1.98844 2.83488 3.03281 3.62229 3.70736 3.84099 
1.98844 2.83488 3.03281 3.62229 3.70736 3.84099 
1.98844 2.83488 3.03281 3.62229 3.70736 3.84099 
1.98844 2.83488 3.03281 3.62229 3.70736 3.84099 
1.98844 2.83488 3.03281 3.62229 3.70736 3.84099 
1.98844 2.83488 3.03281 3.62229 3.70736 3.84099 
1.98844 2.83488 3.03281 3.62229 3.70736 3.84099 
1.98844 2.83488 3.03281 3.62229 3.70736 3.84099 
1.98844 2.83488 3.03281 3.62229 3.70736 3.84099 
1.98844 2.83488 3.03281 3.62229 3.70736 3.84099 
1.98844 2.83488 3.03281 3.62229 3.70736 3.84099 
1.98844 2.83488 3.03281 3.62229 3.70736 3.84099 
1.98844 2.83488 3.03281 3.62229 3.70736 3.84099 
1.98844 2.83488 3.03281 3.62229 3.70736 3.84099 
1.98844 2.83488 3.03281 3.62229 3.70736 3.84099 
1.98844 2.83488 3.03281 3.62229 3.70736 3.84099 
1.98844 2.83488 3.03281 3.62229 3.70736 3.84099 
1.98844 2.83488 3.03281 3.62229 3.70736 3.84099 
1.98844 2.83488 3.03281 3.62229 3.70736 3.84099 
1.98844 2.83488 3.03281 3.62229 3.70736 3.84099 
1.98844 2.83488 3.03281 3.62229 3.70736 3.84099 
1.98844 2.83488 3.03281 3.62229 3.70736 3.84099 
1.98844 2.83488 3.03281 3.62229 3.70736 3.84099 
1.98844 2.83488 3.03281 3.62229 3.70736 3.84099 
1.98844 2.83488 3.03281 3.62229 3.70736 3.84099 
1.98844 2.83488 3.03281 3.62229 3.70736 3.84099 
1.98844 2.83488 3.03281 3.62229 3.70736 3.84099 
1.98844 2.83488 3.03281 3.62229 3.70736 3.84099 
1.98844 2.83488 3.03281 3.62229 3.70736 3.84099 
1.98844 2.83488 3.03281 3.62229 3.70736 3.84099 
1.98844 2.83488 3.03281 3.62229 3.70736 3.84099 
1.98844 2.83488 3.03281 3.62229 3.70736 3.84099 
1.98844 2.83488 3.03281 3.62229 3.70736 3.84099 
1.98844 2.83488 3.03281 3.62229 3.70736 3.84099 
1.98844 2.83488 3.03281 3.62229 3.70736 3.84099 
1.98844 2.83488 3.03281 3.62229 3.70736 3.84099 
1.98844 2.83488 3.03281 3.62229 3.70736 3.84099 
1.98844 2.83488 3.03281 3.62229 3.70736 3.84099 
1.98844 2.83488 3.03281 3.62229 3.70736 3.84099 
1.98844 2.83488 3.03281 3.62229 3.70736 3.84099 
1.98844 2.83488 3.03281 3.62229 3.70736 3.84099 
1.98844 2.83488 3.03281 3.62229 3.70736 3.84099 
1.98844 2.83488 3.03281 3.62229 3.70736 3.84099 
1.98844 2.83488 3.03281 3.62229 3.70736 3.84099 
1.98844 2.83488 3.03281 3.62229 3.70736 3.84099 
1.98844 2.83488 3.03281 3.62229 3.70736 3.84099 
1.98844 2.83488 3.03281 3.62229 3.70736 3.84099 
1.98844 2.83488 3.03281 3.62229 3.70736 3.84099 
1.98844 2.83488 3.03281 3.62229 3.70736 3.84099 
1.98844 2.83488 3.03281 3.62229 3.70736 3.84099 
1.98844 2.83488 3.03281 3.62229 3.70736 3.84099 
