4.61976 6.26465 6.83222 10.2209 10.8975 11.0359 
3.45491 4.37765 4.61976 6.26465 6.83222 8.1241 
3.45491 4.07155 4.37765 4.61976 6.26465 6.83222 
3.45491 3.56524 3.61965 4.07155 4.37765 4.61976 
3.45491 3.56524 3.61965 4.07155 4.37765 4.61976 
3.45491 3.56524 3.59302 3.61965 4.07155 4.37765 
3.45491 3.56524 3.59302 3.61965 4.07155 4.37765 
3.45491 3.56524 3.59302 3.61965 4.07155 4.37765 
3.45491 3.56524 3.59302 3.61965 4.07155 4.37765 
3.4102 3.45491 3.56524 3.59302 3.61965 4.07155 
3.4102 3.45491 3.56524 3.59302 3.61965 4.07155 
3.4102 3.45491 3.56524 3.59302 3.61965 4.07155 
3.4102 3.45491 3.56524 3.59302 3.61965 4.07155 
3.35335 3.4102 3.45491 3.56524 3.59302 3.61965 
3.35335 3.4102 3.45491 3.56524 3.59302 3.61965 
3.35335 3.4102 3.45491 3.56524 3.59302 3.61965 
2.67857 3.35335 3.4102 3.45491 3.56524 3.59302 
2.67857 3.35335 3.4102 3.45491 3.56524 3.59302 
1.72926 2.67857 3.35335 3.4102 3.45491 3.56524 
1.72926 2.67857 3.35335 3.4102 3.45491 3.56524 
1.72926 2.67857 3.30808 3.35335 3.4102 3.45491 
1.72926 2.67857 3.30808 3.35335 3.4102 3.45491 
1.72926 2.67857 3.30808 3.35335 3.4102 3.45491 
1.72926 2.67857 2.87445 3.30808 3.35335 3.4102 
1.72926 2.6216 2.67857 2.87445 3.30808 3.35335 
1.72926 2.6216 2.67857 2.87445 3.30808 3.35335 
1.72926 2.6216 2.67857 2.87445 3.30808 3.35335 
1.72926 2.6216 2.67857 2.87445 3.30808 3.35335 
1.72926 2.6216 2.67857 2.87445 3.30808 3.35335 
1.72926 2.6216 2.67857 2.87445 3.30808 3.35335 
1.72926 2.6216 2.67857 2.87445 3.30808 3.35335 
1.72926 2.6216 2.67857 2.87445 3.30808 3.35335 
1.72926 2.6216 2.67857 2.87445 3.30808 3.35335 
1.72926 2.6216 2.67857 2.87445 3.30808 3.35335 
1.72926 2.6216 2.67857 2.87445 3.30808 3.35335 
1.72926 2.6216 2.67857 2.87445 3.30808 3.35335 
1.72926 2.6216 2.67857 2.87445 3.30808 3.35335 
1.72926 2.6216 2.67857 2.87445 3.30808 3.35335 
1.72926 2.6216 2.67857 2.87445 3.30808 3.35335 
1.72926 2.6216 2.67857 2.87445 3.30808 3.35335 
1.72926 2.6216 2.67857 2.87445 3.30808 3.35335 
1.72926 2.6216 2.67857 2.87445 3.30808 3.35335 
1.72926 2.6216 2.67857 2.87445 3.30808 3.35335 
1.72926 2.6216 2.67857 2.87445 3.30808 3.35335 
1.72926 2.6216 2.67857 2.87445 3.30808 3.35335 
1.72926 2.6216 2.67857 2.87445 3.30808 3.35335 
1.72926 2.6216 2.67857 2.87445 3.30808 3.35335 
1.72926 2.6216 2.67857 2.87445 3.30808 3.35335 
1.72926 2.6216 2.67857 2.87445 3.30808 3.35335 
1.72926 2.6216 2.67857 2.87445 3.30808 3.35335 
0.443765 1.72926 2.6216 2.67857 2.87445 3.30808 
0.443765 1.72926 2.6216 2.67857 2.87445 3.30808 
0.443765 1.72926 2.6216 2.67857 2.87445 3.30808 
0.443765 1.72926 2.6216 2.67857 2.87445 3.30808 
0.443765 1.72926 2.6216 2.67857 2.87445 3.30808 
0.443765 1.72926 2.6216 2.67857 2.87445 3.30808 
0.443765 1.72926 2.6216 2.67857 2.87445 3.30808 
0.443765 1.72926 2.6216 2.67857 2.87445 3.30808 
0.443765 1.72926 2.6216 2.67857 2.87445 3.30808 
0.443765 1.72926 2.6216 2.67857 2.87445 3.30808 
0.443765 1.72926 2.6216 2.67857 2.87445 3.30808 
0.443765 1.72926 2.6216 2.67857 2.87445 3.30808 
0.443765 1.72926 2.6216 2.67857 2.87445 3.30808 
0.443765 1.72926 2.6216 2.67857 2.87445 3.30808 
0.443765 1.72926 2.6216 2.67857 2.87445 3.30808 
0.443765 1.72926 2.6216 2.67857 2.87445 3.30808 
0.443765 1.72926 2.6216 2.67857 2.87445 3.30808 
0.443765 1.72926 2.6216 2.67857 2.87445 3.30808 
0.443765 1.72926 2.6216 2.67857 2.87445 3.30808 
0.443765 1.72926 2.6216 2.67857 2.87445 3.30808 
0.443765 1.72926 2.6216 2.67857 2.87445 3.30808 
0.443765 1.72926 2.6216 2.67857 2.87445 3.30808 
0.443765 1.72926 2.6216 2.67857 2.87445 3.30808 
0.443765 1.72926 2.6216 2.67857 2.87445 3.30808 
0.443765 1.72926 2.6216 2.67857 2.87445 3.30808 
0.443765 1.72926 2.6216 2.67857 2.87445 3.30808 
0.443765 1.72926 2.6216 2.67857 2.87445 3.30808 
0.443765 1.72926 2.6216 2.67857 2.87445 3.30808 
0.443765 1.72926 2.6216 2.67857 2.87445 3.30808 
0.443765 1.72926 2.6216 2.67857 2.87445 3.30808 
0.443765 1.72926 2.6216 2.67857 2.87445 3.30808 
0.443765 1.72926 2.6216 2.67857 2.87445 3.30808 
0.443765 1.72926 2.6216 2.67857 2.87445 3.30808 
0.443765 1.72926 2.6216 2.67857 2.87445 3.30808 
0.443765 1.72926 2.6216 2.67857 2.87445 3.30808 
0.443765 1.72926 2.6216 2.67857 2.87445 3.30808 
0.443765 1.72926 2.6216 2.67857 2.87445 3.30808 
0.443765 1.72926 2.6216 2.67857 2.87445 3.30808 
0.443765 1.72926 2.6216 2.67857 2.87445 3.30808 
0.443765 1.72926 2.6216 2.67857 2.87445 3.30808 
0.443765 1.72926 2.6216 2.67857 2.87445 3.30808 
0.443765 1.72926 2.6216 2.67857 2.87445 3.30808 
0.443765 1.72926 2.6216 2.67857 2.87445 3.30808 
0.443765 1.72926 2.6216 2.67857 2.87445 3.30808 
0.443765 1.72926 2.6216 2.67857 2.87445 3.30808 
0.443765 1.72926 2.6216 2.67857 2.87445 3.30808 
0.443765 1.72926 2.6216 2.67857 2.87445 3.30808 
0.443765 1.72926 2.6216 2.67857 2.87445 3.30808 
0.443765 1.72926 2.6216 2.67857 2.87445 3.30808 
0.443765 1.72926 2.6216 2.67857 2.87445 3.30808 
