9.45871 9.49094 10.2858 10.5378 10.8084 11.1077 
6.33226 8.88389 9.45871 9.49094 9.69072 10.134 
4.4337 6.33226 7.22352 7.48428 8.88389 9.45871 
4.4337 6.33226 6.4479 6.81992 7.22352 7.48428 
4.4337 6.22604 6.33226 6.4479 6.60241 6.81992 
4.4337 4.53381 6.22604 6.33226 6.4479 6.60241 
4.4337 4.53381 6.22604 6.33226 6.4479 6.60241 
3.72965 4.4337 4.53381 6.22604 6.33226 6.4479 
3.3961 3.72965 4.4337 4.53381 6.22604 6.33226 
3.3961 3.72965 4.4337 4.53381 6.22604 6.33226 
3.3961 3.72965 4.4337 4.53381 6.15619 6.22604 
3.3961 3.72965 4.4337 4.53381 6.15619 6.22604 
3.3961 3.72965 4.4337 4.53381 6.15619 6.22604 
3.3961 3.72965 4.4337 4.53381 6.15619 6.22604 
3.3961 3.72965 4.4337 4.53381 6.15619 6.22604 
3.3961 3.72965 4.42838 4.4337 4.53381 6.13693 
3.3961 3.72965 4.42838 4.4337 4.53381 6.13693 
2.91269 3.3961 3.72965 4.42838 4.4337 4.53381 
2.91269 3.3961 3.72965 4.42838 4.4337 4.53381 
2.91269 3.3961 3.72965 4.42838 4.4337 4.53381 
2.91269 3.3961 3.72965 4.42838 4.4337 4.53381 
2.91269 3.3961 3.72965 4.42838 4.4337 4.53381 
2.91269 3.3961 3.72965 4.42838 4.4337 4.53381 
2.91269 3.3961 3.72965 3.98486 4.42838 4.4337 
2.91269 3.3961 3.72965 3.98486 4.42838 4.4337 
2.91269 3.10162 3.3961 3.72965 3.80633 3.98486 
2.86665 2.91269 3.10162 3.3961 3.72965 3.80633 
2.86665 2.91269 3.10162 3.3961 3.72965 3.80633 
2.86665 2.91269 3.10162 3.3961 3.72965 3.80633 
2.86665 2.91269 3.10162 3.3961 3.72965 3.80633 
2.86665 2.91269 3.10162 3.10575 3.3961 3.72965 
2.86665 2.91269 3.10162 3.10575 3.3961 3.72965 
2.86665 2.91269 3.10162 3.10575 3.3961 3.72965 
2.86665 2.91269 3.10162 3.10575 3.3961 3.72965 
2.86665 2.91269 3.10162 3.10575 3.3961 3.72965 
2.86665 2.91269 2.94786 3.10162 3.10575 3.3961 
2.86665 2.91269 2.94786 3.10162 3.10575 3.3961 
2.86665 2.91269 2.94786 3.10162 3.10575 3.3961 
2.25042 2.86665 2.91269 2.94786 3.10162 3.10575 
1.51227 2.25042 2.86665 2.91269 2.94786 3.10162 
1.51227 2.25042 2.86665 2.91269 2.94786 3.10162 
1.51227 2.25042 2.86665 2.91269 2.94786 3.10162 
1.51227 2.25042 2.86665 2.91269 2.94786 3.10162 
1.51227 2.25042 2.86665 2.91269 2.94786 2.95656 
1.51227 2.13365 2.25042 2.86665 2.91269 2.94786 
1.51227 2.13365 2.25042 2.86665 2.91269 2.94786 
1.51227 2.13365 2.25042 2.86665 2.91269 2.94786 
1.51227 2.13365 2.25042 2.86665 2.91269 2.94786 
1.51227 2.13365 2.25042 2.86665 2.91269 2.94786 
1.51227 2.13365 2.25042 2.86665 2.91269 2.94786 
1.51227 2.13365 2.25042 2.86665 2.91269 2.94786 
1.51227 2.13365 2.25042 2.86665 2.91269 2.94786 
1.51227 2.13365 2.25042 2.86665 2.91269 2.94786 
1.51227 2.13365 2.25042 2.86665 2.91269 2.94786 
1.51227 2.13365 2.25042 2.86665 2.91269 2.94786 
1.51227 2.13365 2.25042 2.86665 2.91269 2.94786 
1.51227 2.13365 2.25042 2.86665 2.91269 2.94786 
1.51227 2.13365 2.25042 2.86665 2.91269 2.94786 
1.51227 2.13365 2.25042 2.86665 2.91269 2.94786 
1.51227 2.13365 2.25042 2.86665 2.91269 2.94786 
1.51227 2.13365 2.25042 2.86665 2.91269 2.94786 
1.51227 2.13365 2.25042 2.86665 2.91269 2.94786 
1.51227 2.13365 2.25042 2.86665 2.91269 2.94786 
1.51227 2.13365 2.25042 2.86665 2.91269 2.94786 
1.51227 2.13365 2.25042 2.86665 2.91269 2.94786 
1.51227 2.13365 2.25042 2.86665 2.91269 2.94786 
1.51227 2.13365 2.25042 2.86665 2.91269 2.94786 
1.51227 2.13365 2.25042 2.86665 2.91269 2.94786 
1.51227 2.13365 2.25042 2.86665 2.91269 2.94786 
1.51227 2.13365 2.25042 2.86665 2.91269 2.94786 
1.51227 2.13365 2.25042 2.86665 2.91269 2.94786 
1.51227 2.13365 2.25042 2.86665 2.91269 2.94786 
1.51227 2.13365 2.25042 2.86665 2.91269 2.94786 
1.51227 2.13365 2.25042 2.86665 2.91269 2.94786 
1.51227 2.13365 2.25042 2.86665 2.91269 2.94786 
1.51227 2.13365 2.25042 2.86665 2.91269 2.94786 
1.51227 2.13365 2.25042 2.86665 2.91269 2.94786 
1.51227 2.13365 2.25042 2.86665 2.91269 2.94786 
1.51227 2.13365 2.25042 2.86665 2.91269 2.94786 
1.51227 2.13365 2.25042 2.86665 2.91269 2.94786 
1.51227 2.13365 2.25042 2.86665 2.91269 2.94786 
1.51227 2.13365 2.25042 2.86665 2.91269 2.94786 
1.51227 2.13365 2.25042 2.86665 2.91269 2.94786 
1.51227 2.13365 2.25042 2.86665 2.91269 2.94786 
1.51227 2.13365 2.25042 2.86665 2.91269 2.94786 
1.51227 2.13365 2.25042 2.86665 2.91269 2.94786 
1.51227 2.13365 2.25042 2.86665 2.91269 2.94786 
1.51227 2.13365 2.25042 2.86665 2.91269 2.94786 
1.51227 2.13365 2.25042 2.86665 2.91269 2.94786 
1.51227 2.13365 2.25042 2.86665 2.91269 2.94786 
1.51227 2.13365 2.25042 2.86665 2.91269 2.94786 
1.51227 2.13365 2.25042 2.86665 2.91269 2.94786 
1.51227 2.13365 2.25042 2.86665 2.91269 2.94786 
1.51227 2.13365 2.25042 2.86665 2.91269 2.94786 
1.51227 2.13365 2.25042 2.86665 2.91269 2.94786 
1.51227 2.13365 2.25042 2.86665 2.91269 2.94786 
1.51227 2.13365 2.25042 2.86665 2.91269 2.94786 
1.51227 2.13365 2.25042 2.86665 2.91269 2.94786 
1.51227 2.13365 2.25042 2.86665 2.91269 2.94786 
1.51227 2.13365 2.25042 2.86665 2.91269 2.94786 
