5.3254 5.7185 7.37227 8.98326 11.1054 11.3902 
2.95154 5.3254 5.7185 7.37227 8.98326 11.1054 
2.95154 3.06939 3.70286 4.24007 5.3254 5.7185 
2.95154 3.06939 3.70286 4.12281 4.24007 5.3254 
2.95154 3.06939 3.70286 4.12281 4.24007 4.33515 
2.95154 3.06939 3.70286 4.12281 4.24007 4.33515 
2.00857 2.95154 3.06939 3.70286 4.12281 4.24007 
2.00857 2.95154 3.06939 3.70286 4.12281 4.24007 
2.00857 2.95154 3.06939 3.70286 4.12281 4.24007 
2.00857 2.95154 3.06939 3.70286 4.12281 4.24007 
2.00857 2.95154 3.06939 3.70286 4.12281 4.24007 
2.00857 2.95154 3.06939 3.48898 3.70286 4.12281 
2.00857 2.95154 3.06939 3.48898 3.70286 4.12281 
2.00857 2.95154 3.06939 3.48898 3.70286 4.12281 
2.00857 2.95154 3.06939 3.48898 3.70286 4.12281 
2.00857 2.95154 3.06939 3.18448 3.48898 3.70286 
2.00857 2.95154 3.06939 3.18448 3.48898 3.70286 
2.00857 2.95154 3.06939 3.18448 3.48898 3.70286 
2.00857 2.95154 3.06939 3.18448 3.48898 3.70286 
2.00857 2.95154 3.06939 3.18448 3.48898 3.70286 
2.00857 2.95154 2.95773 3.06939 3.18448 3.48898 
2.00857 2.95154 2.95773 3.06939 3.18448 3.48898 
2.00857 2.95154 2.95773 3.06939 3.18448 3.48898 
2.00857 2.95154 2.95773 3.06939 3.18448 3.48898 
2.00857 2.95154 2.95773 3.06939 3.18448 3.48898 
2.00857 2.95154 2.95773 3.06939 3.18448 3.48898 
2.00857 2.95154 2.95773 3.06939 3.18448 3.48898 
2.00857 2.95154 2.95773 3.06939 3.18448 3.48898 
2.00857 2.95154 2.95773 3.06939 3.18448 3.48898 
2.00857 2.95154 2.95773 3.06939 3.18448 3.48898 
2.00857 2.95154 2.95773 3.06939 3.18448 3.48898 
2.00857 2.95154 2.95773 3.06939 3.18448 3.48898 
2.00857 2.95154 2.95773 3.06939 3.18448 3.48898 
2.00857 2.95154 2.95773 3.06939 3.18448 3.48898 
2.00857 2.95154 2.95773 3.06939 3.18448 3.48898 
2.00857 2.95154 2.95773 3.06939 3.18448 3.48898 
2.00857 2.95154 2.95773 3.06939 3.18448 3.48898 
2.00857 2.95154 2.95773 3.06939 3.18448 3.48898 
2.00857 2.95154 2.95773 3.06939 3.18448 3.48898 
2.00857 2.95154 2.95773 3.06939 3.18448 3.48898 
2.00857 2.95154 2.95773 3.06939 3.18448 3.48898 
2.00857 2.95154 2.95773 3.06939 3.18448 3.48898 
2.00857 2.95154 2.95773 3.06939 3.18448 3.48898 
2.00857 2.95154 2.95773 3.06939 3.18448 3.48898 
2.00857 2.95154 2.95773 3.06939 3.18448 3.48898 
2.00857 2.95154 2.95773 3.06939 3.18448 3.48898 
2.00857 2.95154 2.95773 3.06939 3.18448 3.48898 
2.00857 2.95154 2.95773 3.06939 3.18448 3.48898 
2.00857 2.95154 2.95773 3.06939 3.18448 3.48898 
2.00857 2.95154 2.95773 3.06939 3.18448 3.48898 
2.00857 2.95154 2.95773 3.06939 3.18448 3.48898 
2.00857 2.95154 2.95773 3.06939 3.18448 3.48898 
2.00857 2.95154 2.95773 3.06939 3.18448 3.48898 
2.00857 2.95154 2.95773 3.06939 3.18448 3.48898 
2.00857 2.95154 2.95773 3.06939 3.18448 3.48898 
2.00857 2.95154 2.95773 3.06939 3.18448 3.48898 
2.00857 2.95154 2.95773 3.06939 3.18448 3.48898 
2.00857 2.95154 2.95773 3.06939 3.18448 3.48898 
2.00857 2.95154 2.95773 3.06939 3.18448 3.48898 
2.00857 2.95154 2.95773 3.06939 3.18448 3.48898 
2.00857 2.95154 2.95773 3.06939 3.18448 3.48898 
2.00857 2.95154 2.95773 3.06939 3.18448 3.48898 
2.00857 2.95154 2.95773 3.06939 3.18448 3.48898 
2.00857 2.95154 2.95773 3.06939 3.18448 3.48898 
2.00857 2.95154 2.95773 3.06939 3.18448 3.48898 
2.00857 2.95154 2.95773 3.06939 3.18448 3.48898 
2.00857 2.95154 2.95773 3.06939 3.18448 3.48898 
2.00857 2.95154 2.95773 3.06939 3.18448 3.48898 
2.00857 2.95154 2.95773 3.06939 3.18448 3.48898 
2.00857 2.95154 2.95773 3.06939 3.18448 3.48898 
2.00857 2.95154 2.95773 3.06939 3.18448 3.48898 
2.00857 2.95154 2.95773 3.06939 3.18448 3.48898 
2.00857 2.95154 2.95773 3.06939 3.18448 3.48898 
2.00857 2.95154 2.95773 3.06939 3.18448 3.48898 
2.00857 2.95154 2.95773 3.06939 3.18448 3.48898 
2.00857 2.95154 2.95773 3.06939 3.18448 3.48898 
2.00857 2.95154 2.95773 3.06939 3.18448 3.48898 
2.00857 2.95154 2.95773 3.06939 3.18448 3.48898 
2.00857 2.95154 2.95773 3.06939 3.18448 3.48898 
2.00857 2.95154 2.95773 3.06939 3.18448 3.48898 
2.00857 2.95154 2.95773 3.06939 3.18448 3.48898 
2.00857 2.95154 2.95773 3.06939 3.18448 3.48898 
2.00857 2.95154 2.95773 3.06939 3.18448 3.48898 
2.00857 2.95154 2.95773 3.06939 3.18448 3.48898 
2.00857 2.95154 2.95773 3.06939 3.18448 3.48898 
2.00857 2.95154 2.95773 3.06939 3.18448 3.48898 
2.00857 2.95154 2.95773 3.06939 3.18448 3.48898 
2.00857 2.95154 2.95773 3.06939 3.18448 3.48898 
2.00857 2.95154 2.95773 3.06939 3.18448 3.48898 
2.00857 2.95154 2.95773 3.06939 3.18448 3.48898 
2.00857 2.95154 2.95773 3.06939 3.18448 3.48898 
2.00857 2.95154 2.95773 3.06939 3.18448 3.48898 
2.00857 2.95154 2.95773 3.06939 3.18448 3.48898 
2.00857 2.95154 2.95773 3.06939 3.18448 3.48898 
2.00857 2.95154 2.95773 3.06939 3.18448 3.48898 
2.00857 2.95154 2.95773 3.06939 3.18448 3.48898 
2.00857 2.95154 2.95773 3.06939 3.18448 3.48898 
2.00857 2.95154 2.95773 3.06939 3.18448 3.48898 
2.00857 2.95154 2.95773 3.06939 3.18448 3.48898 
2.00857 2.95154 2.95773 3.06939 3.18448 3.48898 
