5.35341 5.52691 7.36817 9.55778 10.6056 10.9562 
4.15071 5.35341 5.52691 7.36817 9.55778 10.3748 
4.15071 4.15422 5.35341 5.52691 7.36817 9.32285 
3.248 4.15071 4.15422 5.35341 5.52691 7.36817 
3.248 4.15071 4.15422 5.35341 5.52691 7.36817 
3.248 4.15071 4.15422 5.35341 5.52691 7.36817 
3.248 4.15071 4.15422 5.35341 5.52691 7.36817 
2.1905 3.248 4.15071 4.15422 5.35341 5.52691 
1.7084 2.1905 3.248 4.15071 4.15422 5.35341 
1.7084 2.1905 3.248 4.15071 4.15422 5.35341 
1.7084 2.1905 3.248 4.15071 4.15422 5.35341 
1.7084 2.1905 3.248 4.15071 4.15422 5.35341 
1.7084 2.1905 2.24783 3.248 4.15071 4.15422 
0.855448 1.7084 2.1905 2.24783 3.248 4.15071 
0.855448 1.7084 2.1905 2.24783 3.248 4.15071 
0.855448 1.7084 2.1905 2.24783 3.248 4.15071 
0.855448 1.7084 1.94505 2.1905 2.24783 3.248 
0.855448 1.7084 1.94505 2.1905 2.24783 3.248 
0.613224 0.855448 1.7084 1.94505 2.1905 2.24783 
0.613224 0.855448 1.7084 1.94505 2.1905 2.24783 
0.613224 0.855448 1.7084 1.94505 2.1905 2.24783 
0.613224 0.855448 1.7084 1.94505 2.1905 2.24783 
0.613224 0.855448 1.7084 1.94505 2.1905 2.24783 
0.613224 0.855448 1.7084 1.94505 2.1905 2.24783 
0.613224 0.855448 1.7084 1.94505 2.1905 2.24783 
0.393321 0.613224 0.855448 1.7084 1.94505 2.1905 
0.393321 0.613224 0.855448 1.7084 1.94505 2.1905 
0.393321 0.613224 0.855448 1.7084 1.94505 2.1905 
0.393321 0.613224 0.855448 1.7084 1.94505 2.1905 
0.393321 0.613224 0.855448 1.7084 1.94505 2.1905 
0.393321 0.613224 0.855448 1.7084 1.94505 2.1905 
0.393321 0.613224 0.855448 1.7084 1.94505 2.1905 
0.393321 0.613224 0.855448 1.7084 1.94505 2.1905 
0.393321 0.613224 0.855448 1.7084 1.94505 2.1905 
0.393321 0.613224 0.855448 1.7084 1.94505 2.1905 
0.393321 0.613224 0.855448 1.7084 1.94505 2.1905 
0.393321 0.613224 0.855448 1.7084 1.94505 2.1905 
0.393321 0.613224 0.855448 1.7084 1.94505 2.1905 
0.393321 0.613224 0.855448 1.7084 1.94505 2.1905 
0.393321 0.613224 0.855448 1.7084 1.94505 2.1905 
0.393321 0.613224 0.855448 1.7084 1.94505 2.1905 
0.323778 0.393321 0.613224 0.855448 1.7084 1.94505 
0.323778 0.393321 0.613224 0.855448 1.7084 1.94505 
0.323778 0.393321 0.613224 0.855448 1.7084 1.94505 
0.323778 0.393321 0.613224 0.855448 1.7084 1.94505 
0.323778 0.393321 0.613224 0.855448 1.7084 1.94505 
0.323778 0.393321 0.613224 0.855448 1.7084 1.94505 
0.323778 0.393321 0.613224 0.855448 1.7084 1.94505 
0.323778 0.393321 0.613224 0.855448 1.7084 1.94505 
0.323778 0.393321 0.613224 0.855448 1.7084 1.94505 
0.323778 0.393321 0.613224 0.855448 1.7084 1.94505 
0.323778 0.393321 0.613224 0.855448 1.7084 1.94505 
0.323778 0.393321 0.613224 0.855448 1.7084 1.94505 
0.323778 0.393321 0.613224 0.855448 1.7084 1.94505 
0.323778 0.393321 0.613224 0.855448 1.7084 1.94505 
0.323778 0.393321 0.613224 0.855448 1.7084 1.94505 
0.323778 0.393321 0.613224 0.855448 1.7084 1.94505 
0.323778 0.393321 0.613224 0.855448 1.7084 1.94505 
0.323778 0.393321 0.613224 0.855448 1.7084 1.94505 
0.323778 0.393321 0.613224 0.855448 1.7084 1.94505 
0.323778 0.393321 0.613224 0.855448 1.7084 1.94505 
0.323778 0.393321 0.613224 0.855448 1.7084 1.94505 
0.323778 0.393321 0.613224 0.855448 1.7084 1.94505 
0.323778 0.393321 0.613224 0.855448 1.7084 1.94505 
0.323778 0.393321 0.613224 0.855448 1.7084 1.94505 
0.323778 0.393321 0.613224 0.855448 1.7084 1.94505 
0.323778 0.393321 0.613224 0.855448 1.7084 1.94505 
0.323778 0.393321 0.613224 0.855448 1.7084 1.94505 
0.323778 0.393321 0.613224 0.855448 1.7084 1.94505 
0.323778 0.393321 0.613224 0.855448 1.7084 1.94505 
0.323778 0.393321 0.613224 0.855448 1.7084 1.94505 
0.323778 0.393321 0.613224 0.855448 1.7084 1.94505 
0.323778 0.393321 0.613224 0.855448 1.7084 1.94505 
0.323778 0.393321 0.613224 0.855448 1.7084 1.94505 
0.323778 0.393321 0.613224 0.855448 1.7084 1.94505 
0.323778 0.393321 0.613224 0.855448 1.7084 1.94505 
0.323778 0.393321 0.613224 0.855448 1.7084 1.94505 
0.323778 0.393321 0.613224 0.855448 1.7084 1.94505 
0.323778 0.393321 0.613224 0.855448 1.7084 1.94505 
0.323778 0.393321 0.613224 0.855448 1.7084 1.94505 
0.323778 0.393321 0.613224 0.855448 1.7084 1.94505 
0.323778 0.393321 0.613224 0.855448 1.7084 1.94505 
0.323778 0.393321 0.613224 0.855448 1.7084 1.94505 
0.323778 0.393321 0.613224 0.855448 1.7084 1.94505 
0.323778 0.393321 0.613224 0.855448 1.7084 1.94505 
0.323778 0.393321 0.613224 0.855448 1.7084 1.94505 
0.323778 0.393321 0.613224 0.855448 1.7084 1.94505 
0.323778 0.393321 0.613224 0.855448 1.7084 1.94505 
0.323778 0.393321 0.613224 0.855448 1.7084 1.94505 
0.323778 0.393321 0.613224 0.855448 1.7084 1.94505 
0.323778 0.393321 0.613224 0.855448 1.7084 1.94505 
0.323778 0.393321 0.613224 0.855448 1.7084 1.94505 
0.323778 0.393321 0.613224 0.855448 1.7084 1.94505 
0.323778 0.393321 0.613224 0.855448 1.7084 1.94505 
0.323778 0.393321 0.613224 0.855448 1.7084 1.94505 
0.323778 0.393321 0.613224 0.855448 1.7084 1.94505 
0.323778 0.393321 0.613224 0.855448 1.7084 1.94505 
0.323778 0.393321 0.613224 0.855448 1.7084 1.94505 
0.323778 0.393321 0.613224 0.855448 1.7084 1.94505 
0.323778 0.393321 0.613224 0.855448 1.7084 1.94505 
