3.10703 3.24802 4.6152 9.61815 10.395 11.9265 
3.10703 3.24802 4.13332 4.6152 6.95773 9.0619 
3.10703 3.24802 4.13332 4.6152 6.95773 9.0619 
3.10703 3.24802 3.75869 4.13332 4.6152 6.95773 
3.10703 3.24802 3.42254 3.75869 4.13332 4.6152 
3.10703 3.24802 3.27934 3.42254 3.75869 4.13332 
3.0374 3.10703 3.24802 3.27934 3.42254 3.75869 
2.92468 3.0374 3.10703 3.24802 3.27934 3.42254 
2.92468 3.0374 3.10703 3.24802 3.27934 3.42254 
2.92468 3.0374 3.10703 3.24802 3.27934 3.42254 
2.92468 3.0374 3.10703 3.24802 3.27934 3.42254 
2.92468 3.0374 3.10703 3.24802 3.27934 3.42254 
2.92468 3.0374 3.10703 3.24802 3.27934 3.42254 
2.92468 3.0374 3.10703 3.24802 3.27934 3.42254 
2.92468 3.0374 3.10703 3.24802 3.27934 3.42254 
2.92468 3.0374 3.10703 3.24802 3.27934 3.42254 
2.92468 3.0374 3.10703 3.24802 3.27934 3.42254 
2.92468 3.0374 3.10703 3.24802 3.27934 3.42254 
2.92468 3.0374 3.10703 3.24802 3.27934 3.42254 
2.92468 3.0374 3.10703 3.24802 3.27934 3.42254 
2.92468 3.0374 3.10703 3.24802 3.27934 3.42254 
2.92468 3.0374 3.05249 3.10703 3.24802 3.27934 
2.92468 3.0374 3.05249 3.10703 3.24802 3.27934 
2.92468 3.0374 3.05249 3.10703 3.24802 3.27934 
2.92468 3.0374 3.05249 3.10703 3.24802 3.27934 
2.92468 3.0374 3.05249 3.10703 3.24802 3.27934 
2.92468 3.0374 3.05249 3.10703 3.24802 3.27934 
2.92468 3.0374 3.05249 3.10703 3.24802 3.27934 
2.92468 3.0374 3.05249 3.10703 3.24802 3.27934 
2.92468 3.0374 3.05249 3.10703 3.24802 3.27934 
2.92468 3.0374 3.05249 3.10703 3.24802 3.27934 
2.92468 3.0374 3.05249 3.10703 3.24802 3.27934 
2.92468 3.0374 3.05249 3.10703 3.24802 3.27934 
2.92468 3.0374 3.05249 3.10703 3.24802 3.27934 
2.92468 3.0374 3.05249 3.10703 3.24802 3.27934 
2.92468 3.0374 3.05249 3.10703 3.24802 3.27934 
2.92468 3.0374 3.05249 3.10703 3.24802 3.27934 
2.92468 3.0374 3.05249 3.10703 3.24802 3.27934 
2.92468 3.0374 3.05249 3.10703 3.24802 3.27934 
2.92468 3.0374 3.05249 3.10703 3.24802 3.27934 
2.92468 3.0374 3.05249 3.10703 3.24802 3.27934 
2.92468 3.0374 3.05249 3.10703 3.24802 3.27934 
2.92468 3.0374 3.05249 3.10703 3.24802 3.27934 
2.92468 3.0374 3.05249 3.10703 3.24802 3.27934 
2.92468 3.0374 3.05249 3.10703 3.24802 3.27934 
2.92468 3.0374 3.05249 3.10703 3.24802 3.27934 
2.92468 3.0374 3.05249 3.10703 3.24802 3.27934 
2.92468 3.0374 3.05249 3.10703 3.24802 3.27934 
2.92468 3.0374 3.05249 3.10703 3.24802 3.27934 
2.92468 3.0374 3.05249 3.10703 3.24802 3.27934 
2.92468 3.0374 3.05249 3.10703 3.24802 3.27934 
2.92468 3.0374 3.05249 3.10703 3.24802 3.27934 
2.92468 3.0374 3.05249 3.10703 3.24802 3.27934 
2.92468 3.0374 3.05249 3.10703 3.24802 3.27934 
2.92468 3.0374 3.05249 3.10703 3.24802 3.27934 
2.92468 3.0374 3.05249 3.10703 3.24802 3.27934 
2.92468 3.0374 3.05249 3.10703 3.24802 3.27934 
2.92468 3.0374 3.05249 3.10703 3.24802 3.27934 
2.92468 3.0374 3.05249 3.10703 3.24802 3.27934 
2.92468 3.0374 3.05249 3.10703 3.24802 3.27934 
2.92468 3.0374 3.05249 3.10703 3.24802 3.27934 
2.92468 3.0374 3.05249 3.10703 3.24802 3.27934 
2.92468 3.0374 3.05249 3.10703 3.24802 3.27934 
2.92468 3.0374 3.05249 3.10703 3.24802 3.27934 
2.92468 3.0374 3.05249 3.10703 3.24802 3.27934 
2.92468 3.0374 3.05249 3.10703 3.24802 3.27934 
2.92468 3.0374 3.05249 3.10703 3.24802 3.27934 
2.92468 3.0374 3.05249 3.10703 3.24802 3.27934 
2.92468 3.0374 3.05249 3.10703 3.24802 3.27934 
2.92468 3.0374 3.05249 3.10703 3.24802 3.27934 
2.92468 3.0374 3.05249 3.10703 3.24802 3.27934 
2.92468 3.0374 3.05249 3.10703 3.24802 3.27934 
2.92468 3.0374 3.05249 3.10703 3.24802 3.27934 
2.92468 3.0374 3.05249 3.10703 3.24802 3.27934 
2.92468 3.0374 3.05249 3.10703 3.24802 3.27934 
2.92468 3.0374 3.05249 3.10703 3.24802 3.27934 
2.92468 3.0374 3.05249 3.10703 3.24802 3.27934 
2.92468 3.0374 3.05249 3.10703 3.24802 3.27934 
2.92468 3.0374 3.05249 3.10703 3.24802 3.27934 
2.92468 3.0374 3.05249 3.10703 3.24802 3.27934 
2.92468 3.0374 3.05249 3.10703 3.24802 3.27934 
2.92468 3.0374 3.05249 3.10703 3.24802 3.27934 
2.92468 3.0374 3.05249 3.10703 3.24802 3.27934 
2.92468 3.0374 3.05249 3.10703 3.24802 3.27934 
2.92468 3.0374 3.05249 3.10703 3.24802 3.27934 
2.92468 3.0374 3.05249 3.10703 3.24802 3.27934 
2.92468 3.0374 3.05249 3.10703 3.24802 3.27934 
2.92468 3.0374 3.05249 3.10703 3.24802 3.27934 
2.92468 3.0374 3.05249 3.10703 3.24802 3.27934 
2.92468 3.0374 3.05249 3.10703 3.24802 3.27934 
2.92468 3.0374 3.05249 3.10703 3.24802 3.27934 
2.92468 3.0374 3.05249 3.10703 3.24802 3.27934 
2.92468 3.0374 3.05249 3.10703 3.24802 3.27934 
2.92468 3.0374 3.05249 3.10703 3.24802 3.27934 
2.92468 3.0374 3.05249 3.10703 3.24802 3.27934 
2.92468 3.0374 3.05249 3.10703 3.24802 3.27934 
2.92468 3.0374 3.05249 3.10703 3.24802 3.27934 
2.92468 3.0374 3.05249 3.10703 3.24802 3.27934 
2.92468 3.0374 3.05249 3.10703 3.24802 3.27934 
2.92468 3.0374 3.05249 3.10703 3.24802 3.27934 
