4.75476 6.36156 6.46755 12.2238 12.3593 12.3958 
4.75476 5.34108 6.36156 6.46755 9.15758 9.17768 
4.25487 4.67277 4.75476 5.34108 5.42524 6.36156 
3.35116 4.25487 4.67277 4.75476 5.34108 5.42524 
3.35116 3.63025 4.25487 4.67277 4.75476 5.34108 
3.35116 3.63025 4.25487 4.67277 4.75476 5.34108 
3.35116 3.63025 3.6595 4.25487 4.67277 4.75476 
3.35116 3.63025 3.6595 4.25487 4.67277 4.75476 
2.72991 3.35116 3.63025 3.6595 4.25487 4.67277 
2.72991 3.35116 3.63025 3.6595 4.25487 4.67277 
2.0946 2.72991 3.35116 3.63025 3.6595 4.25487 
2.0946 2.72991 3.35116 3.63025 3.6595 4.25487 
2.0946 2.72991 3.35116 3.63025 3.6595 4.25487 
2.0946 2.72991 3.35116 3.63025 3.6595 4.25487 
2.0946 2.72991 3.07616 3.35116 3.63025 3.6595 
2.0946 2.72991 3.07616 3.35116 3.63025 3.6595 
2.0946 2.72991 3.07616 3.35116 3.63025 3.6595 
2.0946 2.72991 3.07616 3.35116 3.63025 3.6595 
2.0946 2.72991 3.07616 3.35116 3.63025 3.6595 
2.0946 2.72991 3.07616 3.35116 3.63025 3.6595 
2.0946 2.72991 3.07616 3.35116 3.63025 3.6595 
2.0946 2.72991 3.07616 3.35116 3.63025 3.6595 
2.0946 2.72991 3.07616 3.35116 3.63025 3.6595 
2.0946 2.72991 3.07616 3.35116 3.63025 3.6595 
2.0946 2.72991 3.07616 3.35116 3.63025 3.6595 
2.0946 2.72991 3.07616 3.35116 3.63025 3.6595 
2.0946 2.72991 3.07616 3.35116 3.63025 3.6595 
2.0946 2.72991 3.07616 3.35116 3.63025 3.6595 
2.0946 2.72991 3.07616 3.35116 3.63025 3.6595 
2.0946 2.72991 2.93761 3.07616 3.35116 3.63025 
2.0946 2.72991 2.93761 3.07616 3.35116 3.63025 
2.0946 2.72991 2.93761 3.07616 3.35116 3.63025 
2.0946 2.72991 2.93761 3.07616 3.35116 3.63025 
2.0946 2.72991 2.93761 3.07616 3.35116 3.63025 
2.0946 2.72991 2.93761 3.07616 3.35116 3.63025 
2.0946 2.72991 2.93761 3.07616 3.35116 3.63025 
2.0946 2.72991 2.93761 3.07616 3.35116 3.63025 
2.0946 2.72991 2.93761 3.07616 3.35116 3.63025 
2.0946 2.72991 2.93761 3.07616 3.35116 3.63025 
1.50257 2.0946 2.72991 2.93761 3.07616 3.35116 
1.50257 2.0946 2.72991 2.93761 3.07616 3.35116 
1.50257 2.0946 2.72991 2.93761 3.07616 3.35116 
1.50257 2.0946 2.72991 2.93761 3.07616 3.35116 
1.50257 2.0946 2.72991 2.93761 3.07616 3.35116 
1.50257 2.0946 2.72991 2.93761 3.07616 3.35116 
1.50257 2.0946 2.72991 2.93761 3.07616 3.35116 
1.50257 2.0946 2.72991 2.93761 3.07616 3.35116 
1.50257 2.0946 2.72991 2.93761 3.07616 3.35116 
1.50257 2.0946 2.72991 2.93761 3.07616 3.35116 
1.50257 2.0946 2.72991 2.93761 3.07616 3.35116 
1.50257 2.0946 2.72991 2.93761 3.07616 3.35116 
1.50257 2.0946 2.72991 2.93761 3.07616 3.35116 
1.50257 2.0946 2.72991 2.93761 3.07616 3.35116 
1.50257 2.0946 2.72991 2.93761 3.07616 3.35116 
1.50257 2.0946 2.72991 2.93761 3.07616 3.35116 
1.50257 2.0946 2.72991 2.93761 3.07616 3.35116 
1.50257 2.0946 2.72991 2.93761 3.07616 3.35116 
1.50257 2.0946 2.64887 2.72991 2.93761 3.07616 
1.50257 2.0946 2.64887 2.72991 2.93761 3.07616 
1.50257 2.0946 2.64887 2.72991 2.93761 3.07616 
1.50257 2.0946 2.64887 2.72991 2.93761 3.07616 
1.50257 2.0946 2.64887 2.72991 2.93761 3.07616 
1.50257 2.0946 2.64887 2.72991 2.93761 3.07616 
1.50257 2.0946 2.64887 2.72991 2.93761 3.07616 
1.50257 2.0946 2.64887 2.72991 2.93761 3.07616 
1.50257 2.0946 2.64887 2.72991 2.93761 3.07616 
1.50257 2.0946 2.64887 2.72991 2.93761 3.07616 
1.50257 2.0946 2.64887 2.72991 2.93761 3.07616 
1.50257 2.0946 2.64887 2.72991 2.93761 3.07616 
1.50257 2.0946 2.64887 2.72991 2.93761 3.07616 
1.50257 2.0946 2.64887 2.72991 2.93761 3.07616 
1.50257 2.0946 2.64887 2.72991 2.93761 3.07616 
1.50257 2.0946 2.64887 2.72991 2.93761 3.07616 
1.50257 2.0946 2.64887 2.72991 2.93761 3.07616 
1.50257 2.0946 2.64887 2.72991 2.93761 3.07616 
1.50257 2.0946 2.64887 2.72991 2.93761 3.07616 
1.50257 2.0946 2.64887 2.72991 2.93761 3.07616 
1.50257 2.0946 2.64887 2.72991 2.93761 3.07616 
1.50257 2.0946 2.64887 2.72991 2.93761 3.07616 
1.50257 2.0946 2.64887 2.72991 2.93761 3.07616 
1.50257 2.0946 2.64887 2.72991 2.93761 3.07616 
1.50257 2.0946 2.64887 2.72991 2.93761 3.07616 
1.50257 2.0946 2.64887 2.72991 2.93761 3.07616 
1.50257 2.0946 2.64887 2.72991 2.93761 3.07616 
1.50257 2.0946 2.64887 2.72991 2.93761 3.07616 
1.50257 2.0946 2.64887 2.72991 2.93761 3.07616 
1.50257 2.0946 2.64887 2.72991 2.93761 3.07616 
1.50257 2.0946 2.64887 2.72991 2.93761 3.07616 
1.50257 2.0946 2.64887 2.72991 2.93761 3.07616 
1.50257 2.0946 2.64887 2.72991 2.93761 3.07616 
1.50257 2.0946 2.64887 2.72991 2.93761 3.07616 
1.50257 2.0946 2.64887 2.72991 2.93761 3.07616 
1.50257 2.0946 2.64887 2.72991 2.93761 3.07616 
1.50257 2.0946 2.64887 2.72991 2.93761 3.07616 
1.50257 2.0946 2.64887 2.72991 2.93761 3.07616 
1.50257 2.0946 2.64887 2.72991 2.93761 3.07616 
1.50257 2.0946 2.64887 2.72991 2.93761 3.07616 
1.50257 2.0946 2.64887 2.72991 2.93761 3.07616 
1.50257 2.0946 2.64887 2.72991 2.93761 3.07616 
1.50257 2.0946 2.64887 2.72991 2.93761 3.07616 
