4.20574 5.12253 6.41894 7.55645 10.1862 10.6301 
2.98244 3.91678 4.20574 5.12253 6.41894 7.55645 
2.98244 3.37397 3.91678 4.20574 5.12253 6.41894 
2.98244 3.37397 3.68962 3.91678 4.20574 5.12253 
2.98244 3.37397 3.68962 3.696 3.91678 4.20574 
2.98244 3.37397 3.68962 3.696 3.91678 4.20574 
2.98244 3.37397 3.68962 3.696 3.91678 4.20574 
2.98244 3.37397 3.68962 3.696 3.91678 4.20574 
2.98244 3.37397 3.68962 3.696 3.91678 4.20574 
2.98244 3.37397 3.68962 3.696 3.91678 4.20574 
2.75226 2.98244 3.37397 3.68962 3.696 3.91678 
2.75226 2.98244 3.37397 3.68962 3.696 3.91678 
2.75226 2.98244 3.22965 3.37397 3.68962 3.696 
2.75226 2.98244 3.22965 3.37397 3.68962 3.696 
2.75226 2.98244 3.22965 3.37397 3.68962 3.696 
2.75226 2.98244 3.22965 3.37397 3.68962 3.696 
2.75226 2.98244 3.22965 3.37397 3.68962 3.696 
2.75226 2.98244 3.22965 3.37397 3.68962 3.696 
2.75226 2.98244 3.22965 3.37397 3.68962 3.696 
2.75226 2.98244 3.22965 3.37397 3.68962 3.696 
2.75226 2.98244 3.22965 3.37397 3.68962 3.696 
2.75226 2.96051 2.98244 3.22965 3.37397 3.68962 
2.75226 2.96051 2.98244 3.22965 3.37397 3.68962 
2.75226 2.96051 2.98244 3.22965 3.37397 3.68962 
1.12476 1.8714 2.75226 2.96051 2.98244 3.22965 
1.12476 1.8714 2.75226 2.96051 2.98244 3.22965 
1.12476 1.8714 2.75226 2.96051 2.98244 3.22965 
1.12476 1.86955 1.8714 2.75226 2.96051 2.98244 
1.12476 1.86955 1.8714 2.75226 2.96051 2.98244 
1.12476 1.86955 1.8714 2.75226 2.96051 2.98244 
1.12476 1.86955 1.8714 2.75226 2.96051 2.98244 
1.12476 1.86955 1.8714 2.75226 2.96051 2.98244 
1.12476 1.86955 1.8714 2.75226 2.96051 2.98244 
1.12476 1.86955 1.8714 2.75226 2.96051 2.98244 
1.12476 1.86955 1.8714 2.75226 2.96051 2.98244 
1.12476 1.86955 1.8714 2.75226 2.96051 2.98244 
1.12476 1.86955 1.8714 2.75226 2.96051 2.98244 
1.12476 1.86955 1.8714 2.75226 2.96051 2.98244 
1.12476 1.86955 1.8714 2.75226 2.96051 2.98244 
1.12476 1.86955 1.8714 2.75226 2.96051 2.98244 
1.12476 1.86955 1.8714 2.75226 2.96051 2.98244 
1.12476 1.86955 1.8714 2.75226 2.96051 2.98244 
1.12476 1.86955 1.8714 2.75226 2.96051 2.98244 
1.12476 1.86955 1.8714 2.75226 2.96051 2.98244 
1.12476 1.86955 1.8714 2.75226 2.96051 2.98244 
1.12476 1.86955 1.8714 2.75226 2.96051 2.98244 
1.12476 1.86955 1.8714 2.75226 2.96051 2.98244 
1.12476 1.86955 1.8714 2.75226 2.96051 2.98244 
1.12476 1.86955 1.8714 2.75226 2.96051 2.98244 
1.12476 1.86955 1.8714 2.75226 2.96051 2.98244 
1.12476 1.86955 1.8714 2.75226 2.96051 2.98244 
1.12476 1.25288 1.86955 1.8714 2.75226 2.96051 
1.12476 1.25288 1.86955 1.8714 2.75226 2.96051 
1.12476 1.25288 1.86955 1.8714 2.75226 2.96051 
1.12476 1.25288 1.86955 1.8714 2.75226 2.96051 
1.12476 1.25288 1.86955 1.8714 2.75226 2.96051 
1.12476 1.25288 1.86955 1.8714 2.75226 2.96051 
1.12476 1.25288 1.86955 1.8714 2.75226 2.96051 
1.12476 1.25288 1.86955 1.8714 2.75226 2.96051 
1.12476 1.25288 1.86955 1.8714 2.75226 2.96051 
1.12476 1.25288 1.86955 1.8714 2.75226 2.96051 
1.12476 1.25288 1.86955 1.8714 2.75226 2.96051 
1.12476 1.25288 1.86955 1.8714 2.75226 2.96051 
1.12476 1.25288 1.86955 1.8714 2.75226 2.96051 
1.12476 1.25288 1.86955 1.8714 2.75226 2.96051 
1.12476 1.25288 1.86955 1.8714 2.75226 2.96051 
1.12476 1.25288 1.86955 1.8714 2.75226 2.96051 
1.12476 1.25288 1.86955 1.8714 2.75226 2.96051 
1.12476 1.25288 1.86955 1.8714 2.75226 2.96051 
1.12476 1.25288 1.86955 1.8714 2.75226 2.96051 
1.12476 1.25288 1.86955 1.8714 2.75226 2.96051 
1.12476 1.25288 1.86955 1.8714 2.75226 2.96051 
1.12476 1.25288 1.86955 1.8714 2.75226 2.96051 
1.12476 1.25288 1.86955 1.8714 2.75226 2.96051 
1.12476 1.25288 1.86955 1.8714 2.75226 2.96051 
1.12476 1.25288 1.86955 1.8714 2.75226 2.96051 
1.12476 1.25288 1.86955 1.8714 2.75226 2.96051 
1.12476 1.25288 1.86955 1.8714 2.75226 2.96051 
1.12476 1.25288 1.86955 1.8714 2.75226 2.96051 
1.12476 1.25288 1.86955 1.8714 2.75226 2.96051 
1.12476 1.25288 1.86955 1.8714 2.75226 2.96051 
1.12476 1.25288 1.86955 1.8714 2.75226 2.96051 
1.12476 1.25288 1.86955 1.8714 2.75226 2.96051 
1.12476 1.25288 1.86955 1.8714 2.75226 2.96051 
1.12476 1.25288 1.86955 1.8714 2.75226 2.96051 
1.12476 1.25288 1.86955 1.8714 2.75226 2.96051 
1.12476 1.25288 1.86955 1.8714 2.75226 2.96051 
1.12476 1.25288 1.86955 1.8714 2.75226 2.96051 
1.12476 1.25288 1.86955 1.8714 2.75226 2.96051 
1.12476 1.25288 1.86955 1.8714 2.75226 2.96051 
1.12476 1.25288 1.86955 1.8714 2.75226 2.96051 
1.12476 1.25288 1.86955 1.8714 2.75226 2.96051 
1.12476 1.25288 1.86955 1.8714 2.75226 2.96051 
1.12476 1.25288 1.86955 1.8714 2.75226 2.96051 
1.12476 1.25288 1.86955 1.8714 2.75226 2.96051 
1.12476 1.25288 1.86955 1.8714 2.75226 2.96051 
1.12476 1.25288 1.86955 1.8714 2.75226 2.96051 
1.12476 1.25288 1.86955 1.8714 2.75226 2.96051 
1.12476 1.25288 1.86955 1.8714 2.75226 2.96051 
1.12476 1.25288 1.86955 1.8714 2.75226 2.96051 
