6.55952 8.21952 8.67325 9.3829 9.39086 10.8214 
6.55952 7.42316 8.21952 8.67325 9.3829 9.39086 
6.09215 6.55952 7.28755 7.42316 8.19365 8.21952 
6.09215 6.55952 7.28755 7.42316 8.19365 8.21092 
6.09215 6.55952 7.28755 7.42316 8.19365 8.21092 
6.09215 6.43301 6.55952 7.28755 7.42316 8.19365 
5.52572 6.09215 6.43301 6.55952 7.28755 7.42316 
2.46611 5.52572 6.09215 6.43301 6.55952 7.28755 
2.46611 5.52572 6.09215 6.43301 6.55952 7.28755 
2.46611 5.52572 6.09215 6.43301 6.55952 7.28755 
2.46611 5.52572 6.09215 6.43301 6.55952 7.28755 
2.46611 5.45542 5.52572 6.09215 6.43301 6.55952 
2.46611 5.45542 5.52572 6.09215 6.43301 6.55952 
2.46611 5.45542 5.52572 6.09215 6.43301 6.55952 
2.46611 3.10128 4.68013 5.45542 5.52572 6.09215 
2.46611 3.10128 4.68013 5.45542 5.52572 6.09215 
2.46611 3.10128 4.68013 5.45542 5.52572 6.09215 
2.46611 3.10128 4.68013 5.45542 5.52572 6.09215 
2.46611 3.10128 3.5751 4.68013 5.45542 5.52572 
2.46611 2.61517 3.10128 3.5751 4.68013 5.45542 
2.46611 2.61517 3.10128 3.5751 4.68013 5.45542 
2.46611 2.61517 3.10128 3.5751 4.68013 5.45542 
2.46611 2.61517 3.10128 3.5751 4.68013 5.45542 
2.46611 2.61517 3.10128 3.5751 4.68013 5.45542 
2.46611 2.61517 2.75183 3.10128 3.5751 4.68013 
2.46611 2.61517 2.75183 3.10128 3.5751 4.68013 
2.46611 2.61517 2.75183 3.10128 3.5751 4.68013 
2.46611 2.61517 2.75183 3.10128 3.5751 4.68013 
2.46611 2.61517 2.75183 3.10128 3.5751 4.68013 
2.46611 2.61517 2.75183 3.10128 3.5751 4.68013 
2.46611 2.61517 2.75183 3.10128 3.5751 4.68013 
2.46611 2.61517 2.75183 3.10128 3.5751 4.68013 
2.46611 2.61517 2.75183 3.10128 3.5751 4.68013 
2.46611 2.61517 2.75183 3.10128 3.5751 4.68013 
2.46611 2.61517 2.75183 3.10128 3.5751 4.68013 
2.46611 2.61517 2.75183 3.10128 3.5751 4.68013 
2.46611 2.61517 2.75183 3.10128 3.5751 4.68013 
2.46611 2.61517 2.75183 3.10128 3.5751 4.68013 
2.46611 2.61517 2.75183 3.10128 3.5751 4.68013 
2.46611 2.61517 2.75183 3.10128 3.5751 4.68013 
2.46611 2.61517 2.75183 3.10128 3.5751 4.68013 
2.46611 2.61517 2.75183 3.10128 3.5751 4.68013 
2.46611 2.61517 2.75183 3.10128 3.5751 4.68013 
2.46611 2.61517 2.75183 3.10128 3.5751 4.68013 
2.46611 2.61517 2.75183 3.10128 3.5751 4.68013 
2.46611 2.61517 2.75183 3.10128 3.5751 4.68013 
2.46611 2.61517 2.75183 3.10128 3.5751 4.68013 
2.46611 2.61517 2.75183 3.10128 3.5751 4.68013 
2.46611 2.61517 2.75183 3.10128 3.5751 4.68013 
2.46611 2.61517 2.75183 3.10128 3.5751 4.68013 
2.46611 2.61517 2.75183 3.10128 3.5751 4.68013 
2.46611 2.61517 2.75183 3.10128 3.5751 4.68013 
2.46611 2.61517 2.75183 3.10128 3.5751 4.68013 
2.46611 2.61517 2.75183 3.10128 3.5751 4.68013 
2.46611 2.61517 2.75183 3.10128 3.5751 4.68013 
2.46611 2.61517 2.75183 3.10128 3.5751 4.68013 
2.46611 2.61517 2.75183 3.10128 3.5751 4.68013 
2.46611 2.61517 2.75183 3.10128 3.5751 4.68013 
2.46611 2.61517 2.75183 3.10128 3.5751 4.68013 
2.46611 2.61517 2.75183 3.10128 3.5751 4.68013 
2.46611 2.61517 2.75183 3.10128 3.5751 4.68013 
2.46611 2.61517 2.75183 3.10128 3.5751 4.68013 
2.46611 2.61517 2.75183 3.10128 3.5751 4.68013 
2.46611 2.61517 2.75183 3.10128 3.5751 4.68013 
2.46611 2.61517 2.75183 3.10128 3.5751 4.68013 
2.46611 2.61517 2.75183 3.10128 3.5751 4.68013 
2.46611 2.61517 2.75183 3.10128 3.5751 4.68013 
2.46611 2.61517 2.75183 3.10128 3.5751 4.68013 
2.46611 2.61517 2.75183 3.10128 3.5751 4.68013 
2.46611 2.61517 2.75183 3.10128 3.5751 4.68013 
2.46611 2.61517 2.75183 3.10128 3.5751 4.68013 
2.46611 2.61517 2.75183 3.10128 3.5751 4.68013 
2.46611 2.61517 2.75183 3.10128 3.5751 4.68013 
2.46611 2.61517 2.75183 3.10128 3.5751 4.68013 
2.46611 2.61517 2.75183 3.10128 3.5751 4.68013 
2.46611 2.61517 2.75183 3.10128 3.5751 4.68013 
2.46611 2.61517 2.75183 3.10128 3.5751 4.68013 
2.46611 2.61517 2.75183 3.10128 3.5751 4.68013 
2.46611 2.61517 2.75183 3.10128 3.5751 4.68013 
2.46611 2.61517 2.75183 3.10128 3.5751 4.68013 
2.46611 2.61517 2.75183 3.10128 3.5751 4.68013 
2.46611 2.61517 2.75183 3.10128 3.5751 4.68013 
2.46611 2.61517 2.75183 3.10128 3.5751 4.68013 
2.46611 2.61517 2.75183 3.10128 3.5751 4.68013 
2.46611 2.61517 2.75183 3.10128 3.5751 4.68013 
2.46611 2.61517 2.75183 3.10128 3.5751 4.68013 
2.46611 2.61517 2.75183 3.10128 3.5751 4.68013 
2.46611 2.61517 2.75183 3.10128 3.5751 4.68013 
2.46611 2.61517 2.75183 3.10128 3.5751 4.68013 
2.46611 2.61517 2.75183 3.10128 3.5751 4.68013 
2.46611 2.61517 2.75183 3.10128 3.5751 4.68013 
2.46611 2.61517 2.75183 3.10128 3.5751 4.68013 
2.46611 2.61517 2.75183 3.10128 3.5751 4.68013 
2.46611 2.61517 2.75183 3.10128 3.5751 4.68013 
2.46611 2.61517 2.75183 3.10128 3.5751 4.68013 
2.46611 2.61517 2.75183 3.10128 3.5751 4.68013 
2.46611 2.61517 2.75183 3.10128 3.5751 4.68013 
2.46611 2.61517 2.75183 3.10128 3.5751 4.68013 
2.46611 2.61517 2.75183 3.10128 3.5751 4.68013 
2.46611 2.61517 2.75183 3.10128 3.5751 4.68013 
