3.38617 4.67562 6.56479 7.6277 10.81 10.8961 
3.25133 3.38617 3.65414 4.67562 6.56479 7.6277 
3.25133 3.38617 3.65414 4.67562 4.99327 6.56479 
3.25133 3.38617 3.65414 4.67562 4.99327 6.56479 
3.25133 3.38617 3.65414 4.67562 4.99327 6.56479 
3.25133 3.38617 3.65414 4.67562 4.99327 5.75856 
3.25133 3.38617 3.65414 4.67562 4.99327 5.75856 
3.25133 3.38617 3.65414 4.67562 4.99327 5.75856 
3.25133 3.38617 3.65414 4.67562 4.99327 5.75856 
3.25133 3.38617 3.65414 4.67562 4.99327 5.75856 
3.25133 3.38617 3.65414 4.67562 4.99327 5.75856 
3.25133 3.38617 3.65414 4.67562 4.99327 5.75856 
3.25133 3.38617 3.65414 4.67562 4.99327 5.75856 
3.25133 3.38617 3.65414 4.67562 4.99327 5.75856 
3.25133 3.38617 3.65414 4.67562 4.99327 5.75856 
3.25133 3.38617 3.65414 4.67562 4.99327 5.75856 
3.25133 3.38617 3.65414 4.67562 4.99327 5.75856 
3.25133 3.38617 3.65414 4.67562 4.99327 5.75856 
3.25133 3.38617 3.65414 4.67562 4.99327 5.75856 
3.25133 3.38617 3.65414 4.67562 4.99327 5.75856 
3.25133 3.38617 3.65414 4.67562 4.99327 5.75856 
3.25133 3.38617 3.65414 4.67562 4.99327 5.75856 
3.25133 3.38617 3.65414 4.67562 4.99327 5.75856 
3.25133 3.38617 3.65414 4.67562 4.99327 5.75856 
3.25133 3.38617 3.65414 4.67562 4.99327 5.75856 
3.25133 3.38617 3.65414 4.67562 4.99327 5.75856 
3.25133 3.38617 3.65414 4.44279 4.67562 4.99327 
3.25133 3.38617 3.65414 4.44279 4.67562 4.99327 
3.25133 3.38617 3.65414 4.44279 4.67562 4.99327 
3.25133 3.38617 3.65414 4.44279 4.67562 4.99327 
3.25133 3.38617 3.65414 4.44279 4.67562 4.99327 
3.25133 3.38617 3.65414 4.44279 4.67562 4.99327 
3.24619 3.25133 3.38617 3.65414 4.44279 4.67562 
3.24619 3.25133 3.38617 3.65414 4.44279 4.67562 
3.24619 3.25133 3.38617 3.65414 4.44279 4.67562 
3.24619 3.25133 3.38617 3.65414 4.44279 4.67562 
3.24619 3.25133 3.38617 3.65414 4.44279 4.67562 
3.24619 3.25133 3.38617 3.65414 4.44279 4.67562 
3.24619 3.25133 3.38617 3.65414 4.44279 4.67562 
3.24619 3.25133 3.38617 3.65414 4.44279 4.67562 
3.24619 3.25133 3.38617 3.65414 4.44279 4.67562 
3.24619 3.25133 3.38617 3.65414 4.44279 4.66072 
3.24619 3.25133 3.38617 3.65414 4.44279 4.66072 
3.24619 3.25133 3.38617 3.65414 4.44279 4.66072 
3.24619 3.25133 3.38617 3.65414 4.44279 4.66072 
3.24619 3.25133 3.38617 3.65414 4.44279 4.66072 
3.24619 3.25133 3.38617 3.65414 4.44279 4.66072 
3.24619 3.25133 3.38617 3.65414 4.44279 4.56823 
3.24619 3.25133 3.38617 3.65414 4.3634 4.44279 
3.24619 3.25133 3.38617 3.65414 4.3634 4.44279 
3.24619 3.25133 3.38617 3.65414 4.3634 4.44279 
3.24619 3.25133 3.38617 3.65414 4.3634 4.44279 
3.24619 3.25133 3.38617 3.65414 4.3634 4.44279 
3.24619 3.25133 3.38617 3.65414 4.3634 4.44279 
3.24619 3.25133 3.38617 3.65414 4.3634 4.44279 
3.24619 3.25133 3.38617 3.65414 4.3634 4.44279 
3.24619 3.25133 3.38617 3.65414 4.3634 4.44279 
3.24619 3.25133 3.38617 3.65414 4.3634 4.44279 
3.24619 3.25133 3.38617 3.65414 4.32739 4.3634 
3.24619 3.25133 3.38617 3.65414 4.32739 4.3634 
3.24619 3.25133 3.38617 3.65414 4.32739 4.3634 
3.24619 3.25133 3.38617 3.65414 4.22682 4.32739 
3.24619 3.25133 3.38617 3.65414 4.22682 4.32739 
3.24619 3.25133 3.38617 3.65414 4.22682 4.32739 
3.24619 3.25133 3.38617 3.65414 4.22682 4.32739 
3.24619 3.25133 3.38617 3.65414 4.02671 4.22682 
3.24619 3.25133 3.38617 3.65414 4.02671 4.22682 
3.24619 3.25133 3.38617 3.65414 4.02671 4.22682 
3.24619 3.25133 3.38617 3.65414 4.02671 4.22682 
3.24619 3.25133 3.38617 3.65414 3.95076 4.02671 
3.24619 3.25133 3.38617 3.65414 3.95076 4.02671 
3.24619 3.25133 3.38617 3.65414 3.95076 4.02671 
3.24619 3.25133 3.38617 3.65414 3.83239 3.95076 
3.10737 3.24619 3.25133 3.38617 3.65414 3.83239 
3.10737 3.24619 3.25133 3.38617 3.65414 3.83239 
3.10737 3.24619 3.25133 3.25354 3.38617 3.65414 
3.10737 3.24619 3.25133 3.25354 3.38617 3.65414 
3.10737 3.24619 3.25133 3.25354 3.38617 3.65414 
3.10737 3.24619 3.25133 3.25354 3.38617 3.65414 
3.10737 3.24619 3.25133 3.25354 3.38617 3.65414 
3.09455 3.10737 3.24619 3.25133 3.25354 3.38617 
3.09455 3.10737 3.24619 3.25133 3.25354 3.38617 
2.80771 3.09455 3.10737 3.24619 3.25133 3.25354 
2.80771 3.09455 3.10737 3.24619 3.25133 3.25354 
2.80771 3.09455 3.10737 3.24619 3.25133 3.25354 
2.80771 3.09455 3.10737 3.24619 3.25133 3.25354 
2.80771 3.09455 3.10737 3.24619 3.25133 3.25354 
2.80771 3.09455 3.10737 3.24619 3.25133 3.25354 
2.80771 3.09455 3.10737 3.24619 3.25133 3.25354 
2.80771 3.09455 3.10737 3.24619 3.25133 3.25354 
2.80771 3.09455 3.10737 3.24619 3.25133 3.25354 
2.80771 3.09455 3.10737 3.24619 3.25133 3.25354 
2.80771 3.09455 3.10737 3.24619 3.25133 3.25354 
2.80771 3.09455 3.10737 3.24619 3.25133 3.25354 
2.80771 3.09455 3.10737 3.24619 3.25133 3.25354 
2.80771 3.09455 3.10737 3.24619 3.25133 3.25354 
2.80771 3.09455 3.10737 3.24619 3.25133 3.25354 
2.80771 3.09455 3.10737 3.24619 3.25133 3.25354 
2.80771 3.09455 3.10737 3.24619 3.25133 3.25354 
2.80771 3.09455 3.10737 3.24619 3.25133 3.25354 
