2.72926 3.00839 4.13402 8.97086 9.97032 10.401 
2.72926 3.00839 4.13402 8.97086 9.64334 9.97032 
2.72926 3.00839 4.13402 6.17606 7.52659 7.88404 
2.72926 3.00839 4.13402 4.81499 6.17606 6.89122 
2.72926 3.00839 4.13402 4.81499 6.17606 6.89122 
2.72926 3.00839 4.13402 4.81499 6.17606 6.89122 
2.72926 3.00839 4.13402 4.81499 6.17606 6.26283 
2.72926 3.00839 3.86043 4.13402 4.81499 6.17606 
2.72926 3.00839 3.86043 4.13402 4.81499 6.17606 
2.72926 3.00839 3.86043 4.13402 4.17651 4.81499 
2.72926 2.85514 3.00839 3.86043 4.05612 4.13402 
2.72926 2.85514 3.00839 3.86043 4.05612 4.13402 
2.72926 2.85514 3.00839 3.86043 4.05612 4.13402 
2.72926 2.85514 3.00839 3.86043 4.05612 4.13402 
2.72926 2.85514 3.00839 3.86043 4.05612 4.13402 
2.72926 2.85514 3.00839 3.86043 4.0411 4.05612 
2.72926 2.85514 3.00839 3.86043 4.0411 4.05612 
2.72926 2.85514 3.00839 3.86043 4.0411 4.05612 
2.72926 2.85514 3.00839 3.86043 4.0411 4.05612 
2.72926 2.85514 3.00839 3.86043 4.0411 4.05612 
2.72926 2.85514 3.00839 3.86043 4.0411 4.05612 
2.72926 2.85514 3.00839 3.86043 4.0411 4.05612 
2.72926 2.85514 3.00839 3.86043 4.0411 4.05612 
2.72926 2.85514 3.00839 3.86043 4.0411 4.05612 
2.72926 2.85514 3.00839 3.86043 4.0411 4.05612 
2.72926 2.85514 3.00839 3.86043 4.0411 4.05612 
2.72926 2.85514 3.00839 3.86043 4.0411 4.05612 
2.72926 2.85514 3.00839 3.86043 4.0411 4.05612 
2.72926 2.85514 3.00839 3.86043 4.0411 4.05612 
2.72926 2.85514 3.00839 3.86043 4.0411 4.05612 
2.72926 2.85514 3.00839 3.86043 4.0411 4.05612 
2.72926 2.85514 3.00839 3.86043 4.0411 4.05612 
2.72926 2.85514 3.00839 3.86043 4.0411 4.05612 
2.72926 2.85514 3.00839 3.86043 4.0411 4.05612 
2.72926 2.85514 3.00839 3.86043 4.0411 4.05612 
2.72926 2.85514 3.00839 3.86043 4.0411 4.05612 
2.72926 2.85514 3.00839 3.86043 4.0411 4.05612 
2.72926 2.85514 3.00839 3.86043 4.0411 4.05612 
2.72926 2.85514 3.00839 3.86043 4.0411 4.05612 
2.72926 2.85514 3.00839 3.86043 4.0411 4.05612 
2.72926 2.85514 3.00839 3.86043 4.0411 4.05612 
2.72926 2.85514 3.00839 3.86043 4.0411 4.05612 
2.72926 2.85514 3.00839 3.86043 4.0411 4.05612 
2.72926 2.85514 3.00839 3.86043 4.0411 4.05612 
2.72926 2.85514 3.00839 3.86043 4.0411 4.05612 
2.72926 2.85514 3.00839 3.86043 4.0411 4.05612 
2.72926 2.85514 3.00839 3.86043 4.0411 4.05612 
2.72926 2.85514 3.00839 3.86043 4.0411 4.05612 
2.72926 2.85514 3.00839 3.86043 4.0411 4.05612 
2.72926 2.85514 3.00839 3.86043 4.0411 4.05612 
2.72926 2.85514 3.00839 3.86043 4.0411 4.05612 
2.72926 2.85514 3.00839 3.86043 4.0411 4.05612 
2.72926 2.85514 3.00839 3.86043 4.0411 4.05612 
2.72926 2.85514 3.00839 3.86043 4.0411 4.05612 
2.72926 2.85514 3.00839 3.86043 4.0411 4.05612 
2.72926 2.85514 3.00839 3.86043 4.0411 4.05612 
2.72926 2.85514 3.00839 3.86043 4.0411 4.05612 
2.72926 2.85514 3.00839 3.86043 4.0411 4.05612 
2.72926 2.85514 3.00839 3.86043 4.0411 4.05612 
2.72926 2.85514 3.00839 3.86043 4.0411 4.05612 
2.72926 2.85514 3.00839 3.86043 4.0411 4.05612 
2.72926 2.85514 3.00839 3.86043 4.0411 4.05612 
2.72926 2.85514 3.00839 3.86043 4.0411 4.05612 
2.72926 2.85514 3.00839 3.86043 4.0411 4.05612 
2.72926 2.85514 3.00839 3.86043 4.0411 4.05612 
2.72926 2.85514 3.00839 3.86043 4.0411 4.05612 
2.72926 2.85514 3.00839 3.86043 4.0411 4.05612 
2.72926 2.85514 3.00839 3.86043 4.0411 4.05612 
2.72926 2.85514 3.00839 3.86043 4.0411 4.05612 
2.72926 2.85514 3.00839 3.86043 4.0411 4.05612 
2.72926 2.85514 3.00839 3.86043 4.0411 4.05612 
2.72926 2.85514 3.00839 3.86043 4.0411 4.05612 
2.72926 2.85514 3.00839 3.86043 4.0411 4.05612 
2.72926 2.85514 3.00839 3.86043 4.0411 4.05612 
2.72926 2.85514 3.00839 3.86043 4.0411 4.05612 
2.72926 2.85514 3.00839 3.86043 4.0411 4.05612 
2.72926 2.85514 3.00839 3.86043 4.0411 4.05612 
2.72926 2.85514 3.00839 3.86043 4.0411 4.05612 
2.72926 2.85514 3.00839 3.86043 4.0411 4.05612 
2.72926 2.85514 3.00839 3.86043 4.0411 4.05612 
2.72926 2.85514 3.00839 3.86043 4.0411 4.05612 
2.72926 2.85514 3.00839 3.86043 4.0411 4.05612 
2.72926 2.85514 3.00839 3.86043 4.0411 4.05612 
2.72926 2.85514 3.00839 3.86043 4.0411 4.05612 
2.72926 2.85514 3.00839 3.86043 4.0411 4.05612 
2.72926 2.85514 3.00839 3.86043 4.0411 4.05612 
2.72926 2.85514 3.00839 3.86043 4.0411 4.05612 
2.72926 2.85514 3.00839 3.86043 4.0411 4.05612 
2.72926 2.85514 3.00839 3.86043 4.0411 4.05612 
2.72926 2.85514 3.00839 3.86043 4.0411 4.05612 
2.72926 2.85514 3.00839 3.86043 4.0411 4.05612 
2.72926 2.85514 3.00839 3.86043 4.0411 4.05612 
2.72926 2.85514 3.00839 3.86043 4.0411 4.05612 
2.72926 2.85514 3.00839 3.86043 4.0411 4.05612 
2.72926 2.85514 3.00839 3.86043 4.0411 4.05612 
2.72926 2.85514 3.00839 3.86043 4.0411 4.05612 
2.72926 2.85514 3.00839 3.86043 4.0411 4.05612 
2.72926 2.85514 3.00839 3.86043 4.0411 4.05612 
2.72926 2.85514 3.00839 3.86043 4.0411 4.05612 
2.72926 2.85514 3.00839 3.86043 4.0411 4.05612 
