4.05151 4.33748 5.16836 6.99394 8.51083 11.3679 
4.05151 4.33748 4.53749 5.16836 6.99394 8.51083 
1.68781 3.58022 4.05151 4.33748 4.53749 5.16836 
1.68781 2.5071 3.58022 4.05151 4.33748 4.53749 
1.68781 2.5071 3.58022 4.05151 4.33748 4.53749 
0.872239 1.68781 2.5071 3.58022 4.05151 4.33748 
0.872239 1.68781 2.5071 3.58022 4.05151 4.33748 
0.872239 1.68781 2.5071 3.58022 4.05151 4.33748 
0.872239 1.68781 2.5071 3.58022 4.05151 4.33748 
0.872239 1.68781 2.5071 3.58022 4.05151 4.33748 
0.872239 1.68781 2.5071 3.58022 4.05151 4.33748 
0.872239 1.68781 2.5071 3.58022 4.05151 4.33748 
0.872239 1.68781 2.5071 3.58022 4.05151 4.33748 
0.872239 1.68781 2.5071 3.58022 4.05151 4.33748 
0.872239 1.68781 2.5071 3.58022 4.05151 4.33748 
0.872239 1.68781 2.5071 3.58022 4.05151 4.33748 
0.872239 1.68781 2.5071 3.58022 4.05151 4.33748 
0.872239 0.974792 1.68781 2.5071 3.58022 4.05151 
0.872239 0.934578 0.974792 1.68781 2.5071 3.58022 
0.872239 0.934578 0.974792 1.68781 2.5071 3.58022 
0.872239 0.934578 0.974792 1.68781 2.5071 3.58022 
0.872239 0.934578 0.974792 1.68781 2.5071 3.58022 
0.872239 0.934578 0.974792 1.68781 2.5071 3.58022 
0.872239 0.934578 0.974792 1.68781 2.5071 3.58022 
0.872239 0.934578 0.974792 1.68781 2.5071 3.58022 
0.872239 0.934578 0.974792 1.68781 2.5071 3.58022 
0.872239 0.934578 0.974792 1.68781 2.5071 3.58022 
0.872239 0.934578 0.974792 1.68781 2.5071 3.58022 
0.872239 0.934578 0.974792 1.68781 2.5071 3.58022 
0.872239 0.934578 0.974792 1.68781 2.5071 3.58022 
0.872239 0.934578 0.974792 1.68781 2.5071 3.58022 
0.872239 0.934578 0.974792 1.68781 2.5071 3.58022 
0.872239 0.934578 0.974792 1.68781 2.5071 3.58022 
0.872239 0.934578 0.974792 1.68781 2.5071 3.58022 
0.872239 0.934578 0.974792 1.68781 2.5071 3.58022 
0.872239 0.934578 0.974792 1.68781 2.5071 3.58022 
0.872239 0.934578 0.974792 1.68781 2.5071 3.58022 
0.872239 0.934578 0.974792 1.68781 2.5071 3.58022 
0.872239 0.934578 0.974792 1.68781 2.5071 3.58022 
0.872239 0.934578 0.974792 1.68781 2.5071 3.58022 
0.872239 0.934578 0.974792 1.68781 2.5071 3.58022 
0.872239 0.934578 0.974792 1.68781 2.5071 3.58022 
0.872239 0.934578 0.974792 1.68781 2.5071 3.58022 
0.872239 0.934578 0.974792 1.68781 2.5071 3.58022 
0.872239 0.934578 0.974792 1.68781 2.5071 3.58022 
0.872239 0.934578 0.974792 1.68781 2.5071 3.58022 
0.872239 0.934578 0.974792 1.68781 2.5071 3.58022 
0.872239 0.934578 0.974792 1.68781 2.5071 3.58022 
0.872239 0.934578 0.974792 1.68781 2.5071 3.58022 
0.872239 0.934578 0.974792 1.68781 2.5071 3.58022 
0.872239 0.934578 0.974792 1.68781 2.5071 3.58022 
0.872239 0.934578 0.974792 1.68781 2.5071 3.58022 
0.872239 0.934578 0.974792 1.68781 2.5071 3.58022 
0.872239 0.934578 0.974792 1.68781 2.5071 3.58022 
0.872239 0.934578 0.974792 1.68781 2.5071 3.58022 
0.872239 0.934578 0.974792 1.68781 2.5071 3.58022 
0.872239 0.934578 0.974792 1.68781 2.5071 3.58022 
0.872239 0.934578 0.974792 1.68781 2.5071 3.58022 
0.872239 0.934578 0.974792 1.68781 2.5071 3.58022 
0.872239 0.934578 0.974792 1.68781 2.5071 3.58022 
0.872239 0.934578 0.974792 1.68781 2.5071 3.58022 
0.872239 0.934578 0.974792 1.68781 2.5071 3.58022 
0.872239 0.934578 0.974792 1.68781 2.5071 3.58022 
0.872239 0.934578 0.974792 1.68781 2.5071 3.58022 
0.872239 0.934578 0.974792 1.68781 2.5071 3.58022 
0.872239 0.934578 0.974792 1.68781 2.5071 3.58022 
0.872239 0.934578 0.974792 1.68781 2.5071 3.58022 
0.872239 0.934578 0.974792 1.68781 2.5071 3.58022 
0.872239 0.934578 0.974792 1.68781 2.5071 3.58022 
0.872239 0.934578 0.974792 1.68781 2.5071 3.58022 
0.872239 0.934578 0.974792 1.68781 2.5071 3.58022 
0.872239 0.934578 0.974792 1.68781 2.5071 3.58022 
0.872239 0.934578 0.974792 1.68781 2.5071 3.58022 
0.872239 0.934578 0.974792 1.68781 2.5071 3.58022 
0.872239 0.934578 0.974792 1.68781 2.5071 3.58022 
0.872239 0.934578 0.974792 1.68781 2.5071 3.58022 
0.872239 0.934578 0.974792 1.68781 2.5071 3.58022 
0.872239 0.934578 0.974792 1.68781 2.5071 3.58022 
0.872239 0.934578 0.974792 1.68781 2.5071 3.58022 
0.872239 0.934578 0.974792 1.68781 2.5071 3.58022 
0.872239 0.934578 0.974792 1.68781 2.5071 3.58022 
0.872239 0.934578 0.974792 1.68781 2.5071 3.58022 
0.872239 0.934578 0.974792 1.68781 2.5071 3.58022 
0.872239 0.934578 0.974792 1.68781 2.5071 3.58022 
0.872239 0.934578 0.974792 1.68781 2.5071 3.58022 
0.872239 0.934578 0.974792 1.68781 2.5071 3.58022 
0.872239 0.934578 0.974792 1.68781 2.5071 3.58022 
0.872239 0.934578 0.974792 1.68781 2.5071 3.58022 
0.872239 0.934578 0.974792 1.68781 2.5071 3.58022 
0.872239 0.934578 0.974792 1.68781 2.5071 3.58022 
0.872239 0.934578 0.974792 1.68781 2.5071 3.58022 
0.872239 0.934578 0.974792 1.68781 2.5071 3.58022 
0.872239 0.934578 0.974792 1.68781 2.5071 3.58022 
0.872239 0.934578 0.974792 1.68781 2.5071 3.58022 
0.872239 0.934578 0.974792 1.68781 2.5071 3.58022 
0.872239 0.934578 0.974792 1.68781 2.5071 3.58022 
0.872239 0.934578 0.974792 1.68781 2.5071 3.58022 
0.872239 0.934578 0.974792 1.68781 2.5071 3.58022 
0.872239 0.934578 0.974792 1.68781 2.5071 3.58022 
0.872239 0.934578 0.974792 1.68781 2.5071 3.58022 
