3.4054 3.79403 4.5733 9.13548 10.4792 10.6425 
3.4054 3.79403 4.5733 9.13548 10.2041 10.4792 
2.99724 3.4054 3.79403 4.5733 9.01356 9.13548 
2.78656 2.99724 3.4054 3.79403 4.5733 6.32624 
2.78656 2.99724 3.4054 3.79403 4.5733 6.32624 
2.78656 2.99724 3.4054 3.79403 4.5733 6.01799 
2.78656 2.99724 3.4054 3.79403 4.5733 6.01799 
2.78656 2.99724 3.4054 3.79403 4.5733 6.01799 
2.78656 2.99724 3.4054 3.79403 4.5733 6.01799 
2.78656 2.99724 3.4054 3.79403 4.5733 6.01799 
2.78656 2.99724 3.4054 3.79403 4.5733 6.01799 
2.78142 2.78656 2.99724 3.4054 3.79403 4.5733 
0.508623 2.78142 2.78656 2.99724 3.4054 3.79403 
0.508623 2.78142 2.78656 2.99724 3.4054 3.79403 
0.508623 2.78142 2.78656 2.99724 3.4054 3.79403 
0.508623 2.78142 2.78656 2.99724 3.4054 3.79403 
0.508623 2.78142 2.78656 2.99724 3.4054 3.79403 
0.508623 2.78142 2.78656 2.99724 3.4054 3.79403 
0.508623 2.78142 2.78656 2.99724 3.4054 3.79403 
0.508623 2.78142 2.78656 2.99724 3.4054 3.79403 
0.508623 2.78142 2.78656 2.99724 3.4054 3.79403 
0.508623 2.78142 2.78656 2.99724 3.4054 3.79403 
0.508623 2.78142 2.78656 2.99724 3.4054 3.79403 
0.508623 2.78142 2.78656 2.99724 3.4054 3.79403 
0.508623 2.78142 2.78656 2.99724 3.4054 3.79403 
0.508623 2.78142 2.78656 2.99724 3.4054 3.79403 
0.22503 0.508623 2.78142 2.78656 2.99724 3.4054 
0.22503 0.508623 2.78142 2.78656 2.99724 3.4054 
0.22503 0.508623 2.78142 2.78656 2.99724 3.4054 
0.22503 0.508623 2.78142 2.78656 2.99724 3.4054 
0.22503 0.508623 2.78142 2.78656 2.99724 3.4054 
0.22503 0.508623 2.78142 2.78656 2.99724 3.4054 
0.22503 0.508623 2.78142 2.78656 2.99724 3.4054 
0.22503 0.508623 2.78142 2.78656 2.99724 3.4054 
0.22503 0.508623 2.78142 2.78656 2.99724 3.4054 
0.22503 0.508623 2.78142 2.78656 2.99724 3.4054 
0.22503 0.508623 2.78142 2.78656 2.99724 3.4054 
0.22503 0.508623 2.45346 2.78142 2.78656 2.99724 
0.22503 0.508623 2.45346 2.78142 2.78656 2.99724 
0.22503 0.508623 2.45346 2.78142 2.78656 2.99724 
0.22503 0.508623 2.45346 2.78142 2.78656 2.99724 
0.22503 0.508623 2.45346 2.78142 2.78656 2.99724 
0.22503 0.508623 2.34715 2.45346 2.78142 2.78656 
0.22503 0.508623 2.34715 2.45346 2.78142 2.78656 
0.22503 0.508623 1.09439 2.34715 2.45346 2.78142 
0.22503 0.508623 1.09439 2.34715 2.45346 2.78142 
0.22503 0.508623 1.09439 2.34715 2.45346 2.78142 
0.22503 0.508623 1.09439 2.34715 2.45346 2.78142 
0.22503 0.508623 1.09439 2.34715 2.45346 2.78142 
0.22503 0.508623 1.09439 2.34715 2.45346 2.78142 
0.22503 0.508623 1.09439 2.34715 2.45346 2.78142 
0.22503 0.508623 1.09439 2.34715 2.45346 2.78142 
0.22503 0.508623 1.09439 2.34715 2.45346 2.78142 
0.22503 0.508623 1.09439 2.34715 2.45346 2.78142 
0.22503 0.508623 1.09439 2.34715 2.45346 2.78142 
0.22503 0.508623 0.896269 1.09439 2.34715 2.45346 
0.22503 0.508623 0.896269 1.09439 2.34715 2.45346 
0.22503 0.508623 0.896269 1.09439 2.34715 2.45346 
0.22503 0.508623 0.896269 1.09439 2.34715 2.45346 
0.22503 0.508623 0.797927 0.896269 1.09439 2.34715 
0.22503 0.508623 0.634452 0.797927 0.896269 1.09439 
0.22503 0.508623 0.634452 0.797927 0.896269 1.09439 
0.22503 0.508623 0.634452 0.797927 0.896269 1.09439 
0.22503 0.508623 0.634452 0.797927 0.896269 1.09439 
0.22503 0.508623 0.634452 0.797927 0.896269 1.09439 
0.22503 0.508623 0.615961 0.634452 0.797927 0.896269 
0.22503 0.508623 0.615961 0.634452 0.797927 0.896269 
0.22503 0.508623 0.615961 0.634452 0.797927 0.896269 
0.22503 0.508623 0.615961 0.634452 0.797927 0.896269 
0.22503 0.508623 0.615961 0.634452 0.797927 0.896269 
0.22503 0.508623 0.615961 0.634452 0.797927 0.896269 
0.22503 0.508623 0.615961 0.634452 0.797927 0.896269 
0.22503 0.508623 0.615961 0.634452 0.797927 0.896269 
0.22503 0.508623 0.615961 0.634452 0.797927 0.896269 
0.22503 0.508623 0.615961 0.634452 0.797927 0.896269 
0.22503 0.508623 0.615961 0.634452 0.797927 0.896269 
0.22503 0.508623 0.615961 0.634452 0.797927 0.896269 
0.22503 0.508623 0.615961 0.634452 0.797927 0.896269 
0.22503 0.508623 0.615961 0.634452 0.797927 0.896269 
0.22503 0.508623 0.615961 0.634452 0.797927 0.896269 
0.22503 0.508623 0.615961 0.634452 0.797927 0.896269 
0.22503 0.508623 0.615961 0.634452 0.797927 0.896269 
0.22503 0.508623 0.615961 0.634452 0.797927 0.896269 
0.22503 0.508623 0.615961 0.634452 0.797927 0.896269 
0.22503 0.508623 0.615961 0.634452 0.797927 0.896269 
0.22503 0.508623 0.615961 0.634452 0.797927 0.896269 
0.22503 0.508623 0.615961 0.634452 0.797927 0.896269 
0.22503 0.508623 0.615961 0.634452 0.797927 0.896269 
0.22503 0.508623 0.615961 0.634452 0.797927 0.896269 
0.22503 0.508623 0.615961 0.634452 0.797927 0.896269 
0.22503 0.508623 0.615961 0.634452 0.797927 0.896269 
0.22503 0.508623 0.615961 0.634452 0.797927 0.896269 
0.22503 0.508623 0.615961 0.634452 0.797927 0.896269 
0.22503 0.508623 0.615961 0.634452 0.797927 0.896269 
0.22503 0.508623 0.615961 0.634452 0.797927 0.896269 
0.22503 0.508623 0.615961 0.634452 0.797927 0.896269 
0.22503 0.508623 0.615961 0.634452 0.797927 0.896269 
0.22503 0.508623 0.615961 0.634452 0.797927 0.896269 
0.22503 0.508623 0.615961 0.634452 0.797927 0.896269 
0.22503 0.508623 0.615961 0.634452 0.797927 0.896269 
