3.44509 4.62376 7.57316 9.33769 11.2646 11.4933 
3.44509 4.34182 4.62376 6.85157 7.49254 7.57316 
3.44509 4.34182 4.62376 5.62457 6.85157 7.49254 
3.44509 4.34182 4.62376 5.62457 6.85157 7.48167 
3.44509 4.34182 4.62376 5.62457 6.85157 7.48167 
3.44509 4.34182 4.62376 5.62457 6.60561 6.85157 
3.44509 4.34182 4.62376 5.62457 6.60561 6.85157 
3.44509 4.34182 4.62376 5.62457 6.60561 6.85157 
3.44509 4.34182 4.62376 5.62457 6.60561 6.85157 
3.44509 4.34182 4.41887 4.62376 4.95176 5.62457 
3.44509 4.34182 4.41887 4.62376 4.95176 5.62457 
3.44509 4.34182 4.41887 4.62376 4.95176 5.62457 
3.44509 4.34182 4.41887 4.62376 4.95176 5.62457 
3.44509 4.34182 4.41887 4.62376 4.95176 5.62457 
3.44509 4.34182 4.41887 4.62376 4.95176 5.62457 
3.44509 4.34182 4.41887 4.62376 4.95176 5.62457 
3.44509 3.77387 4.34182 4.41887 4.62376 4.95176 
3.44509 3.77387 4.34182 4.41887 4.62376 4.95176 
3.44509 3.77387 4.34182 4.41887 4.62376 4.95176 
3.44509 3.77387 4.34182 4.41887 4.62376 4.95176 
3.44509 3.71887 3.77387 4.34182 4.41887 4.62376 
3.44509 3.71887 3.77387 4.34182 4.41887 4.62376 
3.44509 3.71887 3.77387 4.34182 4.41887 4.62376 
3.44509 3.71887 3.77387 4.34182 4.41887 4.62376 
3.44509 3.71887 3.77387 4.34182 4.41887 4.62376 
3.44509 3.71887 3.77387 4.34182 4.41887 4.62376 
3.44509 3.71887 3.77387 4.34182 4.41887 4.62376 
2.97984 3.44509 3.71887 3.77387 4.34182 4.41887 
2.97984 3.44509 3.71887 3.77387 4.34182 4.41887 
2.97984 3.44509 3.71887 3.77387 4.34182 4.41887 
2.97984 3.44509 3.71887 3.77387 4.34182 4.41887 
2.97984 3.44509 3.71887 3.77387 4.34182 4.41887 
2.97984 3.44509 3.71887 3.77387 4.34182 4.41887 
2.97984 3.44509 3.71887 3.77387 4.34182 4.41887 
2.97984 3.44509 3.71887 3.77387 4.34182 4.41887 
2.97984 3.44509 3.71887 3.77387 4.34182 4.41887 
2.97984 3.44509 3.71887 3.77387 4.34182 4.41887 
2.97984 3.44509 3.71887 3.77387 4.34182 4.41887 
2.97984 3.44509 3.71887 3.7655 3.77387 4.34182 
2.97984 3.44509 3.71887 3.7655 3.77387 4.34182 
2.97984 3.44509 3.71887 3.7655 3.77387 4.34182 
2.97984 3.44509 3.71887 3.7655 3.77387 4.34182 
2.97984 3.44509 3.71887 3.7655 3.77387 4.34182 
2.97984 3.44509 3.71887 3.7655 3.77387 4.34182 
2.97984 3.44509 3.71887 3.7655 3.77387 4.34182 
2.97984 3.44509 3.71887 3.7655 3.77387 4.34182 
2.97984 3.44509 3.71887 3.7655 3.77387 4.34182 
2.97984 3.44509 3.71887 3.7655 3.77387 4.34182 
2.97984 3.44509 3.71887 3.7655 3.77387 4.34182 
2.97984 3.44509 3.71887 3.7655 3.77387 4.34182 
2.97984 3.44509 3.71887 3.7655 3.77387 4.34182 
2.97984 3.44509 3.71887 3.7655 3.77387 4.34182 
2.97984 3.44509 3.71887 3.7655 3.77387 4.34182 
2.97984 3.44509 3.71887 3.7655 3.77387 4.34182 
2.97984 3.44509 3.71887 3.7655 3.77387 4.34182 
2.97984 3.44509 3.71887 3.7655 3.77387 4.34182 
2.97984 3.44509 3.71887 3.7655 3.77387 4.34182 
2.97984 3.44509 3.71887 3.7655 3.77387 4.34182 
2.97984 3.44509 3.71887 3.7655 3.77387 4.34182 
2.97984 3.44509 3.71887 3.7655 3.77387 4.34182 
2.97984 3.44509 3.71887 3.7655 3.77387 4.34182 
2.97984 3.44509 3.71887 3.7655 3.77387 4.34182 
2.97984 3.44509 3.71887 3.7655 3.77387 4.34182 
2.97984 3.44509 3.71887 3.7655 3.77387 4.34182 
2.97984 3.44509 3.71887 3.7655 3.77387 4.34182 
2.97984 3.44509 3.71887 3.7655 3.77387 4.34182 
2.97984 3.44509 3.71887 3.7655 3.77387 4.34182 
2.97984 3.44509 3.71887 3.7655 3.77387 4.34182 
2.97984 3.44509 3.71887 3.7655 3.77387 4.34182 
2.97984 3.44509 3.71887 3.7655 3.77387 4.34182 
2.97984 3.44509 3.71887 3.7655 3.77387 4.34182 
2.97984 3.44509 3.71887 3.7655 3.77387 4.34182 
2.97984 3.44509 3.71887 3.7655 3.77387 4.34182 
2.97984 3.44509 3.71887 3.7655 3.77387 4.34182 
2.97984 3.44509 3.71887 3.7655 3.77387 4.34182 
2.97984 3.44509 3.71887 3.7655 3.77387 4.34182 
2.97984 3.44509 3.71887 3.7655 3.77387 4.34182 
2.97984 3.44509 3.71887 3.7655 3.77387 4.34182 
2.97984 3.44509 3.71887 3.7655 3.77387 4.34182 
2.97984 3.44509 3.71887 3.7655 3.77387 4.34182 
2.97984 3.44509 3.71887 3.7655 3.77387 4.34182 
2.97984 3.44509 3.71887 3.7655 3.77387 4.34182 
2.97984 3.44509 3.71887 3.7655 3.77387 4.34182 
2.97984 3.44509 3.71887 3.7655 3.77387 4.34182 
2.97984 3.44509 3.71887 3.7655 3.77387 4.34182 
2.97984 3.44509 3.71887 3.7655 3.77387 4.34182 
2.97984 3.44509 3.71887 3.7655 3.77387 4.34182 
2.97984 3.44509 3.71887 3.7655 3.77387 4.34182 
2.97984 3.44509 3.71887 3.7655 3.77387 4.34182 
2.97984 3.44509 3.71887 3.7655 3.77387 4.34182 
2.97984 3.44509 3.71887 3.7655 3.77387 4.34182 
2.97984 3.44509 3.71887 3.7655 3.77387 4.34182 
2.97984 3.44509 3.71887 3.7655 3.77387 4.34182 
2.97984 3.44509 3.71887 3.7655 3.77387 4.34182 
2.97984 3.44509 3.71887 3.7655 3.77387 4.34182 
2.97984 3.44509 3.71887 3.7655 3.77387 4.34182 
2.97984 3.44509 3.71887 3.7655 3.77387 4.34182 
2.97984 3.44509 3.71887 3.7655 3.77387 4.34182 
2.97984 3.44509 3.71887 3.7655 3.77387 4.34182 
2.97984 3.44509 3.71887 3.7655 3.77387 4.34182 
