2.62468 2.72724 4.93551 6.22923 6.37097 7.28031 
2.62468 2.72724 4.93551 6.02695 6.22923 6.37097 
2.62468 2.72724 4.93551 5.70034 6.02695 6.22923 
2.62468 2.72724 3.26817 3.27859 3.78623 4.93551 
0.408778 2.62468 2.72724 2.88991 3.26817 3.27859 
0.408778 2.62468 2.72724 2.88991 3.26817 3.27859 
0.408778 2.62468 2.72724 2.88991 3.26817 3.27859 
0.408778 2.62468 2.68189 2.72724 2.88991 3.09259 
0.408778 2.62468 2.68189 2.72724 2.88991 3.09259 
0.408778 2.62468 2.68189 2.72724 2.88991 2.9783 
0.408778 2.62468 2.68189 2.72724 2.88991 2.9783 
0.408778 2.62468 2.68189 2.72724 2.88991 2.93819 
0.408778 2.00264 2.62468 2.68189 2.72724 2.88991 
0.408778 2.00264 2.62468 2.68189 2.72724 2.88991 
0.408778 1.40633 2.00264 2.62468 2.68189 2.72724 
0.408778 1.40633 2.00264 2.62468 2.68189 2.72724 
0.408778 1.40633 2.00264 2.62468 2.68189 2.72724 
0.408778 0.781987 1.40633 2.00264 2.61606 2.62468 
0.408778 0.781987 1.40633 1.57222 2.00104 2.00264 
0.408778 0.781987 1.40633 1.57222 2.00104 2.00264 
0.408778 0.781987 1.40633 1.57222 2.00104 2.00264 
0.408778 0.781987 1.40633 1.57222 2.00104 2.00264 
0.408778 0.781987 1.40633 1.57222 2.00104 2.00264 
0.408778 0.781987 1.40633 1.57222 2.00104 2.00264 
0.408778 0.781987 1.40633 1.57222 2.00104 2.00264 
0.408778 0.781987 1.40633 1.57222 2.00104 2.00264 
0.408778 0.781987 1.40633 1.57222 2.00104 2.00264 
0.408778 0.781987 1.40633 1.57222 2.00104 2.00264 
0.408778 0.781987 1.40633 1.57222 2.00104 2.00264 
0.408778 0.781987 1.40633 1.57222 2.00104 2.00264 
0.408778 0.781987 1.40633 1.57222 2.00104 2.00264 
0.408778 0.781987 1.40633 1.57222 2.00104 2.00264 
0.408778 0.781987 1.40633 1.57222 1.9958 2.00104 
0.408778 0.781987 1.27008 1.40633 1.57222 1.9958 
0.408778 0.781987 0.997438 1.27008 1.40633 1.57222 
0.408778 0.781987 0.997438 1.27008 1.40633 1.57222 
0.408778 0.781987 0.997438 1.27008 1.40633 1.57222 
0.408778 0.781987 0.997438 1.27008 1.40633 1.57222 
0.244955 0.408778 0.676054 0.781987 0.997438 1.27008 
0.244955 0.408778 0.676054 0.781987 0.997438 1.27008 
0.244955 0.408778 0.676054 0.781987 0.997438 1.27008 
0.244955 0.408778 0.562161 0.676054 0.781987 0.997438 
0.244955 0.408778 0.562161 0.676054 0.781987 0.997438 
0.244955 0.408778 0.562161 0.676054 0.753661 0.781987 
0.244955 0.408778 0.562161 0.676054 0.753661 0.781987 
0.244955 0.408778 0.562161 0.676054 0.753661 0.781987 
0.244955 0.408778 0.562161 0.676054 0.753661 0.781987 
0.244955 0.408778 0.562161 0.676054 0.753661 0.781987 
0.244955 0.362992 0.408778 0.562161 0.676054 0.753661 
0.244955 0.362992 0.408778 0.562161 0.676054 0.753661 
0.244955 0.362992 0.408778 0.562161 0.676054 0.753661 
0.244955 0.362992 0.408778 0.562161 0.676054 0.753661 
0.244955 0.362992 0.408778 0.562161 0.676054 0.753661 
0.244955 0.362992 0.408778 0.562161 0.676054 0.753661 
0.244955 0.362992 0.408778 0.562161 0.676054 0.753661 
0.244955 0.362992 0.408778 0.562161 0.676054 0.753661 
0.244955 0.362992 0.408778 0.562161 0.676054 0.753661 
0.244955 0.362992 0.408778 0.562161 0.676054 0.753661 
0.244955 0.362992 0.408778 0.562161 0.676054 0.753661 
0.244955 0.362992 0.408778 0.562161 0.676054 0.753661 
0.244955 0.362992 0.408778 0.562161 0.676054 0.753661 
0.244955 0.362992 0.408778 0.562161 0.676054 0.753661 
0.244955 0.362992 0.408778 0.562161 0.676054 0.753661 
0.244955 0.362992 0.408778 0.562161 0.676054 0.753661 
0.244955 0.362992 0.408778 0.562161 0.676054 0.753661 
0.244955 0.362992 0.408778 0.562161 0.676054 0.753661 
0.244955 0.362992 0.408778 0.562161 0.676054 0.753661 
0.244955 0.362992 0.408778 0.562161 0.676054 0.753661 
0.244955 0.362992 0.408778 0.562161 0.676054 0.753661 
0.244955 0.362992 0.408778 0.562161 0.676054 0.753661 
0.244955 0.362992 0.408778 0.562161 0.676054 0.753661 
0.244955 0.362992 0.408778 0.562161 0.676054 0.753661 
0.244955 0.362992 0.408778 0.562161 0.676054 0.753661 
0.244955 0.362992 0.408778 0.562161 0.676054 0.753661 
0.244955 0.362992 0.408778 0.562161 0.676054 0.753661 
0.244955 0.362992 0.408778 0.562161 0.676054 0.753661 
0.244955 0.362992 0.408778 0.562161 0.676054 0.753661 
0.244955 0.362992 0.408778 0.562161 0.676054 0.753661 
0.244955 0.362992 0.408778 0.562161 0.676054 0.753661 
0.244955 0.362992 0.408778 0.562161 0.676054 0.753661 
0.244955 0.362992 0.408778 0.562161 0.676054 0.753661 
0.244955 0.362992 0.408778 0.562161 0.676054 0.753661 
0.244955 0.362992 0.408778 0.562161 0.676054 0.753661 
0.244955 0.362992 0.408778 0.562161 0.676054 0.753661 
0.244955 0.362992 0.408778 0.562161 0.676054 0.753661 
0.244955 0.362992 0.408778 0.562161 0.676054 0.753661 
0.244955 0.362992 0.408778 0.562161 0.676054 0.753661 
0.244955 0.362992 0.408778 0.562161 0.676054 0.753661 
0.244955 0.362992 0.408778 0.562161 0.676054 0.753661 
0.244955 0.362992 0.408778 0.562161 0.676054 0.753661 
0.244955 0.362992 0.408778 0.562161 0.676054 0.753661 
0.244955 0.362992 0.408778 0.562161 0.676054 0.753661 
0.244955 0.362992 0.408778 0.562161 0.676054 0.753661 
0.244955 0.362992 0.408778 0.562161 0.676054 0.753661 
0.244955 0.362992 0.408778 0.562161 0.676054 0.753661 
0.244955 0.362992 0.408778 0.562161 0.676054 0.753661 
0.244955 0.362992 0.408778 0.562161 0.676054 0.753661 
0.244955 0.362992 0.408778 0.562161 0.676054 0.753661 
0.244955 0.362992 0.408778 0.562161 0.676054 0.753661 
0.244955 0.362992 0.408778 0.562161 0.676054 0.753661 
