3.16007 4.19159 4.40368 4.40759 4.44847 4.55048 
3.16007 3.38308 4.19159 4.27357 4.40368 4.40759 
3.16007 3.38308 3.59645 4.19159 4.23013 4.27357 
3.16007 3.34054 3.38308 3.59645 4.19159 4.23013 
3.09017 3.16007 3.34054 3.38308 3.59645 3.62586 
3.09017 3.16007 3.34054 3.38308 3.59645 3.62586 
2.6484 2.68123 3.09017 3.16007 3.34054 3.38308 
1.99931 2.6484 2.68123 3.08406 3.09017 3.16007 
0.561912 1.99931 2.04507 2.6484 2.68123 2.69484 
0.561912 1.99931 2.04507 2.6484 2.68123 2.69484 
0.561912 1.99931 2.04507 2.6484 2.68123 2.69484 
0.561912 1.28635 1.99931 2.04507 2.6484 2.68123 
0.561912 1.28635 1.32627 1.99931 2.04507 2.54554 
0.561912 1.28635 1.32627 1.89851 1.99931 2.04507 
0.561912 1.28635 1.32627 1.89851 1.99931 2.04507 
0.375331 0.561912 1.28635 1.32627 1.57416 1.89851 
0.375331 0.561912 1.28635 1.32627 1.57416 1.89851 
0.375331 0.561912 1.09454 1.28635 1.32627 1.51971 
0.375331 0.561912 1.09454 1.28635 1.32627 1.51971 
0.375331 0.561912 1.09454 1.28635 1.32627 1.51971 
0.375331 0.375862 0.561912 1.09454 1.28635 1.32627 
0.375331 0.375862 0.561912 1.03219 1.09454 1.28635 
0.375331 0.375862 0.561912 1.03219 1.09454 1.28635 
0.108675 0.375331 0.375862 0.561912 1.03219 1.09454 
0.108675 0.375331 0.375862 0.561912 0.790461 1.03219 
0.108675 0.375331 0.375862 0.561912 0.790461 1.03219 
0.108675 0.375331 0.375862 0.561912 0.790461 1.03219 
0.108675 0.375331 0.375862 0.561912 0.790461 1.03219 
0.108675 0.375331 0.375862 0.427778 0.561912 0.790461 
0.108675 0.375331 0.375862 0.427778 0.561912 0.790461 
0.108675 0.375331 0.375862 0.427778 0.561912 0.790461 
0.108675 0.375331 0.375862 0.427778 0.561912 0.584786 
0.108675 0.279511 0.375331 0.375862 0.427778 0.561912 
0.108675 0.279511 0.375331 0.375862 0.427778 0.561912 
0.108675 0.279511 0.375331 0.375862 0.427778 0.469483 
0.108675 0.279511 0.375331 0.375862 0.427778 0.469483 
0.0686344 0.108675 0.279511 0.375331 0.375862 0.427778 
0.0686344 0.108675 0.217985 0.279511 0.375331 0.375862 
0.0686344 0.108675 0.217985 0.279511 0.375331 0.375862 
0.0686344 0.108675 0.217985 0.279511 0.375331 0.375862 
0.0686344 0.108675 0.217985 0.279511 0.375331 0.375862 
0.0686344 0.108675 0.217985 0.279511 0.375331 0.375862 
0.0686344 0.108675 0.217985 0.279511 0.375331 0.375862 
0.0686344 0.108675 0.217985 0.279511 0.375331 0.375862 
0.0686344 0.108675 0.217985 0.279511 0.375331 0.375862 
0.0686344 0.108675 0.217985 0.279511 0.375331 0.375862 
0.0686344 0.108675 0.217985 0.239781 0.279511 0.375331 
0.0686344 0.108675 0.171688 0.217985 0.239781 0.279511 
0.0686344 0.108675 0.171688 0.217985 0.239781 0.279511 
0.0686344 0.108675 0.171688 0.217985 0.239781 0.279511 
0.0686344 0.108675 0.171688 0.217985 0.239781 0.279511 
0.0686344 0.108675 0.171688 0.217985 0.239781 0.268888 
0.037001 0.0686344 0.108675 0.171688 0.217985 0.239781 
0.037001 0.0686344 0.108675 0.171688 0.217985 0.239781 
0.037001 0.0686344 0.108675 0.171688 0.217985 0.239781 
0.037001 0.0686344 0.108675 0.171688 0.217985 0.239781 
0.037001 0.0686344 0.108675 0.171688 0.217985 0.239781 
0.037001 0.0686344 0.108675 0.171688 0.217985 0.239781 
0.037001 0.0686344 0.108675 0.171688 0.217985 0.239781 
0.037001 0.0686344 0.108675 0.171688 0.217985 0.239781 
0.037001 0.0686344 0.108675 0.171688 0.217985 0.239781 
0.037001 0.0686344 0.108675 0.171688 0.217985 0.239781 
0.037001 0.0686344 0.108675 0.171688 0.217985 0.239781 
0.037001 0.0686344 0.108675 0.171688 0.217985 0.239781 
0.037001 0.0686344 0.108675 0.171688 0.217985 0.239781 
0.037001 0.0686344 0.108675 0.171688 0.217985 0.239781 
0.037001 0.0686344 0.108675 0.171688 0.217985 0.239781 
0.037001 0.0686344 0.108675 0.171688 0.217985 0.239781 
0.037001 0.0686344 0.108675 0.171688 0.217985 0.239781 
0.037001 0.0686344 0.108675 0.171688 0.217985 0.239781 
0.037001 0.0686344 0.108675 0.171688 0.217985 0.239781 
0.037001 0.0686344 0.108675 0.171688 0.217985 0.239781 
0.037001 0.0686344 0.108675 0.171688 0.217985 0.239781 
0.037001 0.0686344 0.108675 0.171688 0.217985 0.239781 
0.037001 0.0686344 0.108675 0.171688 0.217985 0.239781 
0.037001 0.0686344 0.108675 0.171688 0.217985 0.239781 
0.037001 0.0686344 0.108675 0.171688 0.217985 0.239781 
0.037001 0.0686344 0.108675 0.171688 0.217985 0.239781 
0.037001 0.0686344 0.108675 0.171688 0.217985 0.239781 
0.037001 0.0686344 0.108675 0.171688 0.217985 0.239781 
0.037001 0.0686344 0.108675 0.171688 0.217985 0.239781 
0.037001 0.0686344 0.108675 0.171688 0.217985 0.239781 
0.037001 0.0686344 0.108675 0.171688 0.217985 0.239781 
0.037001 0.0686344 0.108675 0.171688 0.217985 0.239781 
0.037001 0.0686344 0.108675 0.171688 0.217985 0.239781 
0.037001 0.0686344 0.108675 0.171688 0.217985 0.239781 
0.037001 0.0686344 0.108675 0.171688 0.217985 0.239781 
0.037001 0.0686344 0.108675 0.171688 0.217985 0.239781 
0.037001 0.0686344 0.108675 0.171688 0.217985 0.239781 
0.037001 0.0686344 0.108675 0.171688 0.217985 0.239781 
0.037001 0.0686344 0.108675 0.171688 0.217985 0.239781 
0.037001 0.0686344 0.108675 0.171688 0.217985 0.239781 
0.037001 0.0686344 0.108675 0.171688 0.217985 0.239781 
0.037001 0.0686344 0.108675 0.171688 0.217985 0.239781 
0.037001 0.0686344 0.108675 0.171688 0.217985 0.239781 
0.037001 0.0686344 0.108675 0.171688 0.217985 0.239781 
0.037001 0.0686344 0.108675 0.171688 0.217985 0.239781 
0.037001 0.0686344 0.108675 0.171688 0.217985 0.239781 
0.037001 0.0686344 0.108675 0.171688 0.217985 0.239781 
0.037001 0.0686344 0.108675 0.171688 0.217985 0.239781 
