2.52765 3.22952 3.92802 3.99764 4.39335 4.55572 
2.52765 3.17201 3.22952 3.34757 3.80626 3.92802 
2.52765 2.63572 3.17201 3.22952 3.28254 3.34757 
2.52765 2.63572 2.89907 3.17201 3.22952 3.28254 
2.52765 2.63572 2.7429 2.89907 2.9232 3.17201 
2.52765 2.63572 2.7429 2.89907 2.9232 2.99402 
2.52765 2.63572 2.7429 2.89907 2.9232 2.99402 
2.52765 2.63572 2.7429 2.89907 2.9232 2.99402 
2.52765 2.63572 2.7429 2.89907 2.9232 2.99402 
0.924429 2.52765 2.63572 2.7429 2.89907 2.9232 
0.924429 1.79286 2.52765 2.63572 2.7429 2.89907 
0.924429 1.79286 2.52765 2.63572 2.66711 2.7429 
0.924429 1.79286 2.37099 2.52765 2.63572 2.66711 
0.924429 1.79286 2.37099 2.52765 2.63572 2.66711 
0.924429 1.0993 1.79286 2.37099 2.52765 2.63572 
0.924429 1.0993 1.4572 1.79286 2.37099 2.52765 
0.924429 1.0993 1.4572 1.79286 2.37099 2.52765 
0.924429 1.0993 1.4572 1.79286 2.37099 2.52765 
0.924429 1.0993 1.4572 1.79286 2.37099 2.52765 
0.592401 0.924429 1.0993 1.4572 1.79286 2.37099 
0.592401 0.924429 1.0993 1.4572 1.79286 1.94861 
0.592401 0.924429 1.0993 1.4572 1.59755 1.79286 
0.592401 0.924429 1.0993 1.4572 1.59755 1.79286 
0.592401 0.924429 0.927446 1.0993 1.4572 1.59755 
0.592401 0.924429 0.927446 0.935374 1.0993 1.21495 
0.415239 0.592401 0.924429 0.927446 0.935374 1.05703 
0.415239 0.592401 0.924429 0.927446 0.935374 1.05703 
0.143225 0.415239 0.592401 0.924429 0.927446 0.935374 
0.143225 0.415239 0.592401 0.924429 0.927446 0.935374 
0.143225 0.415239 0.592401 0.924429 0.927446 0.935374 
0.143225 0.325122 0.415239 0.592401 0.924429 0.927446 
0.143225 0.319043 0.325122 0.415239 0.552828 0.592401 
0.143225 0.319043 0.325122 0.415239 0.487276 0.552828 
0.143225 0.319043 0.325122 0.415239 0.487276 0.552828 
0.143225 0.319043 0.325122 0.415239 0.480767 0.487276 
0.143225 0.319043 0.325122 0.415239 0.480767 0.487276 
0.143225 0.319043 0.325122 0.415239 0.477686 0.480767 
0.12135 0.143225 0.319043 0.325122 0.331207 0.415239 
0.12135 0.143225 0.319043 0.325122 0.331207 0.415239 
0.12135 0.143225 0.319043 0.325122 0.331207 0.415239 
0.12135 0.143225 0.319043 0.325122 0.331207 0.415239 
0.12135 0.143225 0.319043 0.325122 0.331207 0.415239 
0.12135 0.143225 0.319043 0.325122 0.331207 0.415239 
0.12135 0.143225 0.238457 0.319043 0.325122 0.331207 
0.12135 0.143225 0.238457 0.319043 0.325122 0.331207 
0.12135 0.143225 0.238457 0.319043 0.325122 0.331207 
0.12135 0.143225 0.238457 0.319043 0.325122 0.331207 
0.12135 0.143225 0.238457 0.319043 0.325122 0.331207 
0.12135 0.143225 0.238457 0.290419 0.319043 0.325122 
0.12135 0.143225 0.238457 0.290419 0.319043 0.325122 
0.12135 0.143225 0.238457 0.290419 0.319043 0.325122 
0.12135 0.143225 0.238457 0.290419 0.319043 0.325122 
0.12135 0.143225 0.238457 0.290419 0.319043 0.325122 
0.12135 0.143225 0.238457 0.290419 0.319043 0.325122 
0.12135 0.143225 0.238457 0.290419 0.319043 0.325122 
0.12135 0.143225 0.238457 0.290419 0.319043 0.325122 
0.12135 0.143225 0.238457 0.290419 0.319043 0.325122 
0.12135 0.143225 0.238457 0.290419 0.319043 0.325122 
0.12135 0.143225 0.238457 0.290419 0.319043 0.325122 
0.12135 0.143225 0.238457 0.290419 0.319043 0.325122 
0.12135 0.143225 0.238457 0.290419 0.319043 0.325122 
0.12135 0.143225 0.238457 0.290419 0.319043 0.325122 
0.12135 0.143225 0.238457 0.290419 0.319043 0.325122 
0.12135 0.143225 0.238457 0.290419 0.319043 0.325122 
0.12135 0.143225 0.238457 0.290419 0.319043 0.325122 
0.12135 0.143225 0.238457 0.290419 0.319043 0.325122 
0.12135 0.143225 0.238457 0.290419 0.319043 0.325122 
0.12135 0.143225 0.238457 0.290419 0.319043 0.325122 
0.12135 0.143225 0.238457 0.290419 0.319043 0.325122 
0.12135 0.143225 0.238457 0.290419 0.319043 0.325122 
0.12135 0.143225 0.238457 0.290419 0.319043 0.325122 
0.12135 0.143225 0.238457 0.290419 0.319043 0.325122 
0.12135 0.143225 0.238457 0.290419 0.319043 0.325122 
0.12135 0.143225 0.238457 0.290419 0.319043 0.325122 
0.12135 0.143225 0.238457 0.290419 0.319043 0.325122 
0.12135 0.143225 0.238457 0.290419 0.319043 0.325122 
0.12135 0.143225 0.238457 0.290419 0.319043 0.325122 
0.12135 0.143225 0.238457 0.290419 0.319043 0.325122 
0.12135 0.143225 0.238457 0.290419 0.319043 0.325122 
0.12135 0.143225 0.238457 0.290419 0.319043 0.325122 
0.12135 0.143225 0.238457 0.290419 0.319043 0.325122 
0.12135 0.143225 0.238457 0.290419 0.319043 0.325122 
0.12135 0.143225 0.238457 0.290419 0.319043 0.325122 
0.12135 0.143225 0.238457 0.290419 0.319043 0.325122 
0.12135 0.143225 0.238457 0.290419 0.319043 0.325122 
0.12135 0.143225 0.238457 0.290419 0.319043 0.325122 
0.12135 0.143225 0.238457 0.290419 0.319043 0.325122 
0.12135 0.143225 0.238457 0.290419 0.319043 0.325122 
0.12135 0.143225 0.238457 0.290419 0.319043 0.325122 
0.12135 0.143225 0.238457 0.290419 0.319043 0.325122 
0.12135 0.143225 0.238457 0.290419 0.319043 0.325122 
0.12135 0.143225 0.238457 0.290419 0.319043 0.325122 
0.12135 0.143225 0.238457 0.290419 0.319043 0.325122 
0.12135 0.143225 0.238457 0.290419 0.319043 0.325122 
0.12135 0.143225 0.238457 0.290419 0.319043 0.325122 
0.12135 0.143225 0.238457 0.290419 0.319043 0.325122 
0.12135 0.143225 0.238457 0.290419 0.319043 0.325122 
0.12135 0.143225 0.238457 0.290419 0.319043 0.325122 
0.12135 0.143225 0.238457 0.290419 0.319043 0.325122 
0.12135 0.143225 0.238457 0.290419 0.319043 0.325122 
