3.38243 4.96638 5.73892 5.93714 6.59335 6.97419 
3.38243 4.96638 5.10615 5.73892 5.86502 5.93714 
3.38243 4.23146 4.96638 5.10615 5.28288 5.73892 
3.38243 3.782 3.9312 4.12781 4.23146 4.30055 
2.67872 3.38243 3.782 3.9312 4.12781 4.23146 
1.31933 2.67872 3.38243 3.70962 3.782 3.9312 
1.31933 2.67872 3.21445 3.38243 3.70962 3.782 
0.173113 1.31933 2.67872 3.21445 3.38243 3.70962 
0.173113 1.31933 2.67872 2.90015 3.15018 3.21445 
0.173113 1.31933 2.67872 2.90015 3.15018 3.21445 
0.173113 0.27579 1.31933 2.67872 2.90015 3.15018 
0.173113 0.27579 1.31933 2.67872 2.83599 2.90015 
0.173113 0.27579 1.31933 2.67872 2.83599 2.90015 
0.173113 0.27579 1.31933 2.09147 2.67872 2.83599 
0.173113 0.27579 1.31933 2.09147 2.67872 2.83599 
0.173113 0.27579 1.31933 2.09147 2.67872 2.83599 
0.173113 0.27579 1.31933 2.09147 2.67872 2.83599 
0.173113 0.27579 1.31933 2.09147 2.41774 2.65243 
0.173113 0.27579 1.31933 2.09147 2.41774 2.65243 
0.173113 0.27579 1.31933 2.09147 2.41774 2.65243 
0.173113 0.27579 1.31933 2.09147 2.41774 2.65243 
0.173113 0.27579 1.31933 1.44792 2.09147 2.41774 
0.173113 0.27579 1.31933 1.44792 2.09147 2.37951 
0.173113 0.27579 1.31933 1.44792 2.09147 2.37951 
0.173113 0.27579 0.284301 1.31933 1.44792 2.09147 
0.173113 0.27579 0.284301 1.31933 1.44792 2.09147 
0.173113 0.27579 0.284301 1.31933 1.44792 2.09147 
0.173113 0.27579 0.284301 1.26573 1.31933 1.44792 
0.173113 0.27579 0.284301 1.26573 1.31933 1.44792 
0.173113 0.27579 0.284301 1.26573 1.31933 1.41223 
0.173113 0.27579 0.284301 1.26573 1.31933 1.41223 
0.173113 0.27579 0.284301 1.26573 1.31933 1.41223 
0.173113 0.27579 0.284301 1.26573 1.31933 1.41223 
0.173113 0.27579 0.284301 1.26573 1.31933 1.41223 
0.173113 0.27579 0.284301 1.26573 1.31933 1.41223 
0.173113 0.27579 0.284301 0.314783 1.26573 1.31933 
0.173113 0.27579 0.284301 0.314783 1.26573 1.31933 
0.173113 0.27579 0.284301 0.314783 1.21524 1.26573 
0.173113 0.27579 0.284301 0.314783 1.21524 1.26573 
0.173113 0.27579 0.284301 0.314783 1.21524 1.26573 
0.173113 0.27579 0.284301 0.314783 1.21524 1.26573 
0.173113 0.27579 0.284301 0.314783 1.21524 1.26573 
0.173113 0.27579 0.284301 0.314783 0.749385 1.21524 
0.173113 0.27579 0.284301 0.314783 0.749385 1.21524 
0.173113 0.27579 0.284301 0.314783 0.749385 0.943227 
0.173113 0.27579 0.284301 0.314783 0.749385 0.899964 
0.173113 0.27579 0.284301 0.314783 0.749385 0.812901 
0.173113 0.27579 0.284301 0.314783 0.749385 0.812901 
0.173113 0.27579 0.284301 0.314783 0.550598 0.749385 
0.173113 0.27579 0.284301 0.314783 0.398361 0.550598 
0.173113 0.27579 0.284301 0.314783 0.398361 0.550598 
0.173113 0.27579 0.284301 0.314783 0.398361 0.550598 
0.173113 0.27579 0.284301 0.314783 0.398361 0.550598 
0.0848756 0.173113 0.27579 0.284301 0.314783 0.398361 
0.0848756 0.173113 0.217158 0.27579 0.284301 0.314783 
0.0848756 0.173113 0.217158 0.27579 0.284301 0.314783 
0.0848756 0.173113 0.217158 0.27579 0.284301 0.314783 
0.0848756 0.173113 0.217158 0.27579 0.284301 0.314783 
0.0848756 0.173113 0.210816 0.217158 0.27579 0.284301 
0.0848756 0.0905926 0.173113 0.210816 0.217158 0.27579 
0.0848756 0.0905926 0.173113 0.210816 0.217158 0.27579 
0.0848756 0.0905926 0.173113 0.210816 0.217158 0.27579 
0.0848756 0.0905926 0.173113 0.210816 0.217158 0.27579 
0.0848756 0.0905926 0.173113 0.210816 0.217158 0.27579 
0.0848756 0.0905926 0.173113 0.210816 0.217158 0.27579 
0.0848756 0.0905926 0.173113 0.210816 0.217158 0.27579 
0.0848756 0.0905926 0.173113 0.210816 0.217158 0.27579 
0.0848756 0.0905926 0.173113 0.210816 0.217158 0.27579 
0.0848756 0.0905926 0.173113 0.210816 0.217158 0.27579 
0.0848756 0.0905926 0.173113 0.210816 0.217158 0.27579 
0.0848756 0.0905926 0.173113 0.210816 0.217158 0.27579 
0.0848756 0.0905926 0.173113 0.210816 0.217158 0.27579 
0.0848756 0.0905926 0.173113 0.210816 0.217158 0.27579 
0.0848756 0.0905926 0.173113 0.210816 0.217158 0.27579 
0.0848756 0.0905926 0.173113 0.210816 0.217158 0.27579 
0.0848756 0.0905926 0.173113 0.210816 0.217158 0.27579 
0.0848756 0.0905926 0.173113 0.210816 0.217158 0.27579 
0.0848756 0.0905926 0.173113 0.210816 0.217158 0.27579 
0.0848756 0.0905926 0.173113 0.210816 0.217158 0.27579 
0.0848756 0.0905926 0.173113 0.210816 0.217158 0.27579 
0.0848756 0.0905926 0.173113 0.210816 0.217158 0.27579 
0.0848756 0.0905926 0.173113 0.210816 0.217158 0.27579 
0.0848756 0.0905926 0.173113 0.210816 0.217158 0.27579 
0.0848756 0.0905926 0.173113 0.210816 0.217158 0.27579 
0.0848756 0.0905926 0.173113 0.210816 0.217158 0.27579 
0.0848756 0.0905926 0.173113 0.210816 0.217158 0.27579 
0.0848756 0.0905926 0.173113 0.210816 0.217158 0.27579 
0.0848756 0.0905926 0.173113 0.210816 0.217158 0.27579 
0.0848756 0.0905926 0.173113 0.210816 0.217158 0.27579 
0.0848756 0.0905926 0.173113 0.210816 0.217158 0.27579 
0.0848756 0.0905926 0.173113 0.210816 0.217158 0.27579 
0.0848756 0.0905926 0.173113 0.210816 0.217158 0.27579 
0.0848756 0.0905926 0.173113 0.210816 0.217158 0.27579 
0.0848756 0.0905926 0.173113 0.210816 0.217158 0.27579 
0.0848756 0.0905926 0.173113 0.210816 0.217158 0.27579 
0.0848756 0.0905926 0.173113 0.210816 0.217158 0.27579 
0.0848756 0.0905926 0.173113 0.210816 0.217158 0.27579 
0.0848756 0.0905926 0.173113 0.210816 0.217158 0.27579 
0.0848756 0.0905926 0.173113 0.210816 0.217158 0.27579 
0.0848756 0.0905926 0.173113 0.210816 0.217158 0.27579 
