2.85684 3.81056 3.96753 4.01125 4.30461 4.39257 
2.85684 3.23302 3.51767 3.81056 3.89369 3.92619 
2.85684 3.23302 3.40521 3.51767 3.81056 3.89369 
2.58588 2.85684 3.23302 3.40521 3.51767 3.81056 
2.57233 2.58588 2.85684 3.23302 3.40521 3.51767 
2.57233 2.58588 2.85684 3.22863 3.23302 3.38513 
2.57233 2.58588 2.74396 2.85684 2.85736 3.22863 
2.57233 2.58588 2.74396 2.85684 2.85736 3.20669 
2.57233 2.58588 2.74396 2.85684 2.85736 2.96201 
2.49381 2.57233 2.58588 2.74396 2.85684 2.85736 
1.8453 2.49381 2.57233 2.58588 2.74396 2.85684 
1.8453 2.49381 2.57233 2.58588 2.61845 2.74396 
1.8453 2.49381 2.57233 2.58588 2.61845 2.74396 
1.8453 2.49381 2.57233 2.58588 2.61845 2.74396 
1.8453 2.28025 2.49381 2.56055 2.57233 2.58588 
1.8453 2.28025 2.49381 2.56055 2.57233 2.58588 
1.8453 2.28025 2.49381 2.56055 2.57233 2.58588 
0.172607 0.191564 1.8453 2.28025 2.49381 2.56055 
0.172607 0.191564 1.8453 1.85711 2.28025 2.351 
0.172607 0.191564 1.8453 1.85711 2.01973 2.28025 
0.172607 0.191564 1.8453 1.85711 2.01973 2.28025 
0.172607 0.191564 0.824167 0.868069 1.8453 1.85711 
0.172607 0.191564 0.824167 0.868069 1.8453 1.85711 
0.172607 0.191564 0.824167 0.868069 1.8453 1.85711 
0.172607 0.191564 0.824167 0.868069 1.8453 1.85711 
0.172607 0.191564 0.824167 0.868069 0.901694 1.40212 
0.172607 0.191564 0.631659 0.824167 0.868069 0.901694 
0.172607 0.191564 0.233485 0.631659 0.824167 0.868069 
0.172607 0.191564 0.233485 0.572947 0.631659 0.824167 
0.172607 0.191564 0.233485 0.572947 0.631659 0.72687 
0.172607 0.191564 0.233485 0.572947 0.631659 0.72687 
0.172607 0.191564 0.233485 0.572947 0.631659 0.72687 
0.172607 0.191564 0.233485 0.572947 0.631659 0.72687 
0.172607 0.191564 0.233485 0.572947 0.631659 0.649749 
0.172607 0.191564 0.233485 0.572947 0.631659 0.649749 
0.172607 0.191564 0.230511 0.233485 0.572947 0.631659 
0.172607 0.191564 0.230511 0.233485 0.572947 0.631659 
0.172607 0.191564 0.230511 0.233485 0.572947 0.631659 
0.172607 0.191564 0.230511 0.233485 0.572947 0.631659 
0.172607 0.191564 0.230511 0.233485 0.398157 0.572947 
0.172607 0.191564 0.230511 0.233485 0.398157 0.572947 
0.172607 0.191564 0.230511 0.233485 0.398157 0.572947 
0.172607 0.191564 0.230511 0.233485 0.398157 0.572947 
0.172607 0.191564 0.230511 0.233485 0.398157 0.572947 
0.172607 0.191564 0.230511 0.233485 0.398157 0.572947 
0.172607 0.191564 0.230511 0.233485 0.398157 0.572947 
0.172607 0.191564 0.230511 0.233485 0.398157 0.572947 
0.172607 0.191564 0.230511 0.233485 0.398157 0.572947 
0.172607 0.191564 0.230511 0.233485 0.398157 0.572947 
0.172607 0.191564 0.230511 0.233485 0.398157 0.572947 
0.172607 0.191564 0.230511 0.233485 0.398157 0.572947 
0.172607 0.191564 0.230511 0.233485 0.398157 0.572947 
0.172607 0.191564 0.230511 0.233485 0.398157 0.572947 
0.172607 0.191564 0.230511 0.233485 0.398157 0.572947 
0.172607 0.191564 0.230511 0.233485 0.398157 0.572947 
0.172607 0.191564 0.230511 0.233485 0.398157 0.572947 
0.172607 0.191564 0.230511 0.233485 0.398157 0.572947 
0.172607 0.191564 0.230511 0.233485 0.398157 0.572947 
0.172607 0.191564 0.230511 0.233485 0.398157 0.572947 
0.172607 0.191564 0.230511 0.233485 0.398157 0.572947 
0.172607 0.191564 0.230511 0.233485 0.398157 0.572947 
0.172607 0.191564 0.230511 0.233485 0.398157 0.572947 
0.172607 0.191564 0.230511 0.233485 0.398157 0.572947 
0.172607 0.191564 0.230511 0.233485 0.398157 0.572947 
0.172607 0.191564 0.230511 0.233485 0.398157 0.572947 
0.172607 0.191564 0.230511 0.233485 0.398157 0.572947 
0.172607 0.191564 0.230511 0.233485 0.398157 0.572947 
0.172607 0.191564 0.230511 0.233485 0.398157 0.572947 
0.172607 0.191564 0.230511 0.233485 0.398157 0.572947 
0.172607 0.191564 0.230511 0.233485 0.398157 0.572947 
0.172607 0.191564 0.230511 0.233485 0.398157 0.572947 
0.172607 0.191564 0.230511 0.233485 0.398157 0.572947 
0.172607 0.191564 0.230511 0.233485 0.398157 0.572947 
0.172607 0.191564 0.230511 0.233485 0.398157 0.572947 
0.172607 0.191564 0.230511 0.233485 0.398157 0.572947 
0.172607 0.191564 0.230511 0.233485 0.398157 0.572947 
0.172607 0.191564 0.230511 0.233485 0.398157 0.572947 
0.172607 0.191564 0.230511 0.233485 0.398157 0.572947 
0.172607 0.191564 0.230511 0.233485 0.398157 0.572947 
0.172607 0.191564 0.230511 0.233485 0.398157 0.572947 
0.172607 0.191564 0.230511 0.233485 0.398157 0.572947 
0.172607 0.191564 0.230511 0.233485 0.398157 0.572947 
0.172607 0.191564 0.230511 0.233485 0.398157 0.572947 
0.172607 0.191564 0.230511 0.233485 0.398157 0.572947 
0.172607 0.191564 0.230511 0.233485 0.398157 0.572947 
0.172607 0.191564 0.230511 0.233485 0.398157 0.572947 
0.172607 0.191564 0.230511 0.233485 0.398157 0.572947 
0.172607 0.191564 0.230511 0.233485 0.398157 0.572947 
0.172607 0.191564 0.230511 0.233485 0.398157 0.572947 
0.172607 0.191564 0.230511 0.233485 0.398157 0.572947 
0.172607 0.191564 0.230511 0.233485 0.398157 0.572947 
0.172607 0.191564 0.230511 0.233485 0.398157 0.572947 
0.172607 0.191564 0.230511 0.233485 0.398157 0.572947 
0.172607 0.191564 0.230511 0.233485 0.398157 0.572947 
0.172607 0.191564 0.230511 0.233485 0.398157 0.572947 
0.172607 0.191564 0.230511 0.233485 0.398157 0.572947 
0.172607 0.191564 0.230511 0.233485 0.398157 0.572947 
0.172607 0.191564 0.230511 0.233485 0.398157 0.572947 
0.172607 0.191564 0.230511 0.233485 0.398157 0.572947 
0.172607 0.191564 0.230511 0.233485 0.398157 0.572947 
