2.64232 3.24755 3.36736 3.77461 3.89292 4.06034 
2.64232 2.96939 3.24755 3.24787 3.36736 3.77461 
2.64232 2.73303 2.96939 3.24755 3.24787 3.36736 
2.64232 2.72138 2.73303 2.96939 3.08142 3.24755 
2.64232 2.72138 2.73303 2.96939 2.99014 3.08142 
0.898335 2.55519 2.64232 2.72138 2.73303 2.96939 
0.898335 2.55519 2.59856 2.64232 2.72138 2.73303 
0.898335 1.18817 2.55519 2.58752 2.59856 2.64232 
0.898335 1.18817 2.15417 2.55519 2.58752 2.59856 
0.898335 1.18817 1.58292 2.15417 2.55519 2.58752 
0.898335 1.18817 1.58292 2.15417 2.55519 2.58752 
0.898335 1.15099 1.18817 1.35676 1.58292 2.15417 
0.898335 1.15099 1.18817 1.35676 1.58292 2.15417 
0.898335 1.15099 1.18817 1.35676 1.58292 2.15417 
0.898335 1.15099 1.18817 1.21788 1.35676 1.58292 
0.898335 1.15099 1.18817 1.21788 1.35676 1.58292 
0.898335 1.15099 1.18817 1.21788 1.35676 1.58292 
0.898335 1.15099 1.18817 1.21788 1.35676 1.58292 
0.898335 1.15099 1.18817 1.21788 1.35676 1.58292 
0.898335 1.15099 1.18817 1.21788 1.35676 1.58292 
0.898335 1.15099 1.18817 1.21788 1.35676 1.58292 
0.801032 0.898335 1.15099 1.17984 1.18817 1.21788 
0.801032 0.898335 1.15099 1.17984 1.18817 1.21788 
0.801032 0.898335 1.15099 1.17984 1.18817 1.21788 
0.680781 0.801032 0.898335 1.15099 1.17984 1.18817 
0.680781 0.801032 0.898335 1.15099 1.17984 1.18817 
0.680781 0.801032 0.898335 1.15099 1.17984 1.18817 
0.680781 0.801032 0.898335 1.15099 1.17984 1.18817 
0.680781 0.801032 0.898335 1.15099 1.17984 1.18817 
0.680781 0.801032 0.898335 1.15099 1.17984 1.18817 
0.680781 0.801032 0.898335 1.15099 1.17984 1.18817 
0.680781 0.801032 0.898335 1.15099 1.17984 1.18817 
0.680781 0.735025 0.801032 0.898335 0.963875 1.15099 
0.680781 0.735025 0.801032 0.898335 0.963875 1.15099 
0.680781 0.735025 0.801032 0.898335 0.963875 1.10718 
0.680781 0.735025 0.801032 0.898335 0.963875 1.10718 
0.680781 0.735025 0.742096 0.801032 0.898335 0.939721 
0.463151 0.680781 0.735025 0.742096 0.801032 0.898335 
0.463151 0.680781 0.718016 0.727492 0.735025 0.742096 
0.463151 0.680781 0.718016 0.727492 0.735025 0.742096 
0.463151 0.600279 0.680781 0.718016 0.727492 0.731231 
0.463151 0.551443 0.579342 0.600279 0.680781 0.718016 
0.463151 0.551443 0.579342 0.600279 0.680781 0.718016 
0.463151 0.551443 0.579342 0.600279 0.680781 0.718016 
0.463151 0.551443 0.579342 0.586975 0.600279 0.680781 
0.113485 0.463151 0.551443 0.579342 0.586975 0.600279 
0.113485 0.463151 0.551443 0.579342 0.586975 0.600279 
0.113485 0.463151 0.483817 0.551443 0.579342 0.586975 
0.113485 0.196868 0.463151 0.475427 0.483817 0.551443 
0.113485 0.196868 0.463151 0.475427 0.483817 0.507629 
0.113485 0.196868 0.211376 0.26663 0.463151 0.475427 
0.113485 0.196868 0.211376 0.26663 0.40536 0.463151 
0.113485 0.196868 0.211376 0.26663 0.40536 0.463151 
0.113485 0.196868 0.211376 0.243859 0.26663 0.393998 
0.0935203 0.113485 0.196868 0.211376 0.243859 0.26663 
0.0935203 0.113485 0.196868 0.211376 0.243859 0.26663 
0.0935203 0.113485 0.196868 0.211376 0.243859 0.26663 
0.0935203 0.113485 0.196868 0.211376 0.243859 0.26663 
0.0413229 0.0935203 0.113485 0.196868 0.211376 0.243859 
0.0413229 0.0935203 0.113485 0.135791 0.196868 0.211376 
0.0413229 0.0682992 0.0935203 0.113485 0.135791 0.174689 
0.0413229 0.0682992 0.0935203 0.113485 0.135791 0.174689 
0.00470655 0.0413229 0.0682992 0.0935203 0.113485 0.135791 
0.00470655 0.0413229 0.0448815 0.0682992 0.0935203 0.112229 
0.00470655 0.0413229 0.0448815 0.0682992 0.0935203 0.112229 
0.00470655 0.0413229 0.0448815 0.0682992 0.0935203 0.112229 
0.00470655 0.0413229 0.0448815 0.0682992 0.0935203 0.112229 
0.00470655 0.0413229 0.0448815 0.0682992 0.0935203 0.112229 
0.00470655 0.0413229 0.0448815 0.0682992 0.0935203 0.112229 
0.00470655 0.0413229 0.0448815 0.0682992 0.0935203 0.112229 
0.00470655 0.0413229 0.0448815 0.0682992 0.0935203 0.112229 
0.00470655 0.0413229 0.0448815 0.0682992 0.0935203 0.112229 
0.00470655 0.0413229 0.0448815 0.0682992 0.0935203 0.112229 
0.00470655 0.0413229 0.0448815 0.0682992 0.0935203 0.112229 
0.00470655 0.0413229 0.0448815 0.0682992 0.0935203 0.112229 
0.00470655 0.0413229 0.0448815 0.0682992 0.0935203 0.112229 
0.00470655 0.0413229 0.0448815 0.0682992 0.0935203 0.112229 
0.00470655 0.0413229 0.0448815 0.0682992 0.0935203 0.112229 
0.00470655 0.0413229 0.0448815 0.0682992 0.0935203 0.112229 
0.00470655 0.0413229 0.0448815 0.0682992 0.0935203 0.112229 
0.00470655 0.0413229 0.0448815 0.0682992 0.0935203 0.112229 
0.00470655 0.0413229 0.0448815 0.0682992 0.0935203 0.112229 
0.00470655 0.0413229 0.0448815 0.0682992 0.0935203 0.112229 
0.00470655 0.0413229 0.0448815 0.0682992 0.0935203 0.112229 
0.00470655 0.0413229 0.0448815 0.0682992 0.0935203 0.112229 
0.00470655 0.0413229 0.0448815 0.0682992 0.0935203 0.112229 
0.00470655 0.0413229 0.0448815 0.0682992 0.0935203 0.112229 
0.00470655 0.0413229 0.0448815 0.0682992 0.0935203 0.112229 
0.00470655 0.0413229 0.0448815 0.0682992 0.0935203 0.112229 
0.00470655 0.0413229 0.0448815 0.0682992 0.0935203 0.112229 
0.00470655 0.0413229 0.0448815 0.0682992 0.0935203 0.112229 
0.00470655 0.0413229 0.0448815 0.0682992 0.0935203 0.112229 
0.00470655 0.0413229 0.0448815 0.0682992 0.0935203 0.112229 
0.00470655 0.0413229 0.0448815 0.0682992 0.0935203 0.112229 
0.00470655 0.0413229 0.0448815 0.0682992 0.0935203 0.112229 
0.00470655 0.0413229 0.0448815 0.0682992 0.0935203 0.112229 
0.00470655 0.0413229 0.0448815 0.0682992 0.0935203 0.112229 
0.00470655 0.0413229 0.0448815 0.0682992 0.0935203 0.112229 
0.00470655 0.0413229 0.0448815 0.0682992 0.0935203 0.112229 
0.00470655 0.0413229 0.0448815 0.0682992 0.0935203 0.112229 
