2.30508 2.62688 2.73962 3.22501 3.61045 3.71171 
2.30508 2.62688 2.73962 3.22501 3.61045 3.71171 
2.30508 2.62688 2.73962 3.22501 3.61045 3.71171 
2.30508 2.33467 2.62688 2.73962 3.22501 3.61045 
2.30508 2.33467 2.62688 2.73962 3.22501 3.61045 
2.30508 2.33467 2.62688 2.73962 3.22501 3.48585 
2.30508 2.33467 2.62688 2.73962 2.81783 3.22501 
2.30508 2.33467 2.62688 2.73962 2.81783 3.22501 
1.64874 2.30508 2.33467 2.62688 2.73962 2.81783 
1.2362 1.64874 2.30508 2.33467 2.62688 2.73962 
1.2362 1.64874 2.30508 2.33467 2.62688 2.73962 
1.2362 1.64874 2.30508 2.33467 2.62688 2.73962 
1.2362 1.64874 2.30508 2.33467 2.62688 2.73962 
1.2362 1.64874 1.97004 2.30508 2.33467 2.62688 
1.2362 1.64874 1.97004 2.30508 2.33467 2.62688 
0.1925 1.2362 1.64874 1.97004 2.30508 2.33467 
0.1925 1.2362 1.64874 1.97004 2.30508 2.33467 
0.1925 1.2362 1.64874 1.97004 2.30508 2.33467 
0.1925 1.2362 1.64874 1.93367 1.97004 2.30508 
0.1925 1.2362 1.64874 1.93367 1.97004 2.30508 
0.1925 0.786725 1.2362 1.41942 1.57796 1.64874 
0.1925 0.786725 1.2362 1.41942 1.57796 1.64874 
0.163845 0.1925 0.786725 1.2362 1.41942 1.57796 
0.163845 0.1925 0.786725 1.2362 1.41942 1.57796 
0.163845 0.1925 0.786725 1.2362 1.41942 1.48129 
0.163845 0.1925 0.786725 1.2362 1.41942 1.48129 
0.163845 0.1925 0.246041 0.786725 1.2362 1.30728 
0.163845 0.1925 0.246041 0.492821 0.786725 1.2362 
0.163845 0.1925 0.246041 0.492821 0.786725 1.01126 
0.163845 0.1925 0.246041 0.492821 0.786725 1.01126 
0.163845 0.1925 0.246041 0.492821 0.498402 0.507502 
0.163845 0.1925 0.246041 0.492821 0.498402 0.507502 
0.163845 0.1925 0.246041 0.492821 0.498402 0.507502 
0.163845 0.1925 0.246041 0.492821 0.498402 0.507502 
0.163845 0.1925 0.246041 0.492821 0.498402 0.507502 
0.163845 0.1925 0.246041 0.492821 0.498402 0.507502 
0.163845 0.1925 0.246041 0.492821 0.498402 0.507502 
0.163845 0.1925 0.246041 0.492821 0.498402 0.507502 
0.163845 0.1925 0.246041 0.492821 0.498402 0.507502 
0.163845 0.1925 0.246041 0.492821 0.498402 0.507502 
0.163845 0.1925 0.246041 0.492821 0.498402 0.507502 
0.163845 0.1925 0.246041 0.492821 0.498402 0.507502 
0.163845 0.1925 0.246041 0.492821 0.498402 0.507502 
0.163845 0.1925 0.246041 0.492821 0.498402 0.507502 
0.163845 0.1925 0.246041 0.492821 0.498402 0.507502 
0.163845 0.1925 0.246041 0.492821 0.498402 0.507502 
0.163845 0.1925 0.246041 0.492821 0.498402 0.507502 
0.163845 0.1925 0.246041 0.492821 0.498402 0.507502 
0.163845 0.1925 0.246041 0.492821 0.498402 0.507502 
0.163845 0.1925 0.246041 0.492821 0.498402 0.507502 
0.163845 0.1925 0.246041 0.492821 0.498402 0.507502 
0.163845 0.1925 0.246041 0.492821 0.498402 0.507502 
0.163845 0.1925 0.246041 0.492821 0.498402 0.507502 
0.163845 0.1925 0.246041 0.492821 0.498402 0.507502 
0.163845 0.1925 0.246041 0.492821 0.498402 0.507502 
0.163845 0.1925 0.246041 0.492821 0.498402 0.507502 
0.163845 0.1925 0.246041 0.492821 0.498402 0.507502 
0.163845 0.1925 0.246041 0.492821 0.498402 0.507502 
0.163845 0.1925 0.246041 0.492821 0.498402 0.507502 
0.163845 0.1925 0.246041 0.492821 0.498402 0.507502 
0.163845 0.1925 0.246041 0.492821 0.498402 0.507502 
0.163845 0.1925 0.246041 0.492821 0.498402 0.507502 
0.163845 0.1925 0.246041 0.492821 0.498402 0.507502 
0.163845 0.1925 0.246041 0.492821 0.498402 0.507502 
0.163845 0.1925 0.246041 0.492821 0.498402 0.507502 
0.163845 0.1925 0.246041 0.492821 0.498402 0.507502 
0.163845 0.1925 0.246041 0.492821 0.498402 0.507502 
0.163845 0.1925 0.246041 0.492821 0.498402 0.507502 
0.163845 0.1925 0.246041 0.492821 0.498402 0.507502 
0.163845 0.1925 0.246041 0.492821 0.498402 0.507502 
0.163845 0.1925 0.246041 0.492821 0.498402 0.507502 
0.163845 0.1925 0.246041 0.492821 0.498402 0.507502 
0.163845 0.1925 0.246041 0.492821 0.498402 0.507502 
0.163845 0.1925 0.246041 0.492821 0.498402 0.507502 
0.163845 0.1925 0.246041 0.492821 0.498402 0.507502 
0.163845 0.1925 0.246041 0.492821 0.498402 0.507502 
0.163845 0.1925 0.246041 0.492821 0.498402 0.507502 
0.163845 0.1925 0.246041 0.492821 0.498402 0.507502 
0.163845 0.1925 0.246041 0.492821 0.498402 0.507502 
0.163845 0.1925 0.246041 0.492821 0.498402 0.507502 
0.163845 0.1925 0.246041 0.492821 0.498402 0.507502 
0.163845 0.1925 0.246041 0.492821 0.498402 0.507502 
0.163845 0.1925 0.246041 0.492821 0.498402 0.507502 
0.163845 0.1925 0.246041 0.492821 0.498402 0.507502 
0.163845 0.1925 0.246041 0.492821 0.498402 0.507502 
0.163845 0.1925 0.246041 0.492821 0.498402 0.507502 
0.163845 0.1925 0.246041 0.492821 0.498402 0.507502 
0.163845 0.1925 0.246041 0.492821 0.498402 0.507502 
0.163845 0.1925 0.246041 0.492821 0.498402 0.507502 
0.163845 0.1925 0.246041 0.492821 0.498402 0.507502 
0.163845 0.1925 0.246041 0.492821 0.498402 0.507502 
0.163845 0.1925 0.246041 0.492821 0.498402 0.507502 
0.163845 0.1925 0.246041 0.492821 0.498402 0.507502 
0.163845 0.1925 0.246041 0.492821 0.498402 0.507502 
0.163845 0.1925 0.246041 0.492821 0.498402 0.507502 
0.163845 0.1925 0.246041 0.492821 0.498402 0.507502 
0.163845 0.1925 0.246041 0.492821 0.498402 0.507502 
0.163845 0.1925 0.246041 0.492821 0.498402 0.507502 
0.163845 0.1925 0.246041 0.492821 0.498402 0.507502 
0.163845 0.1925 0.246041 0.492821 0.498402 0.507502 
