3.33362 4.08931 4.11597 4.51696 5.35666 5.53396 
2.83226 2.99159 3.33362 4.08931 4.11597 4.51696 
2.83226 2.99159 3.33362 4.08931 4.11597 4.51696 
2.83226 2.99159 3.33362 4.08931 4.11597 4.41339 
2.83226 2.99159 3.33362 4.00119 4.02192 4.08931 
2.83226 2.99159 3.19268 3.33362 3.58337 3.89745 
2.83226 2.99159 3.19268 3.32666 3.33362 3.58337 
2.83226 2.99159 3.19268 3.32666 3.33362 3.58337 
2.83226 2.99159 3.19268 3.32666 3.33362 3.58337 
2.83226 2.99159 3.19268 3.32666 3.33362 3.58337 
2.67421 2.83226 2.99159 3.19268 3.32666 3.33362 
2.67421 2.83226 2.99159 3.19268 3.32666 3.33362 
2.67421 2.83226 2.99159 3.19268 3.32666 3.33362 
2.67421 2.83226 2.99159 3.19268 3.32666 3.33362 
2.67421 2.83226 2.99159 3.19268 3.32666 3.33362 
2.67421 2.83226 2.99159 3.19268 3.32666 3.33362 
2.67421 2.83226 2.99159 3.19268 3.32666 3.33362 
1.31905 2.67421 2.83226 2.99159 3.19268 3.32666 
1.31905 2.67421 2.83226 2.99159 3.19268 3.32666 
1.31905 2.67421 2.83226 2.99159 3.19268 3.32666 
1.31905 1.55059 2.67421 2.83226 2.99159 3.19268 
1.31905 1.55059 2.67421 2.83226 2.99159 3.19268 
1.31905 1.55059 2.30716 2.67421 2.83226 2.99159 
1.31905 1.55059 2.30716 2.38132 2.67421 2.83226 
1.31905 1.55059 2.30716 2.38132 2.67421 2.83226 
1.31905 1.55059 2.30716 2.38132 2.67421 2.83226 
1.31905 1.55059 2.30716 2.38132 2.67421 2.83226 
1.31905 1.55059 2.30716 2.38132 2.67421 2.83226 
1.31905 1.55059 2.19187 2.30716 2.38132 2.67421 
1.31905 1.55059 2.19187 2.30716 2.38132 2.67421 
1.31905 1.44768 1.55059 2.19187 2.30716 2.38132 
1.31905 1.44768 1.55059 2.19187 2.30716 2.38132 
1.31905 1.44768 1.55059 2.19187 2.30716 2.38132 
1.31905 1.44768 1.55059 2.19187 2.30716 2.38132 
1.31905 1.44768 1.55059 2.19187 2.30716 2.38132 
1.31905 1.44768 1.55059 2.19187 2.30716 2.38132 
1.31905 1.44768 1.55059 2.19187 2.30716 2.38132 
1.31905 1.44768 1.55059 1.78411 2.02493 2.19187 
1.31905 1.44768 1.5042 1.55059 1.78411 2.02493 
1.31905 1.44768 1.5042 1.55059 1.78411 2.02493 
1.31905 1.44768 1.468 1.5042 1.55059 1.78411 
0.50863 1.31905 1.44768 1.468 1.5042 1.55059 
0.50863 1.31905 1.44768 1.468 1.5042 1.55059 
0.14573 0.50863 1.28751 1.31905 1.44768 1.468 
0.14573 0.50863 1.28751 1.31905 1.44768 1.468 
0.14573 0.50863 1.28751 1.31905 1.44768 1.468 
0.14573 0.50863 1.28751 1.31905 1.44768 1.468 
0.14573 0.50863 1.16839 1.28751 1.31905 1.44768 
0.14573 0.50863 1.16839 1.28751 1.31905 1.44768 
0.14573 0.50863 0.775753 1.16839 1.28751 1.31905 
0.14573 0.50863 0.775753 1.16839 1.28751 1.31905 
0.14573 0.50863 0.775753 1.09127 1.16839 1.28751 
0.14573 0.50863 0.591734 0.775753 1.09127 1.15296 
0.14573 0.328201 0.50863 0.591734 0.775753 1.03853 
0.14573 0.328201 0.50863 0.591734 0.775753 1.03853 
0.14573 0.328201 0.50863 0.591734 0.775753 0.909545 
0.14573 0.328201 0.50863 0.591734 0.775753 0.909545 
0.14573 0.328201 0.50863 0.591734 0.775753 0.909545 
0.14573 0.328201 0.50863 0.591734 0.775753 0.909545 
0.14573 0.328201 0.50863 0.591734 0.775753 0.909545 
0.14573 0.328201 0.50863 0.591734 0.775753 0.909545 
0.14573 0.328201 0.50863 0.591734 0.775753 0.909545 
0.14573 0.328201 0.50863 0.591734 0.775753 0.909545 
0.14573 0.328201 0.50863 0.591734 0.775753 0.909545 
0.14573 0.328201 0.50863 0.591734 0.775753 0.909545 
0.14573 0.328201 0.50863 0.591734 0.775753 0.909545 
0.14573 0.328201 0.50863 0.591734 0.775753 0.909545 
0.14573 0.328201 0.50863 0.591734 0.775753 0.909545 
0.14573 0.328201 0.50863 0.591734 0.775753 0.909545 
0.14573 0.328201 0.50863 0.591734 0.775753 0.909545 
0.14573 0.328201 0.50863 0.591734 0.775753 0.909545 
0.14573 0.328201 0.50863 0.591734 0.775753 0.909545 
0.14573 0.328201 0.50863 0.591734 0.775753 0.909545 
0.14573 0.328201 0.50863 0.591734 0.775753 0.909545 
0.14573 0.328201 0.50863 0.591734 0.775753 0.909545 
0.14573 0.328201 0.50863 0.591734 0.775753 0.909545 
0.14573 0.328201 0.50863 0.591734 0.775753 0.909545 
0.14573 0.328201 0.50863 0.591734 0.775753 0.909545 
0.14573 0.328201 0.50863 0.591734 0.775753 0.909545 
0.14573 0.328201 0.50863 0.591734 0.775753 0.909545 
0.14573 0.328201 0.50863 0.591734 0.775753 0.909545 
0.14573 0.328201 0.50863 0.591734 0.775753 0.909545 
0.14573 0.328201 0.50863 0.591734 0.775753 0.909545 
0.14573 0.328201 0.50863 0.591734 0.775753 0.909545 
0.14573 0.328201 0.50863 0.591734 0.775753 0.909545 
0.14573 0.328201 0.50863 0.591734 0.775753 0.909545 
0.14573 0.328201 0.50863 0.591734 0.775753 0.909545 
0.14573 0.328201 0.50863 0.591734 0.775753 0.909545 
0.14573 0.328201 0.50863 0.591734 0.775753 0.909545 
0.14573 0.328201 0.50863 0.591734 0.775753 0.909545 
0.14573 0.328201 0.50863 0.591734 0.775753 0.909545 
0.14573 0.328201 0.50863 0.591734 0.775753 0.909545 
0.14573 0.328201 0.50863 0.591734 0.775753 0.909545 
0.14573 0.328201 0.50863 0.591734 0.607444 0.775753 
0.14573 0.328201 0.50863 0.591734 0.607444 0.698541 
0.14573 0.328201 0.50863 0.591734 0.607444 0.698541 
0.14573 0.328201 0.50863 0.591734 0.607444 0.698541 
0.14573 0.328201 0.50863 0.591734 0.607444 0.663212 
0.14573 0.328201 0.50863 0.588589 0.591734 0.607444 
0.14573 0.328201 0.50863 0.538782 0.588589 0.591734 
