2.70411 2.99716 3.38377 3.73636 3.86865 4.25228 
2.70411 2.99716 3.26482 3.38377 3.73636 3.86865 
2.70411 2.99716 3.26482 3.38377 3.73332 3.73636 
2.70411 2.71552 2.87064 2.99716 3.26482 3.38377 
2.70411 2.71552 2.87064 2.99716 3.26482 3.36812 
2.29848 2.70411 2.71552 2.87064 2.99716 3.26482 
2.29848 2.70411 2.71552 2.87064 2.99716 3.26482 
2.29848 2.70411 2.71552 2.87064 2.99716 3.26482 
2.29848 2.70411 2.71552 2.87064 2.92583 2.99716 
2.29848 2.70411 2.71552 2.79774 2.87064 2.92583 
1.94875 2.29848 2.63782 2.70411 2.71552 2.79774 
1.00677 1.94875 2.29848 2.63782 2.70411 2.71552 
1.00677 1.94875 2.29848 2.51066 2.63782 2.70411 
1.00677 1.94875 2.15206 2.29848 2.51066 2.54416 
1.00677 1.94875 2.15206 2.29848 2.51066 2.54416 
1.00677 1.68053 1.94875 2.15206 2.29848 2.51066 
1.00677 1.68053 1.94875 2.15206 2.29848 2.51066 
1.00677 1.68053 1.94875 2.15206 2.29848 2.42457 
1.00677 1.68053 1.94875 2.15206 2.29848 2.42457 
1.00677 1.35179 1.68053 1.94875 2.15206 2.29848 
0.0815123 1.00677 1.35179 1.68053 1.94875 2.15206 
0.0815123 0.419822 0.429928 0.96658 1.00677 1.35179 
0.0815123 0.419822 0.429928 0.96658 1.00677 1.35179 
0.0815123 0.419822 0.429928 0.96658 0.993478 1.00677 
0.0815123 0.419822 0.429928 0.796755 0.96658 0.993478 
0.0815123 0.419822 0.429928 0.796755 0.96658 0.993478 
0.0815123 0.399652 0.419822 0.429928 0.796755 0.96658 
0.0815123 0.399652 0.419822 0.429928 0.796755 0.856428 
0.0815123 0.399652 0.419822 0.429928 0.796755 0.856428 
0.0815123 0.399652 0.419822 0.429928 0.796755 0.812655 
0.0815123 0.37353 0.399652 0.419822 0.429928 0.787662 
0.0815123 0.37353 0.399652 0.419822 0.429928 0.787662 
0.0815123 0.147869 0.37353 0.399652 0.419822 0.429928 
0.0815123 0.147869 0.37353 0.399652 0.419822 0.429928 
0.0815123 0.118276 0.147869 0.37353 0.399652 0.419822 
0.0815123 0.118276 0.147869 0.37353 0.399652 0.419822 
0.0815123 0.118276 0.147869 0.37353 0.399652 0.419822 
0.0815123 0.118276 0.147869 0.37353 0.399652 0.419822 
0.0815123 0.118276 0.147869 0.37353 0.399652 0.419822 
0.0815123 0.118276 0.147869 0.37353 0.399652 0.419822 
0.0815123 0.118276 0.147869 0.37353 0.399652 0.419822 
0.0815123 0.118276 0.147869 0.37353 0.399652 0.419822 
0.0815123 0.118276 0.147869 0.37353 0.399652 0.419822 
0.0815123 0.118276 0.147869 0.37353 0.399652 0.419822 
0.0815123 0.118276 0.147869 0.37353 0.399652 0.419822 
0.0815123 0.118276 0.147869 0.37353 0.399652 0.419822 
0.0815123 0.118276 0.147869 0.37353 0.399652 0.419822 
0.0815123 0.118276 0.147869 0.37353 0.399652 0.419822 
0.0815123 0.118276 0.147869 0.37353 0.399652 0.419822 
0.0815123 0.118276 0.147869 0.37353 0.399652 0.419822 
0.0815123 0.118276 0.147869 0.37353 0.399652 0.419822 
0.0815123 0.118276 0.147869 0.37353 0.399652 0.419822 
0.0815123 0.118276 0.147869 0.37353 0.399652 0.419822 
0.0815123 0.118276 0.147869 0.37353 0.399652 0.419822 
0.0815123 0.118276 0.147869 0.37353 0.399652 0.419822 
0.0815123 0.118276 0.147869 0.37353 0.399652 0.419822 
0.0815123 0.118276 0.147869 0.37353 0.399652 0.419822 
0.0815123 0.118276 0.147869 0.37353 0.399652 0.419822 
0.0815123 0.118276 0.147869 0.37353 0.399652 0.419822 
0.0815123 0.118276 0.147869 0.37353 0.399652 0.419822 
0.0815123 0.118276 0.147869 0.37353 0.399652 0.419822 
0.0815123 0.118276 0.147869 0.37353 0.399652 0.419822 
0.0815123 0.118276 0.147869 0.37353 0.399652 0.419822 
0.0815123 0.118276 0.147869 0.37353 0.399652 0.419822 
0.0815123 0.118276 0.147869 0.37353 0.399652 0.419822 
0.0815123 0.118276 0.147869 0.37353 0.399652 0.419822 
0.0815123 0.118276 0.147869 0.37353 0.399652 0.419822 
0.0815123 0.118276 0.147869 0.37353 0.399652 0.419822 
0.0815123 0.118276 0.147869 0.37353 0.399652 0.419822 
0.0815123 0.118276 0.147869 0.37353 0.399652 0.419822 
0.0815123 0.118276 0.147869 0.37353 0.399652 0.419822 
0.0815123 0.118276 0.147869 0.37353 0.399652 0.419822 
0.0815123 0.118276 0.147869 0.37353 0.399652 0.419822 
0.0815123 0.118276 0.147869 0.37353 0.399652 0.419822 
0.0815123 0.118276 0.147869 0.37353 0.399652 0.419822 
0.0815123 0.118276 0.147869 0.37353 0.399652 0.419822 
0.0815123 0.118276 0.147869 0.37353 0.399652 0.419822 
0.0815123 0.118276 0.147869 0.37353 0.399652 0.419822 
0.0815123 0.118276 0.147869 0.37353 0.399652 0.419822 
0.0815123 0.118276 0.147869 0.37353 0.399652 0.419822 
0.0815123 0.118276 0.147869 0.37353 0.399652 0.419822 
0.0815123 0.118276 0.147869 0.37353 0.399652 0.419822 
0.0815123 0.118276 0.147869 0.37353 0.399652 0.419822 
0.0815123 0.118276 0.147869 0.37353 0.399652 0.419822 
0.0815123 0.118276 0.147869 0.37353 0.399652 0.419822 
0.0815123 0.118276 0.147869 0.37353 0.399652 0.419822 
0.0815123 0.118276 0.147869 0.37353 0.399652 0.419822 
0.0815123 0.118276 0.147869 0.37353 0.399652 0.419822 
0.0815123 0.118276 0.147869 0.293721 0.37353 0.399652 
0.0815123 0.118276 0.147869 0.293721 0.37353 0.399652 
0.0815123 0.118276 0.147869 0.293721 0.37353 0.399652 
0.0815123 0.118276 0.147869 0.293721 0.346407 0.37353 
0.0815123 0.118276 0.147869 0.293721 0.305136 0.323115 
0.0815123 0.118276 0.147869 0.270602 0.293721 0.305136 
0.0815123 0.118276 0.147869 0.270602 0.293721 0.305136 
0.0815123 0.118276 0.147869 0.270602 0.293721 0.305136 
0.0815123 0.118276 0.147869 0.270602 0.293721 0.305136 
0.0815123 0.118276 0.147869 0.253707 0.261961 0.270602 
0.0815123 0.118276 0.147869 0.253707 0.261961 0.270602 
0.0815123 0.118276 0.147869 0.253707 0.261961 0.270602 
