3.1044 3.41617 4.83957 6.27534 6.53621 7.41605 
2.11201 3.1044 3.41617 4.83957 6.03203 6.27534 
2.11201 3.1044 3.14119 3.41617 4.83957 6.03203 
2.11201 3.1044 3.14119 3.41617 4.7213 4.83957 
2.11201 3.1044 3.14119 3.41617 4.27102 4.60291 
2.11201 3.1044 3.14119 3.41617 4.27102 4.60291 
2.11201 3.1044 3.14119 3.41617 4.27102 4.5622 
2.11201 3.1044 3.14119 3.41617 4.27102 4.5622 
2.11201 3.1044 3.14119 3.41617 4.27102 4.5622 
2.11201 2.95345 3.1044 3.14119 3.41617 4.27102 
2.11201 2.95345 3.1044 3.14119 3.17871 3.41617 
2.11201 2.95345 3.1044 3.14119 3.15648 3.17871 
2.11201 2.95345 3.1044 3.14119 3.15648 3.17871 
2.11201 2.95345 3.1044 3.14119 3.15648 3.17871 
2.11201 2.95345 3.02577 3.1044 3.14119 3.15648 
2.11201 2.95345 3.02577 3.1044 3.14119 3.15648 
2.11201 2.95345 3.02577 3.1044 3.14119 3.15648 
2.11201 2.95345 3.02577 3.1044 3.14119 3.15648 
2.11201 2.95345 3.02577 3.1044 3.14119 3.15648 
1.35256 2.11201 2.95345 3.02577 3.10253 3.1044 
0.89075 1.35256 2.11201 2.95345 2.97225 3.02577 
0.89075 1.35256 2.11201 2.95345 2.97225 3.02577 
0.89075 1.25706 1.35256 2.11201 2.95345 2.97225 
0.89075 1.25706 1.34499 1.35256 2.11201 2.95345 
0.89075 1.25706 1.34499 1.35256 2.11201 2.95345 
0.89075 1.25706 1.34499 1.35256 2.11201 2.95345 
0.89075 1.13268 1.25706 1.34499 1.35256 2.11201 
0.89075 1.13268 1.25706 1.34499 1.35256 2.11201 
0.89075 1.13268 1.25706 1.3398 1.34499 1.35256 
0.89075 1.13268 1.25706 1.3398 1.34499 1.35256 
0.89075 1.13268 1.25706 1.3398 1.34499 1.35256 
0.89075 1.13268 1.25706 1.3398 1.34499 1.35256 
0.89075 1.13268 1.25706 1.3398 1.34499 1.35256 
0.89075 1.13268 1.25706 1.3398 1.34499 1.35256 
0.89075 0.994435 1.13268 1.25706 1.3398 1.34499 
0.89075 0.994435 1.13268 1.25706 1.3398 1.34499 
0.89075 0.994435 1.13268 1.25706 1.3398 1.34499 
0.89075 0.994435 1.13268 1.25706 1.3398 1.34499 
0.89075 0.994435 1.13268 1.25706 1.3398 1.34499 
0.89075 0.958205 0.994435 1.13268 1.15099 1.25706 
0.89075 0.958205 0.994435 1.13268 1.15099 1.25706 
0.89075 0.958205 0.994435 1.13268 1.15099 1.25706 
0.89075 0.958205 0.994435 1.13268 1.15099 1.25706 
0.0749296 0.89075 0.958205 0.994435 1.13268 1.15099 
0.0749296 0.434621 0.89075 0.958205 0.994435 1.13268 
0.0749296 0.434621 0.89075 0.958205 0.994435 1.13268 
0.0749296 0.434621 0.766359 0.89075 0.958205 0.994435 
0.0749296 0.434621 0.766359 0.89075 0.958205 0.994435 
0.0749296 0.434621 0.766359 0.89075 0.958205 0.994435 
0.0749296 0.434621 0.766359 0.89075 0.958205 0.994435 
0.0749296 0.434621 0.766359 0.89075 0.958205 0.994435 
0.0738272 0.0749296 0.434621 0.766359 0.89075 0.958205 
0.0738272 0.0749296 0.434621 0.766359 0.89075 0.958205 
0.0738272 0.0749296 0.434621 0.766359 0.89075 0.958205 
0.0738272 0.0749296 0.434621 0.766359 0.89075 0.958205 
0.0738272 0.0749296 0.434621 0.766359 0.89075 0.958205 
0.0738272 0.0749296 0.434621 0.766359 0.89075 0.958205 
0.0738272 0.0749296 0.434621 0.766359 0.89075 0.958205 
0.0738272 0.0749296 0.303799 0.434621 0.766359 0.89075 
0.0738272 0.0749296 0.303799 0.434621 0.766359 0.89075 
0.0738272 0.0749296 0.303799 0.434621 0.766359 0.89075 
0.0738272 0.0749296 0.303799 0.434621 0.766359 0.89075 
0.0738272 0.0749296 0.303799 0.434621 0.766359 0.89075 
0.0738272 0.0749296 0.303799 0.434621 0.766359 0.89075 
0.0738272 0.0749296 0.303799 0.434621 0.766359 0.89075 
0.0738272 0.0749296 0.303799 0.434621 0.766359 0.89075 
0.0738272 0.0749296 0.303799 0.434621 0.766359 0.89075 
0.0738272 0.0749296 0.303799 0.434621 0.766359 0.89075 
0.0738272 0.0749296 0.303799 0.434621 0.766359 0.89075 
0.0738272 0.0749296 0.303799 0.434621 0.766359 0.89075 
0.0738272 0.0749296 0.303799 0.434621 0.766359 0.89075 
0.0738272 0.0749296 0.303799 0.434621 0.766359 0.89075 
0.0738272 0.0749296 0.303799 0.434621 0.766359 0.89075 
0.0738272 0.0749296 0.303799 0.434621 0.766359 0.89075 
0.0738272 0.0749296 0.303799 0.434621 0.766359 0.89075 
0.0738272 0.0749296 0.303799 0.434621 0.766359 0.89075 
0.0738272 0.0749296 0.303799 0.434621 0.766359 0.89075 
0.0738272 0.0749296 0.303799 0.434621 0.766359 0.89075 
0.0738272 0.0749296 0.303799 0.434621 0.766359 0.89075 
0.0738272 0.0749296 0.303799 0.434621 0.766359 0.89075 
0.0738272 0.0749296 0.303799 0.434621 0.766359 0.89075 
0.0738272 0.0749296 0.303799 0.434621 0.766359 0.89075 
0.0738272 0.0749296 0.303799 0.434621 0.766359 0.89075 
0.0738272 0.0749296 0.303799 0.434621 0.766359 0.89075 
0.0738272 0.0749296 0.303799 0.434621 0.766359 0.89075 
0.0738272 0.0749296 0.303799 0.434621 0.766359 0.89075 
0.0738272 0.0749296 0.303799 0.434621 0.766359 0.89075 
0.0738272 0.0749296 0.303799 0.434621 0.766359 0.89075 
0.0738272 0.0749296 0.303799 0.434621 0.766359 0.89075 
0.0738272 0.0749296 0.303799 0.434621 0.766359 0.89075 
0.0738272 0.0749296 0.303799 0.434621 0.766359 0.89075 
0.0738272 0.0749296 0.303799 0.420964 0.434621 0.766359 
0.0738272 0.0749296 0.303799 0.420964 0.434621 0.766359 
0.0738272 0.0749296 0.303799 0.420964 0.434621 0.766359 
0.0738272 0.0749296 0.303799 0.420964 0.434621 0.766359 
0.0738272 0.0749296 0.303799 0.420964 0.434621 0.766359 
0.0738272 0.0749296 0.303799 0.420964 0.434621 0.766359 
0.0738272 0.0749296 0.303799 0.420964 0.434621 0.766359 
0.0738272 0.0749296 0.303799 0.420964 0.434621 0.766359 
0.0738272 0.0749296 0.303799 0.420964 0.434621 0.766359 
