2.42547 5.60157 6.82529 6.86782 7.83023 8.28468 
2.42547 3.57241 5.60157 6.29571 6.82529 6.86782 
2.27069 2.42547 3.57241 4.19735 5.60157 6.29571 
2.27069 2.42547 3.57241 3.59987 4.19735 5.00793 
2.27069 2.42547 3.51411 3.57241 3.59987 4.19735 
2.27069 2.42547 3.51411 3.57241 3.59987 4.19735 
2.27069 2.42547 3.34934 3.38612 3.51411 3.57241 
2.27069 2.42547 3.34934 3.38612 3.51411 3.57241 
2.27069 2.42547 2.73826 3.34934 3.38612 3.51411 
2.27069 2.42547 2.73826 3.34934 3.37375 3.38612 
2.27069 2.42547 2.73826 3.34934 3.37375 3.38612 
2.27069 2.42547 2.73826 3.34934 3.37375 3.38612 
2.27069 2.42547 2.73826 3.23482 3.34934 3.37375 
2.27069 2.42547 2.73826 3.23482 3.34934 3.37375 
2.27069 2.42547 2.489 2.73826 3.23482 3.34934 
2.27069 2.42547 2.489 2.73826 3.18925 3.23482 
2.27069 2.42547 2.489 2.72462 2.73826 3.17846 
2.27069 2.42547 2.489 2.72462 2.73826 2.80704 
1.0518 2.27069 2.42547 2.489 2.72462 2.73826 
1.0518 2.27069 2.42547 2.489 2.72462 2.73826 
0.507782 1.0518 2.27069 2.42547 2.489 2.72462 
0.507782 1.0518 2.27069 2.42547 2.489 2.72462 
0.507782 1.0518 2.27069 2.42547 2.489 2.72462 
0.218113 0.507782 1.0518 2.27069 2.42547 2.489 
0.218113 0.507782 1.0518 2.27069 2.42547 2.489 
0.218113 0.507782 0.812606 1.0518 2.27069 2.42547 
0.218113 0.507782 0.812606 1.0518 2.27069 2.42547 
0.218113 0.507782 0.812606 1.0518 1.25482 2.27069 
0.218113 0.507782 0.812606 1.0518 1.25482 2.27069 
0.218113 0.507782 0.812606 1.0518 1.25482 1.28871 
0.218113 0.507782 0.812606 1.0518 1.25482 1.28871 
0.218113 0.507782 0.812606 1.0518 1.25482 1.28871 
0.218113 0.507782 0.812606 1.0518 1.25482 1.28871 
0.218113 0.507782 0.812606 1.0518 1.25482 1.28871 
0.218113 0.507782 0.812606 0.967395 1.0518 1.25482 
0.218113 0.507782 0.812606 0.967395 1.0518 1.25482 
0.218113 0.507782 0.812606 0.967395 1.0518 1.25482 
0.218113 0.507782 0.812606 0.967395 1.0518 1.25482 
0.218113 0.507782 0.812606 0.967395 1.0518 1.25482 
0.218113 0.507782 0.812606 0.967395 1.0518 1.25482 
0.218113 0.507782 0.755949 0.812606 0.967395 1.0518 
0.218113 0.507782 0.755949 0.812606 0.967395 1.0518 
0.218113 0.507782 0.755949 0.761925 0.812606 0.967395 
0.218113 0.507782 0.720585 0.755949 0.761925 0.812606 
0.218113 0.507782 0.720585 0.755949 0.761925 0.812606 
0.218113 0.507782 0.720585 0.755949 0.761925 0.812606 
0.218113 0.507782 0.720585 0.755949 0.761925 0.812606 
0.218113 0.507782 0.720585 0.755949 0.761925 0.812606 
0.218113 0.507782 0.720585 0.755949 0.761925 0.812606 
0.218113 0.507782 0.720585 0.755949 0.761925 0.812606 
0.218113 0.507782 0.720585 0.755949 0.761925 0.812606 
0.218113 0.507782 0.720585 0.755949 0.761925 0.812606 
0.218113 0.507782 0.720585 0.755949 0.761925 0.812606 
0.218113 0.507782 0.720585 0.755949 0.761925 0.812606 
0.218113 0.507782 0.720585 0.755949 0.761925 0.812606 
0.218113 0.438008 0.507782 0.720585 0.755949 0.761925 
0.218113 0.438008 0.507782 0.720585 0.755949 0.761925 
0.218113 0.438008 0.507782 0.720585 0.755949 0.761925 
0.218113 0.438008 0.507782 0.720585 0.755949 0.761925 
0.218113 0.438008 0.507782 0.720585 0.755949 0.761925 
0.218113 0.438008 0.507782 0.720585 0.755949 0.761925 
0.218113 0.438008 0.507782 0.720585 0.755949 0.761925 
0.218113 0.438008 0.507782 0.720585 0.755949 0.761925 
0.218113 0.438008 0.507782 0.720585 0.755949 0.761925 
0.218113 0.438008 0.507782 0.720585 0.755949 0.761925 
0.218113 0.438008 0.507782 0.720585 0.755949 0.761925 
0.218113 0.438008 0.507782 0.720585 0.755949 0.761925 
0.218113 0.438008 0.507782 0.720585 0.755949 0.761925 
0.218113 0.438008 0.507782 0.720585 0.755949 0.761925 
0.218113 0.438008 0.507782 0.720585 0.755949 0.761925 
0.218113 0.438008 0.507782 0.720585 0.755949 0.761925 
0.218113 0.438008 0.507782 0.720585 0.755949 0.761925 
0.218113 0.438008 0.507782 0.720585 0.755949 0.761925 
0.218113 0.438008 0.507782 0.720585 0.755949 0.761925 
0.218113 0.438008 0.507782 0.720585 0.755949 0.761925 
0.218113 0.438008 0.507782 0.720585 0.755949 0.761925 
0.218113 0.438008 0.507782 0.720585 0.755949 0.761925 
0.218113 0.438008 0.507782 0.720585 0.755949 0.761925 
0.218113 0.438008 0.507782 0.720585 0.755949 0.761925 
0.218113 0.438008 0.507782 0.720585 0.755949 0.761925 
0.218113 0.438008 0.507782 0.720585 0.755949 0.761925 
0.218113 0.438008 0.507782 0.720585 0.755949 0.761925 
0.218113 0.438008 0.507782 0.720585 0.755949 0.761925 
0.218113 0.438008 0.507782 0.720585 0.755949 0.761925 
0.218113 0.438008 0.507782 0.720585 0.755949 0.761925 
0.218113 0.438008 0.507782 0.720585 0.755949 0.761925 
0.218113 0.438008 0.507782 0.720585 0.755949 0.761925 
0.218113 0.438008 0.507782 0.720585 0.755949 0.761925 
0.218113 0.438008 0.507782 0.720585 0.755949 0.761925 
0.218113 0.438008 0.507782 0.720585 0.755949 0.761925 
0.218113 0.438008 0.507782 0.720585 0.755949 0.761925 
0.218113 0.438008 0.507782 0.720585 0.755949 0.761925 
0.218113 0.438008 0.507782 0.720585 0.755949 0.761925 
0.218113 0.438008 0.507782 0.720585 0.755949 0.761925 
0.218113 0.438008 0.507782 0.720585 0.755949 0.761925 
0.218113 0.438008 0.507782 0.720585 0.755949 0.761925 
0.218113 0.438008 0.507782 0.720585 0.755949 0.761925 
0.218113 0.438008 0.507782 0.720585 0.755949 0.761925 
0.218113 0.438008 0.507782 0.720585 0.755949 0.761925 
0.218113 0.438008 0.507782 0.720585 0.755949 0.761925 
