3.23849 3.55511 5.04005 8.04789 8.38517 8.41348 
3.15007 3.23849 3.55511 4.35442 5.04005 6.20348 
3.15007 3.23849 3.55511 4.35442 5.04005 6.03958 
1.49756 3.15007 3.23849 3.55511 4.35442 5.04005 
1.49756 3.10778 3.15007 3.23849 3.55511 4.35442 
1.49756 3.10778 3.15007 3.23849 3.55511 4.35442 
1.49756 3.10778 3.15007 3.23849 3.55511 4.35442 
1.49756 3.10778 3.15007 3.23849 3.55511 4.35442 
1.49756 1.99474 3.10778 3.15007 3.23849 3.55511 
1.49756 1.99474 2.69596 2.84773 3.10778 3.15007 
1.49756 1.99474 2.69596 2.84773 3.10778 3.15007 
1.49756 1.99474 2.69596 2.84773 3.10778 3.15007 
1.49756 1.99474 2.69596 2.84773 3.10527 3.10778 
1.49756 1.99474 2.69596 2.84773 3.10527 3.10778 
1.46809 1.49756 1.99474 2.55386 2.69596 2.84773 
1.46809 1.49756 1.99474 2.55386 2.69596 2.84773 
1.46809 1.49756 1.99474 2.55386 2.58526 2.69596 
1.46809 1.49756 1.99474 2.55386 2.58526 2.69596 
1.46809 1.49756 1.99474 2.55386 2.58526 2.69596 
1.46809 1.49756 1.99474 2.37395 2.55386 2.58526 
1.46809 1.49756 1.99474 2.37395 2.55386 2.58526 
1.46809 1.49756 1.99474 2.37395 2.55386 2.58526 
1.46809 1.49756 1.99474 2.37395 2.55386 2.58526 
1.46809 1.49756 1.99474 2.37395 2.55386 2.58526 
0.565704 1.46809 1.49756 1.99474 2.37395 2.45333 
0.565704 1.46809 1.49756 1.99474 2.37395 2.45333 
0.565704 1.46809 1.49756 1.99474 2.19314 2.37395 
0.565704 1.46809 1.49756 1.98561 1.99474 2.19314 
0.565704 1.46809 1.49756 1.98561 1.99474 2.18125 
0.565704 0.788075 1.46809 1.49756 1.98561 1.99474 
0.565704 0.788075 1.46809 1.49756 1.98561 1.99474 
0.565704 0.788075 1.46809 1.49756 1.98561 1.99474 
0.565704 0.788075 1.29762 1.46809 1.49756 1.98561 
0.478633 0.565704 0.788075 1.29762 1.46809 1.49756 
0.478633 0.565704 0.788075 1.29762 1.46809 1.49756 
0.478633 0.565704 0.788075 1.29762 1.46809 1.49756 
0.478633 0.565704 0.788075 1.01262 1.20673 1.29762 
0.478633 0.565704 0.788075 1.01262 1.0999 1.20673 
0.478633 0.565704 0.788075 1.01262 1.0999 1.20673 
0.478633 0.565704 0.788075 1.01262 1.0999 1.15714 
0.478633 0.511096 0.565704 0.788075 1.01262 1.0999 
0.478633 0.511096 0.565704 0.788075 1.01262 1.0999 
0.478633 0.511096 0.565704 0.788075 1.01262 1.0999 
0.456021 0.478633 0.511096 0.565704 0.788075 1.01262 
0.456021 0.478633 0.493507 0.511096 0.565704 0.788075 
0.456021 0.478633 0.493507 0.511096 0.565704 0.788075 
0.456021 0.478633 0.493507 0.511096 0.565704 0.743718 
0.456021 0.478633 0.493507 0.511096 0.565704 0.743718 
0.456021 0.478633 0.493507 0.511096 0.565704 0.743718 
0.456021 0.478633 0.493507 0.511096 0.565704 0.743718 
0.456021 0.478633 0.493507 0.511096 0.565704 0.743718 
0.456021 0.478633 0.493507 0.511096 0.565704 0.743718 
0.348978 0.456021 0.478633 0.493507 0.511096 0.565704 
0.348978 0.413703 0.456021 0.478633 0.493507 0.511096 
0.348978 0.413703 0.456021 0.478633 0.493507 0.502832 
0.348978 0.413703 0.456021 0.478633 0.493507 0.502832 
0.294964 0.348978 0.413703 0.456021 0.478633 0.493507 
0.294964 0.348978 0.413703 0.456021 0.478633 0.493507 
0.294964 0.348978 0.413703 0.456021 0.478633 0.493507 
0.10328 0.294964 0.348978 0.413703 0.456021 0.478633 
0.10328 0.252159 0.294964 0.348978 0.413703 0.456021 
0.093748 0.10328 0.235777 0.252159 0.294964 0.348978 
0.093748 0.10328 0.235777 0.252159 0.294964 0.348978 
0.093748 0.10328 0.235777 0.252159 0.294964 0.348978 
0.093748 0.10328 0.235777 0.252159 0.294964 0.348978 
0.093748 0.10328 0.235777 0.252159 0.294964 0.348978 
0.093748 0.0951206 0.10328 0.235777 0.252159 0.294964 
0.093748 0.0951206 0.10328 0.235777 0.252159 0.294964 
0.093748 0.0951206 0.10328 0.235777 0.252159 0.294964 
0.093748 0.0951206 0.10328 0.183073 0.235777 0.252159 
0.093748 0.0951206 0.10328 0.183073 0.235777 0.252159 
0.093748 0.0951206 0.10328 0.183073 0.235777 0.252159 
0.093748 0.0951206 0.10328 0.183073 0.235777 0.252159 
0.093748 0.0951206 0.10328 0.183073 0.235777 0.252159 
0.093748 0.0951206 0.10328 0.183073 0.235777 0.252159 
0.093748 0.0951206 0.10328 0.183073 0.235777 0.252159 
0.093748 0.0951206 0.10328 0.183073 0.235777 0.252159 
0.093748 0.0951206 0.10328 0.183073 0.235777 0.252159 
0.093748 0.0951206 0.10328 0.183073 0.235777 0.252159 
0.093748 0.0951206 0.10328 0.183073 0.235777 0.252159 
0.093748 0.0951206 0.10328 0.183073 0.235777 0.252159 
0.093748 0.0951206 0.10328 0.183073 0.235777 0.252159 
0.093748 0.0951206 0.10328 0.183073 0.235777 0.252159 
0.093748 0.0951206 0.10328 0.183073 0.235777 0.252159 
0.093748 0.0951206 0.10328 0.183073 0.235777 0.252159 
0.093748 0.0951206 0.10328 0.183073 0.235777 0.252159 
0.093748 0.0951206 0.10328 0.183073 0.235777 0.252159 
0.093748 0.0951206 0.10328 0.183073 0.235777 0.252159 
0.093748 0.0951206 0.10328 0.183073 0.235777 0.252159 
0.093748 0.0951206 0.10328 0.183073 0.235777 0.252159 
0.093748 0.0951206 0.10328 0.183073 0.235777 0.252159 
0.093748 0.0951206 0.10328 0.183073 0.235777 0.252159 
0.093748 0.0951206 0.10328 0.183073 0.235777 0.252159 
0.093748 0.0951206 0.10328 0.183073 0.235777 0.252159 
0.093748 0.0951206 0.10328 0.183073 0.235777 0.252159 
0.093748 0.0951206 0.10328 0.183073 0.235777 0.252159 
0.093748 0.0951206 0.10328 0.183073 0.235777 0.252159 
0.093748 0.0951206 0.10328 0.183073 0.235777 0.252159 
0.093748 0.0951206 0.10328 0.183073 0.235777 0.252159 
0.093748 0.0951206 0.10328 0.183073 0.235777 0.252159 
