5.59647 5.71562 5.87514 6.65618 7.27385 7.49868 
3.21964 3.3705 5.59647 5.71562 5.87514 5.95703 
3.21964 3.3705 3.82494 4.9278 5.59647 5.68948 
3.21964 3.3705 3.82494 4.9278 5.59647 5.61924 
3.21964 3.3705 3.82494 4.9278 5.59647 5.61924 
3.21964 3.3705 3.82494 4.9278 5.59647 5.61924 
3.21964 3.3705 3.82494 4.9278 5.59647 5.61924 
1.2312 3.21964 3.3705 3.82494 4.34 4.55291 
1.2312 3.21964 3.3705 3.82494 4.34 4.55291 
1.2312 3.21964 3.27616 3.3705 3.82494 4.34 
1.2312 3.21964 3.27616 3.3705 3.63677 3.82494 
1.2312 3.21964 3.27616 3.3705 3.63677 3.82494 
1.2312 3.21964 3.27616 3.3705 3.63677 3.82494 
1.2312 3.21964 3.27616 3.3705 3.63677 3.82494 
1.2312 2.18124 2.70047 2.77484 3.21964 3.27616 
1.2312 2.18124 2.70047 2.77484 3.21964 3.27616 
1.2312 2.18124 2.70047 2.77484 3.08039 3.21964 
1.2312 2.18124 2.70047 2.77484 3.08039 3.21292 
1.2312 2.18124 2.70047 2.77484 3.08039 3.21292 
1.2312 2.18124 2.70047 2.77484 3.08039 3.21292 
1.2312 2.18124 2.70047 2.77484 3.08039 3.21292 
1.2312 2.18124 2.29572 2.70047 2.77484 3.08039 
1.2312 2.18124 2.29572 2.70047 2.77484 3.08039 
1.2312 2.18124 2.29572 2.5718 2.60545 2.70047 
1.2312 2.18124 2.29572 2.52671 2.5718 2.60545 
1.20987 1.2312 2.18124 2.29572 2.52671 2.5718 
1.20987 1.2312 2.18124 2.29572 2.52671 2.5718 
1.20987 1.2312 2.18124 2.29572 2.52671 2.5718 
1.20987 1.2312 2.18124 2.29572 2.52671 2.5718 
1.20987 1.2312 2.07493 2.18124 2.29572 2.31919 
1.20987 1.2312 2.07493 2.18124 2.29572 2.31919 
1.20987 1.2312 2.07493 2.18124 2.29572 2.31919 
1.20987 1.2312 2.07493 2.18124 2.29572 2.31919 
1.20987 1.2312 2.07493 2.18124 2.29572 2.31919 
1.20987 1.2312 2.07493 2.18124 2.29572 2.31919 
1.14271 1.20987 1.2312 1.27526 2.07493 2.18124 
1.14271 1.20987 1.2312 1.27526 2.07493 2.18124 
1.14271 1.20987 1.2312 1.27526 2.07493 2.18124 
1.14271 1.20987 1.2312 1.27526 1.82831 2.07493 
1.14271 1.20987 1.2312 1.27526 1.74465 1.82831 
1.14271 1.20987 1.2312 1.27526 1.74465 1.82831 
1.14271 1.20987 1.2312 1.27526 1.74465 1.82831 
1.14271 1.20987 1.2312 1.27526 1.74465 1.82831 
1.14271 1.20987 1.2312 1.27526 1.74465 1.82831 
1.14271 1.20987 1.2312 1.27526 1.74465 1.82831 
1.14271 1.20987 1.2312 1.27526 1.74465 1.82831 
1.14271 1.20987 1.2312 1.27526 1.74465 1.82831 
1.14271 1.20987 1.2312 1.27526 1.74465 1.82831 
0.843228 1.14271 1.20987 1.2312 1.27526 1.74465 
0.843228 1.14271 1.20987 1.2312 1.26133 1.27526 
0.843228 1.14271 1.20987 1.2312 1.26133 1.27526 
0.843228 1.14271 1.20987 1.2312 1.26133 1.27526 
0.843228 1.14271 1.20987 1.2312 1.26133 1.27526 
0.843228 1.14271 1.20987 1.2312 1.26133 1.27526 
0.843228 1.14271 1.20987 1.2312 1.26133 1.27526 
0.843228 1.14271 1.20987 1.2312 1.26133 1.27526 
0.843228 1.14271 1.20987 1.2312 1.26133 1.27526 
0.843228 1.14271 1.20987 1.2312 1.26133 1.27526 
0.843228 1.14271 1.20987 1.2312 1.26133 1.27526 
0.843228 1.14271 1.20987 1.2312 1.26133 1.27526 
0.843228 1.14271 1.20987 1.2312 1.26133 1.27526 
0.843228 1.14271 1.20987 1.2312 1.26133 1.27526 
0.843228 1.14271 1.20987 1.2312 1.26133 1.27526 
0.843228 1.14271 1.20987 1.2312 1.26133 1.27526 
0.843228 1.14271 1.20987 1.2312 1.26133 1.27526 
0.843228 1.14271 1.20987 1.2312 1.26133 1.27526 
0.843228 1.14271 1.20987 1.2312 1.26133 1.27526 
0.843228 1.14271 1.20987 1.2312 1.26133 1.27526 
0.843228 1.14271 1.20987 1.2312 1.26133 1.27526 
0.843228 1.14271 1.20987 1.2312 1.26133 1.27526 
0.843228 1.14271 1.20987 1.2312 1.26133 1.27526 
0.843228 1.14271 1.20987 1.2312 1.26133 1.27526 
0.843228 1.14271 1.20987 1.2312 1.26133 1.27526 
0.843228 1.14271 1.20987 1.2312 1.26133 1.27526 
0.843228 1.14271 1.20987 1.2312 1.26133 1.27526 
0.843228 1.14271 1.20987 1.2312 1.26133 1.27526 
0.843228 1.14271 1.20987 1.2312 1.26133 1.27526 
0.843228 1.14271 1.20987 1.2312 1.26133 1.27526 
0.843228 1.14271 1.20987 1.2312 1.26133 1.27526 
0.843228 1.14271 1.20987 1.2312 1.26133 1.27526 
0.843228 1.14271 1.20987 1.2312 1.26133 1.27526 
0.843228 1.14271 1.20987 1.2312 1.26133 1.27526 
0.843228 1.14271 1.20987 1.2312 1.26133 1.27526 
0.843228 1.14271 1.20987 1.2312 1.26133 1.27526 
0.843228 1.14271 1.20987 1.2312 1.26133 1.27526 
0.843228 1.14271 1.20987 1.2312 1.26133 1.27526 
0.843228 1.14271 1.20987 1.2312 1.26133 1.27526 
0.843228 1.14271 1.20987 1.2312 1.26133 1.27526 
0.843228 1.14271 1.20987 1.2312 1.26133 1.27526 
0.843228 1.14271 1.20987 1.2312 1.26133 1.27526 
0.843228 1.14271 1.20987 1.2312 1.26133 1.27526 
0.843228 1.14271 1.20987 1.2312 1.26133 1.27526 
0.843228 1.14271 1.20987 1.2312 1.26133 1.26554 
0.843228 0.941009 1.14271 1.20987 1.2312 1.26133 
0.843228 0.891827 0.941009 0.965636 1.14271 1.20987 
0.843228 0.891827 0.90368 0.941009 0.965636 1.14271 
0.843228 0.891827 0.90368 0.941009 0.965636 1.01179 
0.544479 0.684967 0.807241 0.843228 0.891827 0.90368 
0.528248 0.544479 0.684967 0.696673 0.807241 0.843228 
0.528248 0.544479 0.614405 0.684967 0.696673 0.807241 
