3.64583 4.21934 4.85991 5.62758 5.92098 6.14097 
2.75247 3.00975 3.64583 3.72006 4.21934 4.49917 
2.75247 3.00975 3.22691 3.64583 3.72006 4.21934 
2.75247 3.00975 3.22691 3.64583 3.72006 4.21934 
2.0091 2.75247 2.91186 3.00975 3.22691 3.64583 
2.0091 2.75247 2.91186 3.00975 3.22691 3.38069 
2.0091 2.75247 2.91186 3.00975 3.22691 3.38069 
2.0091 2.75247 2.91186 3.00975 3.12361 3.22691 
2.0091 2.35003 2.75247 2.91186 3.00975 3.12361 
2.0091 2.35003 2.75247 2.91186 3.00975 3.09297 
2.0091 2.33523 2.35003 2.75247 2.91186 3.00975 
2.0091 2.33523 2.35003 2.75247 2.89469 2.91186 
2.0091 2.33523 2.35003 2.75247 2.89469 2.91186 
2.0091 2.33523 2.35003 2.75247 2.89469 2.91186 
2.0091 2.33523 2.35003 2.75247 2.89469 2.91186 
2.0091 2.16494 2.33523 2.35003 2.75247 2.89469 
2.0091 2.16494 2.33523 2.35003 2.35034 2.75247 
1.69139 2.0091 2.16494 2.33523 2.35003 2.35034 
1.69139 2.0091 2.02979 2.16494 2.33523 2.35003 
0.428147 0.590178 1.49284 1.69139 2.0091 2.02979 
0.428147 0.590178 1.49284 1.69139 2.0091 2.02979 
0.428147 0.590178 1.49284 1.69139 2.0091 2.02979 
0.428147 0.590178 1.49284 1.62812 1.69139 1.73398 
0.428147 0.590178 1.49284 1.62812 1.69139 1.73398 
0.428147 0.590178 1.49284 1.62812 1.69139 1.73398 
0.428147 0.590178 1.49284 1.52936 1.62812 1.63239 
0.428147 0.590178 1.49284 1.52936 1.62812 1.63239 
0.428147 0.590178 0.635183 1.49284 1.52936 1.62812 
0.428147 0.590178 0.635183 1.49284 1.52936 1.62812 
0.428147 0.590178 0.635183 1.49284 1.52936 1.62812 
0.428147 0.590178 0.635183 1.34093 1.44909 1.49284 
0.222089 0.428147 0.590178 0.635183 1.34093 1.44909 
0.222089 0.270245 0.428147 0.590178 0.635183 0.871078 
0.222089 0.270245 0.428147 0.449949 0.566666 0.590178 
0.222089 0.270245 0.428147 0.449949 0.566666 0.590178 
0.222089 0.270245 0.428147 0.449949 0.566666 0.590178 
0.222089 0.270245 0.428147 0.449949 0.566666 0.590178 
0.222089 0.270245 0.428147 0.449949 0.566666 0.590178 
0.222089 0.270245 0.428147 0.449949 0.566666 0.590178 
0.222089 0.270245 0.428147 0.449949 0.487879 0.566666 
0.222089 0.270245 0.428147 0.449949 0.487879 0.566666 
0.13322 0.222089 0.270245 0.428147 0.449949 0.487879 
0.13322 0.222089 0.270245 0.428147 0.449949 0.487879 
0.13322 0.222089 0.270245 0.378859 0.428147 0.449949 
0.13322 0.222089 0.270245 0.378859 0.428147 0.449949 
0.13322 0.222089 0.270245 0.378859 0.428147 0.449949 
0.13322 0.222089 0.270245 0.378859 0.428147 0.449949 
0.13322 0.222089 0.270245 0.378859 0.428147 0.449949 
0.13322 0.222089 0.270245 0.378859 0.428147 0.449949 
0.13322 0.222089 0.270245 0.378859 0.428147 0.449949 
0.13322 0.222089 0.270245 0.378859 0.428147 0.449949 
0.13322 0.222089 0.270245 0.378859 0.428147 0.449949 
0.13322 0.222089 0.270245 0.378859 0.428147 0.449949 
0.13322 0.222089 0.270245 0.378859 0.428147 0.449949 
0.13322 0.222089 0.270245 0.378859 0.428147 0.449949 
0.13322 0.222089 0.270245 0.378859 0.428147 0.449949 
0.13322 0.222089 0.270245 0.378859 0.428147 0.449949 
0.13322 0.222089 0.270245 0.378859 0.428147 0.449949 
0.13322 0.222089 0.270245 0.378859 0.428147 0.449949 
0.13322 0.222089 0.270245 0.378859 0.428147 0.449949 
0.13322 0.222089 0.270245 0.378859 0.428147 0.449949 
0.13322 0.222089 0.270245 0.378859 0.428147 0.449949 
0.13322 0.222089 0.270245 0.378859 0.428147 0.449949 
0.13322 0.222089 0.270245 0.378859 0.428147 0.449949 
0.13322 0.222089 0.270245 0.378859 0.428147 0.449949 
0.13322 0.222089 0.270245 0.378859 0.428147 0.449949 
0.13322 0.222089 0.270245 0.378859 0.428147 0.449949 
0.13322 0.222089 0.270245 0.378859 0.428147 0.449949 
0.13322 0.222089 0.270245 0.378859 0.428147 0.449949 
0.13322 0.222089 0.270245 0.378859 0.428147 0.449949 
0.13322 0.222089 0.270245 0.378859 0.428147 0.449949 
0.13322 0.222089 0.270245 0.378859 0.428147 0.449949 
0.13322 0.222089 0.270245 0.378859 0.428147 0.449949 
0.13322 0.222089 0.270245 0.378859 0.428147 0.449949 
0.13322 0.222089 0.270245 0.378859 0.428147 0.449949 
0.13322 0.222089 0.270245 0.378859 0.428147 0.449949 
0.13322 0.222089 0.270245 0.378859 0.428147 0.449949 
0.13322 0.222089 0.270245 0.378859 0.428147 0.449949 
0.13322 0.222089 0.270245 0.378859 0.428147 0.449949 
0.13322 0.222089 0.270245 0.378859 0.428147 0.449949 
0.13322 0.222089 0.270245 0.378859 0.428147 0.449949 
0.13322 0.222089 0.270245 0.378859 0.428147 0.449949 
0.13322 0.222089 0.270245 0.378859 0.428147 0.449949 
0.13322 0.222089 0.270245 0.378859 0.428147 0.449949 
0.13322 0.222089 0.270245 0.378859 0.428147 0.449949 
0.13322 0.222089 0.270245 0.378859 0.428147 0.449949 
0.13322 0.222089 0.270245 0.378859 0.428147 0.449949 
0.13322 0.222089 0.270245 0.378859 0.428147 0.449949 
0.13322 0.222089 0.270245 0.378859 0.428147 0.449949 
0.13322 0.222089 0.270245 0.378859 0.428147 0.449949 
0.13322 0.222089 0.270245 0.378859 0.428147 0.449949 
0.13322 0.222089 0.270245 0.378859 0.428147 0.449949 
0.13322 0.222089 0.270245 0.378859 0.428147 0.449949 
0.13322 0.222089 0.270245 0.378859 0.428147 0.449949 
0.13322 0.222089 0.270245 0.378859 0.428147 0.449949 
0.13322 0.222089 0.270245 0.378859 0.428147 0.449949 
0.13322 0.222089 0.270245 0.378859 0.428147 0.449949 
0.13322 0.222089 0.270245 0.378859 0.428147 0.449949 
0.13322 0.222089 0.270245 0.378859 0.428147 0.449949 
0.13322 0.222089 0.270245 0.378859 0.428147 0.449949 
