0.698166 3.56186 3.88481 4.45024 4.52791 4.55867 
0.698166 2.719 3.10794 3.56186 3.88481 4.13569 
0.698166 2.719 3.10794 3.56186 3.72226 3.88481 
0.698166 2.719 2.93891 3.10794 3.56186 3.68374 
0.698166 2.719 2.93891 3.10794 3.32318 3.37907 
0.698166 2.719 2.93891 3.10794 3.2731 3.32318 
0.698166 2.719 2.93891 3.10794 3.20353 3.2731 
0.698166 2.719 2.93891 3.10794 3.20353 3.25307 
0.698166 2.719 2.93891 3.02969 3.10794 3.20353 
0.698166 2.719 2.93891 3.02969 3.10794 3.19881 
0.698166 1.17957 2.719 2.93891 3.02969 3.10794 
0.698166 1.01107 1.17957 1.66993 2.719 2.93891 
0.698166 1.01107 1.17957 1.66993 2.719 2.73816 
0.698166 1.01107 1.17957 1.66993 2.719 2.73816 
0.698166 1.01107 1.17957 1.66993 2.719 2.73282 
0.698166 1.01107 1.17957 1.66993 2.719 2.73282 
0.698166 1.01107 1.17957 1.66993 2.58443 2.719 
0.698166 1.01107 1.17957 1.66993 2.58443 2.719 
0.698166 1.01107 1.17957 1.66993 2.56556 2.58443 
0.668616 0.698166 1.01107 1.17957 1.66993 2.56556 
0.668616 0.698166 1.01107 1.17957 1.66993 2.56556 
0.668616 0.698166 1.01107 1.17957 1.66993 2.56556 
0.668616 0.698166 1.01107 1.17957 1.58509 1.66993 
0.668616 0.698166 1.01107 1.17957 1.58509 1.65348 
0.668616 0.698166 1.01107 1.17957 1.58509 1.65348 
0.668616 0.698166 1.01107 1.17957 1.58509 1.65348 
0.668616 0.698166 1.01107 1.17957 1.58509 1.65348 
0.668616 0.698166 1.01107 1.17957 1.58509 1.65348 
0.668616 0.698166 1.01107 1.17957 1.58509 1.65059 
0.668616 0.698166 1.01107 1.17957 1.58509 1.65059 
0.609878 0.668616 0.698166 1.01107 1.17957 1.3452 
0.609878 0.668616 0.698166 1.01107 1.17957 1.3452 
0.609878 0.668616 0.698166 1.01107 1.17957 1.3452 
0.609878 0.668616 0.698166 1.01107 1.17957 1.3452 
0.609878 0.668616 0.698166 1.01107 1.17957 1.3452 
0.609878 0.668616 0.698166 1.01107 1.17957 1.3452 
0.135838 0.609878 0.668616 0.698166 1.01107 1.17957 
0.135838 0.609878 0.668616 0.698166 1.01107 1.17957 
0.135838 0.500829 0.587924 0.609878 0.668616 0.698166 
0.135838 0.500829 0.587924 0.609878 0.668616 0.698166 
0.135838 0.373724 0.500829 0.587924 0.608621 0.609878 
0.135838 0.373724 0.500829 0.511609 0.587924 0.608621 
0.135838 0.373724 0.500829 0.500889 0.511609 0.587924 
0.135838 0.373724 0.500829 0.500889 0.511609 0.587924 
0.135838 0.373724 0.500829 0.500889 0.511609 0.587924 
0.135838 0.373724 0.500829 0.500889 0.511609 0.587924 
0.135838 0.373724 0.500829 0.500889 0.511609 0.587924 
0.135838 0.373724 0.500829 0.500889 0.511609 0.587924 
0.135838 0.373724 0.500829 0.500889 0.511609 0.587924 
0.135838 0.373724 0.500829 0.500889 0.511609 0.514528 
0.135838 0.23235 0.373724 0.500829 0.500889 0.511609 
0.135838 0.23235 0.373724 0.500829 0.500889 0.511609 
0.135838 0.23235 0.373724 0.500829 0.500889 0.511609 
0.135838 0.23235 0.373724 0.500829 0.500889 0.511609 
0.135838 0.23235 0.373724 0.500829 0.500889 0.511609 
0.135838 0.23235 0.373724 0.500829 0.500889 0.511609 
0.135838 0.23235 0.373724 0.500829 0.500889 0.511609 
0.135838 0.23235 0.373724 0.500829 0.500889 0.511609 
0.135838 0.23235 0.373724 0.500829 0.500889 0.511609 
0.135838 0.23235 0.373724 0.500829 0.500889 0.511609 
0.135838 0.23235 0.373724 0.500829 0.500889 0.511609 
0.135838 0.23235 0.373724 0.500829 0.500889 0.511609 
0.135838 0.23235 0.373724 0.500829 0.500889 0.511609 
0.135838 0.23235 0.373724 0.500829 0.500889 0.511609 
0.135838 0.23235 0.373724 0.500829 0.500889 0.511609 
0.135838 0.23235 0.373724 0.500829 0.500889 0.511609 
0.135838 0.23235 0.373724 0.500829 0.500889 0.511609 
0.135838 0.23235 0.373724 0.500829 0.500889 0.511609 
0.135838 0.23235 0.373724 0.500829 0.500889 0.511609 
0.135838 0.23235 0.373724 0.500829 0.500889 0.511609 
0.135838 0.23235 0.373724 0.500829 0.500889 0.511609 
0.135838 0.23235 0.373724 0.500829 0.500889 0.511609 
0.135838 0.23235 0.373724 0.500829 0.500889 0.511609 
0.135838 0.23235 0.373724 0.500829 0.500889 0.511609 
0.135838 0.23235 0.373724 0.500829 0.500889 0.511609 
0.135838 0.23235 0.373724 0.500829 0.500889 0.511609 
0.135838 0.23235 0.373724 0.500829 0.500889 0.511609 
0.135838 0.23235 0.373724 0.500829 0.500889 0.511609 
0.135838 0.23235 0.373724 0.500829 0.500889 0.511609 
0.135838 0.23235 0.373724 0.500829 0.500889 0.511609 
0.135838 0.23235 0.373724 0.500829 0.500889 0.511609 
0.135838 0.23235 0.373724 0.500829 0.500889 0.511609 
0.135838 0.23235 0.373724 0.500829 0.500889 0.511609 
0.135838 0.23235 0.373724 0.500829 0.500889 0.511609 
0.135838 0.23235 0.373724 0.500829 0.500889 0.511609 
0.135838 0.23235 0.373724 0.500829 0.500889 0.511609 
0.135838 0.23235 0.373724 0.500829 0.500889 0.511609 
0.135838 0.23235 0.373724 0.500829 0.500889 0.511609 
0.135838 0.23235 0.373724 0.500829 0.500889 0.511609 
0.135838 0.23235 0.373724 0.500829 0.500889 0.511609 
0.135838 0.23235 0.373724 0.500829 0.500889 0.511609 
0.135838 0.23235 0.373724 0.500829 0.500889 0.511609 
0.135838 0.23235 0.373724 0.500829 0.500889 0.511609 
0.135838 0.23235 0.373724 0.500829 0.500889 0.511609 
0.135838 0.23235 0.373724 0.500829 0.500889 0.511609 
0.135838 0.23235 0.373724 0.500829 0.500889 0.511609 
0.135838 0.23235 0.373724 0.500829 0.500889 0.511609 
0.135838 0.23235 0.373724 0.500829 0.500889 0.511609 
0.135838 0.23235 0.373724 0.500829 0.500889 0.511609 
0.135838 0.23235 0.373724 0.500829 0.500889 0.511609 
