0.151436 2.70745 2.70862 3.26145 3.93343 3.99586 
0.151436 2.70745 2.70862 3.26145 3.79197 3.93343 
0.151436 2.67332 2.70745 2.70862 3.1939 3.26145 
0.151436 2.67332 2.70745 2.70862 2.78028 2.9903 
0.151436 2.67332 2.70745 2.70862 2.78028 2.9903 
0.151436 2.67332 2.70745 2.70862 2.78028 2.9903 
0.151436 0.264182 2.67332 2.70745 2.70862 2.78028 
0.151436 0.264182 2.67332 2.70745 2.70862 2.78028 
0.151436 0.264182 2.67332 2.70745 2.70862 2.78028 
0.151436 0.264182 2.67332 2.70745 2.70862 2.78028 
0.151436 0.264182 2.67332 2.70745 2.70862 2.78028 
0.151436 0.264182 2.67332 2.70745 2.70862 2.78028 
0.151436 0.264182 1.92897 2.67332 2.70745 2.70862 
0.151436 0.264182 1.92897 2.67332 2.70745 2.70862 
0.151436 0.264182 1.92897 2.67332 2.70745 2.70862 
0.151436 0.264182 1.92897 2.58918 2.67332 2.70745 
0.151436 0.264182 1.92897 2.58918 2.67332 2.70745 
0.151436 0.264182 1.92897 2.58918 2.67332 2.70745 
0.151436 0.264182 1.73778 1.77157 1.92897 2.58918 
0.151436 0.264182 1.73778 1.77157 1.92897 2.58918 
0.151436 0.264182 1.73778 1.77157 1.92897 2.10729 
0.151436 0.264182 1.09295 1.73778 1.77157 1.82457 
0.151436 0.264182 1.09295 1.73778 1.77157 1.82457 
0.151436 0.264182 1.09295 1.3258 1.73778 1.77157 
0.151436 0.264182 1.09295 1.3258 1.73778 1.77157 
0.151436 0.264182 1.09295 1.3258 1.73778 1.77157 
0.151436 0.264182 0.320247 1.09295 1.3258 1.73778 
0.151436 0.264182 0.320247 1.09295 1.3258 1.73778 
0.151436 0.264182 0.320247 1.09295 1.3258 1.73778 
0.151436 0.264182 0.320247 1.09295 1.3258 1.73778 
0.151436 0.264182 0.320247 1.09295 1.3258 1.67182 
0.151436 0.264182 0.320247 1.09295 1.3258 1.67182 
0.151436 0.264182 0.320247 1.09295 1.3258 1.67182 
0.151436 0.264182 0.320247 0.323508 1.09295 1.3258 
0.151436 0.264182 0.320247 0.323508 0.989803 1.09295 
0.151436 0.264182 0.320247 0.323508 0.989803 1.09295 
0.151436 0.264182 0.320247 0.323508 0.989803 1.09295 
0.151436 0.264182 0.320247 0.323508 0.989803 1.09295 
0.151436 0.264182 0.320247 0.323508 0.989803 1.01278 
0.151436 0.264182 0.320247 0.323508 0.989803 1.01278 
0.151436 0.264182 0.320247 0.323508 0.989803 1.01278 
0.151436 0.264182 0.320247 0.323508 0.896522 0.989803 
0.151436 0.264182 0.320247 0.323508 0.896522 0.989803 
0.151436 0.254591 0.264182 0.320247 0.323508 0.384337 
0.151436 0.254591 0.264182 0.320247 0.323508 0.384337 
0.151436 0.254591 0.264182 0.320247 0.323508 0.384337 
0.151436 0.254591 0.264182 0.320247 0.323508 0.384337 
0.151436 0.254591 0.264182 0.320247 0.323508 0.384337 
0.151436 0.160273 0.254591 0.264182 0.320247 0.323508 
0.151436 0.160273 0.254591 0.264182 0.320247 0.323508 
0.151436 0.160273 0.254591 0.264182 0.320247 0.323508 
0.151436 0.160273 0.254591 0.264182 0.320247 0.323508 
0.151436 0.160273 0.254591 0.264182 0.320247 0.323508 
0.0545724 0.0795949 0.151436 0.160273 0.254591 0.264182 
0.0545724 0.0795949 0.151436 0.160273 0.254591 0.264182 
0.0545724 0.0795949 0.151436 0.160273 0.254591 0.264182 
0.0545724 0.0795949 0.0860263 0.109071 0.151436 0.160273 
0.0545724 0.0795949 0.0860263 0.0922579 0.109071 0.151436 
0.0545724 0.0795949 0.0860263 0.0922579 0.109071 0.151436 
0.0132639 0.0545724 0.0795949 0.0860263 0.0922579 0.109071 
0.0132639 0.0545724 0.0795949 0.0860263 0.0922579 0.109071 
0.0132639 0.0545724 0.0795949 0.0860263 0.0922579 0.109071 
0.0132639 0.0502141 0.0545724 0.0795949 0.0860263 0.0922579 
0.0132639 0.0502141 0.0545724 0.0795949 0.0860263 0.0922579 
0.0132639 0.0502141 0.0545724 0.0795949 0.0860263 0.0922579 
0.0132639 0.0502141 0.0545724 0.0795949 0.0860263 0.0922579 
0.0132639 0.0502141 0.0545724 0.0795949 0.0860263 0.0922579 
0.0132639 0.0502141 0.0545724 0.0795949 0.0860263 0.0922579 
0.0132639 0.0502141 0.0545724 0.0795949 0.0860263 0.0922579 
0.0132639 0.0502141 0.0545724 0.0795949 0.0860263 0.0922579 
0.0132639 0.0502141 0.0545724 0.0795949 0.0860263 0.0922579 
0.0132639 0.0502141 0.0545724 0.0795949 0.0860263 0.0922579 
0.0132639 0.0502141 0.0545724 0.0795949 0.0860263 0.0922579 
0.0132639 0.0502141 0.0545724 0.0795949 0.0860263 0.0922579 
0.0132639 0.0502141 0.0545724 0.0795949 0.0860263 0.0922579 
0.0132639 0.0502141 0.0545724 0.0795949 0.0860263 0.0922579 
0.0132639 0.0502141 0.0545724 0.0795949 0.0860263 0.0922579 
0.0132639 0.0502141 0.0545724 0.0795949 0.0860263 0.0922579 
0.0132639 0.0502141 0.0545724 0.0795949 0.0860263 0.0922579 
0.0132639 0.0502141 0.0545724 0.0795949 0.0860263 0.0922579 
0.0132639 0.0502141 0.0545724 0.0795949 0.0860263 0.0922579 
0.0132639 0.0502141 0.0545724 0.0795949 0.0860263 0.0922579 
0.0132639 0.0502141 0.0545724 0.0795949 0.0860263 0.0922579 
0.0132639 0.0502141 0.0545724 0.0795949 0.0860263 0.0922579 
0.0132639 0.0502141 0.0545724 0.0795949 0.0860263 0.0922579 
0.0132639 0.0502141 0.0545724 0.0795949 0.0860263 0.0922579 
0.0132639 0.0502141 0.0545724 0.0795949 0.0860263 0.0922579 
0.0132639 0.0502141 0.0545724 0.0795949 0.0860263 0.0922579 
0.0132639 0.0502141 0.0545724 0.0795949 0.0860263 0.0922579 
0.0132639 0.0502141 0.0545724 0.0795949 0.0860263 0.0922579 
0.0132639 0.0502141 0.0545724 0.0795949 0.0860263 0.0922579 
0.0132639 0.0502141 0.0545724 0.0795949 0.0860263 0.0922579 
0.0132639 0.0502141 0.0545724 0.0795949 0.0860263 0.0922579 
0.0132639 0.0502141 0.0545724 0.0795949 0.0860263 0.0922579 
0.0132639 0.0502141 0.0545724 0.0795949 0.0860263 0.0922579 
0.0132639 0.0502141 0.0545724 0.0795949 0.0860263 0.0922579 
0.0132639 0.0502141 0.0545724 0.0795949 0.0860263 0.0922579 
0.0132639 0.0502141 0.0545724 0.0795949 0.0860263 0.0922579 
0.0132639 0.0502141 0.0545724 0.0795949 0.0860263 0.0922579 
0.0132639 0.0502141 0.0545724 0.0795949 0.0860263 0.0922579 
