1.29847 3.17963 3.72018 4.37913 5.24398 5.27721 
1.29847 3.12853 3.17963 3.72018 3.96533 4.08819 
1.29847 2.95249 3.12853 3.17963 3.22484 3.72018 
1.29847 2.73502 2.95249 3.12853 3.17963 3.22484 
1.29847 1.53073 2.73502 2.95249 3.12853 3.17963 
1.29847 1.53073 2.73502 2.95249 3.12853 3.17963 
1.29847 1.53073 2.64592 2.73502 2.95249 3.12853 
1.29847 1.53073 2.64592 2.73502 2.95249 3.12853 
1.29847 1.53073 2.64592 2.73502 2.95249 3.08706 
0.64951 1.29847 1.53073 2.64592 2.73502 2.94415 
0.64951 1.29847 1.53073 2.64592 2.73502 2.85876 
0.64951 1.29847 1.53073 2.64592 2.73502 2.85876 
0.64951 1.29847 1.53073 2.64592 2.73502 2.79002 
0.64951 1.29847 1.53073 1.77893 2.64592 2.6721 
0.64951 1.29847 1.53073 1.77893 2.64592 2.6721 
0.64951 1.29847 1.53073 1.77893 2.64592 2.6721 
0.64951 1.29847 1.53073 1.77893 2.42739 2.64592 
0.64951 1.29847 1.53073 1.77893 2.42739 2.64592 
0.64951 1.09392 1.29847 1.53073 1.77893 2.31935 
0.64951 1.09392 1.29847 1.53073 1.77893 1.96 
0.64951 1.09392 1.29847 1.53073 1.77893 1.96 
0.64951 1.09392 1.29847 1.53073 1.77893 1.96 
0.64951 1.09392 1.29847 1.53073 1.73266 1.77893 
0.64951 1.09392 1.29847 1.53073 1.73266 1.77893 
0.64951 1.09392 1.20438 1.29847 1.53073 1.73266 
0.64951 1.09392 1.20438 1.29847 1.53073 1.73266 
0.635991 0.64951 1.09392 1.20438 1.29847 1.53073 
0.635991 0.64951 1.09392 1.1458 1.20438 1.29847 
0.635991 0.64951 1.09392 1.1458 1.20438 1.29847 
0.635991 0.64951 1.09392 1.1458 1.20438 1.29847 
0.635991 0.64951 1.09392 1.1458 1.20438 1.29847 
0.635991 0.64951 1.09392 1.1458 1.20438 1.21773 
0.635991 0.64951 0.828461 1.0476 1.09392 1.10169 
0.635991 0.64951 0.828461 1.0476 1.09392 1.10169 
0.635991 0.64951 0.828461 1.0476 1.09392 1.10169 
0.635991 0.642047 0.64951 0.828461 1.0476 1.09392 
0.542005 0.635991 0.642047 0.64951 0.828461 1.0476 
0.542005 0.635991 0.642047 0.64951 0.828461 1.0476 
0.542005 0.635991 0.642047 0.64951 0.709527 0.828461 
0.417225 0.542005 0.635991 0.642047 0.64951 0.709527 
0.417225 0.444461 0.542005 0.635991 0.642047 0.64951 
0.417225 0.444461 0.542005 0.601832 0.635991 0.642047 
0.417225 0.444461 0.542005 0.601832 0.635991 0.642047 
0.318223 0.417225 0.444461 0.451996 0.542005 0.601832 
0.318223 0.417225 0.444461 0.451996 0.484725 0.542005 
0.318223 0.417225 0.444461 0.451996 0.484725 0.542005 
0.318223 0.417225 0.444461 0.451996 0.484725 0.542005 
0.318223 0.417225 0.444461 0.451996 0.484725 0.542005 
0.318223 0.417225 0.444461 0.451996 0.484725 0.542005 
0.318223 0.417225 0.444461 0.451996 0.484725 0.542005 
0.318223 0.417225 0.444461 0.451996 0.484725 0.542005 
0.318223 0.417225 0.444461 0.451996 0.484725 0.542005 
0.318223 0.417225 0.444461 0.451996 0.484725 0.542005 
0.318223 0.417225 0.444461 0.451996 0.484725 0.542005 
0.318223 0.417225 0.444461 0.451996 0.484725 0.542005 
0.318223 0.417225 0.444461 0.451996 0.484725 0.542005 
0.318223 0.417225 0.444461 0.451996 0.484725 0.542005 
0.318223 0.417225 0.444461 0.451996 0.484725 0.542005 
0.318223 0.417225 0.444461 0.451996 0.484725 0.542005 
0.318223 0.417225 0.444461 0.451996 0.484725 0.542005 
0.318223 0.417225 0.444461 0.451996 0.484725 0.542005 
0.318223 0.417225 0.444461 0.451996 0.484725 0.542005 
0.318223 0.417225 0.444461 0.451996 0.484725 0.542005 
0.318223 0.417225 0.444461 0.451996 0.484725 0.542005 
0.318223 0.417225 0.444461 0.451996 0.484725 0.542005 
0.318223 0.417225 0.444461 0.451996 0.484725 0.542005 
0.318223 0.417225 0.444461 0.451996 0.484725 0.542005 
0.318223 0.417225 0.444461 0.451996 0.484725 0.542005 
0.318223 0.417225 0.444461 0.451996 0.484725 0.542005 
0.318223 0.417225 0.444461 0.451996 0.484725 0.542005 
0.318223 0.417225 0.444461 0.451996 0.484725 0.542005 
0.318223 0.417225 0.444461 0.451996 0.484725 0.542005 
0.318223 0.417225 0.444461 0.451996 0.484725 0.542005 
0.318223 0.417225 0.444461 0.451996 0.484725 0.542005 
0.318223 0.417225 0.444461 0.451996 0.484725 0.542005 
0.318223 0.417225 0.444461 0.451996 0.484725 0.542005 
0.318223 0.417225 0.444461 0.451996 0.484725 0.542005 
0.318223 0.417225 0.444461 0.451996 0.484725 0.542005 
0.318223 0.417225 0.444461 0.451996 0.484725 0.542005 
0.318223 0.417225 0.444461 0.451996 0.484725 0.542005 
0.318223 0.417225 0.444461 0.451996 0.484725 0.542005 
0.318223 0.417225 0.444461 0.451996 0.484725 0.542005 
0.318223 0.417225 0.444461 0.451996 0.484725 0.542005 
0.318223 0.417225 0.444461 0.451996 0.484725 0.542005 
0.318223 0.417225 0.444461 0.451996 0.484725 0.542005 
0.318223 0.417225 0.444461 0.451996 0.484725 0.542005 
0.318223 0.417225 0.444461 0.451996 0.484725 0.542005 
0.318223 0.417225 0.444461 0.451996 0.484725 0.542005 
0.318223 0.417225 0.444461 0.451996 0.484725 0.542005 
0.318223 0.417225 0.444461 0.451996 0.484725 0.542005 
0.318223 0.417225 0.444461 0.451996 0.484725 0.542005 
0.318223 0.417225 0.444461 0.451996 0.484725 0.542005 
0.318223 0.417225 0.444461 0.451996 0.484725 0.542005 
0.318223 0.417225 0.444461 0.451996 0.484725 0.542005 
0.318223 0.417225 0.444461 0.451996 0.484725 0.542005 
0.318223 0.417225 0.444461 0.451996 0.484725 0.542005 
0.318223 0.417225 0.444461 0.451996 0.484725 0.542005 
0.318223 0.417225 0.444461 0.451996 0.484725 0.542005 
0.318223 0.417225 0.444461 0.451996 0.484725 0.542005 
0.318223 0.417225 0.444461 0.451996 0.484725 0.542005 
