3.70642 4.44617 4.94482 5.18513 5.38372 6.16299 
3.70642 4.44617 4.7195 4.75927 4.94482 5.18513 
3.16282 3.70642 4.25276 4.44617 4.67732 4.7195 
3.16282 3.70642 4.25276 4.44617 4.67732 4.7195 
3.16282 3.70642 3.74575 4.25276 4.44617 4.67732 
3.16282 3.70642 3.74575 4.25276 4.44617 4.67732 
3.16282 3.70642 3.74575 4.25276 4.36242 4.44617 
3.0935 3.16282 3.70642 3.74575 4.25276 4.36242 
3.0935 3.16282 3.70642 3.74575 4.25276 4.36242 
3.0935 3.16282 3.70642 3.74575 4.12564 4.25276 
3.0935 3.16282 3.70642 3.74575 4.12564 4.25276 
3.0935 3.16282 3.70642 3.74575 4.12564 4.25276 
3.0935 3.16282 3.70642 3.74575 4.12564 4.25276 
3.0935 3.16282 3.60368 3.70642 3.74575 4.12564 
2.82963 3.0935 3.16282 3.60368 3.70642 3.74575 
2.82963 3.0935 3.16282 3.60368 3.69262 3.70642 
2.82963 3.0935 3.16282 3.60368 3.69262 3.70642 
2.82963 3.0935 3.16282 3.60368 3.69262 3.70642 
2.82963 3.0935 3.16282 3.60368 3.69262 3.70642 
2.82963 3.0935 3.16282 3.60368 3.69262 3.70642 
2.82963 3.0935 3.16282 3.30152 3.60368 3.69262 
2.79911 2.82963 3.0935 3.16282 3.30152 3.60368 
2.79911 2.82963 3.0935 3.16282 3.30152 3.60368 
2.79911 2.82963 3.0935 3.16282 3.30152 3.60368 
2.79911 2.82963 3.0935 3.16282 3.30152 3.60368 
2.72696 2.79911 2.82963 3.0935 3.16282 3.30152 
2.72696 2.79911 2.82963 3.0935 3.16282 3.21962 
2.72696 2.79911 2.82963 3.0935 3.16282 3.21962 
2.46746 2.72696 2.79911 2.82963 3.0935 3.16282 
2.46746 2.72696 2.79911 2.82963 3.0935 3.16282 
1.96907 2.46746 2.72696 2.79911 2.82963 3.0935 
1.96907 2.46746 2.72696 2.79911 2.82963 3.0935 
1.96907 2.46746 2.72696 2.79911 2.82963 3.0935 
1.96907 2.46746 2.72696 2.79911 2.82963 3.0935 
1.96907 2.46746 2.72696 2.79911 2.82963 3.0935 
1.96907 2.46746 2.72696 2.79911 2.80469 2.82963 
1.96907 2.46746 2.72696 2.79911 2.80469 2.82963 
1.96907 2.46746 2.72696 2.79911 2.80469 2.82963 
1.96907 2.46746 2.72696 2.79911 2.80469 2.82963 
1.96907 2.46746 2.72696 2.79911 2.80469 2.82963 
1.96907 2.46746 2.72696 2.79911 2.80469 2.82963 
1.08871 1.96907 2.46746 2.72696 2.79911 2.80469 
1.08871 1.96907 2.46746 2.651 2.72696 2.79911 
0.174301 1.08871 1.96907 2.46746 2.651 2.72696 
0.174301 1.08871 1.96907 2.46746 2.49771 2.651 
0.174301 1.08871 1.80676 1.96907 2.46746 2.49771 
0.174301 1.08871 1.21026 1.6274 1.80676 1.96907 
0.174301 1.08871 1.21026 1.6274 1.80676 1.96907 
0.174301 1.08871 1.21026 1.6274 1.80676 1.96907 
0.174301 0.889553 1.08871 1.21026 1.35057 1.38415 
0.174301 0.377682 0.889553 1.08871 1.21026 1.35057 
0.174301 0.377682 0.889553 1.02671 1.08871 1.20277 
0.174301 0.377682 0.889553 1.02671 1.08871 1.20277 
0.174301 0.377682 0.889553 1.02671 1.08871 1.20277 
0.174301 0.377682 0.862661 0.889553 1.02671 1.08871 
0.174301 0.377682 0.862661 0.889553 1.02671 1.08871 
0.174301 0.377682 0.862661 0.889553 1.02671 1.08871 
0.174301 0.377682 0.862661 0.889553 1.02671 1.08871 
0.174301 0.377682 0.862661 0.889553 1.02671 1.08871 
0.174301 0.377682 0.862661 0.889553 1.02671 1.08871 
0.174301 0.377682 0.862661 0.889553 1.02671 1.08871 
0.174301 0.377682 0.862661 0.889553 1.02671 1.08871 
0.174301 0.377682 0.862661 0.889553 1.02671 1.08871 
0.174301 0.377682 0.862661 0.889553 1.02671 1.08871 
0.174301 0.377682 0.862661 0.889553 1.02671 1.08871 
0.174301 0.377682 0.862661 0.889553 1.02671 1.08871 
0.174301 0.377682 0.862661 0.889553 1.02671 1.08871 
0.174301 0.377682 0.862661 0.889553 1.02671 1.08871 
0.174301 0.377682 0.862661 0.889553 1.02671 1.08871 
0.174301 0.377682 0.862661 0.889553 1.02671 1.08871 
0.174301 0.377682 0.862661 0.889553 1.02671 1.08871 
0.174301 0.377682 0.862661 0.889553 1.02671 1.08871 
0.174301 0.377682 0.862661 0.889553 1.02671 1.08871 
0.174301 0.377682 0.862661 0.889553 1.02671 1.08871 
0.174301 0.377682 0.862661 0.889553 1.02671 1.08871 
0.174301 0.377682 0.862661 0.889553 1.02671 1.08871 
0.174301 0.377682 0.862661 0.889553 1.02671 1.08871 
0.174301 0.377682 0.862661 0.889553 1.02671 1.08871 
0.174301 0.377682 0.862661 0.889553 1.02671 1.08871 
0.174301 0.377682 0.862661 0.889553 1.02671 1.08871 
0.174301 0.377682 0.862661 0.889553 1.02671 1.08871 
0.174301 0.377682 0.862661 0.889553 1.02671 1.08871 
0.174301 0.377682 0.862661 0.889553 1.02671 1.08871 
0.174301 0.377682 0.862661 0.889553 1.02671 1.08871 
0.174301 0.377682 0.862661 0.889553 1.02671 1.08871 
0.174301 0.377682 0.862661 0.889553 1.02671 1.08871 
0.174301 0.377682 0.862661 0.889553 1.02671 1.08871 
0.174301 0.377682 0.862661 0.889553 0.960693 1.02671 
0.174301 0.377682 0.862661 0.889553 0.960693 1.02671 
0.174301 0.377682 0.862661 0.889553 0.960693 1.02671 
0.174301 0.377682 0.747764 0.862661 0.889553 0.960693 
0.174301 0.377682 0.747764 0.862661 0.889553 0.960693 
0.174301 0.377682 0.747764 0.862661 0.889553 0.960693 
0.174301 0.377682 0.747764 0.862661 0.889553 0.960693 
0.174301 0.377682 0.747764 0.862661 0.889553 0.960693 
0.174301 0.377682 0.747764 0.862661 0.889553 0.960693 
0.174301 0.377682 0.734767 0.747764 0.862661 0.889553 
0.174301 0.377682 0.734767 0.747764 0.862661 0.889553 
0.174301 0.377682 0.734767 0.747764 0.750922 0.862661 
0.174301 0.377682 0.734767 0.747764 0.750922 0.779007 
