3.64719 4.7619 5.69999 6.15087 7.60093 8.32566 
3.64719 4.57816 4.7619 5.69999 6.15087 7.30419 
3.64719 4.51519 4.57816 4.7619 5.69999 6.11646 
3.64719 4.44573 4.51519 4.57816 4.7619 5.69999 
3.64719 4.44573 4.51519 4.57816 4.7619 4.76709 
3.64719 4.44573 4.51519 4.57816 4.7619 4.76709 
3.64719 3.68992 4.44573 4.51519 4.57816 4.7619 
3.64719 3.68992 4.44573 4.51519 4.57816 4.7619 
3.64719 3.68992 4.44573 4.51519 4.57816 4.7619 
3.64719 3.68992 4.44573 4.51519 4.57816 4.63591 
3.54694 3.64719 3.68992 4.44573 4.51519 4.57816 
3.54694 3.64719 3.68992 4.44573 4.51519 4.57816 
0.658377 3.24825 3.54694 3.64719 3.68992 4.44573 
0.658377 2.78677 3.24825 3.54694 3.64719 3.68992 
0.658377 2.78677 3.24825 3.26894 3.54694 3.64719 
0.658377 2.78677 3.24825 3.26894 3.54694 3.64719 
0.658377 2.67131 2.78677 3.24825 3.26894 3.54694 
0.658377 1.46016 2.67131 2.78677 3.24825 3.26894 
0.658377 1.46016 2.67131 2.78677 3.24825 3.26894 
0.658377 1.46016 2.67131 2.78677 3.24825 3.26894 
0.658377 1.46016 2.67131 2.78677 3.24825 3.26894 
0.658377 1.46016 2.67131 2.78677 3.24825 3.26894 
0.658377 1.46016 2.67131 2.78677 3.24825 3.26894 
0.658377 1.46016 2.67131 2.78677 3.07236 3.12862 
0.658377 1.46016 2.67131 2.78677 3.07236 3.12862 
0.658377 1.46016 2.38894 2.67131 2.78677 3.07236 
0.658377 1.46016 1.78626 2.38894 2.67131 2.71075 
0.658377 1.46016 1.78626 2.38894 2.67131 2.71075 
0.658377 1.46016 1.78626 2.38894 2.44124 2.67131 
0.658377 1.46016 1.78626 2.38894 2.44124 2.67131 
0.658377 1.46016 1.78626 2.38894 2.44124 2.67131 
0.658377 1.27844 1.46016 1.78626 2.38894 2.44124 
0.658377 1.27844 1.46016 1.51054 1.78626 2.38894 
0.658377 1.24909 1.27844 1.46016 1.51054 1.78626 
0.658377 1.24909 1.27844 1.46016 1.51054 1.78626 
0.658377 1.24909 1.27844 1.46016 1.51054 1.78626 
0.658377 1.24909 1.27844 1.46016 1.51054 1.78626 
0.658377 1.24909 1.27844 1.46016 1.51054 1.78626 
0.658377 1.24909 1.27844 1.46016 1.51054 1.78626 
0.658377 1.24909 1.27844 1.46016 1.51054 1.78626 
0.658377 1.24909 1.27844 1.46016 1.51054 1.78626 
0.658377 1.24909 1.27844 1.46016 1.51054 1.78626 
0.658377 1.24909 1.27844 1.46016 1.51054 1.75896 
0.227881 0.658377 1.24909 1.27844 1.46016 1.51054 
0.227881 0.658377 1.24909 1.27844 1.46016 1.51054 
0.227881 0.658377 1.24909 1.27844 1.46016 1.51054 
0.227881 0.547991 0.658377 1.24909 1.27844 1.46016 
0.227881 0.547991 0.658377 1.24909 1.27844 1.46016 
0.227881 0.547991 0.658377 1.24909 1.27844 1.46016 
0.227881 0.547991 0.658377 1.24909 1.27844 1.31544 
0.227881 0.547991 0.658377 1.21715 1.24909 1.27844 
0.227881 0.547991 0.658377 1.21715 1.24909 1.27844 
0.227881 0.547991 0.634387 0.658377 1.21715 1.24909 
0.227881 0.354905 0.547991 0.634387 0.658377 1.17095 
0.227881 0.354905 0.547991 0.634387 0.658377 1.17095 
0.227881 0.354905 0.547991 0.634387 0.658377 1.17095 
0.227881 0.354905 0.547991 0.634387 0.658377 1.17095 
0.227881 0.354905 0.547991 0.634387 0.658377 1.17095 
0.227881 0.354905 0.547991 0.634387 0.658377 1.17095 
0.227881 0.354905 0.547991 0.634387 0.658377 1.17095 
0.227881 0.354905 0.547991 0.634387 0.658377 1.00731 
0.227881 0.354905 0.547991 0.634387 0.658377 1.00731 
0.227881 0.354905 0.547991 0.634387 0.658377 1.00731 
0.227881 0.354905 0.547991 0.634387 0.658377 1.00731 
0.227881 0.354905 0.547991 0.634387 0.658377 1.00731 
0.227881 0.354905 0.547991 0.634387 0.658377 1.00731 
0.227881 0.354905 0.547991 0.634387 0.658377 1.00731 
0.227881 0.354905 0.547991 0.634387 0.658377 1.00731 
0.227881 0.354905 0.547991 0.634387 0.658377 1.00731 
0.227881 0.354905 0.547991 0.634387 0.658377 1.00731 
0.227881 0.354905 0.547991 0.634387 0.658377 1.00731 
0.227881 0.354905 0.547991 0.634387 0.658377 1.00731 
0.227881 0.354905 0.547991 0.634387 0.658377 1.00731 
0.227881 0.354905 0.547991 0.634387 0.658377 1.00731 
0.227881 0.354905 0.547991 0.634387 0.658377 1.00731 
0.227881 0.354905 0.547991 0.634387 0.658377 1.00731 
0.227881 0.354905 0.547991 0.634387 0.658377 1.00731 
0.227881 0.354905 0.547991 0.634387 0.658377 1.00731 
0.227881 0.354905 0.547991 0.634387 0.658377 1.00731 
0.227881 0.354905 0.547991 0.634387 0.658377 1.00731 
0.227881 0.354905 0.547991 0.634387 0.658377 1.00731 
0.227881 0.354905 0.547991 0.634387 0.658377 1.00731 
0.227881 0.354905 0.547991 0.634387 0.658377 1.00731 
0.227881 0.354905 0.547991 0.634387 0.658377 1.00731 
0.227881 0.354905 0.547991 0.634387 0.658377 1.00731 
0.227881 0.354905 0.547991 0.634387 0.658377 1.00731 
0.227881 0.354905 0.547991 0.634387 0.658377 1.00731 
0.227881 0.354905 0.547991 0.634387 0.658377 1.00731 
0.227881 0.354905 0.547991 0.634387 0.658377 1.00731 
0.227881 0.354905 0.547991 0.634387 0.658377 1.00731 
0.227881 0.354905 0.547991 0.634387 0.658377 1.00731 
0.227881 0.354905 0.547991 0.634387 0.658377 1.00731 
0.227881 0.354905 0.547991 0.634387 0.658377 1.00731 
0.227881 0.354905 0.547991 0.634387 0.658377 1.00731 
0.227881 0.354905 0.547991 0.634387 0.658377 1.00731 
0.227881 0.354905 0.547991 0.634387 0.658377 1.00731 
0.227881 0.354905 0.547991 0.634387 0.658377 1.00731 
0.227881 0.354905 0.547991 0.634387 0.658377 1.00731 
0.227881 0.354905 0.547991 0.634387 0.658377 1.00731 
0.227881 0.354905 0.547991 0.634387 0.658377 1.00731 
