2.70312 3.51093 5.56618 6.1801 7.01811 7.98137 
2.70312 3.51093 4.60402 5.43452 5.43835 5.56618 
0.597736 2.70312 3.51093 4.16627 4.43294 4.60402 
0.597736 2.70312 3.51093 3.8976 4.16627 4.43294 
0.597736 2.70312 3.51093 3.83488 3.8976 4.16627 
0.597736 2.70312 3.51093 3.83488 3.8976 4.16627 
0.597736 2.70312 3.51093 3.83488 3.8976 4.16627 
0.597736 2.70312 3.04771 3.51093 3.83488 3.8976 
0.597736 2.70312 3.04771 3.39205 3.51093 3.83488 
0.597736 2.70312 3.04771 3.28848 3.39205 3.51093 
0.597736 2.70312 3.04771 3.28848 3.39205 3.51093 
0.597736 2.70312 3.04771 3.28848 3.39205 3.51093 
0.597736 2.70312 3.04771 3.28848 3.39205 3.47787 
0.597736 2.70312 3.04771 3.26233 3.28848 3.39205 
0.597736 2.70312 3.04771 3.26233 3.28848 3.39205 
0.597736 2.70312 3.04771 3.26233 3.28848 3.39205 
0.597736 2.70312 3.04771 3.26233 3.28848 3.39205 
0.597736 2.70312 3.04771 3.26233 3.28848 3.39205 
0.597736 2.70312 3.04771 3.26233 3.28848 3.39205 
0.597736 2.12164 2.70312 3.04771 3.26233 3.28848 
0.597736 2.12164 2.70312 3.04771 3.26233 3.28848 
0.597736 2.12164 2.70312 3.04771 3.26233 3.28848 
0.597736 2.12164 2.70312 3.04771 3.26233 3.28848 
0.597736 2.12164 2.70312 3.04771 3.26233 3.28848 
0.597736 2.12164 2.32847 2.70312 3.04771 3.26233 
0.597736 2.12164 2.32847 2.70312 3.04771 3.26233 
0.597736 2.12164 2.32847 2.70312 3.04771 3.20667 
0.597736 2.12164 2.32847 2.70312 3.04771 3.20667 
0.597736 2.12164 2.32847 2.70312 2.98778 3.04771 
0.597736 2.12164 2.32847 2.70312 2.98778 3.04771 
0.597736 2.12164 2.32847 2.70312 2.98778 3.04771 
0.597736 2.12164 2.32847 2.70312 2.98778 3.04771 
0.597736 2.12164 2.32847 2.70312 2.98778 3.04771 
0.597736 2.12164 2.32847 2.70312 2.86184 2.98778 
0.597736 2.12164 2.32847 2.70312 2.86184 2.98778 
0.597736 1.60459 2.12164 2.32847 2.70312 2.86184 
0.597736 1.60459 2.12164 2.32847 2.70312 2.86184 
0.597736 1.60459 2.12164 2.32847 2.48507 2.70312 
0.597736 1.60459 2.12164 2.32847 2.48507 2.70312 
0.597736 1.60459 2.12164 2.32847 2.48507 2.70312 
0.597736 1.60459 2.12164 2.32847 2.48507 2.70312 
0.597736 1.60459 2.12164 2.32847 2.48507 2.70312 
0.597736 1.60459 2.12164 2.32847 2.48507 2.70312 
0.597736 1.60459 2.12164 2.32847 2.48507 2.70312 
0.597736 1.60459 2.12164 2.32847 2.48507 2.70312 
0.597736 1.60459 2.12164 2.32847 2.48507 2.70312 
0.597736 1.60459 2.12164 2.32847 2.48507 2.70312 
0.597736 1.60459 2.12164 2.32847 2.48507 2.70312 
0.597736 1.60459 2.12164 2.32847 2.48507 2.70312 
0.597736 1.60459 2.12164 2.32847 2.48507 2.70312 
0.597736 1.60459 2.12164 2.32847 2.48507 2.70312 
0.218562 0.597736 1.60459 2.12164 2.32847 2.48507 
0.218562 0.597736 1.22379 1.23326 1.60459 2.12164 
0.218562 0.597736 1.22379 1.23326 1.60459 2.12164 
0.218562 0.597736 1.22379 1.23326 1.60459 2.12164 
0.218562 0.597736 1.22379 1.23326 1.60459 2.12164 
0.218562 0.597736 1.22379 1.23326 1.60459 2.12164 
0.218562 0.597736 1.22379 1.23326 1.60459 2.12164 
0.218562 0.597736 1.20572 1.22379 1.23326 1.60459 
0.218562 0.597736 1.20572 1.22379 1.23326 1.60459 
0.218562 0.597736 1.20572 1.22379 1.23326 1.60459 
0.218562 0.504351 0.597736 1.20572 1.22379 1.23326 
0.218562 0.504351 0.597736 1.20572 1.22379 1.23326 
0.218562 0.504351 0.597736 1.20572 1.22379 1.23326 
0.218562 0.504351 0.597736 1.20572 1.22379 1.23326 
0.218562 0.504351 0.597736 1.20572 1.22379 1.23326 
0.218562 0.504351 0.597736 1.20572 1.22379 1.23326 
0.218562 0.504351 0.597736 0.645182 1.20572 1.22379 
0.218562 0.504351 0.597736 0.645182 1.20572 1.22379 
0.218562 0.480389 0.504351 0.597736 0.645182 1.20572 
0.218562 0.480389 0.504351 0.597736 0.645182 1.20572 
0.218562 0.480389 0.504351 0.597736 0.645182 1.20572 
0.218562 0.480389 0.504351 0.597736 0.645182 1.20572 
0.218562 0.480389 0.504351 0.597736 0.645182 1.06053 
0.218562 0.480389 0.504351 0.597736 0.645182 1.06053 
0.218562 0.480389 0.504351 0.597736 0.645182 1.0383 
0.218562 0.480389 0.504351 0.597736 0.645182 1.0383 
0.218562 0.480389 0.504351 0.597736 0.645182 1.0383 
0.218562 0.260996 0.480389 0.504351 0.597736 0.645182 
0.218562 0.260996 0.480389 0.504351 0.597736 0.645182 
0.218562 0.260996 0.480389 0.504351 0.597736 0.634276 
0.218562 0.260996 0.480389 0.504351 0.597736 0.634276 
0.218562 0.260996 0.480389 0.504351 0.597736 0.634276 
0.218562 0.260996 0.480389 0.504351 0.597736 0.634276 
0.218562 0.260996 0.480389 0.504351 0.597736 0.634276 
0.218562 0.260996 0.480389 0.504351 0.597736 0.634276 
0.218562 0.260996 0.480389 0.504351 0.597736 0.634276 
0.218562 0.260996 0.480389 0.504351 0.597736 0.634276 
0.218562 0.260996 0.480389 0.504351 0.597736 0.634276 
0.218562 0.260996 0.337977 0.480389 0.504351 0.597736 
0.218562 0.260996 0.313042 0.337977 0.480389 0.504351 
0.218562 0.260996 0.313042 0.337977 0.480389 0.504351 
0.218562 0.260996 0.313042 0.337977 0.480389 0.504351 
0.218562 0.260996 0.313042 0.337977 0.399828 0.480389 
0.218562 0.260996 0.313042 0.337977 0.399828 0.480389 
0.218562 0.260996 0.313042 0.337977 0.399828 0.480389 
0.218562 0.260996 0.313042 0.337977 0.399828 0.480389 
0.218562 0.260996 0.313042 0.337977 0.399828 0.480389 
0.212353 0.218562 0.260996 0.313042 0.337977 0.399828 
0.212353 0.218562 0.260996 0.266705 0.313042 0.337977 
