3.14243 3.53954 3.55243 4.04349 4.96213 5.86276 
3.14243 3.16351 3.22231 3.53954 3.55243 3.7849 
2.71867 2.82082 3.14243 3.16351 3.22231 3.25765 
2.71867 2.82082 3.14243 3.16351 3.22231 3.25765 
2.71867 2.82082 3.14243 3.16351 3.22231 3.25765 
2.71867 2.7443 2.82082 3.14243 3.16351 3.22231 
2.71867 2.7443 2.82082 3.14243 3.16351 3.22231 
2.71867 2.7443 2.82082 3.14243 3.16351 3.22231 
2.71867 2.7443 2.82082 3.14243 3.16351 3.22231 
1.12895 2.71867 2.7443 2.82082 3.14243 3.16351 
1.12895 1.80103 2.71867 2.7443 2.82082 3.14243 
1.12895 1.80103 2.43673 2.71867 2.7443 2.82082 
1.12895 1.80103 2.43673 2.71867 2.7443 2.82082 
0.39178 1.12895 1.80103 2.43673 2.71867 2.7443 
0.39178 1.12895 1.80103 2.43673 2.71867 2.7443 
0.39178 1.12895 1.80103 2.20175 2.43673 2.71867 
0.39178 1.12895 1.80103 2.20175 2.33098 2.43673 
0.39178 1.12895 1.80103 2.20175 2.33098 2.43673 
0.39178 1.12895 1.80103 2.20175 2.33098 2.43673 
0.122351 0.39178 1.12895 1.57244 1.80103 2.20175 
0.122351 0.39178 1.12895 1.57244 1.80103 2.20175 
0.122351 0.39178 1.12895 1.24253 1.57244 1.80103 
0.122351 0.39178 0.888116 1.12895 1.24253 1.57244 
0.122351 0.39178 0.888116 1.12895 1.24253 1.57244 
0.122351 0.39178 0.888116 1.12895 1.24253 1.57244 
0.122351 0.39178 0.888116 1.05797 1.12895 1.24253 
0.122351 0.39178 0.888116 1.05797 1.12895 1.24253 
0.122351 0.39178 0.888116 1.05797 1.12895 1.24253 
0.122351 0.39178 0.888116 1.05797 1.12895 1.24253 
0.122351 0.39178 0.888116 1.05797 1.12895 1.24253 
0.122351 0.39178 0.888116 1.05797 1.12895 1.24253 
0.122351 0.39178 0.888116 1.05797 1.12895 1.24253 
0.122351 0.39178 0.888116 1.05797 1.12895 1.24253 
0.122351 0.39178 0.731216 0.888116 1.05797 1.12895 
0.122351 0.39178 0.731216 0.888116 1.05797 1.12895 
0.122351 0.39178 0.731216 0.872009 0.888116 1.05797 
0.122351 0.39178 0.731216 0.872009 0.888116 1.05797 
0.122351 0.39178 0.731216 0.872009 0.888116 1.05797 
0.122351 0.39178 0.731216 0.872009 0.888116 1.05797 
0.122351 0.39178 0.731216 0.872009 0.888116 1.05797 
0.122351 0.39178 0.731216 0.872009 0.888116 1.05797 
0.122351 0.39178 0.731216 0.872009 0.888116 1.05797 
0.122351 0.39178 0.731216 0.872009 0.888116 1.05797 
0.122351 0.39178 0.731216 0.872009 0.888116 1.05797 
0.122351 0.39178 0.731216 0.872009 0.888116 1.05797 
0.122351 0.39178 0.731216 0.872009 0.888116 1.05797 
0.122351 0.39178 0.731216 0.872009 0.888116 1.05797 
0.122351 0.39178 0.731216 0.872009 0.888116 1.05797 
0.122351 0.39178 0.731216 0.872009 0.888116 1.05797 
0.122351 0.39178 0.731216 0.872009 0.888116 1.05797 
0.122351 0.39178 0.731216 0.872009 0.888116 1.05797 
0.122351 0.39178 0.731216 0.872009 0.888116 1.05797 
0.122351 0.39178 0.731216 0.872009 0.888116 1.05797 
0.122351 0.39178 0.731216 0.872009 0.888116 1.05797 
0.122351 0.39178 0.731216 0.872009 0.888116 1.05797 
0.122351 0.39178 0.731216 0.872009 0.888116 1.05797 
0.122351 0.39178 0.731216 0.872009 0.888116 1.05797 
0.122351 0.39178 0.731216 0.872009 0.888116 1.05797 
0.122351 0.39178 0.731216 0.872009 0.888116 1.05797 
0.122351 0.39178 0.731216 0.872009 0.888116 1.05797 
0.122351 0.39178 0.731216 0.872009 0.888116 1.05797 
0.122351 0.39178 0.731216 0.872009 0.888116 1.05797 
0.122351 0.39178 0.731216 0.872009 0.888116 1.05797 
0.122351 0.39178 0.731216 0.872009 0.888116 1.05797 
0.122351 0.39178 0.731216 0.872009 0.888116 1.05797 
0.122351 0.39178 0.731216 0.872009 0.888116 1.05797 
0.122351 0.39178 0.731216 0.872009 0.888116 1.05797 
0.122351 0.39178 0.731216 0.872009 0.888116 1.05797 
0.122351 0.39178 0.731216 0.872009 0.888116 1.05797 
0.122351 0.39178 0.731216 0.872009 0.888116 1.05797 
0.122351 0.39178 0.731216 0.872009 0.888116 1.05797 
0.122351 0.39178 0.731216 0.872009 0.888116 1.05797 
0.122351 0.39178 0.731216 0.872009 0.888116 1.05797 
0.122351 0.39178 0.731216 0.872009 0.888116 1.05797 
0.122351 0.39178 0.66272 0.731216 0.872009 0.888116 
0.122351 0.39178 0.66272 0.731216 0.789458 0.872009 
0.122351 0.39178 0.66272 0.731216 0.789458 0.872009 
0.122351 0.39178 0.66272 0.731216 0.789458 0.872009 
0.122351 0.39178 0.66272 0.731216 0.789458 0.872009 
0.122351 0.39178 0.66272 0.731216 0.789458 0.801308 
0.122351 0.39178 0.662626 0.66272 0.685096 0.731216 
0.122351 0.39178 0.662626 0.66272 0.685096 0.731216 
0.122351 0.39178 0.627534 0.638156 0.662626 0.66272 
0.122351 0.39178 0.480762 0.627534 0.638156 0.662626 
0.122351 0.39178 0.424499 0.434228 0.480762 0.627534 
0.122351 0.39178 0.424499 0.434228 0.480762 0.627534 
0.122351 0.39178 0.424499 0.434228 0.480762 0.627534 
0.122351 0.39178 0.424499 0.434228 0.480762 0.522509 
0.122351 0.39178 0.424499 0.434228 0.480762 0.522509 
0.122351 0.39178 0.400235 0.417925 0.424499 0.434228 
0.122351 0.319027 0.39178 0.400235 0.417925 0.424499 
0.122351 0.313778 0.319027 0.39178 0.400235 0.417925 
0.122351 0.313778 0.319027 0.39178 0.400235 0.417925 
0.122351 0.313778 0.319027 0.39178 0.400235 0.417925 
0.122351 0.269094 0.313778 0.319027 0.38991 0.39178 
0.122351 0.269094 0.297902 0.313778 0.319027 0.333064 
0.122351 0.269094 0.297902 0.303822 0.313778 0.319027 
0.122351 0.269094 0.276592 0.297902 0.303822 0.313778 
0.122351 0.250736 0.269094 0.276592 0.293475 0.297902 
0.122351 0.250736 0.269094 0.276592 0.283535 0.293475 
