3.08118 3.23939 3.65558 3.80364 4.58994 4.97351 
3.08118 3.09661 3.23939 3.54501 3.65558 3.80364 
0.935651 3.08118 3.09661 3.23939 3.54501 3.60781 
0.935651 1.80223 2.78674 3.08118 3.09661 3.23939 
0.935651 1.80223 2.7341 2.74386 2.78674 3.08118 
0.935651 1.80223 2.7341 2.74386 2.78674 3.08118 
0.935651 1.80223 2.51877 2.7341 2.74386 2.78674 
0.874427 0.935651 1.40979 1.80223 2.01694 2.51877 
0.874427 0.935651 1.40979 1.80223 2.01694 2.51877 
0.874427 0.935651 1.40979 1.80223 2.01694 2.51877 
0.874427 0.935651 1.40979 1.57165 1.80223 2.01694 
0.874427 0.935651 1.40979 1.57165 1.80223 2.01694 
0.441401 0.533353 0.874427 0.935651 1.40979 1.57165 
0.441401 0.533353 0.874427 0.935651 1.40979 1.57165 
0.441401 0.533353 0.59918 0.874427 0.935651 1.40979 
0.441401 0.533353 0.59918 0.874427 0.935651 1.40979 
0.441401 0.533353 0.59918 0.874427 0.935651 1.40979 
0.441401 0.533353 0.59918 0.874427 0.935651 1.40979 
0.441401 0.533353 0.59918 0.874427 0.935651 1.40979 
0.441401 0.533353 0.59918 0.874427 0.935651 1.40979 
0.441401 0.533353 0.59918 0.874427 0.935651 1.40979 
0.441401 0.533353 0.59918 0.874427 0.935651 1.34385 
0.441401 0.533353 0.59918 0.874427 0.935651 1.34385 
0.441401 0.533353 0.59918 0.644788 0.793078 0.874427 
0.441401 0.533353 0.59918 0.644788 0.793078 0.874427 
0.441401 0.533353 0.59918 0.644788 0.793078 0.874427 
0.441401 0.533353 0.59918 0.644788 0.793078 0.874427 
0.441401 0.47382 0.533353 0.59918 0.644788 0.793078 
0.441401 0.47382 0.533353 0.59918 0.644788 0.678313 
0.441401 0.47382 0.533353 0.59918 0.644788 0.678313 
0.441401 0.47382 0.533353 0.59918 0.644788 0.678313 
0.160125 0.441401 0.47382 0.533353 0.59918 0.644788 
0.160125 0.441401 0.47382 0.533353 0.59918 0.644788 
0.160125 0.185189 0.441401 0.47382 0.533353 0.59918 
0.160125 0.185189 0.441401 0.47382 0.533353 0.59918 
0.160125 0.185189 0.441401 0.47382 0.533353 0.59918 
0.160125 0.185189 0.441401 0.47382 0.533353 0.560794 
0.0390197 0.160125 0.185189 0.441401 0.47382 0.533353 
0.0390197 0.160125 0.185189 0.367382 0.441401 0.47382 
0.0390197 0.160125 0.185189 0.367382 0.441401 0.47382 
0.0390197 0.160125 0.185189 0.367382 0.441401 0.47382 
0.0390197 0.160125 0.185189 0.367382 0.441401 0.47382 
0.0390197 0.160125 0.185189 0.264311 0.367382 0.441401 
0.0390197 0.160125 0.185189 0.264311 0.367382 0.441401 
0.0390197 0.160125 0.185189 0.264311 0.367382 0.441401 
0.0390197 0.160125 0.185189 0.264311 0.367382 0.441401 
0.0390197 0.160125 0.185189 0.264311 0.367382 0.441401 
0.0390197 0.160125 0.185189 0.264311 0.367382 0.441401 
0.0390197 0.160125 0.185189 0.264311 0.367382 0.441401 
0.0390197 0.160125 0.185189 0.264311 0.367382 0.441401 
0.0390197 0.160125 0.185189 0.264311 0.367382 0.441401 
0.0390197 0.160125 0.185189 0.264311 0.367382 0.441401 
0.0390197 0.160125 0.185189 0.264311 0.367382 0.441401 
0.0390197 0.160125 0.185189 0.264311 0.367382 0.441401 
0.0390197 0.160125 0.185189 0.264311 0.367382 0.441401 
0.0390197 0.160125 0.185189 0.264311 0.367382 0.441401 
0.0390197 0.160125 0.185189 0.264311 0.367382 0.441401 
0.0390197 0.160125 0.185189 0.264311 0.367382 0.441401 
0.0390197 0.160125 0.185189 0.264311 0.367382 0.441401 
0.0390197 0.160125 0.185189 0.264311 0.367382 0.441401 
0.0390197 0.160125 0.185189 0.264311 0.367382 0.441401 
0.0390197 0.160125 0.185189 0.264311 0.367382 0.441401 
0.0390197 0.160125 0.185189 0.264311 0.367382 0.441401 
0.0390197 0.160125 0.185189 0.264311 0.367382 0.441401 
0.0390197 0.160125 0.185189 0.264311 0.367382 0.441401 
0.0390197 0.160125 0.185189 0.264311 0.367382 0.441401 
0.0390197 0.160125 0.185189 0.264311 0.367382 0.441401 
0.0390197 0.160125 0.185189 0.264311 0.367382 0.441401 
0.0390197 0.160125 0.185189 0.264311 0.367382 0.441401 
0.0390197 0.160125 0.185189 0.264311 0.367382 0.441401 
0.0390197 0.160125 0.185189 0.264311 0.367382 0.441401 
0.0390197 0.160125 0.185189 0.264311 0.367382 0.441401 
0.0390197 0.160125 0.185189 0.264311 0.367382 0.441401 
0.0390197 0.160125 0.185189 0.264311 0.367382 0.441401 
0.0390197 0.160125 0.185189 0.264311 0.367382 0.441401 
0.0390197 0.160125 0.185189 0.264311 0.367382 0.441401 
0.0390197 0.160125 0.185189 0.264311 0.367382 0.441401 
0.0390197 0.160125 0.185189 0.264311 0.367382 0.441401 
0.0390197 0.160125 0.185189 0.225435 0.264311 0.367382 
0.0390197 0.160125 0.185189 0.225435 0.264311 0.275963 
0.0390197 0.160125 0.185189 0.225435 0.264311 0.275963 
0.0390197 0.160125 0.185189 0.225435 0.264311 0.275963 
0.0390197 0.160125 0.185189 0.225435 0.264311 0.275963 
0.0390197 0.160125 0.185189 0.225435 0.264311 0.275963 
0.0390197 0.160125 0.185189 0.225435 0.264311 0.275963 
0.0390197 0.160125 0.185189 0.225435 0.264311 0.275963 
0.0390197 0.160125 0.185189 0.225435 0.264311 0.275963 
0.0390197 0.160125 0.185189 0.225435 0.264311 0.275963 
0.0390197 0.160125 0.185189 0.199426 0.225435 0.264311 
0.0390197 0.14553 0.160125 0.166795 0.185189 0.199426 
0.0390197 0.14553 0.160125 0.166795 0.185189 0.199426 
0.0390197 0.14553 0.145804 0.160125 0.166795 0.185189 
0.0390197 0.14553 0.145804 0.160125 0.166795 0.185189 
0.0390197 0.110623 0.14553 0.145804 0.160125 0.166795 
0.0390197 0.110623 0.14553 0.145804 0.160125 0.166795 
0.0390197 0.110623 0.14553 0.145804 0.160125 0.166795 
0.0390197 0.110623 0.14553 0.145804 0.151052 0.160125 
0.0390197 0.110623 0.14553 0.145804 0.151052 0.160125 
0.0390197 0.110623 0.14553 0.145804 0.151052 0.154031 
0.0390197 0.108132 0.110623 0.143167 0.14553 0.145804 
