2.03105 2.37294 2.81477 3.17674 3.40308 3.4992 
2.03105 2.37294 2.81477 3.13476 3.16618 3.17674 
2.03105 2.37294 2.59643 2.81477 3.13476 3.16618 
2.03105 2.37294 2.59643 2.79794 2.81477 3.13476 
2.03105 2.37294 2.59643 2.79794 2.81477 3.13476 
0.722731 2.03105 2.37294 2.59643 2.79794 2.81477 
0.722731 0.848291 2.03105 2.37294 2.59643 2.69821 
0.722731 0.848291 1.42671 1.60784 2.03105 2.28354 
0.722731 0.848291 1.42671 1.60784 2.03105 2.28354 
0.722731 0.848291 1.42671 1.60784 2.03105 2.28354 
0.279628 0.722731 0.772249 0.848291 1.42671 1.60784 
0.279628 0.722731 0.772249 0.848291 1.42671 1.60784 
0.279628 0.722731 0.772249 0.848291 1.42671 1.60784 
0.279628 0.722731 0.772249 0.848291 1.42671 1.60784 
0.279628 0.722731 0.772249 0.848291 1.14825 1.42671 
0.279628 0.722731 0.772249 0.848291 1.14825 1.42671 
0.279628 0.722731 0.772249 0.848291 1.14825 1.42671 
0.279628 0.722731 0.772249 0.848291 1.0253 1.14825 
0.279628 0.690007 0.722731 0.772249 0.848291 1.0253 
0.279628 0.34591 0.690007 0.722731 0.772249 0.848291 
0.279628 0.34591 0.690007 0.722731 0.772249 0.848291 
0.279628 0.34591 0.690007 0.722731 0.772249 0.848291 
0.279628 0.34591 0.690007 0.722731 0.772249 0.848291 
0.279628 0.34591 0.52783 0.690007 0.722731 0.772249 
0.279628 0.34591 0.52783 0.690007 0.722731 0.772249 
0.24887 0.279628 0.34591 0.52783 0.690007 0.722731 
0.24887 0.279628 0.34591 0.52783 0.690007 0.722731 
0.24887 0.279628 0.34591 0.52783 0.690007 0.722731 
0.24887 0.279628 0.34591 0.52783 0.690007 0.722731 
0.24887 0.279628 0.34591 0.364271 0.52783 0.690007 
0.24887 0.279628 0.34591 0.364271 0.52783 0.690007 
0.24887 0.279628 0.34591 0.364271 0.52783 0.690007 
0.24887 0.279628 0.34591 0.364271 0.52783 0.690007 
0.107454 0.24887 0.279628 0.34591 0.364271 0.52783 
0.107454 0.24887 0.279628 0.34591 0.364271 0.52783 
0.107454 0.24887 0.279628 0.34591 0.364271 0.52783 
0.107454 0.24887 0.279628 0.34591 0.354498 0.364271 
0.107454 0.24887 0.279628 0.34591 0.354498 0.364271 
0.107454 0.24887 0.279628 0.34591 0.354498 0.364271 
0.107454 0.24887 0.279628 0.34591 0.354498 0.364271 
0.107454 0.24887 0.279628 0.34591 0.354498 0.364271 
0.107454 0.24887 0.279628 0.34591 0.354498 0.364271 
0.107454 0.24887 0.279628 0.34591 0.354498 0.364271 
0.0740616 0.107454 0.24887 0.279628 0.312739 0.34591 
0.0740616 0.107454 0.24887 0.279628 0.312739 0.34591 
0.0740616 0.107454 0.213899 0.24887 0.279628 0.312739 
0.0740616 0.107454 0.213899 0.228982 0.24887 0.279628 
0.0740616 0.107454 0.154427 0.213899 0.228982 0.230841 
0.0740616 0.107454 0.154427 0.213899 0.228982 0.230841 
0.0740616 0.107454 0.154427 0.213899 0.228982 0.230841 
0.0740616 0.107454 0.154427 0.213899 0.226183 0.228982 
0.0740616 0.0872272 0.107454 0.154427 0.213899 0.216127 
0.0740616 0.0749941 0.0872272 0.107454 0.154427 0.192891 
0.0740616 0.0749941 0.0872272 0.107454 0.154427 0.192891 
0.0740616 0.0749941 0.0872272 0.107454 0.154427 0.192891 
0.0740616 0.0749941 0.0872272 0.107454 0.14622 0.154427 
0.0740616 0.0749941 0.0872272 0.107454 0.14622 0.154427 
0.0740616 0.0749941 0.0872272 0.107454 0.14622 0.154427 
0.0740616 0.0749941 0.0872272 0.10668 0.107454 0.14622 
0.0740616 0.0749941 0.0872272 0.10668 0.107454 0.14622 
0.0740616 0.0749941 0.0872272 0.10668 0.107454 0.14622 
0.0740616 0.0749941 0.0872272 0.10668 0.107454 0.14622 
0.0740616 0.0749941 0.0872272 0.10668 0.107454 0.14622 
0.0740616 0.0749941 0.0872272 0.10668 0.107454 0.14622 
0.0740616 0.0749941 0.0872272 0.10668 0.107454 0.14622 
0.0740616 0.0749941 0.0872272 0.10668 0.107454 0.14622 
0.0740616 0.0749941 0.0872272 0.10668 0.107454 0.14622 
0.0740616 0.0749941 0.0872272 0.10668 0.107454 0.14622 
0.0740616 0.0749941 0.0872272 0.10668 0.107454 0.14622 
0.0740616 0.0749941 0.0872272 0.10668 0.107454 0.14622 
0.0740616 0.0749941 0.0872272 0.10668 0.107454 0.14622 
0.0740616 0.0749941 0.0872272 0.10668 0.107454 0.14622 
0.0740616 0.0749941 0.0872272 0.10668 0.107454 0.14622 
0.0740616 0.0749941 0.0872272 0.10668 0.107454 0.14622 
0.0740616 0.0749941 0.0872272 0.10668 0.107454 0.14622 
0.0740616 0.0749941 0.0872272 0.10668 0.107454 0.14622 
0.0740616 0.0749941 0.0872272 0.10668 0.107454 0.14622 
0.0740616 0.0749941 0.0872272 0.10668 0.107454 0.14622 
0.0740616 0.0749941 0.0872272 0.10668 0.107454 0.14622 
0.0740616 0.0749941 0.0872272 0.10668 0.107454 0.14622 
0.0740616 0.0749941 0.0872272 0.10668 0.107454 0.14622 
0.0740616 0.0749941 0.0872272 0.10668 0.107454 0.14622 
0.0740616 0.0749941 0.0872272 0.10668 0.107454 0.14622 
0.0740616 0.0749941 0.0872272 0.10668 0.107454 0.14622 
0.0740616 0.0749941 0.0872272 0.10668 0.107454 0.14622 
0.0740616 0.0749941 0.0872272 0.10668 0.107454 0.14622 
0.0740616 0.0749941 0.0872272 0.10668 0.107454 0.14622 
0.0740616 0.0749941 0.0872272 0.10668 0.107454 0.14622 
0.0740616 0.0749941 0.0872272 0.10668 0.107454 0.14622 
0.0740616 0.0749941 0.0872272 0.10668 0.107454 0.14622 
0.0740616 0.0749941 0.0872272 0.10668 0.107454 0.14622 
0.0740616 0.0749941 0.0872272 0.10668 0.107454 0.14622 
0.0740616 0.0749941 0.0872272 0.10668 0.107454 0.14622 
0.0740616 0.0749941 0.0872272 0.10668 0.107454 0.14622 
0.0740616 0.0749941 0.0872272 0.10668 0.107454 0.14622 
0.0740616 0.0749941 0.0872272 0.10668 0.107454 0.14622 
0.0740616 0.0749941 0.0872272 0.10668 0.107454 0.14622 
0.0740616 0.0749941 0.0872272 0.10668 0.107454 0.14622 
0.0740616 0.0749941 0.0872272 0.10668 0.107454 0.14622 
0.0740616 0.0749941 0.0872272 0.10668 0.107454 0.14622 
