2.93508 4.5067 4.54325 4.65295 5.26858 5.8356 
0.61834 2.91931 2.93508 4.13258 4.28737 4.5067 
0.61834 2.05574 2.82832 2.91931 2.93508 3.78906 
0.61834 2.05574 2.82832 2.91931 2.93508 3.0596 
0.61834 2.05574 2.82832 2.91931 2.93508 3.0596 
0.61834 1.97978 2.05574 2.82832 2.86425 2.91931 
0.61834 1.97978 2.05574 2.82832 2.86425 2.91931 
0.61834 1.97978 2.05574 2.73735 2.82832 2.86425 
0.61834 1.97978 2.05574 2.73735 2.82832 2.86425 
0.61834 1.97978 2.05574 2.73735 2.82832 2.86425 
0.61834 1.97978 2.05574 2.73735 2.82832 2.86425 
0.569871 0.61834 1.97978 2.05574 2.73735 2.82832 
0.569871 0.61834 1.97978 2.05574 2.69278 2.73735 
0.569871 0.61834 1.97978 2.05574 2.69278 2.73735 
0.569871 0.61834 1.97978 2.05574 2.69278 2.73735 
0.569871 0.61834 1.97978 2.05574 2.69278 2.71735 
0.569871 0.61834 1.97978 2.05574 2.46273 2.61811 
0.569871 0.61834 1.97978 2.05574 2.46273 2.61811 
0.569871 0.61834 1.57542 1.97978 2.05574 2.46273 
0.569871 0.61834 1.57542 1.97978 2.05574 2.36871 
0.569871 0.61834 1.57542 1.97978 2.05574 2.36871 
0.569871 0.61834 1.56919 1.57542 1.97978 2.05574 
0.569871 0.61834 1.56919 1.57542 1.97978 2.05574 
0.569871 0.61834 1.56919 1.57272 1.57542 1.97978 
0.569871 0.61834 1.56919 1.57272 1.57542 1.97978 
0.569871 0.61834 1.56919 1.57272 1.57542 1.76122 
0.569871 0.61834 1.56919 1.57272 1.57542 1.76122 
0.569871 0.61834 0.917963 1.56919 1.57272 1.57542 
0.569871 0.61834 0.917963 0.92869 1.56919 1.57272 
0.569871 0.61834 0.917963 0.92869 1.35746 1.56919 
0.569871 0.61834 0.917963 0.92869 1.35746 1.56919 
0.569871 0.61834 0.917963 0.92869 1.07831 1.12828 
0.569871 0.61834 0.917963 0.92869 1.07831 1.12828 
0.569871 0.61834 0.763945 0.917963 0.92869 1.07831 
0.569871 0.61834 0.763945 0.917963 0.92869 1.07831 
0.397662 0.569871 0.61834 0.763945 0.889395 0.917963 
0.397662 0.569871 0.598507 0.61834 0.763945 0.889395 
0.397662 0.569871 0.598507 0.61834 0.763945 0.889395 
0.397662 0.569871 0.598507 0.61834 0.763945 0.847321 
0.335178 0.397662 0.523623 0.569871 0.598507 0.61834 
0.335178 0.397662 0.523623 0.569871 0.598507 0.61834 
0.335178 0.397662 0.463184 0.523623 0.569871 0.589363 
0.335178 0.397662 0.401657 0.463184 0.523623 0.569871 
0.335178 0.397662 0.401657 0.463184 0.523623 0.569871 
0.335178 0.397662 0.401657 0.463184 0.523623 0.569871 
0.335178 0.397662 0.401657 0.463184 0.523623 0.569871 
0.335178 0.38084 0.397662 0.401657 0.463184 0.523623 
0.335178 0.38084 0.397662 0.401657 0.463184 0.523623 
0.335178 0.38084 0.397662 0.401657 0.447734 0.463184 
0.335178 0.38084 0.397662 0.401657 0.447734 0.463184 
0.335178 0.38084 0.397662 0.401657 0.447734 0.463184 
0.335178 0.38084 0.397662 0.401657 0.447734 0.463184 
0.335178 0.38084 0.397662 0.401657 0.447734 0.463184 
0.129628 0.207712 0.335178 0.38084 0.397662 0.401657 
0.115726 0.129628 0.207712 0.335178 0.38084 0.397662 
0.115726 0.129628 0.207712 0.335178 0.335961 0.38084 
0.115726 0.118038 0.129628 0.19229 0.19689 0.207712 
0.115726 0.118038 0.129628 0.19229 0.19689 0.207712 
0.115726 0.118038 0.129628 0.19229 0.19689 0.207712 
0.115726 0.118038 0.129628 0.19229 0.19689 0.207712 
0.115726 0.118038 0.129628 0.19229 0.19689 0.207712 
0.115726 0.118038 0.129628 0.19229 0.19689 0.207712 
0.115726 0.118038 0.129628 0.19229 0.19689 0.207712 
0.115726 0.118038 0.129628 0.19229 0.19689 0.207712 
0.115726 0.118038 0.129628 0.19229 0.19689 0.207712 
0.115726 0.118038 0.129628 0.19229 0.19689 0.207712 
0.115726 0.118038 0.129628 0.19229 0.19689 0.207712 
0.115726 0.118038 0.129628 0.19229 0.19689 0.207712 
0.115726 0.118038 0.129628 0.19229 0.19689 0.207712 
0.115726 0.118038 0.129628 0.19229 0.19689 0.207712 
0.115726 0.118038 0.129628 0.19229 0.19689 0.207712 
0.115726 0.118038 0.129628 0.19229 0.19689 0.207712 
0.115726 0.118038 0.129628 0.19229 0.19689 0.207712 
0.115726 0.118038 0.129628 0.19229 0.19689 0.207712 
0.115726 0.118038 0.129628 0.19229 0.19689 0.207712 
0.115726 0.118038 0.129628 0.19229 0.19689 0.207712 
0.115726 0.118038 0.129628 0.19229 0.19689 0.207712 
0.115726 0.118038 0.129628 0.19229 0.19689 0.207712 
0.115726 0.118038 0.129628 0.19229 0.19689 0.207712 
0.115726 0.118038 0.129628 0.19229 0.19689 0.207712 
0.115726 0.118038 0.129628 0.19229 0.19689 0.207712 
0.115726 0.118038 0.129628 0.19229 0.19689 0.207712 
0.115726 0.118038 0.129628 0.19229 0.19689 0.207712 
0.115726 0.118038 0.129628 0.19229 0.19689 0.207712 
0.115726 0.118038 0.129628 0.19229 0.19689 0.207712 
0.115726 0.118038 0.129628 0.19229 0.19689 0.207712 
0.115726 0.118038 0.129628 0.19229 0.19689 0.207712 
0.115726 0.118038 0.129628 0.19229 0.19689 0.207712 
0.115726 0.118038 0.129628 0.19229 0.19689 0.207712 
0.115726 0.118038 0.129628 0.19229 0.19689 0.207712 
0.115726 0.118038 0.129628 0.19229 0.19689 0.207712 
0.115726 0.118038 0.129628 0.19229 0.19689 0.207712 
0.115726 0.118038 0.129628 0.19229 0.19689 0.207712 
0.115726 0.118038 0.129628 0.19229 0.19689 0.207712 
0.115726 0.118038 0.129628 0.19229 0.19689 0.207712 
0.115726 0.118038 0.129628 0.19229 0.19689 0.207712 
0.115726 0.118038 0.129628 0.19229 0.19689 0.207712 
0.115726 0.118038 0.129628 0.19229 0.19689 0.207712 
0.115726 0.118038 0.129628 0.19229 0.19689 0.207712 
0.115726 0.118038 0.129628 0.19229 0.19689 0.207712 
