3.78317 4.12466 4.37829 4.58919 4.78463 4.98587 
2.63555 3.78317 4.12466 4.37829 4.42084 4.43597 
2.63555 3.78317 4.12466 4.37829 4.42084 4.43597 
1.71035 2.63555 3.61694 3.78317 3.94203 3.96124 
1.71035 2.63555 3.04271 3.20881 3.3971 3.61694 
1.71035 2.63555 2.94639 3.04271 3.20881 3.28917 
1.71035 2.23284 2.63555 2.94639 3.03205 3.04271 
0.347144 1.71035 2.23284 2.63555 2.94639 3.03205 
0.347144 1.71035 2.23284 2.63555 2.94639 3.03081 
0.347144 1.71035 2.23284 2.63555 2.84077 2.94639 
0.347144 1.70877 1.71035 1.80359 2.23284 2.63555 
0.347144 0.48038 1.6971 1.70877 1.71035 1.80359 
0.347144 0.48038 1.67828 1.6971 1.70877 1.71035 
0.347144 0.48038 1.67828 1.6971 1.70877 1.71035 
0.347144 0.48038 1.67828 1.6971 1.70877 1.71035 
0.347144 0.48038 1.55091 1.67828 1.6971 1.70877 
0.347144 0.48038 1.1897 1.55091 1.67828 1.6971 
0.347144 0.48038 1.1897 1.55091 1.67828 1.6971 
0.347144 0.48038 1.1897 1.55091 1.67828 1.6971 
0.347144 0.48038 0.899889 1.1897 1.55091 1.67828 
0.347144 0.48038 0.899889 1.1897 1.55091 1.67828 
0.347144 0.48038 0.899889 1.1897 1.55091 1.67828 
0.347144 0.48038 0.899889 1.1897 1.55091 1.67828 
0.347144 0.48038 0.899889 1.1897 1.55091 1.67828 
0.347144 0.48038 0.899889 1.1897 1.55091 1.67828 
0.347144 0.48038 0.899889 0.925865 1.1897 1.55091 
0.347144 0.48038 0.899889 0.925865 1.1897 1.55091 
0.347144 0.48038 0.899889 0.925865 1.1897 1.54105 
0.347144 0.48038 0.899889 0.925865 1.1897 1.54105 
0.347144 0.48038 0.899889 0.925865 1.08093 1.1897 
0.347144 0.48038 0.899889 0.925865 1.08093 1.1897 
0.347144 0.48038 0.70288 0.899889 0.925865 1.08093 
0.347144 0.48038 0.70288 0.899889 0.925865 1.08093 
0.347144 0.48038 0.70288 0.899889 0.925865 1.08093 
0.347144 0.396118 0.48038 0.596069 0.70288 0.899889 
0.347144 0.396118 0.48038 0.502439 0.519148 0.596069 
0.225831 0.347144 0.396118 0.48038 0.502439 0.519148 
0.055023 0.225831 0.347144 0.396118 0.48038 0.502439 
0.055023 0.225831 0.347144 0.396118 0.48038 0.502439 
0.055023 0.195279 0.225831 0.347144 0.396118 0.48038 
0.055023 0.195279 0.225831 0.347144 0.396118 0.48038 
0.055023 0.195279 0.225831 0.347144 0.356169 0.396118 
0.055023 0.195279 0.225831 0.286308 0.347144 0.356169 
0.055023 0.195279 0.225831 0.286308 0.347144 0.356169 
0.055023 0.195279 0.199309 0.225831 0.286308 0.347144 
0.055023 0.195279 0.199309 0.225831 0.286308 0.347144 
0.055023 0.195279 0.199309 0.225831 0.286308 0.347144 
0.055023 0.195279 0.199309 0.225831 0.286308 0.347144 
0.055023 0.195279 0.199309 0.225831 0.286308 0.347144 
0.055023 0.195279 0.199309 0.225831 0.286308 0.347144 
0.055023 0.195279 0.199309 0.225831 0.286308 0.347144 
0.055023 0.195279 0.199309 0.225831 0.286308 0.347144 
0.055023 0.195279 0.199309 0.225831 0.286308 0.347144 
0.055023 0.195279 0.199309 0.225831 0.286308 0.347144 
0.055023 0.195279 0.199309 0.225831 0.286308 0.347144 
0.055023 0.195279 0.199309 0.225831 0.286308 0.347144 
0.055023 0.195279 0.199309 0.225831 0.286308 0.347144 
0.055023 0.195279 0.199309 0.225831 0.286308 0.347144 
0.055023 0.195279 0.199309 0.225831 0.286308 0.347144 
0.055023 0.195279 0.199309 0.225831 0.286308 0.347144 
0.055023 0.195279 0.199309 0.225831 0.286308 0.347144 
0.055023 0.195279 0.199309 0.225831 0.286308 0.347144 
0.055023 0.195279 0.199309 0.225831 0.286308 0.347144 
0.055023 0.195279 0.199309 0.225831 0.286308 0.347144 
0.055023 0.195279 0.199309 0.225831 0.286308 0.347144 
0.055023 0.195279 0.199309 0.225831 0.286308 0.347144 
0.055023 0.195279 0.199309 0.225831 0.286308 0.347144 
0.055023 0.195279 0.199309 0.225831 0.286308 0.347144 
0.055023 0.195279 0.199309 0.225831 0.286308 0.347144 
0.055023 0.195279 0.199309 0.225831 0.286308 0.347144 
0.055023 0.195279 0.199309 0.225831 0.286308 0.347144 
0.055023 0.195279 0.199309 0.225831 0.286308 0.347144 
0.055023 0.195279 0.199309 0.225831 0.286308 0.347144 
0.055023 0.195279 0.199309 0.225831 0.286308 0.347144 
0.055023 0.195279 0.199309 0.225831 0.286308 0.347144 
0.055023 0.195279 0.199309 0.225831 0.286308 0.347144 
0.055023 0.195279 0.199309 0.225831 0.286308 0.347144 
0.055023 0.195279 0.199309 0.225831 0.286308 0.347144 
0.055023 0.195279 0.199309 0.225831 0.286308 0.347144 
0.055023 0.195279 0.199309 0.225831 0.286308 0.347144 
0.055023 0.195279 0.199309 0.225831 0.286308 0.347144 
0.055023 0.195279 0.199309 0.225831 0.286308 0.347144 
0.055023 0.195279 0.199309 0.225831 0.286308 0.347144 
0.055023 0.195279 0.199309 0.225831 0.286308 0.347144 
0.055023 0.195279 0.199309 0.225831 0.286308 0.347144 
0.055023 0.195279 0.199309 0.225831 0.286308 0.347144 
0.055023 0.195279 0.199309 0.225831 0.286308 0.347144 
0.055023 0.195279 0.199309 0.225831 0.286308 0.347144 
0.055023 0.195279 0.199309 0.225831 0.286308 0.347144 
0.055023 0.195279 0.199309 0.225831 0.286308 0.347144 
0.055023 0.195279 0.199309 0.225831 0.286308 0.347144 
0.055023 0.195279 0.199309 0.225831 0.286308 0.347144 
0.055023 0.195279 0.199309 0.225831 0.286308 0.347144 
0.055023 0.195279 0.199309 0.225831 0.286308 0.347144 
0.055023 0.195279 0.199309 0.225831 0.286308 0.347144 
0.055023 0.195279 0.199309 0.225831 0.286308 0.347144 
0.055023 0.195279 0.199309 0.225831 0.286308 0.347144 
0.055023 0.195279 0.199309 0.225831 0.286308 0.347144 
0.055023 0.195279 0.199309 0.225831 0.286308 0.347144 
0.055023 0.195279 0.199309 0.225831 0.286308 0.347144 
