2.71485 3.07445 3.71684 4.63931 4.73558 4.92896 
2.71485 3.07445 3.59126 3.71684 4.63931 4.73558 
2.71485 3.07445 3.20955 3.43416 3.59126 3.66468 
2.67544 2.71485 3.07445 3.20955 3.31943 3.43416 
2.67544 2.71485 3.07445 3.0859 3.20955 3.31943 
2.67544 2.71485 2.95618 3.07445 3.0859 3.18496 
2.67544 2.71485 2.95618 3.07445 3.0859 3.18496 
2.67544 2.71485 2.95618 3.07445 3.0859 3.18496 
2.15948 2.67544 2.71485 2.95618 3.07445 3.0859 
2.15948 2.67544 2.71485 2.95618 3.07445 3.0859 
2.15948 2.54267 2.67544 2.71485 2.95618 3.07445 
1.83367 2.15948 2.54267 2.67544 2.71485 2.89029 
1.02946 1.83367 2.15948 2.54267 2.67544 2.71485 
1.02946 1.67216 1.83367 2.15948 2.54267 2.67544 
1.02946 1.67216 1.83367 2.15948 2.40463 2.54267 
1.02946 1.67216 1.83367 2.15948 2.40463 2.54267 
0.903446 1.02946 1.33612 1.67216 1.83367 2.15948 
0.903446 1.02946 1.33612 1.67216 1.83367 2.15948 
0.903446 1.02946 1.33612 1.67216 1.83367 2.06411 
0.903446 1.02946 1.33612 1.67216 1.83367 2.06411 
0.903446 1.02946 1.33612 1.67216 1.83367 2.06411 
0.903446 1.02946 1.29706 1.33612 1.67216 1.83367 
0.903446 1.02946 1.29706 1.33612 1.67216 1.83367 
0.903446 1.02946 1.29706 1.33612 1.67216 1.72469 
0.903446 1.02946 1.29706 1.33612 1.67216 1.72469 
0.903446 1.02946 1.29706 1.33612 1.67216 1.72469 
0.903446 1.02946 1.29706 1.33612 1.67216 1.72469 
0.903446 1.02946 1.29706 1.33612 1.34534 1.67216 
0.903446 1.02946 1.17214 1.29706 1.33612 1.34534 
0.903446 1.02946 1.17214 1.29706 1.33612 1.34534 
0.903446 1.02946 1.12474 1.17214 1.27889 1.29706 
0.903446 0.974307 1.02946 1.12474 1.17214 1.27889 
0.903446 0.974307 1.02946 1.12474 1.17214 1.27889 
0.903446 0.974307 1.02946 1.11194 1.12474 1.17214 
0.63419 0.903446 0.974307 1.02946 1.11194 1.12474 
0.129789 0.63419 0.767065 0.903446 0.974307 1.02946 
0.129789 0.63419 0.767065 0.903446 0.974307 1.02946 
0.129789 0.63419 0.767065 0.903446 0.974307 1.02219 
0.129789 0.63419 0.767065 0.903446 0.974307 1.02219 
0.129789 0.307659 0.63419 0.767065 0.903446 0.974307 
0.129789 0.307659 0.434206 0.63419 0.767065 0.854273 
0.129789 0.307659 0.434206 0.63419 0.741978 0.767065 
0.129789 0.307659 0.434206 0.591911 0.63419 0.682294 
0.129789 0.307659 0.434206 0.591911 0.63419 0.682294 
0.129789 0.307659 0.434206 0.440777 0.493644 0.546453 
0.129789 0.307659 0.434206 0.440777 0.493644 0.546453 
0.129789 0.307659 0.434206 0.440777 0.493644 0.546453 
0.129789 0.307659 0.434206 0.440777 0.493644 0.546453 
0.129789 0.307659 0.434206 0.440777 0.488698 0.493644 
0.0842899 0.129789 0.307659 0.434206 0.440777 0.488698 
0.0842899 0.129789 0.307659 0.434206 0.440777 0.459956 
0.0842899 0.129789 0.307659 0.314975 0.434206 0.440777 
0.0842899 0.129789 0.307659 0.314975 0.434206 0.440777 
0.0842899 0.129789 0.307659 0.314975 0.434206 0.440777 
0.0842899 0.129789 0.307659 0.314975 0.434206 0.436859 
0.0842899 0.129789 0.307659 0.314975 0.319568 0.434206 
0.0842899 0.129789 0.307659 0.314975 0.319568 0.434206 
0.0842899 0.129789 0.307659 0.314975 0.319568 0.434206 
0.0842899 0.129789 0.307659 0.314975 0.319568 0.434206 
0.0842899 0.129789 0.159857 0.307659 0.314975 0.319568 
0.0842899 0.129789 0.159857 0.307659 0.314975 0.319568 
0.0842899 0.129789 0.159857 0.307659 0.314975 0.319568 
0.0842899 0.129789 0.159857 0.307659 0.314975 0.319568 
0.0842899 0.129789 0.159857 0.307659 0.314975 0.319568 
0.0842899 0.129789 0.159857 0.307659 0.314975 0.319568 
0.0842899 0.129789 0.159857 0.307659 0.314975 0.319568 
0.0842899 0.129789 0.159857 0.307659 0.314975 0.319568 
0.0842899 0.129789 0.159857 0.307659 0.314975 0.319568 
0.0842899 0.129789 0.159857 0.307659 0.314975 0.319568 
0.0842899 0.129789 0.159857 0.307659 0.314975 0.319568 
0.0842899 0.129789 0.159857 0.307659 0.314975 0.319568 
0.0842899 0.129789 0.159857 0.307659 0.314975 0.319568 
0.0842899 0.129789 0.159857 0.307659 0.314975 0.319568 
0.0842899 0.129789 0.159857 0.307659 0.314975 0.319568 
0.0842899 0.129789 0.159857 0.307659 0.314975 0.319568 
0.0842899 0.129789 0.159857 0.307659 0.314975 0.319568 
0.0842899 0.129789 0.159857 0.307659 0.314975 0.319568 
0.0842899 0.129789 0.159857 0.307659 0.314975 0.319568 
0.0842899 0.129789 0.159857 0.307659 0.314975 0.319568 
0.0842899 0.129789 0.159857 0.307659 0.314975 0.319568 
0.0842899 0.129789 0.159857 0.307659 0.314975 0.319568 
0.0842899 0.129789 0.159857 0.307659 0.314975 0.319568 
0.0842899 0.129789 0.159857 0.307659 0.314975 0.319568 
0.0842899 0.129789 0.159857 0.307659 0.314975 0.319568 
0.0842899 0.129789 0.159857 0.247101 0.307659 0.314975 
0.0842899 0.129789 0.159857 0.247101 0.296552 0.307659 
0.0842899 0.129789 0.159857 0.247101 0.296552 0.307659 
0.0842899 0.129789 0.159857 0.223981 0.247101 0.265886 
0.0842899 0.129789 0.159857 0.222326 0.223981 0.247101 
0.0842899 0.129789 0.159857 0.198795 0.222326 0.223981 
0.0842899 0.129789 0.159857 0.170123 0.198795 0.211078 
0.0842899 0.129789 0.159857 0.170123 0.175649 0.198795 
0.0842899 0.129789 0.159857 0.170123 0.175649 0.198795 
0.0842899 0.129789 0.159857 0.170123 0.173966 0.175649 
0.0842899 0.129789 0.159857 0.170123 0.173966 0.175649 
0.0842899 0.115016 0.129789 0.159857 0.170123 0.173164 
0.0842899 0.115016 0.123453 0.129789 0.136425 0.145519 
0.0842899 0.115016 0.118995 0.123453 0.129789 0.13552 
0.0842899 0.115016 0.11723 0.118995 0.123453 0.129789 
0.0842899 0.104413 0.115016 0.11723 0.118995 0.123453 
