2.98709 3.54819 3.84366 4.32718 5.98474 6.07839 
2.98709 3.29897 3.54819 3.84366 4.32718 4.42189 
2.52778 2.98709 3.29897 3.54819 3.84366 4.26015 
2.52778 2.98709 3.2099 3.28543 3.29897 3.54819 
2.52778 2.98709 3.2099 3.28543 3.29897 3.54819 
2.52778 2.98709 3.2099 3.28543 3.29897 3.45362 
1.66712 2.24732 2.52778 2.98709 3.2099 3.28543 
0.703559 1.66712 2.24732 2.52778 2.95229 2.98709 
0.703559 1.12288 1.66712 2.24732 2.52778 2.95229 
0.703559 1.12288 1.66712 2.24732 2.52778 2.82744 
0.703559 1.12288 1.66712 2.24732 2.3745 2.52778 
0.703559 1.12288 1.66712 2.24732 2.3745 2.52778 
0.703559 1.12288 1.66712 2.24732 2.3745 2.52778 
0.703559 1.12288 1.66712 2.24732 2.3745 2.52778 
0.703559 1.12288 1.66712 1.78163 2.24732 2.3745 
0.703559 1.12288 1.66712 1.78163 2.24732 2.3745 
0.703559 1.12288 1.66712 1.78163 2.24732 2.3745 
0.703559 1.12288 1.66712 1.78163 2.24732 2.3745 
0.703559 1.12288 1.66712 1.78163 2.10332 2.24732 
0.703559 1.12288 1.66712 1.78163 2.10332 2.24732 
0.703559 1.12288 1.49184 1.66712 1.78163 2.10332 
0.703559 1.12288 1.49184 1.66712 1.78163 2.10332 
0.703559 1.12288 1.49184 1.66712 1.78163 2.10332 
0.368743 0.703559 0.787794 1.12288 1.49184 1.66712 
0.368743 0.703559 0.787794 1.12288 1.49184 1.66712 
0.368743 0.703559 0.787794 1.12288 1.49184 1.66712 
0.368743 0.703559 0.787794 1.12288 1.49184 1.66712 
0.368743 0.703559 0.787794 1.12288 1.20172 1.49184 
0.368743 0.408789 0.703559 0.787794 1.01321 1.12288 
0.368743 0.408789 0.577833 0.703559 0.787794 1.01321 
0.368743 0.408789 0.577833 0.703559 0.787794 1.01321 
0.368743 0.3797 0.408789 0.577833 0.70204 0.703559 
0.368743 0.3797 0.408789 0.438833 0.577833 0.70204 
0.368743 0.3797 0.408789 0.438833 0.577833 0.70204 
0.213418 0.368743 0.3797 0.408789 0.438833 0.577833 
0.213418 0.368743 0.3797 0.408789 0.438833 0.577833 
0.0997503 0.213418 0.368743 0.3797 0.408789 0.438833 
0.0997503 0.213418 0.368743 0.3797 0.408789 0.438833 
0.0997503 0.213418 0.368743 0.3797 0.408789 0.438833 
0.0997503 0.213418 0.368743 0.3797 0.408789 0.438833 
0.0997503 0.213418 0.368743 0.3797 0.408789 0.438833 
0.0997503 0.171601 0.213418 0.368743 0.3797 0.408789 
0.0997503 0.171601 0.213418 0.368743 0.3797 0.408789 
0.0997503 0.171601 0.213418 0.368743 0.3797 0.408789 
0.0997503 0.171601 0.213418 0.368743 0.3797 0.408789 
0.0997503 0.171601 0.213418 0.368743 0.3797 0.408789 
0.0997503 0.171601 0.213418 0.368743 0.3797 0.408789 
0.0997503 0.171601 0.213418 0.368743 0.3797 0.408789 
0.0997503 0.171601 0.213418 0.303778 0.368743 0.3797 
0.0997503 0.171601 0.213418 0.303778 0.325106 0.368743 
0.0997503 0.171601 0.213418 0.251891 0.303778 0.325106 
0.0997503 0.171601 0.202688 0.213418 0.251891 0.303778 
0.0997503 0.171601 0.202688 0.213418 0.251891 0.303778 
0.0997503 0.171601 0.202688 0.213418 0.251891 0.260868 
0.0997503 0.171601 0.202688 0.213418 0.251891 0.260868 
0.077559 0.0997503 0.171601 0.202688 0.213418 0.251891 
0.077559 0.0997503 0.130837 0.171601 0.193009 0.202688 
0.077559 0.0997503 0.130837 0.171601 0.175675 0.193009 
0.0730626 0.077559 0.0997503 0.130837 0.165971 0.171601 
0.0730626 0.077559 0.0997503 0.130837 0.165971 0.171601 
0.0730626 0.077559 0.0997503 0.130837 0.165971 0.171601 
0.0730626 0.077559 0.0997503 0.130837 0.165971 0.171601 
0.0730626 0.077559 0.0997503 0.130837 0.165971 0.171601 
0.0730626 0.077559 0.0997503 0.130837 0.165971 0.171601 
0.0730626 0.077559 0.0997503 0.130837 0.165971 0.171601 
0.0730626 0.077559 0.0997503 0.130837 0.165971 0.171601 
0.0730626 0.077559 0.0997503 0.130837 0.165971 0.171601 
0.0730626 0.077559 0.0997503 0.130837 0.165971 0.171601 
0.0730626 0.077559 0.0997503 0.130837 0.165971 0.171601 
0.0730626 0.077559 0.0997503 0.130837 0.165971 0.171601 
0.0730626 0.077559 0.0997503 0.130837 0.165971 0.171601 
0.0730626 0.077559 0.0997503 0.130837 0.165971 0.171601 
0.0730626 0.077559 0.0997503 0.130837 0.165971 0.171601 
0.0730626 0.077559 0.0997503 0.130837 0.165971 0.171601 
0.0730626 0.077559 0.0997503 0.130837 0.165971 0.171601 
0.0730626 0.077559 0.0997503 0.130837 0.165971 0.171601 
0.0730626 0.077559 0.0997503 0.130837 0.165971 0.171601 
0.0730626 0.077559 0.0997503 0.130837 0.165971 0.171601 
0.0730626 0.077559 0.0997503 0.130837 0.165971 0.171601 
0.0730626 0.077559 0.0997503 0.130837 0.165971 0.171601 
0.0730626 0.077559 0.0997503 0.130837 0.165971 0.171601 
0.0730626 0.077559 0.0997503 0.130837 0.165971 0.171601 
0.0730626 0.077559 0.0997503 0.130837 0.165971 0.171601 
0.0730626 0.077559 0.0997503 0.130837 0.165971 0.171601 
0.0730626 0.077559 0.0997503 0.130837 0.165971 0.171601 
0.0730626 0.077559 0.0997503 0.130837 0.165971 0.171601 
0.0730626 0.077559 0.0997503 0.130837 0.165971 0.171601 
0.0730626 0.077559 0.0997503 0.130837 0.165971 0.171601 
0.0730626 0.077559 0.0997503 0.130837 0.165971 0.171601 
0.0730626 0.077559 0.0997503 0.130837 0.165971 0.171601 
0.0730626 0.077559 0.0997503 0.130837 0.165971 0.171601 
0.0730626 0.077559 0.0997503 0.130837 0.165971 0.171601 
0.0730626 0.077559 0.0997503 0.130837 0.165971 0.171601 
0.0730626 0.077559 0.0997503 0.130837 0.165971 0.171601 
0.0730626 0.077559 0.0997503 0.130837 0.165971 0.171601 
0.0730626 0.077559 0.0997503 0.130837 0.165971 0.171601 
0.0730626 0.077559 0.0997503 0.130837 0.165971 0.171601 
0.0730626 0.077559 0.0997503 0.130837 0.165971 0.171601 
0.0730626 0.077559 0.0997503 0.130837 0.165971 0.171601 
0.0730626 0.077559 0.0997503 0.130837 0.165971 0.171601 
