3.6852 3.92355 4.39227 6.54919 7.35924 7.69969 
3.21658 3.6852 3.92355 4.39227 4.55694 5.79839 
3.21658 3.6852 3.92355 4.39227 4.55694 5.79839 
3.21658 3.26853 3.6852 3.92355 4.39227 4.55694 
3.12306 3.21658 3.26853 3.6852 3.92355 4.22777 
3.0619 3.12306 3.21658 3.26853 3.6852 3.92355 
1.36707 1.70223 3.0619 3.12301 3.12306 3.21658 
0.748119 1.16312 1.36707 1.70223 3.0619 3.12301 
0.748119 1.16312 1.36707 1.70223 3.0619 3.0701 
0.748119 1.16312 1.36707 1.70223 3.04425 3.0619 
0.748119 1.16312 1.36707 1.70223 3.04425 3.0619 
0.748119 1.16312 1.36707 1.70223 3.04425 3.0619 
0.748119 1.16312 1.36707 1.70223 2.99035 3.04425 
0.748119 1.16312 1.36707 1.70223 2.99035 3.04425 
0.748119 1.16312 1.36707 1.70223 2.99035 3.04425 
0.748119 1.16312 1.36707 1.70223 2.99035 3.04425 
0.748119 1.16312 1.36707 1.70223 2.99035 3.04425 
0.748119 1.16312 1.36707 1.70223 2.99035 3.04425 
0.748119 1.16312 1.36707 1.70223 2.99035 3.04425 
0.748119 1.16312 1.36707 1.70223 2.99035 3.04425 
0.748119 1.16312 1.36707 1.70223 2.99035 3.04425 
0.748119 1.16312 1.36707 1.70223 2.67649 2.79364 
0.748119 1.16312 1.36707 1.70223 2.67649 2.79364 
0.748119 1.16312 1.36707 1.70223 2.11679 2.67649 
0.748119 1.16312 1.36707 1.70223 2.11679 2.67649 
0.748119 1.16312 1.36707 1.70223 2.11679 2.67649 
0.748119 1.16312 1.36707 1.70223 2.11679 2.33547 
0.748119 1.16312 1.36707 1.70223 2.11679 2.33547 
0.748119 1.16312 1.36707 1.70223 2.11679 2.33547 
0.748119 1.16312 1.36707 1.70223 2.11679 2.33547 
0.748119 0.816539 1.16312 1.36707 1.70223 2.11679 
0.748119 0.816539 1.16312 1.36707 1.61949 1.70223 
0.748119 0.816539 1.16312 1.36707 1.61949 1.70223 
0.748119 0.816539 1.16312 1.36707 1.58727 1.61949 
0.748119 0.816539 1.16312 1.36707 1.58727 1.61949 
0.748119 0.816539 1.16312 1.36707 1.58727 1.61949 
0.748119 0.816539 1.16312 1.36707 1.58727 1.61949 
0.748119 0.816539 1.16312 1.36707 1.58727 1.61949 
0.748119 0.816539 1.16312 1.36707 1.58727 1.61949 
0.748119 0.816539 1.16312 1.36707 1.58727 1.61949 
0.162146 0.748119 0.816539 1.16312 1.36707 1.58727 
0.162146 0.748119 0.816539 1.16312 1.36707 1.58727 
0.162146 0.413066 0.748119 0.816539 1.16312 1.36707 
0.162146 0.413066 0.748119 0.781191 0.816539 1.13299 
0.162146 0.413066 0.748119 0.781191 0.816539 1.13299 
0.162146 0.413066 0.748119 0.781191 0.816539 1.13299 
0.162146 0.413066 0.748119 0.781191 0.816539 1.13299 
0.162146 0.413066 0.748119 0.781191 0.816539 1.13299 
0.162146 0.413066 0.748119 0.781191 0.816539 1.13299 
0.162146 0.413066 0.748119 0.781191 0.816539 1.13299 
0.162146 0.413066 0.748119 0.781191 0.816539 1.13299 
0.162146 0.413066 0.748119 0.781191 0.816539 1.13299 
0.162146 0.413066 0.748119 0.781191 0.816539 1.13299 
0.162146 0.413066 0.748119 0.781191 0.816539 1.13299 
0.162146 0.413066 0.748119 0.781191 0.816539 1.13299 
0.162146 0.413066 0.748119 0.781191 0.816539 1.13299 
0.162146 0.413066 0.748119 0.781191 0.816539 1.13299 
0.162146 0.413066 0.748119 0.781191 0.816539 1.13299 
0.162146 0.413066 0.748119 0.781191 0.816539 1.13299 
0.162146 0.413066 0.748119 0.781191 0.816539 1.13299 
0.162146 0.413066 0.748119 0.781191 0.816539 1.13299 
0.162146 0.413066 0.748119 0.781191 0.816539 1.13299 
0.162146 0.413066 0.748119 0.781191 0.816539 1.13299 
0.162146 0.413066 0.748119 0.781191 0.816539 1.13299 
0.162146 0.413066 0.748119 0.781191 0.816539 1.13299 
0.162146 0.413066 0.748119 0.781191 0.816539 1.13299 
0.162146 0.413066 0.748119 0.781191 0.816539 1.13299 
0.162146 0.413066 0.748119 0.781191 0.816539 1.13299 
0.162146 0.413066 0.748119 0.781191 0.816539 1.13299 
0.162146 0.413066 0.748119 0.781191 0.816539 1.13299 
0.162146 0.413066 0.748119 0.781191 0.816539 1.13299 
0.162146 0.413066 0.748119 0.781191 0.816539 1.13299 
0.162146 0.413066 0.748119 0.781191 0.816539 1.13299 
0.162146 0.413066 0.748119 0.781191 0.816539 1.13299 
0.162146 0.413066 0.748119 0.781191 0.816539 1.13299 
0.162146 0.413066 0.748119 0.781191 0.816539 1.13299 
0.162146 0.413066 0.748119 0.781191 0.816539 1.13299 
0.162146 0.413066 0.748119 0.781191 0.816539 1.13299 
0.162146 0.413066 0.748119 0.781191 0.816539 1.13299 
0.162146 0.413066 0.748119 0.781191 0.816539 1.13299 
0.162146 0.413066 0.748119 0.781191 0.816539 1.13299 
0.162146 0.413066 0.748119 0.781191 0.816539 1.13299 
0.162146 0.413066 0.748119 0.781191 0.816539 1.13299 
0.162146 0.413066 0.748119 0.781191 0.816539 1.13299 
0.162146 0.413066 0.748119 0.781191 0.816539 1.13299 
0.162146 0.413066 0.748119 0.781191 0.816539 1.13299 
0.162146 0.413066 0.748119 0.781191 0.816539 1.13299 
0.162146 0.413066 0.748119 0.781191 0.816539 1.13299 
0.162146 0.413066 0.748119 0.781191 0.816539 1.13299 
0.162146 0.413066 0.748119 0.781191 0.816539 1.13299 
0.162146 0.413066 0.748119 0.781191 0.816539 1.13299 
0.162146 0.413066 0.748119 0.781191 0.816539 1.13299 
0.162146 0.413066 0.748119 0.781191 0.816539 1.13299 
0.162146 0.413066 0.748119 0.781191 0.816539 1.13299 
0.162146 0.413066 0.748119 0.781191 0.816539 1.13299 
0.162146 0.413066 0.748119 0.781191 0.816539 1.13299 
0.162146 0.413066 0.748119 0.781191 0.816539 1.13299 
0.162146 0.413066 0.748119 0.781191 0.816539 1.13299 
0.162146 0.413066 0.748119 0.781191 0.816539 1.13299 
0.162146 0.413066 0.748119 0.781191 0.816539 1.13299 
