2.78433 3.26528 3.30675 4.77048 
1.87869 2.78433 3.26528 3.30675 
1.87869 2.78433 3.26528 3.30675 
1.87869 2.78433 3.26528 3.30675 
1.87869 2.78433 3.26528 3.30675 
1.87869 2.78433 3.26528 3.30675 
1.87869 2.78433 3.26528 3.30675 
1.87869 2.78433 3.26528 3.30675 
1.87869 2.78433 3.26528 3.30675 
1.87869 2.78433 2.94005 3.26528 
1.87869 2.78433 2.94005 3.26528 
1.87869 2.00054 2.78433 2.94005 
1.87869 2.00054 2.78433 2.94005 
0.460548 1.87869 2.00054 2.78433 
0.460548 1.87869 2.00054 2.78433 
0.460548 1.87869 2.00054 2.78433 
0.460548 1.87869 2.00054 2.25098 
0.460548 1.87869 2.00054 2.25098 
0.460548 1.87869 2.00054 2.25098 
0.460548 1.87869 2.00054 2.25098 
0.460548 1.87869 2.00054 2.25098 
0.460548 1.09309 1.87869 2.00054 
0.460548 1.09309 1.87869 2.00054 
0.460548 1.09309 1.38848 1.87869 
0.460548 1.09309 1.38848 1.87869 
0.460548 1.09309 1.38848 1.87869 
0.460548 1.09309 1.38848 1.87869 
0.460548 1.09309 1.38848 1.87869 
0.460548 1.09309 1.38848 1.87869 
0.460548 1.09309 1.38848 1.87869 
0.313554 0.460548 1.09309 1.38848 
0.313554 0.460548 1.09309 1.38848 
0.313554 0.460548 1.09309 1.38848 
0.313554 0.460548 1.09309 1.20033 
0.313554 0.460548 1.09309 1.20033 
0.313554 0.460548 1.09309 1.20033 
0.313554 0.460548 1.09309 1.20033 
0.313554 0.460548 1.09309 1.20033 
0.313554 0.460548 1.09309 1.20033 
0.313554 0.460548 1.09309 1.20033 
0.313554 0.460548 1.09309 1.20033 
0.246633 0.313554 0.460548 1.09309 
0.246633 0.313554 0.460548 1.09309 
0.246633 0.313554 0.460548 1.09309 
0.246633 0.313554 0.460548 1.09309 
0.246633 0.313554 0.460548 0.852301 
0.246633 0.313554 0.460548 0.852301 
0.246633 0.313554 0.360231 0.42279 
0.246633 0.313554 0.360231 0.42279 
0.246633 0.313554 0.360231 0.42279 
0.246633 0.313554 0.360231 0.42279 
0.246633 0.313554 0.360231 0.42279 
0.246633 0.313554 0.360231 0.42279 
0.246633 0.313554 0.360231 0.42279 
0.246633 0.313554 0.360231 0.42279 
0.246633 0.292495 0.313554 0.360231 
0.246633 0.292495 0.313554 0.360231 
0.246633 0.292495 0.313554 0.360231 
0.246633 0.292495 0.313554 0.360231 
0.246633 0.292495 0.313554 0.360231 
0.246633 0.292495 0.313554 0.360231 
0.246633 0.292495 0.313554 0.360231 
0.246633 0.292495 0.313554 0.360231 
0.246633 0.292495 0.313554 0.360231 
0.246633 0.292495 0.313554 0.360231 
0.246633 0.292495 0.313554 0.360231 
0.246633 0.292495 0.313554 0.360231 
0.246633 0.292495 0.313554 0.360231 
0.246633 0.292495 0.313554 0.360231 
0.246633 0.292495 0.313554 0.360231 
0.246633 0.292495 0.313554 0.360231 
0.246633 0.292495 0.313554 0.360231 
0.246633 0.292495 0.313554 0.360231 
0.246633 0.292495 0.313554 0.360231 
0.246633 0.292495 0.313554 0.360231 
0.246633 0.292495 0.313554 0.360231 
0.246633 0.292495 0.313554 0.360231 
0.246633 0.292495 0.313554 0.360231 
0.246633 0.292495 0.313554 0.360231 
0.246633 0.292495 0.313554 0.360231 
0.246633 0.292495 0.313554 0.360231 
0.246633 0.292495 0.313554 0.360231 
0.246633 0.292495 0.313554 0.360231 
0.246633 0.292495 0.313554 0.360231 
0.246633 0.292495 0.313554 0.360231 
0.246633 0.292495 0.313554 0.360231 
0.246633 0.292495 0.313554 0.360231 
0.246633 0.292495 0.313554 0.360231 
0.246633 0.292495 0.313554 0.360231 
0.246633 0.292495 0.313554 0.360231 
0.246633 0.292495 0.313554 0.360231 
0.246633 0.292495 0.313554 0.360231 
0.246633 0.292495 0.313554 0.360231 
0.246633 0.292495 0.313554 0.360231 
0.246633 0.292495 0.313554 0.360231 
0.246633 0.292495 0.313554 0.360231 
0.246633 0.292495 0.313554 0.360231 
0.246633 0.292495 0.313554 0.360231 
0.246633 0.292495 0.313554 0.360231 
0.246633 0.292495 0.313554 0.360231 
