4.56114 6.55976 6.80703 7.10285 
4.56114 6.12967 6.55976 6.80703 
4.56114 6.12967 6.48648 6.55976 
4.56114 6.12967 6.48648 6.55976 
4.56114 5.56642 6.12967 6.48648 
4.56114 5.14087 5.30671 5.56642 
4.56114 5.14087 5.30671 5.56642 
2.9388 2.96348 3.87221 4.56114 
2.40997 2.9388 2.96348 3.87221 
2.40997 2.9388 2.96348 3.49292 
2.40997 2.9388 2.96348 3.49292 
2.40997 2.9388 2.96348 3.49292 
2.40997 2.9388 2.96348 3.49292 
2.40997 2.9388 2.96348 3.49292 
2.40997 2.9388 2.96348 3.49292 
2.40997 2.9388 2.96348 3.49292 
2.40997 2.9388 2.96348 3.49292 
1.68255 2.40997 2.9388 2.96348 
1.68255 2.40997 2.9388 2.96348 
1.45881 1.68255 2.40997 2.9388 
1.45881 1.68255 2.40997 2.9388 
1.45881 1.68255 2.0338 2.40997 
1.45881 1.68255 2.0237 2.0338 
1.45881 1.68255 2.0237 2.0338 
1.45881 1.68255 2.0237 2.0338 
1.45881 1.68255 2.0237 2.0338 
1.31563 1.45881 1.68255 2.0237 
1.31563 1.45881 1.68255 2.0237 
1.31563 1.45881 1.68255 2.0237 
1.31563 1.35872 1.45881 1.68255 
1.31563 1.35872 1.45881 1.68255 
1.23953 1.31563 1.35872 1.45881 
1.23953 1.31563 1.35872 1.45881 
1.23953 1.31563 1.35872 1.37642 
1.23953 1.31563 1.35872 1.37642 
1.23953 1.30412 1.31563 1.35872 
1.23953 1.30412 1.31563 1.35872 
1.23953 1.30412 1.31563 1.35872 
1.23953 1.30412 1.31563 1.35872 
1.23953 1.30412 1.31563 1.35872 
1.23953 1.30412 1.31563 1.35872 
0.488416 1.23953 1.30412 1.31563 
0.488416 0.811014 1.23953 1.30412 
0.488416 0.811014 1.23953 1.30412 
0.488416 0.811014 1.23953 1.30412 
0.488416 0.811014 1.23953 1.30412 
0.488416 0.811014 1.23953 1.30412 
0.488416 0.811014 1.23953 1.30412 
0.488416 0.811014 1.23953 1.30412 
0.488416 0.811014 1.23953 1.30412 
0.488416 0.811014 1.23953 1.30412 
0.488416 0.811014 1.1225 1.23953 
0.488416 0.811014 1.1225 1.23953 
0.488416 0.587669 0.811014 1.1225 
0.488416 0.587669 0.811014 1.1225 
0.488416 0.587669 0.811014 1.1225 
0.488416 0.587669 0.811014 1.1225 
0.488416 0.587669 0.811014 1.1225 
0.488416 0.583101 0.587669 0.811014 
0.488416 0.583101 0.587669 0.811014 
0.488416 0.583101 0.587669 0.811014 
0.488416 0.583101 0.587669 0.811014 
0.488416 0.583101 0.587669 0.811014 
0.488416 0.583101 0.587669 0.811014 
0.488416 0.583101 0.587669 0.811014 
0.488416 0.583101 0.587669 0.811014 
0.488416 0.583101 0.587669 0.811014 
0.488416 0.583101 0.587669 0.811014 
0.488416 0.583101 0.587669 0.811014 
0.488416 0.583101 0.587669 0.811014 
0.488416 0.583101 0.587669 0.811014 
0.488416 0.583101 0.587669 0.811014 
0.488416 0.583101 0.587669 0.811014 
0.488416 0.583101 0.587669 0.811014 
0.488416 0.583101 0.587669 0.811014 
0.488416 0.583101 0.587669 0.811014 
0.488416 0.583101 0.587669 0.811014 
0.488416 0.583101 0.587669 0.811014 
0.488416 0.583101 0.587669 0.811014 
0.488416 0.583101 0.587669 0.811014 
0.488416 0.583101 0.587669 0.811014 
0.488416 0.583101 0.587669 0.811014 
0.488416 0.583101 0.587669 0.811014 
0.488416 0.583101 0.587669 0.811014 
0.488416 0.583101 0.587669 0.811014 
0.488416 0.583101 0.587669 0.811014 
0.488416 0.583101 0.587669 0.811014 
0.488416 0.583101 0.587669 0.811014 
0.488416 0.583101 0.587669 0.811014 
0.488416 0.583101 0.587669 0.811014 
0.488416 0.583101 0.587669 0.811014 
0.488416 0.583101 0.587669 0.811014 
0.488416 0.583101 0.587669 0.811014 
0.488416 0.583101 0.587669 0.811014 
0.488416 0.583101 0.587669 0.811014 
0.488416 0.583101 0.587669 0.811014 
0.488416 0.583101 0.587669 0.811014 
0.488416 0.583101 0.587669 0.811014 
0.488416 0.583101 0.587669 0.811014 
0.488416 0.583101 0.587669 0.811014 
