3.28547 4.10408 8.27858 8.40431 
3.28547 4.10408 4.10616 7.56626 
3.28547 4.10408 4.10616 7.56626 
3.28547 4.10408 4.10616 4.52851 
3.28547 4.10408 4.10616 4.52851 
3.28547 4.08028 4.10408 4.10616 
2.0165 3.28547 4.08028 4.10408 
2.0165 2.56814 3.28547 4.0496 
2.0165 2.56814 3.28547 3.90746 
2.0165 2.56814 3.28547 3.90746 
2.0165 2.56814 3.28547 3.72776 
2.0165 2.56814 3.13286 3.28547 
2.0165 2.56814 2.98606 3.13286 
2.0165 2.56814 2.67009 2.98606 
2.0165 2.56814 2.67009 2.98606 
2.0165 2.56814 2.67009 2.98606 
2.0165 2.56814 2.67009 2.98606 
2.0165 2.56814 2.67009 2.74154 
1.46573 2.0165 2.56814 2.67009 
1.46573 2.0165 2.56814 2.67009 
1.46573 2.0165 2.56814 2.67009 
1.46573 2.0165 2.21846 2.56814 
1.46573 2.0165 2.21846 2.56814 
1.37342 1.46573 2.0165 2.21846 
1.37342 1.46573 2.0165 2.21846 
1.37342 1.46573 2.0165 2.21846 
1.37342 1.46573 2.0165 2.21846 
1.37342 1.46573 2.0165 2.21846 
1.37342 1.46573 2.0165 2.21846 
1.37342 1.46573 2.0165 2.21846 
0.299891 1.37342 1.46573 2.0165 
0.299891 1.37342 1.37363 1.46573 
0.299891 1.37342 1.37363 1.46573 
0.299891 1.37342 1.37363 1.46573 
0.299891 1.37342 1.37363 1.46573 
0.299891 1.37342 1.37363 1.46573 
0.209075 0.299891 1.37342 1.37363 
0.209075 0.299891 1.37342 1.37363 
0.209075 0.299891 1.37342 1.37363 
0.209075 0.299891 1.37342 1.37363 
0.209075 0.299891 1.37342 1.37363 
0.209075 0.299891 1.33369 1.37342 
0.209075 0.299891 0.402504 1.33369 
0.209075 0.299891 0.402504 1.33369 
0.209075 0.299891 0.402504 1.33369 
0.209075 0.299891 0.402504 1.33369 
0.209075 0.299891 0.402504 0.486854 
0.209075 0.299891 0.402504 0.486854 
0.209075 0.299891 0.402504 0.486854 
0.209075 0.299891 0.402504 0.486854 
0.209075 0.299891 0.402504 0.486854 
0.209075 0.299891 0.402504 0.486854 
0.209075 0.299891 0.402504 0.486854 
0.209075 0.299891 0.311907 0.402504 
0.209075 0.299891 0.311907 0.402504 
0.209075 0.299891 0.311907 0.402504 
0.209075 0.299891 0.311907 0.402504 
0.100505 0.209075 0.299891 0.311907 
0.100505 0.209075 0.299891 0.311907 
0.100505 0.209075 0.299891 0.311907 
0.100505 0.209075 0.299891 0.311907 
0.100505 0.209075 0.299891 0.311907 
0.100505 0.209075 0.299891 0.311907 
0.100505 0.209075 0.299891 0.311907 
0.100505 0.209075 0.299891 0.311907 
0.100505 0.209075 0.299891 0.311907 
0.100505 0.209075 0.299891 0.311907 
0.100505 0.209075 0.299891 0.311907 
0.100505 0.209075 0.299891 0.311907 
0.100505 0.209075 0.299891 0.311907 
0.100505 0.209075 0.299891 0.311907 
0.100505 0.209075 0.299891 0.311907 
0.100505 0.209075 0.299891 0.311907 
0.100505 0.209075 0.299891 0.311907 
0.100505 0.209075 0.299891 0.311907 
0.100505 0.209075 0.299891 0.311907 
0.100505 0.209075 0.299891 0.311907 
0.100505 0.209075 0.299891 0.311907 
0.100505 0.209075 0.299891 0.311907 
0.100505 0.209075 0.299891 0.311907 
0.100505 0.209075 0.299891 0.311907 
0.100505 0.209075 0.299891 0.311907 
0.100505 0.209075 0.299891 0.311907 
0.100505 0.209075 0.299891 0.311907 
0.100505 0.209075 0.299891 0.311907 
0.100505 0.209075 0.299891 0.311907 
0.100505 0.209075 0.299891 0.311907 
0.100505 0.209075 0.299891 0.311907 
0.100505 0.209075 0.299891 0.311907 
0.100505 0.209075 0.299891 0.311907 
0.100505 0.209075 0.299891 0.311907 
0.100505 0.209075 0.299891 0.311907 
0.100505 0.209075 0.299891 0.311907 
0.100505 0.209075 0.299891 0.311907 
0.100505 0.209075 0.299891 0.311907 
0.100505 0.209075 0.299891 0.311907 
0.100505 0.209075 0.299891 0.311907 
0.100505 0.209075 0.299891 0.311907 
0.100505 0.209075 0.299891 0.311907 
0.100505 0.209075 0.299891 0.311907 
