4.58874 4.7838 5.30521 6.3205 
4.58874 4.7838 5.30521 5.49808 
4.58874 4.69563 4.7838 5.30521 
3.63372 4.28312 4.58874 4.69563 
2.70118 3.0967 3.63372 4.28312 
2.70118 3.0967 3.56237 3.63372 
2.70118 3.0967 3.56237 3.63372 
2.70118 3.0967 3.56237 3.63372 
2.70118 3.0967 3.37103 3.56237 
2.70118 3.08463 3.0967 3.37103 
2.70118 3.08463 3.0967 3.37103 
2.70118 3.08463 3.0967 3.37103 
2.70118 3.08463 3.0967 3.37103 
2.70118 3.08463 3.0967 3.37103 
2.70118 3.08463 3.0967 3.37103 
2.70118 3.08463 3.0967 3.37103 
2.70118 3.08463 3.0967 3.37103 
2.70118 3.08463 3.0967 3.37103 
0.573678 2.66512 2.70118 3.08463 
0.573678 2.63598 2.66512 2.70118 
0.573678 2.63598 2.66512 2.70118 
0.573678 2.63598 2.66512 2.70118 
0.573678 2.63598 2.66512 2.70118 
0.573678 2.63598 2.66512 2.70118 
0.573678 0.607516 2.63598 2.66512 
0.573678 0.607516 2.63598 2.66512 
0.573678 0.607516 2.63598 2.66512 
0.573678 0.607516 2.63598 2.66512 
0.573678 0.607516 2.63598 2.66512 
0.573678 0.607516 2.63598 2.66512 
0.573678 0.607516 2.63598 2.66512 
0.573678 0.607516 2.63598 2.66512 
0.573678 0.607516 2.63598 2.66512 
0.573678 0.607516 2.63598 2.66512 
0.573678 0.607516 2.63598 2.66512 
0.573678 0.607516 2.63598 2.66512 
0.573678 0.607516 2.63598 2.66512 
0.573678 0.607516 2.63598 2.66512 
0.573678 0.607516 2.63598 2.66512 
0.573678 0.607516 2.63598 2.66512 
0.573678 0.607516 2.63598 2.66512 
0.573678 0.607516 2.63598 2.66512 
0.573678 0.607516 2.63598 2.66512 
0.573678 0.607516 2.63598 2.66512 
0.573678 0.607516 2.63598 2.66512 
0.573678 0.607516 2.63598 2.66512 
0.573678 0.607516 2.63598 2.66512 
0.573678 0.607516 2.63598 2.66512 
0.573678 0.607516 2.63598 2.66512 
0.573678 0.607516 2.63598 2.66512 
0.573678 0.607516 2.63598 2.66512 
0.573678 0.607516 1.12651 2.63598 
0.573678 0.607516 1.12651 2.63598 
0.573678 0.607516 1.12651 2.63598 
0.573678 0.607516 1.12651 2.63598 
0.573678 0.607516 1.12651 2.63598 
0.573678 0.607516 1.12651 2.63598 
0.573678 0.607516 1.12651 2.63598 
0.573678 0.607516 1.12651 2.63598 
0.573678 0.607516 1.12651 2.63598 
0.573678 0.607516 1.12651 2.63598 
0.573678 0.607516 1.12651 2.63598 
0.573678 0.607516 1.12651 2.63598 
0.573678 0.607516 1.12651 2.63598 
0.573678 0.607516 1.12651 2.63598 
0.573678 0.607516 1.12651 2.63598 
0.573678 0.607516 1.12651 2.63598 
0.573678 0.607516 1.12651 2.63598 
0.573678 0.607516 1.12651 2.63598 
0.573678 0.607516 1.12651 2.63598 
0.573678 0.607516 1.12651 2.63598 
0.573678 0.607516 1.12651 2.63598 
0.573678 0.607516 1.12651 2.63598 
0.573678 0.607516 1.12651 2.63598 
0.573678 0.607516 1.12651 2.63598 
0.573678 0.607516 1.12651 2.63598 
0.573678 0.607516 1.12651 2.63598 
0.573678 0.607516 1.12651 2.63598 
0.573678 0.607516 1.12651 2.63598 
0.573678 0.607516 1.12651 2.63598 
0.573678 0.607516 1.12651 2.63598 
0.573678 0.607516 1.12651 2.63598 
0.573678 0.607516 1.12651 2.63598 
0.573678 0.607516 1.12651 2.63598 
0.573678 0.607516 1.12651 2.63598 
0.573678 0.607516 1.12651 2.63598 
0.573678 0.607516 1.12651 2.63598 
0.573678 0.607516 1.12651 2.63598 
0.573678 0.607516 1.12651 2.63598 
0.573678 0.607516 1.12651 2.63598 
0.573678 0.607516 1.12651 2.63598 
0.573678 0.607516 1.12651 2.63598 
0.573678 0.607516 1.12651 2.63598 
0.573678 0.607516 1.12651 2.63598 
0.573678 0.607516 1.12651 2.63598 
0.573678 0.607516 1.12651 2.63598 
0.573678 0.607516 1.12651 2.63598 
0.573678 0.607516 1.12651 2.63598 
0.573678 0.607516 1.12651 2.63598 
0.573678 0.607516 1.12651 2.63598 
