4.78996 5.18585 6.28041 6.55478 
4.78996 5.18585 5.54265 6.28041 
3.58941 4.78996 5.18585 5.54265 
3.58941 4.78996 5.18585 5.54265 
3.58941 4.78996 5.18585 5.54265 
3.58941 4.78996 5.18585 5.54265 
3.58941 4.78996 5.18585 5.54265 
3.58941 4.78996 5.18585 5.54265 
3.58941 4.78996 5.18585 5.54265 
3.58941 4.78996 5.18585 5.54265 
3.58941 4.78996 5.18585 5.54265 
3.58941 4.78996 5.18585 5.54265 
3.58941 4.78996 5.18585 5.54265 
3.58941 4.78996 5.18585 5.54265 
3.58941 4.78996 5.18585 5.54265 
3.58941 4.78996 5.18585 5.54265 
3.58941 4.78996 5.18585 5.54265 
3.58941 4.78996 5.18585 5.54265 
3.58941 4.78996 5.18585 5.54265 
3.58941 4.78996 5.18585 5.54265 
3.58941 4.78996 5.18585 5.54265 
3.58941 4.78996 5.18585 5.54265 
3.58941 4.78996 5.18585 5.54265 
3.58941 4.78996 5.18585 5.54265 
3.58941 4.78996 5.18585 5.54265 
3.58941 4.78996 5.18585 5.54265 
3.58941 4.78996 5.18585 5.54265 
3.58941 4.78996 5.18585 5.54265 
3.58941 4.78996 5.18585 5.54265 
3.58941 4.78996 5.18585 5.54265 
3.58941 4.78996 5.18585 5.54265 
3.58941 4.78996 5.18585 5.54265 
3.58941 4.78996 5.18585 5.54265 
3.58941 4.78996 5.18585 5.54265 
3.58941 4.78996 5.18585 5.54265 
3.58941 4.78996 5.18585 5.54265 
3.58941 4.78996 5.18585 5.54265 
3.58941 4.78996 5.18585 5.54265 
3.58941 4.78996 5.18585 5.54265 
3.58941 4.78996 5.18585 5.54265 
3.58941 4.78996 5.18585 5.54265 
3.58941 4.78996 5.18585 5.54265 
3.58941 4.78996 5.18585 5.54265 
3.58941 4.78996 5.18585 5.54265 
3.58941 4.78996 5.18585 5.54265 
3.58941 4.78996 5.18585 5.54265 
3.58941 4.78996 5.18585 5.54265 
3.58941 4.78996 5.18585 5.54265 
3.58941 4.78996 5.18585 5.54265 
3.58941 4.78996 5.18585 5.54265 
3.58941 4.78996 5.18585 5.54265 
3.58941 4.78996 5.18585 5.54265 
3.58941 4.78996 5.18585 5.54265 
3.58941 4.78996 5.18585 5.54265 
3.58941 4.78996 5.18585 5.54265 
3.58941 4.78996 5.18585 5.54265 
3.58941 4.78996 5.18585 5.54265 
3.58941 4.78996 5.18585 5.54265 
3.58941 4.78996 5.18585 5.54265 
3.58941 4.78996 5.18585 5.54265 
3.58941 4.78996 5.18585 5.54265 
3.58941 4.78996 5.18585 5.54265 
3.58941 4.78996 5.18585 5.54265 
3.58941 4.78996 5.18585 5.54265 
3.58941 4.78996 5.18585 5.54265 
3.58941 4.78996 5.18585 5.54265 
3.58941 4.78996 5.18585 5.54265 
3.58941 4.78996 5.18585 5.54265 
3.58941 4.78996 5.18585 5.54265 
3.58941 4.78996 5.18585 5.54265 
3.58941 4.78996 5.18585 5.54265 
3.58941 4.78996 5.18585 5.54265 
3.58941 4.78996 5.18585 5.54265 
3.58941 4.78996 5.18585 5.54265 
3.58941 4.78996 5.18585 5.54265 
3.58941 4.78996 5.18585 5.54265 
3.58941 4.78996 5.18585 5.54265 
3.58941 4.78996 5.18585 5.54265 
3.58941 4.78996 5.18585 5.54265 
3.58941 4.78996 5.18585 5.54265 
3.58941 4.78996 5.18585 5.54265 
3.58941 4.78996 5.18585 5.54265 
3.58941 4.78996 5.18585 5.54265 
3.58941 4.78996 5.18585 5.54265 
3.58941 4.78996 5.18585 5.54265 
3.58941 4.78996 5.18585 5.54265 
3.58941 4.78996 5.18585 5.54265 
3.58941 4.78996 5.18585 5.54265 
3.58941 4.78996 5.18585 5.54265 
3.58941 4.78996 5.18585 5.54265 
3.58941 4.78996 5.18585 5.54265 
3.58941 4.78996 5.18585 5.54265 
3.58941 4.78996 5.18585 5.54265 
3.58941 4.78996 5.18585 5.54265 
3.58941 4.78996 5.18585 5.54265 
3.58941 4.78996 5.18585 5.54265 
3.58941 4.78996 5.18585 5.54265 
3.58941 4.78996 5.18585 5.54265 
3.58941 4.78996 5.18585 5.54265 
3.58941 4.78996 5.18585 5.54265 
