1.1731 2.71471 3.75086 4.34604 
1.1731 2.71471 3.75086 4.34604 
1.1731 2.71471 2.96179 3.75086 
1.1731 2.71471 2.96179 3.25435 
1.1731 2.71471 2.96179 3.25435 
1.1731 2.58664 2.71471 2.96179 
1.1731 2.58664 2.71471 2.87312 
0.152159 1.1731 2.58664 2.71471 
0.152159 1.1731 2.58664 2.71471 
0.152159 1.1731 2.58664 2.71471 
0.152159 1.1731 2.58664 2.71471 
0.152159 1.1731 2.58664 2.71471 
0.152159 1.1731 2.58664 2.71471 
0.152159 1.1731 2.58664 2.71471 
0.152159 1.1731 2.58664 2.71471 
0.152159 1.1731 2.58664 2.71471 
0.152159 1.1731 2.58664 2.71471 
0.152159 1.1731 2.58664 2.71471 
0.152159 1.1731 2.58664 2.71471 
0.152159 1.1731 2.58664 2.71471 
0.152159 0.376448 1.1731 2.58664 
0.152159 0.376448 1.1731 2.58664 
0.152159 0.376448 1.1731 2.58664 
0.152159 0.376448 1.1731 2.58664 
0.152159 0.376448 1.1731 2.58664 
0.152159 0.376448 1.1731 2.58664 
0.152159 0.376448 1.1731 2.58664 
0.152159 0.376448 1.1731 2.58664 
0.152159 0.376448 1.1731 2.58664 
0.152159 0.376448 1.1731 2.58664 
0.152159 0.376448 1.1731 2.58664 
0.152159 0.376448 1.1731 2.58664 
0.152159 0.376448 1.1731 2.58664 
0.152159 0.376448 1.1731 2.58664 
0.152159 0.376448 1.1731 2.58664 
0.152159 0.376448 1.1731 2.58664 
0.152159 0.376448 1.1731 2.58664 
0.152159 0.376448 1.1731 2.58664 
0.152159 0.376448 1.1731 2.58664 
0.152159 0.376448 1.1731 2.58664 
0.152159 0.376448 1.1731 2.58664 
0.152159 0.376448 1.1731 2.58664 
0.152159 0.376448 1.1731 2.58664 
0.152159 0.376448 1.1731 2.58664 
0.152159 0.376448 1.1731 2.58664 
0.152159 0.376448 1.1731 2.58664 
0.152159 0.376448 1.1731 2.58664 
0.152159 0.376448 1.1731 2.58664 
0.152159 0.376448 1.1731 2.58664 
0.152159 0.376448 0.569725 1.1731 
0.152159 0.376448 0.569725 1.1731 
0.152159 0.376448 0.569725 1.1731 
0.152159 0.376448 0.569725 1.1731 
0.152159 0.376448 0.569725 1.1731 
0.152159 0.376448 0.569725 1.1731 
0.152159 0.376448 0.569725 1.1731 
0.152159 0.376448 0.569725 1.1731 
0.152159 0.376448 0.569725 1.1731 
0.152159 0.376448 0.569725 1.1731 
0.152159 0.376448 0.569725 1.1731 
0.152159 0.376448 0.569725 1.1731 
0.152159 0.376448 0.569725 1.1731 
0.152159 0.376448 0.569725 1.1731 
0.152159 0.376448 0.569725 1.1731 
0.152159 0.376448 0.569725 1.1731 
0.152159 0.376448 0.569725 1.1731 
0.152159 0.376448 0.569725 1.1731 
0.152159 0.376448 0.569725 1.1731 
0.152159 0.376448 0.569725 1.1731 
0.152159 0.376448 0.569725 1.1731 
0.152159 0.376448 0.569725 1.1731 
0.152159 0.376448 0.569725 1.1731 
0.152159 0.376448 0.569725 1.1731 
0.152159 0.376448 0.569725 1.1731 
0.152159 0.376448 0.569725 1.1731 
0.152159 0.376448 0.569725 1.1731 
0.152159 0.376448 0.569725 1.1731 
0.152159 0.376448 0.569725 1.1731 
0.152159 0.376448 0.569725 1.1731 
0.152159 0.376448 0.569725 1.1731 
0.152159 0.376448 0.569725 1.1731 
0.152159 0.376448 0.569725 1.1731 
0.152159 0.376448 0.569725 1.1731 
0.152159 0.376448 0.569725 1.1731 
0.152159 0.376448 0.569725 1.1731 
0.152159 0.376448 0.569725 1.1731 
0.152159 0.376448 0.569725 1.1731 
0.152159 0.376448 0.569725 1.1731 
0.152159 0.376448 0.569725 1.1731 
0.152159 0.376448 0.569725 1.1731 
0.152159 0.376448 0.569725 1.1731 
0.152159 0.376448 0.569725 1.1731 
0.152159 0.376448 0.569725 1.1731 
0.152159 0.376448 0.569725 1.1731 
0.152159 0.376448 0.569725 1.1731 
0.152159 0.376448 0.569725 1.1731 
0.152159 0.376448 0.569725 1.1731 
0.152159 0.376448 0.569725 1.1731 
0.152159 0.376448 0.569725 1.1731 
0.152159 0.376448 0.569725 1.1731 
