3.36472 3.88917 6.02619 6.71852 
3.36472 3.88917 5.48481 6.02619 
3.36472 3.79947 3.84726 3.88917 
0.962967 3.36472 3.79947 3.84726 
0.962967 1.18192 3.36472 3.79947 
0.962967 1.18192 3.36472 3.79947 
0.962967 1.18192 3.36472 3.42979 
0.962967 1.18192 2.2454 3.36472 
0.962967 1.18192 1.98261 2.2454 
0.962967 1.18192 1.98261 2.2454 
0.962967 1.18192 1.98261 2.2454 
0.962967 1.14891 1.18192 1.98261 
0.962967 1.14891 1.18192 1.98261 
0.962967 1.14891 1.18192 1.98261 
0.962967 1.14891 1.18192 1.98261 
0.962967 1.14891 1.18192 1.98261 
0.962967 1.14891 1.18192 1.98261 
0.962967 1.14891 1.18192 1.98261 
0.962967 1.14891 1.18192 1.98261 
0.962967 1.14891 1.18192 1.98261 
0.962967 1.14891 1.18192 1.98261 
0.962967 1.14891 1.18192 1.98261 
0.962967 1.14891 1.18192 1.98261 
0.962967 1.14891 1.18192 1.98261 
0.962967 1.14891 1.18192 1.98261 
0.962967 1.14891 1.18192 1.98261 
0.962967 1.14891 1.18192 1.98261 
0.962967 1.14891 1.18192 1.98261 
0.962967 1.14891 1.18192 1.98261 
0.962967 1.14891 1.18192 1.98261 
0.962967 1.14891 1.18192 1.98261 
0.962967 1.14891 1.18192 1.98261 
0.962967 1.14891 1.18192 1.98261 
0.962967 1.14891 1.18192 1.98261 
0.962967 1.14891 1.18192 1.98261 
0.962967 1.14891 1.18192 1.98261 
0.962967 1.14891 1.18192 1.98261 
0.962967 1.14891 1.18192 1.98261 
0.962967 1.14891 1.18192 1.98261 
0.962967 1.14891 1.18192 1.98261 
0.962967 1.14891 1.18192 1.98261 
0.962967 1.14891 1.18192 1.98261 
0.962967 1.14891 1.18192 1.98261 
0.962967 1.14891 1.18192 1.98261 
0.962967 1.14891 1.18192 1.98261 
0.962967 1.14891 1.18192 1.98261 
0.962967 1.14891 1.18192 1.98261 
0.962967 1.14891 1.18192 1.98261 
0.962967 1.14891 1.18192 1.98261 
0.962967 1.14891 1.18192 1.98261 
0.962967 1.14891 1.18192 1.98261 
0.962967 1.14891 1.18192 1.98261 
0.962967 1.14891 1.18192 1.98261 
0.962967 1.14891 1.18192 1.98261 
0.962967 1.14891 1.18192 1.98261 
0.962967 1.14891 1.18192 1.98261 
0.962967 1.14891 1.18192 1.98261 
0.962967 1.14891 1.18192 1.98261 
0.962967 1.14891 1.18192 1.98261 
0.962967 1.14891 1.18192 1.98261 
0.962967 1.14891 1.18192 1.98261 
0.962967 1.14891 1.18192 1.98261 
0.962967 1.14891 1.18192 1.98261 
0.962967 1.14891 1.18192 1.98261 
0.962967 1.14891 1.18192 1.98261 
0.962967 1.14891 1.18192 1.98261 
0.962967 1.14891 1.18192 1.98261 
0.962967 1.14891 1.18192 1.98261 
0.962967 1.14891 1.18192 1.98261 
0.962967 1.14891 1.18192 1.98261 
0.962967 1.14891 1.18192 1.98261 
0.962967 1.14891 1.18192 1.98261 
0.962967 1.14891 1.18192 1.98261 
0.962967 1.14891 1.18192 1.98261 
0.962967 1.14891 1.18192 1.98261 
0.962967 1.14891 1.18192 1.98261 
0.962967 1.14891 1.18192 1.98261 
0.962967 1.14891 1.18192 1.98261 
0.962967 1.14891 1.18192 1.98261 
0.962967 1.14891 1.18192 1.98261 
0.962967 1.14891 1.18192 1.98261 
0.962967 1.14891 1.18192 1.98261 
0.962967 1.14891 1.18192 1.98261 
0.962967 1.14891 1.18192 1.98261 
0.962967 1.14891 1.18192 1.98261 
0.962967 1.14891 1.18192 1.98261 
0.962967 1.14891 1.18192 1.98261 
0.962967 1.14891 1.18192 1.98261 
0.962967 1.14891 1.18192 1.98261 
0.962967 1.14891 1.18192 1.98261 
0.962967 1.14891 1.18192 1.98261 
0.962967 1.14891 1.18192 1.98261 
0.962967 1.14891 1.18192 1.98261 
0.962967 1.14891 1.18192 1.98261 
0.962967 1.14891 1.18192 1.98261 
0.962967 1.14891 1.18192 1.98261 
0.962967 1.14891 1.18192 1.98261 
0.962967 1.14891 1.18192 1.98261 
0.962967 1.14891 1.18192 1.98261 
0.962967 1.14891 1.18192 1.98261 
