2.59404 2.94682 3.84151 3.92798 
2.59404 2.94682 3.44444 3.84151 
2.59404 2.94682 3.44444 3.84151 
2.59404 2.94682 3.44444 3.84151 
2.59404 2.94682 3.44444 3.84151 
2.59404 2.94682 3.44444 3.84151 
2.59404 2.94682 3.44444 3.84151 
2.59404 2.94682 3.44444 3.84151 
2.59404 2.94682 3.44444 3.84151 
2.59404 2.94682 3.44444 3.84151 
2.59404 2.94682 3.44444 3.84151 
2.59404 2.94682 3.44444 3.84151 
2.59404 2.94682 3.44444 3.84151 
2.59404 2.94682 3.44444 3.84151 
2.59404 2.94682 3.44444 3.84151 
2.59404 2.94682 3.44444 3.84151 
2.59404 2.94682 3.44444 3.84151 
2.59404 2.94682 3.44444 3.84151 
2.59404 2.94682 3.44444 3.84151 
2.59404 2.94682 3.44444 3.84151 
2.59404 2.94682 3.44444 3.84151 
2.59404 2.94682 3.44444 3.84151 
2.59404 2.94682 3.44444 3.84151 
2.59404 2.94682 3.44444 3.84151 
2.59404 2.94682 3.44444 3.84151 
2.59404 2.94682 3.44444 3.84151 
2.59404 2.94682 3.44444 3.84151 
2.59404 2.94682 3.44444 3.84151 
2.59404 2.94682 3.44444 3.84151 
2.59404 2.94682 3.44444 3.84151 
2.59404 2.94682 3.44444 3.84151 
2.59404 2.94682 3.44444 3.84151 
2.59404 2.94682 3.44444 3.84151 
2.59404 2.94682 3.44444 3.84151 
2.59404 2.94682 3.44444 3.84151 
2.59404 2.94682 3.44444 3.84151 
2.59404 2.94682 3.44444 3.84151 
2.59404 2.94682 3.44444 3.84151 
2.59404 2.94682 3.44444 3.84151 
2.59404 2.94682 3.44444 3.84151 
2.59404 2.94682 3.44444 3.84151 
2.59404 2.94682 3.44444 3.84151 
2.59404 2.94682 3.44444 3.84151 
2.59404 2.94682 3.44444 3.84151 
2.59404 2.94682 3.44444 3.84151 
2.59404 2.94682 3.44444 3.84151 
2.59404 2.94682 3.44444 3.84151 
2.59404 2.94682 3.44444 3.84151 
2.59404 2.94682 3.44444 3.84151 
2.59404 2.94682 3.44444 3.84151 
2.59404 2.94682 3.44444 3.84151 
2.59404 2.94682 3.44444 3.84151 
2.59404 2.94682 3.44444 3.84151 
2.59404 2.94682 3.44444 3.84151 
2.59404 2.94682 3.44444 3.84151 
2.59404 2.94682 3.44444 3.84151 
2.59404 2.94682 3.44444 3.84151 
2.59404 2.94682 3.44444 3.84151 
2.59404 2.94682 3.44444 3.84151 
2.59404 2.94682 3.44444 3.84151 
2.59404 2.94682 3.44444 3.84151 
2.59404 2.94682 3.44444 3.84151 
2.59404 2.94682 3.44444 3.84151 
2.59404 2.94682 3.44444 3.84151 
2.59404 2.94682 3.44444 3.84151 
2.59404 2.94682 3.44444 3.84151 
2.59404 2.94682 3.44444 3.84151 
2.59404 2.94682 3.44444 3.84151 
2.59404 2.94682 3.44444 3.84151 
2.59404 2.94682 3.44444 3.84151 
2.59404 2.94682 3.44444 3.84151 
2.59404 2.94682 3.44444 3.84151 
2.59404 2.94682 3.44444 3.84151 
2.59404 2.94682 3.44444 3.84151 
2.59404 2.94682 3.44444 3.84151 
2.59404 2.94682 3.44444 3.84151 
2.59404 2.94682 3.44444 3.84151 
2.59404 2.94682 3.44444 3.84151 
2.59404 2.94682 3.44444 3.84151 
2.59404 2.94682 3.44444 3.84151 
2.59404 2.94682 3.44444 3.84151 
2.59404 2.94682 3.44444 3.84151 
2.59404 2.94682 3.44444 3.84151 
2.59404 2.94682 3.44444 3.84151 
2.59404 2.94682 3.44444 3.84151 
2.59404 2.94682 3.44444 3.84151 
2.59404 2.94682 3.44444 3.84151 
2.59404 2.94682 3.44444 3.84151 
2.59404 2.94682 3.44444 3.84151 
2.59404 2.94682 3.44444 3.84151 
2.59404 2.94682 3.44444 3.84151 
2.59404 2.94682 3.44444 3.84151 
2.59404 2.94682 3.44444 3.84151 
2.59404 2.94682 3.44444 3.84151 
2.59404 2.94682 3.44444 3.84151 
2.59404 2.94682 3.44444 3.84151 
2.59404 2.94682 3.44444 3.84151 
2.59404 2.94682 3.44444 3.84151 
2.59404 2.94682 3.44444 3.84151 
2.59404 2.94682 3.44444 3.84151 
