2.12911 6.5077 6.63338 7.47948 
2.12911 6.23602 6.5077 6.63338 
2.12911 5.17874 6.23602 6.5077 
2.12911 4.87922 5.17874 5.75619 
2.12911 4.87922 5.17874 5.75619 
2.12911 4.05429 4.8422 4.87922 
2.12911 4.05429 4.8422 4.87922 
2.12911 4.05429 4.8422 4.87922 
2.12911 4.05429 4.8422 4.87922 
2.12911 4.05429 4.8422 4.87922 
2.12911 4.05429 4.8422 4.87922 
2.12911 4.05429 4.8422 4.87922 
2.12911 4.05429 4.8422 4.87922 
2.12911 4.05429 4.8422 4.87922 
2.12911 4.05429 4.8422 4.87922 
2.12911 4.05429 4.8422 4.87922 
2.12911 4.05429 4.8422 4.87922 
2.12911 4.05429 4.8422 4.87922 
2.12911 4.05429 4.8422 4.87922 
2.12911 4.05429 4.8422 4.87922 
2.12911 4.05429 4.8422 4.87922 
2.12911 4.05429 4.8422 4.87922 
2.12911 4.05429 4.8422 4.87922 
2.12911 4.05429 4.8422 4.87922 
2.12911 4.05429 4.8422 4.87922 
2.12911 4.05429 4.8422 4.87922 
2.12911 4.05429 4.8422 4.87922 
2.12911 4.05429 4.8422 4.87922 
2.12911 4.05429 4.8422 4.87922 
2.12911 4.05429 4.8422 4.87922 
2.12911 4.05429 4.8422 4.87922 
2.12911 4.05429 4.8422 4.87922 
2.12911 4.05429 4.8422 4.87922 
2.12911 4.05429 4.8422 4.87922 
2.12911 4.05429 4.8422 4.87922 
2.12911 4.05429 4.8422 4.87922 
2.12911 4.05429 4.8422 4.87922 
2.12911 4.05429 4.8422 4.87922 
2.12911 4.05429 4.8422 4.87922 
2.12911 4.05429 4.8422 4.87922 
2.12911 4.05429 4.8422 4.87922 
2.12911 4.05429 4.8422 4.87922 
2.12911 4.05429 4.8422 4.87922 
2.12911 4.05429 4.8422 4.87922 
2.12911 4.05429 4.8422 4.87922 
2.12911 4.05429 4.8422 4.87922 
2.12911 4.05429 4.8422 4.87922 
2.12911 4.05429 4.8422 4.87922 
2.12911 4.05429 4.8422 4.87922 
2.12911 4.05429 4.8422 4.87922 
2.12911 4.05429 4.8422 4.87922 
2.12911 4.05429 4.8422 4.87922 
2.12911 4.05429 4.8422 4.87922 
2.12911 4.05429 4.8422 4.87922 
2.12911 4.05429 4.8422 4.87922 
2.12911 4.05429 4.8422 4.87922 
2.12911 4.05429 4.8422 4.87922 
2.12911 4.05429 4.8422 4.87922 
2.12911 4.05429 4.8422 4.87922 
2.12911 4.05429 4.8422 4.87922 
2.12911 4.05429 4.8422 4.87922 
2.12911 4.05429 4.8422 4.87922 
2.12911 4.05429 4.8422 4.87922 
2.12911 4.05429 4.8422 4.87922 
2.12911 4.05429 4.8422 4.87922 
2.12911 4.05429 4.8422 4.87922 
2.12911 4.05429 4.8422 4.87922 
2.12911 4.05429 4.8422 4.87922 
2.12911 4.05429 4.8422 4.87922 
2.12911 4.05429 4.8422 4.87922 
2.12911 4.05429 4.8422 4.87922 
2.12911 4.05429 4.8422 4.87922 
2.12911 4.05429 4.8422 4.87922 
2.12911 4.05429 4.8422 4.87922 
2.12911 4.05429 4.8422 4.87922 
2.12911 4.05429 4.8422 4.87922 
2.12911 4.05429 4.8422 4.87922 
2.12911 4.05429 4.8422 4.87922 
2.12911 4.05429 4.8422 4.87922 
2.12911 4.05429 4.8422 4.87922 
2.12911 4.05429 4.8422 4.87922 
2.12911 4.05429 4.8422 4.87922 
2.12911 4.05429 4.8422 4.87922 
2.12911 4.05429 4.8422 4.87922 
2.12911 4.05429 4.8422 4.87922 
2.12911 4.05429 4.8422 4.87922 
2.12911 4.05429 4.8422 4.87922 
2.12911 4.05429 4.8422 4.87922 
2.12911 4.05429 4.8422 4.87922 
2.12911 4.05429 4.8422 4.87922 
2.12911 4.05429 4.8422 4.87922 
2.12911 4.05429 4.8422 4.87922 
2.12911 4.05429 4.8422 4.87922 
2.12911 4.05429 4.8422 4.87922 
2.12911 4.05429 4.8422 4.87922 
2.12911 4.05429 4.8422 4.87922 
2.12911 4.05429 4.8422 4.87922 
2.12911 4.05429 4.8422 4.87922 
2.12911 4.05429 4.8422 4.87922 
2.12911 4.05429 4.8422 4.87922 
