3.76841 3.87467 4.1177 4.88638 
3.76841 3.87467 4.1177 4.88638 
3.76841 3.87467 4.1177 4.39158 
3.76841 3.87467 4.1177 4.39158 
3.76841 3.87467 4.1177 4.39158 
3.76841 3.87467 4.1177 4.39158 
3.76841 3.87467 4.1177 4.39158 
3.76841 3.87467 4.1177 4.39158 
3.76841 3.87467 4.1177 4.39158 
3.76841 3.87467 4.1177 4.39158 
3.76841 3.87467 4.1177 4.39158 
3.76841 3.87467 4.1177 4.39158 
3.76841 3.87467 4.1177 4.39158 
3.76841 3.87467 4.1177 4.39158 
3.76841 3.87467 4.1177 4.39158 
3.76841 3.87467 4.1177 4.39158 
3.76841 3.87467 4.1177 4.39158 
3.76841 3.87467 4.1177 4.39158 
3.76841 3.87467 4.1177 4.39158 
3.76841 3.87467 4.1177 4.39158 
3.76841 3.87467 4.1177 4.39158 
3.76841 3.87467 4.1177 4.39158 
3.76841 3.87467 4.1177 4.39158 
3.76841 3.87467 4.1177 4.39158 
3.76841 3.87467 4.1177 4.39158 
3.76841 3.87467 4.1177 4.39158 
3.76841 3.87467 4.1177 4.39158 
3.76841 3.87467 4.1177 4.39158 
3.76841 3.87467 4.1177 4.39158 
3.76841 3.87467 4.1177 4.39158 
3.76841 3.87467 4.1177 4.39158 
3.76841 3.87467 4.1177 4.39158 
3.76841 3.87467 4.1177 4.39158 
3.76841 3.87467 4.1177 4.39158 
3.76841 3.87467 4.1177 4.39158 
3.76841 3.87467 4.1177 4.39158 
3.76841 3.87467 4.1177 4.39158 
3.76841 3.87467 4.1177 4.39158 
3.76841 3.87467 4.1177 4.39158 
3.76841 3.87467 4.1177 4.39158 
3.76841 3.87467 4.1177 4.39158 
3.76841 3.87467 4.1177 4.39158 
3.76841 3.87467 4.1177 4.39158 
3.76841 3.87467 4.1177 4.39158 
3.76841 3.87467 4.1177 4.39158 
3.76841 3.87467 4.1177 4.39158 
3.76841 3.87467 4.1177 4.39158 
3.76841 3.87467 4.1177 4.39158 
3.76841 3.87467 4.1177 4.39158 
3.76841 3.87467 4.1177 4.39158 
3.76841 3.87467 4.1177 4.39158 
3.76841 3.87467 4.1177 4.39158 
3.76841 3.87467 4.1177 4.39158 
3.76841 3.87467 4.1177 4.39158 
3.76841 3.87467 4.1177 4.39158 
3.76841 3.87467 4.1177 4.39158 
3.76841 3.87467 4.1177 4.39158 
3.76841 3.87467 4.1177 4.39158 
3.76841 3.87467 4.1177 4.39158 
3.76841 3.87467 4.1177 4.39158 
3.76841 3.87467 4.1177 4.39158 
3.76841 3.87467 4.1177 4.39158 
3.76841 3.87467 4.1177 4.39158 
3.76841 3.87467 4.1177 4.39158 
3.76841 3.87467 4.1177 4.39158 
3.76841 3.87467 4.1177 4.39158 
3.76841 3.87467 4.1177 4.39158 
3.76841 3.87467 4.1177 4.39158 
3.76841 3.87467 4.1177 4.39158 
3.76841 3.87467 4.1177 4.39158 
3.76841 3.87467 4.1177 4.39158 
3.76841 3.87467 4.1177 4.39158 
3.76841 3.87467 4.1177 4.39158 
3.76841 3.87467 4.1177 4.39158 
3.76841 3.87467 4.1177 4.39158 
3.76841 3.87467 4.1177 4.39158 
3.76841 3.87467 4.1177 4.39158 
3.76841 3.87467 4.1177 4.39158 
3.76841 3.87467 4.1177 4.39158 
3.76841 3.87467 4.1177 4.39158 
3.76841 3.87467 4.1177 4.39158 
3.76841 3.87467 4.1177 4.39158 
3.76841 3.87467 4.1177 4.39158 
3.76841 3.87467 4.1177 4.39158 
3.76841 3.87467 4.1177 4.39158 
3.76841 3.87467 4.1177 4.39158 
3.76841 3.87467 4.1177 4.39158 
3.76841 3.87467 4.1177 4.39158 
3.76841 3.87467 4.1177 4.39158 
3.76841 3.87467 4.1177 4.39158 
3.76841 3.87467 4.1177 4.39158 
3.76841 3.87467 4.1177 4.39158 
3.76841 3.87467 4.1177 4.39158 
3.76841 3.87467 4.1177 4.39158 
3.76841 3.87467 4.1177 4.39158 
3.76841 3.87467 4.1177 4.39158 
3.76841 3.87467 4.1177 4.39158 
3.76841 3.87467 4.1177 4.39158 
3.76841 3.87467 4.1177 4.39158 
3.76841 3.87467 4.1177 4.39158 
