3.24158 4.53065 4.67554 5.78905 
3.24158 4.53065 4.67554 5.78905 
3.24158 4.53065 4.67554 5.78905 
3.24158 4.53065 4.67554 5.78905 
3.24158 4.53065 4.67554 5.78905 
3.24158 4.36946 4.53065 4.67554 
3.24158 4.36946 4.53065 4.67554 
3.24158 4.36946 4.53065 4.67554 
3.24158 4.36946 4.53065 4.67554 
3.24158 4.36946 4.53065 4.67554 
3.24158 4.36946 4.53065 4.67554 
3.24158 4.36946 4.53065 4.67554 
3.24158 4.36946 4.53065 4.67554 
3.24158 4.36946 4.53065 4.67554 
3.24158 4.36946 4.53065 4.67554 
3.24158 4.36946 4.53065 4.67554 
3.24158 4.36946 4.53065 4.67554 
3.24158 4.36946 4.53065 4.67554 
3.24158 4.36946 4.53065 4.67554 
3.24158 4.36946 4.53065 4.67554 
3.24158 4.36946 4.53065 4.67554 
3.24158 4.36946 4.53065 4.67554 
3.24158 4.36946 4.53065 4.67554 
3.24158 4.36946 4.53065 4.67554 
3.24158 4.36946 4.53065 4.67554 
3.24158 4.36946 4.53065 4.67554 
3.24158 4.36946 4.53065 4.67554 
3.24158 4.36946 4.53065 4.67554 
3.24158 4.36946 4.53065 4.67554 
3.24158 4.36946 4.53065 4.67554 
3.24158 4.36946 4.53065 4.67554 
3.24158 4.36946 4.53065 4.67554 
3.24158 4.36946 4.53065 4.67554 
3.24158 4.36946 4.53065 4.67554 
3.24158 4.36946 4.53065 4.67554 
3.24158 4.36946 4.53065 4.67554 
3.24158 4.36946 4.53065 4.67554 
3.24158 4.36946 4.53065 4.67554 
3.24158 4.36946 4.53065 4.67554 
3.24158 4.36946 4.53065 4.67554 
3.24158 4.36946 4.53065 4.67554 
3.24158 4.36946 4.53065 4.67554 
3.24158 4.36946 4.53065 4.67554 
3.24158 4.36946 4.53065 4.67554 
3.24158 4.36946 4.53065 4.67554 
3.24158 4.36946 4.53065 4.67554 
3.24158 4.36946 4.53065 4.67554 
3.24158 4.36946 4.53065 4.67554 
3.24158 4.36946 4.53065 4.67554 
3.24158 4.36946 4.53065 4.67554 
3.24158 4.36946 4.53065 4.67554 
3.24158 4.36946 4.53065 4.67554 
3.24158 4.36946 4.53065 4.67554 
3.24158 4.36946 4.53065 4.67554 
3.24158 4.36946 4.53065 4.67554 
3.24158 4.36946 4.53065 4.67554 
3.24158 4.36946 4.53065 4.67554 
3.24158 4.36946 4.53065 4.67554 
3.24158 4.36946 4.53065 4.67554 
3.24158 4.36946 4.53065 4.67554 
3.24158 4.36946 4.53065 4.67554 
3.24158 4.36946 4.53065 4.67554 
3.24158 4.36946 4.53065 4.67554 
3.24158 4.36946 4.53065 4.67554 
3.24158 4.36946 4.53065 4.67554 
3.24158 4.36946 4.53065 4.67554 
3.24158 4.36946 4.53065 4.67554 
3.24158 4.36946 4.53065 4.67554 
3.24158 4.36946 4.53065 4.67554 
3.24158 4.36946 4.53065 4.67554 
3.24158 4.36946 4.53065 4.67554 
3.24158 4.36946 4.53065 4.67554 
3.24158 4.36946 4.53065 4.67554 
3.24158 4.36946 4.53065 4.67554 
3.24158 4.36946 4.53065 4.67554 
3.24158 4.36946 4.53065 4.67554 
3.24158 4.36946 4.53065 4.67554 
3.24158 4.36946 4.53065 4.67554 
3.24158 4.36946 4.53065 4.67554 
3.24158 4.36946 4.53065 4.67554 
3.24158 4.36946 4.53065 4.67554 
3.24158 4.36946 4.53065 4.67554 
3.24158 4.36946 4.53065 4.67554 
3.24158 4.36946 4.53065 4.67554 
3.24158 4.36946 4.53065 4.67554 
3.24158 4.36946 4.53065 4.67554 
3.24158 4.36946 4.53065 4.67554 
3.24158 4.36946 4.53065 4.67554 
3.24158 4.36946 4.53065 4.67554 
3.24158 4.36946 4.53065 4.67554 
3.24158 4.36946 4.53065 4.67554 
3.24158 4.36946 4.53065 4.67554 
3.24158 4.36946 4.53065 4.67554 
3.24158 4.36946 4.53065 4.67554 
3.24158 4.36946 4.53065 4.67554 
3.24158 4.36946 4.53065 4.67554 
3.24158 4.36946 4.53065 4.67554 
3.24158 4.36946 4.53065 4.67554 
3.24158 4.36946 4.53065 4.67554 
3.24158 4.36946 4.53065 4.67554 
