0.406688 2.6395 4.12753 5.73602 
0.406688 2.6395 4.12753 5.73602 
0.406688 2.6395 3.53402 4.12753 
0.406688 2.6395 3.53402 4.12753 
0.406688 2.6395 3.53402 3.7602 
0.406688 2.6395 3.40728 3.53402 
0.406688 2.6395 2.83246 3.40728 
0.406688 2.6395 2.83246 2.9449 
0.406688 0.614504 1.49736 2.6395 
0.406688 0.614504 1.49736 2.13465 
0.406688 0.614504 1.49736 2.13465 
0.406688 0.614504 1.49736 2.13465 
0.406688 0.614504 1.49736 2.13465 
0.406688 0.614504 1.49736 2.13465 
0.406688 0.614504 1.49736 2.13465 
0.406688 0.614504 1.49736 2.13465 
0.406688 0.614504 1.49736 2.13465 
0.406688 0.614504 1.49736 2.13465 
0.406688 0.614504 1.49736 2.13465 
0.406688 0.614504 1.49736 2.13465 
0.406688 0.614504 1.49736 2.13465 
0.406688 0.614504 1.49736 2.13465 
0.406688 0.614504 1.49736 2.13465 
0.406688 0.614504 1.49736 2.13465 
0.406688 0.614504 1.49736 2.13465 
0.406688 0.614504 1.49736 2.13465 
0.406688 0.614504 1.49736 2.13465 
0.406688 0.614504 1.49736 2.13465 
0.406688 0.614504 1.49736 2.13465 
0.406688 0.614504 1.49736 2.13465 
0.406688 0.614504 1.49736 2.13465 
0.406688 0.614504 1.49736 2.13465 
0.406688 0.614504 1.49736 2.13465 
0.406688 0.614504 1.49736 2.13465 
0.406688 0.614504 1.49736 2.13465 
0.406688 0.614504 1.49736 2.13465 
0.406688 0.614504 1.49736 2.13465 
0.406688 0.614504 1.175 1.49736 
0.406688 0.614504 1.175 1.49736 
0.406688 0.614504 1.175 1.49736 
0.406688 0.614504 1.175 1.49736 
0.406688 0.614504 1.175 1.49736 
0.406688 0.614504 1.175 1.49736 
0.406688 0.614504 1.175 1.49736 
0.406688 0.614504 1.175 1.49736 
0.406688 0.614504 1.175 1.49736 
0.406688 0.614504 1.175 1.49736 
0.406688 0.614504 1.175 1.49736 
0.406688 0.614504 1.175 1.49736 
0.406688 0.614504 1.175 1.49736 
0.406688 0.614504 1.175 1.49736 
0.406688 0.614504 1.175 1.49736 
0.406688 0.614504 1.175 1.49736 
0.406688 0.614504 1.175 1.49736 
0.406688 0.614504 1.175 1.49736 
0.406688 0.614504 1.175 1.49736 
0.406688 0.614504 1.175 1.49736 
0.406688 0.614504 1.175 1.49736 
0.406688 0.614504 1.175 1.49736 
0.406688 0.614504 1.175 1.49736 
0.406688 0.614504 1.175 1.49736 
0.406688 0.614504 1.175 1.49736 
0.406688 0.614504 1.175 1.49736 
0.406688 0.614504 1.175 1.49736 
0.406688 0.614504 1.175 1.49736 
0.406688 0.614504 1.175 1.49736 
0.406688 0.614504 1.175 1.49736 
0.406688 0.614504 1.175 1.49736 
0.406688 0.614504 1.175 1.49736 
0.406688 0.614504 1.175 1.49736 
0.406688 0.614504 1.175 1.49736 
0.406688 0.614504 1.175 1.49736 
0.406688 0.614504 1.175 1.49736 
0.406688 0.614504 1.175 1.49736 
0.406688 0.614504 1.175 1.49736 
0.406688 0.614504 1.175 1.49736 
0.406688 0.614504 1.175 1.49736 
0.406688 0.614504 1.175 1.49736 
0.406688 0.614504 1.175 1.49736 
0.406688 0.614504 1.175 1.49736 
0.406688 0.614504 1.175 1.49736 
0.406688 0.614504 1.175 1.49736 
0.406688 0.614504 1.175 1.49736 
0.406688 0.614504 1.175 1.49736 
0.406688 0.614504 1.175 1.49736 
0.406688 0.614504 1.175 1.49736 
0.406688 0.614504 1.175 1.49736 
0.406688 0.614504 1.175 1.49736 
0.406688 0.614504 1.175 1.49736 
0.406688 0.614504 1.175 1.49736 
0.406688 0.614504 1.175 1.49736 
0.406688 0.614504 1.175 1.49736 
0.406688 0.614504 1.175 1.49736 
0.406688 0.614504 1.175 1.49736 
0.406688 0.614504 1.175 1.49736 
0.406688 0.614504 1.175 1.49736 
0.406688 0.614504 1.175 1.49736 
0.406688 0.614504 1.175 1.49736 
0.406688 0.614504 1.175 1.49736 
0.406688 0.614504 1.175 1.49736 
