4.54708 6.32126 6.63657 6.72794 
3.40773 4.54708 5.53492 6.08695 
3.07887 3.40773 4.53303 4.54708 
3.07887 3.40773 4.53303 4.54708 
3.07887 3.40773 4.53303 4.54708 
3.07887 3.40773 4.53303 4.54708 
3.07887 3.40773 4.53303 4.54708 
3.07887 3.40773 4.53303 4.53449 
3.07887 3.40773 4.53303 4.53449 
3.07887 3.40773 4.53303 4.53449 
3.07887 3.40773 4.53303 4.53449 
3.07887 3.40773 3.97889 4.53303 
3.07887 3.40773 3.97889 4.12175 
3.07887 3.40773 3.97889 4.12175 
3.07887 3.40773 3.97889 4.12175 
3.07887 3.40773 3.97889 4.12175 
3.07887 3.40773 3.97889 4.12175 
3.07887 3.40773 3.97889 4.11382 
3.07887 3.40773 3.97889 4.11382 
3.07887 3.40773 3.97889 4.11382 
3.07887 3.40773 3.97889 4.11382 
3.07887 3.40773 3.97889 4.11382 
3.07887 3.40773 3.97889 4.11382 
3.07887 3.40773 3.97889 4.09696 
3.07887 3.40773 3.97889 4.09696 
3.07887 3.40773 3.97889 4.09696 
3.07887 3.40773 3.97889 4.09696 
3.07887 3.40773 3.97889 4.09696 
3.07887 3.40773 3.97889 4.09696 
3.07887 3.40773 3.97889 4.09696 
3.07887 3.40773 3.97889 4.09696 
3.07887 3.40773 3.97889 4.09696 
3.07887 3.40773 3.97889 4.09696 
1.94158 1.95619 3.07887 3.40773 
1.94158 1.95619 3.07887 3.40773 
1.94158 1.95619 3.07887 3.40773 
1.94158 1.95619 3.07887 3.40773 
1.94158 1.95619 3.07887 3.40773 
1.94158 1.95619 3.07887 3.40773 
1.94158 1.95619 3.07887 3.40773 
1.94158 1.95619 3.07887 3.40773 
1.94158 1.95619 3.07887 3.40773 
1.94158 1.95619 3.07887 3.40773 
1.94158 1.95619 3.07887 3.40773 
1.94158 1.95619 3.07887 3.40773 
1.94158 1.95619 3.07887 3.40773 
1.94158 1.95619 3.07887 3.40773 
1.94158 1.95619 3.07887 3.40773 
1.94158 1.95619 2.94626 3.07887 
1.94158 1.95619 2.94626 3.07887 
1.94158 1.95619 2.94626 3.07887 
1.94158 1.95619 2.94626 3.07887 
1.94158 1.95619 2.94626 3.07887 
1.94158 1.95619 2.94626 3.07887 
1.94158 1.95619 2.94626 3.07887 
1.94158 1.95619 2.94626 3.07887 
1.94158 1.95619 2.94626 3.07887 
1.94158 1.95619 2.94626 3.07887 
1.94158 1.95619 2.94626 3.07887 
1.94158 1.95619 2.94626 3.07887 
1.94158 1.95619 2.94626 3.07887 
1.94158 1.95619 2.94626 3.07887 
1.94158 1.95619 2.94626 3.07887 
1.94158 1.95619 2.94626 3.07887 
1.94158 1.95619 2.94626 3.07887 
1.94158 1.95619 2.94626 3.07887 
1.94158 1.95619 2.94626 3.07887 
1.94158 1.95619 2.94626 3.07887 
1.94158 1.95619 2.94626 3.07887 
1.94158 1.95619 2.94626 3.07887 
1.94158 1.95619 2.94626 3.07887 
1.94158 1.95619 2.94626 3.07887 
1.94158 1.95619 2.94626 3.07887 
1.94158 1.95619 2.94626 3.07887 
1.94158 1.95619 2.94626 3.07887 
1.94158 1.95619 2.94626 3.07887 
1.94158 1.95619 2.94626 3.07887 
1.94158 1.95619 2.94626 3.07887 
1.94158 1.95619 2.94626 3.07887 
1.94158 1.95619 2.94626 3.07887 
1.94158 1.95619 2.94626 3.07887 
1.94158 1.95619 2.94626 3.07887 
1.94158 1.95619 2.94626 3.07887 
1.94158 1.95619 2.94626 3.07887 
1.94158 1.95619 2.94626 3.07887 
1.94158 1.95619 2.94626 3.07887 
1.94158 1.95619 2.94626 3.07887 
1.94158 1.95619 2.94626 3.07887 
1.94158 1.95619 2.94626 3.07887 
1.94158 1.95619 2.94626 3.07887 
1.94158 1.95619 2.94626 3.07887 
1.94158 1.95619 2.94626 3.07887 
1.94158 1.95619 2.94626 3.07887 
1.94158 1.95619 2.94626 3.07887 
1.94158 1.95619 2.94626 3.07887 
1.94158 1.95619 2.94626 3.07887 
1.94158 1.95619 2.94626 3.07887 
1.94158 1.95619 2.94626 3.07887 
1.94158 1.95619 2.94626 3.07887 
1.94158 1.95619 2.94626 3.07887 
