4.57658 4.89171 5.056 5.71759 
4.57658 4.89171 5.056 5.39142 
4.57658 4.89171 5.056 5.39142 
3.26571 4.57658 4.89171 5.056 
3.26571 4.57658 4.89171 5.056 
3.26571 4.57658 4.89171 5.056 
3.26571 4.57658 4.89171 5.056 
2.27385 3.26571 4.57658 4.89171 
2.27385 3.26571 4.57658 4.89171 
2.27385 3.26571 4.31097 4.57658 
2.27385 2.90718 3.26571 4.31097 
2.27385 2.90718 3.26571 4.06362 
2.27385 2.90718 3.26571 3.69682 
2.23922 2.27385 2.90718 3.26571 
2.0415 2.23922 2.27385 2.83411 
2.0415 2.23922 2.27385 2.83411 
2.0415 2.23922 2.27385 2.83411 
1.36104 2.0415 2.23922 2.27385 
1.36104 2.0415 2.23922 2.27385 
1.36104 2.0415 2.23922 2.27385 
1.36104 2.0415 2.23922 2.25807 
1.36104 2.0415 2.23922 2.25807 
1.36104 2.0415 2.23922 2.25807 
1.36104 2.0415 2.23922 2.25807 
1.36104 2.0415 2.23922 2.25807 
1.36104 2.0415 2.23922 2.25807 
1.36104 2.0415 2.23922 2.25807 
1.36104 2.0415 2.23922 2.25807 
0.2459 1.36104 2.0415 2.23922 
0.2459 1.36104 2.0415 2.23922 
0.2459 1.36104 1.93431 2.0415 
0.2459 1.36104 1.93431 2.0415 
0.2459 1.36104 1.93431 2.0415 
0.2459 1.36104 1.93431 2.0415 
0.2459 1.36104 1.93431 2.0415 
0.2459 1.36104 1.93431 1.97311 
0.2459 1.36104 1.93431 1.97311 
0.2459 1.36104 1.93431 1.97311 
0.2459 1.36104 1.70888 1.77469 
0.2459 0.958411 1.36104 1.70888 
0.2459 0.958411 1.36104 1.70888 
0.2459 0.958411 1.36104 1.70888 
0.2459 0.958411 1.36104 1.70888 
0.2459 0.958411 1.36104 1.49709 
0.2459 0.958411 1.36104 1.49709 
0.2459 0.958411 1.36104 1.49709 
0.2459 0.958411 1.36104 1.49709 
0.2459 0.931139 0.958411 1.36104 
0.2459 0.931139 0.958411 0.999073 
0.2459 0.931139 0.958411 0.999073 
0.2459 0.931139 0.958411 0.999073 
0.2459 0.931139 0.958411 0.999073 
0.115762 0.2459 0.931139 0.958411 
0.115762 0.2459 0.931139 0.958411 
0.115762 0.193176 0.2459 0.931139 
0.115762 0.193176 0.2459 0.814935 
0.115762 0.193176 0.2459 0.814935 
0.115762 0.193176 0.2459 0.814935 
0.115762 0.193176 0.2459 0.814935 
0.115762 0.193176 0.2459 0.644455 
0.115762 0.193176 0.2459 0.464231 
0.115762 0.193176 0.2459 0.464231 
0.115762 0.193176 0.2459 0.464231 
0.115762 0.193176 0.2459 0.464231 
0.115762 0.193176 0.2459 0.464231 
0.0917042 0.115762 0.193176 0.2459 
0.0917042 0.115762 0.193176 0.2459 
0.0917042 0.115762 0.193176 0.204899 
0.0917042 0.115762 0.193176 0.204899 
0.0917042 0.0961377 0.115762 0.193176 
0.0917042 0.0961377 0.115762 0.193176 
0.024879 0.0917042 0.0961377 0.115762 
0.024879 0.0917042 0.0961377 0.115762 
0.024879 0.0917042 0.0961377 0.115762 
0.024879 0.0917042 0.0961377 0.115762 
0.024879 0.0917042 0.0961377 0.115762 
0.024879 0.0917042 0.0961377 0.115762 
0.024879 0.0732999 0.0917042 0.0961377 
0.024879 0.0732999 0.0917042 0.0961377 
0.024879 0.0732999 0.0917042 0.0961377 
0.024879 0.0732999 0.0917042 0.0961377 
0.024879 0.0732999 0.0917042 0.0961377 
0.024879 0.0732999 0.0917042 0.0961377 
0.024879 0.0732999 0.0917042 0.0961377 
0.024879 0.0732999 0.0917042 0.0961377 
0.024879 0.0732999 0.0917042 0.0961377 
0.024879 0.0732999 0.0917042 0.0961377 
0.024879 0.0732999 0.0917042 0.0961377 
0.024879 0.0732999 0.0917042 0.0961377 
0.024879 0.0732999 0.0917042 0.0961377 
0.024879 0.0732999 0.0917042 0.0961377 
0.024879 0.0732999 0.0917042 0.0961377 
0.024879 0.0732999 0.0917042 0.0961377 
0.024879 0.0732999 0.0917042 0.0961377 
0.0238403 0.024879 0.0732999 0.0917042 
0.0238403 0.024879 0.0732999 0.0917042 
0.0238403 0.024879 0.0732999 0.0917042 
0.0238403 0.024879 0.0732999 0.0917042 
0.0238403 0.024879 0.0732999 0.0917042 
0.0238403 0.024879 0.053631 0.0732999 
