3.29376 4.74539 5.76513 6.8834 
3.29376 3.85604 4.74539 5.49184 
3.29376 3.85604 4.74539 5.49184 
3.29376 3.85604 4.74539 5.49184 
3.29376 3.85604 4.40934 4.74539 
3.29376 3.85604 4.40934 4.74539 
3.29376 3.85604 4.40934 4.74539 
3.29376 3.85604 4.40934 4.74539 
3.29376 3.85604 4.40934 4.74539 
3.29376 3.85604 4.40934 4.74539 
3.05158 3.29376 3.85604 4.40934 
3.05158 3.29376 3.85604 4.37188 
3.05158 3.29376 3.85604 4.24921 
2.2918 2.60929 3.05158 3.29376 
2.2918 2.60929 3.05158 3.29376 
1.57096 2.2918 2.60929 2.85911 
1.53438 1.57096 2.2918 2.60929 
1.53438 1.57096 2.2918 2.60929 
1.53438 1.57096 2.2918 2.60929 
1.53438 1.54009 1.57096 2.2918 
1.53438 1.54009 1.57096 2.2918 
1.53438 1.54009 1.57096 2.2918 
1.53438 1.54009 1.57096 2.2918 
1.53438 1.54009 1.57096 1.87438 
1.17034 1.53438 1.54009 1.57096 
1.17034 1.53438 1.54009 1.57096 
1.17034 1.53438 1.54009 1.57096 
1.17034 1.50617 1.53438 1.54009 
1.0271 1.17034 1.376 1.50617 
1.0271 1.17034 1.376 1.50617 
1.0271 1.17034 1.376 1.50617 
1.0271 1.17034 1.376 1.50617 
0.150833 1.0271 1.17034 1.376 
0.150833 1.0271 1.17034 1.376 
0.150833 1.0271 1.17034 1.376 
0.150833 0.35315 1.0271 1.17034 
0.150833 0.35315 1.0271 1.17034 
0.150833 0.35315 0.499259 1.0271 
0.150833 0.35315 0.499259 1.0271 
0.150833 0.35315 0.499259 1.0271 
0.150833 0.35315 0.499259 1.0271 
0.150833 0.35315 0.499259 1.0271 
0.150833 0.35315 0.499259 0.679435 
0.150833 0.35315 0.499259 0.679435 
0.150833 0.35315 0.382367 0.499259 
0.150833 0.35315 0.382367 0.499259 
0.150833 0.35315 0.382367 0.499259 
0.150833 0.35315 0.382367 0.499259 
0.150833 0.35315 0.382367 0.499259 
0.150833 0.35315 0.382367 0.499259 
0.150833 0.35315 0.382367 0.499259 
0.150833 0.35315 0.382367 0.499259 
0.150833 0.35315 0.382367 0.499259 
0.150833 0.35315 0.382367 0.499259 
0.150833 0.35315 0.382367 0.499259 
0.150833 0.35315 0.382367 0.499259 
0.150833 0.35315 0.382367 0.499259 
0.150833 0.35315 0.382367 0.499259 
0.150833 0.35315 0.382367 0.499259 
0.150833 0.35315 0.382367 0.499259 
0.150833 0.35315 0.382367 0.499259 
0.150833 0.35315 0.382367 0.499259 
0.150833 0.35315 0.382367 0.499259 
0.150833 0.35315 0.382367 0.499259 
0.150833 0.35315 0.382367 0.499259 
0.150833 0.35315 0.382367 0.499259 
0.150833 0.35315 0.382367 0.499259 
0.150833 0.35315 0.382367 0.499259 
0.150833 0.35315 0.382367 0.499259 
0.150833 0.35315 0.382367 0.499259 
0.150833 0.35315 0.382367 0.497096 
0.150833 0.35315 0.382367 0.497096 
0.150833 0.35315 0.382367 0.497096 
0.150833 0.35315 0.382367 0.497096 
0.150833 0.35315 0.382367 0.497096 
0.150833 0.35315 0.382367 0.497096 
0.150833 0.35315 0.382367 0.497096 
0.150833 0.352948 0.35315 0.382367 
0.150833 0.352948 0.35315 0.382367 
0.150833 0.352948 0.35315 0.382367 
0.150833 0.352948 0.35315 0.382367 
0.150833 0.352948 0.35315 0.382367 
0.150833 0.352948 0.35315 0.382367 
0.150833 0.352948 0.35315 0.382367 
0.150833 0.352948 0.35315 0.382367 
0.150833 0.352948 0.35315 0.382367 
0.150833 0.352948 0.35315 0.382367 
0.150833 0.331966 0.352948 0.35315 
0.150833 0.331966 0.352948 0.35315 
0.150833 0.331966 0.352948 0.35315 
0.150833 0.232943 0.331966 0.352948 
0.150833 0.232943 0.331966 0.352948 
0.150833 0.232943 0.331966 0.352948 
0.150833 0.223758 0.232943 0.331966 
0.150833 0.223758 0.232943 0.260372 
0.150833 0.223758 0.232943 0.260372 
0.150833 0.223758 0.232943 0.260372 
0.150833 0.223758 0.232943 0.260372 
0.150833 0.223758 0.232943 0.260372 
0.150833 0.19068 0.223758 0.232943 
