6.3376 7.53455 7.72053 8.114 
3.9117 4.95595 5.4396 6.3376 
3.9117 4.95595 5.4396 6.3376 
3.9117 4.45557 4.51966 4.95595 
3.9117 4.44142 4.45557 4.51966 
3.9117 4.44142 4.45557 4.51966 
3.9117 4.23282 4.44142 4.45557 
3.62858 3.9117 4.02578 4.23282 
3.62858 3.9117 4.02578 4.23282 
1.37458 2.23002 2.59512 3.26976 
1.37458 2.23002 2.59512 3.26976 
1.37458 2.23002 2.59512 3.26976 
1.37458 2.23002 2.59512 3.26976 
1.37458 2.23002 2.59512 3.02582 
1.37458 2.23002 2.59512 3.02582 
1.37458 2.23002 2.59512 3.02582 
1.37458 2.23002 2.59512 3.02582 
1.37458 2.23002 2.51125 2.59512 
1.37458 2.23002 2.51125 2.59512 
1.37458 2.23002 2.51125 2.59512 
1.37458 2.23002 2.51125 2.59512 
1.37458 2.23002 2.51125 2.59512 
1.37458 2.23002 2.51125 2.59512 
1.37458 2.23002 2.51125 2.59512 
1.37458 2.23002 2.51125 2.59512 
0.554017 1.37458 2.23002 2.51125 
0.554017 1.37458 2.23002 2.51125 
0.554017 1.0727 1.37458 2.23002 
0.554017 0.700723 0.714882 1.0727 
0.554017 0.700723 0.714882 1.0727 
0.554017 0.700723 0.714882 1.0727 
0.554017 0.700723 0.714882 1.0727 
0.554017 0.700723 0.714882 1.0727 
0.554017 0.700723 0.714882 1.0727 
0.554017 0.700723 0.714882 1.0727 
0.554017 0.700723 0.714882 1.0727 
0.554017 0.700723 0.714882 1.0727 
0.554017 0.700723 0.714882 1.0727 
0.554017 0.679305 0.700723 0.714882 
0.554017 0.679305 0.700723 0.714882 
0.554017 0.679305 0.700723 0.714882 
0.554017 0.679305 0.700723 0.714882 
0.554017 0.679305 0.700723 0.714882 
0.289739 0.495037 0.554017 0.679305 
0.289739 0.495037 0.554017 0.679305 
0.289739 0.495037 0.554017 0.679305 
0.289739 0.495037 0.554017 0.679305 
0.289739 0.495037 0.520912 0.554017 
0.289739 0.495037 0.520912 0.52116 
0.289739 0.495037 0.520912 0.52116 
0.289739 0.495037 0.520912 0.52116 
0.289739 0.495037 0.520912 0.52116 
0.180851 0.289739 0.495037 0.520912 
0.180851 0.289739 0.495037 0.520912 
0.180851 0.289739 0.495037 0.520912 
0.180851 0.289739 0.330007 0.495037 
0.180851 0.289739 0.330007 0.495037 
0.180851 0.289739 0.330007 0.495037 
0.180851 0.289739 0.330007 0.495037 
0.180851 0.289739 0.330007 0.495037 
0.180851 0.289739 0.330007 0.495037 
0.180851 0.289739 0.330007 0.495037 
0.180851 0.289739 0.330007 0.495037 
0.180851 0.289739 0.330007 0.495037 
0.180851 0.289739 0.330007 0.495037 
0.180851 0.289739 0.330007 0.495037 
0.180851 0.289739 0.330007 0.495037 
0.180851 0.289739 0.330007 0.495037 
0.180851 0.289739 0.330007 0.495037 
0.180851 0.289739 0.330007 0.495037 
0.180851 0.289739 0.330007 0.495037 
0.180851 0.289739 0.330007 0.495037 
0.180851 0.289739 0.330007 0.495037 
0.180851 0.289739 0.330007 0.495037 
0.180851 0.289739 0.330007 0.495037 
0.180851 0.289739 0.330007 0.495037 
0.180851 0.289739 0.330007 0.495037 
0.180851 0.289739 0.330007 0.495037 
0.180851 0.289739 0.330007 0.495037 
0.180851 0.289739 0.330007 0.495037 
0.180851 0.289739 0.330007 0.495037 
0.180851 0.289739 0.330007 0.495037 
0.180851 0.289739 0.330007 0.495037 
0.180851 0.289739 0.330007 0.495037 
0.180851 0.289739 0.330007 0.495037 
0.180851 0.289739 0.330007 0.495037 
0.180851 0.289739 0.330007 0.495037 
0.180851 0.289739 0.330007 0.495037 
0.180851 0.289739 0.330007 0.495037 
0.180851 0.289739 0.330007 0.495037 
0.180851 0.289739 0.330007 0.495037 
0.180851 0.289739 0.330007 0.495037 
0.180851 0.289739 0.330007 0.495037 
0.180851 0.289739 0.330007 0.495037 
0.180851 0.289739 0.330007 0.495037 
0.180851 0.289739 0.330007 0.495037 
0.180851 0.289739 0.330007 0.495037 
0.180851 0.289739 0.330007 0.495037 
0.180851 0.289739 0.330007 0.495037 
0.180851 0.289739 0.330007 0.495037 
