4.82474 5.39783 5.53155 5.58679 
4.82474 5.39783 5.53155 5.58679 
4.82474 5.39783 5.53155 5.58679 
3.25593 4.82474 5.39783 5.53155 
3.25593 4.82474 5.39783 5.53155 
3.25593 4.82474 5.39783 5.53155 
3.25593 4.82474 5.39783 5.53155 
3.25593 4.82474 5.39783 5.53155 
2.67336 3.25593 4.82474 5.39783 
2.67336 3.25593 4.82474 5.39783 
2.67336 3.25593 4.82474 5.39783 
2.67336 3.25593 4.82474 5.39783 
2.67336 2.81797 3.25593 4.82474 
2.67336 2.81797 3.25593 4.66304 
2.67336 2.81797 3.25593 4.66304 
2.67336 2.81797 3.25593 4.66304 
2.67336 2.81797 3.03417 3.05279 
2.67336 2.81797 3.03417 3.05279 
2.67336 2.81797 2.84493 3.03417 
2.67336 2.81797 2.84493 3.03417 
2.67336 2.81797 2.84493 3.03417 
2.67336 2.70664 2.81797 2.84493 
2.67336 2.70664 2.81797 2.84493 
2.67336 2.70664 2.81797 2.84493 
2.67336 2.70664 2.81797 2.84493 
2.67336 2.70664 2.81797 2.84493 
2.67336 2.70664 2.81797 2.84493 
2.67336 2.70664 2.81797 2.84493 
2.67336 2.70664 2.81797 2.84493 
2.67336 2.70664 2.75409 2.81797 
2.67336 2.70664 2.75409 2.81797 
0.740426 2.67336 2.70664 2.75409 
0.740426 2.67336 2.70664 2.75409 
0.740426 2.67336 2.70664 2.75409 
0.740426 2.47678 2.67336 2.70664 
0.740426 2.47678 2.67336 2.70664 
0.740426 2.47678 2.67336 2.70664 
0.740426 2.47678 2.67336 2.70664 
0.740426 2.47678 2.67336 2.70664 
0.740426 1.68746 2.47678 2.67336 
0.740426 1.68746 2.47678 2.67336 
0.740426 1.68746 1.75593 2.47678 
0.740426 1.68746 1.75593 2.47678 
0.740426 1.68746 1.75593 2.47678 
0.740426 1.68746 1.75593 2.47678 
0.740426 1.68746 1.75593 2.47678 
0.740426 1.68746 1.75593 2.47678 
0.740426 1.68746 1.75593 2.47678 
0.740426 1.68746 1.75593 1.87186 
0.740426 1.68746 1.73597 1.75593 
0.740426 1.68746 1.73597 1.75593 
0.740426 1.68746 1.73597 1.75593 
0.740426 1.68746 1.73597 1.75593 
0.740426 1.68746 1.73597 1.75593 
0.740426 1.68746 1.73597 1.75593 
0.740426 1.68746 1.73597 1.75593 
0.740426 1.68746 1.73597 1.75593 
0.740426 1.68746 1.73597 1.75593 
0.740426 1.68746 1.73597 1.75593 
0.740426 1.68746 1.73597 1.75593 
0.740426 1.68746 1.73597 1.75593 
0.740426 1.68746 1.73597 1.75593 
0.740426 1.68746 1.73597 1.75593 
0.740426 1.68746 1.73597 1.75593 
0.740426 1.68746 1.73597 1.75593 
0.740426 1.68746 1.73597 1.75593 
0.740426 1.68746 1.73597 1.75593 
0.740426 1.68746 1.73597 1.75593 
0.740426 1.68746 1.73597 1.75593 
0.740426 1.68746 1.73597 1.75593 
0.740426 1.68746 1.73597 1.75593 
0.740426 1.68746 1.73597 1.75593 
0.740426 1.68746 1.73597 1.75593 
0.740426 1.68746 1.73597 1.75593 
0.740426 1.68746 1.73597 1.75593 
0.740426 1.68746 1.73597 1.75593 
0.740426 1.68746 1.73597 1.75593 
0.740426 1.68746 1.73597 1.75593 
0.740426 1.68746 1.73597 1.75593 
0.740426 1.68746 1.73597 1.75593 
0.740426 1.68746 1.73597 1.75593 
0.740426 1.68746 1.73597 1.75593 
0.740426 1.68746 1.73597 1.75593 
0.740426 1.68746 1.73597 1.75593 
0.740426 1.68746 1.73597 1.75593 
0.740426 1.68746 1.73597 1.75593 
0.740426 1.68746 1.73597 1.75593 
0.740426 1.68746 1.73597 1.75593 
0.740426 1.68746 1.73597 1.75593 
0.740426 1.68746 1.73597 1.75593 
0.740426 1.68746 1.73597 1.75593 
0.740426 1.68746 1.73597 1.75593 
0.740426 1.68746 1.73597 1.75593 
0.740426 1.68746 1.73597 1.75593 
0.740426 1.68746 1.73597 1.75593 
0.740426 1.18877 1.68746 1.73597 
0.740426 1.18877 1.68746 1.73597 
0.740426 1.18877 1.21525 1.42088 
0.740426 1.18877 1.21525 1.42088 
0.740426 1.18877 1.21525 1.42088 
