3.84152 4.61277 6.24314 6.90622 
2.92198 3.70901 3.84152 4.61277 
2.92198 3.70901 3.84152 4.61277 
2.92198 3.70901 3.84152 4.61277 
2.92198 3.70901 3.84152 4.61277 
2.92198 3.70901 3.84152 4.61277 
2.92198 3.70901 3.84152 4.61277 
2.92198 3.70901 3.84152 4.61277 
2.92198 3.70901 3.84152 4.61277 
2.92198 3.70901 3.84152 4.61277 
2.92198 3.70901 3.84152 4.61277 
2.92198 3.70901 3.84152 4.61277 
2.92198 3.70901 3.84152 4.61277 
2.92198 3.70901 3.84152 4.61277 
2.92198 3.70901 3.84152 4.61277 
2.92198 3.70901 3.84152 4.61277 
2.92198 3.70901 3.84152 4.61277 
2.92198 3.70901 3.84152 4.61277 
2.92198 3.70901 3.84152 4.61277 
2.92198 3.70901 3.84152 4.61277 
2.92198 3.70901 3.84152 4.61277 
2.92198 3.70901 3.84152 4.61277 
2.92198 3.70901 3.84152 4.61277 
2.92198 3.70901 3.84152 4.61277 
2.92198 3.70901 3.84152 4.61277 
2.92198 3.70901 3.84152 4.61277 
2.92198 3.70901 3.84152 4.61277 
2.92198 3.70901 3.84152 4.61277 
2.92198 3.70901 3.84152 4.61277 
2.92198 3.70901 3.84152 4.61277 
2.92198 3.70901 3.84152 4.61277 
2.92198 3.70901 3.84152 4.61277 
2.92198 3.70901 3.84152 4.61277 
2.92198 3.70901 3.84152 4.61277 
2.92198 3.70901 3.84152 4.61277 
2.92198 3.70901 3.84152 4.61277 
2.92198 3.70901 3.84152 4.61277 
2.92198 3.70901 3.84152 4.61277 
2.92198 3.70901 3.84152 4.61277 
2.92198 3.70901 3.84152 4.61277 
2.92198 3.70901 3.84152 4.61277 
2.92198 3.70901 3.84152 4.61277 
2.92198 3.70901 3.84152 4.61277 
2.92198 3.70901 3.84152 4.61277 
2.92198 3.70901 3.84152 4.61277 
2.92198 3.70901 3.84152 4.61277 
2.92198 3.70901 3.84152 4.61277 
2.92198 3.70901 3.84152 4.61277 
2.92198 3.70901 3.84152 4.61277 
2.92198 3.70901 3.84152 4.61277 
2.92198 3.70901 3.84152 4.61277 
2.92198 3.70901 3.84152 4.61277 
2.92198 3.70901 3.84152 4.61277 
2.92198 3.70901 3.84152 4.61277 
2.92198 3.70901 3.84152 4.61277 
2.92198 3.70901 3.84152 4.61277 
2.92198 3.70901 3.84152 4.61277 
2.92198 3.70901 3.84152 4.61277 
2.92198 3.70901 3.84152 4.61277 
2.92198 3.70901 3.84152 4.61277 
2.92198 3.70901 3.84152 4.61277 
2.92198 3.70901 3.84152 4.61277 
2.92198 3.70901 3.84152 4.61277 
2.92198 3.70901 3.84152 4.61277 
2.92198 3.70901 3.84152 4.61277 
2.92198 3.70901 3.84152 4.61277 
2.92198 3.70901 3.84152 4.61277 
2.92198 3.70901 3.84152 4.61277 
2.92198 3.70901 3.84152 4.61277 
2.92198 3.70901 3.84152 4.61277 
2.92198 3.70901 3.84152 4.61277 
2.92198 3.70901 3.84152 4.61277 
2.92198 3.70901 3.84152 4.61277 
2.92198 3.70901 3.84152 4.61277 
2.92198 3.70901 3.84152 4.61277 
2.92198 3.70901 3.84152 4.61277 
2.92198 3.70901 3.84152 4.61277 
2.92198 3.70901 3.84152 4.61277 
2.92198 3.70901 3.84152 4.61277 
2.92198 3.70901 3.84152 4.61277 
2.92198 3.70901 3.84152 4.61277 
2.92198 3.70901 3.84152 4.61277 
2.92198 3.70901 3.84152 4.61277 
2.92198 3.70901 3.84152 4.61277 
2.92198 3.70901 3.84152 4.61277 
2.92198 3.70901 3.84152 4.61277 
2.92198 3.70901 3.84152 4.61277 
2.92198 3.70901 3.84152 4.61277 
2.92198 3.70901 3.84152 4.61277 
2.92198 3.70901 3.84152 4.61277 
2.92198 3.70901 3.84152 4.61277 
2.92198 3.70901 3.84152 4.61277 
2.92198 3.70901 3.84152 4.61277 
2.92198 3.70901 3.84152 4.61277 
2.92198 3.70901 3.84152 4.61277 
2.92198 3.70901 3.84152 4.61277 
2.92198 3.70901 3.84152 4.61277 
2.92198 3.70901 3.84152 4.61277 
2.92198 3.70901 3.84152 4.61277 
2.92198 3.70901 3.84152 4.61277 
