6.20059 7.38911 8.28965 8.65319 
2.39178 6.20059 6.37564 7.14622 
2.39178 4.09539 4.1216 4.76434 
2.39178 4.09539 4.1216 4.76434 
2.39178 4.09539 4.1216 4.46712 
2.39178 4.09539 4.1216 4.46712 
2.39178 4.09539 4.1216 4.46712 
2.39178 4.09539 4.1216 4.46712 
2.39178 4.09539 4.1216 4.46712 
2.39178 4.09539 4.1216 4.46712 
2.39178 4.09539 4.1216 4.46712 
2.39178 4.09539 4.1216 4.46712 
2.39178 4.09539 4.1216 4.46712 
2.39178 4.09539 4.1216 4.46712 
2.39178 4.09539 4.1216 4.46712 
2.39178 4.09539 4.1216 4.46712 
2.39178 4.09539 4.1216 4.46712 
2.39178 4.09539 4.1216 4.46712 
2.39178 4.09539 4.1216 4.46712 
2.39178 4.09539 4.1216 4.46712 
2.39178 4.09539 4.1216 4.46712 
2.39178 4.09539 4.1216 4.46712 
2.39178 4.09539 4.1216 4.46712 
2.39178 4.09539 4.1216 4.46712 
2.39178 4.09539 4.1216 4.46712 
2.39178 4.09539 4.1216 4.46712 
2.39178 4.09539 4.1216 4.46712 
2.39178 4.09539 4.1216 4.46712 
2.39178 4.09539 4.1216 4.46712 
2.39178 4.09539 4.1216 4.46712 
2.39178 4.09539 4.1216 4.46712 
2.39178 4.09539 4.1216 4.46712 
2.39178 4.09539 4.1216 4.46712 
2.39178 4.09539 4.1216 4.46712 
2.39178 4.09539 4.1216 4.46712 
2.39178 4.09539 4.1216 4.46712 
2.39178 4.09539 4.1216 4.46712 
2.39178 4.09539 4.1216 4.46712 
2.39178 4.09539 4.1216 4.46712 
2.39178 4.09539 4.1216 4.46712 
2.39178 4.09539 4.1216 4.46712 
2.39178 4.09539 4.1216 4.46712 
2.39178 4.09539 4.1216 4.46712 
2.39178 4.09539 4.1216 4.46712 
2.39178 4.09539 4.1216 4.46712 
2.39178 4.09539 4.1216 4.46712 
2.39178 4.09539 4.1216 4.46712 
2.39178 4.09539 4.1216 4.46712 
2.39178 4.09539 4.1216 4.46712 
2.39178 4.09539 4.1216 4.46712 
2.39178 4.09539 4.1216 4.46712 
2.39178 4.09539 4.1216 4.46712 
2.39178 4.09539 4.1216 4.46712 
2.39178 4.09539 4.1216 4.46712 
2.39178 4.09539 4.1216 4.46712 
2.39178 4.09539 4.1216 4.46712 
2.39178 4.09539 4.1216 4.46712 
2.39178 4.09539 4.1216 4.46712 
2.39178 4.09539 4.1216 4.46712 
2.39178 4.09539 4.1216 4.46712 
2.39178 4.09539 4.1216 4.46712 
2.39178 4.09539 4.1216 4.46712 
2.39178 4.09539 4.1216 4.46712 
2.39178 4.09539 4.1216 4.46712 
2.39178 4.09539 4.1216 4.46712 
2.39178 4.09539 4.1216 4.46712 
2.39178 4.09539 4.1216 4.46712 
2.39178 4.09539 4.1216 4.46712 
2.39178 4.09539 4.1216 4.46712 
2.39178 4.09539 4.1216 4.46712 
2.39178 4.09539 4.1216 4.46712 
2.39178 4.09539 4.1216 4.46712 
2.39178 4.09539 4.1216 4.46712 
2.39178 4.09539 4.1216 4.46712 
2.39178 4.09539 4.1216 4.46712 
2.39178 4.09539 4.1216 4.46712 
2.39178 4.09539 4.1216 4.46712 
2.39178 4.09539 4.1216 4.46712 
2.39178 4.09539 4.1216 4.46712 
2.39178 4.09539 4.1216 4.46712 
2.39178 4.09539 4.1216 4.46712 
2.39178 4.09539 4.1216 4.46712 
2.39178 4.09539 4.1216 4.46712 
2.39178 4.09539 4.1216 4.46712 
2.39178 4.09539 4.1216 4.46712 
2.39178 4.09539 4.1216 4.46712 
2.39178 4.09539 4.1216 4.46712 
2.39178 4.09539 4.1216 4.46712 
2.39178 4.09539 4.1216 4.46712 
2.39178 4.09539 4.1216 4.46712 
2.39178 4.09539 4.1216 4.46712 
2.39178 4.09539 4.1216 4.46712 
2.39178 4.09539 4.1216 4.46712 
2.39178 4.09539 4.1216 4.46712 
2.39178 4.09539 4.1216 4.46712 
2.39178 4.09539 4.1216 4.46712 
2.39178 4.09539 4.1216 4.46712 
2.39178 4.09539 4.1216 4.46712 
2.39178 4.09539 4.1216 4.46712 
2.39178 4.09539 4.1216 4.46712 
