6.45604 7.69279 8.20851 8.97916 
4.7677 6.45604 7.09205 7.34062 
3.13227 4.7677 6.45604 7.09205 
3.13227 4.7677 6.30888 6.45604 
3.13227 4.7677 6.13525 6.30888 
3.13227 3.48577 4.7677 6.13525 
3.13227 3.48577 4.50754 4.7677 
3.13227 3.48533 3.48577 3.71938 
3.13227 3.48533 3.48577 3.71938 
3.13227 3.48533 3.48577 3.71938 
3.13227 3.48533 3.48577 3.71938 
3.13227 3.48136 3.48533 3.48577 
2.70447 3.13227 3.48136 3.48533 
2.70447 3.13227 3.48136 3.48533 
2.70447 3.13227 3.48136 3.48533 
2.15914 2.27876 2.70447 3.13227 
2.15914 2.27876 2.70447 3.13227 
2.15914 2.27876 2.70447 3.0324 
2.15914 2.27876 2.70447 3.0324 
2.15914 2.27876 2.70447 3.0324 
1.15502 2.15914 2.27876 2.70447 
1.15502 2.15914 2.27876 2.70447 
1.15502 2.15914 2.27876 2.70447 
1.15502 2.15914 2.27876 2.70447 
1.15502 2.15914 2.27876 2.70447 
1.15502 2.15914 2.27876 2.70447 
0.437498 0.664056 1.15502 2.15914 
0.437498 0.664056 1.15502 2.15914 
0.437498 0.664056 1.15502 2.15914 
0.437498 0.664056 1.15502 2.00474 
0.437498 0.664056 1.15502 2.00474 
0.437498 0.664056 1.15502 2.00474 
0.437498 0.664056 1.15502 2.00474 
0.437498 0.664056 1.15502 2.00474 
0.437498 0.664056 1.15502 2.00474 
0.437498 0.664056 1.15502 2.00474 
0.437498 0.664056 1.03735 1.15502 
0.437498 0.664056 0.886566 1.03735 
0.437498 0.664056 0.886566 1.03735 
0.437498 0.664056 0.886566 1.03735 
0.437498 0.664056 0.886566 1.03735 
0.437498 0.664056 0.886566 1.03735 
0.437498 0.664056 0.886566 1.03735 
0.437498 0.664056 0.886566 1.03735 
0.437498 0.664056 0.886566 1.03735 
0.437498 0.664056 0.886566 1.03735 
0.437498 0.664056 0.847112 0.886566 
0.437498 0.664056 0.847112 0.886566 
0.437498 0.664056 0.847112 0.886566 
0.437498 0.664056 0.847112 0.886566 
0.437498 0.664056 0.847112 0.886566 
0.437498 0.664056 0.847112 0.886566 
0.437498 0.664056 0.847112 0.886566 
0.437498 0.664056 0.847112 0.886566 
0.437498 0.664056 0.847112 0.886566 
0.437498 0.664056 0.847112 0.886566 
0.437498 0.664056 0.847112 0.886566 
0.437498 0.664056 0.847112 0.886566 
0.437498 0.664056 0.847112 0.886566 
0.437498 0.664056 0.847112 0.886566 
0.437498 0.664056 0.847112 0.886566 
0.437498 0.664056 0.847112 0.886566 
0.437498 0.664056 0.847112 0.886566 
0.437498 0.664056 0.847112 0.886566 
0.437498 0.664056 0.847112 0.886566 
0.437498 0.664056 0.847112 0.886566 
0.437498 0.664056 0.847112 0.886566 
0.437498 0.664056 0.847112 0.886566 
0.437498 0.664056 0.847112 0.886566 
0.437498 0.664056 0.847112 0.886566 
0.437498 0.664056 0.847112 0.886566 
0.437498 0.664056 0.847112 0.886566 
0.437498 0.664056 0.847112 0.886566 
0.437498 0.664056 0.847112 0.886566 
0.437498 0.664056 0.847112 0.886566 
0.437498 0.664056 0.847112 0.886566 
0.437498 0.664056 0.847112 0.886566 
0.437498 0.664056 0.847112 0.886566 
0.437498 0.664056 0.847112 0.886566 
0.437498 0.664056 0.847112 0.886566 
0.437498 0.664056 0.847112 0.886566 
0.437498 0.664056 0.847112 0.886566 
0.437498 0.664056 0.847112 0.886566 
0.437498 0.664056 0.847112 0.886566 
0.437498 0.664056 0.847112 0.886566 
0.437498 0.664056 0.847112 0.886566 
0.437498 0.664056 0.847112 0.886566 
0.437498 0.664056 0.847112 0.886566 
0.437498 0.664056 0.847112 0.886566 
0.437498 0.664056 0.847112 0.886566 
0.437498 0.664056 0.847112 0.886566 
0.437498 0.664056 0.847112 0.886566 
0.437498 0.664056 0.847112 0.886566 
0.437498 0.664056 0.847112 0.886566 
0.437498 0.664056 0.847112 0.886566 
0.437498 0.664056 0.847112 0.886566 
0.437498 0.664056 0.847112 0.886566 
0.437498 0.664056 0.847112 0.886566 
0.437498 0.664056 0.847112 0.886566 
0.437498 0.664056 0.847112 0.886566 
