6.50535 6.6494 7.18942 7.90113 
4.1992 4.50717 6.14598 6.32258 
4.1992 4.50717 4.52746 4.53962 
4.1992 4.50717 4.52746 4.53962 
4.1992 4.50717 4.52746 4.53962 
3.69561 4.1992 4.50717 4.52746 
3.69561 4.1992 4.50717 4.52746 
3.69561 3.82355 3.86422 4.1992 
3.69561 3.82355 3.86422 3.99568 
2.96588 3.69561 3.82355 3.86422 
1.96045 2.96588 3.69561 3.82355 
1.96045 2.96588 3.69561 3.82355 
1.96045 2.96588 3.69561 3.82355 
1.96045 2.96588 3.25587 3.69561 
1.96045 2.96588 3.25587 3.69561 
1.96045 2.93172 2.96588 3.25587 
1.96045 2.93172 2.96588 3.25587 
1.73629 1.96045 2.93172 2.96588 
1.73629 1.96045 2.93172 2.96588 
1.73629 1.96045 2.7321 2.93172 
1.73629 1.96045 2.7321 2.93172 
1.73629 1.96045 2.7321 2.93172 
1.73629 1.96045 2.7321 2.93172 
1.73629 1.96045 2.7321 2.93172 
1.73629 1.96045 2.7321 2.93172 
1.73629 1.96045 2.7321 2.93172 
1.73629 1.96045 2.7321 2.93172 
1.73629 1.96045 2.7321 2.93172 
1.36647 1.73629 1.96045 2.7321 
1.36647 1.73629 1.96045 2.7321 
1.36647 1.73629 1.96045 2.7321 
0.181566 1.36647 1.73629 1.96045 
0.181566 1.36647 1.73629 1.74469 
0.181566 1.36647 1.73629 1.74469 
0.181566 1.23498 1.36647 1.73629 
0.181566 1.23498 1.36647 1.73629 
0.181566 1.23498 1.36647 1.73629 
0.181566 1.23498 1.36647 1.72009 
0.181566 1.23498 1.36647 1.72009 
0.181566 1.23498 1.36647 1.72009 
0.181566 1.23498 1.36647 1.40659 
0.181566 1.23498 1.36647 1.40659 
0.181566 1.23498 1.3538 1.36647 
0.181566 1.23498 1.3538 1.36647 
0.181566 1.23498 1.3538 1.36647 
0.181566 0.304724 1.23498 1.3538 
0.181566 0.304724 1.23498 1.3538 
0.181566 0.304724 1.23498 1.3538 
0.181566 0.304724 1.23498 1.3538 
0.181566 0.304724 1.23498 1.3538 
0.181566 0.304724 1.23498 1.3538 
0.181566 0.304724 1.23498 1.3538 
0.181566 0.304724 1.23498 1.3538 
0.181566 0.304724 0.988295 1.23498 
0.181566 0.304724 0.383726 0.988295 
0.181566 0.304724 0.383726 0.988295 
0.181566 0.304724 0.383726 0.988295 
0.181566 0.289741 0.304724 0.383726 
0.181566 0.289741 0.304724 0.383726 
0.181566 0.289741 0.304724 0.383726 
0.181566 0.289741 0.304724 0.383726 
0.181566 0.289741 0.304724 0.383726 
0.181566 0.289741 0.304724 0.383726 
0.181566 0.289741 0.304724 0.383726 
0.181566 0.289741 0.304724 0.383726 
0.181566 0.289741 0.304724 0.383726 
0.181566 0.289741 0.304724 0.383726 
0.181566 0.289741 0.304724 0.383726 
0.181566 0.289741 0.304724 0.383726 
0.181566 0.289741 0.304724 0.383726 
0.181566 0.289741 0.304724 0.383726 
0.181566 0.289741 0.304724 0.383726 
0.181566 0.289741 0.304724 0.383726 
0.181566 0.289741 0.304724 0.383726 
0.181566 0.289741 0.304724 0.383726 
0.181566 0.289741 0.304724 0.383726 
0.181566 0.289741 0.304724 0.383726 
0.181566 0.289741 0.304724 0.383726 
0.181566 0.289741 0.304724 0.383726 
0.181566 0.289741 0.304724 0.383726 
0.181566 0.289741 0.304724 0.383726 
0.181566 0.289741 0.304724 0.383726 
0.181566 0.289741 0.304724 0.383726 
0.181566 0.289741 0.304724 0.383726 
0.181566 0.289741 0.304724 0.383726 
0.181566 0.289741 0.304724 0.383726 
0.181566 0.289741 0.304724 0.383726 
0.181566 0.289741 0.304724 0.383726 
0.181566 0.289741 0.304724 0.383726 
0.181566 0.289741 0.304724 0.383726 
0.181566 0.289741 0.304724 0.383726 
0.181566 0.289741 0.304724 0.383726 
0.181566 0.289741 0.304724 0.383726 
0.181566 0.289741 0.304724 0.383726 
0.181566 0.289741 0.304724 0.383726 
0.181566 0.289741 0.304724 0.383726 
0.181566 0.289741 0.304724 0.383726 
0.181566 0.289741 0.304724 0.383726 
0.181566 0.289741 0.304724 0.383726 
0.181566 0.289741 0.304724 0.383726 
