3.83559 4.50349 6.04196 6.08415 
3.83559 4.50349 6.04196 6.08415 
3.83559 4.50349 6.04196 6.05607 
3.83559 4.50349 6.04196 6.05607 
3.83559 4.50349 6.04196 6.05607 
3.78787 3.83559 4.50349 5.17571 
3.78787 3.83559 4.50349 5.17571 
3.78787 3.83559 4.50349 5.17571 
3.78787 3.83559 4.50349 5.17571 
3.78787 3.83559 4.50349 5.17571 
3.78787 3.83559 4.50349 5.17571 
3.78787 3.83559 4.50349 5.17571 
3.65523 3.78787 3.83559 4.50349 
3.65523 3.78787 3.83559 4.50349 
3.65523 3.78787 3.83559 4.50349 
3.65523 3.78787 3.83559 4.50349 
3.65523 3.78787 3.83559 4.50349 
3.65523 3.78787 3.83559 4.50349 
3.65523 3.78787 3.83559 4.50349 
3.65523 3.78787 3.83559 4.50349 
3.65523 3.78787 3.83559 4.50349 
3.65523 3.78787 3.83559 4.50349 
3.65523 3.78787 3.83559 4.50349 
3.65523 3.78787 3.83559 4.50349 
3.65523 3.78787 3.83559 4.50349 
3.65523 3.78787 3.83559 4.50349 
3.65523 3.78787 3.83559 4.50349 
3.65523 3.78787 3.83559 4.50349 
3.65523 3.78787 3.83559 4.50349 
3.65523 3.78787 3.83559 4.50349 
3.65523 3.78787 3.83559 4.50349 
3.65523 3.78787 3.83559 4.50349 
3.65523 3.78787 3.83559 4.50349 
3.65523 3.78787 3.83559 4.50349 
3.65523 3.78787 3.83559 4.50349 
3.65523 3.78787 3.83559 4.50349 
3.65523 3.78787 3.83559 4.50349 
3.65523 3.78787 3.83559 4.50349 
3.65523 3.78787 3.83559 4.50349 
3.65523 3.78787 3.83559 4.50349 
3.65523 3.78787 3.83559 4.50349 
3.65523 3.78787 3.83559 4.50349 
3.65523 3.78787 3.83559 4.50349 
3.65523 3.78787 3.83559 4.50349 
3.65523 3.78787 3.83559 4.50349 
3.65523 3.78787 3.83559 4.50349 
3.65523 3.78787 3.83559 4.50349 
3.65523 3.78787 3.83559 4.50349 
3.65523 3.78787 3.83559 4.50349 
3.65523 3.78787 3.83559 4.50349 
3.65523 3.78787 3.83559 4.50349 
3.65523 3.78787 3.83559 4.50349 
3.65523 3.78787 3.83559 4.50349 
3.65523 3.78787 3.83559 4.50349 
3.65523 3.78787 3.83559 4.50349 
3.65523 3.78787 3.83559 4.50349 
3.65523 3.78787 3.83559 4.50349 
3.65523 3.78787 3.83559 4.50349 
3.65523 3.78787 3.83559 4.50349 
3.65523 3.78787 3.83559 4.50349 
3.65523 3.78787 3.83559 4.50349 
3.65523 3.78787 3.83559 4.50349 
3.65523 3.78787 3.83559 4.50349 
3.65523 3.78787 3.83559 4.50349 
3.65523 3.78787 3.83559 4.50349 
3.65523 3.78787 3.83559 4.50349 
3.65523 3.78787 3.83559 4.50349 
3.65523 3.78787 3.83559 4.50349 
3.65523 3.78787 3.83559 4.50349 
3.65523 3.78787 3.83559 4.50349 
3.65523 3.78787 3.83559 4.50349 
3.65523 3.78787 3.83559 4.50349 
3.65523 3.78787 3.83559 4.50349 
3.65523 3.78787 3.83559 4.50349 
3.65523 3.78787 3.83559 4.50349 
3.65523 3.78787 3.83559 4.50349 
3.65523 3.78787 3.83559 4.50349 
3.65523 3.78787 3.83559 4.50349 
3.65523 3.78787 3.83559 4.50349 
3.65523 3.78787 3.83559 4.50349 
3.65523 3.78787 3.83559 4.50349 
3.65523 3.78787 3.83559 4.50349 
3.65523 3.78787 3.83559 4.50349 
3.65523 3.78787 3.83559 4.50349 
3.65523 3.78787 3.83559 4.50349 
3.65523 3.78787 3.83559 4.50349 
3.65523 3.78787 3.83559 4.50349 
3.65523 3.78787 3.83559 4.50349 
3.65523 3.78787 3.83559 4.50349 
3.65523 3.78787 3.83559 4.50349 
3.65523 3.78787 3.83559 4.50349 
3.65523 3.78787 3.83559 4.50349 
3.65523 3.78787 3.83559 4.50349 
3.65523 3.78787 3.83559 4.50349 
3.65523 3.78787 3.83559 4.50349 
3.65523 3.78787 3.83559 4.50349 
3.65523 3.78787 3.83559 4.50349 
3.65523 3.78787 3.83559 4.50349 
3.65523 3.78787 3.83559 4.50349 
3.65523 3.78787 3.83559 4.50349 
