6.31294 6.5318 7.39543 7.55003 
0.943919 0.97723 5.44531 6.31294 
0.943919 0.97723 3.48009 5.44531 
0.943919 0.97723 3.48009 5.44531 
0.943919 0.97723 3.16533 3.48009 
0.943919 0.97723 3.00229 3.16533 
0.943919 0.97723 3.00229 3.16533 
0.943919 0.97723 3.00229 3.16533 
0.943919 0.97723 2.58041 3.00229 
0.943919 0.97723 2.58041 2.80078 
0.943919 0.97723 2.58041 2.80078 
0.943919 0.97723 2.36617 2.58041 
0.943919 0.97723 2.34019 2.36617 
0.943919 0.97723 2.34019 2.36617 
0.943919 0.97723 2.34019 2.36617 
0.943919 0.97723 2.34019 2.36617 
0.943919 0.97723 2.34019 2.36617 
0.772298 0.943919 0.97723 2.34019 
0.772298 0.943919 0.97723 2.34019 
0.772298 0.943919 0.97723 2.34019 
0.772298 0.943919 0.97723 2.34019 
0.772298 0.943919 0.97723 2.34019 
0.772298 0.943919 0.97723 2.34019 
0.772298 0.943919 0.97723 2.34019 
0.772298 0.943919 0.97723 2.34019 
0.772298 0.943919 0.97723 2.34019 
0.772298 0.943919 0.97723 2.34019 
0.772298 0.943919 0.97723 2.34019 
0.772298 0.943919 0.97723 2.34019 
0.772298 0.943919 0.97723 2.34019 
0.772298 0.943919 0.97723 2.34019 
0.772298 0.943919 0.97723 2.34019 
0.772298 0.943919 0.97723 2.34019 
0.772298 0.943919 0.97723 2.34019 
0.772298 0.943919 0.97723 2.34019 
0.772298 0.943919 0.97723 2.34019 
0.772298 0.943919 0.97723 2.34019 
0.772298 0.943919 0.97723 2.34019 
0.772298 0.943919 0.97723 2.34019 
0.772298 0.943919 0.97723 2.34019 
0.772298 0.943919 0.97723 2.34019 
0.772298 0.943919 0.97723 2.34019 
0.772298 0.943919 0.97723 2.34019 
0.772298 0.943919 0.97723 2.34019 
0.772298 0.943919 0.97723 2.34019 
0.772298 0.943919 0.97723 2.34019 
0.772298 0.943919 0.97723 2.34019 
0.772298 0.943919 0.97723 2.34019 
0.772298 0.943919 0.97723 2.34019 
0.772298 0.943919 0.97723 2.34019 
0.772298 0.943919 0.97723 2.34019 
0.772298 0.943919 0.97723 2.34019 
0.772298 0.943919 0.97723 2.34019 
0.772298 0.943919 0.97723 2.34019 
0.772298 0.943919 0.97723 2.34019 
0.772298 0.943919 0.97723 2.34019 
0.772298 0.943919 0.97723 2.34019 
0.772298 0.943919 0.97723 2.34019 
0.772298 0.943919 0.97723 2.34019 
0.772298 0.943919 0.97723 2.34019 
0.772298 0.943919 0.97723 2.34019 
0.772298 0.943919 0.97723 2.34019 
0.772298 0.943919 0.97723 2.34019 
0.772298 0.943919 0.97723 2.34019 
0.772298 0.943919 0.97723 2.34019 
0.772298 0.943919 0.97723 2.34019 
0.772298 0.943919 0.97723 2.34019 
0.772298 0.943919 0.97723 2.34019 
0.772298 0.943919 0.97723 2.34019 
0.772298 0.943919 0.97723 2.34019 
0.772298 0.943919 0.97723 2.34019 
0.772298 0.943919 0.97723 2.34019 
0.772298 0.943919 0.97723 2.34019 
0.772298 0.943919 0.97723 2.34019 
0.772298 0.943919 0.97723 2.34019 
0.772298 0.943919 0.97723 2.34019 
0.772298 0.943919 0.97723 2.34019 
0.772298 0.943919 0.97723 2.34019 
0.772298 0.943919 0.97723 2.34019 
0.772298 0.943919 0.97723 2.34019 
0.772298 0.943919 0.97723 2.34019 
0.772298 0.943919 0.97723 2.34019 
0.772298 0.943919 0.97723 2.34019 
0.772298 0.943919 0.97723 2.34019 
0.772298 0.943919 0.97723 2.34019 
0.772298 0.943919 0.97723 2.34019 
0.772298 0.943919 0.97723 2.34019 
0.772298 0.943919 0.97723 2.34019 
0.772298 0.943919 0.97723 2.34019 
0.772298 0.943919 0.97723 2.34019 
0.772298 0.943919 0.97723 2.34019 
0.772298 0.943919 0.97723 2.34019 
0.772298 0.943919 0.97723 2.34019 
0.772298 0.943919 0.97723 2.34019 
0.772298 0.943919 0.97723 2.34019 
0.772298 0.943919 0.97723 2.34019 
0.772298 0.943919 0.97723 2.34019 
0.772298 0.943919 0.97723 2.34019 
0.772298 0.943919 0.97723 2.34019 
0.772298 0.943919 0.97723 2.34019 
