4.55774 6.6873 7.46264 7.74616 
4.55774 4.58148 6.6873 7.0998 
3.66608 4.31071 4.55774 4.58148 
3.66608 4.31071 4.55774 4.58148 
3.66608 4.31071 4.45155 4.55774 
3.66608 4.31071 4.45155 4.55774 
3.66608 4.31071 4.45155 4.55774 
3.66608 4.31071 4.45155 4.55774 
3.66608 4.31071 4.45155 4.55774 
3.66608 4.31071 4.45155 4.55774 
3.66608 4.31071 4.45155 4.55774 
3.66608 4.31071 4.45155 4.55774 
3.66608 4.31071 4.45155 4.55774 
3.66608 4.31071 4.45155 4.55774 
3.66608 4.31071 4.45155 4.55774 
3.66608 4.31071 4.45155 4.55774 
3.66608 4.31071 4.45155 4.55774 
3.66608 4.31071 4.45155 4.55774 
3.66608 4.31071 4.45155 4.55774 
3.66608 4.31071 4.45155 4.55774 
3.66608 4.31071 4.45155 4.55774 
3.66608 4.31071 4.45155 4.55774 
3.66608 4.31071 4.45155 4.55774 
3.66608 4.31071 4.45155 4.55774 
3.66608 4.31071 4.45155 4.55774 
3.66608 4.31071 4.45155 4.55774 
3.66608 4.31071 4.45155 4.55774 
3.66608 4.31071 4.45155 4.55774 
3.66608 4.31071 4.45155 4.55774 
3.66608 4.31071 4.45155 4.55774 
3.66608 4.31071 4.45155 4.55774 
3.66608 4.31071 4.45155 4.55774 
3.66608 4.31071 4.45155 4.55774 
3.66608 4.31071 4.45155 4.55774 
3.66608 4.31071 4.45155 4.55774 
3.66608 4.31071 4.45155 4.55774 
3.66608 4.31071 4.45155 4.55774 
3.66608 4.31071 4.45155 4.55774 
3.66608 4.31071 4.45155 4.55774 
3.66608 4.31071 4.45155 4.55774 
3.66608 4.31071 4.45155 4.55774 
3.66608 4.31071 4.45155 4.55774 
3.66608 4.31071 4.45155 4.55774 
3.66608 4.31071 4.45155 4.55774 
3.66608 4.31071 4.45155 4.55774 
3.66608 4.31071 4.45155 4.55774 
3.66608 4.31071 4.45155 4.55774 
3.66608 4.31071 4.45155 4.55774 
3.66608 4.31071 4.45155 4.55774 
3.66608 4.31071 4.45155 4.55774 
3.66608 4.31071 4.45155 4.55774 
3.66608 4.31071 4.45155 4.55774 
3.66608 4.31071 4.45155 4.55774 
3.66608 4.31071 4.45155 4.55774 
3.66608 4.31071 4.45155 4.55774 
3.66608 4.31071 4.45155 4.55774 
3.66608 4.31071 4.45155 4.55774 
3.66608 4.31071 4.45155 4.55774 
3.66608 4.31071 4.45155 4.55774 
3.66608 4.31071 4.45155 4.55774 
3.66608 4.31071 4.45155 4.55774 
3.66608 4.31071 4.45155 4.55774 
3.66608 4.31071 4.45155 4.55774 
3.66608 4.31071 4.45155 4.55774 
3.66608 4.31071 4.45155 4.55774 
3.66608 4.31071 4.45155 4.55774 
3.66608 4.31071 4.45155 4.55774 
3.66608 4.31071 4.45155 4.55774 
3.66608 4.31071 4.45155 4.55774 
3.66608 4.31071 4.45155 4.55774 
3.66608 4.31071 4.45155 4.55774 
3.66608 4.31071 4.45155 4.55774 
3.66608 4.31071 4.45155 4.55774 
3.66608 4.31071 4.45155 4.55774 
3.66608 4.31071 4.45155 4.55774 
3.66608 4.31071 4.45155 4.55774 
3.66608 4.31071 4.45155 4.55774 
3.66608 4.31071 4.45155 4.55774 
3.66608 4.31071 4.45155 4.55774 
3.66608 4.31071 4.45155 4.55774 
3.66608 4.31071 4.45155 4.55774 
3.66608 4.31071 4.45155 4.55774 
3.66608 4.31071 4.45155 4.55774 
3.66608 4.31071 4.45155 4.55774 
3.66608 4.31071 4.45155 4.55774 
3.66608 4.31071 4.45155 4.55774 
3.66608 4.31071 4.45155 4.55774 
3.66608 4.31071 4.45155 4.55774 
3.66608 4.31071 4.45155 4.55774 
3.66608 4.31071 4.45155 4.55774 
3.66608 4.31071 4.45155 4.55774 
3.66608 4.31071 4.45155 4.55774 
3.66608 4.31071 4.45155 4.55774 
3.66608 4.31071 4.45155 4.55774 
3.66608 4.31071 4.45155 4.55774 
3.66608 4.31071 4.45155 4.55774 
3.66608 4.31071 4.45155 4.55774 
3.66608 4.31071 4.45155 4.55774 
3.66608 4.31071 4.45155 4.55774 
3.66608 4.31071 4.45155 4.55774 
