5.9799 6.88403 8.45556 9.10549 
5.9799 6.88403 6.96274 8.00515 
5.9799 6.31755 6.88403 6.96274 
4.32283 5.9799 6.31755 6.88403 
3.22959 4.32283 4.57064 5.9799 
3.22959 4.32283 4.57064 5.9799 
2.92258 3.22959 4.32283 4.57064 
2.87543 2.92258 3.22959 4.32283 
2.87543 2.92258 3.22959 4.32283 
2.87543 2.92258 3.22959 4.32283 
2.87543 2.89057 2.92258 3.22959 
2.87543 2.89057 2.92258 3.22959 
0.294789 2.87543 2.89057 2.92258 
0.294789 2.87543 2.89057 2.92258 
0.294789 2.87543 2.89057 2.92258 
0.294789 2.87543 2.89057 2.92258 
0.294789 2.74984 2.87543 2.89057 
0.294789 2.74984 2.87543 2.89057 
0.294789 2.74984 2.87543 2.89057 
0.294789 2.74984 2.87543 2.89057 
0.294789 2.74984 2.87543 2.89057 
0.294789 2.74984 2.87543 2.89057 
0.294789 2.74984 2.87543 2.89057 
0.294789 2.01811 2.74984 2.87543 
0.294789 2.01811 2.74984 2.87543 
0.294789 2.01811 2.74984 2.87543 
0.294789 2.01811 2.74984 2.87543 
0.294789 1.154 2.01811 2.74984 
0.294789 1.154 2.01811 2.74984 
0.294789 1.154 2.01811 2.74984 
0.294789 1.154 2.01811 2.74984 
0.294789 1.154 2.01811 2.58809 
0.294789 0.863555 1.154 2.01811 
0.294789 0.863555 1.154 2.01811 
0.294789 0.863555 1.154 2.01811 
0.294789 0.863555 1.154 2.01811 
0.294789 0.863555 1.154 2.01811 
0.294789 0.863555 1.154 2.01811 
0.294789 0.863555 1.154 2.01811 
0.294789 0.863555 1.154 2.01811 
0.294789 0.863555 1.154 2.01811 
0.294789 0.863555 1.154 2.01811 
0.294789 0.863555 1.154 2.01811 
0.294789 0.863555 1.154 2.01811 
0.294789 0.863555 1.154 2.01811 
0.294789 0.863555 1.154 2.01811 
0.294789 0.863555 1.154 2.01811 
0.294789 0.863555 1.154 2.01811 
0.294789 0.863555 1.154 1.30981 
0.294789 0.863555 1.154 1.30981 
0.294789 0.863555 1.154 1.30981 
0.294789 0.863555 1.154 1.30981 
0.294789 0.863555 0.955365 1.154 
0.294789 0.863555 0.955365 1.154 
0.294789 0.863555 0.955365 1.154 
0.294789 0.863555 0.955365 1.154 
0.294789 0.863555 0.955365 1.154 
0.294789 0.396686 0.509148 0.863555 
0.294789 0.396686 0.509148 0.863555 
0.294789 0.396686 0.509148 0.863555 
0.294789 0.396686 0.509148 0.863555 
0.294789 0.396686 0.509148 0.863555 
0.294789 0.396686 0.509148 0.863555 
0.294789 0.396686 0.509148 0.863555 
0.294789 0.396686 0.509148 0.863555 
0.294789 0.396686 0.509148 0.863555 
0.294789 0.396686 0.509148 0.863555 
0.294789 0.396686 0.509148 0.863555 
0.294789 0.396686 0.509148 0.863555 
0.294789 0.396686 0.509148 0.863555 
0.294789 0.396686 0.509148 0.863555 
0.294789 0.396686 0.509148 0.863555 
0.294789 0.396686 0.509148 0.863555 
0.294789 0.396686 0.509148 0.863555 
0.294789 0.396686 0.509148 0.863555 
0.294789 0.396686 0.509148 0.863555 
0.294789 0.396686 0.509148 0.863555 
0.294789 0.396686 0.509148 0.863555 
0.183507 0.294789 0.396686 0.509148 
0.183507 0.294789 0.396686 0.509148 
0.183507 0.294789 0.396686 0.509148 
0.183507 0.193739 0.294789 0.396686 
0.183507 0.193739 0.294789 0.396686 
0.183507 0.193739 0.294789 0.396686 
0.183507 0.193739 0.294789 0.339644 
0.183507 0.193739 0.215818 0.294789 
0.183507 0.193739 0.215818 0.294789 
0.0117528 0.183507 0.193739 0.215818 
0.0117528 0.183507 0.193739 0.215818 
0.0117528 0.183507 0.193739 0.215818 
0.0117528 0.183507 0.193739 0.215818 
0.0117528 0.183507 0.193739 0.215818 
0.0117528 0.183507 0.193739 0.215818 
0.0117528 0.183507 0.193739 0.215818 
0.0117528 0.183507 0.193739 0.215818 
0.0117528 0.183507 0.193739 0.215818 
0.0117528 0.183507 0.193739 0.215818 
0.0117528 0.183507 0.193739 0.215818 
0.0117528 0.118586 0.183507 0.193739 
0.0117528 0.118586 0.164239 0.183507 
