4.15878 4.76192 6.61749 7.17107 
3.12925 3.18563 4.15878 4.60567 
3.12925 3.18563 4.15878 4.60567 
3.12925 3.18563 4.15878 4.53398 
3.12925 3.18563 3.33774 3.69015 
3.12925 3.18563 3.33774 3.69015 
3.12925 3.18563 3.33774 3.69015 
1.3079 3.12925 3.18563 3.33774 
1.3079 3.12925 3.18563 3.33774 
1.3079 2.72651 3.12925 3.18563 
1.3079 2.72651 3.12925 3.18563 
1.3079 2.72651 3.12925 3.18563 
1.3079 2.68764 2.72651 3.12925 
1.3079 2.68764 2.72651 3.12925 
1.3079 2.68764 2.72651 3.12925 
1.3079 2.68764 2.72651 3.12925 
1.3079 2.68764 2.72651 3.02698 
1.3079 2.68764 2.72651 3.02698 
1.3079 2.68764 2.72651 3.02698 
1.3079 2.68764 2.72651 3.02698 
1.3079 1.74606 2.68764 2.72651 
1.3079 1.74606 2.68764 2.72651 
1.3079 1.74606 2.63957 2.68764 
1.3079 1.74606 2.63957 2.68764 
1.3079 1.74606 2.63957 2.68764 
1.3079 1.74606 2.63957 2.68764 
1.3079 1.74606 2.63957 2.68764 
1.3079 1.74606 2.46884 2.63957 
1.10002 1.3079 1.74606 2.23046 
1.10002 1.3079 1.74606 2.23046 
1.10002 1.3079 1.74606 2.23046 
1.10002 1.3079 1.74606 2.23046 
1.10002 1.3079 1.74606 2.23046 
1.10002 1.3079 1.74606 2.23046 
1.10002 1.3079 1.74606 2.23046 
1.10002 1.3079 1.74606 2.23046 
1.10002 1.3079 1.74606 2.23046 
0.998927 1.10002 1.3079 1.74606 
0.998927 1.10002 1.3079 1.74606 
0.998927 1.10002 1.3079 1.74606 
0.599687 0.998927 1.10002 1.3079 
0.599687 0.998927 1.10002 1.3079 
0.599687 0.998927 1.10002 1.3079 
0.599687 0.998927 1.10002 1.3079 
0.558869 0.599687 0.998927 1.10002 
0.558869 0.599687 0.998927 1.10002 
0.558869 0.599687 0.998927 1.10002 
0.558869 0.599687 0.652976 0.998927 
0.558869 0.599687 0.652976 0.998927 
0.273136 0.558869 0.599687 0.652976 
0.273136 0.558869 0.599687 0.652976 
0.273136 0.558869 0.599687 0.652976 
0.273136 0.558869 0.599687 0.652976 
0.273136 0.558869 0.599687 0.652976 
0.273136 0.558869 0.599687 0.652976 
0.273136 0.558869 0.599687 0.652976 
0.0650778 0.273136 0.389781 0.558869 
0.0650778 0.273136 0.389781 0.558869 
0.0650778 0.143872 0.273136 0.389781 
0.0650778 0.143872 0.273136 0.389781 
0.0650778 0.143872 0.273136 0.389781 
0.0650778 0.143872 0.273136 0.389781 
0.0650778 0.143872 0.273136 0.389781 
0.0650778 0.143872 0.273136 0.389781 
0.0650778 0.143872 0.273136 0.389781 
0.0650778 0.143872 0.273136 0.389781 
0.0650778 0.143872 0.273136 0.389781 
0.0650778 0.143872 0.273136 0.389781 
0.0650778 0.143872 0.273136 0.389781 
0.0650778 0.143872 0.273136 0.389781 
0.0650778 0.143872 0.273136 0.389781 
0.0650778 0.143872 0.273136 0.389781 
0.0650778 0.143872 0.273136 0.389781 
0.0650778 0.143872 0.273136 0.389781 
0.0650778 0.143872 0.273136 0.389781 
0.0650778 0.143872 0.273136 0.389781 
0.0650778 0.143872 0.273136 0.389781 
0.0650778 0.143872 0.273136 0.389781 
0.0650778 0.143872 0.273136 0.389781 
0.0650778 0.143872 0.273136 0.389781 
0.0650778 0.143872 0.273136 0.389781 
0.0650778 0.143872 0.273136 0.389781 
0.0650778 0.143872 0.273136 0.389781 
0.0650778 0.143872 0.273136 0.389781 
0.0650778 0.143872 0.273136 0.389781 
0.0650778 0.143872 0.273136 0.389781 
0.0650778 0.143872 0.273136 0.389781 
0.0650778 0.143872 0.273136 0.389781 
0.0650778 0.143872 0.273136 0.389781 
0.0650778 0.143872 0.273136 0.389781 
0.0650778 0.143872 0.273136 0.389781 
0.0650778 0.143872 0.273136 0.389781 
0.0650778 0.143872 0.273136 0.389781 
0.0650778 0.143872 0.273136 0.389781 
0.0650778 0.143872 0.273136 0.389781 
0.0650778 0.143872 0.273136 0.389781 
0.0650778 0.143872 0.273136 0.389781 
0.0650778 0.143872 0.273136 0.389781 
0.0650778 0.143872 0.273136 0.389781 
0.0650778 0.143872 0.273136 0.389781 
