5.89112 6.2314 7.2268 7.57352 
5.89112 6.2314 6.25194 7.2268 
5.89112 6.2314 6.25194 7.2268 
5.89112 6.2314 6.25194 6.57526 
5.00923 5.89112 6.2314 6.25194 
5.00923 5.24017 5.89112 6.2314 
4.57211 5.00923 5.24017 5.89112 
4.57211 5.00923 5.24017 5.89112 
4.57211 4.97668 5.00923 5.24017 
4.57211 4.97668 5.00923 5.24017 
4.57211 4.97668 5.00923 5.24017 
4.57211 4.97668 5.00923 5.24017 
4.57211 4.97668 5.00923 5.24017 
4.57211 4.97668 5.00923 5.24017 
4.57211 4.97668 5.00923 5.24017 
4.57211 4.97668 5.00923 5.24017 
4.57211 4.97668 5.00923 5.24017 
4.57211 4.97668 5.00923 5.24017 
4.57211 4.97668 5.00923 5.24017 
4.57211 4.97668 5.00923 5.24017 
4.57211 4.97668 5.00923 5.24017 
4.57211 4.97668 5.00923 5.24017 
4.57211 4.97668 5.00923 5.24017 
4.57211 4.97668 5.00923 5.24017 
4.57211 4.97668 5.00923 5.24017 
4.57211 4.97668 5.00923 5.24017 
4.57211 4.97668 5.00923 5.24017 
4.57211 4.97668 5.00923 5.24017 
4.57211 4.97668 5.00923 5.24017 
4.57211 4.97668 5.00923 5.24017 
4.57211 4.97668 5.00923 5.24017 
4.57211 4.97668 5.00923 5.24017 
4.57211 4.97668 5.00923 5.24017 
4.57211 4.97668 5.00923 5.24017 
4.57211 4.97668 5.00923 5.24017 
4.57211 4.97668 5.00923 5.24017 
4.57211 4.97668 5.00923 5.24017 
4.57211 4.97668 5.00923 5.24017 
4.57211 4.97668 5.00923 5.24017 
4.57211 4.97668 5.00923 5.24017 
4.57211 4.97668 5.00923 5.24017 
4.57211 4.97668 5.00923 5.24017 
4.57211 4.97668 5.00923 5.24017 
4.57211 4.97668 5.00923 5.24017 
4.57211 4.97668 5.00923 5.24017 
4.57211 4.97668 5.00923 5.24017 
4.57211 4.97668 5.00923 5.24017 
4.57211 4.97668 5.00923 5.24017 
4.57211 4.97668 5.00923 5.24017 
4.57211 4.97668 5.00923 5.24017 
4.57211 4.97668 5.00923 5.24017 
4.57211 4.97668 5.00923 5.24017 
4.57211 4.97668 5.00923 5.24017 
4.57211 4.97668 5.00923 5.24017 
4.57211 4.97668 5.00923 5.24017 
4.57211 4.97668 5.00923 5.24017 
4.57211 4.97668 5.00923 5.24017 
4.57211 4.97668 5.00923 5.24017 
4.57211 4.97668 5.00923 5.24017 
4.57211 4.97668 5.00923 5.24017 
4.57211 4.97668 5.00923 5.24017 
4.57211 4.97668 5.00923 5.24017 
4.57211 4.97668 5.00923 5.24017 
4.57211 4.97668 5.00923 5.24017 
4.57211 4.97668 5.00923 5.24017 
4.57211 4.97668 5.00923 5.24017 
4.57211 4.97668 5.00923 5.24017 
4.57211 4.97668 5.00923 5.24017 
4.57211 4.97668 5.00923 5.24017 
4.57211 4.97668 5.00923 5.24017 
4.57211 4.97668 5.00923 5.24017 
4.57211 4.97668 5.00923 5.24017 
4.57211 4.97668 5.00923 5.24017 
4.57211 4.97668 5.00923 5.24017 
4.57211 4.97668 5.00923 5.24017 
4.57211 4.97668 5.00923 5.24017 
4.57211 4.97668 5.00923 5.24017 
4.57211 4.97668 5.00923 5.24017 
4.57211 4.97668 5.00923 5.24017 
4.57211 4.97668 5.00923 5.24017 
4.57211 4.97668 5.00923 5.24017 
4.57211 4.97668 5.00923 5.24017 
4.57211 4.97668 5.00923 5.24017 
4.57211 4.97668 5.00923 5.24017 
4.57211 4.97668 5.00923 5.24017 
4.57211 4.97668 5.00923 5.24017 
4.57211 4.97668 5.00923 5.24017 
4.57211 4.97668 5.00923 5.24017 
4.57211 4.97668 5.00923 5.24017 
4.57211 4.97668 5.00923 5.24017 
4.57211 4.97668 5.00923 5.24017 
4.57211 4.97668 5.00923 5.24017 
4.57211 4.97668 5.00923 5.24017 
4.57211 4.97668 5.00923 5.24017 
4.57211 4.97668 5.00923 5.24017 
4.57211 4.97668 5.00923 5.24017 
4.57211 4.97668 5.00923 5.24017 
4.57211 4.97668 5.00923 5.24017 
4.57211 4.97668 5.00923 5.24017 
4.57211 4.97668 5.00923 5.24017 
