3.76582 3.94158 4.87615 6.15526 
3.76582 3.94158 4.32055 4.87615 
3.76582 3.94158 4.32055 4.414 
3.71609 3.76582 3.94158 4.32055 
3.71609 3.76582 3.94158 4.32055 
3.71609 3.76582 3.94158 4.32055 
3.09488 3.71609 3.76582 3.94158 
3.09488 3.71609 3.76582 3.94158 
3.09488 3.71609 3.76582 3.94158 
3.09488 3.34047 3.59657 3.71609 
3.08442 3.09488 3.34047 3.44151 
3.08442 3.09488 3.34047 3.44151 
0.18192 3.08442 3.09488 3.34047 
0.18192 3.08442 3.09488 3.34047 
0.18192 3.08442 3.09488 3.13617 
0.18192 2.4503 2.67876 3.08442 
0.18192 2.4503 2.67876 3.08442 
0.18192 2.4503 2.67876 3.08442 
0.18192 2.4503 2.67876 3.08442 
0.18192 2.4503 2.67876 3.08442 
0.18192 2.4503 2.63227 2.67876 
0.18192 2.4503 2.63227 2.67876 
0.18192 2.4503 2.63227 2.67876 
0.161226 0.18192 2.4503 2.63227 
0.161226 0.18192 2.4503 2.63227 
0.161226 0.18192 2.4503 2.63227 
0.161226 0.18192 1.77005 2.4503 
0.161226 0.18192 1.77005 2.4503 
0.161226 0.18192 1.77005 2.4503 
0.161226 0.18192 0.363148 1.77005 
0.161226 0.18192 0.363148 1.77005 
0.161226 0.18192 0.363148 1.77005 
0.161226 0.18192 0.363148 1.77005 
0.161226 0.18192 0.363148 0.555655 
0.161226 0.18192 0.363148 0.555655 
0.161226 0.18192 0.363148 0.555655 
0.161226 0.18192 0.363148 0.555655 
0.161226 0.18192 0.363148 0.555655 
0.161226 0.18192 0.363148 0.555655 
0.161226 0.18192 0.363148 0.555655 
0.161226 0.18192 0.363148 0.555655 
0.161226 0.18192 0.363148 0.555655 
0.161226 0.18192 0.363148 0.555655 
0.161226 0.18192 0.363148 0.555655 
0.161226 0.18192 0.363148 0.555655 
0.161226 0.18192 0.363148 0.555655 
0.161226 0.18192 0.363148 0.555655 
0.161226 0.18192 0.363148 0.555655 
0.161226 0.18192 0.363148 0.555655 
0.161226 0.18192 0.363148 0.555655 
0.161226 0.18192 0.363148 0.555655 
0.161226 0.18192 0.363148 0.555655 
0.161226 0.18192 0.363148 0.555655 
0.161226 0.18192 0.363148 0.555655 
0.161226 0.18192 0.363148 0.555655 
0.161226 0.18192 0.363148 0.555655 
0.161226 0.18192 0.363148 0.555655 
0.161226 0.18192 0.363148 0.555655 
0.161226 0.18192 0.363148 0.555655 
0.161226 0.18192 0.363148 0.555655 
0.161226 0.18192 0.363148 0.555655 
0.161226 0.18192 0.363148 0.555655 
0.161226 0.18192 0.363148 0.555655 
0.161226 0.18192 0.363148 0.555655 
0.161226 0.18192 0.363148 0.555655 
0.161226 0.18192 0.363148 0.555655 
0.161226 0.18192 0.363148 0.555655 
0.161226 0.18192 0.363148 0.555655 
0.161226 0.18192 0.363148 0.555655 
0.161226 0.18192 0.363148 0.555655 
0.161226 0.18192 0.363148 0.555655 
0.161226 0.18192 0.363148 0.555655 
0.161226 0.18192 0.363148 0.555655 
0.161226 0.18192 0.363148 0.555655 
0.161226 0.18192 0.363148 0.555655 
0.161226 0.18192 0.363148 0.555655 
0.161226 0.18192 0.363148 0.555655 
0.161226 0.18192 0.363148 0.555655 
0.161226 0.18192 0.363148 0.555655 
0.161226 0.18192 0.363148 0.555655 
0.161226 0.18192 0.363148 0.555655 
0.161226 0.18192 0.363148 0.555655 
0.161226 0.18192 0.363148 0.555655 
0.161226 0.18192 0.363148 0.555655 
0.161226 0.18192 0.363148 0.555655 
0.161226 0.18192 0.363148 0.555655 
0.161226 0.18192 0.363148 0.555655 
0.161226 0.18192 0.363148 0.555655 
0.161226 0.18192 0.363148 0.555655 
0.161226 0.18192 0.363148 0.555655 
0.161226 0.18192 0.363148 0.555655 
0.161226 0.18192 0.363148 0.555655 
0.161226 0.18192 0.363148 0.555655 
0.161226 0.18192 0.363148 0.555655 
0.161226 0.18192 0.363148 0.555655 
0.161226 0.18192 0.363148 0.555655 
0.161226 0.18192 0.363148 0.555655 
0.161226 0.18192 0.363148 0.555655 
0.161226 0.18192 0.363148 0.555655 
0.161226 0.18192 0.363148 0.555655 
