5.42741 5.67184 5.75597 6.22672 
4.33685 5.42741 5.67184 5.75597 
3.95988 4.33685 5.42741 5.67184 
3.95988 4.33685 5.42741 5.67184 
3.95988 4.33685 5.42741 5.45809 
3.95988 4.33685 5.42741 5.45809 
3.95988 4.33685 5.42741 5.45809 
3.95988 4.33685 5.42741 5.45809 
3.95988 4.33685 5.42741 5.45809 
3.95988 4.33685 5.42741 5.45809 
2.4756 3.95988 4.33685 4.99672 
2.4756 3.95988 4.33685 4.99672 
2.4756 3.95988 4.33685 4.99672 
2.4756 3.95988 4.14967 4.33685 
2.4756 3.95988 4.14967 4.33685 
2.4756 3.77116 3.95988 4.14967 
2.4756 3.77116 3.95988 4.14967 
2.4756 3.4423 3.77116 3.95988 
2.4756 3.4423 3.77116 3.95988 
2.4756 3.4423 3.77116 3.95988 
2.4756 3.4423 3.77116 3.95988 
2.4756 3.4423 3.6891 3.77116 
2.4756 3.09415 3.4423 3.6891 
2.4756 3.09415 3.4423 3.6891 
2.4756 3.09415 3.4423 3.6891 
2.4756 3.09415 3.4423 3.6891 
2.31607 2.4756 2.73341 3.09415 
2.31607 2.4756 2.73341 3.09415 
2.31607 2.4756 2.73341 3.09415 
2.31607 2.4756 2.73341 3.09415 
0.194703 2.31607 2.4756 2.73341 
0.194703 2.31607 2.4756 2.73341 
0.194703 2.31607 2.4756 2.58098 
0.194703 2.31607 2.4756 2.58098 
0.194703 2.31607 2.4756 2.58098 
0.194703 2.31607 2.4756 2.58098 
0.194703 1.88414 2.31607 2.4756 
0.194703 1.88414 2.31607 2.4756 
0.194703 0.855752 1.88414 2.31607 
0.194703 0.855752 1.28997 1.88414 
0.194703 0.855752 1.28997 1.88414 
0.194703 0.855752 1.28997 1.88414 
0.194703 0.448026 0.855752 1.28997 
0.194703 0.448026 0.855752 1.28997 
0.194703 0.448026 0.855752 1.28997 
0.194703 0.448026 0.855752 1.28997 
0.194703 0.448026 0.855752 1.28997 
0.194703 0.448026 0.855752 1.28997 
0.194703 0.448026 0.855752 1.21918 
0.194703 0.448026 0.855752 1.21918 
0.194703 0.448026 0.855752 1.21918 
0.194703 0.448026 0.855752 1.21918 
0.194703 0.448026 0.855752 1.21918 
0.194703 0.448026 0.855752 1.21918 
0.194703 0.448026 0.855752 1.21918 
0.194703 0.448026 0.855752 1.21918 
0.194703 0.448026 0.855752 1.21918 
0.194703 0.448026 0.855752 1.21918 
0.194703 0.448026 0.855752 1.21918 
0.194703 0.448026 0.855752 1.21918 
0.194703 0.448026 0.855752 1.21918 
0.194703 0.448026 0.855752 1.21918 
0.194703 0.448026 0.855752 1.21918 
0.194703 0.448026 0.855752 1.21918 
0.194703 0.448026 0.855752 1.21918 
0.194703 0.448026 0.855752 1.21918 
0.194703 0.448026 0.855752 1.21918 
0.194703 0.448026 0.855752 1.21918 
0.194703 0.448026 0.855752 1.21918 
0.194703 0.448026 0.855752 1.21918 
0.194703 0.448026 0.855752 1.21918 
0.194703 0.448026 0.855752 1.21918 
0.194703 0.448026 0.855752 1.21918 
0.194703 0.448026 0.855752 1.21918 
0.194703 0.448026 0.855752 1.21918 
0.194703 0.448026 0.855752 1.21918 
0.194703 0.448026 0.855752 1.21918 
0.194703 0.448026 0.855752 1.21918 
0.194703 0.448026 0.855752 1.21918 
0.194703 0.448026 0.855752 1.21918 
0.194703 0.448026 0.855752 1.21918 
0.194703 0.448026 0.855752 1.21918 
0.194703 0.448026 0.855752 1.21918 
0.194703 0.448026 0.855752 1.21918 
0.194703 0.448026 0.855752 1.21918 
0.194703 0.448026 0.855752 1.21918 
0.194703 0.448026 0.855752 1.21918 
0.194703 0.448026 0.855752 1.21918 
0.194703 0.448026 0.855752 1.21918 
0.194703 0.448026 0.855752 1.21918 
0.194703 0.448026 0.855752 1.21918 
0.194703 0.448026 0.855752 1.21918 
0.194703 0.448026 0.855752 1.21918 
0.194703 0.448026 0.855752 1.21918 
0.194703 0.448026 0.855752 1.21918 
0.194703 0.448026 0.855752 1.21918 
0.194703 0.448026 0.855752 1.21918 
0.194703 0.448026 0.855752 1.21918 
0.194703 0.448026 0.855752 1.21918 
0.194703 0.448026 0.855752 0.957071 
