8.26805 8.32957 8.89963 9.14745 
3.06332 5.66394 5.8822 6.21061 
3.06332 3.7531 5.66394 5.8822 
3.06332 3.7531 5.66394 5.8822 
3.06332 3.14663 3.7531 5.66394 
3.06332 3.14663 3.32985 3.7531 
3.06332 3.14663 3.32985 3.7531 
3.06332 3.14663 3.24264 3.32985 
3.06332 3.14663 3.24264 3.32985 
3.06332 3.14663 3.24264 3.32985 
3.06332 3.14663 3.24264 3.32985 
3.06332 3.14663 3.24264 3.32985 
3.06332 3.14663 3.24264 3.32985 
3.06332 3.14663 3.24264 3.32985 
3.06332 3.14663 3.24264 3.32985 
3.06332 3.14663 3.24264 3.32985 
3.06332 3.14663 3.23884 3.24264 
3.06332 3.13477 3.14663 3.23884 
3.06332 3.13477 3.14663 3.23884 
2.34806 2.37704 3.06332 3.13477 
2.34806 2.37704 2.7229 3.06332 
0.958829 2.34806 2.37704 2.7229 
0.958829 2.34806 2.37704 2.7229 
0.958829 2.34806 2.37704 2.7229 
0.958829 2.34806 2.37704 2.7229 
0.958829 2.34806 2.37704 2.7229 
0.958829 2.34806 2.37704 2.7229 
0.958829 2.34806 2.37704 2.7229 
0.958829 2.34806 2.37704 2.67012 
0.958829 2.34806 2.37704 2.67012 
0.620811 0.958829 1.93261 2.34806 
0.620811 0.770906 0.958829 1.93261 
0.620811 0.770906 0.958829 1.93261 
0.620811 0.770906 0.958829 1.93261 
0.620811 0.770906 0.958829 1.93261 
0.620811 0.770906 0.958829 1.93261 
0.620811 0.770906 0.958829 1.93261 
0.620811 0.770906 0.958829 1.93261 
0.620811 0.770906 0.958829 1.93261 
0.409512 0.620811 0.770906 0.958829 
0.409512 0.620811 0.770906 0.958829 
0.409512 0.620811 0.770906 0.958829 
0.409512 0.620811 0.770906 0.958829 
0.409512 0.620811 0.770906 0.958829 
0.409512 0.620811 0.770906 0.958829 
0.409512 0.620811 0.770906 0.958829 
0.409512 0.620811 0.770906 0.958829 
0.409512 0.620811 0.770906 0.958829 
0.409512 0.620811 0.770906 0.958829 
0.409512 0.620811 0.770906 0.958829 
0.409512 0.620811 0.770906 0.958829 
0.409512 0.620811 0.770906 0.958829 
0.409512 0.620811 0.770906 0.958829 
0.409512 0.620811 0.770906 0.958829 
0.409512 0.620811 0.770906 0.958829 
0.409512 0.620811 0.770906 0.958829 
0.409512 0.620811 0.770906 0.958829 
0.409512 0.620811 0.770906 0.958829 
0.409512 0.620811 0.770906 0.958829 
0.409512 0.620811 0.770906 0.958829 
0.409512 0.620811 0.770906 0.958829 
0.409512 0.620811 0.770906 0.958829 
0.409512 0.620811 0.770906 0.958829 
0.409512 0.620811 0.770906 0.958829 
0.409512 0.620811 0.770906 0.958829 
0.409512 0.620811 0.770906 0.958829 
0.409512 0.620811 0.770906 0.958829 
0.409512 0.620811 0.770906 0.958829 
0.409512 0.620811 0.770906 0.958829 
0.409512 0.620811 0.770906 0.958829 
0.409512 0.620811 0.770906 0.958829 
0.409512 0.620811 0.770906 0.958829 
0.409512 0.620811 0.770906 0.958829 
0.409512 0.620811 0.770906 0.958829 
0.409512 0.620811 0.770906 0.958829 
0.409512 0.620811 0.770906 0.958829 
0.409512 0.620811 0.770906 0.958829 
0.409512 0.620811 0.770906 0.958829 
0.409512 0.620811 0.770906 0.958829 
0.409512 0.620811 0.770906 0.958829 
0.409512 0.620811 0.770906 0.958829 
0.409512 0.620811 0.770906 0.958829 
0.409512 0.620811 0.770906 0.958829 
0.409512 0.620811 0.770906 0.958829 
0.409512 0.620811 0.770906 0.958829 
0.409512 0.620811 0.770906 0.958829 
0.409512 0.620811 0.770906 0.958829 
0.409512 0.620811 0.770906 0.958829 
0.409512 0.620811 0.770906 0.958829 
0.409512 0.620811 0.770906 0.958829 
0.409512 0.620811 0.770906 0.958829 
0.409512 0.620811 0.770906 0.958829 
0.409512 0.620811 0.770906 0.958829 
0.409512 0.620811 0.770906 0.958829 
0.409512 0.620811 0.770906 0.958829 
0.409512 0.620811 0.770906 0.958829 
0.409512 0.620811 0.770906 0.958829 
0.409512 0.620811 0.770906 0.958829 
0.409512 0.620811 0.770906 0.958829 
0.409512 0.620811 0.770906 0.958829 
