6.04828 6.8696 6.87642 8.22294 
6.04828 6.8696 6.87642 7.04937 
6.04828 6.3628 6.8696 6.87642 
5.77813 6.04828 6.3628 6.8696 
5.5034 5.77813 6.04828 6.3628 
5.5034 5.77813 6.04828 6.3628 
5.5034 5.77813 6.04828 6.3628 
5.5034 5.77813 6.04828 6.3628 
5.5034 5.77813 6.04828 6.3628 
5.5034 5.77813 6.04828 6.3628 
5.5034 5.77813 6.04828 6.3628 
5.5034 5.77813 6.04828 6.3628 
4.46767 5.5034 5.77813 6.04828 
4.46767 5.5034 5.77813 6.04828 
4.46767 5.5034 5.77813 6.04828 
4.46767 5.5034 5.77813 6.04828 
4.46767 5.5034 5.77813 6.04828 
4.46767 5.5034 5.77813 6.04828 
4.46767 5.5034 5.77813 6.04828 
4.46767 5.5034 5.77813 6.04828 
4.46767 5.5034 5.77813 6.04828 
4.46767 5.5034 5.77813 6.04828 
4.46767 5.5034 5.77813 6.04828 
4.46767 5.5034 5.77813 6.04828 
4.46767 5.5034 5.77813 6.04828 
4.46767 5.5034 5.77813 6.04828 
4.46767 5.5034 5.77813 6.04828 
4.46767 5.5034 5.77813 6.04828 
4.46767 5.5034 5.77813 6.04828 
4.46767 5.5034 5.77813 6.04828 
4.46767 5.5034 5.77813 6.04828 
4.46767 5.5034 5.77813 6.04828 
4.46767 5.5034 5.77813 6.04828 
4.46767 5.5034 5.77813 6.04828 
4.46767 5.5034 5.77813 6.04828 
4.46767 5.5034 5.77813 6.04828 
4.46767 5.5034 5.77813 6.04828 
4.46767 5.5034 5.77813 6.04828 
4.46767 5.5034 5.77813 6.04828 
4.46767 5.5034 5.77813 6.04828 
4.46767 5.5034 5.77813 6.04828 
4.46767 5.5034 5.77813 6.04828 
4.46767 5.5034 5.77813 6.04828 
4.46767 5.5034 5.77813 6.04828 
4.46767 5.5034 5.77813 6.04828 
4.46767 5.5034 5.77813 6.04828 
4.46767 5.5034 5.77813 6.04828 
4.46767 5.5034 5.77813 6.04828 
4.46767 5.5034 5.77813 6.04828 
4.46767 5.5034 5.77813 6.04828 
4.46767 5.5034 5.77813 6.04828 
4.46767 5.5034 5.77813 6.04828 
4.46767 5.5034 5.77813 6.04828 
4.46767 5.5034 5.77813 6.04828 
4.46767 5.5034 5.77813 6.04828 
4.46767 5.5034 5.77813 6.04828 
4.46767 5.5034 5.77813 6.04828 
4.46767 5.5034 5.77813 6.04828 
4.46767 5.5034 5.77813 6.04828 
4.46767 5.5034 5.77813 6.04828 
4.46767 5.5034 5.77813 6.04828 
4.46767 5.5034 5.77813 6.04828 
4.46767 5.5034 5.77813 6.04828 
4.46767 5.5034 5.77813 6.04828 
4.46767 5.5034 5.77813 6.04828 
4.46767 5.5034 5.77813 6.04828 
4.46767 5.5034 5.77813 6.04828 
4.46767 5.5034 5.77813 6.04828 
4.46767 5.5034 5.77813 6.04828 
4.46767 5.5034 5.77813 6.04828 
4.46767 5.5034 5.77813 6.04828 
4.46767 5.5034 5.77813 6.04828 
4.46767 5.5034 5.77813 6.04828 
4.46767 5.5034 5.77813 6.04828 
4.46767 5.5034 5.77813 6.04828 
4.46767 5.5034 5.77813 6.04828 
4.46767 5.5034 5.77813 6.04828 
4.46767 5.5034 5.77813 6.04828 
4.46767 5.5034 5.77813 6.04828 
4.46767 5.5034 5.77813 6.04828 
4.46767 5.5034 5.77813 6.04828 
4.46767 5.5034 5.77813 6.04828 
4.46767 5.5034 5.77813 6.04828 
4.46767 5.5034 5.77813 6.04828 
4.46767 5.5034 5.77813 6.04828 
4.46767 5.5034 5.77813 6.04828 
4.46767 5.5034 5.77813 6.04828 
4.46767 5.5034 5.77813 6.04828 
4.46767 5.5034 5.77813 6.04828 
4.46767 5.5034 5.77813 6.04828 
4.46767 5.5034 5.77813 6.04828 
4.46767 5.5034 5.77813 6.04828 
4.46767 5.5034 5.77813 6.04828 
4.46767 5.5034 5.77813 6.04828 
4.46767 5.5034 5.77813 6.04828 
4.46767 5.5034 5.77813 6.04828 
4.46767 5.5034 5.77813 6.04828 
4.46767 5.5034 5.77813 6.04828 
4.46767 5.5034 5.77813 6.04828 
4.46767 5.5034 5.77813 6.04828 
