4.02639 4.40056 5.70741 5.8822 
4.02639 4.40056 5.56539 5.70741 
3.25171 4.02639 4.40056 5.01517 
3.25171 3.75651 4.02639 4.40056 
1.62494 2.62844 3.25171 3.75651 
1.62494 2.62844 2.99279 3.25171 
1.62494 2.62844 2.99279 3.25171 
1.62494 2.62844 2.99279 3.25171 
1.62494 2.62844 2.96168 2.99279 
1.62494 2.62844 2.96168 2.99279 
1.62494 2.62844 2.96168 2.99279 
1.62494 2.62844 2.96168 2.99279 
1.62494 2.62844 2.96168 2.99279 
1.62494 2.62844 2.96168 2.99279 
1.62494 2.62844 2.96168 2.99279 
1.62494 2.62844 2.84291 2.9235 
1.62494 2.44788 2.62844 2.84291 
1.62494 2.44788 2.62844 2.75511 
1.62494 2.40217 2.44788 2.62844 
1.62494 2.40217 2.44788 2.62844 
1.62494 2.40217 2.44788 2.62844 
1.62494 2.40217 2.44788 2.62844 
1.62494 2.40217 2.44788 2.62844 
1.62494 2.08964 2.40217 2.44788 
1.59938 1.62494 2.08964 2.40217 
1.59938 1.62494 2.08964 2.40217 
1.59938 1.62494 2.08964 2.40217 
1.59938 1.62494 2.08964 2.40217 
1.59938 1.62494 1.84228 1.98268 
0.236954 1.59938 1.62494 1.84228 
0.236954 1.59938 1.62494 1.84228 
0.236954 1.58708 1.59938 1.62494 
0.236954 1.58708 1.59938 1.62494 
0.236954 1.58708 1.59938 1.62494 
0.236954 1.19775 1.58708 1.59938 
0.236954 1.19775 1.58708 1.59938 
0.236954 1.19775 1.58708 1.59938 
0.236954 1.19775 1.58708 1.59938 
0.236954 1.19775 1.58708 1.59938 
0.236954 1.00256 1.19775 1.58708 
0.236954 1.00256 1.19775 1.58708 
0.236954 1.00256 1.19775 1.58708 
0.236954 1.00256 1.19775 1.58708 
0.236954 1.00256 1.19775 1.35238 
0.236954 0.842151 1.00256 1.19775 
0.236954 0.842151 1.00256 1.19775 
0.236954 0.842151 1.00256 1.19775 
0.236954 0.842151 1.00256 1.19775 
0.236954 0.842151 0.902774 1.00256 
0.236954 0.38357 0.438011 0.842151 
0.236954 0.38357 0.395386 0.438011 
0.236954 0.38357 0.395386 0.438011 
0.236954 0.38357 0.395386 0.438011 
0.236954 0.38357 0.395386 0.438011 
0.139499 0.236954 0.38357 0.395386 
0.139499 0.236954 0.38357 0.395386 
0.139499 0.236954 0.38357 0.395386 
0.139499 0.236954 0.38357 0.395386 
0.139499 0.236954 0.38357 0.395386 
0.139499 0.236954 0.38357 0.395386 
0.139499 0.236954 0.38357 0.395386 
0.139499 0.236954 0.38357 0.395386 
0.139499 0.236954 0.38357 0.395386 
0.139499 0.236954 0.38357 0.395386 
0.139499 0.236954 0.38357 0.395386 
0.139499 0.236954 0.38357 0.395386 
0.139499 0.236954 0.38357 0.395386 
0.139499 0.236954 0.38357 0.395386 
0.139499 0.236954 0.38357 0.395386 
0.139499 0.236954 0.38357 0.395386 
0.139499 0.236954 0.38357 0.395386 
0.139499 0.236954 0.38357 0.395386 
0.139499 0.236954 0.38357 0.395386 
0.139499 0.236954 0.38357 0.395386 
0.139499 0.236954 0.38357 0.395386 
0.139499 0.236954 0.38357 0.395386 
0.139499 0.236954 0.38357 0.395386 
0.139499 0.236954 0.38357 0.395386 
0.139499 0.236954 0.38357 0.395386 
0.139499 0.236954 0.38357 0.395386 
0.139499 0.236954 0.38357 0.395386 
0.139499 0.236954 0.38357 0.395386 
0.139499 0.236954 0.38357 0.395386 
0.139499 0.236954 0.38357 0.395386 
0.139499 0.236954 0.38357 0.395386 
0.139499 0.236954 0.38357 0.395386 
0.139499 0.236954 0.38357 0.395386 
0.139499 0.236954 0.38357 0.395386 
0.139499 0.236954 0.38357 0.395386 
0.139499 0.236954 0.38357 0.395386 
0.139499 0.236954 0.38357 0.395386 
0.139499 0.236954 0.38357 0.395386 
0.139499 0.236954 0.38357 0.395386 
0.139499 0.236954 0.38357 0.395386 
0.139499 0.236954 0.38357 0.395386 
0.139499 0.236954 0.38357 0.395386 
0.139499 0.236954 0.38357 0.395386 
0.139499 0.236954 0.38357 0.395386 
0.139499 0.236954 0.38357 0.395386 
0.139499 0.236954 0.38357 0.395386 
